A,iterationnumber,da_distance,objective_energy,objective_energy_unperturbed,column_constraint_energy,row_constraint_energy
51.61395160225576,100000000.0,672.9559190664013,672.9559190664013,239.71434163224222,0.0,0.0
51.61395160225576,100000000.0,673.6612538592044,673.6612538592044,240.4196764250454,0.0,0.0
51.61395160225576,100000000.0,675.5092284305141,675.5092284305141,242.26765099635492,0.0,0.0
51.61395160225576,100000000.0,675.5597898884902,675.5597898884903,242.3182124543314,0.0,0.0
51.61395160225576,100000000.0,675.9272836991167,675.9272836991167,242.68570626495745,0.0,0.0
51.61395160225576,100000000.0,676.0358109128148,676.0358109128149,242.79423347865574,0.0,0.0
51.61395160225576,100000000.0,677.2042266346562,677.2042266346562,243.9626492004972,0.0,0.0
51.61395160225576,100000000.0,677.2213213589314,677.2213213589314,243.97974392477238,0.0,0.0
51.61395160225576,100000000.0,677.2765529891878,677.2765529891877,244.03497555502872,0.0,0.0
51.61395160225576,100000000.0,680.1481075464512,680.1481075464511,246.90653011229213,0.0,0.0
51.61395160225576,100000000.0,681.0280141539738,681.0280141539739,247.78643671981487,0.0,0.0
51.61395160225576,100000000.0,682.6938780549036,682.6938780549034,249.4523006207444,0.0,0.0
51.61395160225576,100000000.0,684.0865806959259,684.0865806959259,250.84500326176695,0.0,0.0
51.61395160225576,100000000.0,684.3627061510955,684.3627061510956,251.12112871693643,0.0,0.0
51.61395160225576,100000000.0,685.2140897857034,685.2140897857032,251.97251235154425,0.0,0.0
51.61395160225576,100000000.0,685.6723740655186,685.6723740655187,252.43079663135953,0.0,0.0
51.61395160225576,100000000.0,686.2260772236712,686.2260772236712,252.98449978951206,0.0,0.0
51.61395160225576,100000000.0,686.2942484819024,686.2942484819024,253.05267104774333,0.0,0.0
51.61395160225576,100000000.0,686.4216509456005,686.4216509456005,253.18007351144155,0.0,0.0
51.61395160225576,100000000.0,686.5736861001739,686.5736861001739,253.332108666015,0.0,0.0
51.61395160225576,100000000.0,687.0102849108868,687.0102849108866,253.76870747672763,0.0,0.0
51.61395160225576,100000000.0,687.1994034374554,687.1994034374553,253.9578260032964,0.0,0.0
51.61395160225576,100000000.0,687.5804341816992,687.580434181699,254.33885674754006,0.0,0.0
51.61395160225576,100000000.0,688.3908871253064,688.3908871253064,255.14930969114755,0.0,0.0
51.61395160225576,100000000.0,688.4534829975952,688.453482997595,255.211905563436,0.0,0.0
51.61395160225576,100000000.0,688.5653139533401,688.5653139533403,255.32373651918115,0.0,0.0
51.61395160225576,100000000.0,689.3168170881565,689.3168170881565,256.0752396539975,0.0,0.0
51.61395160225576,100000000.0,689.3169657249608,689.3169657249609,256.07538829080164,0.0,0.0
51.61395160225576,100000000.0,689.3205992890905,689.3205992890906,256.0790218549315,0.0,0.0
51.61395160225576,100000000.0,689.42721812441,689.42721812441,256.18564069025103,0.0,0.0
51.61395160225576,100000000.0,689.826976113972,689.826976113972,256.58539867981295,0.0,0.0
51.61395160225576,100000000.0,690.1677694875203,690.1677694875203,256.92619205336126,0.0,0.0
51.61395160225576,100000000.0,690.4814978328442,690.4814978328442,257.23992039868506,0.0,0.0
51.61395160225576,100000000.0,690.7392311659545,690.7392311659546,257.4976537317955,0.0,0.0
51.61395160225576,100000000.0,691.413494241347,691.4134942413469,258.17191680718804,0.0,0.0
51.61395160225576,100000000.0,691.8087630223425,691.8087630223424,258.56718558818335,0.0,0.0
51.61395160225576,100000000.0,691.9087197350782,691.9087197350783,258.6671423009191,0.0,0.0
51.61395160225576,100000000.0,691.9826584033792,691.9826584033792,258.74108096922004,0.0,0.0
51.61395160225576,100000000.0,691.9865329347547,691.9865329347548,258.7449555005956,0.0,0.0
51.61395160225576,100000000.0,692.0534634216107,692.0534634216106,258.8118859874515,0.0,0.0
51.61395160225576,100000000.0,692.3986929344127,692.3986929344127,259.15711550025367,0.0,0.0
51.61395160225576,100000000.0,692.458401019808,692.458401019808,259.21682358564897,0.0,0.0
51.61395160225576,100000000.0,692.7254637061918,692.7254637061918,259.4838862720327,0.0,0.0
51.61395160225576,100000000.0,692.7331960973646,692.7331960973647,259.49161866320566,0.0,0.0
51.61395160225576,100000000.0,692.8842966550963,692.8842966550963,259.64271922093735,0.0,0.0
51.61395160225576,100000000.0,693.0034938456531,693.0034938456531,259.76191641149404,0.0,0.0
51.61395160225576,100000000.0,693.0225005410844,693.0225005410842,259.78092310692534,0.0,0.0
51.61395160225576,100000000.0,693.1041469815666,693.1041469815666,259.86256954740753,0.0,0.0
51.61395160225576,100000000.0,693.5907089526497,693.5907089526496,260.3491315184905,0.0,0.0
51.61395160225576,100000000.0,693.7801170839924,693.7801170839924,260.5385396498333,0.0,0.0
51.61395160225576,100000000.0,693.9049282847631,693.9049282847632,260.66335085060416,0.0,0.0
51.61395160225576,100000000.0,694.0529143393173,694.0529143393175,260.8113369051584,0.0,0.0
51.61395160225576,100000000.0,694.1914688549277,694.1914688549276,260.94989142076867,0.0,0.0
51.61395160225576,100000000.0,694.2642930755562,694.2642930755563,261.02271564139716,0.0,0.0
51.61395160225576,100000000.0,694.4952447887329,694.4952447887329,261.25366735457385,0.0,0.0
51.61395160225576,100000000.0,694.555403149895,694.5554031498949,261.3138257157361,0.0,0.0
51.61395160225576,100000000.0,694.6343705463197,694.6343705463196,261.39279311216075,0.0,0.0
51.61395160225576,100000000.0,695.0436025617776,695.0436025617776,261.8020251276185,0.0,0.0
51.61395160225576,100000000.0,695.0773701649875,695.0773701649877,261.8357927308286,0.0,0.0
51.61395160225576,100000000.0,695.3404147312833,695.3404147312834,262.0988372971245,0.0,0.0
51.61395160225576,100000000.0,695.3586197001059,695.3586197001058,262.11704226594685,0.0,0.0
51.61395160225576,100000000.0,695.387117871532,695.3871178715322,262.14554043737314,0.0,0.0
51.61395160225576,100000000.0,695.4158116440657,695.4158116440656,262.1742342099066,0.0,0.0
51.61395160225576,100000000.0,695.8280467532693,695.8280467532691,262.58646931911005,0.0,0.0
51.61395160225576,100000000.0,696.1821266540878,696.1821266540877,262.94054921992864,0.0,0.0
51.61395160225576,100000000.0,696.4044680710894,696.4044680710896,263.16289063693057,0.0,0.0
51.61395160225576,100000000.0,696.5163775397588,696.5163775397591,263.2748001055999,0.0,0.0
51.61395160225576,100000000.0,696.6019662805633,696.6019662805631,263.36038884640425,0.0,0.0
51.61395160225576,100000000.0,696.6857431938164,696.6857431938165,263.44416575965744,0.0,0.0
51.61395160225576,100000000.0,696.7142520061302,696.7142520061301,263.4726745719712,0.0,0.0
51.61395160225576,100000000.0,696.9450147467102,696.9450147467103,263.70343731255116,0.0,0.0
51.61395160225576,100000000.0,696.9483878068932,696.9483878068933,263.70681037273425,0.0,0.0
51.61395160225576,100000000.0,696.9873035450358,696.9873035450357,263.74572611087666,0.0,0.0
51.61395160225576,100000000.0,697.5626660858683,697.5626660858683,264.32108865170915,0.0,0.0
51.61395160225576,100000000.0,697.6455888639432,697.6455888639433,264.4040114297843,0.0,0.0
51.61395160225576,100000000.0,697.6973127775494,697.6973127775497,264.4557353433905,0.0,0.0
51.61395160225576,100000000.0,697.8395254820015,697.8395254820015,264.59794804784246,0.0,0.0
51.61395160225576,100000000.0,697.8876923503674,697.8876923503672,264.64611491620826,0.0,0.0
51.61395160225576,100000000.0,697.9392687750515,697.9392687750516,264.69769134089256,0.0,0.0
51.61395160225576,100000000.0,697.9910380134231,697.991038013423,264.7494605792641,0.0,0.0
51.61395160225576,100000000.0,698.0374034640263,698.0374034640263,264.79582602986727,0.0,0.0
51.61395160225576,100000000.0,698.2318365648791,698.2318365648794,264.9902591307201,0.0,0.0
51.61395160225576,100000000.0,698.2930724761316,698.2930724761317,265.05149504197254,0.0,0.0
51.61395160225576,100000000.0,698.3205328002707,698.320532800271,265.0789553661119,0.0,0.0
51.61395160225576,100000000.0,698.6241463494479,698.6241463494476,265.38256891528874,0.0,0.0
51.61395160225576,100000000.0,699.3426688228161,699.3426688228161,266.1010913886572,0.0,0.0
51.61395160225576,100000000.0,699.54451928278,699.5445192827799,266.30294184862083,0.0,0.0
51.61395160225576,100000000.0,699.6044380331316,699.6044380331315,266.3628605989726,0.0,0.0
51.61395160225576,100000000.0,699.7499245647585,699.7499245647587,266.50834713059965,0.0,0.0
51.61395160225576,100000000.0,699.8608609002895,699.8608609002896,266.61928346613047,0.0,0.0
51.61395160225576,100000000.0,699.8719486605088,699.871948660509,266.6303712263499,0.0,0.0
51.61395160225576,100000000.0,699.9758031927051,699.9758031927051,266.7342257585461,0.0,0.0
51.61395160225576,100000000.0,700.1628631496977,700.1628631496977,266.9212857155386,0.0,0.0
51.61395160225576,100000000.0,700.2229273866385,700.2229273866386,266.98134995247943,0.0,0.0
51.61395160225576,100000000.0,700.3356556004204,700.3356556004205,267.09407816626134,0.0,0.0
51.61395160225576,100000000.0,700.4198859899027,700.4198859899029,267.1783085557437,0.0,0.0
51.61395160225576,100000000.0,700.4929442913332,700.4929442913332,267.2513668571741,0.0,0.0
51.61395160225576,100000000.0,700.8301765161177,700.8301765161177,267.5885990819586,0.0,0.0
51.61395160225576,100000000.0,701.063288258374,701.0632882583742,267.8217108242151,0.0,0.0
51.61395160225576,100000000.0,701.4599564393742,701.4599564393743,268.21837900521524,0.0,0.0
51.61395160225576,100000000.0,701.7010209846528,701.7010209846528,268.4594435504938,0.0,0.0
51.61395160225576,100000000.0,701.779584352535,701.7795843525347,268.5380069183757,0.0,0.0
51.61395160225576,100000000.0,701.9871557293934,701.9871557293935,268.7455782952343,0.0,0.0
51.61395160225576,100000000.0,702.0524284714179,702.0524284714179,268.81085103725883,0.0,0.0
51.61395160225576,100000000.0,702.0750199805128,702.0750199805128,268.8334425463538,0.0,0.0
51.61395160225576,100000000.0,702.3580546915007,702.3580546915006,269.11647725734167,0.0,0.0
51.61395160225576,100000000.0,702.5024953347756,702.5024953347757,269.26091790061656,0.0,0.0
51.61395160225576,100000000.0,702.5903954910723,702.5903954910723,269.3488180569133,0.0,0.0
51.61395160225576,100000000.0,702.6707229787273,702.6707229787274,269.4291455445684,0.0,0.0
51.61395160225576,100000000.0,702.7050774442029,702.705077444203,269.4635000100439,0.0,0.0
51.61395160225576,100000000.0,702.7358463859453,702.7358463859454,269.49426895178624,0.0,0.0
51.61395160225576,100000000.0,703.1799046661569,703.1799046661567,269.93832723199785,0.0,0.0
51.61395160225576,100000000.0,703.3413029835668,703.341302983567,270.0997255494078,0.0,0.0
51.61395160225576,100000000.0,703.6736395679937,703.6736395679939,270.43206213383485,0.0,0.0
51.61395160225576,100000000.0,703.7604894887302,703.7604894887302,270.5189120545711,0.0,0.0
51.61395160225576,100000000.0,703.7836784268646,703.7836784268646,270.5421009927055,0.0,0.0
51.61395160225576,100000000.0,703.8818968281905,703.8818968281905,270.64031939403156,0.0,0.0
51.61395160225576,100000000.0,703.8918742581975,703.8918742581975,270.65029682403843,0.0,0.0
51.61395160225576,100000000.0,703.9507436539201,703.9507436539202,270.7091662197611,0.0,0.0
51.61395160225576,100000000.0,704.0598930648113,704.0598930648113,270.8183156306521,0.0,0.0
51.61395160225576,100000000.0,704.1161533220538,704.1161533220537,270.8745758878947,0.0,0.0
51.61395160225576,100000000.0,704.2375940874804,704.2375940874805,270.99601665332153,0.0,0.0
51.61395160225576,100000000.0,704.6482052480815,704.6482052480818,271.4066278139225,0.0,0.0
51.61395160225576,100000000.0,704.9256469958082,704.9256469958083,271.68406956164927,0.0,0.0
51.61395160225576,100000000.0,705.1397327541099,705.13973275411,271.89815531995083,0.0,0.0
51.61395160225576,100000000.0,705.279965691933,705.279965691933,272.0383882577738,0.0,0.0
51.61395160225576,100000000.0,705.4060208483692,705.4060208483692,272.16444341421004,0.0,0.0
51.61395160225576,100000000.0,705.5791488978816,705.5791488978815,272.33757146372255,0.0,0.0
25.80697580112788,100000000.0,-1.0,368.11411754911074,141.57091646680533,6.0,2.0
25.80697580112788,100000000.0,-1.0,320.5518384157247,134.23416926757739,6.0,4.0
25.80697580112788,100000000.0,-1.0,321.03603197811225,132.83435756138638,6.0,4.0
25.80697580112788,100000000.0,-1.0,270.8080364931265,117.96375063080339,7.0,5.0
25.80697580112788,100000000.0,-1.0,272.04522759176797,118.92539644436197,8.0,4.0
25.80697580112788,100000000.0,-1.0,272.0828967962622,107.28065733372841,6.0,6.0
25.80697580112788,100000000.0,-1.0,324.56762974927085,137.60565570755276,8.0,2.0
25.80697580112788,100000000.0,-1.0,324.88736504821355,139.0519869891512,5.0,5.0
25.80697580112788,100000000.0,-1.0,325.06912827696624,125.69200855922186,5.0,5.0
25.80697580112788,100000000.0,-1.0,274.221069766289,106.73218353947428,8.0,4.0
25.80697580112788,100000000.0,-1.0,222.73188726581762,102.56231012749349,7.0,7.0
25.80697580112788,100000000.0,-1.0,325.9663380215305,127.62356325001188,5.0,5.0
25.80697580112788,100000000.0,-1.0,274.4360254823986,119.69848204883209,7.0,5.0
25.80697580112788,100000000.0,-1.0,326.3250989890441,137.8470124815039,6.0,4.0
25.80697580112788,100000000.0,-1.0,274.7475903925802,113.01584436165926,7.0,5.0
25.80697580112788,100000000.0,-1.0,274.89127677297563,113.77768861802664,9.0,3.0
25.80697580112788,100000000.0,-1.0,223.44938676622314,97.1940946769843,9.0,5.0
25.80697580112788,100000000.0,-1.0,326.90704131967306,134.05714412402472,7.0,3.0
25.80697580112788,100000000.0,-1.0,275.3253393792318,106.63929249258753,7.0,5.0
25.80697580112788,100000000.0,-1.0,275.4005535360819,118.9513642222275,7.0,5.0
25.80697580112788,100000000.0,-1.0,275.45985309179747,122.29004125339335,7.0,5.0
25.80697580112788,100000000.0,-1.0,275.48965219852687,109.05271201105062,8.0,4.0
25.80697580112788,100000000.0,-1.0,327.24126380417067,127.77333634088954,7.0,3.0
25.80697580112788,100000000.0,-1.0,275.65857864043465,119.05021706897588,9.0,3.0
25.80697580112788,100000000.0,-1.0,275.96521962832344,103.63907623121014,6.0,6.0
25.80697580112788,100000000.0,-1.0,276.18256675411465,113.18608212203112,7.0,5.0
25.80697580112788,100000000.0,-1.0,276.5108192378171,127.20242344417471,6.0,6.0
25.80697580112788,100000000.0,-1.0,276.5131544008463,120.50867438119457,7.0,5.0
25.80697580112788,100000000.0,-1.0,276.5998176314767,116.57886700127376,10.0,2.0
25.80697580112788,100000000.0,-1.0,276.67109502584026,122.22394528934669,6.0,6.0
25.80697580112788,100000000.0,-1.0,225.5394991484731,106.82471723683635,9.0,5.0
25.80697580112788,100000000.0,-1.0,277.1600640843792,127.09615464229427,7.0,5.0
25.80697580112788,100000000.0,-1.0,277.288754465404,114.32914045689547,7.0,5.0
25.80697580112788,100000000.0,-1.0,277.3953478901733,118.12300883246269,7.0,5.0
25.80697580112788,100000000.0,-1.0,277.55405835473323,96.15234703910915,7.0,5.0
25.80697580112788,100000000.0,-1.0,226.05999911956638,94.6331200959638,10.0,4.0
25.80697580112788,100000000.0,-1.0,226.11900143413993,113.68956527776405,9.0,5.0
25.80697580112788,100000000.0,-1.0,226.15496958168717,98.00658776417181,8.0,6.0
25.80697580112788,100000000.0,-1.0,226.26512974499863,98.46534201873216,9.0,5.0
25.80697580112788,100000000.0,-1.0,277.9203722724921,110.6202271916963,7.0,5.0
25.80697580112788,100000000.0,-1.0,226.44867929333014,107.17930040853014,11.0,3.0
25.80697580112788,100000000.0,-1.0,278.0787728732594,118.35260878290651,7.0,5.0
25.80697580112788,100000000.0,-1.0,226.53922826876976,103.95661682850509,9.0,5.0
25.80697580112788,100000000.0,-1.0,278.40518042305075,111.85098751758117,9.0,3.0
25.80697580112788,100000000.0,-1.0,278.4381222804822,122.67190361942636,8.0,4.0
25.80697580112788,100000000.0,-1.0,278.48027498382874,114.3448953215036,7.0,5.0
25.80697580112788,100000000.0,-1.0,278.50565237274026,104.59060748207929,6.0,6.0
25.80697580112788,100000000.0,-1.0,278.7158361206728,123.24636957945565,8.0,4.0
25.80697580112788,100000000.0,-1.0,227.13715751263516,105.37259877733871,9.0,5.0
25.80697580112788,100000000.0,-1.0,330.42119704142823,145.49158501252683,5.0,5.0
25.80697580112788,100000000.0,-1.0,227.2217284607117,97.66248089810027,7.0,7.0
25.80697580112788,100000000.0,-1.0,227.32524881475442,105.63343037271395,8.0,6.0
25.80697580112788,100000000.0,-1.0,227.34455631819094,102.08638897879337,9.0,5.0
25.80697580112788,100000000.0,-1.0,227.47135197612903,98.72706269814185,10.0,4.0
25.80697580112788,100000000.0,-1.0,330.73624118324886,139.91224246740018,6.0,4.0
25.80697580112788,100000000.0,-1.0,330.7473646466151,135.10519778115324,7.0,3.0
25.80697580112788,100000000.0,-1.0,227.7194868853423,101.48359394512056,9.0,5.0
25.80697580112788,100000000.0,-1.0,330.98694621823756,130.70794390356133,7.0,3.0
25.80697580112788,100000000.0,-1.0,331.0295268872967,137.4214355198349,6.0,4.0
25.80697580112788,100000000.0,-1.0,176.22916501121063,91.39214348808433,10.0,6.0
25.80697580112788,100000000.0,-1.0,279.5937800970795,120.31594863790197,9.0,3.0
25.80697580112788,100000000.0,-1.0,176.58156504988617,89.87742486232291,9.0,7.0
25.80697580112788,100000000.0,-1.0,228.43131523656115,100.7727835100296,9.0,5.0
25.80697580112788,100000000.0,-1.0,280.06371120007685,100.94397827157206,7.0,5.0
25.80697580112788,100000000.0,-1.0,280.0863316456243,116.50150221362519,8.0,4.0
25.80697580112788,100000000.0,-1.0,228.49342817694742,95.99256792716447,9.0,5.0
25.80697580112788,100000000.0,-1.0,280.1478277325241,120.89586665447321,6.0,6.0
25.80697580112788,100000000.0,-1.0,280.27111126215664,110.48581161383538,7.0,5.0
25.80697580112788,100000000.0,-1.0,280.2789276778126,113.9090343065425,6.0,6.0
25.80697580112788,100000000.0,-1.0,280.36927199422473,114.95924921559123,9.0,3.0
25.80697580112788,100000000.0,-1.0,228.8006851224499,89.16645364969577,7.0,7.0
25.80697580112788,100000000.0,-1.0,332.17786747208305,146.93803110651487,8.0,2.0
25.80697580112788,100000000.0,-1.0,280.57618949345266,130.6439321619306,8.0,4.0
25.80697580112788,100000000.0,-1.0,280.7041075127227,120.23716486116498,9.0,3.0
25.80697580112788,100000000.0,-1.0,280.8441069901158,120.11688095069191,8.0,4.0
25.80697580112788,100000000.0,-1.0,280.950430945018,109.7947359845052,7.0,5.0
25.80697580112788,100000000.0,-1.0,280.9704913948723,108.50066587666599,8.0,4.0
25.80697580112788,100000000.0,-1.0,280.99193536561484,121.31852212321121,8.0,4.0
25.80697580112788,100000000.0,-1.0,281.0921663204958,113.68734784159017,7.0,5.0
25.80697580112788,100000000.0,-1.0,229.56688870890565,82.88924462131196,9.0,5.0
25.80697580112788,100000000.0,-1.0,229.8297930087465,101.46078570701532,10.0,4.0
25.80697580112788,100000000.0,-1.0,229.84969718862524,119.30105480169459,11.0,3.0
25.80697580112788,100000000.0,-1.0,281.5213282098142,125.00058485243534,7.0,5.0
25.80697580112788,100000000.0,-1.0,229.93818021625356,104.48961845915164,11.0,3.0
25.80697580112788,100000000.0,-1.0,229.9454667164924,104.39349180275717,11.0,3.0
25.80697580112788,100000000.0,-1.0,229.95942523960153,120.48792465734901,9.0,5.0
25.80697580112788,100000000.0,-1.0,281.6158857719999,130.413941151277,8.0,4.0
25.80697580112788,100000000.0,-1.0,230.17467085998138,111.35422976021378,9.0,5.0
25.80697580112788,100000000.0,-1.0,281.8680133385665,124.83976325364969,8.0,4.0
25.80697580112788,100000000.0,-1.0,230.28918589574647,99.54525985135689,10.0,4.0
25.80697580112788,100000000.0,-1.0,281.90945505749755,99.07459795824343,7.0,5.0
25.80697580112788,100000000.0,-1.0,281.92150153598556,130.84807938368624,7.0,5.0
25.80697580112788,100000000.0,-1.0,230.33251226947604,101.29506342853347,9.0,5.0
25.80697580112788,100000000.0,-1.0,281.9924977274333,99.76798706384028,7.0,5.0
25.80697580112788,100000000.0,-1.0,282.13300803921874,123.38028304680243,7.0,5.0
25.80697580112788,100000000.0,-1.0,282.2366681440817,118.51142539769197,6.0,6.0
25.80697580112788,100000000.0,-1.0,230.64605444300787,118.27133276366467,10.0,4.0
25.80697580112788,100000000.0,-1.0,333.8951653195118,130.18738665173123,6.0,4.0
25.80697580112788,100000000.0,-1.0,230.8441606506157,110.88021280083382,7.0,7.0
25.80697580112788,100000000.0,-1.0,282.526677039513,117.00589983388215,7.0,5.0
25.80697580112788,100000000.0,-1.0,282.5467016190842,115.24148059676787,7.0,5.0
25.80697580112788,100000000.0,-1.0,231.0468730715133,106.77412007679854,8.0,6.0
25.80697580112788,100000000.0,-1.0,231.11995179808366,95.699574303036,7.0,7.0
25.80697580112788,100000000.0,-1.0,282.8700409500598,120.45826460459034,8.0,4.0
25.80697580112788,100000000.0,-1.0,231.42531851719738,104.24077187938161,9.0,5.0
25.80697580112788,100000000.0,-1.0,334.7029965769233,136.07005785534068,7.0,3.0
25.80697580112788,100000000.0,-1.0,231.49344832816206,88.66704380328541,8.0,6.0
25.80697580112788,100000000.0,-1.0,283.119545829518,116.82713595913424,7.0,5.0
25.80697580112788,100000000.0,-1.0,231.57479723267832,112.3427724905471,10.0,4.0
25.80697580112788,100000000.0,-1.0,283.225696802253,134.89626812310604,9.0,3.0
25.80697580112788,100000000.0,-1.0,283.27135966656834,119.41741591386445,8.0,4.0
25.80697580112788,100000000.0,-1.0,283.2788765439557,109.27170691740395,8.0,4.0
25.80697580112788,100000000.0,-1.0,231.67494771974415,100.48109490811227,7.0,7.0
25.80697580112788,100000000.0,-1.0,231.70523574158034,100.95142570879968,10.0,4.0
25.80697580112788,100000000.0,-1.0,231.90554189299036,99.44036507387429,7.0,7.0
25.80697580112788,100000000.0,-1.0,283.5478728667843,128.60931476847267,7.0,5.0
25.80697580112788,100000000.0,-1.0,283.54917700205084,125.954660396543,7.0,5.0
25.80697580112788,100000000.0,-1.0,232.03200149132752,109.52844889743575,8.0,6.0
25.80697580112788,100000000.0,-1.0,232.09261675294655,97.5682028191369,8.0,6.0
25.80697580112788,100000000.0,-1.0,283.82542851128346,115.8177926638512,8.0,4.0
25.80697580112788,100000000.0,-1.0,283.9273955465743,127.95089242736631,9.0,3.0
25.80697580112788,100000000.0,-1.0,232.33037081296996,107.76208470065359,9.0,5.0
25.80697580112788,100000000.0,-1.0,335.59994699570296,129.93920071420197,5.0,5.0
25.80697580112788,100000000.0,-1.0,335.62246195612875,134.14760766787685,7.0,3.0
25.80697580112788,100000000.0,-1.0,232.45060588024955,110.37062213542342,8.0,6.0
25.80697580112788,100000000.0,-1.0,232.47183729406686,90.42409222023176,8.0,6.0
25.80697580112788,100000000.0,-1.0,284.159589066746,123.13944960424423,6.0,6.0
25.80697580112788,100000000.0,-1.0,284.3234802487709,115.32041113520528,7.0,5.0
32.25871975140985,100000000.0,-1.0,494.184737480199,168.94723443775024,2.0,2.0
32.25871975140985,100000000.0,-1.0,494.27281019274875,165.7857427313178,2.0,2.0
32.25871975140985,100000000.0,-1.0,558.9410343152399,175.02352931967,1.0,1.0
32.25871975140985,100000000.0,-1.0,494.6802294849197,162.46318872884765,2.0,2.0
32.25871975140985,100000000.0,-1.0,495.34027073838433,166.73162660496382,2.0,2.0
32.25871975140985,100000000.0,-1.0,498.31820264671427,169.70955851329376,2.0,2.0
32.25871975140985,100000000.0,-1.0,563.2017622988973,184.66608764075505,1.0,1.0
32.25871975140985,100000000.0,-1.0,563.3982139029274,184.8625392447851,1.0,1.0
32.25871975140985,100000000.0,-1.0,499.04384547279994,159.48566369025355,2.0,2.0
32.25871975140985,100000000.0,-1.0,499.17209355972955,166.04795280884218,2.0,2.0
32.25871975140985,100000000.0,-1.0,435.0260960086399,152.2858153912086,3.0,3.0
32.25871975140985,100000000.0,-1.0,564.1104251111542,183.65685661763018,1.0,1.0
32.25871975140985,100000000.0,-1.0,499.8775884223036,166.76611592916595,2.0,2.0
32.25871975140985,100000000.0,-1.0,500.5492394524292,175.3117364099805,2.0,2.0
32.25871975140985,100000000.0,-1.0,436.29732293004975,153.59746819816152,3.0,3.0
32.25871975140985,100000000.0,-1.0,501.34196885132667,169.74227220159483,2.0,2.0
32.25871975140985,100000000.0,-1.0,437.0335072353414,159.7213788509267,3.0,3.0
32.25871975140985,100000000.0,-1.0,437.91811408870257,160.091263963686,3.0,3.0
32.25871975140985,100000000.0,-1.0,502.60998731021897,169.87173394429237,2.0,2.0
32.25871975140985,100000000.0,-1.0,567.2238290384311,182.93325592201253,1.0,1.0
32.25871975140985,100000000.0,-1.0,502.8432993495163,166.73961805730858,2.0,2.0
32.25871975140985,100000000.0,-1.0,567.4353301889771,184.91927553772507,1.0,1.0
32.25871975140985,100000000.0,-1.0,373.95362701830936,143.98950612166627,4.0,4.0
32.25871975140985,100000000.0,-1.0,567.7104963802325,189.17482172209023,1.0,1.0
32.25871975140985,100000000.0,-1.0,503.51691514881173,173.8727496005031,2.0,2.0
32.25871975140985,100000000.0,-1.0,503.61256283612795,170.56601884416472,2.0,2.0
32.25871975140985,100000000.0,-1.0,503.63090471269675,172.58082284882963,2.0,2.0
32.25871975140985,100000000.0,-1.0,439.18705594025147,157.6857369238182,3.0,3.0
32.25871975140985,100000000.0,-1.0,503.9996857981345,175.53616523659244,2.0,2.0
32.25871975140985,100000000.0,-1.0,439.85482499888803,153.24082686919812,3.0,3.0
32.25871975140985,100000000.0,-1.0,440.2832998903798,159.80871257882802,3.0,3.0
32.25871975140985,100000000.0,-1.0,504.8308837747935,171.67887924222813,2.0,2.0
32.25871975140985,100000000.0,-1.0,504.8615420977531,174.97930453108933,2.0,2.0
32.25871975140985,100000000.0,-1.0,569.5092984614535,187.796705303898,1.0,1.0
32.25871975140985,100000000.0,-1.0,440.55262371371623,161.29014666810804,3.0,3.0
32.25871975140985,100000000.0,-1.0,569.5951593938203,185.77044980932436,1.0,1.0
32.25871975140985,100000000.0,-1.0,505.1347540926724,173.42448132315502,2.0,2.0
32.25871975140985,100000000.0,-1.0,505.1919921606588,172.8229412295119,2.0,2.0
32.25871975140985,100000000.0,-1.0,376.4816969681036,141.3598139158774,4.0,4.0
32.25871975140985,100000000.0,-1.0,505.5183028983248,173.52107926336132,2.0,2.0
32.25871975140985,100000000.0,-1.0,441.0153433466077,155.24851873077168,3.0,3.0
32.25871975140985,100000000.0,-1.0,441.10402200889433,156.60572605423886,4.0,2.0
32.25871975140985,100000000.0,-1.0,505.67999329042453,169.30131583550803,2.0,2.0
32.25871975140985,100000000.0,-1.0,505.77603369659937,168.51892535906114,2.0,2.0
32.25871975140985,100000000.0,-1.0,505.87300518670236,169.27588286613496,2.0,2.0
32.25871975140985,100000000.0,-1.0,441.38666365724634,154.6226743967113,3.0,3.0
32.25871975140985,100000000.0,-1.0,570.4346133836193,188.63284129722135,1.0,1.0
32.25871975140985,100000000.0,-1.0,441.4377891687312,155.4112431547803,3.0,3.0
32.25871975140985,100000000.0,-1.0,506.0187184561785,168.73224854699671,2.0,2.0
32.25871975140985,100000000.0,-1.0,506.18648402073114,173.44823065480455,2.0,2.0
32.25871975140985,100000000.0,-1.0,506.19881777444095,177.7954289657505,2.0,2.0
32.25871975140985,100000000.0,-1.0,506.5995802920101,174.20239036372647,2.0,2.0
32.25871975140985,100000000.0,-1.0,442.16320452288306,161.00294894409276,3.0,3.0
32.25871975140985,100000000.0,-1.0,571.5688966418046,186.91110875614365,1.0,1.0
32.25871975140985,100000000.0,-1.0,507.5995820810404,183.6644248432599,2.0,2.0
32.25871975140985,100000000.0,-1.0,572.2939575719561,181.8007721155499,1.0,1.0
32.25871975140985,100000000.0,-1.0,443.4412692568771,162.59643573664633,3.0,3.0
32.25871975140985,100000000.0,-1.0,507.9887018543816,169.86888963745866,2.0,2.0
32.25871975140985,100000000.0,-1.0,443.5092196033847,155.70733464564734,3.0,3.0
32.25871975140985,100000000.0,-1.0,508.30157284911814,178.8480531000152,2.0,2.0
32.25871975140985,100000000.0,-1.0,443.8030279284014,160.93264736891695,3.0,3.0
32.25871975140985,100000000.0,-1.0,572.9551368135626,190.43908216231054,1.0,1.0
32.25871975140985,100000000.0,-1.0,508.6930324692064,171.25483091355667,2.0,2.0
32.25871975140985,100000000.0,-1.0,508.91007836436734,182.84418081018023,2.0,2.0
32.25871975140985,100000000.0,-1.0,573.564773202705,191.66912696975214,1.0,1.0
32.25871975140985,100000000.0,-1.0,509.1005558249274,175.97144278899322,2.0,2.0
32.25871975140985,100000000.0,-1.0,509.4105918176978,174.0641170504182,2.0,2.0
32.25871975140985,100000000.0,-1.0,509.49596345625537,173.85800288584574,2.0,2.0
32.25871975140985,100000000.0,-1.0,380.54846893760856,144.93158211144828,4.0,4.0
32.25871975140985,100000000.0,-1.0,509.66155705160224,172.5592841328888,2.0,2.0
32.25871975140985,100000000.0,-1.0,445.1706183536881,146.20536869174902,3.0,3.0
32.25871975140985,100000000.0,-1.0,445.2016822516064,155.92668369477073,3.0,3.0
32.25871975140985,100000000.0,-1.0,445.22693181647014,165.52256028452283,3.0,3.0
32.25871975140985,100000000.0,-1.0,445.65452650985253,167.11577721946307,3.0,3.0
32.25871975140985,100000000.0,-1.0,510.3202614302039,179.67387754788015,2.0,2.0
32.25871975140985,100000000.0,-1.0,445.8649521444284,151.26150548038697,3.0,3.0
32.25871975140985,100000000.0,-1.0,510.48737904187556,181.5445409182616,2.0,2.0
32.25871975140985,100000000.0,-1.0,446.01567832457096,148.3781959719287,3.0,3.0
32.25871975140985,100000000.0,-1.0,446.10295532178253,164.81118165141808,3.0,3.0
32.25871975140985,100000000.0,-1.0,575.1895307378137,197.2338083419443,1.0,1.0
32.25871975140985,100000000.0,-1.0,446.381942242572,171.90993966312786,4.0,2.0
32.25871975140985,100000000.0,-1.0,446.7069639979838,165.97580720980037,3.0,3.0
32.25871975140985,100000000.0,-1.0,446.73097859073783,157.39695473517793,4.0,2.0
32.25871975140985,100000000.0,-1.0,446.97382895580284,167.7734131994031,3.0,3.0
32.25871975140985,100000000.0,-1.0,576.0918491219593,194.37925596440382,1.0,1.0
32.25871975140985,100000000.0,-1.0,447.07751046479524,158.8631597812337,3.0,3.0
32.25871975140985,100000000.0,-1.0,576.1648908649778,188.13596188834518,1.0,1.0
32.25871975140985,100000000.0,-1.0,447.2138368018519,156.0293447878133,3.0,3.0
32.25871975140985,100000000.0,-1.0,447.29539370858726,163.79357199763223,3.0,3.0
32.25871975140985,100000000.0,-1.0,576.4908086926437,192.89825189992277,1.0,1.0
32.25871975140985,100000000.0,-1.0,512.0622724638864,173.06249968793776,2.0,2.0
32.25871975140985,100000000.0,-1.0,512.1384649225362,163.2017948637703,2.0,2.0
32.25871975140985,100000000.0,-1.0,447.83243474953014,165.1773682133753,3.0,3.0
32.25871975140985,100000000.0,-1.0,383.55316066030576,134.27031554395387,4.0,4.0
32.25871975140985,100000000.0,-1.0,448.12247711917854,165.62018985638883,3.0,3.0
32.25871975140985,100000000.0,-1.0,512.6498093636809,184.10290448028485,2.0,2.0
32.25871975140985,100000000.0,-1.0,512.7917710395262,172.16824207692213,2.0,2.0
32.25871975140985,100000000.0,-1.0,512.8648677047612,180.92492292565703,2.0,2.0
32.25871975140985,100000000.0,-1.0,448.36057835059455,168.19357040654697,4.0,2.0
32.25871975140985,100000000.0,-1.0,513.1546809353403,178.0096434073069,2.0,2.0
32.25871975140985,100000000.0,-1.0,448.9650527271925,170.69725865857188,4.0,2.0
32.25871975140985,100000000.0,-1.0,449.683911062788,142.71837654302226,3.0,3.0
32.25871975140985,100000000.0,-1.0,449.80015764976105,170.66753488097154,3.0,3.0
32.25871975140985,100000000.0,-1.0,450.0158483993983,173.19174598106997,3.0,3.0
32.25871975140985,100000000.0,-1.0,450.1881377998627,159.90992930234293,3.0,3.0
32.25871975140985,100000000.0,-1.0,450.2954191471504,155.50747956216165,3.0,3.0
32.25871975140985,100000000.0,-1.0,386.3718459137567,136.79306803946432,4.0,4.0
32.25871975140985,100000000.0,-1.0,451.0982556412337,164.6622998342823,3.0,3.0
32.25871975140985,100000000.0,-1.0,451.0996819792228,162.83761201136434,3.0,3.0
32.25871975140985,100000000.0,-1.0,451.1477350644373,156.4329156766447,3.0,3.0
32.25871975140985,100000000.0,-1.0,515.9441969254807,179.34707460491325,2.0,2.0
32.25871975140985,100000000.0,-1.0,322.48949174043076,127.12213456316775,5.0,5.0
32.25871975140985,100000000.0,-1.0,451.7322877825537,159.51652501633495,3.0,3.0
32.25871975140985,100000000.0,-1.0,516.2901796479887,186.52138231744664,2.0,2.0
32.25871975140985,100000000.0,-1.0,516.5177237214589,177.8901081006236,2.0,2.0
32.25871975140985,100000000.0,-1.0,516.8885349466566,168.64302139901287,2.0,2.0
32.25871975140985,100000000.0,-1.0,452.6607030644701,160.29157839636397,3.0,3.0
32.25871975140985,100000000.0,-1.0,517.7974860599536,177.1159944322026,2.0,2.0
32.25871975140985,100000000.0,-1.0,454.26233795575655,166.94032062993253,4.0,2.0
32.25871975140985,100000000.0,-1.0,454.4296272879352,172.90279573007393,3.0,3.0
32.25871975140985,100000000.0,-1.0,455.46392350070533,172.38510644262024,3.0,3.0
32.25871975140985,100000000.0,-1.0,391.2391765718161,152.97583212439113,4.0,4.0
32.25871975140985,100000000.0,-1.0,456.63491621475987,172.13662026010445,3.0,3.0
32.25871975140985,100000000.0,-1.0,327.9605316357192,138.13854185254905,6.0,4.0
32.25871975140985,100000000.0,-1.0,457.30021939908266,181.2289440262349,3.0,3.0
32.25871975140985,100000000.0,-1.0,394.5123856236723,144.16890598206305,5.0,3.0
32.25871975140985,100000000.0,-1.0,460.7743139976114,174.1622501621532,3.0,3.0
32.25871975140985,100000000.0,-1.0,396.47904297747584,157.239298027264,5.0,3.0
38.71046370169182,100000000.0,642.5677021875805,642.5677021875806,209.32612475342154,0.0,0.0
38.71046370169182,100000000.0,643.2363056443096,643.2363056443097,209.99472821015064,0.0,0.0
38.71046370169182,100000000.0,644.2609666436507,644.2609666436505,211.01938920949166,0.0,0.0
38.71046370169182,100000000.0,644.8459726432978,644.8459726432977,211.6043952091387,0.0,0.0
38.71046370169182,100000000.0,645.5496195949225,645.5496195949228,212.30804216076362,0.0,0.0
38.71046370169182,100000000.0,646.404049436845,646.404049436845,213.16247200268597,0.0,0.0
38.71046370169182,100000000.0,646.6447752180654,646.6447752180655,213.40319778390642,0.0,0.0
38.71046370169182,100000000.0,647.68317735609,647.6831773560898,214.4415999219308,0.0,0.0
38.71046370169182,100000000.0,648.2704986917233,648.2704986917234,215.02892125756426,0.0,0.0
38.71046370169182,100000000.0,649.2352834465252,649.235283446525,215.99370601236606,0.0,0.0
38.71046370169182,100000000.0,650.0900060065934,650.0900060065934,216.84842857243433,0.0,0.0
38.71046370169182,100000000.0,650.4106249329145,650.4106249329145,217.16904749875548,0.0,0.0
38.71046370169182,100000000.0,650.5215900649738,650.5215900649737,217.28001263081475,0.0,0.0
38.71046370169182,100000000.0,650.6673342550743,650.6673342550744,217.42575682091527,0.0,0.0
38.71046370169182,100000000.0,651.2268154647563,651.2268154647562,217.98523803059717,0.0,0.0
38.71046370169182,100000000.0,651.6519448175427,651.6519448175427,218.4103673833837,0.0,0.0
38.71046370169182,100000000.0,651.7100809035626,651.7100809035629,218.4685034694038,0.0,0.0
38.71046370169182,100000000.0,651.8691255084823,651.8691255084824,218.62754807432333,0.0,0.0
38.71046370169182,100000000.0,652.0983387186342,652.0983387186343,218.8567612844752,0.0,0.0
38.71046370169182,100000000.0,652.3034999875082,652.3034999875082,219.0619225533493,0.0,0.0
38.71046370169182,100000000.0,652.6536141551627,652.6536141551628,219.41203672100374,0.0,0.0
38.71046370169182,100000000.0,652.6579048606939,652.6579048606937,219.41632742653474,0.0,0.0
38.71046370169182,100000000.0,652.9439442671335,652.9439442671334,219.70236683297435,0.0,0.0
38.71046370169182,100000000.0,-1.0,575.6694206382651,190.28882691768655,1.0,1.0
38.71046370169182,100000000.0,653.2468838641828,653.2468838641828,220.00530643002375,0.0,0.0
38.71046370169182,100000000.0,653.4650082634603,653.4650082634603,220.22343082930126,0.0,0.0
38.71046370169182,100000000.0,653.5762807557334,653.5762807557334,220.33470332157427,0.0,0.0
38.71046370169182,100000000.0,653.7860504235491,653.7860504235493,220.54447298939013,0.0,0.0
38.71046370169182,100000000.0,653.9363678276734,653.9363678276734,220.69479039351427,0.0,0.0
38.71046370169182,100000000.0,654.2078164257338,654.2078164257335,220.96623899157464,0.0,0.0
38.71046370169182,100000000.0,654.445590071676,654.445590071676,221.2040126375168,0.0,0.0
38.71046370169182,100000000.0,654.5157181316013,654.5157181316013,221.27414069744225,0.0,0.0
38.71046370169182,100000000.0,655.0723433041246,655.0723433041245,221.83076586996543,0.0,0.0
38.71046370169182,100000000.0,655.5427110712673,655.5427110712674,222.3011336371083,0.0,0.0
38.71046370169182,100000000.0,655.5861871851273,655.5861871851272,222.34460975096823,0.0,0.0
38.71046370169182,100000000.0,655.7645452137185,655.7645452137186,222.5229677795595,0.0,0.0
38.71046370169182,100000000.0,655.8053073201002,655.8053073201002,222.56372988594129,0.0,0.0
38.71046370169182,100000000.0,655.8291826694568,655.8291826694569,222.58760523529784,0.0,0.0
38.71046370169182,100000000.0,655.8866860609356,655.8866860609356,222.64510862677656,0.0,0.0
38.71046370169182,100000000.0,656.0504257289051,656.0504257289051,222.80884829474604,0.0,0.0
38.71046370169182,100000000.0,656.1052290117734,656.1052290117733,222.8636515776144,0.0,0.0
38.71046370169182,100000000.0,656.1500189275718,656.1500189275718,222.90844149341282,0.0,0.0
38.71046370169182,100000000.0,656.3125661210739,656.312566121074,223.07098868691483,0.0,0.0
38.71046370169182,100000000.0,656.4949172453579,656.4949172453579,223.25333981119888,0.0,0.0
38.71046370169182,100000000.0,656.5757657962218,656.5757657962217,223.3341883620626,0.0,0.0
38.71046370169182,100000000.0,656.6968301657139,656.6968301657139,223.45525273155474,0.0,0.0
38.71046370169182,100000000.0,657.1352610867041,657.135261086704,223.89368365254504,0.0,0.0
38.71046370169182,100000000.0,657.1727382256856,657.1727382256857,223.93116079152662,0.0,0.0
38.71046370169182,100000000.0,657.2010888377717,657.2010888377719,223.95951140361274,0.0,0.0
38.71046370169182,100000000.0,657.269190986883,657.269190986883,224.0276135527239,0.0,0.0
38.71046370169182,100000000.0,657.4481623522631,657.4481623522632,224.20658491810414,0.0,0.0
38.71046370169182,100000000.0,658.0192683274113,658.0192683274113,224.77769089325218,0.0,0.0
38.71046370169182,100000000.0,658.1079764759297,658.10797647593,224.86639904177082,0.0,0.0
38.71046370169182,100000000.0,658.1155015571887,658.1155015571888,224.8739241230298,0.0,0.0
38.71046370169182,100000000.0,658.1510809702835,658.1510809702836,224.90950353612448,0.0,0.0
38.71046370169182,100000000.0,658.2711929315207,658.2711929315207,225.02961549736156,0.0,0.0
38.71046370169182,100000000.0,658.3183185676558,658.3183185676559,225.07674113349677,0.0,0.0
38.71046370169182,100000000.0,658.3554256464639,658.355425646464,225.1138482123049,0.0,0.0
38.71046370169182,100000000.0,658.3946874515748,658.394687451575,225.15311001741574,0.0,0.0
38.71046370169182,100000000.0,658.556694302061,658.5566943020609,225.31511686790196,0.0,0.0
38.71046370169182,100000000.0,658.662172349298,658.6621723492979,225.4205949151387,0.0,0.0
38.71046370169182,100000000.0,658.7737801654271,658.7737801654272,225.5322027312681,0.0,0.0
38.71046370169182,100000000.0,-1.0,581.7990592627755,201.15651777057667,1.0,1.0
38.71046370169182,100000000.0,659.353163374664,659.3531633746637,226.1115859405048,0.0,0.0
38.71046370169182,100000000.0,660.3658224908359,660.365822490836,227.12424505667687,0.0,0.0
38.71046370169182,100000000.0,660.4841606149071,660.4841606149071,227.24258318074803,0.0,0.0
38.71046370169182,100000000.0,-1.0,583.1056520310541,197.8685743851814,1.0,1.0
38.71046370169182,100000000.0,660.7527199084072,660.7527199084072,227.5111424742483,0.0,0.0
38.71046370169182,100000000.0,660.959199011519,660.9591990115193,227.7176215773602,0.0,0.0
38.71046370169182,100000000.0,660.9955165585344,660.9955165585345,227.7539391243754,0.0,0.0
38.71046370169182,100000000.0,661.0476516460723,661.0476516460724,227.80607421191328,0.0,0.0
38.71046370169182,100000000.0,661.2583630629371,661.2583630629372,228.01678562877814,0.0,0.0
38.71046370169182,100000000.0,661.2639672474243,661.2639672474243,228.0223898132652,0.0,0.0
38.71046370169182,100000000.0,661.3097410609282,661.3097410609282,228.06816362676923,0.0,0.0
38.71046370169182,100000000.0,661.4100360805556,661.4100360805556,228.1684586463966,0.0,0.0
38.71046370169182,100000000.0,661.8070459037511,661.8070459037511,228.56546846959205,0.0,0.0
38.71046370169182,100000000.0,662.0605487579344,662.0605487579345,228.8189713237754,0.0,0.0
38.71046370169182,100000000.0,-1.0,584.9681323867864,187.37580560955354,1.0,1.0
38.71046370169182,100000000.0,662.4020837081345,662.4020837081345,229.16050627397547,0.0,0.0
38.71046370169182,100000000.0,662.5236590527303,662.5236590527304,229.2820816185713,0.0,0.0
38.71046370169182,100000000.0,662.7605993324709,662.7605993324709,229.51902189831176,0.0,0.0
38.71046370169182,100000000.0,662.9050502736395,662.9050502736395,229.6634728394805,0.0,0.0
38.71046370169182,100000000.0,662.9239842496319,662.9239842496316,229.68240681547283,0.0,0.0
38.71046370169182,100000000.0,662.9854027041606,662.9854027041607,229.74382527000165,0.0,0.0
38.71046370169182,100000000.0,662.9973589406542,662.9973589406542,229.7557815064952,0.0,0.0
38.71046370169182,100000000.0,663.3358027849343,663.3358027849343,230.0942253507753,0.0,0.0
38.71046370169182,100000000.0,663.3605653576825,663.3605653576822,230.11898792352324,0.0,0.0
38.71046370169182,100000000.0,663.4286699525869,663.4286699525868,230.18709251842785,0.0,0.0
38.71046370169182,100000000.0,663.8720149164538,663.8720149164537,230.6304374822949,0.0,0.0
38.71046370169182,100000000.0,663.9977009306444,663.9977009306444,230.7561234964854,0.0,0.0
38.71046370169182,100000000.0,664.0880481247958,664.0880481247956,230.8464706906367,0.0,0.0
38.71046370169182,100000000.0,664.9866343963417,664.986634396342,231.74505696218282,0.0,0.0
38.71046370169182,100000000.0,665.047498360936,665.047498360936,231.80592092677685,0.0,0.0
38.71046370169182,100000000.0,665.3224829488522,665.3224829488522,232.08090551469323,0.0,0.0
38.71046370169182,100000000.0,665.5242838461302,665.5242838461302,232.2827064119712,0.0,0.0
38.71046370169182,100000000.0,666.1579410822372,666.1579410822374,232.91636364807823,0.0,0.0
38.71046370169182,100000000.0,666.2507670298792,666.2507670298791,233.00918959572013,0.0,0.0
38.71046370169182,100000000.0,666.2585191498077,666.258519149808,233.01694171564887,0.0,0.0
38.71046370169182,100000000.0,666.3024268283835,666.3024268283835,233.06084939422436,0.0,0.0
38.71046370169182,100000000.0,666.8221393892037,666.8221393892036,233.58056195504454,0.0,0.0
38.71046370169182,100000000.0,667.1844501160476,667.1844501160477,233.94287268188873,0.0,0.0
38.71046370169182,100000000.0,667.3358708502719,667.335870850272,234.0942934161131,0.0,0.0
38.71046370169182,100000000.0,667.4135215095905,667.4135215095906,234.17194407543138,0.0,0.0
38.71046370169182,100000000.0,667.4197573489633,667.4197573489635,234.17817991480442,0.0,0.0
38.71046370169182,100000000.0,668.0575411608359,668.0575411608357,234.8159637266769,0.0,0.0
38.71046370169182,100000000.0,668.1955737659739,668.1955737659739,234.95399633181498,0.0,0.0
38.71046370169182,100000000.0,668.9345674189502,668.9345674189501,235.69298998479115,0.0,0.0
38.71046370169182,100000000.0,669.0978491534154,669.0978491534155,235.85627171925657,0.0,0.0
38.71046370169182,100000000.0,669.2925595789499,669.29255957895,236.05098214479077,0.0,0.0
38.71046370169182,100000000.0,669.7468351095266,669.7468351095268,236.50525767536766,0.0,0.0
38.71046370169182,100000000.0,670.1174394662573,670.1174394662573,236.87586203209813,0.0,0.0
38.71046370169182,100000000.0,670.1246368908276,670.1246368908273,236.88305945666832,0.0,0.0
38.71046370169182,100000000.0,670.3296931191566,670.3296931191568,237.0881156849977,0.0,0.0
38.71046370169182,100000000.0,670.6015723112561,670.6015723112562,237.35999487709688,0.0,0.0
38.71046370169182,100000000.0,670.6087305793948,670.6087305793948,237.36715314523568,0.0,0.0
38.71046370169182,100000000.0,671.5051529581792,671.505152958179,238.26357552402004,0.0,0.0
38.71046370169182,100000000.0,671.5349484484046,671.5349484484045,238.29337101424548,0.0,0.0
38.71046370169182,100000000.0,671.5819474910328,671.5819474910328,238.34037005687367,0.0,0.0
38.71046370169182,100000000.0,671.9103863869468,671.9103863869469,238.66880895278774,0.0,0.0
38.71046370169182,100000000.0,672.0155855428662,672.015585542866,238.774008108707,0.0,0.0
38.71046370169182,100000000.0,672.5208329127665,672.5208329127665,239.2792554786074,0.0,0.0
38.71046370169182,100000000.0,673.0265917021069,673.026591702107,239.78501426794793,0.0,0.0
38.71046370169182,100000000.0,674.1483287171676,674.1483287171677,240.9067512830086,0.0,0.0
38.71046370169182,100000000.0,674.3934390465402,674.3934390465402,241.15186161238103,0.0,0.0
38.71046370169182,100000000.0,674.525034250895,674.525034250895,241.28345681673596,0.0,0.0
38.71046370169182,100000000.0,674.5855269000393,674.5855269000394,241.34394946588029,0.0,0.0
38.71046370169182,100000000.0,674.9325687132575,674.9325687132574,241.69099127909834,0.0,0.0
38.71046370169182,100000000.0,675.5695428975771,675.5695428975772,242.327965463418,0.0,0.0
45.16220765197379,100000000.0,653.822566776966,653.822566776966,220.58098934280696,0.0,0.0
45.16220765197379,100000000.0,658.2941201890668,658.2941201890665,225.0525427549076,0.0,0.0
45.16220765197379,100000000.0,660.7491676001221,660.749167600122,227.507590165963,0.0,0.0
45.16220765197379,100000000.0,661.009619387222,661.0096193872221,227.76804195306303,0.0,0.0
45.16220765197379,100000000.0,661.6887794832555,661.6887794832556,228.44720204909652,0.0,0.0
45.16220765197379,100000000.0,662.5947788721976,662.5947788721977,229.35320143803867,0.0,0.0
45.16220765197379,100000000.0,663.3825795833452,663.3825795833452,230.14100214918614,0.0,0.0
45.16220765197379,100000000.0,663.7107798437703,663.7107798437702,230.4692024096112,0.0,0.0
45.16220765197379,100000000.0,663.8449190834309,663.8449190834309,230.6033416492719,0.0,0.0
45.16220765197379,100000000.0,664.5208123353378,664.5208123353377,231.27923490117877,0.0,0.0
45.16220765197379,100000000.0,665.7876584914652,665.7876584914653,232.5460810573061,0.0,0.0
45.16220765197379,100000000.0,665.799937061179,665.799937061179,232.55835962702,0.0,0.0
45.16220765197379,100000000.0,666.1673017366713,666.1673017366714,232.9257243025123,0.0,0.0
45.16220765197379,100000000.0,667.5058017190336,667.5058017190339,234.26422428487462,0.0,0.0
45.16220765197379,100000000.0,667.6377836613249,667.6377836613248,234.39620622716578,0.0,0.0
45.16220765197379,100000000.0,668.4876804866476,668.4876804866477,235.24610305248865,0.0,0.0
45.16220765197379,100000000.0,668.566008608304,668.5660086083041,235.3244311741449,0.0,0.0
45.16220765197379,100000000.0,668.6140748453582,668.6140748453583,235.37249741119933,0.0,0.0
45.16220765197379,100000000.0,668.7628006622238,668.7628006622236,235.52122322806457,0.0,0.0
45.16220765197379,100000000.0,669.2785708107714,669.2785708107713,236.03699337661217,0.0,0.0
45.16220765197379,100000000.0,669.3026650822364,669.3026650822364,236.0610876480773,0.0,0.0
45.16220765197379,100000000.0,669.4491612165972,669.4491612165972,236.20758378243806,0.0,0.0
45.16220765197379,100000000.0,669.9763521436967,669.9763521436967,236.73477470953756,0.0,0.0
45.16220765197379,100000000.0,670.1122601568492,670.1122601568491,236.87068272269008,0.0,0.0
45.16220765197379,100000000.0,670.3255910487127,670.3255910487127,237.08401361455364,0.0,0.0
45.16220765197379,100000000.0,670.3363505033662,670.3363505033662,237.09477306920724,0.0,0.0
45.16220765197379,100000000.0,670.3376092882224,670.3376092882229,237.0960318540636,0.0,0.0
45.16220765197379,100000000.0,670.4076649004111,670.4076649004111,237.16608746625218,0.0,0.0
45.16220765197379,100000000.0,670.4446745324218,670.4446745324219,237.20309709826276,0.0,0.0
45.16220765197379,100000000.0,670.9277216208192,670.9277216208192,237.68614418666013,0.0,0.0
45.16220765197379,100000000.0,671.4772624765614,671.4772624765615,238.2356850424023,0.0,0.0
45.16220765197379,100000000.0,671.7557841439354,671.7557841439353,238.5142067097763,0.0,0.0
45.16220765197379,100000000.0,671.8265879466879,671.8265879466879,238.58501051252904,0.0,0.0
45.16220765197379,100000000.0,671.9484726051476,671.9484726051473,238.7068951709883,0.0,0.0
45.16220765197379,100000000.0,672.3669666200656,672.3669666200656,239.12538918590636,0.0,0.0
45.16220765197379,100000000.0,672.4507756886553,672.4507756886552,239.2091982544962,0.0,0.0
45.16220765197379,100000000.0,672.4568224459128,672.4568224459127,239.21524501175375,0.0,0.0
45.16220765197379,100000000.0,672.5533254566801,672.5533254566801,239.31174802252116,0.0,0.0
45.16220765197379,100000000.0,673.2448970450288,673.2448970450287,240.0033196108697,0.0,0.0
45.16220765197379,100000000.0,673.2968123289472,673.2968123289472,240.05523489478833,0.0,0.0
45.16220765197379,100000000.0,673.5150511743076,673.5150511743076,240.27347374014855,0.0,0.0
45.16220765197379,100000000.0,674.3239277979277,674.3239277979275,241.08235036376846,0.0,0.0
45.16220765197379,100000000.0,674.5465703520155,674.5465703520154,241.30499291785648,0.0,0.0
45.16220765197379,100000000.0,675.066913578201,675.066913578201,241.82533614404196,0.0,0.0
45.16220765197379,100000000.0,675.2360983423246,675.2360983423246,241.99452090816547,0.0,0.0
45.16220765197379,100000000.0,675.2517252215205,675.2517252215204,242.01014778736138,0.0,0.0
45.16220765197379,100000000.0,675.482074673466,675.482074673466,242.240497239307,0.0,0.0
45.16220765197379,100000000.0,675.9124102177173,675.9124102177173,242.67083278355815,0.0,0.0
45.16220765197379,100000000.0,676.0407921997374,676.0407921997373,242.79921476557837,0.0,0.0
45.16220765197379,100000000.0,676.3906713083002,676.3906713083003,243.14909387414122,0.0,0.0
45.16220765197379,100000000.0,676.4516639399192,676.4516639399192,243.21008650576007,0.0,0.0
45.16220765197379,100000000.0,676.5167790181492,676.5167790181496,243.27520158399022,0.0,0.0
45.16220765197379,100000000.0,676.7835551639989,676.783555163999,243.54197772983989,0.0,0.0
45.16220765197379,100000000.0,676.923881206567,676.923881206567,243.68230377240792,0.0,0.0
45.16220765197379,100000000.0,677.321839980058,677.3218399800579,244.08026254589885,0.0,0.0
45.16220765197379,100000000.0,677.4359759353471,677.4359759353471,244.19439850118815,0.0,0.0
45.16220765197379,100000000.0,677.5210194728254,677.5210194728256,244.27944203866636,0.0,0.0
45.16220765197379,100000000.0,677.5835998683136,677.5835998683136,244.34202243415464,0.0,0.0
45.16220765197379,100000000.0,677.5918323795938,677.5918323795938,244.35025494543467,0.0,0.0
45.16220765197379,100000000.0,677.7326778308228,677.7326778308228,244.49110039666377,0.0,0.0
45.16220765197379,100000000.0,677.7429920940638,677.7429920940639,244.50141465990475,0.0,0.0
45.16220765197379,100000000.0,677.982133204188,677.982133204188,244.74055577002895,0.0,0.0
45.16220765197379,100000000.0,678.0364063529884,678.0364063529883,244.79482891882915,0.0,0.0
45.16220765197379,100000000.0,678.6388641337368,678.6388641337367,245.39728669957768,0.0,0.0
45.16220765197379,100000000.0,678.9697075340317,678.9697075340317,245.72813009987271,0.0,0.0
45.16220765197379,100000000.0,678.9782281901084,678.9782281901084,245.73665075594928,0.0,0.0
45.16220765197379,100000000.0,679.0788993556229,679.0788993556229,245.83732192146374,0.0,0.0
45.16220765197379,100000000.0,679.1334782730585,679.1334782730585,245.89190083889946,0.0,0.0
45.16220765197379,100000000.0,679.1585481767629,679.158548176763,245.916970742604,0.0,0.0
45.16220765197379,100000000.0,679.182603551566,679.182603551566,245.94102611740698,0.0,0.0
45.16220765197379,100000000.0,679.2230880849603,679.2230880849603,245.98151065080125,0.0,0.0
45.16220765197379,100000000.0,679.2406045516868,679.2406045516868,245.99902711752767,0.0,0.0
45.16220765197379,100000000.0,679.4973507019232,679.4973507019232,246.25577326776423,0.0,0.0
45.16220765197379,100000000.0,679.5107788760396,679.5107788760396,246.26920144188054,0.0,0.0
45.16220765197379,100000000.0,679.8233402241825,679.8233402241823,246.5817627900233,0.0,0.0
45.16220765197379,100000000.0,679.8534656552551,679.8534656552553,246.61188822109617,0.0,0.0
45.16220765197379,100000000.0,680.0931501153024,680.0931501153023,246.85157268114313,0.0,0.0
45.16220765197379,100000000.0,680.1714636188973,680.1714636188973,246.92988618473828,0.0,0.0
45.16220765197379,100000000.0,680.2556625061883,680.2556625061884,247.0140850720293,0.0,0.0
45.16220765197379,100000000.0,680.3122125939768,680.3122125939768,247.07063515981784,0.0,0.0
45.16220765197379,100000000.0,680.4523341924744,680.4523341924744,247.2107567583155,0.0,0.0
45.16220765197379,100000000.0,680.4653915359627,680.4653915359625,247.22381410180347,0.0,0.0
45.16220765197379,100000000.0,680.5345625354545,680.5345625354545,247.29298510129544,0.0,0.0
45.16220765197379,100000000.0,680.6712073206528,680.6712073206527,247.4296298864937,0.0,0.0
45.16220765197379,100000000.0,680.9463084187076,680.9463084187075,247.70473098454852,0.0,0.0
45.16220765197379,100000000.0,681.0266464386266,681.0266464386266,247.78506900446772,0.0,0.0
45.16220765197379,100000000.0,681.2531076055024,681.2531076055025,248.01153017134337,0.0,0.0
45.16220765197379,100000000.0,681.2745441533231,681.2745441533232,248.03296671916402,0.0,0.0
45.16220765197379,100000000.0,681.2981059225584,681.2981059225583,248.05652848839938,0.0,0.0
45.16220765197379,100000000.0,681.3574510197618,681.3574510197615,248.11587358560269,0.0,0.0
45.16220765197379,100000000.0,681.4712975580062,681.4712975580059,248.22972012384693,0.0,0.0
45.16220765197379,100000000.0,681.6100248543625,681.6100248543625,248.36844742020338,0.0,0.0
45.16220765197379,100000000.0,681.728066349796,681.728066349796,248.48648891563693,0.0,0.0
45.16220765197379,100000000.0,682.0293292393427,682.0293292393424,248.78775180518335,0.0,0.0
45.16220765197379,100000000.0,682.1012438979118,682.1012438979121,248.85966646375286,0.0,0.0
45.16220765197379,100000000.0,682.1249670883439,682.1249670883437,248.8833896541846,0.0,0.0
45.16220765197379,100000000.0,682.338923834366,682.3389238343661,249.0973464002071,0.0,0.0
45.16220765197379,100000000.0,682.4761797080556,682.4761797080557,249.2346022738966,0.0,0.0
45.16220765197379,100000000.0,682.6501557162358,682.6501557162358,249.40857828207675,0.0,0.0
45.16220765197379,100000000.0,682.8824010251873,682.882401025187,249.64082359102815,0.0,0.0
45.16220765197379,100000000.0,682.9791620621907,682.9791620621908,249.73758462803178,0.0,0.0
45.16220765197379,100000000.0,683.2640116561747,683.2640116561746,250.02243422201562,0.0,0.0
45.16220765197379,100000000.0,683.3536281127986,683.3536281127986,250.11205067863952,0.0,0.0
45.16220765197379,100000000.0,683.4544009293223,683.4544009293223,250.2128234951632,0.0,0.0
45.16220765197379,100000000.0,683.4846908235975,683.4846908235974,250.24311338943835,0.0,0.0
45.16220765197379,100000000.0,683.5629295293577,683.5629295293578,250.32135209519868,0.0,0.0
45.16220765197379,100000000.0,683.9170291139229,683.917029113923,250.6754516797639,0.0,0.0
45.16220765197379,100000000.0,684.2539491211378,684.2539491211378,251.01237168697878,0.0,0.0
45.16220765197379,100000000.0,684.2862411486741,684.286241148674,251.044663714515,0.0,0.0
45.16220765197379,100000000.0,684.380008085185,684.380008085185,251.1384306510259,0.0,0.0
45.16220765197379,100000000.0,684.4210763030046,684.4210763030047,251.17949886884566,0.0,0.0
45.16220765197379,100000000.0,684.51557925646,684.51557925646,251.27400182230096,0.0,0.0
45.16220765197379,100000000.0,684.9033600997935,684.9033600997935,251.6617826656344,0.0,0.0
45.16220765197379,100000000.0,684.9881016076076,684.9881016076079,251.74652417344888,0.0,0.0
45.16220765197379,100000000.0,685.7306444119847,685.7306444119845,252.48906697782553,0.0,0.0
45.16220765197379,100000000.0,685.9580977640231,685.9580977640234,252.71652032986438,0.0,0.0
45.16220765197379,100000000.0,686.0441476137313,686.0441476137312,252.80257017957229,0.0,0.0
45.16220765197379,100000000.0,686.1769550380443,686.1769550380443,252.9353776038852,0.0,0.0
45.16220765197379,100000000.0,686.623706676775,686.6237066767751,253.3821292426161,0.0,0.0
45.16220765197379,100000000.0,686.7703738795244,686.7703738795245,253.52879644536551,0.0,0.0
45.16220765197379,100000000.0,687.0071376234139,687.0071376234139,253.7655601892548,0.0,0.0
45.16220765197379,100000000.0,687.181658802329,687.1816588023291,253.94008136817,0.0,0.0
45.16220765197379,100000000.0,687.4966490513996,687.4966490513996,254.25507161724047,0.0,0.0
45.16220765197379,100000000.0,687.671109528837,687.6711095288371,254.42953209467802,0.0,0.0
45.16220765197379,100000000.0,687.687219885665,687.687219885665,254.4456424515059,0.0,0.0
45.16220765197379,100000000.0,687.8219041286251,687.8219041286252,254.58032669446615,0.0,0.0
45.16220765197379,100000000.0,687.879012978262,687.879012978262,254.63743554410303,0.0,0.0
45.16220765197379,100000000.0,688.0919162121091,688.091916212109,254.85033877795016,0.0,0.0
35.48459172655083,100000000.0,631.2537295147315,631.2537295147315,198.01215208057246,0.0,0.0
35.48459172655083,100000000.0,-1.0,560.8346525991404,179.8370484209064,1.0,1.0
35.48459172655083,100000000.0,632.091471098246,632.091471098246,198.84989366408695,0.0,0.0
35.48459172655083,100000000.0,632.3852972783403,632.3852972783403,199.14371984418125,0.0,0.0
35.48459172655083,100000000.0,632.4429590604627,632.4429590604627,199.20138162630357,0.0,0.0
35.48459172655083,100000000.0,-1.0,562.6241446862649,178.28510909511095,1.0,1.0
35.48459172655083,100000000.0,-1.0,562.7987435904653,175.04544109763492,1.0,1.0
35.48459172655083,100000000.0,634.837990607654,634.837990607654,201.5964131734949,0.0,0.0
35.48459172655083,100000000.0,636.4699539984554,636.4699539984553,203.22837656429624,0.0,0.0
35.48459172655083,100000000.0,637.1012616967331,637.1012616967331,203.85968426257412,0.0,0.0
35.48459172655083,100000000.0,637.4110475318115,637.4110475318116,204.16947009765252,0.0,0.0
35.48459172655083,100000000.0,-1.0,566.6657095096785,183.05463781548582,1.0,1.0
35.48459172655083,100000000.0,637.7153375946292,637.7153375946292,204.47376016047016,0.0,0.0
35.48459172655083,100000000.0,637.8205803540649,637.820580354065,204.57900291990595,0.0,0.0
35.48459172655083,100000000.0,638.9820143272043,638.9820143272042,205.74043689304517,0.0,0.0
35.48459172655083,100000000.0,638.9995800411734,638.9995800411735,205.7580026070145,0.0,0.0
35.48459172655083,100000000.0,639.300692957201,639.3006929572008,206.05911552304184,0.0,0.0
35.48459172655083,100000000.0,-1.0,568.3764633677176,182.27823154989724,1.0,1.0
35.48459172655083,100000000.0,-1.0,568.4181524077997,186.5225061748467,1.0,1.0
35.48459172655083,100000000.0,-1.0,568.4228855099093,187.899527429171,1.0,1.0
35.48459172655083,100000000.0,639.8116474022077,639.8116474022077,206.5700699680485,0.0,0.0
35.48459172655083,100000000.0,639.8609473633234,639.8609473633236,206.61936992916446,0.0,0.0
35.48459172655083,100000000.0,639.8815968956362,639.8815968956362,206.64001946147718,0.0,0.0
35.48459172655083,100000000.0,-1.0,569.0079909187075,179.06854878593936,1.0,1.0
35.48459172655083,100000000.0,-1.0,569.2193686754703,186.82727409568892,1.0,1.0
35.48459172655083,100000000.0,640.6603701899885,640.6603701899884,207.41879275582943,0.0,0.0
35.48459172655083,100000000.0,640.7531810059037,640.7531810059038,207.51160357174479,0.0,0.0
35.48459172655083,100000000.0,-1.0,569.800810750303,183.90258227490756,1.0,1.0
35.48459172655083,100000000.0,641.188797165579,641.188797165579,207.94721973141984,0.0,0.0
35.48459172655083,100000000.0,-1.0,570.2551712990828,188.46251648541778,1.0,1.0
35.48459172655083,100000000.0,641.3723346066638,641.3723346066637,208.13075717250473,0.0,0.0
35.48459172655083,100000000.0,641.7992692519829,641.799269251983,208.55769181782392,0.0,0.0
35.48459172655083,100000000.0,642.0536841563409,642.0536841563408,208.81210672218188,0.0,0.0
35.48459172655083,100000000.0,642.3051856943239,642.3051856943239,209.06360826016484,0.0,0.0
35.48459172655083,100000000.0,642.4057279908695,642.4057279908695,209.1641505567104,0.0,0.0
35.48459172655083,100000000.0,642.620913935706,642.6209139357061,209.37933650154696,0.0,0.0
35.48459172655083,100000000.0,-1.0,571.6571593211436,184.01878058764171,1.0,1.0
35.48459172655083,100000000.0,-1.0,571.7083969882325,192.07844406115922,1.0,1.0
35.48459172655083,100000000.0,-1.0,571.7872881774457,187.49671506102698,1.0,1.0
35.48459172655083,100000000.0,642.7680844011511,642.7680844011512,209.52650696699212,0.0,0.0
35.48459172655083,100000000.0,643.2545449749693,643.2545449749693,210.01296754081034,0.0,0.0
35.48459172655083,100000000.0,-1.0,572.4566505837078,190.53754914304486,1.0,1.0
35.48459172655083,100000000.0,643.5376075311613,643.5376075311615,210.29603009700213,0.0,0.0
35.48459172655083,100000000.0,643.7082888229066,643.7082888229066,210.46671138874754,0.0,0.0
35.48459172655083,100000000.0,-1.0,572.8077951067345,191.41610464932916,1.0,1.0
35.48459172655083,100000000.0,-1.0,573.0743615040062,186.7949856149559,1.0,1.0
35.48459172655083,100000000.0,644.093214758582,644.093214758582,210.85163732442297,0.0,0.0
35.48459172655083,100000000.0,644.2272807811427,644.2272807811427,210.9857033469837,0.0,0.0
35.48459172655083,100000000.0,644.5296421088434,644.5296421088433,211.28806467468428,0.0,0.0
35.48459172655083,100000000.0,644.6189866597568,644.618986659757,211.37740922559786,0.0,0.0
35.48459172655083,100000000.0,644.6344922874205,644.6344922874204,211.39291485326137,0.0,0.0
35.48459172655083,100000000.0,-1.0,573.7039477863158,187.2462140395804,1.0,1.0
35.48459172655083,100000000.0,644.7125933544664,644.7125933544663,211.47101592030734,0.0,0.0
35.48459172655083,100000000.0,644.7234645354625,644.7234645354625,211.48188710130364,0.0,0.0
35.48459172655083,100000000.0,-1.0,574.126714984267,189.78767939311297,1.0,1.0
35.48459172655083,100000000.0,645.4151656549858,645.4151656549857,212.1735882208266,0.0,0.0
35.48459172655083,100000000.0,645.510410513946,645.5104105139459,212.26883307978696,0.0,0.0
35.48459172655083,100000000.0,-1.0,574.5795340735598,193.3039200120421,1.0,1.0
35.48459172655083,100000000.0,-1.0,574.5844898215161,185.5848340410168,1.0,1.0
35.48459172655083,100000000.0,645.73906414735,645.7390641473498,212.4974867131908,0.0,0.0
35.48459172655083,100000000.0,-1.0,574.779607489879,186.21264092604542,1.0,1.0
35.48459172655083,100000000.0,645.8444175759842,645.8444175759842,212.60284014182525,0.0,0.0
35.48459172655083,100000000.0,645.8823636345484,645.8823636345483,212.64078620038933,0.0,0.0
35.48459172655083,100000000.0,-1.0,504.3829071441551,172.87238942326593,2.0,2.0
35.48459172655083,100000000.0,646.4089803857556,646.4089803857557,213.1674029515966,0.0,0.0
35.48459172655083,100000000.0,646.4727576401654,646.4727576401651,213.2311802060063,0.0,0.0
35.48459172655083,100000000.0,646.5461611296479,646.5461611296479,213.30458369548887,0.0,0.0
35.48459172655083,100000000.0,646.6864409780246,646.6864409780246,213.4448635438657,0.0,0.0
35.48459172655083,100000000.0,646.9308665985048,646.930866598505,213.6892891643458,0.0,0.0
35.48459172655083,100000000.0,646.9523260735516,646.9523260735516,213.71074863939242,0.0,0.0
35.48459172655083,100000000.0,647.0483456714073,647.0483456714072,213.80676823724826,0.0,0.0
35.48459172655083,100000000.0,647.0939072665966,647.0939072665966,213.85232983243753,0.0,0.0
35.48459172655083,100000000.0,-1.0,576.2258460842113,190.31443109984895,1.0,1.0
35.48459172655083,100000000.0,647.2429728215722,647.2429728215724,214.00139538741323,0.0,0.0
35.48459172655083,100000000.0,-1.0,576.2900893945542,179.91670022366478,1.0,1.0
35.48459172655083,100000000.0,-1.0,576.3130835558362,192.49675653691327,1.0,1.0
35.48459172655083,100000000.0,647.2857031233075,647.2857031233075,214.04412568914842,0.0,0.0
35.48459172655083,100000000.0,647.3656242549595,647.3656242549595,214.12404682080046,0.0,0.0
35.48459172655083,100000000.0,-1.0,576.4308295925536,195.15521553103594,1.0,1.0
35.48459172655083,100000000.0,-1.0,576.6447437094422,192.26336284748683,1.0,1.0
35.48459172655083,100000000.0,-1.0,576.8075529267192,192.4388076575132,1.0,1.0
35.48459172655083,100000000.0,-1.0,577.0439584745528,192.28112692617583,1.0,1.0
35.48459172655083,100000000.0,648.0593668579842,648.059366857984,214.81778942382493,0.0,0.0
35.48459172655083,100000000.0,648.1794735662177,648.1794735662177,214.9378961320587,0.0,0.0
35.48459172655083,100000000.0,648.2538329941185,648.2538329941184,215.01225555995939,0.0,0.0
35.48459172655083,100000000.0,-1.0,577.3354577393038,192.50283660371244,1.0,1.0
35.48459172655083,100000000.0,648.4345399395802,648.4345399395803,215.19296250542118,0.0,0.0
35.48459172655083,100000000.0,-1.0,577.6601967010222,192.92096772765348,1.0,1.0
35.48459172655083,100000000.0,648.8519651652869,648.8519651652867,215.61038773112782,0.0,0.0
35.48459172655083,100000000.0,-1.0,578.0789668160895,196.68727635868424,1.0,1.0
35.48459172655083,100000000.0,649.3188439285229,649.3188439285229,216.0772664943639,0.0,0.0
35.48459172655083,100000000.0,649.893983215312,649.8939832153118,216.65240578115277,0.0,0.0
35.48459172655083,100000000.0,-1.0,578.9265511811716,195.10184159667577,1.0,1.0
35.48459172655083,100000000.0,650.0926091292905,650.0926091292904,216.85103169513133,0.0,0.0
35.48459172655083,100000000.0,650.2886064993021,650.2886064993019,217.04702906514297,0.0,0.0
35.48459172655083,100000000.0,650.3509059629893,650.3509059629894,217.10932852883028,0.0,0.0
35.48459172655083,100000000.0,651.0858512028652,651.0858512028655,217.84427376870622,0.0,0.0
35.48459172655083,100000000.0,-1.0,580.2878645292786,192.90214127862222,1.0,1.0
35.48459172655083,100000000.0,651.3360240067598,651.33602400676,218.0944465726009,0.0,0.0
35.48459172655083,100000000.0,-1.0,580.3951306521227,188.88267005111052,1.0,1.0
35.48459172655083,100000000.0,-1.0,580.4043543198156,195.84677809616886,1.0,1.0
35.48459172655083,100000000.0,651.7612322355194,651.7612322355192,218.51965480136022,0.0,0.0
35.48459172655083,100000000.0,-1.0,580.8584371685048,191.9209387038914,1.0,1.0
35.48459172655083,100000000.0,651.904401054961,651.9044010549611,218.66282362080193,0.0,0.0
35.48459172655083,100000000.0,-1.0,580.9999350595677,199.29645917474542,1.0,1.0
35.48459172655083,100000000.0,652.1498442393728,652.1498442393728,218.9082668052138,0.0,0.0
35.48459172655083,100000000.0,652.5021350978776,652.5021350978776,219.26055766371854,0.0,0.0
35.48459172655083,100000000.0,653.0879645798747,653.0879645798746,219.84638714571545,0.0,0.0
35.48459172655083,100000000.0,-1.0,582.3845301218939,195.92679637515852,1.0,1.0
35.48459172655083,100000000.0,-1.0,582.7696420963488,200.5198474491534,1.0,1.0
35.48459172655083,100000000.0,654.075260256282,654.075260256282,220.83368282212317,0.0,0.0
35.48459172655083,100000000.0,654.286991733833,654.2869917338329,221.04541429967392,0.0,0.0
35.48459172655083,100000000.0,654.314572654029,654.3145726540289,221.07299521986994,0.0,0.0
35.48459172655083,100000000.0,654.6803323450547,654.6803323450547,221.43875491089565,0.0,0.0
35.48459172655083,100000000.0,654.7303188542492,654.7303188542492,221.48874142009015,0.0,0.0
35.48459172655083,100000000.0,654.7604402189417,654.7604402189418,221.51886278478267,0.0,0.0
35.48459172655083,100000000.0,654.9764245167852,654.9764245167851,221.73484708262612,0.0,0.0
35.48459172655083,100000000.0,-1.0,585.3504842138749,190.6503033055902,1.0,1.0
35.48459172655083,100000000.0,656.7889977104411,656.7889977104412,223.54742027628214,0.0,0.0
35.48459172655083,100000000.0,658.1465865807011,658.1465865807011,224.905009146542,0.0,0.0
35.48459172655083,100000000.0,659.2722185156679,659.272218515668,226.03064108150892,0.0,0.0
35.48459172655083,100000000.0,659.279008708693,659.2790087086933,226.03743127453419,0.0,0.0
35.48459172655083,100000000.0,660.4845800829708,660.4845800829709,227.24300264881182,0.0,0.0
35.48459172655083,100000000.0,660.4929497965419,660.4929497965419,227.25137236238282,0.0,0.0
35.48459172655083,100000000.0,660.5151698285273,660.5151698285273,227.2735923943682,0.0,0.0
35.48459172655083,100000000.0,660.8702271461841,660.8702271461841,227.62864971202518,0.0,0.0
35.48459172655083,100000000.0,661.0917339857667,661.0917339857667,227.85015655160774,0.0,0.0
35.48459172655083,100000000.0,661.6939090426673,661.6939090426677,228.45233160850842,0.0,0.0
38.71046370169182,100000000.0,635.614039903501,635.614039903501,202.37246246934183,0.0,0.0
38.71046370169182,100000000.0,639.7954955966644,639.7954955966645,206.55391816250557,0.0,0.0
38.71046370169182,100000000.0,639.9928440449987,639.9928440449986,206.75126661083965,0.0,0.0
38.71046370169182,100000000.0,641.584164323606,641.5841643236062,208.34258688944718,0.0,0.0
38.71046370169182,100000000.0,642.9479488426251,642.947948842625,209.70637140846608,0.0,0.0
38.71046370169182,100000000.0,643.4077003983103,643.4077003983103,210.1661229641512,0.0,0.0
38.71046370169182,100000000.0,645.316344157933,645.316344157933,212.07476672377396,0.0,0.0
38.71046370169182,100000000.0,645.89850472374,645.8985047237398,212.65692728958072,0.0,0.0
38.71046370169182,100000000.0,645.9836505250581,645.9836505250582,212.74207309089908,0.0,0.0
38.71046370169182,100000000.0,646.4981941161172,646.4981941161174,213.25661668195823,0.0,0.0
38.71046370169182,100000000.0,646.5368237705645,646.5368237705645,213.29524633640546,0.0,0.0
38.71046370169182,100000000.0,646.6608981101779,646.660898110178,213.41932067601877,0.0,0.0
38.71046370169182,100000000.0,646.690508269065,646.690508269065,213.448930834906,0.0,0.0
38.71046370169182,100000000.0,647.0210051396145,647.0210051396147,213.77942770545553,0.0,0.0
38.71046370169182,100000000.0,647.0845010825029,647.0845010825029,213.84292364834388,0.0,0.0
38.71046370169182,100000000.0,647.6880934620909,647.6880934620908,214.44651602793184,0.0,0.0
38.71046370169182,100000000.0,647.6938464501612,647.6938464501612,214.45226901600225,0.0,0.0
38.71046370169182,100000000.0,647.7153595416046,647.7153595416046,214.4737821074455,0.0,0.0
38.71046370169182,100000000.0,647.9586253542935,647.9586253542933,214.71704792013432,0.0,0.0
38.71046370169182,100000000.0,649.1317015523512,649.1317015523513,215.89012411819215,0.0,0.0
38.71046370169182,100000000.0,649.1761269595237,649.1761269595238,215.9345495253647,0.0,0.0
38.71046370169182,100000000.0,649.4456241925174,649.4456241925172,216.20404675835817,0.0,0.0
38.71046370169182,100000000.0,649.6317082813205,649.6317082813205,216.39013084716143,0.0,0.0
38.71046370169182,100000000.0,650.0876028549152,650.0876028549152,216.8460254207561,0.0,0.0
38.71046370169182,100000000.0,650.2749009601908,650.274900960191,217.03332352603184,0.0,0.0
38.71046370169182,100000000.0,650.3065985110595,650.3065985110593,217.06502107690045,0.0,0.0
38.71046370169182,100000000.0,650.4489830920531,650.4489830920531,217.20740565789413,0.0,0.0
38.71046370169182,100000000.0,651.0151654645239,651.015165464524,217.7735880303648,0.0,0.0
38.71046370169182,100000000.0,651.0751701411941,651.0751701411939,217.83359270703485,0.0,0.0
38.71046370169182,100000000.0,651.1652916644862,651.1652916644863,217.92371423032714,0.0,0.0
38.71046370169182,100000000.0,651.419653616183,651.4196536161832,218.17807618202414,0.0,0.0
38.71046370169182,100000000.0,651.5583271244045,651.5583271244044,218.31674969024553,0.0,0.0
38.71046370169182,100000000.0,651.5936637906052,651.5936637906052,218.3520863564462,0.0,0.0
38.71046370169182,100000000.0,651.665058140439,651.665058140439,218.4234807062799,0.0,0.0
38.71046370169182,100000000.0,651.7638135397226,651.7638135397228,218.52223610556354,0.0,0.0
38.71046370169182,100000000.0,651.9836916055629,651.9836916055627,218.74211417140373,0.0,0.0
38.71046370169182,100000000.0,652.1192019908409,652.1192019908409,218.8776245566818,0.0,0.0
38.71046370169182,100000000.0,652.2339541881996,652.2339541881997,218.99237675404072,0.0,0.0
38.71046370169182,100000000.0,652.2721938052399,652.27219380524,219.03061637108084,0.0,0.0
38.71046370169182,100000000.0,652.5439995573039,652.5439995573037,219.30242212314462,0.0,0.0
38.71046370169182,100000000.0,652.8455611862595,652.8455611862596,219.60398375210036,0.0,0.0
38.71046370169182,100000000.0,653.2464969869228,653.2464969869227,220.00491955276385,0.0,0.0
38.71046370169182,100000000.0,653.4794568901308,653.4794568901309,220.23787945597186,0.0,0.0
38.71046370169182,100000000.0,653.5294129245934,653.5294129245934,220.2878354904344,0.0,0.0
38.71046370169182,100000000.0,653.6869266389301,653.6869266389301,220.44534920477113,0.0,0.0
38.71046370169182,100000000.0,654.161518075158,654.1615180751583,220.919940640999,0.0,0.0
38.71046370169182,100000000.0,654.1914428991917,654.1914428991918,220.94986546503284,0.0,0.0
38.71046370169182,100000000.0,654.3320806595448,654.3320806595448,221.0905032253858,0.0,0.0
38.71046370169182,100000000.0,654.4812461980115,654.4812461980114,221.2396687638524,0.0,0.0
38.71046370169182,100000000.0,654.5096795605037,654.5096795605039,221.26810212634476,0.0,0.0
38.71046370169182,100000000.0,654.6951514807846,654.6951514807848,221.4535740466257,0.0,0.0
38.71046370169182,100000000.0,654.7589762419107,654.7589762419104,221.51739880775162,0.0,0.0
38.71046370169182,100000000.0,654.869220179544,654.869220179544,221.62764274538497,0.0,0.0
38.71046370169182,100000000.0,655.3468004301682,655.3468004301682,222.1052229960091,0.0,0.0
38.71046370169182,100000000.0,655.535959801659,655.5359598016589,222.29438236749976,0.0,0.0
38.71046370169182,100000000.0,655.605380374464,655.6053803744641,222.36380294030502,0.0,0.0
38.71046370169182,100000000.0,655.6643658713373,655.6643658713373,222.42278843717824,0.0,0.0
38.71046370169182,100000000.0,655.9672990135667,655.9672990135671,222.72572157940778,0.0,0.0
38.71046370169182,100000000.0,656.0825741984324,656.0825741984323,222.8409967642733,0.0,0.0
38.71046370169182,100000000.0,656.3654331585426,656.3654331585427,223.12385572438362,0.0,0.0
38.71046370169182,100000000.0,656.5758611362811,656.5758611362811,223.33428370212206,0.0,0.0
38.71046370169182,100000000.0,657.1479081219752,657.1479081219751,223.9063306878161,0.0,0.0
38.71046370169182,100000000.0,657.165618258906,657.165618258906,223.92404082474684,0.0,0.0
38.71046370169182,100000000.0,657.3832634388525,657.3832634388524,224.1416860046934,0.0,0.0
38.71046370169182,100000000.0,657.5598652466763,657.5598652466764,224.31828781251727,0.0,0.0
38.71046370169182,100000000.0,657.6080813444014,657.6080813444016,224.3665039102424,0.0,0.0
38.71046370169182,100000000.0,657.8733161680615,657.8733161680615,224.6317387339023,0.0,0.0
38.71046370169182,100000000.0,657.9342652597818,657.934265259782,224.69268782562293,0.0,0.0
38.71046370169182,100000000.0,657.9546511474081,657.954651147408,224.713073713249,0.0,0.0
38.71046370169182,100000000.0,657.9833856057236,657.9833856057238,224.7418081715646,0.0,0.0
38.71046370169182,100000000.0,658.092874248192,658.092874248192,224.85129681403288,0.0,0.0
38.71046370169182,100000000.0,658.2421486585298,658.24214865853,225.0005712243709,0.0,0.0
38.71046370169182,100000000.0,658.3883204237663,658.3883204237665,225.14674298960742,0.0,0.0
38.71046370169182,100000000.0,658.8664022846048,658.8664022846048,225.62482485044575,0.0,0.0
38.71046370169182,100000000.0,658.9093476374941,658.9093476374943,225.66777020333515,0.0,0.0
38.71046370169182,100000000.0,659.3071218921554,659.3071218921555,226.06554445799654,0.0,0.0
38.71046370169182,100000000.0,659.3234545181574,659.3234545181574,226.08187708399842,0.0,0.0
38.71046370169182,100000000.0,659.4181962060333,659.4181962060331,226.17661877187427,0.0,0.0
38.71046370169182,100000000.0,659.5965579432782,659.5965579432782,226.35498050911906,0.0,0.0
38.71046370169182,100000000.0,659.9571372153885,659.9571372153883,226.7155597812294,0.0,0.0
38.71046370169182,100000000.0,660.091960526474,660.0919605264738,226.8503830923149,0.0,0.0
38.71046370169182,100000000.0,660.2017058510698,660.2017058510698,226.96012841691075,0.0,0.0
38.71046370169182,100000000.0,660.624724036222,660.6247240362219,227.3831466020629,0.0,0.0
38.71046370169182,100000000.0,661.0725245888398,661.0725245888394,227.83094715468053,0.0,0.0
38.71046370169182,100000000.0,661.0910896902478,661.0910896902478,227.84951225608873,0.0,0.0
38.71046370169182,100000000.0,661.4410752880004,661.4410752880003,228.19949785384128,0.0,0.0
38.71046370169182,100000000.0,661.4495933339556,661.4495933339556,228.20801589979646,0.0,0.0
38.71046370169182,100000000.0,661.9121467004303,661.9121467004303,228.67056926627123,0.0,0.0
38.71046370169182,100000000.0,-1.0,584.642413898514,185.01329753047926,1.0,1.0
38.71046370169182,100000000.0,662.2058381250721,662.2058381250723,228.96426069091316,0.0,0.0
38.71046370169182,100000000.0,662.2933032800057,662.2933032800058,229.05172584584662,0.0,0.0
38.71046370169182,100000000.0,662.4048320569904,662.4048320569904,229.16325462283143,0.0,0.0
38.71046370169182,100000000.0,662.4243145721384,662.4243145721384,229.1827371379793,0.0,0.0
38.71046370169182,100000000.0,662.5048458094508,662.5048458094508,229.26326837529183,0.0,0.0
38.71046370169182,100000000.0,662.514700490076,662.5147004900762,229.2731230559171,0.0,0.0
38.71046370169182,100000000.0,663.0330545300959,663.033054530096,229.7914770959369,0.0,0.0
38.71046370169182,100000000.0,663.389686791234,663.3896867912341,230.14810935707501,0.0,0.0
38.71046370169182,100000000.0,663.4951268691334,663.4951268691334,230.25354943497427,0.0,0.0
38.71046370169182,100000000.0,663.8437033617254,663.8437033617255,230.60212592756645,0.0,0.0
38.71046370169182,100000000.0,664.0749452876249,664.0749452876249,230.83336785346583,0.0,0.0
38.71046370169182,100000000.0,664.2508157101115,664.2508157101113,231.00923827595224,0.0,0.0
38.71046370169182,100000000.0,664.4846516562675,664.4846516562673,231.2430742221083,0.0,0.0
38.71046370169182,100000000.0,664.7475994784098,664.7475994784097,231.50602204425067,0.0,0.0
38.71046370169182,100000000.0,664.887402064805,664.8874020648053,231.6458246306461,0.0,0.0
38.71046370169182,100000000.0,-1.0,588.276476128682,196.86761096759736,1.0,1.0
38.71046370169182,100000000.0,666.0880751779088,666.0880751779088,232.84649774374972,0.0,0.0
38.71046370169182,100000000.0,666.1140484911537,666.1140484911537,232.87247105699458,0.0,0.0
38.71046370169182,100000000.0,666.1960648776616,666.1960648776613,232.95448744350242,0.0,0.0
38.71046370169182,100000000.0,666.3795275039629,666.3795275039629,233.13795006980376,0.0,0.0
38.71046370169182,100000000.0,666.4213368178193,666.4213368178193,233.17975938366015,0.0,0.0
38.71046370169182,100000000.0,666.6113589304525,666.6113589304525,233.36978149629348,0.0,0.0
38.71046370169182,100000000.0,667.4852621209877,667.4852621209877,234.2436846868287,0.0,0.0
38.71046370169182,100000000.0,667.6654262266841,667.6654262266841,234.4238487925249,0.0,0.0
38.71046370169182,100000000.0,667.8353379128389,667.8353379128389,234.5937604786798,0.0,0.0
38.71046370169182,100000000.0,667.9367511428215,667.9367511428215,234.6951737086624,0.0,0.0
38.71046370169182,100000000.0,668.2263221929272,668.2263221929273,234.98474475876816,0.0,0.0
38.71046370169182,100000000.0,668.3578740370007,668.3578740370008,235.1162966028416,0.0,0.0
38.71046370169182,100000000.0,669.2837881211309,669.2837881211309,236.04221068697186,0.0,0.0
38.71046370169182,100000000.0,669.7810701157078,669.7810701157078,236.5394926815488,0.0,0.0
38.71046370169182,100000000.0,669.9793278696814,669.9793278696814,236.73775043552226,0.0,0.0
38.71046370169182,100000000.0,-1.0,592.677221522926,194.75142627325647,1.0,1.0
38.71046370169182,100000000.0,670.1080295483113,670.1080295483114,236.8664521141523,0.0,0.0
38.71046370169182,100000000.0,670.1172701931782,670.1172701931781,236.875692759019,0.0,0.0
38.71046370169182,100000000.0,671.3956985268773,671.3956985268773,238.15412109271824,0.0,0.0
38.71046370169182,100000000.0,671.7109147310529,671.7109147310529,238.46933729689357,0.0,0.0
38.71046370169182,100000000.0,672.0330016841775,672.0330016841776,238.79142425001868,0.0,0.0
38.71046370169182,100000000.0,672.3566875876483,672.3566875876483,239.11511015348927,0.0,0.0
38.71046370169182,100000000.0,674.752483958843,674.752483958843,241.51090652468397,0.0,0.0
41.936335676832805,100000000.0,648.8986246901908,648.8986246901907,215.65704725603166,0.0,0.0
41.936335676832805,100000000.0,649.629031978938,649.6290319789379,216.3874545447789,0.0,0.0
41.936335676832805,100000000.0,658.7773336090186,658.7773336090187,225.53575617485967,0.0,0.0
41.936335676832805,100000000.0,659.4751630501619,659.475163050162,226.23358561600287,0.0,0.0
41.936335676832805,100000000.0,659.6852740880257,659.6852740880257,226.44369665386677,0.0,0.0
41.936335676832805,100000000.0,661.7538178256249,661.753817825625,228.51224039146604,0.0,0.0
41.936335676832805,100000000.0,662.2386926230857,662.2386926230857,228.9971151889267,0.0,0.0
41.936335676832805,100000000.0,662.2479865642866,662.2479865642869,229.00640913012774,0.0,0.0
41.936335676832805,100000000.0,662.7858269992312,662.7858269992313,229.54424956507216,0.0,0.0
41.936335676832805,100000000.0,663.1782955084227,663.1782955084228,229.93671807426358,0.0,0.0
41.936335676832805,100000000.0,663.904064394616,663.9040643946158,230.66248696045687,0.0,0.0
41.936335676832805,100000000.0,664.143776214724,664.1437762147242,230.902198780565,0.0,0.0
41.936335676832805,100000000.0,664.431731195315,664.4317311953149,231.19015376115595,0.0,0.0
41.936335676832805,100000000.0,665.8163014109074,665.8163014109074,232.5747239767483,0.0,0.0
41.936335676832805,100000000.0,666.0486988127113,666.0486988127113,232.80712137855232,0.0,0.0
41.936335676832805,100000000.0,666.1412423505107,666.1412423505108,232.8996649163516,0.0,0.0
41.936335676832805,100000000.0,666.4455079518777,666.4455079518775,233.20393051771848,0.0,0.0
41.936335676832805,100000000.0,666.6085000417174,666.6085000417177,233.36692260755856,0.0,0.0
41.936335676832805,100000000.0,666.6757263551457,666.6757263551457,233.4341489209866,0.0,0.0
41.936335676832805,100000000.0,666.7656097358988,666.7656097358988,233.5240323017398,0.0,0.0
41.936335676832805,100000000.0,667.1108172587365,667.1108172587365,233.86923982457733,0.0,0.0
41.936335676832805,100000000.0,667.155655625073,667.155655625073,233.914078190914,0.0,0.0
41.936335676832805,100000000.0,667.2404533443653,667.2404533443655,233.99887591020646,0.0,0.0
41.936335676832805,100000000.0,667.278804637723,667.2788046377232,234.03722720356407,0.0,0.0
41.936335676832805,100000000.0,667.4924958029749,667.492495802975,234.2509183688158,0.0,0.0
41.936335676832805,100000000.0,667.5786640585648,667.5786640585649,234.3370866244057,0.0,0.0
41.936335676832805,100000000.0,667.8316684516627,667.8316684516626,234.5900910175036,0.0,0.0
41.936335676832805,100000000.0,667.901335089705,667.9013350897051,234.6597576555459,0.0,0.0
41.936335676832805,100000000.0,668.6852486630338,668.6852486630337,235.4436712288745,0.0,0.0
41.936335676832805,100000000.0,669.0886289737241,669.0886289737241,235.84705153956497,0.0,0.0
41.936335676832805,100000000.0,669.4063518563439,669.406351856344,236.16477442218488,0.0,0.0
41.936335676832805,100000000.0,669.4263292242338,669.4263292242337,236.18475179007456,0.0,0.0
41.936335676832805,100000000.0,669.6739390798705,669.6739390798704,236.43236164571147,0.0,0.0
41.936335676832805,100000000.0,669.7537973663852,669.7537973663852,236.51221993222632,0.0,0.0
41.936335676832805,100000000.0,669.8860913393451,669.8860913393453,236.64451390518624,0.0,0.0
41.936335676832805,100000000.0,669.9250262107984,669.9250262107985,236.68344877663952,0.0,0.0
41.936335676832805,100000000.0,670.2735966032413,670.2735966032412,237.0320191690821,0.0,0.0
41.936335676832805,100000000.0,670.3150702447602,670.3150702447604,237.0734928106011,0.0,0.0
41.936335676832805,100000000.0,670.3386834040916,670.3386834040917,237.09710596993256,0.0,0.0
41.936335676832805,100000000.0,670.3631314513125,670.3631314513123,237.12155401715336,0.0,0.0
41.936335676832805,100000000.0,670.3851308029457,670.3851308029456,237.14355336878666,0.0,0.0
41.936335676832805,100000000.0,670.4726499549456,670.4726499549456,237.23107252078643,0.0,0.0
41.936335676832805,100000000.0,670.6270915791737,670.6270915791738,237.3855141450149,0.0,0.0
41.936335676832805,100000000.0,671.2505342556332,671.250534255633,238.00895682147404,0.0,0.0
41.936335676832805,100000000.0,671.3488877289847,671.3488877289846,238.1073102948255,0.0,0.0
41.936335676832805,100000000.0,671.3495590737609,671.349559073761,238.10798163960195,0.0,0.0
41.936335676832805,100000000.0,671.4358311022706,671.4358311022705,238.1942536681114,0.0,0.0
41.936335676832805,100000000.0,671.674770252506,671.674770252506,238.43319281834698,0.0,0.0
41.936335676832805,100000000.0,671.9625525347635,671.9625525347634,238.72097510060453,0.0,0.0
41.936335676832805,100000000.0,672.0361710124685,672.0361710124686,238.79459357830947,0.0,0.0
41.936335676832805,100000000.0,672.077209429099,672.077209429099,238.83563199493986,0.0,0.0
41.936335676832805,100000000.0,672.3195771234263,672.3195771234263,239.0779996892672,0.0,0.0
41.936335676832805,100000000.0,672.417879086253,672.417879086253,239.17630165209397,0.0,0.0
41.936335676832805,100000000.0,672.5304820836277,672.5304820836279,239.28890464946872,0.0,0.0
41.936335676832805,100000000.0,672.5409942700956,672.5409942700953,239.29941683593637,0.0,0.0
41.936335676832805,100000000.0,672.811322199485,672.8113221994848,239.56974476532594,0.0,0.0
41.936335676832805,100000000.0,672.8356892225182,672.8356892225181,239.59411178835904,0.0,0.0
41.936335676832805,100000000.0,672.8715938707014,672.8715938707013,239.63001643654238,0.0,0.0
41.936335676832805,100000000.0,673.0309868564132,673.0309868564133,239.78940942225412,0.0,0.0
41.936335676832805,100000000.0,673.1142043570682,673.1142043570683,239.87262692290918,0.0,0.0
41.936335676832805,100000000.0,673.1871878498969,673.187187849897,239.94561041573772,0.0,0.0
41.936335676832805,100000000.0,673.5259933657044,673.5259933657045,240.28441593154542,0.0,0.0
41.936335676832805,100000000.0,673.6834823878073,673.683482387807,240.44190495364796,0.0,0.0
41.936335676832805,100000000.0,674.0240022758517,674.0240022758516,240.78242484169252,0.0,0.0
41.936335676832805,100000000.0,674.3210289093622,674.3210289093621,241.07945147520311,0.0,0.0
41.936335676832805,100000000.0,674.6041490718465,674.6041490718465,241.36257163768735,0.0,0.0
41.936335676832805,100000000.0,674.6573478488448,674.6573478488446,241.41577041468574,0.0,0.0
41.936335676832805,100000000.0,674.7438465092406,674.7438465092406,241.5022690750816,0.0,0.0
41.936335676832805,100000000.0,674.8836524459971,674.8836524459972,241.6420750118381,0.0,0.0
41.936335676832805,100000000.0,674.9886838646518,674.9886838646518,241.7471064304928,0.0,0.0
41.936335676832805,100000000.0,675.0542863291628,675.0542863291627,241.81270889500365,0.0,0.0
41.936335676832805,100000000.0,675.2091153953368,675.2091153953367,241.96753796117764,0.0,0.0
41.936335676832805,100000000.0,675.5028541646872,675.5028541646874,242.2612767305281,0.0,0.0
41.936335676832805,100000000.0,675.5417937012649,675.5417937012647,242.3002162671058,0.0,0.0
41.936335676832805,100000000.0,675.832967815061,675.832967815061,242.59139038090206,0.0,0.0
41.936335676832805,100000000.0,676.230814990097,676.230814990097,242.98923755593793,0.0,0.0
41.936335676832805,100000000.0,676.5645791645865,676.5645791645865,243.32300173042736,0.0,0.0
41.936335676832805,100000000.0,676.7162001889103,676.7162001889104,243.47462275475144,0.0,0.0
41.936335676832805,100000000.0,676.8877112487842,676.8877112487843,243.64613381462533,0.0,0.0
41.936335676832805,100000000.0,677.478962591984,677.4789625919839,244.23738515782475,0.0,0.0
41.936335676832805,100000000.0,677.6878980273838,677.6878980273839,244.44632059322464,0.0,0.0
41.936335676832805,100000000.0,678.0261663172007,678.0261663172007,244.78458888304166,0.0,0.0
41.936335676832805,100000000.0,678.1999777182376,678.1999777182376,244.95840028407852,0.0,0.0
41.936335676832805,100000000.0,678.2366764893949,678.2366764893948,244.99509905523573,0.0,0.0
41.936335676832805,100000000.0,678.4280708145535,678.4280708145534,245.18649338039455,0.0,0.0
41.936335676832805,100000000.0,678.5234621048166,678.5234621048168,245.28188467065775,0.0,0.0
41.936335676832805,100000000.0,679.0524122234879,679.052412223488,245.8108347893288,0.0,0.0
41.936335676832805,100000000.0,679.0588332326523,679.0588332326522,245.81725579849322,0.0,0.0
41.936335676832805,100000000.0,679.0598756308133,679.0598756308135,245.81829819665435,0.0,0.0
41.936335676832805,100000000.0,679.1633134834111,679.1633134834111,245.92173604925213,0.0,0.0
41.936335676832805,100000000.0,679.529381511087,679.5293815110869,246.28780407692796,0.0,0.0
41.936335676832805,100000000.0,679.8311559707811,679.831155970781,246.58957853662199,0.0,0.0
41.936335676832805,100000000.0,680.4207482326278,680.4207482326276,247.1791707984686,0.0,0.0
41.936335676832805,100000000.0,680.7827495024445,680.7827495024446,247.54117206828545,0.0,0.0
41.936335676832805,100000000.0,681.0901318477416,681.0901318477418,247.84855441358266,0.0,0.0
41.936335676832805,100000000.0,681.1352168273705,681.1352168273705,247.89363939321152,0.0,0.0
41.936335676832805,100000000.0,681.2593314674335,681.2593314674335,248.01775403327437,0.0,0.0
41.936335676832805,100000000.0,681.4405032690664,681.4405032690664,248.1989258349075,0.0,0.0
41.936335676832805,100000000.0,681.451224033817,681.4512240338171,248.209646599658,0.0,0.0
41.936335676832805,100000000.0,681.4723134523334,681.4723134523334,248.23073601817427,0.0,0.0
41.936335676832805,100000000.0,681.8372581240512,681.8372581240515,248.59568068989228,0.0,0.0
41.936335676832805,100000000.0,682.088281831762,682.0882818317617,248.8467043976028,0.0,0.0
41.936335676832805,100000000.0,682.2817203359831,682.2817203359831,249.04014290182408,0.0,0.0
41.936335676832805,100000000.0,682.3599232102603,682.3599232102604,249.1183457761012,0.0,0.0
41.936335676832805,100000000.0,682.7832433293626,682.7832433293627,249.54166589520355,0.0,0.0
41.936335676832805,100000000.0,682.9640684960993,682.9640684960993,249.72249106194013,0.0,0.0
41.936335676832805,100000000.0,683.0407025767832,683.0407025767832,249.7991251426241,0.0,0.0
41.936335676832805,100000000.0,683.7066724767878,683.7066724767878,250.4650950426289,0.0,0.0
41.936335676832805,100000000.0,683.945249496123,683.9452494961232,250.70367206196397,0.0,0.0
41.936335676832805,100000000.0,684.2990543501612,684.2990543501612,251.0574769160021,0.0,0.0
41.936335676832805,100000000.0,685.2066781103955,685.2066781103957,251.96510067623663,0.0,0.0
41.936335676832805,100000000.0,685.243770058776,685.2437700587759,252.002192624617,0.0,0.0
41.936335676832805,100000000.0,685.2495357937378,685.2495357937378,252.0079583595787,0.0,0.0
41.936335676832805,100000000.0,685.6990083939039,685.6990083939038,252.45743095974478,0.0,0.0
41.936335676832805,100000000.0,686.0074293477763,686.0074293477763,252.76585191361738,0.0,0.0
41.936335676832805,100000000.0,686.0659008459384,686.0659008459386,252.82432341177937,0.0,0.0
41.936335676832805,100000000.0,686.305122639881,686.305122639881,253.06354520572194,0.0,0.0
41.936335676832805,100000000.0,686.3717465365692,686.371746536569,253.13016910241004,0.0,0.0
41.936335676832805,100000000.0,686.9635343247318,686.9635343247317,253.72195689057264,0.0,0.0
41.936335676832805,100000000.0,688.2266280167332,688.2266280167331,254.98505058257422,0.0,0.0
41.936335676832805,100000000.0,689.2041715097918,689.2041715097921,255.96259407563292,0.0,0.0
41.936335676832805,100000000.0,689.5224356620852,689.5224356620851,256.28085822792593,0.0,0.0
41.936335676832805,100000000.0,689.8406230730909,689.840623073091,256.59904563893184,0.0,0.0
41.936335676832805,100000000.0,690.1670249516093,690.1670249516093,256.9254475174502,0.0,0.0
41.936335676832805,100000000.0,690.6292455088472,690.6292455088472,257.38766807468824,0.0,0.0
41.936335676832805,100000000.0,690.7062420042556,690.7062420042558,257.4646645700967,0.0,0.0
41.936335676832805,100000000.0,692.0154508561358,692.015450856136,258.7738734219769,0.0,0.0
41.936335676832805,100000000.0,693.2346227982292,693.2346227982292,259.99304536407,0.0,0.0
34.678123732765584,100000000.0,621.5556856180011,621.555685618001,188.3141081838419,0.0,0.0
34.678123732765584,100000000.0,628.16631443198,628.1663144319799,194.92473699782087,0.0,0.0
34.678123732765584,100000000.0,628.4350328380411,628.4350328380411,195.19345540388204,0.0,0.0
34.678123732765584,100000000.0,629.1237474094135,629.1237474094136,195.8821699752544,0.0,0.0
34.678123732765584,100000000.0,630.3901285407162,630.3901285407161,197.14855110655702,0.0,0.0
34.678123732765584,100000000.0,630.9738883099772,630.973888309977,197.73231087581806,0.0,0.0
34.678123732765584,100000000.0,631.0766251458411,631.076625145841,197.83504771168194,0.0,0.0
34.678123732765584,100000000.0,631.5241249015975,631.5241249015975,198.28254746743855,0.0,0.0
34.678123732765584,100000000.0,-1.0,562.4140121583534,175.2407799656381,1.0,1.0
34.678123732765584,100000000.0,632.8313678138761,632.8313678138761,199.58979037971707,0.0,0.0
34.678123732765584,100000000.0,633.2658637299252,633.2658637299253,200.02428629576616,0.0,0.0
34.678123732765584,100000000.0,-1.0,564.2895887596849,177.11635656696956,1.0,1.0
34.678123732765584,100000000.0,633.7365848293167,633.7365848293168,200.4950073951578,0.0,0.0
34.678123732765584,100000000.0,633.9678733562502,633.96787335625,200.72629592209114,0.0,0.0
34.678123732765584,100000000.0,633.9838055540854,633.9838055540854,200.74222811992647,0.0,0.0
34.678123732765584,100000000.0,634.0201213115013,634.0201213115015,200.77854387734237,0.0,0.0
34.678123732765584,100000000.0,634.218953022696,634.218953022696,200.97737558853692,0.0,0.0
34.678123732765584,100000000.0,634.3133245680142,634.3133245680141,201.07174713385498,0.0,0.0
34.678123732765584,100000000.0,-1.0,565.2100287674741,182.22999602077175,1.0,1.0
34.678123732765584,100000000.0,634.5723200640389,634.572320064039,201.33074262987986,0.0,0.0
34.678123732765584,100000000.0,635.0210562455616,635.0210562455616,201.7794788114026,0.0,0.0
34.678123732765584,100000000.0,635.0516286086554,635.0516286086556,201.81005117449635,0.0,0.0
34.678123732765584,100000000.0,-1.0,565.9470024553959,178.185176692502,1.0,1.0
34.678123732765584,100000000.0,635.3268764733058,635.3268764733059,202.0852990391469,0.0,0.0
34.678123732765584,100000000.0,635.4322139960948,635.4322139960949,202.19063656193566,0.0,0.0
34.678123732765584,100000000.0,635.5158673776203,635.5158673776202,202.27428994346118,0.0,0.0
34.678123732765584,100000000.0,635.5181498481539,635.5181498481539,202.27657241399487,0.0,0.0
34.678123732765584,100000000.0,635.6172028858286,635.6172028858286,202.37562545166958,0.0,0.0
34.678123732765584,100000000.0,-1.0,566.4469301576391,181.93466881372768,1.0,1.0
34.678123732765584,100000000.0,635.8182684026472,635.8182684026474,202.5766909684883,0.0,0.0
34.678123732765584,100000000.0,636.2564982995118,636.2564982995119,203.01492086535285,0.0,0.0
34.678123732765584,100000000.0,636.566314323958,636.5663143239581,203.32473688979897,0.0,0.0
34.678123732765584,100000000.0,636.6353057289267,636.6353057289267,203.39372829476767,0.0,0.0
34.678123732765584,100000000.0,-1.0,567.2926914137244,184.82727121068854,1.0,1.0
34.678123732765584,100000000.0,636.8100093126266,636.8100093126268,203.56843187846755,0.0,0.0
34.678123732765584,100000000.0,-1.0,567.5000484753183,183.67533889082242,1.0,1.0
34.678123732765584,100000000.0,-1.0,567.8277041754699,184.26003700047949,1.0,1.0
34.678123732765584,100000000.0,637.3075098104331,637.3075098104332,204.06593237627408,0.0,0.0
34.678123732765584,100000000.0,637.3914444460079,637.3914444460078,204.14986701184887,0.0,0.0
34.678123732765584,100000000.0,-1.0,568.1202789847391,177.12313775278523,1.0,1.0
34.678123732765584,100000000.0,637.5449487160475,637.5449487160475,204.30337128188856,0.0,0.0
34.678123732765584,100000000.0,-1.0,568.2040014727742,186.30835523982134,1.0,1.0
34.678123732765584,100000000.0,-1.0,568.2974484869358,189.1313714262479,1.0,1.0
34.678123732765584,100000000.0,637.8843672920374,637.8843672920374,204.64278985787837,0.0,0.0
34.678123732765584,100000000.0,637.9113974014456,637.9113974014456,204.6698199672865,0.0,0.0
34.678123732765584,100000000.0,637.935955782853,637.9359557828531,204.69437834869396,0.0,0.0
34.678123732765584,100000000.0,638.0519188113268,638.0519188113268,204.81034137716787,0.0,0.0
34.678123732765584,100000000.0,638.1222875122514,638.1222875122514,204.88071007809256,0.0,0.0
34.678123732765584,100000000.0,-1.0,569.1797113808559,183.55119669132847,1.0,1.0
34.678123732765584,100000000.0,638.5514447662769,638.551444766277,205.30986733211776,0.0,0.0
34.678123732765584,100000000.0,-1.0,569.6010655476773,186.8642055388739,1.0,1.0
34.678123732765584,100000000.0,639.1489307150786,639.1489307150786,205.9073532809195,0.0,0.0
34.678123732765584,100000000.0,639.15240829627,639.15240829627,205.910830862111,0.0,0.0
34.678123732765584,100000000.0,-1.0,569.8297643965328,174.39449718952446,1.0,1.0
34.678123732765584,100000000.0,639.2973315251996,639.2973315251995,206.05575409104057,0.0,0.0
34.678123732765584,100000000.0,-1.0,570.0303348520341,186.71158940449544,1.0,1.0
34.678123732765584,100000000.0,-1.0,570.0610150889344,185.81384649171807,1.0,1.0
34.678123732765584,100000000.0,639.5683139048627,639.5683139048627,206.3267364707036,0.0,0.0
34.678123732765584,100000000.0,-1.0,570.3744337003365,185.19960506252804,1.0,1.0
34.678123732765584,100000000.0,639.9876527622679,639.9876527622675,206.7460753281088,0.0,0.0
34.678123732765584,100000000.0,640.168924353597,640.168924353597,206.92734691943798,0.0,0.0
34.678123732765584,100000000.0,640.3058680808962,640.3058680808961,207.06429064673696,0.0,0.0
34.678123732765584,100000000.0,640.3575816780315,640.3575816780315,207.11600424387234,0.0,0.0
34.678123732765584,100000000.0,-1.0,571.2867949349361,188.12840433054868,1.0,1.0
34.678123732765584,100000000.0,641.1963074160276,641.1963074160277,207.95472998186855,0.0,0.0
34.678123732765584,100000000.0,-1.0,571.8697650801595,187.15872061655776,1.0,1.0
34.678123732765584,100000000.0,-1.0,571.9416898465223,188.04719067481213,1.0,1.0
34.678123732765584,100000000.0,641.5237984591085,641.5237984591083,208.28222102494948,0.0,0.0
34.678123732765584,100000000.0,641.5289242270819,641.528924227082,208.28734679292282,0.0,0.0
34.678123732765584,100000000.0,-1.0,572.1969033197506,191.01046818707547,1.0,1.0
34.678123732765584,100000000.0,-1.0,572.2249405989213,188.4465178230986,1.0,1.0
34.678123732765584,100000000.0,-1.0,572.2659970676204,186.99920974369564,1.0,1.0
34.678123732765584,100000000.0,641.6549850009278,641.6549850009277,208.41340756676877,0.0,0.0
34.678123732765584,100000000.0,-1.0,572.5555301670062,193.38945310631829,1.0,1.0
34.678123732765584,100000000.0,-1.0,572.6150731639282,189.60796890958213,1.0,1.0
34.678123732765584,100000000.0,641.9942775526324,641.9942775526326,208.75270011847354,0.0,0.0
34.678123732765584,100000000.0,-1.0,572.6447389232147,190.00408460601165,1.0,1.0
34.678123732765584,100000000.0,642.1719774707683,642.1719774707684,208.93040003660934,0.0,0.0
34.678123732765584,100000000.0,642.4511001072071,642.4511001072071,209.20952267304804,0.0,0.0
34.678123732765584,100000000.0,642.4662534813422,642.4662534813424,209.22467604718327,0.0,0.0
34.678123732765584,100000000.0,642.5864680877835,642.5864680877833,209.34489065362422,0.0,0.0
34.678123732765584,100000000.0,642.5972116332792,642.5972116332792,209.3556341991203,0.0,0.0
34.678123732765584,100000000.0,-1.0,573.2652921684039,190.81024219647836,1.0,1.0
34.678123732765584,100000000.0,642.6863168383842,642.6863168383843,209.44473940422526,0.0,0.0
34.678123732765584,100000000.0,-1.0,573.9803574503078,190.38780065758695,1.0,1.0
34.678123732765584,100000000.0,-1.0,504.82652165921274,168.8896228668351,2.0,2.0
34.678123732765584,100000000.0,-1.0,574.4269684961218,186.9476543053539,1.0,1.0
34.678123732765584,100000000.0,-1.0,574.4444911339374,192.08449055867038,1.0,1.0
34.678123732765584,100000000.0,643.840291087068,643.8402910870682,210.598713652909,0.0,0.0
34.678123732765584,100000000.0,-1.0,574.7436120635679,190.41695506493392,1.0,1.0
34.678123732765584,100000000.0,644.4060213967956,644.4060213967955,211.16444396263654,0.0,0.0
34.678123732765584,100000000.0,-1.0,575.1557803966655,188.63401897664204,1.0,1.0
34.678123732765584,100000000.0,-1.0,575.232273055876,188.79684309084055,1.0,1.0
34.678123732765584,100000000.0,-1.0,505.88292172425184,166.25578738387625,2.0,2.0
34.678123732765584,100000000.0,644.7565721608782,644.7565721608781,211.51499472671924,0.0,0.0
34.678123732765584,100000000.0,-1.0,575.8637011007834,189.5202975384451,1.0,1.0
34.678123732765584,100000000.0,645.3097862679919,645.309786267992,212.0682088338329,0.0,0.0
34.678123732765584,100000000.0,-1.0,575.9615355528852,186.383328532486,1.0,1.0
34.678123732765584,100000000.0,-1.0,576.0335809236266,185.15801636366226,1.0,1.0
34.678123732765584,100000000.0,646.2282468631652,646.2282468631649,212.9866694290059,0.0,0.0
34.678123732765584,100000000.0,-1.0,576.9210131365437,197.75493607585568,1.0,1.0
34.678123732765584,100000000.0,-1.0,577.2181390590528,194.7527188560167,1.0,1.0
34.678123732765584,100000000.0,646.8973483545676,646.8973483545676,213.65577092040857,0.0,0.0
34.678123732765584,100000000.0,646.9835350502622,646.9835350502623,213.7419576161031,0.0,0.0
34.678123732765584,100000000.0,647.35562625737,647.3556262573697,214.11404882321085,0.0,0.0
34.678123732765584,100000000.0,-1.0,578.0768995132117,193.56463816930017,1.0,1.0
34.678123732765584,100000000.0,-1.0,578.1536150893037,188.66480082242379,1.0,1.0
34.678123732765584,100000000.0,-1.0,578.2985864065914,190.50187939455884,1.0,1.0
34.678123732765584,100000000.0,647.797674892109,647.7976748921093,214.55609745795013,0.0,0.0
34.678123732765584,100000000.0,-1.0,578.5298214473274,196.01376679607532,1.0,1.0
34.678123732765584,100000000.0,-1.0,578.8794743987442,196.10896317401694,1.0,1.0
34.678123732765584,100000000.0,-1.0,579.7469200304996,199.21047697316183,1.0,1.0
34.678123732765584,100000000.0,649.2387976840323,649.2387976840322,215.9972202498732,0.0,0.0
34.678123732765584,100000000.0,649.3662559562545,649.3662559562546,216.1246785220955,0.0,0.0
34.678123732765584,100000000.0,-1.0,580.2327734079196,192.25612933746936,1.0,1.0
34.678123732765584,100000000.0,-1.0,580.2420070181131,187.6088987487225,1.0,1.0
34.678123732765584,100000000.0,-1.0,580.4105112181613,188.7764739451597,1.0,1.0
34.678123732765584,100000000.0,-1.0,580.8191232309833,194.17578513897035,1.0,1.0
34.678123732765584,100000000.0,650.6153891726005,650.6153891726005,217.3738117384415,0.0,0.0
34.678123732765584,100000000.0,650.7248646640493,650.7248646640492,217.4832872298902,0.0,0.0
34.678123732765584,100000000.0,650.7434405209941,650.7434405209942,217.5018630868352,0.0,0.0
34.678123732765584,100000000.0,-1.0,582.0214292685018,199.4811553751112,1.0,1.0
34.678123732765584,100000000.0,-1.0,583.4612497989251,192.72997858797834,1.0,1.0
34.678123732765584,100000000.0,654.240622687879,654.240622687879,220.99904525371997,0.0,0.0
34.678123732765584,100000000.0,654.291967425609,654.2919674256091,221.0503899914499,0.0,0.0
34.678123732765584,100000000.0,654.3238076440122,654.3238076440122,221.08223020985312,0.0,0.0
34.678123732765584,100000000.0,657.5962430756773,657.5962430756774,224.3546656415182,0.0,0.0
34.678123732765584,100000000.0,-1.0,521.0317965150468,174.77527867961933,2.0,2.0
37.09752771412133,100000000.0,632.1817281236372,632.1817281236372,198.94015068947814,0.0,0.0
37.09752771412133,100000000.0,636.3117477399568,636.3117477399568,203.07017030579775,0.0,0.0
37.09752771412133,100000000.0,637.4416964676707,637.4416964676707,204.20011903351173,0.0,0.0
37.09752771412133,100000000.0,638.0093920605418,638.009392060542,204.76781462638291,0.0,0.0
37.09752771412133,100000000.0,638.6294924377863,638.6294924377863,205.3879150036273,0.0,0.0
37.09752771412133,100000000.0,639.4038580956903,639.4038580956903,206.16228066153124,0.0,0.0
37.09752771412133,100000000.0,639.8719498748982,639.8719498748983,206.63037244073922,0.0,0.0
37.09752771412133,100000000.0,641.3373752166227,641.3373752166226,208.09579778246362,0.0,0.0
37.09752771412133,100000000.0,642.4535762669916,642.4535762669917,209.21199883283268,0.0,0.0
37.09752771412133,100000000.0,643.1232694960419,643.123269496042,209.88169206188286,0.0,0.0
37.09752771412133,100000000.0,643.2947478454254,643.2947478454254,210.0531704112663,0.0,0.0
37.09752771412133,100000000.0,643.4991301211579,643.4991301211578,210.25755268699885,0.0,0.0
37.09752771412133,100000000.0,643.7343848131692,643.7343848131693,210.4928073790102,0.0,0.0
37.09752771412133,100000000.0,643.792935580638,643.7929355806381,210.551358146479,0.0,0.0
37.09752771412133,100000000.0,644.021357505126,644.0213575051263,210.77978007096704,0.0,0.0
37.09752771412133,100000000.0,644.382337537682,644.382337537682,211.140760103523,0.0,0.0
37.09752771412133,100000000.0,644.7751821383109,644.775182138311,211.533604704152,0.0,0.0
37.09752771412133,100000000.0,644.9013782082802,644.9013782082803,211.65980077412112,0.0,0.0
37.09752771412133,100000000.0,644.9965239347711,644.9965239347712,211.7549465006122,0.0,0.0
37.09752771412133,100000000.0,645.0443233261366,645.0443233261365,211.80274589197748,0.0,0.0
37.09752771412133,100000000.0,645.4808967901745,645.4808967901744,212.23931935601533,0.0,0.0
37.09752771412133,100000000.0,646.2721742202416,646.2721742202416,213.03059678608247,0.0,0.0
37.09752771412133,100000000.0,646.4046374056217,646.4046374056215,213.1630599714626,0.0,0.0
37.09752771412133,100000000.0,-1.0,572.2380685281826,188.61528403246948,1.0,1.0
37.09752771412133,100000000.0,646.5258689833539,646.5258689833538,213.28429154919485,0.0,0.0
37.09752771412133,100000000.0,646.526216196524,646.5262161965238,213.28463876236495,0.0,0.0
37.09752771412133,100000000.0,646.6183912156631,646.6183912156632,213.37681378150404,0.0,0.0
37.09752771412133,100000000.0,646.7801267074905,646.7801267074907,213.53854927333154,0.0,0.0
37.09752771412133,100000000.0,646.8149249409919,646.8149249409919,213.5733475068328,0.0,0.0
37.09752771412133,100000000.0,646.9791331858211,646.9791331858211,213.73755575166206,0.0,0.0
37.09752771412133,100000000.0,647.2051269797292,647.205126979729,213.9635495455701,0.0,0.0
37.09752771412133,100000000.0,-1.0,573.1710024808665,184.1713467003672,1.0,1.0
37.09752771412133,100000000.0,647.8720069816261,647.872006981626,214.63042954746692,0.0,0.0
37.09752771412133,100000000.0,647.9250005896566,647.9250005896565,214.6834231554977,0.0,0.0
37.09752771412133,100000000.0,647.9252932185478,647.925293218548,214.6837157843889,0.0,0.0
37.09752771412133,100000000.0,648.2165569002415,648.2165569002415,214.97497946608237,0.0,0.0
37.09752771412133,100000000.0,648.2424694428555,648.2424694428554,215.0008920086965,0.0,0.0
37.09752771412133,100000000.0,648.3574081323615,648.3574081323616,215.1158306982025,0.0,0.0
37.09752771412133,100000000.0,648.4750539523703,648.4750539523704,215.23347651821123,0.0,0.0
37.09752771412133,100000000.0,648.7661756122542,648.7661756122542,215.52459817809512,0.0,0.0
37.09752771412133,100000000.0,648.816735798097,648.816735798097,215.57515836393804,0.0,0.0
37.09752771412133,100000000.0,648.9410997193838,648.9410997193838,215.69952228522476,0.0,0.0
37.09752771412133,100000000.0,649.0953998642582,649.0953998642581,215.85382243009914,0.0,0.0
37.09752771412133,100000000.0,649.1280030100343,649.1280030100343,215.88642557587525,0.0,0.0
37.09752771412133,100000000.0,-1.0,575.0230804861122,186.76018430408243,1.0,1.0
37.09752771412133,100000000.0,649.2582637431517,649.2582637431518,216.01668630899272,0.0,0.0
37.09752771412133,100000000.0,649.3691928899036,649.3691928899036,216.12761545574466,0.0,0.0
37.09752771412133,100000000.0,649.3757361974428,649.375736197443,216.13415876328392,0.0,0.0
37.09752771412133,100000000.0,649.403720132191,649.4037201321908,216.16214269803174,0.0,0.0
37.09752771412133,100000000.0,649.4249695973174,649.4249695973172,216.18339216315832,0.0,0.0
37.09752771412133,100000000.0,649.4793188816717,649.4793188816718,216.23774144751275,0.0,0.0
37.09752771412133,100000000.0,649.5903666013647,649.5903666013646,216.34878916720552,0.0,0.0
37.09752771412133,100000000.0,650.0357712054267,650.0357712054266,216.79419377126757,0.0,0.0
37.09752771412133,100000000.0,650.1379017544401,650.13790175444,216.89632432028094,0.0,0.0
37.09752771412133,100000000.0,650.1472410088734,650.1472410088735,216.90566357471437,0.0,0.0
37.09752771412133,100000000.0,650.6522966785077,650.6522966785074,217.41071924434843,0.0,0.0
37.09752771412133,100000000.0,-1.0,576.8865301975337,193.8090986965219,1.0,1.0
37.09752771412133,100000000.0,651.1806618277384,651.1806618277383,217.93908439357935,0.0,0.0
37.09752771412133,100000000.0,651.1863944097923,651.1863944097922,217.9448169756332,0.0,0.0
37.09752771412133,100000000.0,651.3424489387071,651.3424489387071,218.10087150454805,0.0,0.0
37.09752771412133,100000000.0,-1.0,577.1893644568311,192.54810958044376,1.0,1.0
37.09752771412133,100000000.0,651.4284659929692,651.4284659929691,218.18688855881015,0.0,0.0
37.09752771412133,100000000.0,651.480847541121,651.480847541121,218.2392701069619,0.0,0.0
37.09752771412133,100000000.0,651.7151283149656,651.7151283149653,218.47355088080639,0.0,0.0
37.09752771412133,100000000.0,651.8992890917402,651.8992890917402,218.65771165758125,0.0,0.0
37.09752771412133,100000000.0,652.1730311373011,652.1730311373013,218.9314537031423,0.0,0.0
37.09752771412133,100000000.0,652.2274826085761,652.2274826085761,218.98590517441716,0.0,0.0
37.09752771412133,100000000.0,652.6253752863346,652.6253752863347,219.3837978521756,0.0,0.0
37.09752771412133,100000000.0,652.9513247171163,652.9513247171164,219.70974728295724,0.0,0.0
37.09752771412133,100000000.0,653.058154156564,653.0581541565639,219.81657672240493,0.0,0.0
37.09752771412133,100000000.0,653.1725676117304,653.1725676117305,219.93099017757152,0.0,0.0
37.09752771412133,100000000.0,654.0530384703014,654.0530384703013,220.81146103614236,0.0,0.0
37.09752771412133,100000000.0,654.099625522096,654.0996255220961,220.858048087937,0.0,0.0
37.09752771412133,100000000.0,654.2300292523296,654.2300292523296,220.98845181817055,0.0,0.0
37.09752771412133,100000000.0,654.3815875938194,654.3815875938194,221.14001015966025,0.0,0.0
37.09752771412133,100000000.0,654.6105250015302,654.6105250015303,221.36894756737124,0.0,0.0
37.09752771412133,100000000.0,654.7648014098763,654.7648014098762,221.52322397571731,0.0,0.0
37.09752771412133,100000000.0,654.8355754973988,654.8355754973986,221.5939980632397,0.0,0.0
37.09752771412133,100000000.0,655.0643147630801,655.0643147630801,221.82273732892108,0.0,0.0
37.09752771412133,100000000.0,655.3848739371035,655.3848739371036,222.14329650294462,0.0,0.0
37.09752771412133,100000000.0,655.6711481473246,655.6711481473246,222.4295707131655,0.0,0.0
37.09752771412133,100000000.0,655.7372462119072,655.7372462119072,222.495668777748,0.0,0.0
37.09752771412133,100000000.0,656.1401337305049,656.140133730505,222.898556296346,0.0,0.0
37.09752771412133,100000000.0,656.2305077631685,656.2305077631685,222.98893032900938,0.0,0.0
37.09752771412133,100000000.0,656.3237582963873,656.323758296387,223.082180862228,0.0,0.0
37.09752771412133,100000000.0,656.4300592305715,656.4300592305714,223.1884817964125,0.0,0.0
37.09752771412133,100000000.0,656.5317565884598,656.5317565884599,223.29017915430057,0.0,0.0
37.09752771412133,100000000.0,656.7441475666432,656.7441475666432,223.50257013248412,0.0,0.0
37.09752771412133,100000000.0,656.7658682487124,656.7658682487124,223.52429081455344,0.0,0.0
37.09752771412133,100000000.0,656.8375190416757,656.8375190416756,223.5959416075165,0.0,0.0
37.09752771412133,100000000.0,657.2381482214836,657.2381482214836,223.99657078732454,0.0,0.0
37.09752771412133,100000000.0,657.4125217929101,657.4125217929102,224.17094435875106,0.0,0.0
37.09752771412133,100000000.0,657.6883896380947,657.6883896380945,224.44681220393548,0.0,0.0
37.09752771412133,100000000.0,657.7867475217465,657.7867475217465,224.5451700875875,0.0,0.0
37.09752771412133,100000000.0,657.825188687534,657.825188687534,224.58361125337498,0.0,0.0
37.09752771412133,100000000.0,657.8800434943693,657.880043494369,224.63846606021013,0.0,0.0
37.09752771412133,100000000.0,658.05835406647,658.0583540664701,224.81677663231105,0.0,0.0
37.09752771412133,100000000.0,658.1716624659055,658.1716624659055,224.93008503174633,0.0,0.0
37.09752771412133,100000000.0,658.5867080538482,658.5867080538482,225.34513061968906,0.0,0.0
37.09752771412133,100000000.0,659.1503487986525,659.1503487986527,225.9087713644935,0.0,0.0
37.09752771412133,100000000.0,659.6239192645501,659.6239192645503,226.38234183039106,0.0,0.0
37.09752771412133,100000000.0,659.7909434585993,659.7909434585995,226.5493660244403,0.0,0.0
37.09752771412133,100000000.0,659.9530917808871,659.9530917808871,226.7115143467282,0.0,0.0
37.09752771412133,100000000.0,660.1195546598384,660.1195546598385,226.8779772256795,0.0,0.0
37.09752771412133,100000000.0,660.3892312860941,660.3892312860941,227.14765385193513,0.0,0.0
37.09752771412133,100000000.0,660.6404567755221,660.6404567755222,227.3988793413631,0.0,0.0
37.09752771412133,100000000.0,660.7695365308987,660.769536530899,227.52795909673972,0.0,0.0
37.09752771412133,100000000.0,661.1199569998414,661.1199569998415,227.87837956568254,0.0,0.0
37.09752771412133,100000000.0,661.1587012443115,661.1587012443114,227.91712381015245,0.0,0.0
37.09752771412133,100000000.0,662.0613786635487,662.0613786635487,228.81980122938958,0.0,0.0
37.09752771412133,100000000.0,662.6547414648962,662.6547414648961,229.41316403073716,0.0,0.0
37.09752771412133,100000000.0,662.661959537941,662.661959537941,229.42038210378192,0.0,0.0
37.09752771412133,100000000.0,662.8097706778647,662.8097706778649,229.5681932437058,0.0,0.0
37.09752771412133,100000000.0,663.0187063207276,663.0187063207277,229.7771288865684,0.0,0.0
37.09752771412133,100000000.0,663.4689305258377,663.4689305258377,230.22735309167842,0.0,0.0
37.09752771412133,100000000.0,-1.0,589.5085041092691,201.81070601966314,1.0,1.0
37.09752771412133,100000000.0,663.8379554067664,663.8379554067664,230.59637797260737,0.0,0.0
37.09752771412133,100000000.0,-1.0,589.7382903125732,202.04049222296737,1.0,1.0
37.09752771412133,100000000.0,663.9949348724973,663.9949348724971,230.7533574383382,0.0,0.0
37.09752771412133,100000000.0,664.0526756431492,664.0526756431492,230.8110982089902,0.0,0.0
37.09752771412133,100000000.0,664.096396684721,664.0963966847211,230.8548192505619,0.0,0.0
37.09752771412133,100000000.0,-1.0,590.2318845047563,190.06405483228767,1.0,1.0
37.09752771412133,100000000.0,664.6484302305468,664.6484302305468,231.4068527963877,0.0,0.0
37.09752771412133,100000000.0,666.250890877132,666.250890877132,233.00931344297288,0.0,0.0
37.09752771412133,100000000.0,666.2585422256633,666.2585422256633,233.01696479150422,0.0,0.0
37.09752771412133,100000000.0,667.7603392172332,667.7603392172333,234.51876178307413,0.0,0.0
37.09752771412133,100000000.0,669.0378013933991,669.0378013933994,235.79622395924022,0.0,0.0
37.09752771412133,100000000.0,669.0763340445245,669.0763340445244,235.83475661036545,0.0,0.0
39.51693169547707,100000000.0,643.330250050557,643.330250050557,210.0886726163979,0.0,0.0
39.51693169547707,100000000.0,646.5932924789056,646.5932924789057,213.35171504474664,0.0,0.0
39.51693169547707,100000000.0,649.1407512689317,649.1407512689318,215.89917383477268,0.0,0.0
39.51693169547707,100000000.0,650.7318441136687,650.7318441136689,217.4902666795098,0.0,0.0
39.51693169547707,100000000.0,651.1742624981297,651.1742624981298,217.9326850639708,0.0,0.0
39.51693169547707,100000000.0,652.8290444346428,652.8290444346427,219.58746700048368,0.0,0.0
39.51693169547707,100000000.0,653.0303832008126,653.0303832008125,219.78880576665352,0.0,0.0
39.51693169547707,100000000.0,653.5227856010555,653.5227856010555,220.2812081668965,0.0,0.0
39.51693169547707,100000000.0,653.7897117415141,653.7897117415141,220.54813430735504,0.0,0.0
39.51693169547707,100000000.0,653.8111737625316,653.8111737625314,220.56959632837257,0.0,0.0
39.51693169547707,100000000.0,654.2442213239718,654.2442213239719,221.0026438898127,0.0,0.0
39.51693169547707,100000000.0,654.4532725956669,654.453272595667,221.21169516150798,0.0,0.0
39.51693169547707,100000000.0,654.5076724074668,654.5076724074668,221.2660949733077,0.0,0.0
39.51693169547707,100000000.0,654.5902734020547,654.5902734020545,221.34869596789548,0.0,0.0
39.51693169547707,100000000.0,655.413504392448,655.413504392448,222.17192695828902,0.0,0.0
39.51693169547707,100000000.0,655.4323080707891,655.4323080707893,222.19073063663006,0.0,0.0
39.51693169547707,100000000.0,655.4429176528258,655.4429176528259,222.20134021866681,0.0,0.0
39.51693169547707,100000000.0,655.4740428679625,655.4740428679623,222.2324654338033,0.0,0.0
39.51693169547707,100000000.0,655.6094486673713,655.6094486673712,222.3678712332122,0.0,0.0
39.51693169547707,100000000.0,655.701876141727,655.7018761417271,222.4602987075679,0.0,0.0
39.51693169547707,100000000.0,655.7202485420846,655.7202485420845,222.4786711079255,0.0,0.0
39.51693169547707,100000000.0,656.6178368064504,656.6178368064503,223.37625937229126,0.0,0.0
39.51693169547707,100000000.0,656.7091818553446,656.7091818553449,223.4676044211858,0.0,0.0
39.51693169547707,100000000.0,656.8326053910544,656.8326053910544,223.5910279568954,0.0,0.0
39.51693169547707,100000000.0,656.9340938450362,656.9340938450362,223.69251641087715,0.0,0.0
39.51693169547707,100000000.0,657.4780688310195,657.4780688310194,224.2364913968604,0.0,0.0
39.51693169547707,100000000.0,657.7187749335383,657.7187749335383,224.47719749937926,0.0,0.0
39.51693169547707,100000000.0,658.0246490586167,658.0246490586167,224.78307162445762,0.0,0.0
39.51693169547707,100000000.0,658.0361768982967,658.0361768982965,224.79459946413743,0.0,0.0
39.51693169547707,100000000.0,658.140298134497,658.1402981344968,224.89872070033786,0.0,0.0
39.51693169547707,100000000.0,658.2532717046074,658.2532717046075,225.0116942704485,0.0,0.0
39.51693169547707,100000000.0,658.3071065137642,658.3071065137643,225.0655290796053,0.0,0.0
39.51693169547707,100000000.0,658.336865109958,658.336865109958,225.095287675799,0.0,0.0
39.51693169547707,100000000.0,658.8865698605719,658.8865698605717,225.6449924264127,0.0,0.0
39.51693169547707,100000000.0,659.0034558562019,659.0034558562021,225.76187842204294,0.0,0.0
39.51693169547707,100000000.0,659.1198374094523,659.1198374094523,225.8782599752932,0.0,0.0
39.51693169547707,100000000.0,659.1883497814543,659.1883497814545,225.9467723472954,0.0,0.0
39.51693169547707,100000000.0,659.3703608494301,659.3703608494303,226.1287834152711,0.0,0.0
39.51693169547707,100000000.0,660.2384834709153,660.2384834709153,226.99690603675637,0.0,0.0
39.51693169547707,100000000.0,660.5056468888489,660.505646888849,227.26406945468997,0.0,0.0
39.51693169547707,100000000.0,660.5334416733452,660.5334416733449,227.2918642391859,0.0,0.0
39.51693169547707,100000000.0,660.5705500165992,660.5705500165992,227.3289725824401,0.0,0.0
39.51693169547707,100000000.0,660.8998343301156,660.8998343301157,227.6582568959567,0.0,0.0
39.51693169547707,100000000.0,660.9599814414322,660.9599814414321,227.71840400727302,0.0,0.0
39.51693169547707,100000000.0,661.1335328971479,661.1335328971479,227.89195546298885,0.0,0.0
39.51693169547707,100000000.0,661.8984806692347,661.8984806692347,228.6569032350757,0.0,0.0
39.51693169547707,100000000.0,662.1404911426856,662.1404911426857,228.89891370852678,0.0,0.0
39.51693169547707,100000000.0,662.7170926599481,662.717092659948,229.4755152257889,0.0,0.0
39.51693169547707,100000000.0,662.7623037044777,662.7623037044777,229.5207262703186,0.0,0.0
39.51693169547707,100000000.0,662.9529532503898,662.9529532503898,229.71137581623074,0.0,0.0
39.51693169547707,100000000.0,663.230756494868,663.2307564948683,229.98917906070915,0.0,0.0
39.51693169547707,100000000.0,663.659059966707,663.6590599667071,230.41748253254795,0.0,0.0
39.51693169547707,100000000.0,663.9150703184763,663.9150703184763,230.67349288431717,0.0,0.0
39.51693169547707,100000000.0,663.9699825453769,663.9699825453768,230.72840511121788,0.0,0.0
39.51693169547707,100000000.0,664.281819066941,664.281819066941,231.0402416327819,0.0,0.0
39.51693169547707,100000000.0,664.4270020437307,664.4270020437308,231.18542460957173,0.0,0.0
39.51693169547707,100000000.0,664.447648359586,664.4476483595862,231.20607092542696,0.0,0.0
39.51693169547707,100000000.0,664.4750510989055,664.4750510989055,231.23347366474653,0.0,0.0
39.51693169547707,100000000.0,664.6839600892902,664.68396008929,231.44238265513107,0.0,0.0
39.51693169547707,100000000.0,664.7805787944982,664.7805787944983,231.53900136033917,0.0,0.0
39.51693169547707,100000000.0,664.8092698917775,664.8092698917776,231.5676924576186,0.0,0.0
39.51693169547707,100000000.0,664.9980155040064,664.9980155040064,231.7564380698473,0.0,0.0
39.51693169547707,100000000.0,665.0060888095945,665.0060888095946,231.76451137543557,0.0,0.0
39.51693169547707,100000000.0,665.0893353107074,665.0893353107075,231.8477578765484,0.0,0.0
39.51693169547707,100000000.0,665.1522049425673,665.1522049425672,231.91062750840814,0.0,0.0
39.51693169547707,100000000.0,665.2580168910232,665.2580168910231,232.01643945686416,0.0,0.0
39.51693169547707,100000000.0,665.2934024642435,665.2934024642437,232.05182503008464,0.0,0.0
39.51693169547707,100000000.0,665.3796436008688,665.3796436008689,232.13806616670985,0.0,0.0
39.51693169547707,100000000.0,665.6519041492343,665.6519041492343,232.41032671507517,0.0,0.0
39.51693169547707,100000000.0,666.4610011101161,666.4610011101161,233.21942367595702,0.0,0.0
39.51693169547707,100000000.0,666.7627215693204,666.7627215693205,233.52114413516125,0.0,0.0
39.51693169547707,100000000.0,666.8403516718223,666.8403516718222,233.59877423766324,0.0,0.0
39.51693169547707,100000000.0,666.8406623027018,666.840662302702,233.5990848685429,0.0,0.0
39.51693169547707,100000000.0,666.94141573932,666.9414157393198,233.69983830516085,0.0,0.0
39.51693169547707,100000000.0,667.0982759011803,667.0982759011802,233.85669846702115,0.0,0.0
39.51693169547707,100000000.0,667.1688775227201,667.16887752272,233.92730008856094,0.0,0.0
39.51693169547707,100000000.0,667.4399117545481,667.4399117545481,234.19833432038908,0.0,0.0
39.51693169547707,100000000.0,667.6272246356377,667.6272246356377,234.38564720147866,0.0,0.0
39.51693169547707,100000000.0,667.8799323152872,667.8799323152872,234.638354881128,0.0,0.0
39.51693169547707,100000000.0,667.9771088732913,667.9771088732914,234.73553143913227,0.0,0.0
39.51693169547707,100000000.0,668.0946121080548,668.0946121080548,234.8530346738957,0.0,0.0
39.51693169547707,100000000.0,668.1696198319713,668.1696198319709,234.9280423978122,0.0,0.0
39.51693169547707,100000000.0,668.4632101967782,668.463210196778,235.22163276261907,0.0,0.0
39.51693169547707,100000000.0,668.7172447493306,668.7172447493306,235.47566731517165,0.0,0.0
39.51693169547707,100000000.0,668.7666459373715,668.7666459373714,235.52506850321242,0.0,0.0
39.51693169547707,100000000.0,669.1688999164039,669.1688999164039,235.92732248224493,0.0,0.0
39.51693169547707,100000000.0,669.3942734107809,669.3942734107808,236.15269597662166,0.0,0.0
39.51693169547707,100000000.0,669.5051185868697,669.5051185868697,236.26354115271062,0.0,0.0
39.51693169547707,100000000.0,669.6669428804213,669.6669428804214,236.42536544626228,0.0,0.0
39.51693169547707,100000000.0,669.682220638554,669.682220638554,236.44064320439497,0.0,0.0
39.51693169547707,100000000.0,669.9287252343731,669.928725234373,236.68714780021395,0.0,0.0
39.51693169547707,100000000.0,670.072016388327,670.0720163883269,236.830438954168,0.0,0.0
39.51693169547707,100000000.0,670.0843026082819,670.084302608282,236.84272517412285,0.0,0.0
39.51693169547707,100000000.0,670.100969436259,670.1009694362588,236.85939200209992,0.0,0.0
39.51693169547707,100000000.0,670.1664204033566,670.1664204033567,236.92484296919773,0.0,0.0
39.51693169547707,100000000.0,670.5294363448194,670.5294363448194,237.28785891066028,0.0,0.0
39.51693169547707,100000000.0,670.564259437561,670.5642594375611,237.32268200340195,0.0,0.0
39.51693169547707,100000000.0,670.6282933283446,670.6282933283446,237.38671589418544,0.0,0.0
39.51693169547707,100000000.0,670.9259420508447,670.9259420508448,237.68436461668577,0.0,0.0
39.51693169547707,100000000.0,671.4037280293651,671.4037280293651,238.16215059520607,0.0,0.0
39.51693169547707,100000000.0,671.4623561466225,671.4623561466225,238.22077871246347,0.0,0.0
39.51693169547707,100000000.0,671.7136190035067,671.7136190035069,238.47204156934782,0.0,0.0
39.51693169547707,100000000.0,671.8041132352018,671.8041132352017,238.56253580104266,0.0,0.0
39.51693169547707,100000000.0,672.0606592891239,672.060659289124,238.81908185496496,0.0,0.0
39.51693169547707,100000000.0,672.3526028836645,672.3526028836644,239.1110254495053,0.0,0.0
39.51693169547707,100000000.0,672.3904050404674,672.3904050404673,239.14882760630826,0.0,0.0
39.51693169547707,100000000.0,672.6135003157848,672.6135003157849,239.37192288162572,0.0,0.0
39.51693169547707,100000000.0,673.0217122218808,673.0217122218808,239.78013478772155,0.0,0.0
39.51693169547707,100000000.0,673.0996388373369,673.0996388373369,239.8580614031777,0.0,0.0
39.51693169547707,100000000.0,673.2710894826213,673.2710894826212,240.02951204846215,0.0,0.0
39.51693169547707,100000000.0,673.525215928072,673.5252159280722,240.2836384939131,0.0,0.0
39.51693169547707,100000000.0,674.981474721664,674.9814747216641,241.73989728750502,0.0,0.0
39.51693169547707,100000000.0,675.0852742235231,675.0852742235231,241.8436967893642,0.0,0.0
39.51693169547707,100000000.0,675.1756587980369,675.1756587980368,241.93408136387794,0.0,0.0
39.51693169547707,100000000.0,675.2347078885157,675.2347078885157,241.99313045435656,0.0,0.0
39.51693169547707,100000000.0,675.5566151882435,675.5566151882437,242.31503775408447,0.0,0.0
39.51693169547707,100000000.0,675.6478581182624,675.6478581182623,242.40628068410328,0.0,0.0
39.51693169547707,100000000.0,675.8220710359708,675.8220710359708,242.58049360181164,0.0,0.0
39.51693169547707,100000000.0,-1.0,596.8389571214508,216.2697412525066,1.0,1.0
39.51693169547707,100000000.0,676.0119765268794,676.0119765268793,242.77039909272025,0.0,0.0
39.51693169547707,100000000.0,676.494018991421,676.494018991421,243.25244155726176,0.0,0.0
39.51693169547707,100000000.0,676.9435352533875,676.9435352533873,243.70195781922826,0.0,0.0
39.51693169547707,100000000.0,678.5007655610499,678.5007655610499,245.2591881268907,0.0,0.0
39.51693169547707,100000000.0,678.753995371304,678.7539953713041,245.5124179371451,0.0,0.0
39.51693169547707,100000000.0,680.2283774806099,680.2283774806099,246.98680004645075,0.0,0.0
39.51693169547707,100000000.0,681.1511084690962,681.1511084690964,247.9095310349373,0.0,0.0
39.51693169547707,100000000.0,682.1744483646504,682.1744483646504,248.9328709304914,0.0,0.0
39.51693169547707,100000000.0,683.6816972474792,683.6816972474791,250.44011981332002,0.0,0.0
32.378196491229886,100000000.0,-1.0,559.8081185004628,182.5318975268194,1.0,1.0
32.378196491229886,100000000.0,-1.0,496.73432426848893,164.61102296939072,2.0,2.0
32.378196491229886,100000000.0,-1.0,432.5702519980098,153.68877470169863,3.0,3.0
32.378196491229886,100000000.0,-1.0,498.06302492437004,158.88669892814391,2.0,2.0
32.378196491229886,100000000.0,-1.0,498.73877890993367,164.05360173425893,2.0,2.0
32.378196491229886,100000000.0,-1.0,499.81250291587907,167.41531298759548,2.0,2.0
32.378196491229886,100000000.0,-1.0,564.862678064835,181.2701212721141,1.0,1.0
32.378196491229886,100000000.0,-1.0,565.9270276837267,180.02879920833132,1.0,1.0
32.378196491229886,100000000.0,-1.0,501.5359469986702,173.07242643712812,2.0,2.0
32.378196491229886,100000000.0,-1.0,437.1123347004032,150.19986872843168,3.0,3.0
32.378196491229886,100000000.0,-1.0,437.2369685953312,155.33484848930556,3.0,3.0
32.378196491229886,100000000.0,-1.0,437.68229881631584,155.79864339993847,3.0,3.0
32.378196491229886,100000000.0,-1.0,567.584861404144,183.8846107811088,1.0,1.0
32.378196491229886,100000000.0,-1.0,502.8484882901645,171.13540330964005,2.0,2.0
32.378196491229886,100000000.0,-1.0,438.41738381520184,143.4580338927021,3.0,3.0
32.378196491229886,100000000.0,-1.0,438.46956837085804,152.10592482536603,3.0,3.0
32.378196491229886,100000000.0,-1.0,438.7430507983413,159.86157350203013,3.0,3.0
32.378196491229886,100000000.0,-1.0,503.5252201037861,174.19088153703115,2.0,2.0
32.378196491229886,100000000.0,-1.0,438.79680967021557,166.0264128682516,4.0,2.0
32.378196491229886,100000000.0,-1.0,568.478128991977,184.77499607947058,1.0,1.0
32.378196491229886,100000000.0,-1.0,503.74040683769005,176.31323223650574,2.0,2.0
32.378196491229886,100000000.0,-1.0,503.85547141100307,171.51685398294134,2.0,2.0
32.378196491229886,100000000.0,-1.0,568.8635523205909,184.9460473250208,1.0,1.0
32.378196491229886,100000000.0,-1.0,504.1537827585784,167.73738588640006,2.0,2.0
32.378196491229886,100000000.0,-1.0,504.34426813477603,169.09408662220847,2.0,2.0
32.378196491229886,100000000.0,-1.0,439.6931417830225,155.33014655199165,3.0,3.0
32.378196491229886,100000000.0,-1.0,504.4811824349758,173.32883441569476,3.0,1.0
32.378196491229886,100000000.0,-1.0,504.51883878891255,168.20418900728407,2.0,2.0
32.378196491229886,100000000.0,-1.0,439.9479611787622,158.75674296354268,3.0,3.0
32.378196491229886,100000000.0,-1.0,440.21915471032014,154.36930803814218,3.0,3.0
32.378196491229886,100000000.0,-1.0,440.2370119300987,155.60597099608478,3.0,3.0
32.378196491229886,100000000.0,-1.0,440.41378522822873,153.7682155498283,3.0,3.0
32.378196491229886,100000000.0,-1.0,505.39557395403284,176.40186265195914,2.0,2.0
32.378196491229886,100000000.0,-1.0,505.7497353407091,168.10457743853607,2.0,2.0
32.378196491229886,100000000.0,-1.0,570.6304604716028,184.54850721004743,1.0,1.0
32.378196491229886,100000000.0,-1.0,441.44719467758296,159.56353926120553,3.0,3.0
32.378196491229886,100000000.0,-1.0,571.0400742305012,192.70965489708894,1.0,1.0
32.378196491229886,100000000.0,-1.0,441.59219801656513,162.13521278353377,3.0,3.0
32.378196491229886,100000000.0,-1.0,571.1521986579412,189.87658459642344,1.0,1.0
32.378196491229886,100000000.0,-1.0,571.189208902277,192.85878956886484,1.0,1.0
32.378196491229886,100000000.0,-1.0,441.8647921239089,161.74287423786336,3.0,3.0
32.378196491229886,100000000.0,-1.0,377.1151254895176,141.2772175277037,4.0,4.0
32.378196491229886,100000000.0,-1.0,441.9751113213726,146.1000426037457,3.0,3.0
32.378196491229886,100000000.0,-1.0,571.48862671342,192.32254965273194,1.0,1.0
32.378196491229886,100000000.0,-1.0,506.9831284130978,173.94823365430008,2.0,2.0
32.378196491229886,100000000.0,-1.0,507.14296009840706,173.28277784344408,2.0,2.0
32.378196491229886,100000000.0,-1.0,442.51001975016356,144.71554344163627,3.0,3.0
32.378196491229886,100000000.0,-1.0,377.8838977516224,147.70446283164972,5.0,3.0
32.378196491229886,100000000.0,-1.0,572.4758345757095,191.19105935944,1.0,1.0
32.378196491229886,100000000.0,-1.0,573.1218328354462,194.5861581773038,1.0,1.0
32.378196491229886,100000000.0,-1.0,508.5888910202292,172.476882071677,2.0,2.0
32.378196491229886,100000000.0,-1.0,443.87519544669067,163.400608135139,4.0,2.0
32.378196491229886,100000000.0,-1.0,508.72737183016636,167.71066461976744,2.0,2.0
32.378196491229886,100000000.0,-1.0,444.0098004971586,162.186475627778,3.0,3.0
32.378196491229886,100000000.0,-1.0,444.0202608752776,155.70934867741624,3.0,3.0
32.378196491229886,100000000.0,-1.0,444.0677578081535,156.3619857050877,3.0,3.0
32.378196491229886,100000000.0,-1.0,573.8319864677549,193.36804774312026,1.0,1.0
32.378196491229886,100000000.0,-1.0,573.839295631279,195.5088762978668,1.0,1.0
32.378196491229886,100000000.0,-1.0,444.7323170940619,163.14463135979295,3.0,3.0
32.378196491229886,100000000.0,-1.0,509.557210947329,185.62205370954845,2.0,2.0
32.378196491229886,100000000.0,-1.0,444.85180145893355,159.5588981072081,3.0,3.0
32.378196491229886,100000000.0,-1.0,509.6359111719657,185.13732890784667,2.0,2.0
32.378196491229886,100000000.0,-1.0,445.09480539113326,158.17062661764123,3.0,3.0
32.378196491229886,100000000.0,-1.0,509.9041039975054,175.69804865476752,2.0,2.0
32.378196491229886,100000000.0,-1.0,509.99959744804045,152.92807675563398,2.0,2.0
32.378196491229886,100000000.0,-1.0,510.29557919741194,176.1993969598794,2.0,2.0
32.378196491229886,100000000.0,-1.0,445.55206996131386,152.62709609481735,3.0,3.0
32.378196491229886,100000000.0,-1.0,510.59517860717244,178.9076374596611,2.0,2.0
32.378196491229886,100000000.0,-1.0,510.64568997212535,182.38742473531346,2.0,2.0
32.378196491229886,100000000.0,-1.0,575.6634272834003,197.1277526252578,1.0,1.0
32.378196491229886,100000000.0,-1.0,511.01786167035056,177.02390392815246,2.0,2.0
32.378196491229886,100000000.0,-1.0,381.66412137021916,142.26357891847346,4.0,4.0
32.378196491229886,100000000.0,-1.0,511.2659263896763,181.62176084136766,2.0,2.0
32.378196491229886,100000000.0,-1.0,511.30259920528135,165.34924378090773,2.0,2.0
32.378196491229886,100000000.0,-1.0,511.33887168283525,172.31871525833205,2.0,2.0
32.378196491229886,100000000.0,-1.0,576.1938814647579,192.53703536092493,1.0,1.0
32.378196491229886,100000000.0,-1.0,446.7155484270045,157.34401531381016,3.0,3.0
32.378196491229886,100000000.0,-1.0,446.78775364455737,166.68117840059534,3.0,3.0
32.378196491229886,100000000.0,-1.0,576.3930456474272,197.8573709892849,1.0,1.0
32.378196491229886,100000000.0,-1.0,511.72161375822014,165.39021766836558,2.0,2.0
32.378196491229886,100000000.0,-1.0,511.9888752439621,180.36901169547144,2.0,2.0
32.378196491229886,100000000.0,-1.0,447.2943300111837,166.7326372077868,4.0,2.0
32.378196491229886,100000000.0,-1.0,382.6115848607572,145.69677703801392,4.0,4.0
32.378196491229886,100000000.0,-1.0,512.2732914424604,171.31184115524627,2.0,2.0
32.378196491229886,100000000.0,-1.0,447.67679241066327,158.5347142391399,3.0,3.0
32.378196491229886,100000000.0,-1.0,512.5568638025487,177.1851056179917,2.0,2.0
32.378196491229886,100000000.0,-1.0,383.47733380125453,147.41716351402783,4.0,4.0
32.378196491229886,100000000.0,-1.0,383.77378901706385,131.3721532667827,4.0,4.0
32.378196491229886,100000000.0,-1.0,448.5659072533536,155.40403864625307,4.0,2.0
32.378196491229886,100000000.0,-1.0,383.81637254653833,141.9133296193894,4.0,4.0
32.378196491229886,100000000.0,-1.0,513.4174177948507,176.30246342025694,2.0,2.0
32.378196491229886,100000000.0,-1.0,513.4867393077886,179.01852070824197,2.0,2.0
32.378196491229886,100000000.0,-1.0,384.4170434888648,147.88470596187645,4.0,4.0
32.378196491229886,100000000.0,-1.0,449.5977957651166,172.32357162380214,3.0,3.0
32.378196491229886,100000000.0,-1.0,384.9148003978659,140.66238551209688,4.0,4.0
32.378196491229886,100000000.0,-1.0,514.7863948062954,179.87087391027134,2.0,2.0
32.378196491229886,100000000.0,-1.0,450.1007805346983,165.72406125203247,4.0,2.0
32.378196491229886,100000000.0,-1.0,515.8696588826487,189.19251406491418,2.0,2.0
32.378196491229886,100000000.0,-1.0,516.1476407980982,184.66741403326338,2.0,2.0
32.378196491229886,100000000.0,-1.0,516.195294560621,176.76782309191654,2.0,2.0
32.378196491229886,100000000.0,-1.0,451.4401419118567,165.71243519949277,3.0,3.0
32.378196491229886,100000000.0,-1.0,386.76922826363017,143.54011824363795,4.0,4.0
32.378196491229886,100000000.0,-1.0,516.3652238118575,181.74712809786155,2.0,2.0
32.378196491229886,100000000.0,-1.0,516.5126990866167,163.59417820928923,2.0,2.0
32.378196491229886,100000000.0,-1.0,451.830348652275,161.4654047907226,3.0,3.0
32.378196491229886,100000000.0,-1.0,387.1291515335327,150.09299813097246,4.0,4.0
32.378196491229886,100000000.0,-1.0,452.8158191311369,173.35883389810542,3.0,3.0
32.378196491229886,100000000.0,-1.0,582.4637385786223,190.85467761419247,1.0,1.0
32.378196491229886,100000000.0,-1.0,388.36276418922404,149.91360001558314,4.0,4.0
32.378196491229886,100000000.0,-1.0,518.5651265228058,171.53944016391594,2.0,2.0
32.378196491229886,100000000.0,-1.0,453.9061297177979,170.48228151820348,3.0,3.0
32.378196491229886,100000000.0,-1.0,454.10699796554655,164.6821354103323,3.0,3.0
32.378196491229886,100000000.0,-1.0,389.41171434789993,153.2530360374125,4.0,4.0
32.378196491229886,100000000.0,-1.0,518.9478475129569,176.78879194225127,2.0,2.0
32.378196491229886,100000000.0,-1.0,518.9559429111055,181.31078500893247,2.0,2.0
32.378196491229886,100000000.0,-1.0,454.82168566342955,160.6846988258817,3.0,3.0
32.378196491229886,100000000.0,-1.0,390.13501589311574,149.37071353600027,4.0,4.0
32.378196491229886,100000000.0,-1.0,390.26189933398877,143.3277663009489,5.0,3.0
32.378196491229886,100000000.0,-1.0,391.08796770085894,154.8506117949259,5.0,3.0
32.378196491229886,100000000.0,-1.0,455.87467104760645,174.32932560862847,3.0,3.0
32.378196491229886,100000000.0,-1.0,457.2379420208605,183.27901655654676,4.0,2.0
32.378196491229886,100000000.0,-1.0,327.8971682940822,130.53917412558388,6.0,4.0
32.378196491229886,100000000.0,-1.0,458.0376533890444,182.6053265963864,4.0,2.0
32.378196491229886,100000000.0,-1.0,394.74451326004476,143.12539380548264,4.0,4.0
32.378196491229886,100000000.0,-1.0,460.35399480111806,163.79438742540117,3.0,3.0
32.378196491229886,100000000.0,-1.0,460.6373609919449,170.8845814838771,4.0,2.0
32.378196491229886,100000000.0,-1.0,462.4380674201879,179.60971000401204,4.0,2.0
32.378196491229886,100000000.0,-1.0,399.9597806633113,156.08149636838343,4.0,4.0
32.49767323104992,100000000.0,-1.0,491.6587620301012,163.2553732214107,2.0,2.0
32.49767323104992,100000000.0,-1.0,558.6060061563475,178.1524376628234,1.0,1.0
32.49767323104992,100000000.0,-1.0,558.6537328452459,179.48765578455803,1.0,1.0
32.49767323104992,100000000.0,-1.0,494.15443914088445,164.51027359257577,2.0,2.0
32.49767323104992,100000000.0,-1.0,495.39964406106054,160.2050108337361,2.0,2.0
32.49767323104992,100000000.0,-1.0,495.4759573121771,167.72164785091275,2.0,2.0
32.49767323104992,100000000.0,-1.0,430.5459801791357,151.41409618435594,3.0,3.0
32.49767323104992,100000000.0,-1.0,560.6139525097442,181.44787544905623,1.0,1.0
32.49767323104992,100000000.0,-1.0,495.6241527616497,167.8091709859043,2.0,2.0
32.49767323104992,100000000.0,-1.0,496.06261565689346,167.78080352019262,2.0,2.0
32.49767323104992,100000000.0,-1.0,561.1019094655045,173.19455716086142,1.0,1.0
32.49767323104992,100000000.0,-1.0,496.6120648301049,161.4174316027803,2.0,2.0
32.49767323104992,100000000.0,-1.0,497.2106693925205,168.60202525910003,2.0,2.0
32.49767323104992,100000000.0,-1.0,433.039182576497,158.6887566690425,3.0,3.0
32.49767323104992,100000000.0,-1.0,563.117016070112,181.20828486055933,1.0,1.0
32.49767323104992,100000000.0,-1.0,563.1642039556737,179.5716471629529,1.0,1.0
32.49767323104992,100000000.0,-1.0,563.8687979030901,179.2110100174291,1.0,1.0
32.49767323104992,100000000.0,-1.0,563.8916869099035,175.8627579332708,1.0,1.0
32.49767323104992,100000000.0,-1.0,499.31253978863646,174.28029207091794,2.0,2.0
32.49767323104992,100000000.0,-1.0,564.5349469122445,182.6690103573436,1.0,1.0
32.49767323104992,100000000.0,-1.0,499.59594975656694,163.40287664692798,2.0,2.0
32.49767323104992,100000000.0,-1.0,500.05246143340827,169.02169008611685,2.0,2.0
32.49767323104992,100000000.0,-1.0,435.14863898812484,155.23351185534523,3.0,3.0
32.49767323104992,100000000.0,-1.0,500.1517000986361,171.39953989050986,2.0,2.0
32.49767323104992,100000000.0,-1.0,565.3832460465204,183.48759981356756,1.0,1.0
32.49767323104992,100000000.0,-1.0,435.5202466681831,153.34795160522154,3.0,3.0
32.49767323104992,100000000.0,-1.0,500.5608721270196,171.952227993599,2.0,2.0
32.49767323104992,100000000.0,-1.0,435.57672073415034,151.91928562661604,3.0,3.0
32.49767323104992,100000000.0,-1.0,565.6780046239043,187.7222822280349,1.0,1.0
32.49767323104992,100000000.0,-1.0,500.71998948381315,164.30359261163485,2.0,2.0
32.49767323104992,100000000.0,-1.0,500.78108812134565,168.9651034137122,2.0,2.0
32.49767323104992,100000000.0,-1.0,500.7962045695698,162.6763923526469,2.0,2.0
32.49767323104992,100000000.0,-1.0,500.84850652317374,172.44511771448333,2.0,2.0
32.49767323104992,100000000.0,-1.0,436.08496571226027,142.85150168240148,3.0,3.0
32.49767323104992,100000000.0,-1.0,501.1477243917567,171.30068784518048,2.0,2.0
32.49767323104992,100000000.0,-1.0,566.3501856713972,185.8966171778731,1.0,1.0
32.49767323104992,100000000.0,-1.0,566.4903816278886,183.56108555846743,1.0,1.0
32.49767323104992,100000000.0,-1.0,566.8381186407436,180.73988682292304,1.0,1.0
32.49767323104992,100000000.0,-1.0,566.8547653652196,184.95911913226672,1.0,1.0
32.49767323104992,100000000.0,-1.0,436.95272700780697,161.13802111159086,4.0,2.0
32.49767323104992,100000000.0,-1.0,437.2996225321049,154.18741985995177,3.0,3.0
32.49767323104992,100000000.0,-1.0,502.3086159309727,174.27926155776407,2.0,2.0
32.49767323104992,100000000.0,-1.0,502.310837141872,170.39279116750404,2.0,2.0
32.49767323104992,100000000.0,-1.0,372.3624042185539,130.66613830848527,4.0,4.0
32.49767323104992,100000000.0,-1.0,437.4472213720727,155.73070561132482,3.0,3.0
32.49767323104992,100000000.0,-1.0,502.50953310141654,174.6391472442648,2.0,2.0
32.49767323104992,100000000.0,-1.0,502.8205367072613,174.311125997971,2.0,2.0
32.49767323104992,100000000.0,-1.0,567.9395119724186,186.07357541751767,1.0,1.0
32.49767323104992,100000000.0,-1.0,567.9892178308753,185.34856351367202,1.0,1.0
32.49767323104992,100000000.0,-1.0,503.041994647022,165.4516854507797,2.0,2.0
32.49767323104992,100000000.0,-1.0,438.0626208178726,156.59651175559333,3.0,3.0
32.49767323104992,100000000.0,-1.0,568.2181992887362,185.8352219816879,1.0,1.0
32.49767323104992,100000000.0,-1.0,503.2632255439613,168.93179652927353,2.0,2.0
32.49767323104992,100000000.0,-1.0,568.3254827270708,191.04926175342717,1.0,1.0
32.49767323104992,100000000.0,-1.0,503.3510954278757,172.22564487563957,2.0,2.0
32.49767323104992,100000000.0,-1.0,438.3659095428759,155.20725040917853,3.0,3.0
32.49767323104992,100000000.0,-1.0,569.1157178560129,185.1982128604429,1.0,1.0
32.49767323104992,100000000.0,-1.0,569.1910542596629,188.4525978057666,1.0,1.0
32.49767323104992,100000000.0,-1.0,439.21642674227337,151.564908569855,3.0,3.0
32.49767323104992,100000000.0,-1.0,504.42686189879413,174.53155087800727,2.0,2.0
32.49767323104992,100000000.0,-1.0,569.5116901008911,187.64575354599012,1.0,1.0
32.49767323104992,100000000.0,-1.0,569.6479775151307,187.78204096022964,1.0,1.0
32.49767323104992,100000000.0,-1.0,439.6704082637527,160.6601009409625,3.0,3.0
32.49767323104992,100000000.0,-1.0,504.70465574347674,166.93792116931417,2.0,2.0
32.49767323104992,100000000.0,-1.0,569.9236243441775,183.42527790348655,1.0,1.0
32.49767323104992,100000000.0,-1.0,504.94659133393685,176.40820972060425,2.0,2.0
32.49767323104992,100000000.0,-1.0,569.9482874699967,187.43223281874452,1.0,1.0
32.49767323104992,100000000.0,-1.0,440.10780913653707,157.93095354544417,3.0,3.0
32.49767323104992,100000000.0,-1.0,505.1644920324463,165.59612341508202,2.0,2.0
32.49767323104992,100000000.0,-1.0,570.3561205776377,182.44876827299453,1.0,1.0
32.49767323104992,100000000.0,-1.0,505.4734369651787,175.82927141687,2.0,2.0
32.49767323104992,100000000.0,-1.0,440.84232437920775,163.74959436611897,3.0,3.0
32.49767323104992,100000000.0,-1.0,570.996719685595,188.5312994825591,1.0,1.0
32.49767323104992,100000000.0,-1.0,506.57986534142583,170.67851748900782,2.0,2.0
32.49767323104992,100000000.0,-1.0,441.6780209006929,152.55234863200235,4.0,2.0
32.49767323104992,100000000.0,-1.0,571.9012552803673,192.73517821967937,1.0,1.0
32.49767323104992,100000000.0,-1.0,507.15878039477343,181.92127735232478,2.0,2.0
32.49767323104992,100000000.0,-1.0,507.2279001989229,170.63077787835553,2.0,2.0
32.49767323104992,100000000.0,-1.0,507.23088746750227,170.46014579261353,2.0,2.0
32.49767323104992,100000000.0,-1.0,572.4063236636526,188.81376687093186,1.0,1.0
32.49767323104992,100000000.0,-1.0,442.60457357890004,158.1062776242445,4.0,2.0
32.49767323104992,100000000.0,-1.0,507.7003823541278,166.73893206691358,2.0,2.0
32.49767323104992,100000000.0,-1.0,507.85496763313694,177.05943889156907,2.0,2.0
32.49767323104992,100000000.0,-1.0,508.01582901085527,175.07232032019868,2.0,2.0
32.49767323104992,100000000.0,-1.0,443.60690032511434,155.96622307907816,3.0,3.0
32.49767323104992,100000000.0,-1.0,508.7764455369463,170.47601601964553,2.0,2.0
32.49767323104992,100000000.0,-1.0,444.05150231617176,160.39406720863755,3.0,3.0
32.49767323104992,100000000.0,-1.0,444.24854628791076,162.96242290817028,3.0,3.0
32.49767323104992,100000000.0,-1.0,574.325257848214,192.4061564075511,1.0,1.0
32.49767323104992,100000000.0,-1.0,444.4397482470873,164.40662925798188,3.0,3.0
32.49767323104992,100000000.0,-1.0,509.5641051612768,170.3946839091235,2.0,2.0
32.49767323104992,100000000.0,-1.0,509.6703961903147,185.7352389525341,2.0,2.0
32.49767323104992,100000000.0,-1.0,444.73412806857647,164.51199852051693,3.0,3.0
32.49767323104992,100000000.0,-1.0,509.8582848121918,175.84075983889625,2.0,2.0
32.49767323104992,100000000.0,-1.0,575.1111615249025,190.464406372413,1.0,1.0
32.49767323104992,100000000.0,-1.0,380.3727799031861,137.06152469465314,5.0,3.0
32.49767323104992,100000000.0,-1.0,445.75207001831296,156.39168118163255,3.0,3.0
32.49767323104992,100000000.0,-1.0,445.8471750672527,159.1343586441972,3.0,3.0
32.49767323104992,100000000.0,-1.0,511.5136276847412,165.72277536490412,2.0,2.0
32.49767323104992,100000000.0,-1.0,511.84696944500087,176.0984327548057,2.0,2.0
32.49767323104992,100000000.0,-1.0,576.8664353450624,195.59082128354495,1.0,1.0
32.49767323104992,100000000.0,-1.0,511.90677562462474,177.74094584411174,2.0,2.0
32.49767323104992,100000000.0,-1.0,576.9940988253799,184.89431141767605,1.0,1.0
32.49767323104992,100000000.0,-1.0,577.5036497769711,196.22803571545353,1.0,1.0
32.49767323104992,100000000.0,-1.0,577.5947744369654,192.20575371942275,1.0,1.0
32.49767323104992,100000000.0,-1.0,512.9906188094526,185.80589715268974,2.0,2.0
32.49767323104992,100000000.0,-1.0,578.2154778719087,192.8952509459685,1.0,1.0
32.49767323104992,100000000.0,-1.0,448.3489554959698,163.37297343445536,3.0,3.0
32.49767323104992,100000000.0,-1.0,513.5794909067405,161.94713824879048,2.0,2.0
32.49767323104992,100000000.0,-1.0,513.6306453853794,177.9408666910235,2.0,2.0
32.49767323104992,100000000.0,-1.0,578.6420896094443,197.2503991520391,1.0,1.0
32.49767323104992,100000000.0,-1.0,513.9053752601177,181.4242029404609,2.0,2.0
32.49767323104992,100000000.0,-1.0,513.966089604123,182.56559413994265,2.0,2.0
32.49767323104992,100000000.0,-1.0,515.0232173406484,182.58720046157976,2.0,2.0
32.49767323104992,100000000.0,-1.0,515.2239735281233,181.35453806981295,3.0,1.0
32.49767323104992,100000000.0,-1.0,450.35904816673315,176.38703772581974,3.0,3.0
32.49767323104992,100000000.0,645.9313710221929,645.9313710221927,212.6897935880337,0.0,0.0
32.49767323104992,100000000.0,-1.0,386.5972157288771,144.37538579659767,4.0,4.0
32.49767323104992,100000000.0,-1.0,386.7605035323848,136.1970098274129,4.0,4.0
32.49767323104992,100000000.0,-1.0,452.00446954078524,162.77566585892606,3.0,3.0
32.49767323104992,100000000.0,-1.0,517.0261777502351,180.60849266730006,2.0,2.0
32.49767323104992,100000000.0,-1.0,452.1105111567343,160.0422825342377,3.0,3.0
32.49767323104992,100000000.0,-1.0,582.8752783728504,197.38364760467837,1.0,1.0
32.49767323104992,100000000.0,-1.0,452.95638219012164,165.35303826962192,3.0,3.0
32.49767323104992,100000000.0,-1.0,518.7552668207934,187.99346904464315,2.0,2.0
32.49767323104992,100000000.0,-1.0,389.0510355288902,149.07280346108803,4.0,4.0
32.49767323104992,100000000.0,-1.0,521.4849493309894,190.84472822682872,2.0,2.0
32.49767323104992,100000000.0,-1.0,586.6235591226914,202.8451363468689,1.0,1.0
32.61714997086996,100000000.0,-1.0,494.7454492940018,166.19854441060562,2.0,2.0
32.61714997086996,100000000.0,-1.0,560.9071801562582,177.08247057176217,1.0,1.0
32.61714997086996,100000000.0,-1.0,495.6899924172515,167.28660360856114,2.0,2.0
32.61714997086996,100000000.0,-1.0,561.9161563212589,179.99705488059593,1.0,1.0
32.61714997086996,100000000.0,-1.0,497.2927782984044,162.52311480803832,2.0,2.0
32.61714997086996,100000000.0,-1.0,497.62676685710426,165.8302975547259,2.0,2.0
32.61714997086996,100000000.0,-1.0,563.4015596498647,181.68896649230928,1.0,1.0
32.61714997086996,100000000.0,-1.0,563.5186132155561,180.5893171461347,1.0,1.0
32.61714997086996,100000000.0,-1.0,498.7821329804137,172.49043157819636,2.0,2.0
32.61714997086996,100000000.0,-1.0,564.0666716083371,183.61310311481304,1.0,1.0
32.61714997086996,100000000.0,-1.0,565.0279554623182,185.8618784016304,1.0,1.0
32.61714997086996,100000000.0,-1.0,499.9467187373025,171.48319817576032,2.0,2.0
32.61714997086996,100000000.0,-1.0,565.8312778540889,186.66520079340083,1.0,1.0
32.61714997086996,100000000.0,-1.0,500.6474772255513,162.364299160325,2.0,2.0
32.61714997086996,100000000.0,-1.0,501.1410156902116,172.6539482287805,2.0,2.0
32.61714997086996,100000000.0,-1.0,436.68529336596816,159.92599330083084,3.0,3.0
32.61714997086996,100000000.0,-1.0,567.2771064764597,182.89572561450433,1.0,1.0
32.61714997086996,100000000.0,-1.0,567.3840753172328,190.10785434358925,1.0,1.0
32.61714997086996,100000000.0,-1.0,502.25463857011914,174.22528419691042,2.0,2.0
32.61714997086996,100000000.0,-1.0,503.0029525753147,169.74760946867602,2.0,2.0
32.61714997086996,100000000.0,-1.0,568.45396621375,187.13192329932534,1.0,1.0
32.61714997086996,100000000.0,-1.0,503.75713422944483,168.02412323786723,2.0,2.0
32.61714997086996,100000000.0,-1.0,438.78317461919727,162.23918857738948,3.0,3.0
32.61714997086996,100000000.0,-1.0,504.1679192583691,170.30252930275756,2.0,2.0
32.61714997086996,100000000.0,-1.0,504.31285463732195,175.7659497539257,2.0,2.0
32.61714997086996,100000000.0,-1.0,569.6269059082332,187.73125967528043,1.0,1.0
32.61714997086996,100000000.0,-1.0,570.0128168204025,186.23439404457991,1.0,1.0
32.61714997086996,100000000.0,-1.0,504.80059515010197,164.99875551820713,2.0,2.0
32.61714997086996,100000000.0,-1.0,570.2402384647714,185.06540982696313,1.0,1.0
32.61714997086996,100000000.0,-1.0,440.0437101555508,154.78798523106514,3.0,3.0
32.61714997086996,100000000.0,-1.0,505.3828683518788,180.35062063416035,2.0,2.0
32.61714997086996,100000000.0,-1.0,505.5483677400134,173.70267335432814,2.0,2.0
32.61714997086996,100000000.0,-1.0,571.2259190313464,183.70684276728855,1.0,1.0
32.61714997086996,100000000.0,-1.0,506.2632605220661,165.18624346054253,2.0,2.0
32.61714997086996,100000000.0,-1.0,506.26990894221177,173.32640025155513,2.0,2.0
32.61714997086996,100000000.0,-1.0,441.0455327633116,144.7939967952796,3.0,3.0
32.61714997086996,100000000.0,-1.0,571.5276641411251,193.5719417452557,1.0,1.0
32.61714997086996,100000000.0,-1.0,506.296240830291,177.93494029217248,2.0,2.0
32.61714997086996,100000000.0,-1.0,441.1944008891777,158.02580033589578,3.0,3.0
32.61714997086996,100000000.0,-1.0,507.24981522777375,176.89062834060138,2.0,2.0
32.61714997086996,100000000.0,-1.0,507.42040313815073,169.71795908389282,2.0,2.0
32.61714997086996,100000000.0,-1.0,507.4841663053053,167.25250166801808,2.0,2.0
32.61714997086996,100000000.0,-1.0,572.7502888876953,186.85206041230003,1.0,1.0
32.61714997086996,100000000.0,-1.0,572.927831925682,192.70641622393308,1.0,1.0
32.61714997086996,100000000.0,-1.0,507.7867990858572,173.92661683089418,2.0,2.0
32.61714997086996,100000000.0,-1.0,507.8853364077912,175.88811277282775,3.0,1.0
32.61714997086996,100000000.0,-1.0,507.97726792643857,170.09209436012048,2.0,2.0
32.61714997086996,100000000.0,-1.0,573.4271141265884,190.7846128483384,1.0,1.0
32.61714997086996,100000000.0,-1.0,443.08592207393417,157.75498574680657,3.0,3.0
32.61714997086996,100000000.0,-1.0,508.43362218982276,181.59958229302882,2.0,2.0
32.61714997086996,100000000.0,-1.0,573.7053918177577,188.33332136724272,1.0,1.0
32.61714997086996,100000000.0,-1.0,573.8522793988768,189.32710091837686,1.0,1.0
32.61714997086996,100000000.0,-1.0,508.66287120380656,172.28419374889003,2.0,2.0
32.61714997086996,100000000.0,-1.0,509.10076567761115,172.50364335704376,2.0,2.0
32.61714997086996,100000000.0,-1.0,443.8789918323465,161.98681314590556,3.0,3.0
32.61714997086996,100000000.0,-1.0,378.73573761275355,149.5469922813405,4.0,4.0
32.61714997086996,100000000.0,-1.0,444.08854300258525,152.68631327778013,3.0,3.0
32.61714997086996,100000000.0,-1.0,574.6308497536004,189.01277235843045,1.0,1.0
32.61714997086996,100000000.0,-1.0,574.6782841885145,193.35624127408983,1.0,1.0
32.61714997086996,100000000.0,-1.0,444.2819374353478,156.22806463867784,3.0,3.0
32.61714997086996,100000000.0,-1.0,444.4151366112372,164.14702352727113,3.0,3.0
32.61714997086996,100000000.0,-1.0,379.68103845313175,137.98477254306317,4.0,4.0
32.61714997086996,100000000.0,-1.0,510.20425008440145,173.83054491453186,2.0,2.0
32.61714997086996,100000000.0,-1.0,510.86891301984423,183.04481397136573,2.0,2.0
32.61714997086996,100000000.0,-1.0,510.91789491565646,182.3092507822359,2.0,2.0
32.61714997086996,100000000.0,-1.0,511.05966398986584,187.1245067520853,2.0,2.0
32.61714997086996,100000000.0,-1.0,576.4431444902558,185.44600325830183,1.0,1.0
32.61714997086996,100000000.0,-1.0,576.49566127356,192.20508815714143,1.0,1.0
32.61714997086996,100000000.0,-1.0,511.36434472031516,182.9567573735233,2.0,2.0
32.61714997086996,100000000.0,-1.0,511.4737468927483,184.16744856399592,2.0,2.0
32.61714997086996,100000000.0,-1.0,576.7856057564713,193.85630968705004,1.0,1.0
32.61714997086996,100000000.0,-1.0,576.8467862829609,194.3307316317089,1.0,1.0
32.61714997086996,100000000.0,-1.0,447.1412650248552,159.3752992732434,3.0,3.0
32.61714997086996,100000000.0,-1.0,447.19029060336635,156.79372082021942,3.0,3.0
32.61714997086996,100000000.0,-1.0,447.6234315011699,146.9803873577828,3.0,3.0
32.61714997086996,100000000.0,-1.0,447.624867956988,143.1443605701871,3.0,3.0
32.61714997086996,100000000.0,-1.0,447.72307887310654,157.17039145646675,3.0,3.0
32.61714997086996,100000000.0,-1.0,513.1204028679772,176.54589740730077,2.0,2.0
32.61714997086996,100000000.0,-1.0,513.2294859960571,184.76596543451495,2.0,2.0
32.61714997086996,100000000.0,-1.0,382.93491568051724,144.2065084686758,4.0,4.0
32.61714997086996,100000000.0,-1.0,448.4480749313834,172.7737240058299,3.0,3.0
32.61714997086996,100000000.0,-1.0,448.6391517529109,148.85025108387876,3.0,3.0
32.61714997086996,100000000.0,-1.0,513.8737703257352,182.72142230645417,3.0,1.0
32.61714997086996,100000000.0,-1.0,579.3614111453564,194.16642177005556,1.0,1.0
32.61714997086996,100000000.0,-1.0,579.5941881256055,196.17998919056993,1.0,1.0
32.61714997086996,100000000.0,-1.0,514.5658762350183,178.59246253866746,2.0,2.0
32.61714997086996,100000000.0,-1.0,514.6848995607055,182.99820839478178,2.0,2.0
32.61714997086996,100000000.0,-1.0,515.0300443515523,183.82973274752587,2.0,2.0
32.61714997086996,100000000.0,-1.0,515.2690510692071,186.0207866448343,2.0,2.0
32.61714997086996,100000000.0,-1.0,384.9687893182851,137.0241350190192,4.0,4.0
32.61714997086996,100000000.0,-1.0,580.6840917453187,198.29199716553734,1.0,1.0
32.61714997086996,100000000.0,-1.0,385.0516076791637,146.1826191972054,4.0,4.0
32.61714997086996,100000000.0,-1.0,515.5785307940148,188.27223246526248,2.0,2.0
32.61714997086996,100000000.0,-1.0,450.3712559353089,148.38553149393144,3.0,3.0
32.61714997086996,100000000.0,-1.0,385.6296930546624,141.1435064919872,5.0,3.0
32.61714997086996,100000000.0,-1.0,516.4018181102151,184.2098835066616,2.0,2.0
32.61714997086996,100000000.0,-1.0,451.5743709943054,158.20359728192167,3.0,3.0
32.61714997086996,100000000.0,-1.0,517.0788745977328,175.10491936157803,2.0,2.0
32.61714997086996,100000000.0,-1.0,452.2910580797926,160.98577516549958,3.0,3.0
32.61714997086996,100000000.0,-1.0,582.8236616289879,199.86465588151466,1.0,1.0
32.61714997086996,100000000.0,-1.0,452.55687705542124,155.4661472386122,3.0,3.0
32.61714997086996,100000000.0,-1.0,452.5934106427478,165.8861999955063,3.0,3.0
32.61714997086996,100000000.0,-1.0,387.49649389730047,135.8032242773262,4.0,4.0
32.61714997086996,100000000.0,-1.0,518.3517351294063,178.8051374735794,2.0,2.0
32.61714997086996,100000000.0,-1.0,453.15449244498365,162.2720489925651,3.0,3.0
32.61714997086996,100000000.0,-1.0,518.5418433296895,173.11877232371148,2.0,2.0
32.61714997086996,100000000.0,-1.0,518.5690443785306,185.76168112907533,2.0,2.0
32.61714997086996,100000000.0,-1.0,453.3887996617404,160.73617243026095,3.0,3.0
32.61714997086996,100000000.0,-1.0,388.22118269993825,147.9553358422684,4.0,4.0
32.61714997086996,100000000.0,-1.0,518.8215953919342,171.86250569608237,2.0,2.0
32.61714997086996,100000000.0,-1.0,388.544080560469,148.60630449298728,4.0,4.0
32.61714997086996,100000000.0,-1.0,453.8697032350378,169.37140728038221,3.0,3.0
32.61714997086996,100000000.0,-1.0,454.1100576353056,158.06974876764585,3.0,3.0
32.61714997086996,100000000.0,-1.0,454.2400886138759,159.3211780912991,3.0,3.0
32.61714997086996,100000000.0,-1.0,585.1976946856894,197.55597095638723,1.0,1.0
32.61714997086996,100000000.0,-1.0,520.2971205631954,191.11931743679926,2.0,2.0
32.61714997086996,100000000.0,-1.0,390.03605280266663,143.35370146336254,4.0,4.0
32.61714997086996,100000000.0,-1.0,456.6640745807166,171.38521981105714,4.0,2.0
32.61714997086996,100000000.0,-1.0,457.1675345406079,163.75072795020492,3.0,3.0
32.61714997086996,100000000.0,-1.0,523.3782711797278,189.63416532065227,2.0,2.0
32.61714997086996,100000000.0,-1.0,458.3876818294889,159.32113176300012,3.0,3.0
32.61714997086996,100000000.0,-1.0,523.6769395996597,183.29531201491326,2.0,2.0
32.61714997086996,100000000.0,-1.0,524.4997600638603,176.75822760281216,3.0,1.0
32.61714997086996,100000000.0,-1.0,525.672425761597,180.97145323918247,2.0,2.0
32.61714997086996,100000000.0,-1.0,460.82630225615463,181.5043098277653,3.0,3.0
32.61714997086996,100000000.0,-1.0,591.5499166907127,206.92661829920777,1.0,1.0
32.61714997086996,100000000.0,-1.0,397.8009400546463,145.54850000240566,4.0,4.0
32.61714997086996,100000000.0,-1.0,464.6513961574394,182.58604957673032,4.0,2.0
32.73662671069,100000000.0,621.6653533099094,621.6653533099094,188.42377587575035,0.0,0.0
32.73662671069,100000000.0,-1.0,495.2189506632955,165.780040439717,2.0,2.0
32.73662671069,100000000.0,-1.0,496.0489905165571,163.10548182590045,2.0,2.0
32.73662671069,100000000.0,627.1857276727405,627.1857276727407,193.94415023858164,0.0,0.0
32.73662671069,100000000.0,-1.0,496.6955665629742,163.7520578723174,2.0,2.0
32.73662671069,100000000.0,-1.0,562.1932916086791,183.02721454799126,1.0,1.0
32.73662671069,100000000.0,-1.0,496.8920181670042,163.94850947634745,2.0,2.0
32.73662671069,100000000.0,-1.0,563.5538331225139,182.16214266510858,1.0,1.0
32.73662671069,100000000.0,-1.0,498.24859585129974,165.82208403077158,2.0,2.0
32.73662671069,100000000.0,-1.0,563.8428952332888,181.2022409160855,1.0,1.0
32.73662671069,100000000.0,-1.0,564.7316798913785,180.82454512691888,1.0,1.0
32.73662671069,100000000.0,-1.0,499.8017665168579,171.33824595531576,2.0,2.0
32.73662671069,100000000.0,-1.0,499.82901863951264,171.22037450609216,2.0,2.0
32.73662671069,100000000.0,-1.0,500.1292584348669,168.68048849647573,2.0,2.0
32.73662671069,100000000.0,-1.0,500.4320589001923,172.76692836777056,2.0,2.0
32.73662671069,100000000.0,-1.0,500.4558635649113,167.18941145315247,2.0,2.0
32.73662671069,100000000.0,-1.0,500.515655969747,167.6219260024561,2.0,2.0
32.73662671069,100000000.0,-1.0,500.76166505712916,167.65019256399148,2.0,2.0
32.73662671069,100000000.0,-1.0,500.9269251130654,159.37782607431794,2.0,2.0
32.73662671069,100000000.0,-1.0,501.43310445024866,170.7337256278082,2.0,2.0
32.73662671069,100000000.0,-1.0,501.7407794906428,173.45896735394197,2.0,2.0
32.73662671069,100000000.0,-1.0,567.295129713899,181.0157538248487,1.0,1.0
32.73662671069,100000000.0,-1.0,501.910676515928,172.24950595245335,2.0,2.0
32.73662671069,100000000.0,-1.0,502.764648825644,170.64134752654581,2.0,2.0
32.73662671069,100000000.0,-1.0,568.4176610188811,189.25158395819304,1.0,1.0
32.73662671069,100000000.0,-1.0,568.4589214666562,184.68049869083362,1.0,1.0
32.73662671069,100000000.0,-1.0,503.00914747195304,159.17220128638158,2.0,2.0
32.73662671069,100000000.0,-1.0,568.5382825154868,186.62955130593434,1.0,1.0
32.73662671069,100000000.0,-1.0,503.2373492022494,163.0638960995008,2.0,2.0
32.73662671069,100000000.0,-1.0,437.8042210074512,156.63402400907634,3.0,3.0
32.73662671069,100000000.0,-1.0,503.43667332309735,166.10529620102122,2.0,2.0
32.73662671069,100000000.0,-1.0,568.9149913511823,185.1365685753597,1.0,1.0
32.73662671069,100000000.0,-1.0,503.739706013267,168.5450727859425,2.0,2.0
32.73662671069,100000000.0,-1.0,503.833095890012,150.48579393133758,2.0,2.0
32.73662671069,100000000.0,-1.0,503.8608267540282,171.271802627498,2.0,2.0
32.73662671069,100000000.0,-1.0,504.1243221485226,176.93960049175973,2.0,2.0
32.73662671069,100000000.0,-1.0,504.5743873877614,177.00890888093812,2.0,2.0
32.73662671069,100000000.0,-1.0,439.1936608090878,160.78642961027242,3.0,3.0
32.73662671069,100000000.0,-1.0,504.6822668923296,176.20837609967703,2.0,2.0
32.73662671069,100000000.0,-1.0,439.26659898872583,156.822330757017,3.0,3.0
32.73662671069,100000000.0,-1.0,504.89985857414325,173.2743830384039,2.0,2.0
32.73662671069,100000000.0,-1.0,504.9718431415835,167.88179777863988,2.0,2.0
32.73662671069,100000000.0,-1.0,439.87445859638495,160.7425746016051,3.0,3.0
32.73662671069,100000000.0,-1.0,571.17638133055,182.61025086427722,1.0,1.0
32.73662671069,100000000.0,-1.0,505.88553904901806,162.9249788228172,2.0,2.0
32.73662671069,100000000.0,-1.0,571.3881150085759,181.63453885890937,1.0,1.0
32.73662671069,100000000.0,-1.0,506.15009951165325,175.12969262213323,3.0,1.0
32.73662671069,100000000.0,-1.0,440.67963245791645,154.53262076345683,3.0,3.0
32.73662671069,100000000.0,-1.0,506.31236868133163,164.87403698644374,2.0,2.0
32.73662671069,100000000.0,-1.0,506.3224321119881,176.39459920214222,2.0,2.0
32.73662671069,100000000.0,-1.0,572.0600788164592,188.14257382088917,1.0,1.0
32.73662671069,100000000.0,-1.0,441.47299619833643,155.0035051405308,3.0,3.0
32.73662671069,100000000.0,-1.0,507.2235042899295,171.12733840713886,2.0,2.0
32.73662671069,100000000.0,-1.0,572.9266115955827,189.14818881976026,1.0,1.0
32.73662671069,100000000.0,-1.0,507.5558600879898,175.7211984354759,2.0,2.0
32.73662671069,100000000.0,-1.0,442.1823244549586,155.53991186641306,3.0,3.0
32.73662671069,100000000.0,-1.0,573.5296492137023,189.61214421813239,1.0,1.0
32.73662671069,100000000.0,-1.0,508.27948370875373,167.31803342153952,2.0,2.0
32.73662671069,100000000.0,-1.0,442.8247071306911,159.3724834658682,3.0,3.0
32.73662671069,100000000.0,-1.0,573.805657336646,191.38385307881285,1.0,1.0
32.73662671069,100000000.0,-1.0,573.8421910053313,187.19511683749653,1.0,1.0
32.73662671069,100000000.0,-1.0,508.37145341673937,182.07059085977028,2.0,2.0
32.73662671069,100000000.0,-1.0,442.9963400177078,158.62658889995666,3.0,3.0
32.73662671069,100000000.0,-1.0,508.5217369971298,181.33701534036703,2.0,2.0
32.73662671069,100000000.0,-1.0,443.154551949988,161.38126187044156,3.0,3.0
32.73662671069,100000000.0,-1.0,509.1375478169189,171.4740666440602,2.0,2.0
32.73662671069,100000000.0,-1.0,509.23228547997667,167.36032635044265,2.0,2.0
32.73662671069,100000000.0,-1.0,509.5014017232645,171.8045349363377,2.0,2.0
32.73662671069,100000000.0,-1.0,509.75992583335693,181.272858371926,2.0,2.0
32.73662671069,100000000.0,-1.0,444.70141608973285,158.88409130661393,3.0,3.0
32.73662671069,100000000.0,-1.0,510.3023988189634,164.28005889930947,2.0,2.0
32.73662671069,100000000.0,-1.0,575.7905993562033,189.59520796416015,1.0,1.0
32.73662671069,100000000.0,-1.0,510.4174769200212,183.15326686184062,2.0,2.0
32.73662671069,100000000.0,-1.0,510.4290508258428,178.98816549001626,2.0,2.0
32.73662671069,100000000.0,-1.0,445.0415849266263,154.95922066461654,3.0,3.0
32.73662671069,100000000.0,-1.0,379.61444108040155,151.15761885663915,4.0,4.0
32.73662671069,100000000.0,-1.0,511.00973479152407,164.93763523737644,2.0,2.0
32.73662671069,100000000.0,-1.0,446.0147709042096,158.3632527317911,3.0,3.0
32.73662671069,100000000.0,-1.0,511.66186684106617,177.4807148227058,2.0,2.0
32.73662671069,100000000.0,-1.0,446.3415446397007,157.20626994840234,3.0,3.0
32.73662671069,100000000.0,-1.0,380.9353895468984,126.236060220178,4.0,4.0
32.73662671069,100000000.0,-1.0,446.51653501025066,161.6907014640484,3.0,3.0
32.73662671069,100000000.0,-1.0,577.4833180465754,191.32551882951483,1.0,1.0
32.73662671069,100000000.0,-1.0,512.1120698680052,163.1880880021669,2.0,2.0
32.73662671069,100000000.0,-1.0,577.6488058422244,188.05219541499162,1.0,1.0
32.73662671069,100000000.0,-1.0,447.01715524511934,160.32365629501405,4.0,2.0
32.73662671069,100000000.0,-1.0,447.15699503123034,165.3922282217475,3.0,3.0
32.73662671069,100000000.0,-1.0,447.16537077333527,154.062196801627,3.0,3.0
32.73662671069,100000000.0,-1.0,447.29005895861087,158.51854884034836,3.0,3.0
32.73662671069,100000000.0,-1.0,578.3407570030218,185.04413305517778,1.0,1.0
32.73662671069,100000000.0,-1.0,513.2419085073266,185.41780945884818,2.0,2.0
32.73662671069,100000000.0,-1.0,447.8119213226602,157.65528949712996,3.0,3.0
32.73662671069,100000000.0,-1.0,513.6725924712856,179.33634990718778,2.0,2.0
32.73662671069,100000000.0,-1.0,382.86943743616456,136.39330035564316,4.0,4.0
32.73662671069,100000000.0,-1.0,513.934942901756,174.37676111920956,2.0,2.0
32.73662671069,100000000.0,-1.0,383.0431522961655,149.831189707217,6.0,2.0
32.73662671069,100000000.0,-1.0,579.8277435187683,196.71284310406932,1.0,1.0
32.73662671069,100000000.0,-1.0,448.8853785203162,149.35358545098686,3.0,3.0
32.73662671069,100000000.0,-1.0,514.5105862624467,164.556650340674,2.0,2.0
32.73662671069,100000000.0,-1.0,514.5733821850835,185.96473805166292,2.0,2.0
32.73662671069,100000000.0,-1.0,580.2120520625774,190.09730159453795,1.0,1.0
32.73662671069,100000000.0,-1.0,580.6478603123179,197.05530351959706,1.0,1.0
32.73662671069,100000000.0,-1.0,515.4194810837503,172.02439121595626,2.0,2.0
32.73662671069,100000000.0,-1.0,516.6963693882351,182.0265838321744,2.0,2.0
32.73662671069,100000000.0,-1.0,517.1411501275312,173.57174168454196,2.0,2.0
32.73662671069,100000000.0,-1.0,517.1475676341463,177.81638583804184,2.0,2.0
32.73662671069,100000000.0,-1.0,517.2056281934836,188.63907233063503,2.0,2.0
32.73662671069,100000000.0,-1.0,386.6371870151366,148.56715268393532,4.0,4.0
32.73662671069,100000000.0,-1.0,517.7048375964469,180.78534959347533,2.0,2.0
32.73662671069,100000000.0,-1.0,518.1737581025402,185.98923923552704,2.0,2.0
32.73662671069,100000000.0,-1.0,584.0842923950322,199.60959228847355,1.0,1.0
32.73662671069,100000000.0,-1.0,518.6434834320102,178.8020749595188,2.0,2.0
32.73662671069,100000000.0,-1.0,518.825524118354,184.54906917652622,2.0,2.0
32.73662671069,100000000.0,-1.0,518.922145624705,180.45503072875664,2.0,2.0
32.73662671069,100000000.0,-1.0,519.1258409898923,188.83993584395594,2.0,2.0
32.73662671069,100000000.0,-1.0,519.4475946030369,171.79562193819677,2.0,2.0
32.73662671069,100000000.0,-1.0,457.0039229987112,169.24921608152525,3.0,3.0
32.73662671069,100000000.0,-1.0,457.4191668922126,154.25824923084494,3.0,3.0
32.73662671069,100000000.0,-1.0,457.90095533860864,171.741331980454,3.0,3.0
32.73662671069,100000000.0,-1.0,460.4771268550198,174.4945845720792,3.0,3.0
32.73662671069,100000000.0,-1.0,591.6503712015538,207.0017005886258,1.0,1.0
32.73662671069,100000000.0,-1.0,460.82381186133347,165.49766296036634,3.0,3.0
32.73662671069,100000000.0,-1.0,329.91363924647476,125.94477825002454,6.0,4.0
32.73662671069,100000000.0,-1.0,461.18169396085165,169.98018878704917,3.0,3.0
32.73662671069,100000000.0,-1.0,526.8946789791419,185.14318765723485,2.0,2.0
32.73662671069,100000000.0,-1.0,462.6481726485471,181.52101778486346,4.0,2.0
32.73662671069,100000000.0,-1.0,397.58293708846315,141.1010804237406,5.0,3.0
32.73662671069,100000000.0,-1.0,465.1957736505976,180.20502402572612,3.0,3.0
32.856103450510034,100000000.0,-1.0,491.6291046530296,160.75476721372945,2.0,2.0
32.856103450510034,100000000.0,-1.0,557.9743720366498,178.80829497596173,1.0,1.0
32.856103450510034,100000000.0,-1.0,493.4988272495195,165.095438440829,2.0,2.0
32.856103450510034,100000000.0,-1.0,494.5052316444834,168.67740610865138,2.0,2.0
32.856103450510034,100000000.0,-1.0,496.0192968120479,166.44730517741587,2.0,2.0
32.856103450510034,100000000.0,-1.0,561.88323268034,173.85430370370722,1.0,1.0
32.856103450510034,100000000.0,-1.0,496.4420717042326,167.97855114269055,2.0,2.0
32.856103450510034,100000000.0,-1.0,431.01912784824134,149.25436103875836,3.0,3.0
32.856103450510034,100000000.0,-1.0,496.81495760976003,167.36454264711764,2.0,2.0
32.856103450510034,100000000.0,-1.0,431.904098726166,149.1638181087347,3.0,3.0
32.856103450510034,100000000.0,-1.0,497.726092510363,160.05016568173718,2.0,2.0
32.856103450510034,100000000.0,-1.0,563.676583565135,178.40979624121024,1.0,1.0
32.856103450510034,100000000.0,-1.0,563.7913072683635,181.36950301053022,1.0,1.0
32.856103450510034,100000000.0,-1.0,563.8507599297857,186.66371788498472,1.0,1.0
32.856103450510034,100000000.0,-1.0,564.1026630863029,180.18515809073304,1.0,1.0
32.856103450510034,100000000.0,-1.0,564.1411711475912,180.22366615202125,1.0,1.0
32.856103450510034,100000000.0,-1.0,498.55156989282074,167.79880912551022,2.0,2.0
32.856103450510034,100000000.0,-1.0,432.9152548000319,156.29947080960036,3.0,3.0
32.856103450510034,100000000.0,-1.0,499.01790409544657,173.78040105299786,2.0,2.0
32.856103450510034,100000000.0,-1.0,499.6672311050838,170.45142150652273,2.0,2.0
32.856103450510034,100000000.0,-1.0,565.4473761827735,183.734783025218,1.0,1.0
32.856103450510034,100000000.0,-1.0,565.7962261429078,180.96360500731654,1.0,1.0
32.856103450510034,100000000.0,-1.0,500.14131766493625,171.73792885624582,2.0,2.0
32.856103450510034,100000000.0,-1.0,566.3492237536448,187.81354909550248,1.0,1.0
32.856103450510034,100000000.0,-1.0,566.4748755024932,188.51915310662378,1.0,1.0
32.856103450510034,100000000.0,-1.0,566.5347038685267,184.82211071097117,1.0,1.0
32.856103450510034,100000000.0,-1.0,500.8514934135645,166.4690627058057,2.0,2.0
32.856103450510034,100000000.0,-1.0,435.19252576282383,150.150029109567,3.0,3.0
32.856103450510034,100000000.0,-1.0,566.9049675245337,185.58292461010913,1.0,1.0
32.856103450510034,100000000.0,-1.0,567.0488419936415,185.33624883608613,1.0,1.0
32.856103450510034,100000000.0,-1.0,435.70825486246883,152.5495957287714,3.0,3.0
32.856103450510034,100000000.0,-1.0,501.6890363323963,174.34480850012486,3.0,1.0
32.856103450510034,100000000.0,-1.0,436.0029615776523,144.19798909148258,3.0,3.0
32.856103450510034,100000000.0,-1.0,567.6597316997145,181.50193248265379,1.0,1.0
32.856103450510034,100000000.0,-1.0,502.0926635376037,174.07242643712814,2.0,2.0
32.856103450510034,100000000.0,-1.0,502.22101433767125,167.65660617203517,2.0,2.0
32.856103450510034,100000000.0,-1.0,436.5875711837671,162.62864571945332,4.0,2.0
32.856103450510034,100000000.0,-1.0,502.36917391481256,172.79718228018052,2.0,2.0
32.856103450510034,100000000.0,-1.0,568.207704979883,189.7508390194729,1.0,1.0
32.856103450510034,100000000.0,-1.0,502.5125636907049,173.90391955728435,2.0,2.0
32.856103450510034,100000000.0,-1.0,568.6026655159503,178.26399562040908,1.0,1.0
32.856103450510034,100000000.0,-1.0,437.4350242267242,152.62152351490403,3.0,3.0
32.856103450510034,100000000.0,-1.0,568.9807365744042,186.64176299836623,1.0,1.0
32.856103450510034,100000000.0,-1.0,503.372613904933,178.49017354851958,2.0,2.0
32.856103450510034,100000000.0,-1.0,569.2562227310668,186.27618998436458,1.0,1.0
32.856103450510034,100000000.0,-1.0,503.6124901046746,167.33992859361783,2.0,2.0
32.856103450510034,100000000.0,-1.0,569.6248957602035,181.60508405630372,1.0,1.0
32.856103450510034,100000000.0,-1.0,438.33016927481225,159.22831543247565,3.0,3.0
32.856103450510034,100000000.0,-1.0,438.38026818786284,159.62036756354135,3.0,3.0
32.856103450510034,100000000.0,-1.0,569.8781211039463,186.0996983281239,1.0,1.0
32.856103450510034,100000000.0,-1.0,504.18227192720923,174.01318195117,2.0,2.0
32.856103450510034,100000000.0,-1.0,504.19176428719476,172.22143811927612,2.0,2.0
32.856103450510034,100000000.0,-1.0,504.4187894387029,172.40615692103228,2.0,2.0
32.856103450510034,100000000.0,-1.0,438.73615433290445,160.7877275358983,3.0,3.0
32.856103450510034,100000000.0,-1.0,570.3240417198409,186.62216228011147,1.0,1.0
32.856103450510034,100000000.0,-1.0,570.5221872655678,191.35611020487988,1.0,1.0
32.856103450510034,100000000.0,-1.0,571.1789283831764,186.9705526524004,1.0,1.0
32.856103450510034,100000000.0,-1.0,571.3584738647337,188.5000177900212,1.0,1.0
32.856103450510034,100000000.0,-1.0,505.73068758643126,152.63954688713443,2.0,2.0
32.856103450510034,100000000.0,-1.0,571.5236380206104,187.69892843611464,1.0,1.0
32.856103450510034,100000000.0,-1.0,440.1313590018403,158.96116200346535,3.0,3.0
32.856103450510034,100000000.0,-1.0,506.5405974326918,165.4930610868642,2.0,2.0
32.856103450510034,100000000.0,-1.0,506.5953303162619,170.39092143151623,2.0,2.0
32.856103450510034,100000000.0,-1.0,572.4954262145201,184.58807390987693,1.0,1.0
32.856103450510034,100000000.0,-1.0,506.8551182663319,177.92016381830106,2.0,2.0
32.856103450510034,100000000.0,-1.0,507.22206192432526,172.70873828501354,2.0,2.0
32.856103450510034,100000000.0,-1.0,507.28164924060377,178.10384611420767,2.0,2.0
32.856103450510034,100000000.0,-1.0,573.0728140426728,182.07567281071886,1.0,1.0
32.856103450510034,100000000.0,-1.0,507.40640093365346,175.5772395572416,2.0,2.0
32.856103450510034,100000000.0,-1.0,507.55213208399584,176.30993100354266,2.0,2.0
32.856103450510034,100000000.0,-1.0,573.3314397371507,191.41233829648783,1.0,1.0
32.856103450510034,100000000.0,-1.0,507.8196851755961,173.70844196115183,2.0,2.0
32.856103450510034,100000000.0,-1.0,507.9813590624433,165.14157436331837,2.0,2.0
32.856103450510034,100000000.0,-1.0,507.9851866259952,175.5879966977115,2.0,2.0
32.856103450510034,100000000.0,-1.0,508.0024345180651,168.0565430087296,2.0,2.0
32.856103450510034,100000000.0,-1.0,508.2025092379318,153.8177614725187,2.0,2.0
32.856103450510034,100000000.0,-1.0,508.5975130728103,178.424122329605,2.0,2.0
32.856103450510034,100000000.0,-1.0,442.90768799538995,162.7857701093444,3.0,3.0
32.856103450510034,100000000.0,-1.0,442.99405787098965,153.8634094271468,3.0,3.0
32.856103450510034,100000000.0,-1.0,508.7065389353308,173.59107551115181,2.0,2.0
32.856103450510034,100000000.0,-1.0,443.30526409990415,163.98327167151487,4.0,2.0
32.856103450510034,100000000.0,-1.0,509.2640094718041,174.4113654763916,2.0,2.0
32.856103450510034,100000000.0,-1.0,575.0962851415283,190.44761452860055,1.0,1.0
32.856103450510034,100000000.0,-1.0,509.92311763436715,177.85256837614898,2.0,2.0
32.856103450510034,100000000.0,-1.0,509.9765290769082,176.52399314612765,2.0,2.0
32.856103450510034,100000000.0,-1.0,510.1812665337376,176.6343951820979,2.0,2.0
32.856103450510034,100000000.0,-1.0,576.0981741927953,190.0670658159144,1.0,1.0
32.856103450510034,100000000.0,-1.0,510.5675570196039,169.84447966754098,2.0,2.0
32.856103450510034,100000000.0,-1.0,576.5522737121485,189.1261755386868,1.0,1.0
32.856103450510034,100000000.0,-1.0,511.0837522188159,175.64225319628014,2.0,2.0
32.856103450510034,100000000.0,-1.0,511.30123923315654,169.8554183132315,2.0,2.0
32.856103450510034,100000000.0,-1.0,577.0503546052845,195.1547083723317,1.0,1.0
32.856103450510034,100000000.0,-1.0,577.103351276634,191.92852263882574,1.0,1.0
32.856103450510034,100000000.0,-1.0,577.1789644893204,193.4005417134978,1.0,1.0
32.856103450510034,100000000.0,-1.0,511.4939916647223,182.27543691840125,2.0,2.0
32.856103450510034,100000000.0,-1.0,577.4093187809768,189.18311484120693,1.0,1.0
32.856103450510034,100000000.0,-1.0,511.8439467078936,181.77610479595236,2.0,2.0
32.856103450510034,100000000.0,-1.0,446.19432736491444,151.162497995085,3.0,3.0
32.856103450510034,100000000.0,-1.0,446.2782370210917,143.31789474472768,3.0,3.0
32.856103450510034,100000000.0,-1.0,512.0938582846786,172.27720464614598,2.0,2.0
32.856103450510034,100000000.0,-1.0,512.670506016458,180.8655540419961,2.0,2.0
32.856103450510034,100000000.0,-1.0,512.8122442909487,180.12376964838793,2.0,2.0
32.856103450510034,100000000.0,-1.0,579.2127368953015,195.54498290090626,1.0,1.0
32.856103450510034,100000000.0,-1.0,579.9020705198606,197.50997594007924,1.0,1.0
32.856103450510034,100000000.0,-1.0,514.3751886167892,180.11433458101996,2.0,2.0
32.856103450510034,100000000.0,-1.0,383.01767728667124,151.61812718878983,5.0,3.0
32.856103450510034,100000000.0,-1.0,449.0680536884144,155.91906460780712,3.0,3.0
32.856103450510034,100000000.0,-1.0,449.20945024313585,167.7420266558083,3.0,3.0
32.856103450510034,100000000.0,-1.0,449.4542377227539,150.56339106357893,3.0,3.0
32.856103450510034,100000000.0,-1.0,384.27496906060236,139.3583911794326,4.0,4.0
32.856103450510034,100000000.0,-1.0,384.97194624093476,140.62747845725423,5.0,3.0
32.856103450510034,100000000.0,-1.0,516.8083318506684,186.10992406057247,2.0,2.0
32.856103450510034,100000000.0,-1.0,451.40721191122776,155.84850544935946,3.0,3.0
32.856103450510034,100000000.0,-1.0,451.5002069558453,151.62237166772053,3.0,3.0
32.856103450510034,100000000.0,-1.0,452.0590388271985,157.87365991229328,3.0,3.0
32.856103450510034,100000000.0,649.2189148260388,649.2189148260386,215.97733739187967,0.0,0.0
32.856103450510034,100000000.0,-1.0,386.46036910422595,145.1704903825922,4.0,4.0
32.856103450510034,100000000.0,-1.0,518.2552891477951,172.38160614616288,3.0,1.0
32.856103450510034,100000000.0,-1.0,452.64664228930445,158.33349170303927,3.0,3.0
32.856103450510034,100000000.0,-1.0,518.9549532159965,183.01685191358007,3.0,1.0
32.856103450510034,100000000.0,-1.0,585.1088711327437,188.69548223210975,1.0,1.0
32.856103450510034,100000000.0,-1.0,388.8866524850777,147.59677376344402,5.0,3.0
32.856103450510034,100000000.0,-1.0,388.9491474057209,147.73274310581021,5.0,3.0
32.856103450510034,100000000.0,-1.0,522.2737599941585,184.7951841350639,2.0,2.0
32.856103450510034,100000000.0,-1.0,523.2951795775899,189.38072460930573,2.0,2.0
32.856103450510034,100000000.0,-1.0,392.158999967568,147.96233829706568,4.0,4.0
32.856103450510034,100000000.0,-1.0,524.1307922268354,168.46378342918956,2.0,2.0
32.856103450510034,100000000.0,-1.0,462.7112218036661,179.8209473654924,4.0,2.0
32.97558019033007,100000000.0,624.2257078698141,624.225707869814,190.98413043565498,0.0,0.0
32.97558019033007,100000000.0,-1.0,559.5231590701135,175.8663129662805,1.0,1.0
32.97558019033007,100000000.0,-1.0,559.5422247006038,175.88537859677075,1.0,1.0
32.97558019033007,100000000.0,-1.0,494.04882289397995,164.4046573456712,2.0,2.0
32.97558019033007,100000000.0,-1.0,560.847175459264,177.98871938455133,1.0,1.0
32.97558019033007,100000000.0,-1.0,561.9117432383953,179.4899389805621,1.0,1.0
32.97558019033007,100000000.0,-1.0,496.0591818094241,167.65579300073364,2.0,2.0
32.97558019033007,100000000.0,-1.0,562.0544130086909,180.73237009426623,1.0,1.0
32.97558019033007,100000000.0,-1.0,496.52433643881943,167.073921476177,2.0,2.0
32.97558019033007,100000000.0,-1.0,562.5569164262662,174.52798744963334,1.0,1.0
32.97558019033007,100000000.0,-1.0,496.78679508054284,168.1781509471223,2.0,2.0
32.97558019033007,100000000.0,-1.0,497.05158105914126,171.42901084803938,2.0,2.0
32.97558019033007,100000000.0,-1.0,563.2640916870389,178.606303801378,1.0,1.0
32.97558019033007,100000000.0,-1.0,563.3223884640726,179.4048834685027,1.0,1.0
32.97558019033007,100000000.0,-1.0,563.3525772239783,175.44522491933512,1.0,1.0
32.97558019033007,100000000.0,-1.0,497.73580325198935,168.09163770368065,2.0,2.0
32.97558019033007,100000000.0,-1.0,497.8570845825169,169.349948075772,2.0,2.0
32.97558019033007,100000000.0,-1.0,498.1566263462123,171.32258644941828,2.0,2.0
32.97558019033007,100000000.0,-1.0,498.259698127109,173.0221950846602,2.0,2.0
32.97558019033007,100000000.0,-1.0,498.66468600205525,168.41588101029245,2.0,2.0
32.97558019033007,100000000.0,-1.0,564.792183936486,186.25650927834363,1.0,1.0
32.97558019033007,100000000.0,-1.0,498.9782858455121,163.20995482625662,2.0,2.0
32.97558019033007,100000000.0,-1.0,499.098388853611,174.06614113589256,2.0,2.0
32.97558019033007,100000000.0,-1.0,499.18637944220177,160.7220178944808,2.0,2.0
32.97558019033007,100000000.0,-1.0,499.26981264026904,174.77123037615007,2.0,2.0
32.97558019033007,100000000.0,-1.0,565.2964142525319,183.9047237951267,1.0,1.0
32.97558019033007,100000000.0,-1.0,566.1132670317168,180.74119658120173,1.0,1.0
32.97558019033007,100000000.0,-1.0,566.2266428268115,178.19771385017884,1.0,1.0
32.97558019033007,100000000.0,632.340197233219,632.3401972332189,199.09861979905986,0.0,0.0
32.97558019033007,100000000.0,-1.0,500.52746461512066,171.3284979883168,2.0,2.0
32.97558019033007,100000000.0,-1.0,500.66728980834966,163.56501688963613,2.0,2.0
32.97558019033007,100000000.0,-1.0,500.90152748229605,168.77822618319806,2.0,2.0
32.97558019033007,100000000.0,632.8742843429515,632.8742843429515,199.63270690879244,0.0,0.0
32.97558019033007,100000000.0,-1.0,501.09480891171444,161.54297330362365,2.0,2.0
32.97558019033007,100000000.0,-1.0,567.2272802693765,185.51468711182102,1.0,1.0
32.97558019033007,100000000.0,-1.0,501.7392284251024,165.4245786434738,2.0,2.0
32.97558019033007,100000000.0,-1.0,501.799530574744,169.8241650585313,2.0,2.0
32.97558019033007,100000000.0,-1.0,567.7985254105563,184.29417561774002,1.0,1.0
32.97558019033007,100000000.0,-1.0,501.94577639112714,170.31637006334327,2.0,2.0
32.97558019033007,100000000.0,-1.0,568.0092840054814,183.35149611982052,1.0,1.0
32.97558019033007,100000000.0,-1.0,568.0365446654989,187.5829761719749,1.0,1.0
32.97558019033007,100000000.0,-1.0,502.25431783134076,173.6877619684921,2.0,2.0
32.97558019033007,100000000.0,-1.0,502.42093879829446,174.61337275908943,2.0,2.0
32.97558019033007,100000000.0,-1.0,568.444531375639,178.15660124396297,1.0,1.0
32.97558019033007,100000000.0,-1.0,568.4499554314962,189.90391054224344,1.0,1.0
32.97558019033007,100000000.0,-1.0,568.5387308075617,184.83559789505537,1.0,1.0
32.97558019033007,100000000.0,-1.0,568.6440410862883,186.17862088325245,1.0,1.0
32.97558019033007,100000000.0,-1.0,569.0338817376141,181.86064954489876,1.0,1.0
32.97558019033007,100000000.0,-1.0,503.15869867837705,166.96562556873803,2.0,2.0
32.97558019033007,100000000.0,-1.0,503.37558833823516,165.29652300692152,2.0,2.0
32.97558019033007,100000000.0,-1.0,569.4492749425917,187.54054373303927,1.0,1.0
32.97558019033007,100000000.0,-1.0,569.4993779260524,187.58027648538956,1.0,1.0
32.97558019033007,100000000.0,-1.0,503.734356400368,175.12571226694737,2.0,2.0
32.97558019033007,100000000.0,-1.0,504.09209455281314,166.80562464363138,2.0,2.0
32.97558019033007,100000000.0,-1.0,438.33397701999263,160.56263129820056,3.0,3.0
32.97558019033007,100000000.0,-1.0,570.4117415257876,189.0896986113629,1.0,1.0
32.97558019033007,100000000.0,636.4277591705152,636.4277591705152,203.18618173635616,0.0,0.0
32.97558019033007,100000000.0,-1.0,570.6081731202241,188.71252688727114,1.0,1.0
32.97558019033007,100000000.0,-1.0,504.7720534928835,167.92410222551806,2.0,2.0
32.97558019033007,100000000.0,-1.0,504.7954531245737,166.32001812558414,2.0,2.0
32.97558019033007,100000000.0,-1.0,504.9821627651128,176.700350628412,2.0,2.0
32.97558019033007,100000000.0,-1.0,505.03094462618685,167.92867170747343,2.0,2.0
32.97558019033007,100000000.0,-1.0,505.13652684460544,177.83022851585307,2.0,2.0
32.97558019033007,100000000.0,-1.0,571.1590907301403,188.47577076871823,1.0,1.0
32.97558019033007,100000000.0,-1.0,505.55389683084223,169.92022746017594,2.0,2.0
32.97558019033007,100000000.0,-1.0,571.5089534178692,189.0435332148332,1.0,1.0
32.97558019033007,100000000.0,-1.0,505.6425808780145,171.33779514036044,2.0,2.0
32.97558019033007,100000000.0,-1.0,505.6454685422731,174.64159466202656,2.0,2.0
32.97558019033007,100000000.0,-1.0,440.06281196350915,147.51231128189673,3.0,3.0
32.97558019033007,100000000.0,-1.0,440.0930205860963,162.1360705190265,3.0,3.0
32.97558019033007,100000000.0,-1.0,572.0153521208049,182.70489571161022,1.0,1.0
32.97558019033007,100000000.0,-1.0,572.0788325634431,189.6134123604072,1.0,1.0
32.97558019033007,100000000.0,-1.0,572.3435112326861,194.01309189927377,1.0,1.0
32.97558019033007,100000000.0,-1.0,506.488674325485,172.62328436987355,2.0,2.0
32.97558019033007,100000000.0,-1.0,572.5831630714831,192.129594577959,1.0,1.0
32.97558019033007,100000000.0,-1.0,507.03896413275396,178.43031999933345,2.0,2.0
32.97558019033007,100000000.0,-1.0,573.0710332929118,190.60561308987576,1.0,1.0
32.97558019033007,100000000.0,-1.0,507.2861809814967,170.82573649628958,2.0,2.0
32.97558019033007,100000000.0,-1.0,507.3170296181348,181.84426676833812,2.0,2.0
32.97558019033007,100000000.0,-1.0,441.4654814996805,147.1226917466735,3.0,3.0
32.97558019033007,100000000.0,-1.0,573.5490164783162,185.65078144640606,1.0,1.0
32.97558019033007,100000000.0,-1.0,441.7247678148368,162.50133730051067,3.0,3.0
32.97558019033007,100000000.0,-1.0,573.7892994730669,182.35799205277957,1.0,1.0
32.97558019033007,100000000.0,-1.0,508.1115956542842,163.4961016236017,2.0,2.0
32.97558019033007,100000000.0,-1.0,574.0745227315066,193.85310702975767,1.0,1.0
32.97558019033007,100000000.0,-1.0,574.2873789803809,189.09238960507992,1.0,1.0
32.97558019033007,100000000.0,640.6353036913632,640.6353036913632,207.3937262572042,0.0,0.0
32.97558019033007,100000000.0,-1.0,574.7731394336386,182.22290728133615,1.0,1.0
32.97558019033007,100000000.0,-1.0,575.0397061235486,189.13295437808975,1.0,1.0
32.97558019033007,100000000.0,-1.0,443.24925550099465,160.30029271972853,3.0,3.0
32.97558019033007,100000000.0,-1.0,509.2633831254321,166.23387034140185,2.0,2.0
32.97558019033007,100000000.0,-1.0,509.7799888064581,180.7558554295847,2.0,2.0
32.97558019033007,100000000.0,-1.0,509.9768487680685,178.97297488782195,2.0,2.0
32.97558019033007,100000000.0,-1.0,575.942451122513,188.03509881786977,1.0,1.0
32.97558019033007,100000000.0,-1.0,575.9507340246647,190.3668282135024,1.0,1.0
32.97558019033007,100000000.0,-1.0,510.62207331810475,181.37380889373188,2.0,2.0
32.97558019033007,100000000.0,-1.0,576.7084407030376,194.81279447008478,1.0,1.0
32.97558019033007,100000000.0,-1.0,510.77157840427145,178.77435476930796,2.0,2.0
32.97558019033007,100000000.0,-1.0,445.24205554417347,149.3793657274019,3.0,3.0
32.97558019033007,100000000.0,-1.0,577.405766835089,198.8003025897324,1.0,1.0
32.97558019033007,100000000.0,-1.0,445.6046307604234,146.66165391779066,3.0,3.0
32.97558019033007,100000000.0,-1.0,577.5366555786024,183.38010453029392,1.0,1.0
32.97558019033007,100000000.0,-1.0,577.7133718708726,196.0007787133172,1.0,1.0
32.97558019033007,100000000.0,-1.0,511.95054093784245,159.97025563809797,2.0,2.0
32.97558019033007,100000000.0,-1.0,512.113335158599,164.2052012343811,2.0,2.0
32.97558019033007,100000000.0,-1.0,578.3365845403599,197.92930285550918,1.0,1.0
32.97558019033007,100000000.0,-1.0,512.5912862917771,180.9915896420453,2.0,2.0
32.97558019033007,100000000.0,-1.0,578.8558515955901,194.93834660002014,1.0,1.0
32.97558019033007,100000000.0,644.9567854494657,644.9567854494658,211.7152080153066,0.0,0.0
32.97558019033007,100000000.0,-1.0,447.24906931527744,156.45848607723366,3.0,3.0
32.97558019033007,100000000.0,-1.0,513.3389021270342,176.0151056569175,2.0,2.0
32.97558019033007,100000000.0,-1.0,513.4848181916805,176.62515412279473,2.0,2.0
32.97558019033007,100000000.0,-1.0,447.64305932153565,160.92503626962855,3.0,3.0
32.97558019033007,100000000.0,-1.0,513.8902382836956,181.41509261522015,2.0,2.0
32.97558019033007,100000000.0,-1.0,448.19490282280236,147.9791687600619,3.0,3.0
32.97558019033007,100000000.0,-1.0,514.6975404779774,186.82781712288667,2.0,2.0
32.97558019033007,100000000.0,-1.0,448.7998949882968,176.14838679322727,3.0,3.0
32.97558019033007,100000000.0,-1.0,449.49238810778564,167.41028073151867,3.0,3.0
32.97558019033007,100000000.0,-1.0,449.5543784799708,154.225354116799,3.0,3.0
32.97558019033007,100000000.0,-1.0,582.0865443081833,198.8816681172338,1.0,1.0
32.97558019033007,100000000.0,-1.0,517.5282713865419,169.72061163444948,2.0,2.0
32.97558019033007,100000000.0,-1.0,451.63758489365205,159.7003555418986,3.0,3.0
32.97558019033007,100000000.0,-1.0,517.9845652044093,182.1547236974013,2.0,2.0
32.97558019033007,100000000.0,-1.0,452.22538572214154,171.6152277285866,3.0,3.0
32.97558019033007,100000000.0,-1.0,586.826434325597,204.31037967434509,1.0,1.0
32.97558019033007,100000000.0,653.0839703789643,653.0839703789644,219.84239294480534,0.0,0.0
32.97558019033007,100000000.0,-1.0,457.8432423447595,162.53632143563883,4.0,2.0
32.97558019033007,100000000.0,-1.0,591.2445975897916,207.74024779697535,1.0,1.0
33.09505693015011,100000000.0,619.6479021169513,619.6479021169514,186.4063246827923,0.0,0.0
33.09505693015011,100000000.0,619.8443537209814,619.8443537209814,186.60277628682232,0.0,0.0
33.09505693015011,100000000.0,-1.0,489.02622337427675,163.78872033182802,2.0,2.0
33.09505693015011,100000000.0,621.6653533099095,621.6653533099094,188.42377587575035,0.0,0.0
33.09505693015011,100000000.0,-1.0,556.3559239505452,174.4602777175923,1.0,1.0
33.09505693015011,100000000.0,-1.0,556.3749895810354,174.47934334808255,1.0,1.0
33.09505693015011,100000000.0,-1.0,556.3749895810355,174.47934334808258,1.0,1.0
33.09505693015011,100000000.0,-1.0,556.5714411850655,174.6757949521126,1.0,1.0
33.09505693015011,100000000.0,623.1874608803844,623.1874608803847,189.94588344622542,0.0,0.0
33.09505693015011,100000000.0,-1.0,557.1330929870047,175.7414025295994,1.0,1.0
33.09505693015011,100000000.0,-1.0,491.13094577015727,162.52230163673676,2.0,2.0
33.09505693015011,100000000.0,-1.0,557.3295445910347,175.93785413362943,1.0,1.0
33.09505693015011,100000000.0,-1.0,491.1500114006476,162.54136726722703,2.0,2.0
33.09505693015011,100000000.0,623.8381614546881,623.8381614546881,190.59658402052906,0.0,0.0
33.09505693015011,100000000.0,-1.0,557.7419934610111,173.08420557535015,1.0,1.0
33.09505693015011,100000000.0,-1.0,557.9384450650412,173.28065717938017,1.0,1.0
33.09505693015011,100000000.0,624.153938143179,624.153938143179,190.91236070901977,0.0,0.0
33.09505693015011,100000000.0,-1.0,557.9791106734034,169.9501816967706,1.0,1.0
33.09505693015011,100000000.0,-1.0,557.9791106734034,169.9501816967706,1.0,1.0
33.09505693015011,100000000.0,-1.0,557.9791106734035,169.9501816967706,1.0,1.0
33.09505693015011,100000000.0,-1.0,557.9791106734034,169.95018169677064,1.0,1.0
33.09505693015011,100000000.0,-1.0,491.82555625705965,160.9512188177595,2.0,2.0
33.09505693015011,100000000.0,-1.0,491.9266065678695,163.43953910643856,2.0,2.0
33.09505693015011,100000000.0,-1.0,558.1755622774335,170.14663330080066,1.0,1.0
33.09505693015011,100000000.0,-1.0,492.13785528248326,161.46877316791318,2.0,2.0
33.09505693015011,100000000.0,-1.0,492.1421238023898,163.65505634095885,2.0,2.0
33.09505693015011,100000000.0,624.7139738673145,624.7139738673145,191.47239643315544,0.0,0.0
33.09505693015011,100000000.0,-1.0,558.5265517054193,181.33950966061835,1.0,1.0
33.09505693015011,100000000.0,-1.0,492.4056998202516,161.652939052941,2.0,2.0
33.09505693015011,100000000.0,624.7873505923832,624.7873505923833,191.54577315822425,0.0,0.0
33.09505693015011,100000000.0,624.7873505923834,624.7873505923832,191.54577315822425,0.0,0.0
33.09505693015011,100000000.0,-1.0,558.5998222049031,173.94203431924223,1.0,1.0
33.09505693015011,100000000.0,-1.0,558.6060061563475,178.1524376628234,1.0,1.0
33.09505693015011,100000000.0,-1.0,492.4247654507418,161.67200468343123,2.0,2.0
33.09505693015011,100000000.0,-1.0,558.74458271121,174.82707771563997,1.0,1.0
33.09505693015011,100000000.0,-1.0,558.74458271121,174.82707771563997,1.0,1.0
33.09505693015011,100000000.0,-1.0,558.7747714711156,170.86741916647242,1.0,1.0
33.09505693015011,100000000.0,625.0250481225348,625.0250481225347,191.78347068837556,0.0,0.0
33.09505693015011,100000000.0,-1.0,558.8501844492761,179.6841073885881,1.0,1.0
33.09505693015011,100000000.0,-1.0,492.7370644761654,162.18955903358489,2.0,2.0
33.09505693015011,100000000.0,-1.0,492.7370644761654,162.1895590335849,2.0,2.0
33.09505693015011,100000000.0,-1.0,558.94103431524,175.02352931967,1.0,1.0
33.09505693015011,100000000.0,625.2214997265646,625.2214997265647,191.97992229240563,0.0,0.0
33.09505693015011,100000000.0,-1.0,559.4602309813936,178.06854052398842,1.0,1.0
33.09505693015011,100000000.0,-1.0,559.5231590701135,175.8663129662805,1.0,1.0
33.09505693015011,100000000.0,625.7821504738754,625.7821504738753,192.54057303971624,0.0,0.0
33.09505693015011,100000000.0,-1.0,493.7528587744847,158.94610492682037,2.0,2.0
33.09505693015011,100000000.0,-1.0,493.78964233398585,160.7743356947054,2.0,2.0
33.09505693015011,100000000.0,-1.0,559.9965618663614,171.96763288972872,1.0,1.0
33.09505693015011,100000000.0,-1.0,560.0156274968518,171.98669852021894,1.0,1.0
33.09505693015011,100000000.0,-1.0,493.8620730805079,162.98773564120782,2.0,2.0
33.09505693015011,100000000.0,-1.0,560.0691314554001,175.41134356973913,1.0,1.0
33.09505693015011,100000000.0,-1.0,560.0802637914577,172.90703159874252,1.0,1.0
33.09505693015011,100000000.0,-1.0,493.96312339131777,165.47605592988688,2.0,2.0
33.09505693015011,100000000.0,-1.0,560.3062486677924,172.27731969115962,1.0,1.0
33.09505693015011,100000000.0,-1.0,560.3289987980171,176.0818302008008,1.0,1.0
33.09505693015011,100000000.0,-1.0,494.17380852766877,159.0765680723735,2.0,2.0
33.09505693015011,100000000.0,626.625163522359,626.6251635223589,193.38358608819982,0.0,0.0
33.09505693015011,100000000.0,-1.0,560.6425229797958,180.1889544862717,1.0,1.0
33.09505693015011,100000000.0,-1.0,560.6935725311499,180.22963380651544,1.0,1.0
33.09505693015011,100000000.0,-1.0,560.7810995346583,176.86359453908833,1.0,1.0
33.09505693015011,100000000.0,-1.0,560.8142515499052,182.85852915403566,1.0,1.0
33.09505693015011,100000000.0,-1.0,560.8142515499052,182.8585291540357,1.0,1.0
33.09505693015011,100000000.0,-1.0,494.65773387822014,163.9049731109096,2.0,2.0
33.09505693015011,100000000.0,-1.0,494.7360715668025,166.27255100526034,2.0,2.0
33.09505693015011,100000000.0,-1.0,560.9668557143697,176.3090678287087,1.0,1.0
33.09505693015011,100000000.0,-1.0,560.9775511386882,177.0600461431183,1.0,1.0
33.09505693015011,100000000.0,-1.0,561.007739898594,173.10038759395079,1.0,1.0
33.09505693015011,100000000.0,-1.0,561.071720705599,177.15421571002898,1.0,1.0
33.09505693015011,100000000.0,-1.0,561.0925505901861,177.1750455946162,1.0,1.0
33.09505693015011,100000000.0,627.2933010785492,627.2933010785492,194.0517236443901,0.0,0.0
33.09505693015011,100000000.0,-1.0,494.9267008903341,159.29303151966786,2.0,2.0
33.09505693015011,100000000.0,-1.0,494.95158880132277,166.48806823978063,2.0,2.0
33.09505693015011,100000000.0,-1.0,561.3833346309987,177.00195376904333,1.0,1.0
33.09505693015011,100000000.0,-1.0,561.4158744860952,182.22008774735534,1.0,1.0
33.09505693015011,100000000.0,-1.0,561.5144380564673,179.61879182351453,1.0,1.0
33.09505693015011,100000000.0,-1.0,495.33555991298994,160.76095885710058,2.0,2.0
33.09505693015011,100000000.0,-1.0,495.34027073838433,166.73162660496382,2.0,2.0
33.09505693015011,100000000.0,-1.0,561.5335036869576,179.63785745400477,1.0,1.0
33.09505693015011,100000000.0,-1.0,561.5698548237533,177.20110955454734,1.0,1.0
33.09505693015011,100000000.0,627.8377329278138,627.8377329278138,194.59615549365483,0.0,0.0
33.09505693015011,100000000.0,-1.0,495.64043574497265,161.3356500073187,2.0,2.0
33.09505693015011,100000000.0,-1.0,561.8970878070634,180.00144157411043,1.0,1.0
33.09505693015011,100000000.0,-1.0,561.9155454081412,179.45012520510525,1.0,1.0
33.09505693015011,100000000.0,628.1380070091163,628.1380070091164,194.89642957495738,0.0,0.0
33.09505693015011,100000000.0,-1.0,495.81936399076636,164.94502655146624,2.0,2.0
33.09505693015011,100000000.0,-1.0,562.0447117708607,177.66333090890538,1.0,1.0
33.09505693015011,100000000.0,-1.0,562.1310626426616,179.66564243962551,1.0,1.0
33.09505693015011,100000000.0,-1.0,562.245503993632,174.21657501699923,1.0,1.0
33.09505693015011,100000000.0,-1.0,562.3449541141352,177.17012547632706,1.0,1.0
33.09505693015011,100000000.0,-1.0,562.3997354252289,177.13294810130415,1.0,1.0
33.09505693015011,100000000.0,-1.0,496.22483533937134,166.58066979106263,2.0,2.0
33.09505693015011,100000000.0,-1.0,496.5298147260777,164.68412034039233,2.0,2.0
33.09505693015011,100000000.0,-1.0,496.53094110507817,171.29343806262946,2.0,2.0
33.09505693015011,100000000.0,-1.0,496.67711184560153,164.27992191731786,2.0,2.0
33.09505693015011,100000000.0,-1.0,496.71347471360093,168.68412034039235,2.0,2.0
33.09505693015011,100000000.0,-1.0,496.7453319605979,164.8996375749126,2.0,2.0
33.09505693015011,100000000.0,629.3887029403719,629.3887029403719,196.1471255062129,0.0,0.0
33.09505693015011,100000000.0,-1.0,563.3829412988306,179.11570365630038,1.0,1.0
33.09505693015011,100000000.0,-1.0,497.33353346217103,165.3318088350625,2.0,2.0
33.09505693015011,100000000.0,629.771916700681,629.771916700681,196.53033926652205,0.0,0.0
33.09505693015011,100000000.0,-1.0,497.6192827879606,166.48279950255306,2.0,2.0
33.09505693015011,100000000.0,-1.0,563.9687696221962,179.31098173653527,1.0,1.0
33.09505693015011,100000000.0,-1.0,564.0857765108232,185.5397316215705,1.0,1.0
33.09505693015011,100000000.0,-1.0,564.1675794661098,181.70215926307384,1.0,1.0
33.09505693015011,100000000.0,-1.0,564.2895887596849,177.11635656696956,1.0,1.0
33.09505693015011,100000000.0,630.4953876082209,630.495387608221,197.25381017406195,0.0,0.0
33.09505693015011,100000000.0,630.5666571328354,630.5666571328353,197.32507969867626,0.0,0.0
33.09505693015011,100000000.0,-1.0,564.4629842397854,177.28975204707007,1.0,1.0
33.09505693015011,100000000.0,-1.0,564.7137331030478,180.05594521738684,1.0,1.0
33.09505693015011,100000000.0,-1.0,498.5853971800163,166.7397027943309,2.0,2.0
33.09505693015011,100000000.0,-1.0,564.9101847070777,180.25239682141688,1.0,1.0
33.09505693015011,100000000.0,-1.0,498.84947782238777,164.54469208473373,2.0,2.0
33.09505693015011,100000000.0,-1.0,498.8661459682269,164.76661555530302,2.0,2.0
33.09505693015011,100000000.0,631.4993144093742,631.4993144093743,198.25773697521512,0.0,0.0
33.09505693015011,100000000.0,-1.0,565.3161274587272,187.36040506285775,1.0,1.0
33.09505693015011,100000000.0,-1.0,565.598041026386,180.42321238857772,1.0,1.0
33.09505693015011,100000000.0,631.8734550267212,631.8734550267212,198.6318775925622,0.0,0.0
33.09505693015011,100000000.0,631.9133505417988,631.9133505417988,198.67177310763967,0.0,0.0
33.09505693015011,100000000.0,-1.0,499.5665018896493,167.56477726254082,2.0,2.0
33.09505693015011,100000000.0,631.971798810829,631.9717988108291,198.73022137667004,0.0,0.0
33.09505693015011,100000000.0,-1.0,565.8594169793045,187.3237423211622,1.0,1.0
33.09505693015011,100000000.0,-1.0,566.6014273502924,181.9436394646315,1.0,1.0
33.09505693015011,100000000.0,-1.0,566.8846919196104,182.22690403394938,1.0,1.0
33.09505693015011,100000000.0,633.206503288063,633.2065032880631,199.9649258539041,0.0,0.0
33.09505693015011,100000000.0,-1.0,567.4611623697338,182.28633373192548,1.0,1.0
33.09505693015011,100000000.0,634.1446949977085,634.1446949977087,200.9031175635496,0.0,0.0
33.21453366997014,100000000.0,621.5747512484913,621.5747512484913,188.33317381433216,0.0,0.0
33.21453366997014,100000000.0,623.1874608803846,623.1874608803846,189.94588344622542,0.0,0.0
33.21453366997014,100000000.0,-1.0,491.5566739065076,158.541367267227,2.0,2.0
33.21453366997014,100000000.0,-1.0,558.1755622774335,170.1466333008007,1.0,1.0
33.21453366997014,100000000.0,-1.0,491.82555625705965,160.95121881775947,2.0,2.0
33.21453366997014,100000000.0,-1.0,558.3809840822659,179.2149070215779,1.0,1.0
33.21453366997014,100000000.0,-1.0,558.653732845246,179.48765578455806,1.0,1.0
33.21453366997014,100000000.0,625.2239777038327,625.2239777038329,191.98240026967378,0.0,0.0
33.21453366997014,100000000.0,-1.0,559.1500445623343,179.36279504891866,1.0,1.0
33.21453366997014,100000000.0,-1.0,559.5422247006039,175.88537859677075,1.0,1.0
33.21453366997014,100000000.0,-1.0,559.7594446539691,175.1016567683082,1.0,1.0
33.21453366997014,100000000.0,626.3186200078211,626.318620007821,193.07704257366186,0.0,0.0
33.21453366997014,100000000.0,626.4287119183289,626.428711918329,193.18713448416977,0.0,0.0
33.21453366997014,100000000.0,627.0424993154927,627.0424993154927,193.80092188133366,0.0,0.0
33.21453366997014,100000000.0,627.1335542172626,627.1335542172626,193.8919767831035,0.0,0.0
33.21453366997014,100000000.0,-1.0,560.949813790662,176.29202590500108,1.0,1.0
33.21453366997014,100000000.0,-1.0,560.9524726408899,182.99675024502042,1.0,1.0
33.21453366997014,100000000.0,-1.0,560.9527772764653,182.99705488059593,1.0,1.0
33.21453366997014,100000000.0,628.1396195967488,628.139619596749,194.89804216258995,0.0,0.0
33.21453366997014,100000000.0,-1.0,561.7946363390921,178.01429810283113,1.0,1.0
33.21453366997014,100000000.0,-1.0,561.9116956766868,179.9925942360238,1.0,1.0
33.21453366997014,100000000.0,-1.0,562.0310615142108,181.56712278957627,1.0,1.0
33.21453366997014,100000000.0,-1.0,563.2742136657245,179.4495040812286,1.0,1.0
33.21453366997014,100000000.0,-1.0,563.3195061503563,185.3637837544869,1.0,1.0
33.21453366997014,100000000.0,-1.0,563.4160103060293,184.86996541677664,1.0,1.0
33.21453366997014,100000000.0,-1.0,563.6530403269301,179.40587172971368,1.0,1.0
33.21453366997014,100000000.0,-1.0,563.8193923751572,179.90188737958732,1.0,1.0
33.21453366997014,100000000.0,-1.0,497.49178317965163,164.59805321236078,2.0,2.0
33.21453366997014,100000000.0,630.3980874877186,630.3980874877185,197.15651005355946,0.0,0.0
33.21453366997014,100000000.0,-1.0,563.9837512218913,182.572529378624,1.0,1.0
33.21453366997014,100000000.0,-1.0,497.7444102389001,169.87402438174837,2.0,2.0
33.21453366997014,100000000.0,-1.0,564.5818623912951,180.8683592476784,1.0,1.0
33.21453366997014,100000000.0,-1.0,564.7345096664592,180.07672178079824,1.0,1.0
33.21453366997014,100000000.0,-1.0,564.7400534183093,182.2850034463837,1.0,1.0
33.21453366997014,100000000.0,-1.0,498.3213579700032,166.04766017414744,2.0,2.0
33.21453366997014,100000000.0,631.4354589438325,631.4354589438325,198.19388150967345,0.0,0.0
33.21453366997014,100000000.0,-1.0,498.9113728804069,164.10461903274256,2.0,2.0
33.21453366997014,100000000.0,631.7919615662337,631.7919615662338,198.55038413207467,0.0,0.0
33.21453366997014,100000000.0,-1.0,565.5020889965692,184.50448481833507,1.0,1.0
33.21453366997014,100000000.0,-1.0,565.8058573471804,187.4754380137682,1.0,1.0
33.21453366997014,100000000.0,-1.0,499.38918694994226,165.8423155983026,2.0,2.0
33.21453366997014,100000000.0,-1.0,565.8228465728779,178.728709324179,1.0,1.0
33.21453366997014,100000000.0,-1.0,565.9309389934464,183.509134735613,1.0,1.0
33.21453366997014,100000000.0,632.4594494810648,632.459449481065,199.2178720469057,0.0,0.0
33.21453366997014,100000000.0,-1.0,499.63626216199617,168.51081160976005,2.0,2.0
33.21453366997014,100000000.0,-1.0,566.274639900736,181.98406678431735,1.0,1.0
33.21453366997014,100000000.0,-1.0,566.2835904350337,186.0621747332846,1.0,1.0
33.21453366997014,100000000.0,-1.0,500.02954915707704,175.66371788498472,2.0,2.0
33.21453366997014,100000000.0,632.9410688642687,632.9410688642686,199.69949143010956,0.0,0.0
33.21453366997014,100000000.0,-1.0,500.14475106140014,168.36115266862816,2.0,2.0
33.21453366997014,100000000.0,-1.0,566.6060849397695,185.14422864828612,1.0,1.0
33.21453366997014,100000000.0,-1.0,500.4995717746731,164.20791644084986,2.0,2.0
33.21453366997014,100000000.0,-1.0,566.9657790259047,186.5122105323807,1.0,1.0
33.21453366997014,100000000.0,-1.0,500.6545329346976,173.213241801303,2.0,2.0
33.21453366997014,100000000.0,-1.0,567.237759484819,185.32902827526647,1.0,1.0
33.21453366997014,100000000.0,-1.0,500.8877793497557,164.01011840433833,2.0,2.0
33.21453366997014,100000000.0,-1.0,567.5000122071858,182.87671381568063,1.0,1.0
33.21453366997014,100000000.0,634.1236936167338,634.1236936167338,200.88211618257475,0.0,0.0
33.21453366997014,100000000.0,-1.0,567.695619639605,185.04118481076517,1.0,1.0
33.21453366997014,100000000.0,-1.0,567.8213719000495,186.49932898562489,1.0,1.0
33.21453366997014,100000000.0,-1.0,501.44345464865813,167.0526130826336,2.0,2.0
33.21453366997014,100000000.0,-1.0,567.9996652440949,184.31042139711482,1.0,1.0
33.21453366997014,100000000.0,-1.0,568.1594553466468,190.20373295077732,1.0,1.0
33.21453366997014,100000000.0,-1.0,501.79798812669475,159.03057031225217,2.0,2.0
33.21453366997014,100000000.0,634.6883426769709,634.6883426769708,201.4467652428119,0.0,0.0
33.21453366997014,100000000.0,-1.0,502.0166123095534,166.92497050151687,2.0,2.0
33.21453366997014,100000000.0,-1.0,502.04034941437334,174.02011231389778,2.0,2.0
33.21453366997014,100000000.0,-1.0,568.5512955186169,184.18255024941092,1.0,1.0
33.21453366997014,100000000.0,-1.0,568.8272394205916,186.9315931876388,1.0,1.0
33.21453366997014,100000000.0,-1.0,568.8564857985416,185.26392900582084,1.0,1.0
33.21453366997014,100000000.0,-1.0,502.61087580990244,172.57013835387679,2.0,2.0
33.21453366997014,100000000.0,-1.0,569.0492439600396,184.68049869083362,1.0,1.0
33.21453366997014,100000000.0,635.598013696253,635.598013696253,202.35643626209398,0.0,0.0
33.21453366997014,100000000.0,-1.0,569.1880314511698,184.92079380863956,1.0,1.0
33.21453366997014,100000000.0,-1.0,569.2068702229183,187.28776878225543,1.0,1.0
33.21453366997014,100000000.0,-1.0,502.9009269654504,161.40997365755567,2.0,2.0
33.21453366997014,100000000.0,-1.0,503.2777921682818,172.29159156647418,2.0,2.0
33.21453366997014,100000000.0,-1.0,503.34423073338877,170.32892409410817,2.0,2.0
33.21453366997014,100000000.0,-1.0,503.356379445172,173.6282315054903,2.0,2.0
33.21453366997014,100000000.0,-1.0,569.9079941310116,190.7819969794861,1.0,1.0
33.21453366997014,100000000.0,-1.0,569.9468380677604,185.56545720580507,1.0,1.0
33.21453366997014,100000000.0,-1.0,437.1133666581322,157.98148266335232,3.0,3.0
33.21453366997014,100000000.0,-1.0,570.1413722557869,186.42786911217024,1.0,1.0
33.21453366997014,100000000.0,-1.0,503.827675785994,171.73689637595479,2.0,2.0
33.21453366997014,100000000.0,636.7378497255115,636.7378497255114,203.49627229135243,0.0,0.0
33.21453366997014,100000000.0,-1.0,570.3760465736369,184.46929482817808,1.0,1.0
33.21453366997014,100000000.0,-1.0,570.5744935197182,192.1176275593081,1.0,1.0
33.21453366997014,100000000.0,-1.0,570.6205872818708,189.29854436744623,1.0,1.0
33.21453366997014,100000000.0,637.1226213420073,637.1226213420072,203.88104390784818,0.0,0.0
33.21453366997014,100000000.0,-1.0,570.9286214942845,183.75538930156924,1.0,1.0
33.21453366997014,100000000.0,-1.0,438.1355041524347,146.74011626683154,3.0,3.0
33.21453366997014,100000000.0,-1.0,571.0767255252961,188.09669277859393,1.0,1.0
33.21453366997014,100000000.0,-1.0,571.2163567914574,187.49543791130023,1.0,1.0
33.21453366997014,100000000.0,-1.0,504.7903656991352,165.97904194349113,3.0,1.0
33.21453366997014,100000000.0,-1.0,504.9266150612606,167.7249343301305,2.0,2.0
33.21453366997014,100000000.0,637.8008484789256,637.8008484789257,204.55927104476666,0.0,0.0
33.21453366997014,100000000.0,-1.0,505.23081024116436,167.55488341253866,2.0,2.0
33.21453366997014,100000000.0,-1.0,438.8683765455655,158.09429932464232,3.0,3.0
33.21453366997014,100000000.0,-1.0,439.26580009190474,154.12797673101178,3.0,3.0
33.21453366997014,100000000.0,-1.0,572.1298932446012,189.7469159375531,1.0,1.0
33.21453366997014,100000000.0,-1.0,572.2323268679271,190.33668063497421,1.0,1.0
33.21453366997014,100000000.0,-1.0,439.59050004060805,157.75240760787062,3.0,3.0
33.21453366997014,100000000.0,-1.0,506.187119531896,170.11681773827004,2.0,2.0
33.21453366997014,100000000.0,-1.0,572.6572955040286,194.70157310815932,1.0,1.0
33.21453366997014,100000000.0,-1.0,506.67696399602147,173.8355446971864,2.0,2.0
33.21453366997014,100000000.0,-1.0,506.87967581297295,173.75056277703862,2.0,2.0
33.21453366997014,100000000.0,-1.0,574.4375602502361,185.5000617856225,1.0,1.0
33.21453366997014,100000000.0,-1.0,508.1677553824186,180.95620633707478,2.0,2.0
33.21453366997014,100000000.0,-1.0,574.6409189521304,194.41950325038127,1.0,1.0
33.21453366997014,100000000.0,-1.0,508.64629947322743,180.1827789116853,2.0,2.0
33.21453366997014,100000000.0,-1.0,508.9741736680352,167.44622844654876,2.0,2.0
33.21453366997014,100000000.0,-1.0,575.6114098209977,185.23430076047896,1.0,1.0
33.21453366997014,100000000.0,-1.0,575.9194565313651,193.23613656994314,1.0,1.0
33.21453366997014,100000000.0,-1.0,575.9884741951429,194.66643128071829,1.0,1.0
33.21453366997014,100000000.0,-1.0,509.58111458750005,174.31184538330442,2.0,2.0
33.21453366997014,100000000.0,-1.0,509.9217701191339,177.96904440519515,2.0,2.0
33.21453366997014,100000000.0,-1.0,576.5957127131785,194.17390845534524,1.0,1.0
33.21453366997014,100000000.0,-1.0,576.7298948817621,196.2763263882381,1.0,1.0
33.21453366997014,100000000.0,-1.0,510.4963087899764,161.6488176600531,2.0,2.0
33.21453366997014,100000000.0,-1.0,444.50311919470374,152.71226722894292,3.0,3.0
33.21453366997014,100000000.0,-1.0,578.4340641037988,183.05545393657405,1.0,1.0
33.21453366997014,100000000.0,-1.0,512.4657999890924,177.55435701750736,3.0,1.0
33.21453366997014,100000000.0,-1.0,579.1064159774135,195.1889109818434,1.0,1.0
33.21453366997014,100000000.0,-1.0,516.1911189606692,184.12056970245112,2.0,2.0
33.21453366997014,100000000.0,649.2297279972662,649.2297279972663,215.9881505631073,0.0,0.0
33.21453366997014,100000000.0,-1.0,517.7862172427238,178.265038359061,2.0,2.0
33.21453366997014,100000000.0,653.0689941505431,653.0689941505432,219.82741671638396,0.0,0.0
33.21453366997014,100000000.0,656.0684183931703,656.0684183931704,222.82684095901143,0.0,0.0
33.334010409790174,100000000.0,619.6288364864611,619.628836486461,186.38725905230203,0.0,0.0
33.334010409790174,100000000.0,619.6288364864611,619.628836486461,186.38725905230203,0.0,0.0
33.334010409790174,100000000.0,619.6479021169513,619.6479021169515,186.40632468279227,0.0,0.0
33.334010409790174,100000000.0,619.6479021169513,619.6479021169514,186.40632468279227,0.0,0.0
33.334010409790174,100000000.0,-1.0,553.7650470684225,174.59897000773466,1.0,1.0
33.334010409790174,100000000.0,621.555685618001,621.555685618001,188.31410818384194,0.0,0.0
33.334010409790174,100000000.0,621.6653533099093,621.6653533099094,188.42377587575035,0.0,0.0
33.334010409790174,100000000.0,621.6844189403998,621.6844189403997,188.4428415062406,0.0,0.0
33.334010409790174,100000000.0,621.7712028525214,621.7712028525214,188.5296254183622,0.0,0.0
33.334010409790174,100000000.0,621.9750401113403,621.9750401113404,188.73346267718128,0.0,0.0
33.334010409790174,100000000.0,-1.0,555.5280716076329,174.5304674293988,1.0,1.0
33.334010409790174,100000000.0,-1.0,555.8206295223612,176.65455246167326,1.0,1.0
33.334010409790174,100000000.0,-1.0,556.3749895810355,174.47934334808258,1.0,1.0
33.334010409790174,100000000.0,623.1874608803845,623.1874608803846,189.94588344622542,0.0,0.0
33.334010409790174,100000000.0,-1.0,556.5714411850655,174.6757949521126,1.0,1.0
33.334010409790174,100000000.0,-1.0,557.1140273565143,175.72233689910917,1.0,1.0
33.334010409790174,100000000.0,623.8381614546881,623.8381614546882,190.59658402052906,0.0,0.0
33.334010409790174,100000000.0,-1.0,557.349071196561,176.35146701832684,1.0,1.0
33.334010409790174,100000000.0,-1.0,557.3681368270512,176.37053264881712,1.0,1.0
33.334010409790174,100000000.0,624.1539381431787,624.153938143179,190.91236070901977,0.0,0.0
33.334010409790174,100000000.0,624.1539381431788,624.153938143179,190.91236070901977,0.0,0.0
33.334010409790174,100000000.0,624.3731294643902,624.3731294643902,191.13155203023126,0.0,0.0
33.334010409790174,100000000.0,-1.0,557.7419934610111,173.08420557535013,1.0,1.0
33.334010409790174,100000000.0,624.4412251043343,624.4412251043343,191.19964767017527,0.0,0.0
33.334010409790174,100000000.0,624.4412251043343,624.4412251043343,191.1996476701753,0.0,0.0
33.334010409790174,100000000.0,-1.0,491.1500114006476,162.541367267227,2.0,2.0
33.334010409790174,100000000.0,624.5078103955702,624.5078103955702,191.2662329614112,0.0,0.0
33.334010409790174,100000000.0,624.5175222632845,624.5175222632845,191.2759448291254,0.0,0.0
33.334010409790174,100000000.0,-1.0,491.4623104260712,163.0589216173807,2.0,2.0
33.334010409790174,100000000.0,-1.0,491.53760827601724,158.52230163673676,2.0,2.0
33.334010409790174,100000000.0,-1.0,558.2710830946501,179.10500603396218,1.0,1.0
33.334010409790174,100000000.0,-1.0,491.6291046530296,160.75476721372945,2.0,2.0
33.334010409790174,100000000.0,625.0250481225348,625.0250481225347,191.78347068837556,0.0,0.0
33.334010409790174,100000000.0,-1.0,558.3924407739935,176.49679454104066,1.0,1.0
33.334010409790174,100000000.0,-1.0,558.4284548012257,174.18128620400935,1.0,1.0
33.334010409790174,100000000.0,625.1509347124888,625.1509347124888,191.9093572783299,0.0,0.0
33.334010409790174,100000000.0,625.150934712489,625.1509347124888,191.9093572783299,0.0,0.0
33.334010409790174,100000000.0,-1.0,491.82555625705965,160.9512188177595,2.0,2.0
33.334010409790174,100000000.0,-1.0,558.4966575388203,173.66403640322892,1.0,1.0
33.334010409790174,100000000.0,-1.0,491.9223380479628,161.25325593339286,2.0,2.0
33.334010409790174,100000000.0,-1.0,558.6931091428503,173.86048800725897,1.0,1.0
33.334010409790174,100000000.0,-1.0,558.7274982724012,174.94907549657873,1.0,1.0
33.334010409790174,100000000.0,-1.0,558.74458271121,174.82707771563997,1.0,1.0
33.334010409790174,100000000.0,625.420429307863,625.420429307863,192.17885187370382,0.0,0.0
33.334010409790174,100000000.0,625.5145988747734,625.5145988747736,192.27302144061446,0.0,0.0
33.334010409790174,100000000.0,-1.0,558.9222749073285,174.70481598816414,1.0,1.0
33.334010409790174,100000000.0,-1.0,559.2715510012581,175.35404600568813,1.0,1.0
33.334010409790174,100000000.0,-1.0,559.2732527060421,174.56220824244045,1.0,1.0
33.334010409790174,100000000.0,626.165299449077,626.1652994490771,192.92372201491807,0.0,0.0
33.334010409790174,100000000.0,626.2622246932623,626.2622246932624,193.0206472591033,0.0,0.0
33.334010409790174,100000000.0,-1.0,492.9335160801954,162.38601063761496,2.0,2.0
33.334010409790174,100000000.0,-1.0,559.6672198560028,175.4497609368385,1.0,1.0
33.334010409790174,100000000.0,-1.0,559.7386763046338,176.08183020080077,1.0,1.0
33.334010409790174,100000000.0,626.425305764334,626.4253057643341,193.1837283301751,0.0,0.0
33.334010409790174,100000000.0,626.452685089809,626.452685089809,193.21110765564998,0.0,0.0
33.334010409790174,100000000.0,-1.0,559.8467158568918,171.8177868802589,1.0,1.0
33.334010409790174,100000000.0,-1.0,560.1886180125239,177.79652343274242,1.0,1.0
33.334010409790174,100000000.0,627.050892783751,627.0508927837508,193.8093153495918,0.0,0.0
33.334010409790174,100000000.0,627.1132591908528,627.1132591908528,193.8716817566937,0.0,0.0
33.334010409790174,100000000.0,-1.0,560.4969397847439,178.07513552691074,1.0,1.0
33.334010409790174,100000000.0,-1.0,560.5331743622686,175.70055322667724,1.0,1.0
33.334010409790174,100000000.0,627.2664100182712,627.2664100182711,194.0248325841121,0.0,0.0
33.334010409790174,100000000.0,-1.0,560.7004156369237,176.18815429301222,1.0,1.0
33.334010409790174,100000000.0,627.4599144523672,627.4599144523671,194.21833701820813,0.0,0.0
33.334010409790174,100000000.0,-1.0,560.811288294564,172.9039359899207,1.0,1.0
33.334010409790174,100000000.0,-1.0,560.9527772764653,182.9970548805959,1.0,1.0
33.334010409790174,100000000.0,-1.0,561.072627044854,176.4258718923645,1.0,1.0
33.334010409790174,100000000.0,-1.0,561.1080309769168,182.5619860876641,1.0,1.0
33.334010409790174,100000000.0,-1.0,561.1264222279497,183.17069983208012,1.0,1.0
33.334010409790174,100000000.0,-1.0,561.3288351599807,176.61779069637905,1.0,1.0
33.334010409790174,100000000.0,-1.0,561.3471893014548,183.01676996804252,1.0,1.0
33.334010409790174,100000000.0,-1.0,494.76383883482487,169.52633579237616,2.0,2.0
33.334010409790174,100000000.0,-1.0,561.6267926066162,178.94347264519422,1.0,1.0
33.334010409790174,100000000.0,-1.0,561.7299552909877,179.83430905803482,1.0,1.0
33.334010409790174,100000000.0,-1.0,495.1495977859725,164.27526034667238,2.0,2.0
33.334010409790174,100000000.0,-1.0,561.9116956766868,179.9925942360238,1.0,1.0
33.334010409790174,100000000.0,-1.0,561.9264159743876,180.5347255169824,1.0,1.0
33.334010409790174,100000000.0,-1.0,561.9548828226914,173.92595384605855,1.0,1.0
33.334010409790174,100000000.0,-1.0,562.3143302345488,174.40697792990557,1.0,1.0
33.334010409790174,100000000.0,-1.0,562.3197992138737,177.66201132821286,1.0,1.0
33.334010409790174,100000000.0,-1.0,562.3776342839601,178.0088890147542,1.0,1.0
33.334010409790174,100000000.0,-1.0,562.426467416337,175.25323522362174,1.0,1.0
33.334010409790174,100000000.0,-1.0,562.5149534525887,177.36974280065363,1.0,1.0
33.334010409790174,100000000.0,-1.0,562.622718497582,180.20091423974887,1.0,1.0
33.334010409790174,100000000.0,-1.0,562.6543167693235,184.698594373454,1.0,1.0
33.334010409790174,100000000.0,629.3262428352377,629.3262428352376,196.08466540107858,0.0,0.0
33.334010409790174,100000000.0,-1.0,562.8836922827122,180.02523620799963,1.0,1.0
33.334010409790174,100000000.0,629.8183711099177,629.8183711099176,196.57679367575855,0.0,0.0
33.334010409790174,100000000.0,-1.0,563.2653587349648,179.3478537393949,1.0,1.0
33.334010409790174,100000000.0,-1.0,496.73432426848893,164.61102296939075,2.0,2.0
33.334010409790174,100000000.0,630.0858334269732,630.0858334269733,196.84425599281425,0.0,0.0
33.334010409790174,100000000.0,630.2588918527026,630.2588918527027,197.01731441854366,0.0,0.0
33.334010409790174,100000000.0,-1.0,497.09924298048537,167.37109504080357,2.0,2.0
33.334010409790174,100000000.0,-1.0,563.9049596293842,180.2938879351915,1.0,1.0
33.334010409790174,100000000.0,-1.0,563.9050780088138,180.1266552329912,1.0,1.0
33.334010409790174,100000000.0,630.6187031861209,630.6187031861208,197.37712575196187,0.0,0.0
33.334010409790174,100000000.0,630.8099010967248,630.8099010967248,197.56832366256575,0.0,0.0
33.334010409790174,100000000.0,630.9542035479614,630.9542035479611,197.71262611380217,0.0,0.0
33.334010409790174,100000000.0,-1.0,564.4175857037234,181.89300778240784,1.0,1.0
33.334010409790174,100000000.0,-1.0,564.8134244333293,180.15563654766834,1.0,1.0
33.334010409790174,100000000.0,631.6002295865899,631.60022958659,198.35865215243095,0.0,0.0
33.334010409790174,100000000.0,-1.0,498.5462718244069,163.35163859708243,2.0,2.0
33.334010409790174,100000000.0,-1.0,565.3296295200063,185.3102272148157,1.0,1.0
33.334010409790174,100000000.0,632.0481986961317,632.0481986961319,198.8066212619727,0.0,0.0
33.334010409790174,100000000.0,-1.0,565.5736128875797,182.59358014087738,1.0,1.0
33.334010409790174,100000000.0,-1.0,565.5777567318264,181.66025173625644,1.0,1.0
33.334010409790174,100000000.0,-1.0,566.6270261682419,186.1734576747177,1.0,1.0
33.334010409790174,100000000.0,-1.0,500.41736641578746,171.808722282367,2.0,2.0
33.334010409790174,100000000.0,-1.0,567.1677686528595,179.13883967622678,1.0,1.0
33.334010409790174,100000000.0,-1.0,567.5054659395231,185.6098197065703,1.0,1.0
33.334010409790174,100000000.0,-1.0,567.5970288397089,183.30645572329018,1.0,1.0
33.334010409790174,100000000.0,634.8098434244725,634.8098434244727,201.5682659903136,0.0,0.0
33.334010409790174,100000000.0,-1.0,501.79814571675263,173.18950158333212,2.0,2.0
33.334010409790174,100000000.0,-1.0,568.8312113192052,187.36935502772178,1.0,1.0
33.334010409790174,100000000.0,-1.0,568.9370808318143,187.24307174855593,1.0,1.0
33.334010409790174,100000000.0,-1.0,569.3264435148045,185.05920587227422,1.0,1.0
33.334010409790174,100000000.0,636.4972133664296,636.4972133664296,203.25563593227054,0.0,0.0
33.334010409790174,100000000.0,-1.0,570.1876464693728,189.44919001547652,1.0,1.0
33.334010409790174,100000000.0,636.9458159483289,636.945815948329,203.70423851416993,0.0,0.0
33.334010409790174,100000000.0,-1.0,503.67171949591193,171.9152040390693,2.0,2.0
33.334010409790174,100000000.0,-1.0,570.8312008880382,192.8754784921689,1.0,1.0
33.334010409790174,100000000.0,-1.0,571.5258197855518,186.2590324616271,1.0,1.0
33.334010409790174,100000000.0,-1.0,572.0761234077369,184.04719443110423,1.0,1.0
33.334010409790174,100000000.0,639.445730986592,639.4457309865919,206.20415355243293,0.0,0.0
33.334010409790174,100000000.0,-1.0,573.1107760580909,190.56138489196726,1.0,1.0
33.334010409790174,100000000.0,-1.0,507.7757776762944,170.71821863071597,2.0,2.0
33.334010409790174,100000000.0,-1.0,575.0022403298349,190.32228489854606,1.0,1.0
33.334010409790174,100000000.0,-1.0,581.163219161816,189.74023679871954,1.0,1.0
33.45348714961021,100000000.0,623.1683952498942,623.1683952498943,189.9268178157352,0.0,0.0
33.45348714961021,100000000.0,623.3839124844145,623.3839124844145,190.1423350502555,0.0,0.0
33.45348714961021,100000000.0,624.0115569347886,624.0115569347887,190.7699795006296,0.0,0.0
33.45348714961021,100000000.0,625.0028678269034,625.0028678269036,191.7612903927445,0.0,0.0
33.45348714961021,100000000.0,626.5361388465859,626.5361388465859,193.29456141242682,0.0,0.0
33.45348714961021,100000000.0,-1.0,560.1623431075371,181.6266684493948,1.0,1.0
33.45348714961021,100000000.0,627.1857276727405,627.1857276727405,193.94415023858164,0.0,0.0
33.45348714961021,100000000.0,-1.0,560.9655567337405,182.41951184448772,1.0,1.0
33.45348714961021,100000000.0,628.168249613832,628.1682496138321,194.92667217967295,0.0,0.0
33.45348714961021,100000000.0,-1.0,561.2636608367545,180.8100923432305,1.0,1.0
33.45348714961021,100000000.0,-1.0,494.62960187260825,165.87744166448198,2.0,2.0
33.45348714961021,100000000.0,628.7317438960416,628.7317438960414,195.4901664618825,0.0,0.0
33.45348714961021,100000000.0,-1.0,495.19685323462426,167.26771052342968,2.0,2.0
33.45348714961021,100000000.0,-1.0,562.2762405259668,179.53938051716347,1.0,1.0
33.45348714961021,100000000.0,-1.0,562.3725564305482,179.980461850767,1.0,1.0
33.45348714961021,100000000.0,-1.0,562.4088055717449,175.76173140390998,1.0,1.0
33.45348714961021,100000000.0,-1.0,562.7679246841701,180.90198812926923,1.0,1.0
33.45348714961021,100000000.0,-1.0,562.7749977772868,178.11720989162578,1.0,1.0
33.45348714961021,100000000.0,-1.0,496.2894598760795,167.68081574265895,2.0,2.0
33.45348714961021,100000000.0,-1.0,563.4808004927328,182.2943653600576,1.0,1.0
33.45348714961021,100000000.0,-1.0,563.5162854463603,184.98061078821783,1.0,1.0
33.45348714961021,100000000.0,-1.0,563.5631058952522,183.03974781451387,1.0,1.0
33.45348714961021,100000000.0,-1.0,563.5747938698581,179.68029469814792,1.0,1.0
33.45348714961021,100000000.0,-1.0,563.7287305889455,185.19305593080324,1.0,1.0
33.45348714961021,100000000.0,-1.0,563.7522394564646,175.84488715182135,1.0,1.0
33.45348714961021,100000000.0,-1.0,563.8654147188374,182.3381164796825,1.0,1.0
33.45348714961021,100000000.0,-1.0,564.0295173452477,179.76227970271734,1.0,1.0
33.45348714961021,100000000.0,-1.0,564.22693252268,183.81965083782924,1.0,1.0
33.45348714961021,100000000.0,-1.0,430.4933718494149,149.89720786587358,3.0,3.0
33.45348714961021,100000000.0,631.2440688572581,631.2440688572582,198.00249142309906,0.0,0.0
33.45348714961021,100000000.0,631.3984150340615,631.3984150340613,198.15683759990222,0.0,0.0
33.45348714961021,100000000.0,-1.0,497.6790083535176,169.39719621681687,2.0,2.0
33.45348714961021,100000000.0,-1.0,564.5931039865607,186.0574293284183,1.0,1.0
33.45348714961021,100000000.0,-1.0,564.8430215667078,181.06459879088501,1.0,1.0
33.45348714961021,100000000.0,-1.0,564.8984832735342,180.68102435436973,1.0,1.0
33.45348714961021,100000000.0,631.8534856351092,631.8534856351093,198.61190820095024,0.0,0.0
33.45348714961021,100000000.0,-1.0,565.0809253058286,185.0615230006381,1.0,1.0
33.45348714961021,100000000.0,-1.0,565.2407538500446,183.34510761709174,1.0,1.0
33.45348714961021,100000000.0,-1.0,565.3752179217639,186.20914086107604,1.0,1.0
33.45348714961021,100000000.0,-1.0,565.4637742453433,180.95151290143167,1.0,1.0
33.45348714961021,100000000.0,-1.0,565.5372732077852,186.49764277409523,1.0,1.0
33.45348714961021,100000000.0,-1.0,565.6126071075315,185.14866838289706,1.0,1.0
33.45348714961021,100000000.0,-1.0,565.6690291426828,182.01218303884968,1.0,1.0
33.45348714961021,100000000.0,-1.0,565.7855530177773,181.27329167386563,1.0,1.0
33.45348714961021,100000000.0,-1.0,565.7901578420359,181.88302307757624,1.0,1.0
33.45348714961021,100000000.0,-1.0,499.0373639257048,164.01829562319682,2.0,2.0
33.45348714961021,100000000.0,-1.0,566.2848400947346,186.06342439298558,1.0,1.0
33.45348714961021,100000000.0,-1.0,566.3516151674104,177.35195938691112,1.0,1.0
33.45348714961021,100000000.0,-1.0,566.5489043255121,179.37567213279675,1.0,1.0
33.45348714961021,100000000.0,-1.0,566.5769313099046,177.4358792062567,1.0,1.0
33.45348714961021,100000000.0,-1.0,499.67983822598325,162.0346803238103,2.0,2.0
33.45348714961021,100000000.0,633.8346943766804,633.8346943766805,200.59311694252136,0.0,0.0
33.45348714961021,100000000.0,-1.0,566.9396368745936,178.91070789796092,1.0,1.0
33.45348714961021,100000000.0,-1.0,500.44490546033694,174.17221715288395,2.0,2.0
33.45348714961021,100000000.0,634.2618656840266,634.2618656840267,201.02028824986766,0.0,0.0
33.45348714961021,100000000.0,-1.0,567.3863351456037,182.72854725994281,1.0,1.0
33.45348714961021,100000000.0,-1.0,567.5002910687916,182.98802972488,1.0,1.0
33.45348714961021,100000000.0,634.5744783588435,634.5744783588434,201.3329009246844,0.0,0.0
33.45348714961021,100000000.0,634.6633475509151,634.6633475509152,201.4217701167561,0.0,0.0
33.45348714961021,100000000.0,-1.0,567.7900828352649,185.87098139460204,1.0,1.0
33.45348714961021,100000000.0,-1.0,500.97787809668864,170.10354065738846,2.0,2.0
33.45348714961021,100000000.0,634.8420768260602,634.8420768260603,201.6004993919013,0.0,0.0
33.45348714961021,100000000.0,-1.0,567.9399408144724,183.17710926609536,1.0,1.0
33.45348714961021,100000000.0,-1.0,567.9679943963404,183.70075675381028,1.0,1.0
33.45348714961021,100000000.0,-1.0,501.15884155139383,170.02235826598627,2.0,2.0
33.45348714961021,100000000.0,635.0065992453831,635.0065992453832,201.76502181122407,0.0,0.0
33.45348714961021,100000000.0,635.1423804656476,635.1423804656478,201.9008030314887,0.0,0.0
33.45348714961021,100000000.0,635.2396805861501,635.2396805861503,201.99810315199116,0.0,0.0
33.45348714961021,100000000.0,-1.0,501.46002268931704,168.04738299633595,2.0,2.0
33.45348714961021,100000000.0,-1.0,501.4629506060618,164.4822543593379,2.0,2.0
33.45348714961021,100000000.0,-1.0,568.3741582405206,178.3559429817139,1.0,1.0
33.45348714961021,100000000.0,-1.0,568.4763260693311,184.6496288192979,1.0,1.0
33.45348714961021,100000000.0,-1.0,568.5415944657899,184.17284919658402,1.0,1.0
33.45348714961021,100000000.0,-1.0,569.1158646875136,188.55576609130247,1.0,1.0
33.45348714961021,100000000.0,-1.0,502.2429636666497,167.43620981898542,2.0,2.0
33.45348714961021,100000000.0,-1.0,569.3205980870738,186.46214201236123,1.0,1.0
33.45348714961021,100000000.0,-1.0,569.3387269452022,187.9366662566868,1.0,1.0
33.45348714961021,100000000.0,-1.0,569.4481822053642,186.36158954960067,1.0,1.0
33.45348714961021,100000000.0,-1.0,569.4651806153079,184.77344531925155,1.0,1.0
33.45348714961021,100000000.0,-1.0,569.5747681315667,178.11908871625016,1.0,1.0
33.45348714961021,100000000.0,636.5364499439272,636.5364499439272,203.2948725097681,0.0,0.0
33.45348714961021,100000000.0,-1.0,569.6775904572671,185.83918040571348,1.0,1.0
33.45348714961021,100000000.0,-1.0,569.8659622782329,180.92846381361943,1.0,1.0
33.45348714961021,100000000.0,-1.0,569.9229738566671,189.469405363143,1.0,1.0
33.45348714961021,100000000.0,636.8950096822847,636.8950096822847,203.6534322481256,0.0,0.0
33.45348714961021,100000000.0,-1.0,503.14129703333083,175.3171979848523,2.0,2.0
33.45348714961021,100000000.0,-1.0,570.0678991928592,180.12845706009085,1.0,1.0
33.45348714961021,100000000.0,-1.0,570.1352721726743,190.33493768265896,1.0,1.0
33.45348714961021,100000000.0,-1.0,570.5141683027524,187.320660405853,1.0,1.0
33.45348714961021,100000000.0,-1.0,570.565273472967,182.53634449633427,1.0,1.0
33.45348714961021,100000000.0,637.5769929122819,637.5769929122819,204.33541547812285,0.0,0.0
33.45348714961021,100000000.0,-1.0,570.6983471086,191.53227004791216,1.0,1.0
33.45348714961021,100000000.0,-1.0,570.7038204515775,186.0551498386496,1.0,1.0
33.45348714961021,100000000.0,-1.0,504.00998858944007,168.3296888562989,2.0,2.0
33.45348714961021,100000000.0,637.9228272903791,637.9228272903791,204.68124985622003,0.0,0.0
33.45348714961021,100000000.0,-1.0,571.1454473891639,190.1657208707594,1.0,1.0
33.45348714961021,100000000.0,-1.0,504.2651662683637,167.0080579308254,2.0,2.0
33.45348714961021,100000000.0,-1.0,571.3648379118724,191.57758839845673,1.0,1.0
33.45348714961021,100000000.0,-1.0,571.5032008559745,191.04963236245035,1.0,1.0
33.45348714961021,100000000.0,-1.0,571.7196921643791,193.9126179481429,1.0,1.0
33.45348714961021,100000000.0,-1.0,505.023260594963,167.76615225742466,2.0,2.0
33.45348714961021,100000000.0,-1.0,571.9692601763326,190.64721726190785,1.0,1.0
33.45348714961021,100000000.0,-1.0,505.3377654969878,167.57103092282526,2.0,2.0
33.45348714961021,100000000.0,-1.0,505.78916057774387,166.43730220151267,2.0,2.0
33.45348714961021,100000000.0,-1.0,506.1102231868965,174.74103346965515,2.0,2.0
33.45348714961021,100000000.0,-1.0,506.2159783823725,161.6325029449039,2.0,2.0
33.45348714961021,100000000.0,-1.0,573.6816847881757,188.97064032457405,1.0,1.0
33.45348714961021,100000000.0,-1.0,440.06510375460743,155.08912169309298,3.0,3.0
33.45348714961021,100000000.0,-1.0,574.0393878398203,188.41087315029276,1.0,1.0
33.45348714961021,100000000.0,-1.0,574.2661854172692,188.18423215571394,1.0,1.0
33.45348714961021,100000000.0,-1.0,574.3641145783524,193.3665104001183,1.0,1.0
33.45348714961021,100000000.0,-1.0,507.5421055651064,166.9756359846007,2.0,2.0
33.45348714961021,100000000.0,-1.0,507.96813865680434,166.63103950109792,2.0,2.0
33.45348714961021,100000000.0,642.0442681515344,642.0442681515343,208.8026907173753,0.0,0.0
33.45348714961021,100000000.0,642.0445074855703,642.0445074855704,208.80293005141132,0.0,0.0
33.45348714961021,100000000.0,-1.0,508.37341020594044,175.68959842154948,2.0,2.0
33.45348714961021,100000000.0,-1.0,508.9897577738091,177.24848828351782,2.0,2.0
33.45348714961021,100000000.0,-1.0,576.100436706826,196.31318719341053,1.0,1.0
33.45348714961021,100000000.0,-1.0,576.6546711817844,195.19281489030092,1.0,1.0
33.45348714961021,100000000.0,-1.0,576.9144121633157,190.41606572262478,1.0,1.0
33.45348714961021,100000000.0,-1.0,577.0012195296347,194.35019498132127,1.0,1.0
33.45348714961021,100000000.0,-1.0,577.9662764245302,194.0487714289602,1.0,1.0
33.45348714961021,100000000.0,-1.0,444.25867846380874,151.98083623613738,3.0,3.0
33.45348714961021,100000000.0,-1.0,511.3338488428715,172.15506849422414,2.0,2.0
33.45348714961021,100000000.0,646.1202925849389,646.1202925849386,212.87871515077973,0.0,0.0
33.45348714961021,100000000.0,-1.0,579.4295023152107,179.63611687005067,1.0,1.0
33.45348714961021,100000000.0,-1.0,581.8455739339537,183.2536392193582,1.0,1.0
33.45348714961021,100000000.0,-1.0,582.0110076692357,193.28272961866975,1.0,1.0
33.57296388943025,100000000.0,624.5268760260606,624.5268760260606,191.28529859190144,0.0,0.0
33.57296388943025,100000000.0,624.7139738673145,624.7139738673145,191.47239643315544,0.0,0.0
33.57296388943025,100000000.0,-1.0,557.9380101899628,174.04351101825267,1.0,1.0
33.57296388943025,100000000.0,-1.0,558.2129375667054,173.96576896948906,1.0,1.0
33.57296388943025,100000000.0,625.8746782781365,625.8746782781366,192.63310084397736,0.0,0.0
33.57296388943025,100000000.0,625.8746782781365,625.8746782781366,192.6331008439774,0.0,0.0
33.57296388943025,100000000.0,626.4810761375679,626.4810761375678,193.23949870340874,0.0,0.0
33.57296388943025,100000000.0,-1.0,559.3660614144829,177.97437095707775,1.0,1.0
33.57296388943025,100000000.0,627.4971383373681,627.4971383373681,194.25556090320913,0.0,0.0
33.57296388943025,100000000.0,-1.0,560.6233110241136,172.71595871947045,1.0,1.0
33.57296388943025,100000000.0,-1.0,560.7533621866321,176.09557430097104,1.0,1.0
33.57296388943025,100000000.0,-1.0,493.6656214764779,162.7912840371778,2.0,2.0
33.57296388943025,100000000.0,-1.0,560.8237955332091,175.9911743976179,1.0,1.0
33.57296388943025,100000000.0,628.0664347894938,628.0664347894939,194.82485735533461,0.0,0.0
33.57296388943025,100000000.0,-1.0,560.990207403397,179.07110596273426,1.0,1.0
33.57296388943025,100000000.0,-1.0,561.5112048510938,174.33797265837856,1.0,1.0
33.57296388943025,100000000.0,628.7095591064124,628.7095591064124,195.4679816722533,0.0,0.0
33.57296388943025,100000000.0,-1.0,561.5787415240521,177.92189542021907,1.0,1.0
33.57296388943025,100000000.0,-1.0,494.4331502685783,165.68099006045196,2.0,2.0
33.57296388943025,100000000.0,628.7407603536542,628.7407603536543,195.49918291949513,0.0,0.0
33.57296388943025,100000000.0,-1.0,494.4612822741901,163.70852150687958,2.0,2.0
33.57296388943025,100000000.0,-1.0,561.9680135646589,177.72084496744253,1.0,1.0
33.57296388943025,100000000.0,-1.0,561.9700498927693,179.45399524151725,1.0,1.0
33.57296388943025,100000000.0,629.1526514949263,629.1526514949264,195.9110740607674,0.0,0.0
33.57296388943025,100000000.0,-1.0,562.2266063889188,181.77303789539476,1.0,1.0
33.57296388943025,100000000.0,629.4222222908744,629.4222222908744,196.18064485671536,0.0,0.0
33.57296388943025,100000000.0,629.6219195058875,629.6219195058877,196.38034207172853,0.0,0.0
33.57296388943025,100000000.0,629.7668717263322,629.7668717263323,196.52529429217313,0.0,0.0
33.57296388943025,100000000.0,-1.0,562.6379963501563,178.37075870762604,1.0,1.0
33.57296388943025,100000000.0,629.9734398576835,629.9734398576836,196.73186242352443,0.0,0.0
33.57296388943025,100000000.0,-1.0,562.8686775108209,180.44687325298767,1.0,1.0
33.57296388943025,100000000.0,630.0679140601695,630.0679140601696,196.82633662601054,0.0,0.0
33.57296388943025,100000000.0,-1.0,562.9230646628721,178.26527677721114,1.0,1.0
33.57296388943025,100000000.0,-1.0,562.9361048945315,182.71468919278257,1.0,1.0
33.57296388943025,100000000.0,-1.0,562.9436969797063,179.1189873952105,1.0,1.0
33.57296388943025,100000000.0,630.1835622284569,630.1835622284569,196.94198479429778,0.0,0.0
33.57296388943025,100000000.0,-1.0,495.9474580293101,162.73250953288596,2.0,2.0
33.57296388943025,100000000.0,-1.0,496.2069104058922,165.33257296659218,2.0,2.0
33.57296388943025,100000000.0,-1.0,563.3601302034277,180.70910565511414,1.0,1.0
33.57296388943025,100000000.0,-1.0,563.4020069293208,179.13476928679063,1.0,1.0
33.57296388943025,100000000.0,-1.0,563.5653464190029,185.0296717608607,1.0,1.0
33.57296388943025,100000000.0,630.959730210288,630.9597302102878,197.7181527761287,0.0,0.0
33.57296388943025,100000000.0,-1.0,563.8576152920768,179.19982740641586,1.0,1.0
33.57296388943025,100000000.0,631.0606599993203,631.0606599993203,197.8190825651613,0.0,0.0
33.57296388943025,100000000.0,-1.0,564.0154096095216,180.29449072936438,1.0,1.0
33.57296388943025,100000000.0,-1.0,564.0697306062847,179.70098533707883,1.0,1.0
33.57296388943025,100000000.0,-1.0,564.1211436440892,177.11517567454234,1.0,1.0
33.57296388943025,100000000.0,631.3247006896627,631.3247006896627,198.08312325550355,0.0,0.0
33.57296388943025,100000000.0,-1.0,564.2522717551952,180.6548450074659,1.0,1.0
33.57296388943025,100000000.0,-1.0,564.3268472591064,182.4312010261535,1.0,1.0
33.57296388943025,100000000.0,-1.0,564.3674918806465,176.3385629040138,1.0,1.0
33.57296388943025,100000000.0,-1.0,564.415169479389,181.43513673268686,1.0,1.0
33.57296388943025,100000000.0,-1.0,564.6253865167795,180.3348134003608,1.0,1.0
33.57296388943025,100000000.0,631.8887796146504,631.8887796146503,198.6472021804912,0.0,0.0
33.57296388943025,100000000.0,-1.0,564.7929295065896,182.14399495385197,1.0,1.0
33.57296388943025,100000000.0,-1.0,497.71042265693785,169.17204104360533,2.0,2.0
33.57296388943025,100000000.0,-1.0,565.2360345128683,182.34745922671615,1.0,1.0
33.57296388943025,100000000.0,632.4525878468603,632.4525878468604,199.21101041270134,0.0,0.0
33.57296388943025,100000000.0,-1.0,565.3160184200851,184.85207969545084,1.0,1.0
33.57296388943025,100000000.0,-1.0,565.3601217347043,180.99137646549838,1.0,1.0
33.57296388943025,100000000.0,-1.0,565.4191227786114,180.70807831500966,1.0,1.0
33.57296388943025,100000000.0,-1.0,565.4236622902739,181.52916311856387,1.0,1.0
33.57296388943025,100000000.0,632.7112089349528,632.7112089349528,199.46963150079375,0.0,0.0
33.57296388943025,100000000.0,-1.0,565.594079725041,184.5964755468069,1.0,1.0
33.57296388943025,100000000.0,-1.0,565.682960452707,183.0423061355038,1.0,1.0
33.57296388943025,100000000.0,-1.0,565.7131003885833,180.44631306465857,1.0,1.0
33.57296388943025,100000000.0,632.8660776463591,632.8660776463593,199.62450021220016,0.0,0.0
33.57296388943025,100000000.0,632.8866488956177,632.8866488956179,199.64507146145877,0.0,0.0
33.57296388943025,100000000.0,633.1520698818499,633.1520698818501,199.910492447691,0.0,0.0
33.57296388943025,100000000.0,-1.0,498.9184575491515,164.5228640659608,2.0,2.0
33.57296388943025,100000000.0,633.328280307289,633.328280307289,200.08670287313004,0.0,0.0
33.57296388943025,100000000.0,633.348137437135,633.3481374371353,200.10656000297618,0.0,0.0
33.57296388943025,100000000.0,-1.0,566.3102901563196,185.8567216627957,1.0,1.0
33.57296388943025,100000000.0,-1.0,566.3586513536374,186.1372356518883,1.0,1.0
33.57296388943025,100000000.0,633.7636388273874,633.7636388273875,200.5220613932283,0.0,0.0
33.57296388943025,100000000.0,-1.0,566.6842807856221,183.5976881298585,1.0,1.0
33.57296388943025,100000000.0,-1.0,566.785776467592,184.86667502692904,1.0,1.0
33.57296388943025,100000000.0,633.9571310640689,633.957131064069,200.7155536299099,0.0,0.0
33.57296388943025,100000000.0,634.3120281897152,634.3120281897153,201.07045075555618,0.0,0.0
33.57296388943025,100000000.0,634.4016683483768,634.4016683483769,201.16009091421782,0.0,0.0
33.57296388943025,100000000.0,-1.0,567.3151831993576,182.65739531369672,1.0,1.0
33.57296388943025,100000000.0,-1.0,567.3453801585572,183.55432178998512,1.0,1.0
33.57296388943025,100000000.0,-1.0,567.4921728189104,183.98782302609425,1.0,1.0
33.57296388943025,100000000.0,634.6460217606506,634.6460217606507,201.40444432649159,0.0,0.0
33.57296388943025,100000000.0,-1.0,567.7221603145609,186.43013861069915,1.0,1.0
33.57296388943025,100000000.0,-1.0,500.70254028840947,162.19286781998312,2.0,2.0
33.57296388943025,100000000.0,-1.0,567.8693003396834,183.21151245402237,1.0,1.0
33.57296388943025,100000000.0,635.2609286093787,635.2609286093787,202.01935117521955,0.0,0.0
33.57296388943025,100000000.0,-1.0,568.1875280466143,185.41701682188696,1.0,1.0
33.57296388943025,100000000.0,-1.0,568.2947406014604,189.12866354077244,1.0,1.0
33.57296388943025,100000000.0,-1.0,568.6210486182946,180.99504847731254,1.0,1.0
33.57296388943025,100000000.0,-1.0,501.4864224402028,170.73366167289228,2.0,2.0
33.57296388943025,100000000.0,-1.0,568.6728588997522,190.34243956633992,1.0,1.0
33.57296388943025,100000000.0,-1.0,568.7193483242936,186.01742768993967,1.0,1.0
33.57296388943025,100000000.0,-1.0,568.9136754700927,185.98437940067146,1.0,1.0
33.57296388943025,100000000.0,-1.0,569.1954893005507,181.1665603239179,1.0,1.0
33.57296388943025,100000000.0,-1.0,569.2876930605335,178.99976292885736,1.0,1.0
33.57296388943025,100000000.0,-1.0,502.1583936483833,169.5035267099447,2.0,2.0
33.57296388943025,100000000.0,-1.0,569.3407127984636,177.82825219745146,1.0,1.0
33.57296388943025,100000000.0,-1.0,502.34236771753655,160.67434809428053,2.0,2.0
33.57296388943025,100000000.0,637.0531508480292,637.0531508480292,203.8115734138702,0.0,0.0
33.57296388943025,100000000.0,-1.0,569.9563774939161,184.6593892289632,1.0,1.0
33.57296388943025,100000000.0,637.3607997967543,637.3607997967545,204.1192223625954,0.0,0.0
33.57296388943025,100000000.0,637.4042437340004,637.4042437340005,204.16266629984133,0.0,0.0
33.57296388943025,100000000.0,-1.0,503.2011306236441,168.10389016834878,2.0,2.0
33.57296388943025,100000000.0,-1.0,570.8222499212445,186.9047449256745,1.0,1.0
33.57296388943025,100000000.0,-1.0,571.2832195132398,180.43587190640562,1.0,1.0
33.57296388943025,100000000.0,-1.0,504.4999930836066,167.99299844022693,2.0,2.0
33.57296388943025,100000000.0,-1.0,572.0623970550822,194.87535501028137,1.0,1.0
33.57296388943025,100000000.0,-1.0,504.9970418638048,168.89336057159701,2.0,2.0
33.57296388943025,100000000.0,639.698435076914,639.698435076914,206.45685764275507,0.0,0.0
33.57296388943025,100000000.0,-1.0,572.6643954360751,184.8676884240427,1.0,1.0
33.57296388943025,100000000.0,-1.0,572.9714792869165,191.41293594117403,1.0,1.0
33.57296388943025,100000000.0,-1.0,573.2234088835526,195.7419325851788,1.0,1.0
33.57296388943025,100000000.0,-1.0,573.8440962253973,185.86745215494705,1.0,1.0
33.57296388943025,100000000.0,-1.0,574.6158524186677,191.96482787035424,1.0,1.0
33.57296388943025,100000000.0,-1.0,574.8188250932762,191.29261718170915,1.0,1.0
33.57296388943025,100000000.0,642.6558200004127,642.6558200004127,209.4142425662538,0.0,0.0
33.57296388943025,100000000.0,-1.0,442.25396208538854,156.04346554877432,4.0,2.0
33.57296388943025,100000000.0,-1.0,576.7304563959557,186.3591634943886,1.0,1.0
33.57296388943025,100000000.0,643.9580642374781,643.9580642374783,210.71648680331913,0.0,0.0
33.57296388943025,100000000.0,644.8329600494964,644.8329600494963,211.5913826153372,0.0,0.0
33.57296388943025,100000000.0,645.7828922698533,645.7828922698533,212.54131483569438,0.0,0.0
33.57296388943025,100000000.0,-1.0,511.64191666176697,175.99516231450113,2.0,2.0
33.57296388943025,100000000.0,-1.0,444.8565740709839,161.10495468223021,4.0,2.0
33.57296388943025,100000000.0,-1.0,580.7665686861253,200.9793191727098,1.0,1.0
33.57296388943025,100000000.0,649.6065702284949,649.6065702284949,216.36499279433573,0.0,0.0
33.57296388943025,100000000.0,651.75788563549,651.7578856354899,218.51630820133084,0.0,0.0
33.692440629250285,100000000.0,621.6844189403996,621.6844189403996,188.4428415062406,0.0,0.0
33.692440629250285,100000000.0,623.838161454688,623.8381614546882,190.59658402052904,0.0,0.0
33.692440629250285,100000000.0,-1.0,557.1140273565144,175.72233689910917,1.0,1.0
33.692440629250285,100000000.0,-1.0,557.6587579979919,176.66115381975777,1.0,1.0
33.692440629250285,100000000.0,-1.0,558.3924407739935,176.49679454104063,1.0,1.0
33.692440629250285,100000000.0,-1.0,558.4115064044838,176.5158601715309,1.0,1.0
33.692440629250285,100000000.0,-1.0,558.7445827112101,174.82707771563997,1.0,1.0
33.692440629250285,100000000.0,626.5443272190186,626.5443272190186,193.30274978485954,0.0,0.0
33.692440629250285,100000000.0,-1.0,559.3178207657845,174.94907549657873,1.0,1.0
33.692440629250285,100000000.0,626.8267600175263,626.8267600175266,193.58518258336753,0.0,0.0
33.692440629250285,100000000.0,-1.0,560.3130370869027,181.9826177534904,1.0,1.0
33.692440629250285,100000000.0,627.7404714302052,627.7404714302053,194.49889399604606,0.0,0.0
33.692440629250285,100000000.0,-1.0,560.4110935469448,179.8877354662066,1.0,1.0
33.692440629250285,100000000.0,-1.0,560.5350269276826,177.42864978304712,1.0,1.0
33.692440629250285,100000000.0,-1.0,560.7194812674142,176.20721992350246,1.0,1.0
33.692440629250285,100000000.0,628.139619596749,628.139619596749,194.89804216258992,0.0,0.0
33.692440629250285,100000000.0,-1.0,560.923404407223,175.55133395670796,1.0,1.0
33.692440629250285,100000000.0,628.4701362827669,628.4701362827672,195.22855884860803,0.0,0.0
33.692440629250285,100000000.0,-1.0,561.1470764590621,176.48928857340124,1.0,1.0
33.692440629250285,100000000.0,628.7077816010212,628.7077816010213,195.4662041668622,0.0,0.0
33.692440629250285,100000000.0,628.9700008477434,628.9700008477432,195.72842341358418,0.0,0.0
33.692440629250285,100000000.0,-1.0,494.2324828815032,168.40465734567124,2.0,2.0
33.692440629250285,100000000.0,629.2790352484636,629.2790352484635,196.03745781430445,0.0,0.0
33.692440629250285,100000000.0,-1.0,561.9811505867568,180.70553652523918,1.0,1.0
33.692440629250285,100000000.0,629.4403971852417,629.4403971852417,196.19881975108268,0.0,0.0
33.692440629250285,100000000.0,-1.0,562.0601156817502,181.06251150351596,1.0,1.0
33.692440629250285,100000000.0,-1.0,562.088031485,179.10799873829788,1.0,1.0
33.692440629250285,100000000.0,629.5272514018419,629.5272514018419,196.28567396768295,0.0,0.0
33.692440629250285,100000000.0,-1.0,562.3449541141352,177.17012547632706,1.0,1.0
33.692440629250285,100000000.0,-1.0,562.3933117087979,182.76335878172452,1.0,1.0
33.692440629250285,100000000.0,-1.0,562.46722080845,177.8094329227891,1.0,1.0
33.692440629250285,100000000.0,630.0679140601695,630.0679140601696,196.82633662601057,0.0,0.0
33.692440629250285,100000000.0,630.1075049396717,630.1075049396718,196.86592750551253,0.0,0.0
33.692440629250285,100000000.0,630.1075049396716,630.1075049396719,196.86592750551253,0.0,0.0
33.692440629250285,100000000.0,-1.0,562.8890691165016,178.23128123084066,1.0,1.0
33.692440629250285,100000000.0,-1.0,562.9198441302916,177.8043431564084,1.0,1.0
33.692440629250285,100000000.0,630.307252130593,630.3072521305929,197.06567469643397,0.0,0.0
33.692440629250285,100000000.0,630.4692757218767,630.4692757218768,197.2276982877176,0.0,0.0
33.692440629250285,100000000.0,-1.0,563.1302927572195,182.7824304284725,1.0,1.0
33.692440629250285,100000000.0,630.590451547184,630.590451547184,197.34887411302495,0.0,0.0
33.692440629250285,100000000.0,630.6821561088663,630.6821561088665,197.44057867470727,0.0,0.0
33.692440629250285,100000000.0,-1.0,563.3371751754743,181.92595333220703,1.0,1.0
33.692440629250285,100000000.0,-1.0,495.9927594708669,165.1184220315668,2.0,2.0
33.692440629250285,100000000.0,630.8099010967247,630.8099010967248,197.56832366256575,0.0,0.0
33.692440629250285,100000000.0,630.8481760575673,630.8481760575673,197.60659862340827,0.0,0.0
33.692440629250285,100000000.0,-1.0,563.5963026173962,179.6787976218262,1.0,1.0
33.692440629250285,100000000.0,-1.0,496.22939098160737,161.1321505263121,2.0,2.0
33.692440629250285,100000000.0,631.0575595153507,631.0575595153508,197.8159820811917,0.0,0.0
33.692440629250285,100000000.0,631.0779475209208,631.0779475209207,197.83637008676172,0.0,0.0
33.692440629250285,100000000.0,-1.0,563.8190246677445,179.1612367820837,1.0,1.0
33.692440629250285,100000000.0,-1.0,563.8901491033707,179.23236121770984,1.0,1.0
33.692440629250285,100000000.0,-1.0,563.933757779628,179.56501251042195,1.0,1.0
33.692440629250285,100000000.0,-1.0,496.5488803565679,164.70318597088257,2.0,2.0
33.692440629250285,100000000.0,631.3410861731095,631.3410861731096,198.09950873895045,0.0,0.0
33.692440629250285,100000000.0,-1.0,564.1253953068243,176.09646633019153,1.0,1.0
33.692440629250285,100000000.0,-1.0,564.243819677008,180.53031653339127,1.0,1.0
33.692440629250285,100000000.0,631.6770668890888,631.6770668890888,198.43548945492964,0.0,0.0
33.692440629250285,100000000.0,-1.0,564.4724421964603,178.6937004052921,1.0,1.0
33.692440629250285,100000000.0,-1.0,564.6550726724234,184.2015041788994,1.0,1.0
33.692440629250285,100000000.0,632.2473610058355,632.2473610058355,199.00578357167655,0.0,0.0
33.692440629250285,100000000.0,632.2874827035178,632.2874827035179,199.04590526935888,0.0,0.0
33.692440629250285,100000000.0,-1.0,564.9134852706742,181.19256639051704,1.0,1.0
33.692440629250285,100000000.0,-1.0,564.9374484343256,186.60702910091337,1.0,1.0
33.692440629250285,100000000.0,-1.0,564.9767115816842,181.14163176607786,1.0,1.0
33.692440629250285,100000000.0,-1.0,565.155073455405,177.98184126268987,1.0,1.0
33.692440629250285,100000000.0,-1.0,565.3608864792027,181.58246370338,1.0,1.0
33.692440629250285,100000000.0,632.9524324332218,632.9524324332218,199.71085499906263,0.0,0.0
33.692440629250285,100000000.0,-1.0,565.8554748289398,182.13455594878263,1.0,1.0
33.692440629250285,100000000.0,-1.0,566.0660341686958,181.79879652616566,1.0,1.0
33.692440629250285,100000000.0,-1.0,566.1019550144235,184.18285357376055,1.0,1.0
33.692440629250285,100000000.0,-1.0,566.1760417555952,182.34096193998894,1.0,1.0
33.692440629250285,100000000.0,-1.0,566.2092589233589,181.87022333220483,1.0,1.0
33.692440629250285,100000000.0,-1.0,566.2126410232144,178.18371204658155,1.0,1.0
33.692440629250285,100000000.0,-1.0,566.2518642585312,187.92144492511906,1.0,1.0
33.692440629250285,100000000.0,-1.0,566.2682832562805,182.65721156208772,1.0,1.0
33.692440629250285,100000000.0,633.7182305614896,633.7182305614896,200.47665312733048,0.0,0.0
33.692440629250285,100000000.0,-1.0,566.3423423711553,186.55509285773974,1.0,1.0
33.692440629250285,100000000.0,633.8264524037633,633.8264524037633,200.58487496960416,0.0,0.0
33.692440629250285,100000000.0,633.8492344998858,633.8492344998859,200.60765706572678,0.0,0.0
33.692440629250285,100000000.0,-1.0,566.4785260836504,183.36362566895144,1.0,1.0
33.692440629250285,100000000.0,633.9447455744199,633.9447455744199,200.70316814026086,0.0,0.0
33.692440629250285,100000000.0,-1.0,499.18296731187957,164.23951557093025,2.0,2.0
33.692440629250285,100000000.0,634.0523530585598,634.0523530585598,200.81077562440066,0.0,0.0
33.692440629250285,100000000.0,-1.0,566.7515420390966,184.10051749078303,1.0,1.0
33.692440629250285,100000000.0,634.1507719550161,634.1507719550161,200.9091945208571,0.0,0.0
33.692440629250285,100000000.0,-1.0,566.89203522047,186.67061951872105,1.0,1.0
33.692440629250285,100000000.0,-1.0,566.964273347388,189.1869088092039,1.0,1.0
33.692440629250285,100000000.0,-1.0,566.9817678743703,185.33404559978518,1.0,1.0
33.692440629250285,100000000.0,-1.0,567.2301826264165,186.7766141328926,1.0,1.0
33.692440629250285,100000000.0,634.6313069320641,634.6313069320643,201.38972949790517,0.0,0.0
33.692440629250285,100000000.0,-1.0,567.2809987917265,179.25206981509368,1.0,1.0
33.692440629250285,100000000.0,-1.0,567.57908103276,187.4107856380569,1.0,1.0
33.692440629250285,100000000.0,635.1304248692758,635.130424869276,201.88884743511684,0.0,0.0
33.692440629250285,100000000.0,635.3710445389518,635.3710445389517,202.12946710479258,0.0,0.0
33.692440629250285,100000000.0,-1.0,568.2315417655664,187.2636472653842,1.0,1.0
33.692440629250285,100000000.0,-1.0,501.1819077789982,166.49673060332344,2.0,2.0
33.692440629250285,100000000.0,636.0158459685255,636.0158459685256,202.7742685343664,0.0,0.0
33.692440629250285,100000000.0,-1.0,568.6617526592639,188.25447097441312,1.0,1.0
33.692440629250285,100000000.0,-1.0,568.747747122647,184.37900185344097,1.0,1.0
33.692440629250285,100000000.0,-1.0,568.7996932774023,186.34464330547664,1.0,1.0
33.692440629250285,100000000.0,-1.0,568.9220708344735,178.66653844594435,1.0,1.0
33.692440629250285,100000000.0,636.4774230169592,636.4774230169593,203.23584558280027,0.0,0.0
33.692440629250285,100000000.0,-1.0,569.6104409392667,185.77203088771307,1.0,1.0
33.692440629250285,100000000.0,637.0572061566468,637.0572061566465,203.81562872248762,0.0,0.0
33.692440629250285,100000000.0,-1.0,569.742643486677,186.70582955427923,1.0,1.0
33.692440629250285,100000000.0,-1.0,569.8923412126109,182.71910901989568,1.0,1.0
33.692440629250285,100000000.0,-1.0,569.9448296545335,185.38095061913205,1.0,1.0
33.692440629250285,100000000.0,-1.0,570.1159616616038,183.77980458685784,1.0,1.0
33.692440629250285,100000000.0,-1.0,502.90555040306646,169.99963599302615,2.0,2.0
33.692440629250285,100000000.0,638.0795335051573,638.0795335051573,204.83795607099822,0.0,0.0
33.692440629250285,100000000.0,-1.0,503.4042644227607,172.85675898018025,2.0,2.0
33.692440629250285,100000000.0,638.2212709295527,638.2212709295526,204.97969349539358,0.0,0.0
33.692440629250285,100000000.0,-1.0,570.852118185067,187.7372177703681,1.0,1.0
33.692440629250285,100000000.0,-1.0,503.5467088592183,162.7167784934877,2.0,2.0
33.692440629250285,100000000.0,-1.0,570.9958524847078,188.34482793639432,1.0,1.0
33.692440629250285,100000000.0,639.4228321094992,639.4228321094993,206.18125467534014,0.0,0.0
33.692440629250285,100000000.0,639.4391102639745,639.4391102639745,206.19753282981557,0.0,0.0
33.692440629250285,100000000.0,-1.0,572.0720135010472,191.66473181619648,1.0,1.0
33.692440629250285,100000000.0,-1.0,504.8928861915027,159.41653615255126,2.0,2.0
33.692440629250285,100000000.0,-1.0,572.3451193909989,187.2301477897888,1.0,1.0
33.692440629250285,100000000.0,-1.0,572.4885794255833,190.9612811864285,1.0,1.0
33.692440629250285,100000000.0,-1.0,573.4491825858996,194.4095521522097,1.0,1.0
33.692440629250285,100000000.0,-1.0,573.7584763477313,193.47477848748716,1.0,1.0
33.692440629250285,100000000.0,-1.0,508.1041680853442,174.96253378388926,2.0,2.0
33.692440629250285,100000000.0,-1.0,576.0520577403536,179.85793580480222,1.0,1.0
33.692440629250285,100000000.0,-1.0,510.40815656031845,171.94379501259755,2.0,2.0
33.692440629250285,100000000.0,-1.0,513.4585409152652,177.86844360778295,2.0,2.0
33.692440629250285,100000000.0,-1.0,583.7210679891286,189.875436730052,1.0,1.0
33.81191736907032,100000000.0,624.4805563926474,624.4805563926473,191.23897895848827,0.0,0.0
33.81191736907032,100000000.0,625.2049120733426,625.2049120733426,191.96333463918356,0.0,0.0
33.81191736907032,100000000.0,-1.0,558.3924407739936,176.49679454104063,1.0,1.0
33.81191736907032,100000000.0,626.1221684037909,626.122168403791,192.88059096963184,0.0,0.0
33.81191736907032,100000000.0,-1.0,491.6291046530297,160.75476721372945,2.0,2.0
33.81191736907032,100000000.0,627.3472784394027,627.3472784394028,194.10570100524373,0.0,0.0
33.81191736907032,100000000.0,628.0570810267177,628.0570810267177,194.81550359255857,0.0,0.0
33.81191736907032,100000000.0,-1.0,561.5112048510939,174.33797265837856,1.0,1.0
33.81191736907032,100000000.0,629.1610307727982,629.1610307727983,195.9194533386392,0.0,0.0
33.81191736907032,100000000.0,-1.0,493.9588548714111,163.28977275684122,2.0,2.0
33.81191736907032,100000000.0,-1.0,561.9283683339497,182.76229127326198,1.0,1.0
33.81191736907032,100000000.0,629.6204211546948,629.6204211546951,196.37884372053594,0.0,0.0
33.81191736907032,100000000.0,629.6387671626686,629.6387671626687,196.39718972850966,0.0,0.0
33.81191736907032,100000000.0,-1.0,494.84720892251676,165.11906098283498,2.0,2.0
33.81191736907032,100000000.0,-1.0,562.9368232406283,179.15840046480577,1.0,1.0
33.81191736907032,100000000.0,-1.0,563.0744632916828,178.24184215609165,1.0,1.0
33.81191736907032,100000000.0,-1.0,563.4350343693766,185.10461503596426,1.0,1.0
33.81191736907032,100000000.0,-1.0,563.5137344328091,179.14498916360336,1.0,1.0
33.81191736907032,100000000.0,631.1646200587466,631.1646200587467,197.92304262458742,0.0,0.0
33.81191736907032,100000000.0,-1.0,563.5963026173962,179.6787976218262,1.0,1.0
33.81191736907032,100000000.0,-1.0,563.8533479986855,183.44606631383473,1.0,1.0
33.81191736907032,100000000.0,-1.0,563.8680272647913,180.1787834178114,1.0,1.0
33.81191736907032,100000000.0,631.499291745942,631.499291745942,198.25771431178285,0.0,0.0
33.81191736907032,100000000.0,631.8887796146502,631.8887796146504,198.64720218049123,0.0,0.0
33.81191736907032,100000000.0,631.9146317563726,631.9146317563727,198.67305432221363,0.0,0.0
33.81191736907032,100000000.0,631.9747833158369,631.9747833158369,198.73320588167783,0.0,0.0
33.81191736907032,100000000.0,632.2612474539601,632.2612474539602,199.019670019801,0.0,0.0
33.81191736907032,100000000.0,632.328197309176,632.328197309176,199.08661987501682,0.0,0.0
33.81191736907032,100000000.0,-1.0,497.24436786780734,168.71033389401762,2.0,2.0
33.81191736907032,100000000.0,632.5752982554784,632.5752982554783,199.33372082131922,0.0,0.0
33.81191736907032,100000000.0,632.9773204941425,632.9773204941424,199.73574305998343,0.0,0.0
33.81191736907032,100000000.0,633.0172545308765,633.0172545308764,199.77567709671726,0.0,0.0
33.81191736907032,100000000.0,633.2448903850119,633.244890385012,200.0033129508529,0.0,0.0
33.81191736907032,100000000.0,-1.0,498.217433278051,163.64283222216162,2.0,2.0
33.81191736907032,100000000.0,-1.0,565.9057795154162,182.43479939468486,1.0,1.0
33.81191736907032,100000000.0,-1.0,566.1903499036896,183.85137632765154,1.0,1.0
33.81191736907032,100000000.0,-1.0,566.2614427514754,184.27380468197558,1.0,1.0
33.81191736907032,100000000.0,633.9039313153681,633.9039313153683,200.6623538812092,0.0,0.0
33.81191736907032,100000000.0,634.0861861326473,634.0861861326475,200.84460869848837,0.0,0.0
33.81191736907032,100000000.0,-1.0,566.5607514975393,182.64324650196932,1.0,1.0
33.81191736907032,100000000.0,634.2768035390978,634.2768035390978,201.0352261049387,0.0,0.0
33.81191736907032,100000000.0,-1.0,566.9778785180177,181.60580806750278,1.0,1.0
33.81191736907032,100000000.0,-1.0,567.2667159684131,187.6578243126827,1.0,1.0
33.81191736907032,100000000.0,634.8964884667735,634.8964884667737,201.65491103261456,0.0,0.0
33.81191736907032,100000000.0,635.4792033514104,635.4792033514104,202.23762591725125,0.0,0.0
33.81191736907032,100000000.0,-1.0,567.9142672001229,183.256479314462,1.0,1.0
33.81191736907032,100000000.0,-1.0,568.1126546234153,180.47427588991317,1.0,1.0
33.81191736907032,100000000.0,-1.0,568.2174265547657,175.40274429499752,1.0,1.0
33.81191736907032,100000000.0,635.8587529397082,635.8587529397082,202.61717550554914,0.0,0.0
33.81191736907032,100000000.0,635.9413668827907,635.9413668827908,202.6997894486317,0.0,0.0
33.81191736907032,100000000.0,-1.0,568.4847838518493,184.56727885627927,1.0,1.0
33.81191736907032,100000000.0,-1.0,568.5404851841879,179.39943308054004,1.0,1.0
33.81191736907032,100000000.0,-1.0,568.6192480925921,187.8807916386959,1.0,1.0
33.81191736907032,100000000.0,-1.0,568.6657458180231,185.00889971418997,1.0,1.0
33.81191736907032,100000000.0,636.3162310731561,636.316231073156,203.07465363899703,0.0,0.0
33.81191736907032,100000000.0,-1.0,568.8182531734557,183.64342453564743,1.0,1.0
33.81191736907032,100000000.0,636.475187944076,636.4751879440759,203.2336105099169,0.0,0.0
33.81191736907032,100000000.0,636.5156524651067,636.5156524651067,203.2740750309476,0.0,0.0
33.81191736907032,100000000.0,-1.0,569.0084920521152,180.19303786632977,1.0,1.0
33.81191736907032,100000000.0,-1.0,569.1207973162183,185.41766440371205,1.0,1.0
33.81191736907032,100000000.0,-1.0,569.23613081671,190.57400953156971,1.0,1.0
33.81191736907032,100000000.0,636.8821014804261,636.8821014804262,203.64052404626705,0.0,0.0
33.81191736907032,100000000.0,-1.0,569.5188894661819,184.861101580521,1.0,1.0
33.81191736907032,100000000.0,-1.0,569.6493715684185,182.47613937570313,1.0,1.0
33.81191736907032,100000000.0,-1.0,569.6555395058253,191.32512017241305,1.0,1.0
33.81191736907032,100000000.0,-1.0,569.9724826266579,187.33182830945472,1.0,1.0
33.81191736907032,100000000.0,-1.0,570.1039454772902,181.10428969679091,1.0,1.0
33.81191736907032,100000000.0,-1.0,570.1813847216927,191.14175428800274,1.0,1.0
33.81191736907032,100000000.0,637.8729000989001,637.8729000989002,204.63132266474113,0.0,0.0
33.81191736907032,100000000.0,637.8836871480707,637.8836871480709,204.64210971391176,0.0,0.0
33.81191736907032,100000000.0,-1.0,570.2915392128763,187.7669612915606,1.0,1.0
33.81191736907032,100000000.0,-1.0,570.30794613721,189.90066445235914,1.0,1.0
33.81191736907032,100000000.0,-1.0,570.4526362045093,186.7495032920031,1.0,1.0
33.81191736907032,100000000.0,-1.0,570.4586177533382,184.29293603934713,1.0,1.0
33.81191736907032,100000000.0,-1.0,570.4889034765292,189.09721301912396,1.0,1.0
33.81191736907032,100000000.0,-1.0,570.5536815001913,189.23163858576663,1.0,1.0
33.81191736907032,100000000.0,-1.0,502.9918907981304,167.1768491525067,2.0,2.0
33.81191736907032,100000000.0,-1.0,570.7846054592233,187.00618268340057,1.0,1.0
33.81191736907032,100000000.0,-1.0,570.7975929876784,184.71563972612302,1.0,1.0
33.81191736907032,100000000.0,-1.0,570.922304478143,181.5691660744006,1.0,1.0
33.81191736907032,100000000.0,-1.0,571.1998512628444,184.67808984282087,1.0,1.0
33.81191736907032,100000000.0,-1.0,571.2654102570372,188.285377510335,1.0,1.0
33.81191736907032,100000000.0,-1.0,571.5837429419054,188.1127628211742,1.0,1.0
33.81191736907032,100000000.0,-1.0,571.6382362832982,187.12597493938642,1.0,1.0
33.81191736907032,100000000.0,-1.0,504.0535013325322,162.51877118278625,2.0,2.0
33.81191736907032,100000000.0,-1.0,571.6852593748807,191.4638436731318,1.0,1.0
33.81191736907032,100000000.0,-1.0,571.7806677196888,183.751738743056,1.0,1.0
33.81191736907032,100000000.0,-1.0,571.861950148332,188.7035595439444,1.0,1.0
33.81191736907032,100000000.0,-1.0,572.1285235751682,189.35801235044104,1.0,1.0
33.81191736907032,100000000.0,-1.0,572.2624904890076,188.56061104927826,1.0,1.0
33.81191736907032,100000000.0,-1.0,572.3577323752934,193.81168748604065,1.0,1.0
33.81191736907032,100000000.0,640.1364238350642,640.1364238350641,206.89484640090495,0.0,0.0
33.81191736907032,100000000.0,-1.0,572.5282500586748,188.61074506310467,1.0,1.0
33.81191736907032,100000000.0,-1.0,505.2045011067193,170.8089076235286,2.0,2.0
33.81191736907032,100000000.0,-1.0,572.9640648390304,189.12898502342412,1.0,1.0
33.81191736907032,100000000.0,-1.0,573.1429542753431,195.15752220142167,1.0,1.0
33.81191736907032,100000000.0,-1.0,573.485453918191,185.4565249415582,1.0,1.0
33.81191736907032,100000000.0,-1.0,573.7481756159593,182.13644212465772,1.0,1.0
33.81191736907032,100000000.0,-1.0,573.7501436128324,184.4307336514994,1.0,1.0
33.81191736907032,100000000.0,-1.0,574.0073533601213,190.87867243378605,1.0,1.0
33.81191736907032,100000000.0,-1.0,506.51831655604843,173.33379013442416,2.0,2.0
33.81191736907032,100000000.0,-1.0,506.82041490903725,177.7430249542231,2.0,2.0
33.81191736907032,100000000.0,-1.0,575.3133819805694,192.15499137618195,1.0,1.0
33.81191736907032,100000000.0,-1.0,575.500142474037,187.61674003915363,1.0,1.0
33.81191736907032,100000000.0,643.1841292911682,643.1841292911682,209.9425518570091,0.0,0.0
33.81191736907032,100000000.0,643.7804901355875,643.7804901355876,210.53891270142853,0.0,0.0
33.81191736907032,100000000.0,644.0512447492843,644.0512447492844,210.80966731512532,0.0,0.0
33.81191736907032,100000000.0,-1.0,576.6971459519225,192.86206613631626,1.0,1.0
33.81191736907032,100000000.0,644.3296735121434,644.3296735121434,211.08809607798437,0.0,0.0
33.81191736907032,100000000.0,-1.0,576.9581561381251,199.55548853748365,1.0,1.0
33.81191736907032,100000000.0,-1.0,578.0217173323042,194.19502008227082,1.0,1.0
33.81191736907032,100000000.0,-1.0,578.5074144536449,196.14549841793948,1.0,1.0
33.81191736907032,100000000.0,647.0114542552905,647.0114542552903,213.7698768211312,0.0,0.0
33.81191736907032,100000000.0,-1.0,579.401103411211,194.86698394854847,1.0,1.0
33.81191736907032,100000000.0,647.174467012503,647.1744670125031,213.93288957834392,0.0,0.0
33.81191736907032,100000000.0,-1.0,580.3766640401633,198.45756259950045,1.0,1.0
33.81191736907032,100000000.0,-1.0,580.5538153921506,196.30799144549053,1.0,1.0
33.81191736907032,100000000.0,-1.0,580.5711198808459,190.42165587391688,1.0,1.0
33.81191736907032,100000000.0,648.6067959624701,648.6067959624701,215.36521852831092,0.0,0.0
33.81191736907032,100000000.0,-1.0,581.6427456395496,197.93078221499397,1.0,1.0
33.81191736907032,100000000.0,-1.0,582.0382970720145,198.97186515374358,1.0,1.0
33.81191736907032,100000000.0,-1.0,514.7987104832645,166.73629586915956,2.0,2.0
33.81191736907032,100000000.0,651.3029762062407,651.3029762062407,218.06139877208167,0.0,0.0
33.81191736907032,100000000.0,-1.0,516.4739124649044,164.86798412010634,2.0,2.0
33.81191736907032,100000000.0,652.5805705838634,652.5805705838636,219.33899314970446,0.0,0.0
33.81191736907032,100000000.0,-1.0,520.2307177117345,174.0799616879028,2.0,2.0
33.81191736907032,100000000.0,657.3519389360425,657.3519389360426,224.11036150188355,0.0,0.0
33.81191736907032,100000000.0,657.6536282739439,657.6536282739439,224.4120508397849,0.0,0.0
33.93139410889036,100000000.0,-1.0,559.6862854864931,175.46882656732873,1.0,1.0
33.93139410889036,100000000.0,628.051922485733,628.0519224857331,194.81034505157396,0.0,0.0
33.93139410889036,100000000.0,-1.0,560.3130370869026,181.9826177534904,1.0,1.0
33.93139410889036,100000000.0,-1.0,560.6234573493055,180.16988885578144,1.0,1.0
33.93139410889036,100000000.0,628.5838109218421,628.5838109218421,195.3422334876831,0.0,0.0
33.93139410889036,100000000.0,628.6561585824362,628.6561585824364,195.41458114827728,0.0,0.0
33.93139410889036,100000000.0,629.0293574290918,629.0293574290919,195.78777999493275,0.0,0.0
33.93139410889036,100000000.0,-1.0,561.1694912698439,180.71592277631987,1.0,1.0
33.93139410889036,100000000.0,-1.0,561.5439899397636,180.57609543958145,1.0,1.0
33.93139410889036,100000000.0,-1.0,493.6921588176589,164.12016718302687,2.0,2.0
33.93139410889036,100000000.0,-1.0,561.6703331568534,177.96845371712396,1.0,1.0
33.93139410889036,100000000.0,-1.0,561.7928272458264,177.28056590191483,1.0,1.0
33.93139410889036,100000000.0,-1.0,561.8166966967947,178.12745284981474,1.0,1.0
33.93139410889036,100000000.0,629.7145907216056,629.7145907216056,196.47301328744658,0.0,0.0
33.93139410889036,100000000.0,-1.0,562.0689658545099,179.0889331078076,1.0,1.0
33.93139410889036,100000000.0,630.6414764337361,630.6414764337361,197.39989899957706,0.0,0.0
33.93139410889036,100000000.0,630.7536521872455,630.7536521872457,197.51207475308658,0.0,0.0
33.93139410889036,100000000.0,630.8059687817043,630.8059687817043,197.56439134754524,0.0,0.0
33.93139410889036,100000000.0,-1.0,563.0466192618031,178.53435791789147,1.0,1.0
33.93139410889036,100000000.0,-1.0,563.223399850417,178.84201898846163,1.0,1.0
33.93139410889036,100000000.0,631.1518525646136,631.1518525646137,197.91027513045452,0.0,0.0
33.93139410889036,100000000.0,-1.0,563.3126671010847,182.57421064718835,1.0,1.0
33.93139410889036,100000000.0,-1.0,563.3786883974967,181.48304216454386,1.0,1.0
33.93139410889036,100000000.0,-1.0,563.5012088994314,175.4722799227985,1.0,1.0
33.93139410889036,100000000.0,-1.0,563.5169144256737,184.97086953642093,1.0,1.0
33.93139410889036,100000000.0,631.5281106029483,631.5281106029482,198.28653316878922,0.0,0.0
33.93139410889036,100000000.0,631.6002295865901,631.60022958659,198.35865215243092,0.0,0.0
33.93139410889036,100000000.0,-1.0,563.896794579714,180.06171476410768,1.0,1.0
33.93139410889036,100000000.0,631.9006542575288,631.9006542575287,198.65907682336973,0.0,0.0
33.93139410889036,100000000.0,631.9403614484988,631.940361448499,198.69878401433996,0.0,0.0
33.93139410889036,100000000.0,632.1316355474349,632.131635547435,198.89005811327598,0.0,0.0
33.93139410889036,100000000.0,632.1607813237392,632.1607813237393,198.91920388958027,0.0,0.0
33.93139410889036,100000000.0,632.1885260863075,632.1885260863073,198.9469486521484,0.0,0.0
33.93139410889036,100000000.0,632.2258051143456,632.2258051143456,198.98422768018662,0.0,0.0
33.93139410889036,100000000.0,632.3373428135579,632.3373428135583,199.09576537939907,0.0,0.0
33.93139410889036,100000000.0,-1.0,564.615961558886,179.500989957676,1.0,1.0
33.93139410889036,100000000.0,-1.0,564.6990241628394,180.05035354991145,1.0,1.0
33.93139410889036,100000000.0,-1.0,564.7008341966908,182.7817327560279,1.0,1.0
33.93139410889036,100000000.0,632.5655907364309,632.5655907364309,199.32401330227177,0.0,0.0
33.93139410889036,100000000.0,632.6106545054758,632.6106545054758,199.36907707131678,0.0,0.0
33.93139410889036,100000000.0,632.6629432886649,632.6629432886649,199.42136585450578,0.0,0.0
33.93139410889036,100000000.0,-1.0,564.8629110881745,183.47122063076938,1.0,1.0
33.93139410889036,100000000.0,632.746645291068,632.7466452910681,199.50506785690897,0.0,0.0
33.93139410889036,100000000.0,632.8511880681766,632.8511880681765,199.6096106340175,0.0,0.0
33.93139410889036,100000000.0,-1.0,564.9893811106197,182.340446557882,1.0,1.0
33.93139410889036,100000000.0,-1.0,565.0474603529635,181.45490356024285,1.0,1.0
33.93139410889036,100000000.0,632.9423512125145,632.9423512125146,199.7007737783554,0.0,0.0
33.93139410889036,100000000.0,633.2915670228481,633.2915670228483,200.04998958868904,0.0,0.0
33.93139410889036,100000000.0,633.3219017725078,633.3219017725078,200.0803243383486,0.0,0.0
33.93139410889036,100000000.0,633.3390416601549,633.3390416601549,200.09746422599582,0.0,0.0
33.93139410889036,100000000.0,-1.0,565.563064762908,178.38983257019268,1.0,1.0
33.93139410889036,100000000.0,-1.0,565.8069921135495,178.63375992083417,1.0,1.0
33.93139410889036,100000000.0,-1.0,565.823586857679,183.8359487881791,1.0,1.0
33.93139410889036,100000000.0,-1.0,565.8532253276824,187.52280599427002,1.0,1.0
33.93139410889036,100000000.0,-1.0,565.9636935400124,184.05496233045977,1.0,1.0
33.93139410889036,100000000.0,633.8981011794193,633.8981011794193,200.6565237452602,0.0,0.0
33.93139410889036,100000000.0,633.9151150276637,633.9151150276634,200.6735375935045,0.0,0.0
33.93139410889036,100000000.0,-1.0,566.2081924797809,174.78038579891066,1.0,1.0
33.93139410889036,100000000.0,-1.0,566.2297578974848,181.57197001182377,1.0,1.0
33.93139410889036,100000000.0,-1.0,566.297464089865,179.20332684116605,1.0,1.0
33.93139410889036,100000000.0,-1.0,566.4798640135294,183.8309294607919,1.0,1.0
33.93139410889036,100000000.0,-1.0,566.6544477973537,183.05702104962438,1.0,1.0
33.93139410889036,100000000.0,-1.0,566.8029366378415,182.3282365312827,1.0,1.0
33.93139410889036,100000000.0,-1.0,566.899427911623,185.5077374542177,1.0,1.0
33.93139410889036,100000000.0,-1.0,567.0070624626952,182.34927457703427,1.0,1.0
33.93139410889036,100000000.0,634.9240813167329,634.924081316733,201.6825038825739,0.0,0.0
33.93139410889036,100000000.0,-1.0,567.0948287374702,183.18769397301057,1.0,1.0
33.93139410889036,100000000.0,635.0585182350618,635.0585182350618,201.81694080090261,0.0,0.0
33.93139410889036,100000000.0,-1.0,567.2640456565717,183.36954648486167,1.0,1.0
33.93139410889036,100000000.0,635.1817717427776,635.1817717427775,201.94019430861854,0.0,0.0
33.93139410889036,100000000.0,-1.0,499.7655303936008,162.99478871871213,2.0,2.0
33.93139410889036,100000000.0,635.5410780199418,635.5410780199419,202.29950058578262,0.0,0.0
33.93139410889036,100000000.0,-1.0,567.8835552510196,183.61631760848942,1.0,1.0
33.93139410889036,100000000.0,-1.0,567.94113159433,180.84907162320116,1.0,1.0
33.93139410889036,100000000.0,-1.0,568.1276091791153,186.85199511759757,1.0,1.0
33.93139410889036,100000000.0,635.9992048026538,635.9992048026538,202.75762736849472,0.0,0.0
33.93139410889036,100000000.0,636.1861298388179,636.1861298388179,202.94455240465885,0.0,0.0
33.93139410889036,100000000.0,636.2098141034917,636.2098141034918,202.96823666933275,0.0,0.0
33.93139410889036,100000000.0,636.2706540599568,636.2706540599568,203.02907662579776,0.0,0.0
33.93139410889036,100000000.0,636.2763089916978,636.276308991698,203.0347315575388,0.0,0.0
33.93139410889036,100000000.0,636.3258513693232,636.3258513693232,203.08427393516416,0.0,0.0
33.93139410889036,100000000.0,-1.0,568.5231473427622,188.7358978293465,1.0,1.0
33.93139410889036,100000000.0,-1.0,568.7651456637028,190.4347263302906,1.0,1.0
33.93139410889036,100000000.0,-1.0,569.0375495552152,184.77031191268514,1.0,1.0
33.93139410889036,100000000.0,637.0159187332569,637.0159187332567,203.77434129909787,0.0,0.0
33.93139410889036,100000000.0,-1.0,569.2413408630003,183.45150255062757,1.0,1.0
33.93139410889036,100000000.0,-1.0,501.39007458636735,170.04149104957145,2.0,2.0
33.93139410889036,100000000.0,-1.0,569.3148524474541,185.39734745188412,1.0,1.0
33.93139410889036,100000000.0,637.4823152891624,637.4823152891624,204.24073785500337,0.0,0.0
33.93139410889036,100000000.0,-1.0,569.6903099898691,185.8552301742628,1.0,1.0
33.93139410889036,100000000.0,-1.0,569.8257123011184,188.55009823960071,1.0,1.0
33.93139410889036,100000000.0,-1.0,569.9730591819884,186.8864665262249,1.0,1.0
33.93139410889036,100000000.0,-1.0,569.9753203307184,184.18084730728253,1.0,1.0
33.93139410889036,100000000.0,637.9070380339203,637.9070380339201,204.6654605997612,0.0,0.0
33.93139410889036,100000000.0,637.9221907233632,637.9221907233633,204.68061328920416,0.0,0.0
33.93139410889036,100000000.0,-1.0,570.0649645278216,182.15761222317843,1.0,1.0
33.93139410889036,100000000.0,638.0334837705216,638.0334837705215,204.7919063363625,0.0,0.0
33.93139410889036,100000000.0,638.2948940684931,638.2948940684931,205.05331663433407,0.0,0.0
33.93139410889036,100000000.0,-1.0,570.6582919666755,187.57169931091192,1.0,1.0
33.93139410889036,100000000.0,-1.0,570.6791695951146,186.41193195258438,1.0,1.0
33.93139410889036,100000000.0,-1.0,570.7957455058364,187.70915285007283,1.0,1.0
33.93139410889036,100000000.0,-1.0,570.8014544531105,187.02303167728783,1.0,1.0
33.93139410889036,100000000.0,639.1999992688076,639.1999992688077,205.95842183464853,0.0,0.0
33.93139410889036,100000000.0,-1.0,571.51551966174,187.68882241170667,1.0,1.0
33.93139410889036,100000000.0,-1.0,571.5354071214476,185.63717864605223,1.0,1.0
33.93139410889036,100000000.0,639.5042096620331,639.5042096620331,206.2626322278741,0.0,0.0
33.93139410889036,100000000.0,-1.0,571.7560001184105,186.14829295435092,1.0,1.0
33.93139410889036,100000000.0,-1.0,571.9197160837329,186.14097429256486,1.0,1.0
33.93139410889036,100000000.0,-1.0,572.05169327949,189.4110389622868,1.0,1.0
33.93139410889036,100000000.0,-1.0,572.0912227886824,188.05065416675237,1.0,1.0
33.93139410889036,100000000.0,-1.0,572.1439406024562,188.30553055090252,1.0,1.0
33.93139410889036,100000000.0,-1.0,572.8730875961751,179.27496894221622,1.0,1.0
33.93139410889036,100000000.0,640.8080010552305,640.8080010552304,207.56642362107138,0.0,0.0
33.93139410889036,100000000.0,-1.0,573.0688259704905,188.41103808482947,1.0,1.0
33.93139410889036,100000000.0,641.3457544442479,641.345754444248,208.1041770100889,0.0,0.0
33.93139410889036,100000000.0,642.2416070772141,642.2416070772141,209.00002964305497,0.0,0.0
33.93139410889036,100000000.0,642.7607533454517,642.7607533454516,209.5191759112926,0.0,0.0
33.93139410889036,100000000.0,-1.0,575.4871063620226,191.23993776480629,1.0,1.0
33.93139410889036,100000000.0,-1.0,575.5270518713094,193.1880782952714,1.0,1.0
33.93139410889036,100000000.0,644.6076737900773,644.6076737900771,211.36609635591813,0.0,0.0
33.93139410889036,100000000.0,-1.0,509.0047124362734,175.32127240326238,2.0,2.0
33.93139410889036,100000000.0,645.3083140551097,645.3083140551097,212.06673662095056,0.0,0.0
33.93139410889036,100000000.0,645.7793980281143,645.7793980281143,212.53782059395516,0.0,0.0
33.93139410889036,100000000.0,-1.0,578.5378067906432,194.76488429092262,1.0,1.0
33.93139410889036,100000000.0,648.6130096544501,648.6130096544501,215.3714322202911,0.0,0.0
33.93139410889036,100000000.0,-1.0,513.9837354072214,179.44926993561413,2.0,2.0
33.93139410889036,100000000.0,650.0341188166576,650.0341188166576,216.79254138249868,0.0,0.0
33.93139410889036,100000000.0,651.0051152323367,651.0051152323367,217.76353779817777,0.0,0.0
34.050870848710396,100000000.0,624.3503897472089,624.3503897472089,191.1088123130498,0.0,0.0
34.050870848710396,100000000.0,624.8064162228734,624.8064162228737,191.5648387887145,0.0,0.0
34.050870848710396,100000000.0,625.1509347124888,625.1509347124888,191.9093572783299,0.0,0.0
34.050870848710396,100000000.0,-1.0,560.973039665814,180.51947117228983,1.0,1.0
34.050870848710396,100000000.0,629.2153074602713,629.2153074602714,195.97373002611235,0.0,0.0
34.050870848710396,100000000.0,630.6184900054017,630.6184900054017,197.3769125712426,0.0,0.0
34.050870848710396,100000000.0,-1.0,562.5759820567564,174.5470530801236,1.0,1.0
34.050870848710396,100000000.0,631.0442733581862,631.0442733581863,197.80269592402726,0.0,0.0
34.050870848710396,100000000.0,631.1646200587464,631.1646200587467,197.92304262458742,0.0,0.0
34.050870848710396,100000000.0,-1.0,563.2978503705741,180.13945976618672,1.0,1.0
34.050870848710396,100000000.0,-1.0,563.3525772239782,175.44522491933512,1.0,1.0
34.050870848710396,100000000.0,-1.0,563.4694423512362,178.81165446557537,1.0,1.0
34.050870848710396,100000000.0,631.9884131702638,631.9884131702637,198.74683573610469,0.0,0.0
34.050870848710396,100000000.0,631.9884131702637,631.9884131702638,198.7468357361047,0.0,0.0
34.050870848710396,100000000.0,632.0473065878338,632.0473065878338,198.80572915367478,0.0,0.0
34.050870848710396,100000000.0,632.1042968491706,632.1042968491707,198.86271941501147,0.0,0.0
34.050870848710396,100000000.0,-1.0,495.98582720196293,161.17907335429874,2.0,2.0
34.050870848710396,100000000.0,-1.0,564.0909298321393,182.76888691771452,1.0,1.0
34.050870848710396,100000000.0,-1.0,564.1494746915097,180.42855581135245,1.0,1.0
34.050870848710396,100000000.0,-1.0,564.5789074455498,184.3574917438007,1.0,1.0
34.050870848710396,100000000.0,-1.0,564.6043963504088,179.77177521481764,1.0,1.0
34.050870848710396,100000000.0,-1.0,564.8861738646906,183.47495202142326,1.0,1.0
34.050870848710396,100000000.0,633.0555459969909,633.0555459969908,199.81396856283172,0.0,0.0
34.050870848710396,100000000.0,-1.0,564.9747618930617,178.41849547076345,1.0,1.0
34.050870848710396,100000000.0,633.4344847396277,633.4344847396278,200.1929073054687,0.0,0.0
34.050870848710396,100000000.0,-1.0,565.9601134936228,185.91705564955905,1.0,1.0
34.050870848710396,100000000.0,-1.0,566.0596220327295,182.40277592889655,1.0,1.0
34.050870848710396,100000000.0,-1.0,566.0759069736569,183.33904696485345,1.0,1.0
34.050870848710396,100000000.0,-1.0,566.099862475492,185.69258079064113,1.0,1.0
34.050870848710396,100000000.0,634.4904870688549,634.490487068855,201.24890963469585,0.0,0.0
34.050870848710396,100000000.0,634.6219531692883,634.6219531692882,201.38037573512915,0.0,0.0
34.050870848710396,100000000.0,-1.0,566.6065898186521,183.95556527033847,1.0,1.0
34.050870848710396,100000000.0,634.7663236279191,634.7663236279188,201.52474619375977,0.0,0.0
34.050870848710396,100000000.0,-1.0,567.025897934068,184.37696338133034,1.0,1.0
34.050870848710396,100000000.0,635.1817717427774,635.1817717427775,201.94019430861854,0.0,0.0
34.050870848710396,100000000.0,-1.0,567.080574399509,185.7585314850845,1.0,1.0
34.050870848710396,100000000.0,-1.0,567.1169928763899,183.97238278363912,1.0,1.0
34.050870848710396,100000000.0,-1.0,499.02270455736317,166.0791958667064,2.0,2.0
34.050870848710396,100000000.0,-1.0,567.3038077021389,185.408161469186,1.0,1.0
34.050870848710396,100000000.0,635.4709418474499,635.47094184745,202.22936441329085,0.0,0.0
34.050870848710396,100000000.0,-1.0,567.4062446551258,188.3666142214357,1.0,1.0
34.050870848710396,100000000.0,-1.0,567.4132239711105,187.1918082693615,1.0,1.0
34.050870848710396,100000000.0,-1.0,567.4567017251617,182.28187308735338,1.0,1.0
34.050870848710396,100000000.0,635.7640554555664,635.7640554555663,202.5224780214074,0.0,0.0
34.050870848710396,100000000.0,-1.0,567.7715427923105,183.50430514978024,1.0,1.0
34.050870848710396,100000000.0,635.8775538930661,635.8775538930662,202.635976458907,0.0,0.0
34.050870848710396,100000000.0,-1.0,567.9390259182968,183.28123803263588,1.0,1.0
34.050870848710396,100000000.0,-1.0,567.9451357131206,185.5530411333394,1.0,1.0
34.050870848710396,100000000.0,-1.0,568.0794448381555,181.7432877634095,1.0,1.0
34.050870848710396,100000000.0,-1.0,568.1005337838939,186.68931194062648,1.0,1.0
34.050870848710396,100000000.0,-1.0,568.1827358283864,182.28450735299114,1.0,1.0
34.050870848710396,100000000.0,-1.0,500.1093676666319,166.2625617853173,2.0,2.0
34.050870848710396,100000000.0,-1.0,568.2439534220756,182.8718829715607,1.0,1.0
34.050870848710396,100000000.0,-1.0,500.1442411777924,166.27885122218086,2.0,2.0
34.050870848710396,100000000.0,-1.0,568.3618724229855,188.73191949591205,1.0,1.0
34.050870848710396,100000000.0,-1.0,568.4322936241905,185.781269075877,1.0,1.0
34.050870848710396,100000000.0,-1.0,568.5040817122718,188.71683219885625,1.0,1.0
34.050870848710396,100000000.0,636.7327061481928,636.7327061481928,203.4911287140339,0.0,0.0
34.050870848710396,100000000.0,-1.0,568.7018552706295,184.92151703436858,1.0,1.0
34.050870848710396,100000000.0,-1.0,568.7675156837531,176.45530050846347,1.0,1.0
34.050870848710396,100000000.0,-1.0,568.7754371463893,178.41534004175742,1.0,1.0
34.050870848710396,100000000.0,636.904754709422,636.9047547094219,203.66317727526294,0.0,0.0
34.050870848710396,100000000.0,-1.0,569.1186218123498,185.20111681677992,1.0,1.0
34.050870848710396,100000000.0,-1.0,569.1464253310161,183.8301972944721,1.0,1.0
34.050870848710396,100000000.0,637.3099038189501,637.3099038189499,204.06832638479085,0.0,0.0
34.050870848710396,100000000.0,-1.0,569.361683555193,188.83832547445473,1.0,1.0
34.050870848710396,100000000.0,637.4905780480741,637.4905780480739,204.24900061391486,0.0,0.0
34.050870848710396,100000000.0,-1.0,569.5243210394574,181.82688691771412,1.0,1.0
34.050870848710396,100000000.0,-1.0,569.6456933541841,181.61676437755142,1.0,1.0
34.050870848710396,100000000.0,-1.0,569.8567844523988,185.21002929990922,1.0,1.0
34.050870848710396,100000000.0,-1.0,570.2649577568062,182.85005538027983,1.0,1.0
34.050870848710396,100000000.0,638.4297473792068,638.4297473792069,205.1881699450478,0.0,0.0
34.050870848710396,100000000.0,638.4299118985781,638.4299118985782,205.18833446441914,0.0,0.0
34.050870848710396,100000000.0,-1.0,570.3303058022245,186.43580663051435,1.0,1.0
34.050870848710396,100000000.0,-1.0,570.9700218098174,191.361130154087,1.0,1.0
34.050870848710396,100000000.0,-1.0,502.92222444331077,169.0568344876992,2.0,2.0
34.050870848710396,100000000.0,-1.0,571.1887993960956,182.0389165139557,1.0,1.0
34.050870848710396,100000000.0,-1.0,571.3447362954566,183.31580731882391,1.0,1.0
34.050870848710396,100000000.0,-1.0,571.6260424205278,190.30399950610325,1.0,1.0
34.050870848710396,100000000.0,-1.0,571.6948510587357,181.88902021745534,1.0,1.0
34.050870848710396,100000000.0,-1.0,571.7736393453755,180.9277844634632,1.0,1.0
34.050870848710396,100000000.0,639.8987226726533,639.8987226726533,206.65714523849425,0.0,0.0
34.050870848710396,100000000.0,-1.0,572.1162548929636,188.4270110459837,1.0,1.0
34.050870848710396,100000000.0,-1.0,572.2883799902824,184.38102768563914,1.0,1.0
34.050870848710396,100000000.0,-1.0,572.5200921339238,187.8623042482629,1.0,1.0
34.050870848710396,100000000.0,640.6904802366164,640.6904802366163,207.4489028024573,0.0,0.0
34.050870848710396,100000000.0,-1.0,572.832912109403,188.56567446687285,1.0,1.0
34.050870848710396,100000000.0,-1.0,572.8605816644907,194.5301623310785,1.0,1.0
34.050870848710396,100000000.0,-1.0,572.915152037737,173.49098156755534,1.0,1.0
34.050870848710396,100000000.0,-1.0,504.98233689666216,160.60411678392367,2.0,2.0
34.050870848710396,100000000.0,641.4064584209563,641.4064584209564,208.16488098679724,0.0,0.0
34.050870848710396,100000000.0,-1.0,573.3628928548268,185.7368927138447,1.0,1.0
34.050870848710396,100000000.0,641.5201853085837,641.5201853085835,208.27860787442444,0.0,0.0
34.050870848710396,100000000.0,-1.0,573.4464911032217,190.46645835651952,1.0,1.0
34.050870848710396,100000000.0,641.8571242489899,641.8571242489897,208.61554681483074,0.0,0.0
34.050870848710396,100000000.0,641.8730223843212,641.8730223843212,208.63144495016215,0.0,0.0
34.050870848710396,100000000.0,-1.0,573.923280850997,187.23339431248655,1.0,1.0
34.050870848710396,100000000.0,-1.0,574.4083489194056,190.81579212668464,1.0,1.0
34.050870848710396,100000000.0,-1.0,574.4492220401341,194.131119284126,1.0,1.0
34.050870848710396,100000000.0,-1.0,574.4906367120111,188.59240823661588,1.0,1.0
34.050870848710396,100000000.0,-1.0,574.6533356220547,192.2264598996452,1.0,1.0
34.050870848710396,100000000.0,642.9575339292511,642.9575339292512,209.71595649509206,0.0,0.0
34.050870848710396,100000000.0,-1.0,574.8744153506179,190.216627464957,1.0,1.0
34.050870848710396,100000000.0,-1.0,506.79890113411017,170.7483793502891,2.0,2.0
34.050870848710396,100000000.0,-1.0,575.1365151480477,180.77103443446433,1.0,1.0
34.050870848710396,100000000.0,-1.0,575.4794252343994,196.94375057625706,1.0,1.0
34.050870848710396,100000000.0,643.6829164328865,643.6829164328866,210.44133899872764,0.0,0.0
34.050870848710396,100000000.0,643.9088826177782,643.908882617778,210.667305183619,0.0,0.0
34.050870848710396,100000000.0,-1.0,576.2012435184587,192.5884928378147,1.0,1.0
34.050870848710396,100000000.0,-1.0,576.3812915997808,193.29469894401714,1.0,1.0
34.050870848710396,100000000.0,644.6619524619426,644.6619524619425,211.4203750277835,0.0,0.0
34.050870848710396,100000000.0,-1.0,576.814170629003,185.38286320871572,1.0,1.0
34.050870848710396,100000000.0,-1.0,508.9921560239725,173.47600070713702,2.0,2.0
34.050870848710396,100000000.0,-1.0,509.12310821019133,172.4195750036824,2.0,2.0
34.050870848710396,100000000.0,645.969251884328,645.969251884328,212.72767445016888,0.0,0.0
34.050870848710396,100000000.0,-1.0,578.3229311123864,198.10151541063738,1.0,1.0
34.050870848710396,100000000.0,-1.0,578.5134399580803,199.5035192024421,1.0,1.0
34.050870848710396,100000000.0,-1.0,510.49465560787223,178.80796444194866,2.0,2.0
34.050870848710396,100000000.0,647.3816994812296,647.3816994812296,214.14012204707058,0.0,0.0
34.050870848710396,100000000.0,-1.0,579.856712631717,196.13770921199816,1.0,1.0
34.050870848710396,100000000.0,-1.0,580.9722562372978,197.84357531096234,1.0,1.0
34.050870848710396,100000000.0,-1.0,581.9771010512986,200.98700430178377,1.0,1.0
34.050870848710396,100000000.0,-1.0,582.8585783069354,200.66468910853368,1.0,1.0
34.050870848710396,100000000.0,-1.0,583.1189224506246,195.18933553710647,1.0,1.0
34.050870848710396,100000000.0,-1.0,584.5117323247501,200.73139408848925,1.0,1.0
34.050870848710396,100000000.0,655.3679210866553,655.3679210866553,222.12634365249625,0.0,0.0
34.050870848710396,100000000.0,655.5293510886968,655.5293510886968,222.28777365453777,0.0,0.0
34.050870848710396,100000000.0,656.1364593536322,656.1364593536322,222.89488191947322,0.0,0.0
34.17034758853043,100000000.0,625.3841976790712,625.3841976790712,192.1426202449122,0.0,0.0
34.17034758853043,100000000.0,-1.0,557.7964403254448,178.16648739837157,1.0,1.0
34.17034758853043,100000000.0,626.3203343078351,626.3203343078349,193.07875687367584,0.0,0.0
34.17034758853043,100000000.0,-1.0,559.7785102844595,175.12072239879848,1.0,1.0
34.17034758853043,100000000.0,628.2628863935238,628.2628863935238,195.02130895936466,0.0,0.0
34.17034758853043,100000000.0,628.6611990951433,628.6611990951433,195.41962166098415,0.0,0.0
34.17034758853043,100000000.0,628.6898813608743,628.6898813608743,195.4483039267153,0.0,0.0
34.17034758853043,100000000.0,-1.0,561.1689553580193,182.63328069987693,1.0,1.0
34.17034758853043,100000000.0,-1.0,561.4996038063463,173.47067482971354,1.0,1.0
34.17034758853043,100000000.0,629.865626200795,629.865626200795,196.62404876663598,0.0,0.0
34.17034758853043,100000000.0,629.8986671199566,629.8986671199567,196.65708968579762,0.0,0.0
34.17034758853043,100000000.0,630.5391836751727,630.5391836751728,197.29760624101374,0.0,0.0
34.17034758853043,100000000.0,-1.0,562.2480294872386,177.59024160157762,1.0,1.0
34.17034758853043,100000000.0,-1.0,562.2712794371022,183.1052023764142,1.0,1.0
34.17034758853043,100000000.0,630.8493876145818,630.8493876145818,197.60781018042277,0.0,0.0
34.17034758853043,100000000.0,-1.0,562.7034571719386,182.24988867841452,1.0,1.0
34.17034758853043,100000000.0,-1.0,562.7569841023552,175.5837519096399,1.0,1.0
34.17034758853043,100000000.0,631.1894492336824,631.1894492336824,197.94787179952323,0.0,0.0
34.17034758853043,100000000.0,631.2223271248348,631.2223271248348,197.9807496906757,0.0,0.0
34.17034758853043,100000000.0,631.3866448137956,631.3866448137954,198.1450673796364,0.0,0.0
34.17034758853043,100000000.0,-1.0,563.3030391573056,178.93429388809972,1.0,1.0
34.17034758853043,100000000.0,-1.0,563.341454094563,179.42394909899292,1.0,1.0
34.17034758853043,100000000.0,631.7413750359588,631.7413750359588,198.49979760179957,0.0,0.0
34.17034758853043,100000000.0,631.751107545054,631.7511075450541,198.5095301108949,0.0,0.0
34.17034758853043,100000000.0,-1.0,564.0472010221894,176.01827204555667,1.0,1.0
34.17034758853043,100000000.0,-1.0,564.2955224208266,178.38877067536757,1.0,1.0
34.17034758853043,100000000.0,632.6491301225095,632.6491301225095,199.40755268835045,0.0,0.0
34.17034758853043,100000000.0,632.7252254821075,632.7252254821075,199.4836480479485,0.0,0.0
34.17034758853043,100000000.0,-1.0,496.25976928426667,160.47481356355888,2.0,2.0
34.17034758853043,100000000.0,-1.0,564.7384311023394,186.28156514192932,1.0,1.0
34.17034758853043,100000000.0,-1.0,564.8428618199016,176.93550951525845,1.0,1.0
34.17034758853043,100000000.0,-1.0,564.9326639423167,177.2387808055903,1.0,1.0
34.17034758853043,100000000.0,633.2858591104255,633.2858591104256,200.04428167626642,0.0,0.0
34.17034758853043,100000000.0,-1.0,496.7876187589518,165.91328131965167,2.0,2.0
34.17034758853043,100000000.0,-1.0,565.1330249373722,179.86623761344734,1.0,1.0
34.17034758853043,100000000.0,-1.0,565.301524521635,179.67300983210762,1.0,1.0
34.17034758853043,100000000.0,-1.0,565.3713439764302,181.77878718370943,1.0,1.0
34.17034758853043,100000000.0,633.8203378849839,633.8203378849842,200.57876045082497,0.0,0.0
34.17034758853043,100000000.0,633.9620951677026,633.9620951677025,200.7205177335435,0.0,0.0
34.17034758853043,100000000.0,634.0867051119958,634.0867051119958,200.84512767783664,0.0,0.0
34.17034758853043,100000000.0,-1.0,566.02761746039,184.63592700298483,1.0,1.0
34.17034758853043,100000000.0,634.4296610130563,634.4296610130563,201.18808357889714,0.0,0.0
34.17034758853043,100000000.0,634.4994911167403,634.4994911167402,201.25791368258106,0.0,0.0
34.17034758853043,100000000.0,-1.0,566.1989664462953,181.5411785606344,1.0,1.0
34.17034758853043,100000000.0,-1.0,566.2229649363351,187.50142429509108,1.0,1.0
34.17034758853043,100000000.0,-1.0,566.2437549909042,183.08536438651677,1.0,1.0
34.17034758853043,100000000.0,-1.0,566.2785511099022,183.62752656158852,1.0,1.0
34.17034758853043,100000000.0,-1.0,566.4692509492977,179.7238600075628,1.0,1.0
34.17034758853043,100000000.0,634.9372295709273,634.9372295709272,201.69565213676822,0.0,0.0
34.17034758853043,100000000.0,-1.0,566.6555206308528,182.28677536164685,1.0,1.0
34.17034758853043,100000000.0,-1.0,567.0052702528376,179.8320380601222,1.0,1.0
34.17034758853043,100000000.0,635.6656299385535,635.6656299385533,202.42405250439427,0.0,0.0
34.17034758853043,100000000.0,-1.0,567.4657482482877,180.29251605557232,1.0,1.0
34.17034758853043,100000000.0,-1.0,567.5336433308038,186.21160041637916,1.0,1.0
34.17034758853043,100000000.0,-1.0,567.7556057567398,189.21993109859747,1.0,1.0
34.17034758853043,100000000.0,-1.0,567.9399944841955,179.91106550756263,1.0,1.0
34.17034758853043,100000000.0,636.2830312382376,636.2830312382376,203.0414538040785,0.0,0.0
34.17034758853043,100000000.0,-1.0,567.9428918416224,185.01359577220114,1.0,1.0
34.17034758853043,100000000.0,-1.0,568.1771072377287,180.14817826109586,1.0,1.0
34.17034758853043,100000000.0,-1.0,568.1894410390166,177.65967641286514,1.0,1.0
34.17034758853043,100000000.0,636.7044856724493,636.7044856724492,203.46290823829023,0.0,0.0
34.17034758853043,100000000.0,636.73821766836,636.73821766836,203.49664023420075,0.0,0.0
34.17034758853043,100000000.0,-1.0,568.4813207193145,180.59791828443093,1.0,1.0
34.17034758853043,100000000.0,-1.0,568.6443310360079,180.73697873136476,1.0,1.0
34.17034758853043,100000000.0,-1.0,568.8502769496954,187.38842065821206,1.0,1.0
34.17034758853043,100000000.0,-1.0,568.9669705610515,174.9225487692225,1.0,1.0
34.17034758853043,100000000.0,637.3080803183058,637.3080803183058,204.0665028841468,0.0,0.0
34.17034758853043,100000000.0,-1.0,500.7284805919336,164.9134389463098,2.0,2.0
34.17034758853043,100000000.0,-1.0,569.0981903538877,183.19143860842888,1.0,1.0
34.17034758853043,100000000.0,637.5514768508477,637.5514768508478,204.30989941668867,0.0,0.0
34.17034758853043,100000000.0,-1.0,569.4528134387984,188.99924494527437,1.0,1.0
34.17034758853043,100000000.0,-1.0,569.5710460647646,183.94253137523694,1.0,1.0
34.17034758853043,100000000.0,-1.0,569.6077724889002,182.19287011237375,1.0,1.0
34.17034758853043,100000000.0,-1.0,569.6883412595289,181.99090713778583,1.0,1.0
34.17034758853043,100000000.0,638.0496668387193,638.0496668387192,204.80808940456018,0.0,0.0
34.17034758853043,100000000.0,-1.0,570.2340691801464,183.9546932910963,1.0,1.0
34.17034758853043,100000000.0,-1.0,570.2442165236315,182.21528754699864,1.0,1.0
34.17034758853043,100000000.0,-1.0,570.2512712560657,182.02506731629583,1.0,1.0
34.17034758853043,100000000.0,638.7540564219557,638.7540564219557,205.51247898779667,0.0,0.0
34.17034758853043,100000000.0,-1.0,570.5737294925834,182.54480051595067,1.0,1.0
34.17034758853043,100000000.0,-1.0,570.5892172626504,187.9402827099128,1.0,1.0
34.17034758853043,100000000.0,-1.0,570.6224633953886,188.29486056326854,1.0,1.0
34.17034758853043,100000000.0,-1.0,570.646344335207,185.99958918271741,1.0,1.0
34.17034758853043,100000000.0,-1.0,570.8722951894534,186.46120464944627,1.0,1.0
34.17034758853043,100000000.0,-1.0,502.53629932631793,166.2216495446894,2.0,2.0
34.17034758853043,100000000.0,-1.0,570.9285953933542,189.46711534873472,1.0,1.0
34.17034758853043,100000000.0,639.368977261207,639.3689772612071,206.12739982704804,0.0,0.0
34.17034758853043,100000000.0,639.4351320193485,639.4351320193485,206.19355458518945,0.0,0.0
34.17034758853043,100000000.0,639.5200367383444,639.5200367383444,206.27845930418542,0.0,0.0
34.17034758853043,100000000.0,-1.0,571.1893808565425,185.5779004018548,1.0,1.0
34.17034758853043,100000000.0,-1.0,571.2335658811503,187.6107813854371,1.0,1.0
34.17034758853043,100000000.0,-1.0,571.3163660135223,186.86352402571447,1.0,1.0
34.17034758853043,100000000.0,-1.0,571.4027726374668,183.4954203328237,1.0,1.0
34.17034758853043,100000000.0,639.9071961451398,639.90719614514,206.66561871098082,0.0,0.0
34.17034758853043,100000000.0,-1.0,571.5693544514271,187.66221968696752,1.0,1.0
34.17034758853043,100000000.0,-1.0,571.6521016950567,187.139840351145,1.0,1.0
34.17034758853043,100000000.0,-1.0,572.2437832275128,189.08539262312544,1.0,1.0
34.17034758853043,100000000.0,-1.0,572.3418870285636,181.98178992393176,1.0,1.0
34.17034758853043,100000000.0,-1.0,572.3424687095463,188.19379332173355,1.0,1.0
34.17034758853043,100000000.0,-1.0,572.4476644285954,192.2262487268464,1.0,1.0
34.17034758853043,100000000.0,640.8351060308423,640.8351060308424,207.59352859668343,0.0,0.0
34.17034758853043,100000000.0,640.970108207926,640.9701082079262,207.72853077376703,0.0,0.0
34.17034758853043,100000000.0,-1.0,573.5718110214199,179.38186268784148,1.0,1.0
34.17034758853043,100000000.0,-1.0,573.6560195173417,193.86877000392622,1.0,1.0
34.17034758853043,100000000.0,642.4521429265126,642.4521429265125,209.21056549235345,0.0,0.0
34.17034758853043,100000000.0,-1.0,505.7918243098201,170.05646428840336,2.0,2.0
34.17034758853043,100000000.0,-1.0,574.9659874163639,194.55870573151302,1.0,1.0
34.17034758853043,100000000.0,-1.0,575.322914554861,191.4054095592911,1.0,1.0
34.17034758853043,100000000.0,-1.0,507.1070770322483,171.2810026534532,2.0,2.0
34.17034758853043,100000000.0,643.843375155114,643.8433751551141,210.601797720955,0.0,0.0
34.17034758853043,100000000.0,-1.0,575.6117894985509,192.96076495023752,1.0,1.0
34.17034758853043,100000000.0,-1.0,575.6682186585757,196.51251182899816,1.0,1.0
34.17034758853043,100000000.0,644.155121775821,644.155121775821,210.91354434166203,0.0,0.0
34.17034758853043,100000000.0,-1.0,575.9043727710902,182.65129344301545,1.0,1.0
34.17034758853043,100000000.0,-1.0,577.736813911933,189.70788493530011,1.0,1.0
34.17034758853043,100000000.0,-1.0,578.203806145063,192.99965561501045,1.0,1.0
34.17034758853043,100000000.0,-1.0,510.20613464316614,181.22557332947676,2.0,2.0
34.17034758853043,100000000.0,-1.0,578.5497819410933,190.4896156117778,1.0,1.0
34.17034758853043,100000000.0,-1.0,578.7224569614066,193.5183064313539,1.0,1.0
34.17034758853043,100000000.0,-1.0,579.2182363998752,190.2068678178554,1.0,1.0
34.17034758853043,100000000.0,647.9406830169272,647.9406830169271,214.69910558276806,0.0,0.0
34.17034758853043,100000000.0,-1.0,579.8412825686507,196.01458531861752,1.0,1.0
34.17034758853043,100000000.0,-1.0,581.104280008495,201.3170304950794,1.0,1.0
34.17034758853043,100000000.0,650.6646021204972,650.6646021204973,217.4230246863383,0.0,0.0
34.17034758853043,100000000.0,-1.0,583.2132716739117,200.66388050778815,1.0,1.0
34.17034758853043,100000000.0,652.8928829063545,652.8928829063545,219.65130547219547,0.0,0.0
34.17034758853043,100000000.0,653.8219646389147,653.8219646389146,220.58038720475554,0.0,0.0
34.17034758853043,100000000.0,656.610421416597,656.6104214165971,223.36884398243808,0.0,0.0
34.28982432835047,100000000.0,619.628836486461,619.628836486461,186.38725905230203,0.0,0.0
34.28982432835047,100000000.0,624.5268760260606,624.5268760260606,191.28529859190147,0.0,0.0
34.28982432835047,100000000.0,626.4810761375677,626.4810761375678,193.2394987034088,0.0,0.0
34.28982432835047,100000000.0,-1.0,558.0534445165389,173.39565663087802,1.0,1.0
34.28982432835047,100000000.0,627.1483488581047,627.1483488581047,193.90677142394554,0.0,0.0
34.28982432835047,100000000.0,-1.0,558.6346672147556,179.4685901540678,1.0,1.0
34.28982432835047,100000000.0,-1.0,558.7747714711157,170.86741916647242,1.0,1.0
34.28982432835047,100000000.0,627.3777202181213,627.3777202181215,194.13614278396224,0.0,0.0
34.28982432835047,100000000.0,-1.0,559.0676303710661,178.07002619283202,1.0,1.0
34.28982432835047,100000000.0,627.7404714302052,627.7404714302054,194.49889399604606,0.0,0.0
34.28982432835047,100000000.0,627.8899485106421,627.889948510642,194.648371076483,0.0,0.0
34.28982432835047,100000000.0,-1.0,560.2120791008819,172.183150124249,1.0,1.0
34.28982432835047,100000000.0,628.7993295980432,628.7993295980432,195.55775216388417,0.0,0.0
34.28982432835047,100000000.0,629.1319279003359,629.1319279003361,195.8903504661769,0.0,0.0
34.28982432835047,100000000.0,-1.0,560.8698646384615,177.0914418626389,1.0,1.0
34.28982432835047,100000000.0,-1.0,561.0528179449807,176.6714370830252,1.0,1.0
34.28982432835047,100000000.0,-1.0,561.0997285010677,177.9413378966803,1.0,1.0
34.28982432835047,100000000.0,-1.0,561.5963756417964,177.0841142978848,1.0,1.0
34.28982432835047,100000000.0,630.5666571328354,630.5666571328353,197.32507969867626,0.0,0.0
34.28982432835047,100000000.0,-1.0,562.088031485,179.10799873829785,1.0,1.0
34.28982432835047,100000000.0,-1.0,562.5397531429567,181.13769245444104,1.0,1.0
34.28982432835047,100000000.0,631.2428159258651,631.242815925865,198.00123849170592,0.0,0.0
34.28982432835047,100000000.0,631.3221293892457,631.3221293892456,198.0805519550865,0.0,0.0
34.28982432835047,100000000.0,631.4380958388331,631.4380958388332,198.196518404674,0.0,0.0
34.28982432835047,100000000.0,631.5637682252902,631.5637682252903,198.32219079113128,0.0,0.0
34.28982432835047,100000000.0,-1.0,562.9893121573465,181.0936659243936,1.0,1.0
34.28982432835047,100000000.0,-1.0,563.0774586653947,179.18295949368465,1.0,1.0
34.28982432835047,100000000.0,-1.0,563.1075251653369,182.7894224093288,1.0,1.0
34.28982432835047,100000000.0,631.6957660134043,631.6957660134042,198.4541885792452,0.0,0.0
34.28982432835047,100000000.0,632.0481986961317,632.0481986961319,198.80662126197274,0.0,0.0
34.28982432835047,100000000.0,-1.0,563.5238405428981,179.82070763039198,1.0,1.0
34.28982432835047,100000000.0,632.2051122059773,632.2051122059775,198.96353477181836,0.0,0.0
34.28982432835047,100000000.0,-1.0,563.7029071309428,176.55142780370988,1.0,1.0
34.28982432835047,100000000.0,632.3707370445038,632.370737044504,199.12915961034494,0.0,0.0
34.28982432835047,100000000.0,632.4155386806765,632.4155386806766,199.17396124651754,0.0,0.0
34.28982432835047,100000000.0,-1.0,564.0998572097502,185.769437876338,1.0,1.0
34.28982432835047,100000000.0,632.746645291068,632.7466452910681,199.50506785690897,0.0,0.0
34.28982432835047,100000000.0,-1.0,564.2928824905105,180.3983833188004,1.0,1.0
34.28982432835047,100000000.0,632.8726470766837,632.8726470766837,199.63106964252472,0.0,0.0
34.28982432835047,100000000.0,-1.0,564.353316547877,177.18008435516163,1.0,1.0
34.28982432835047,100000000.0,-1.0,564.4466052523376,176.2204013125678,1.0,1.0
34.28982432835047,100000000.0,-1.0,564.457978659902,179.80930804697422,1.0,1.0
34.28982432835047,100000000.0,633.4444516127068,633.4444516127071,200.2028741785478,0.0,0.0
34.28982432835047,100000000.0,-1.0,564.9219944997947,180.55324923058876,1.0,1.0
34.28982432835047,100000000.0,633.5445890411652,633.5445890411653,200.30301160700623,0.0,0.0
34.28982432835047,100000000.0,633.6178255652273,633.6178255652273,200.37624813106834,0.0,0.0
34.28982432835047,100000000.0,-1.0,565.0622827204414,184.7144203916945,1.0,1.0
34.28982432835047,100000000.0,-1.0,565.3147518915154,181.6579057876823,1.0,1.0
34.28982432835047,100000000.0,-1.0,565.3486935797206,175.90515241092416,1.0,1.0
34.28982432835047,100000000.0,-1.0,565.3702291619636,177.7318504284615,1.0,1.0
34.28982432835047,100000000.0,-1.0,565.3702291619635,177.7318504284615,1.0,1.0
34.28982432835047,100000000.0,-1.0,565.4446252078635,181.0758799386577,1.0,1.0
34.28982432835047,100000000.0,-1.0,565.5038714594752,180.32904282166706,1.0,1.0
34.28982432835047,100000000.0,-1.0,565.5777457983842,185.12417730486004,1.0,1.0
34.28982432835047,100000000.0,634.7077180216525,634.7077180216525,201.46614058749333,0.0,0.0
34.28982432835047,100000000.0,-1.0,566.3593233551724,182.11215475795586,1.0,1.0
34.28982432835047,100000000.0,634.9674132182904,634.9674132182906,201.7258357841315,0.0,0.0
34.28982432835047,100000000.0,635.218416154388,635.2184161543881,201.97683872022895,0.0,0.0
34.28982432835047,100000000.0,-1.0,566.655988654616,184.736887213953,1.0,1.0
34.28982432835047,100000000.0,-1.0,566.6831138810877,177.68345810058827,1.0,1.0
34.28982432835047,100000000.0,635.2930470731252,635.2930470731252,202.05146963896607,0.0,0.0
34.28982432835047,100000000.0,635.3424283352919,635.3424283352916,202.1008509011327,0.0,0.0
34.28982432835047,100000000.0,-1.0,566.9048077336538,183.31225094093293,1.0,1.0
34.28982432835047,100000000.0,635.5937597291402,635.5937597291402,202.3521822949812,0.0,0.0
34.28982432835047,100000000.0,-1.0,567.0344657690401,184.2976057602366,1.0,1.0
34.28982432835047,100000000.0,-1.0,567.3154258197393,185.85394577511985,1.0,1.0
34.28982432835047,100000000.0,635.9396004878485,635.9396004878483,202.69802305368947,0.0,0.0
34.28982432835047,100000000.0,-1.0,567.3769714862973,183.1097338437671,1.0,1.0
34.28982432835047,100000000.0,-1.0,498.9980830644236,163.18304141879995,2.0,2.0
34.28982432835047,100000000.0,-1.0,567.865517538138,180.34871547662559,1.0,1.0
34.28982432835047,100000000.0,-1.0,567.8916936856464,178.04143048172068,1.0,1.0
34.28982432835047,100000000.0,-1.0,567.9381637463464,184.1134541618505,1.0,1.0
34.28982432835047,100000000.0,-1.0,568.070618177819,184.15311318224897,1.0,1.0
34.28982432835047,100000000.0,-1.0,568.2870902750071,183.6293023893463,1.0,1.0
34.28982432835047,100000000.0,-1.0,568.6384926096899,178.35056247801384,1.0,1.0
34.28982432835047,100000000.0,-1.0,568.6752492052351,186.03459488803193,1.0,1.0
34.28982432835047,100000000.0,-1.0,568.6878896235918,182.351732548846,1.0,1.0
34.28982432835047,100000000.0,-1.0,568.8039769051738,187.28021470205945,1.0,1.0
34.28982432835047,100000000.0,637.4197615598823,637.4197615598824,204.17818412572322,0.0,0.0
34.28982432835047,100000000.0,-1.0,568.9507012143807,184.2929133287197,1.0,1.0
34.28982432835047,100000000.0,637.539968278451,637.5399682784512,204.298390844292,0.0,0.0
34.28982432835047,100000000.0,637.5410802913038,637.5410802913041,204.29950285714486,0.0,0.0
34.28982432835047,100000000.0,-1.0,569.0682026239947,185.90981201960727,1.0,1.0
34.28982432835047,100000000.0,637.7550883687483,637.7550883687483,204.51351093458914,0.0,0.0
34.28982432835047,100000000.0,-1.0,569.2570385332292,181.74023647171688,1.0,1.0
34.28982432835047,100000000.0,637.9007725974135,637.9007725974137,204.6591951632545,0.0,0.0
34.28982432835047,100000000.0,-1.0,569.3638003783163,181.72542164481436,1.0,1.0
34.28982432835047,100000000.0,-1.0,569.5288627169737,189.07529422344956,1.0,1.0
34.28982432835047,100000000.0,-1.0,569.5304190760862,183.62366733062737,1.0,1.0
34.28982432835047,100000000.0,-1.0,569.6343061803537,186.77585010564107,1.0,1.0
34.28982432835047,100000000.0,-1.0,501.136235992571,165.82552636935893,2.0,2.0
34.28982432835047,100000000.0,638.417703520048,638.417703520048,205.17612608588888,0.0,0.0
34.28982432835047,100000000.0,-1.0,569.8547149112234,182.68148271850794,1.0,1.0
34.28982432835047,100000000.0,-1.0,569.9079146352436,185.6607460380273,1.0,1.0
34.28982432835047,100000000.0,-1.0,569.9347672152771,182.78328788804447,1.0,1.0
34.28982432835047,100000000.0,638.6969618343626,638.6969618343628,205.45538440020357,0.0,0.0
34.28982432835047,100000000.0,-1.0,570.2108954338592,184.9972745489707,1.0,1.0
34.28982432835047,100000000.0,-1.0,570.467567575217,187.30917697082955,1.0,1.0
34.28982432835047,100000000.0,-1.0,570.6723972091456,180.17921175273938,1.0,1.0
34.28982432835047,100000000.0,639.380820728598,639.380820728598,206.13924329443893,0.0,0.0
34.28982432835047,100000000.0,-1.0,570.8059977792141,192.9989235629779,1.0,1.0
34.28982432835047,100000000.0,-1.0,502.2297230947277,157.4672747882654,2.0,2.0
34.28982432835047,100000000.0,-1.0,570.927288420697,183.01993611605366,1.0,1.0
34.28982432835047,100000000.0,639.5904556403738,639.5904556403738,206.3488782062146,0.0,0.0
34.28982432835047,100000000.0,-1.0,571.3080851893806,187.52774695311962,1.0,1.0
34.28982432835047,100000000.0,639.9702609193042,639.9702609193041,206.728683485145,0.0,0.0
34.28982432835047,100000000.0,-1.0,571.5701897029427,190.17849924553752,1.0,1.0
34.28982432835047,100000000.0,-1.0,503.0654748704627,167.75313604200937,2.0,2.0
34.28982432835047,100000000.0,-1.0,571.7387114961323,189.19843760274165,1.0,1.0
34.28982432835047,100000000.0,640.4551347675439,640.4551347675439,207.21355733338484,0.0,0.0
34.28982432835047,100000000.0,640.7322289355483,640.7322289355485,207.49065150138946,0.0,0.0
34.28982432835047,100000000.0,-1.0,572.1941737995319,184.67509753547395,1.0,1.0
34.28982432835047,100000000.0,-1.0,572.2610291243274,187.99379148179727,1.0,1.0
34.28982432835047,100000000.0,641.4771010433199,641.4771010433202,208.2355236091611,0.0,0.0
34.28982432835047,100000000.0,641.7767579446255,641.7767579446256,208.5351805104665,0.0,0.0
34.28982432835047,100000000.0,641.9897736692903,641.9897736692905,208.74819623513145,0.0,0.0
34.28982432835047,100000000.0,642.0562862500838,642.0562862500839,208.81470881592472,0.0,0.0
34.28982432835047,100000000.0,642.3984316484434,642.3984316484434,209.15685421428432,0.0,0.0
34.28982432835047,100000000.0,-1.0,574.049434073937,195.59256811352708,1.0,1.0
34.28982432835047,100000000.0,-1.0,505.63982836431285,168.76491048746502,2.0,2.0
34.28982432835047,100000000.0,643.2737977980084,643.2737977980087,210.03222036384943,0.0,0.0
34.28982432835047,100000000.0,-1.0,506.7041262707661,174.3710091188065,2.0,2.0
34.28982432835047,100000000.0,-1.0,506.76062379552224,174.28530847417568,2.0,2.0
34.28982432835047,100000000.0,644.0648266034157,644.0648266034158,210.82324916925674,0.0,0.0
34.28982432835047,100000000.0,644.3566006535103,644.3566006535102,211.1150232193512,0.0,0.0
34.28982432835047,100000000.0,-1.0,576.1926365811261,191.633450543853,1.0,1.0
34.28982432835047,100000000.0,647.1331369235138,647.1331369235137,213.89155948935473,0.0,0.0
34.28982432835047,100000000.0,-1.0,578.5903828854182,195.454296062731,1.0,1.0
34.40930106817051,100000000.0,625.1700003429792,625.1700003429793,191.92842290882015,0.0,0.0
34.40930106817051,100000000.0,627.869557900516,627.869557900516,194.62798046635686,0.0,0.0
34.40930106817051,100000000.0,628.5520126538989,628.5520126538988,195.31043521973976,0.0,0.0
34.40930106817051,100000000.0,-1.0,561.2729867237314,175.90091627321638,1.0,1.0
34.40930106817051,100000000.0,-1.0,562.3463327021436,176.97426225162872,1.0,1.0
34.40930106817051,100000000.0,-1.0,562.4140121583534,175.2407799656381,1.0,1.0
34.40930106817051,100000000.0,-1.0,563.0132547289885,178.35546684332752,1.0,1.0
34.40930106817051,100000000.0,631.9468786618379,631.9468786618378,198.7053012276787,0.0,0.0
34.40930106817051,100000000.0,-1.0,563.2968919463088,178.63910406064795,1.0,1.0
34.40930106817051,100000000.0,-1.0,563.3526253045451,178.6948374188842,1.0,1.0
34.40930106817051,100000000.0,632.2153470881534,632.2153470881536,198.97376965399445,0.0,0.0
34.40930106817051,100000000.0,632.3468762110347,632.3468762110347,199.10529877687563,0.0,0.0
34.40930106817051,100000000.0,632.69872952368,632.6987295236798,199.4571520895208,0.0,0.0
34.40930106817051,100000000.0,-1.0,563.9687696221962,179.31098173653527,1.0,1.0
34.40930106817051,100000000.0,633.3088404598267,633.3088404598268,200.06726302566756,0.0,0.0
34.40930106817051,100000000.0,-1.0,564.5577910379047,182.6621448049518,1.0,1.0
34.40930106817051,100000000.0,-1.0,564.6816731760357,181.02482707220273,1.0,1.0
34.40930106817051,100000000.0,-1.0,564.8429628642472,180.0103417286559,1.0,1.0
34.40930106817051,100000000.0,-1.0,565.335746648832,177.3068176721992,1.0,1.0
34.40930106817051,100000000.0,-1.0,565.6993307689377,177.6704017923049,1.0,1.0
34.40930106817051,100000000.0,-1.0,565.9055856167662,179.15167140496754,1.0,1.0
34.40930106817051,100000000.0,-1.0,566.0383867792708,178.84202503523733,1.0,1.0
34.40930106817051,100000000.0,-1.0,566.0856972107631,176.68514927910297,1.0,1.0
34.40930106817051,100000000.0,635.1530365965557,635.1530365965558,201.91145916239657,0.0,0.0
34.40930106817051,100000000.0,635.2682068586574,635.2682068586574,202.0266294244985,0.0,0.0
34.40930106817051,100000000.0,-1.0,566.6887952467846,183.57389483208564,1.0,1.0
34.40930106817051,100000000.0,-1.0,566.791201342663,184.98942925626497,1.0,1.0
34.40930106817051,100000000.0,635.617173250523,635.6171732505229,202.3755958163639,0.0,0.0
34.40930106817051,100000000.0,-1.0,566.930103779751,181.55803332923605,1.0,1.0
34.40930106817051,100000000.0,-1.0,566.953634494774,188.84175579385467,1.0,1.0
34.40930106817051,100000000.0,-1.0,567.0328401770846,182.37505229142369,1.0,1.0
34.40930106817051,100000000.0,636.0059695727783,636.0059695727783,202.7643921386192,0.0,0.0
34.40930106817051,100000000.0,-1.0,567.2406203736034,182.974591807432,1.0,1.0
34.40930106817051,100000000.0,636.2522331643216,636.2522331643216,203.01065573016257,0.0,0.0
34.40930106817051,100000000.0,-1.0,567.5653416580337,181.93682696850627,1.0,1.0
34.40930106817051,100000000.0,636.5921293404634,636.5921293404632,203.35055190630422,0.0,0.0
34.40930106817051,100000000.0,-1.0,568.1401231158883,183.6922534131275,1.0,1.0
34.40930106817051,100000000.0,-1.0,568.2757058206225,183.89432495866723,1.0,1.0
34.40930106817051,100000000.0,637.1464897306045,637.1464897306046,203.90491229644556,0.0,0.0
34.40930106817051,100000000.0,637.3789451587401,637.3789451587402,204.13736772458103,0.0,0.0
34.40930106817051,100000000.0,-1.0,568.5854077796638,189.45941062813804,1.0,1.0
34.40930106817051,100000000.0,-1.0,568.6360311379798,188.84878162456425,1.0,1.0
34.40930106817051,100000000.0,637.5517005442316,637.5517005442314,204.31012311007242,0.0,0.0
34.40930106817051,100000000.0,637.5714910697546,637.5714910697548,204.32991363559566,0.0,0.0
34.40930106817051,100000000.0,-1.0,568.7657391392894,185.10889303545642,1.0,1.0
34.40930106817051,100000000.0,637.6575296990187,637.6575296990187,204.4159522648596,0.0,0.0
34.40930106817051,100000000.0,-1.0,568.8685589897417,176.5100570057789,1.0,1.0
34.40930106817051,100000000.0,-1.0,569.4188061515338,185.15156850900357,1.0,1.0
34.40930106817051,100000000.0,638.6197962642833,638.6197962642833,205.37821883012433,0.0,0.0
34.40930106817051,100000000.0,-1.0,569.8382828387373,180.43773490707724,1.0,1.0
34.40930106817051,100000000.0,-1.0,569.966704927225,179.47351947081862,1.0,1.0
34.40930106817051,100000000.0,-1.0,569.9731432523154,188.6975291907977,1.0,1.0
34.40930106817051,100000000.0,-1.0,570.2083492217571,191.67267456361483,1.0,1.0
34.40930106817051,100000000.0,-1.0,570.2477118604387,186.65028511270944,1.0,1.0
34.40930106817051,100000000.0,639.116075590187,639.1160755901873,205.87449815602807,0.0,0.0
34.40930106817051,100000000.0,-1.0,570.3266573674877,185.9579120982818,1.0,1.0
34.40930106817051,100000000.0,-1.0,570.6548706265897,185.94382616298802,1.0,1.0
34.40930106817051,100000000.0,-1.0,570.8996841463904,187.0612740948369,1.0,1.0
34.40930106817051,100000000.0,-1.0,502.20753702915647,168.142392024917,2.0,2.0
34.40930106817051,100000000.0,-1.0,571.0787691193549,183.17141681471176,1.0,1.0
34.40930106817051,100000000.0,-1.0,571.1715328060193,182.42907049019433,1.0,1.0
34.40930106817051,100000000.0,-1.0,571.1802641157674,190.1901673662524,1.0,1.0
34.40930106817051,100000000.0,-1.0,571.2199648336815,186.9504529886058,1.0,1.0
34.40930106817051,100000000.0,-1.0,571.2374566813397,187.44639831276774,1.0,1.0
34.40930106817051,100000000.0,-1.0,571.2539200200144,190.8003515264905,1.0,1.0
34.40930106817051,100000000.0,640.2911817326424,640.2911817326425,207.0496042984834,0.0,0.0
34.40930106817051,100000000.0,-1.0,571.5320625213499,192.52214176571178,1.0,1.0
34.40930106817051,100000000.0,-1.0,571.5561906985653,193.22577136515318,1.0,1.0
34.40930106817051,100000000.0,-1.0,571.6164757402837,190.29443282585893,1.0,1.0
34.40930106817051,100000000.0,-1.0,503.20359202202394,166.0320898349699,2.0,2.0
34.40930106817051,100000000.0,640.8599652199521,640.859965219952,207.61838778579295,0.0,0.0
34.40930106817051,100000000.0,-1.0,572.1123773417373,188.39337392201847,1.0,1.0
34.40930106817051,100000000.0,-1.0,572.336615931905,176.79155940793783,1.0,1.0
34.40930106817051,100000000.0,-1.0,572.4699203623939,190.08694305534559,1.0,1.0
34.40930106817051,100000000.0,-1.0,572.6259449421324,182.60772968332566,1.0,1.0
34.40930106817051,100000000.0,-1.0,572.838317488201,185.86783418906168,1.0,1.0
34.40930106817051,100000000.0,641.6936135293514,641.6936135293515,208.4520360951925,0.0,0.0
34.40930106817051,100000000.0,-1.0,572.8788374895614,189.15791860940422,1.0,1.0
34.40930106817051,100000000.0,-1.0,504.099678348383,168.54095528723144,2.0,2.0
34.40930106817051,100000000.0,-1.0,573.0853730260641,189.9492862033768,1.0,1.0
34.40930106817051,100000000.0,641.9938524794488,641.993852479449,208.7522750452899,0.0,0.0
34.40930106817051,100000000.0,-1.0,573.6461153433925,189.27737007418656,1.0,1.0
34.40930106817051,100000000.0,-1.0,573.6971646905052,187.79041294504648,1.0,1.0
34.40930106817051,100000000.0,-1.0,573.703715515465,186.18691345395268,1.0,1.0
34.40930106817051,100000000.0,-1.0,573.7668259593545,193.7237681152908,1.0,1.0
34.40930106817051,100000000.0,-1.0,573.8517214310631,191.6132975277857,1.0,1.0
34.40930106817051,100000000.0,-1.0,505.04096692848077,164.53581498321486,2.0,2.0
34.40930106817051,100000000.0,-1.0,575.2050770845551,191.28757208898512,1.0,1.0
34.40930106817051,100000000.0,-1.0,575.2412497697062,190.44785410229565,1.0,1.0
34.40930106817051,100000000.0,-1.0,575.2572869387744,190.59949905311365,1.0,1.0
34.40930106817051,100000000.0,-1.0,575.3969574945293,184.4627363580961,1.0,1.0
34.40930106817051,100000000.0,644.575354248277,644.5753542482771,211.33377681411795,0.0,0.0
34.40930106817051,100000000.0,-1.0,576.5572252237521,186.9820069317708,1.0,1.0
34.40930106817051,100000000.0,-1.0,576.6826078671977,187.53272498505783,1.0,1.0
34.40930106817051,100000000.0,645.6967440969153,645.6967440969154,212.45516666275626,0.0,0.0
34.40930106817051,100000000.0,646.3956737381193,646.3956737381195,213.1540963039604,0.0,0.0
34.40930106817051,100000000.0,646.5061152407227,646.5061152407229,213.26453780656374,0.0,0.0
34.40930106817051,100000000.0,-1.0,577.8498462045847,189.82091722795192,1.0,1.0
34.40930106817051,100000000.0,-1.0,578.1222075295202,184.07778573769113,1.0,1.0
34.40930106817051,100000000.0,-1.0,578.1552966203471,190.0951302910317,1.0,1.0
34.40930106817051,100000000.0,647.0562682236528,647.0562682236529,213.81469078949382,0.0,0.0
34.40930106817051,100000000.0,-1.0,509.6651031252875,179.05544036682141,2.0,2.0
34.40930106817051,100000000.0,-1.0,578.5502454161713,190.9403614065766,1.0,1.0
34.40930106817051,100000000.0,-1.0,509.9732754360919,165.69098155228014,2.0,2.0
34.40930106817051,100000000.0,-1.0,578.9796948434459,195.89437897015358,1.0,1.0
34.40930106817051,100000000.0,648.1315294539164,648.1315294539164,214.88995201975743,0.0,0.0
34.40930106817051,100000000.0,-1.0,579.5959414301249,196.1249613093935,1.0,1.0
34.40930106817051,100000000.0,648.547178872355,648.5471788723548,215.3056014381957,0.0,0.0
34.40930106817051,100000000.0,-1.0,511.75219256516357,173.51599764131848,2.0,2.0
34.40930106817051,100000000.0,649.4073321110758,649.407332111076,216.1657546769168,0.0,0.0
34.40930106817051,100000000.0,-1.0,580.6578477220044,196.3308144765065,1.0,1.0
34.40930106817051,100000000.0,-1.0,580.8094564404525,190.30704867229932,1.0,1.0
34.40930106817051,100000000.0,-1.0,580.895142331877,189.3826817308648,1.0,1.0
34.40930106817051,100000000.0,650.0350170391326,650.0350170391324,216.7934396049734,0.0,0.0
34.40930106817051,100000000.0,650.7153691069357,650.7153691069358,217.47379167277668,0.0,0.0
34.40930106817051,100000000.0,-1.0,581.9584590494856,192.81740694583775,1.0,1.0
34.40930106817051,100000000.0,-1.0,582.0795512963015,198.99295864053798,1.0,1.0
34.40930106817051,100000000.0,-1.0,513.2751402861636,175.76573436779074,2.0,2.0
34.40930106817051,100000000.0,651.1135401228124,651.1135401228123,217.87196268865335,0.0,0.0
34.40930106817051,100000000.0,-1.0,582.907988515943,202.4544200224188,1.0,1.0
34.40930106817051,100000000.0,-1.0,583.368782530152,199.54407294565604,1.0,1.0
34.40930106817051,100000000.0,-1.0,584.0481278688437,201.66515056179554,1.0,1.0
34.40930106817051,100000000.0,-1.0,584.6524338248697,191.89465214148552,1.0,1.0
34.40930106817051,100000000.0,-1.0,585.3221803956146,198.67510622777968,1.0,1.0
34.40930106817051,100000000.0,-1.0,585.9567090866316,202.81209899388068,1.0,1.0
34.40930106817051,100000000.0,654.7805816936186,654.7805816936186,221.5390042594595,0.0,0.0
34.40930106817051,100000000.0,659.5617356905022,659.5617356905022,226.32015825634318,0.0,0.0
34.40930106817051,100000000.0,662.8765290259893,662.8765290259893,229.6349515918301,0.0,0.0
34.528777807990544,100000000.0,624.7233276300905,624.7233276300906,191.48175019593148,0.0,0.0
34.528777807990544,100000000.0,-1.0,556.5714411850655,174.6757949521126,1.0,1.0
34.528777807990544,100000000.0,626.3763977950983,626.3763977950986,193.13482036093947,0.0,0.0
34.528777807990544,100000000.0,626.4443713948243,626.4443713948244,193.2027939606653,0.0,0.0
34.528777807990544,100000000.0,626.5728493991286,626.5728493991286,193.33127196496952,0.0,0.0
34.528777807990544,100000000.0,626.6408229988544,626.6408229988544,193.39924556469538,0.0,0.0
34.528777807990544,100000000.0,626.649136693839,626.6491366938391,193.40755925968,0.0,0.0
34.528777807990544,100000000.0,-1.0,557.7964403254449,178.16648739837157,1.0,1.0
34.528777807990544,100000000.0,-1.0,558.2689617510592,173.6111738653983,1.0,1.0
34.528777807990544,100000000.0,-1.0,558.7021275754245,176.80648134247156,1.0,1.0
34.528777807990544,100000000.0,627.7809927101425,627.7809927101426,194.5394152759835,0.0,0.0
34.528777807990544,100000000.0,-1.0,558.7255170807198,174.80801208514973,1.0,1.0
34.528777807990544,100000000.0,-1.0,558.74458271121,174.82707771563997,1.0,1.0
34.528777807990544,100000000.0,628.2535326307477,628.2535326307477,195.01195519658864,0.0,0.0
34.528777807990544,100000000.0,628.2841812961482,628.2841812961482,195.04260386198914,0.0,0.0
34.528777807990544,100000000.0,-1.0,559.5422247006039,175.88537859677075,1.0,1.0
34.528777807990544,100000000.0,628.6365967607461,628.636596760746,195.39501932658703,0.0,0.0
34.528777807990544,100000000.0,628.7553686620538,628.7553686620539,195.5137912278948,0.0,0.0
34.528777807990544,100000000.0,-1.0,559.759444653969,175.10165676830823,1.0,1.0
34.528777807990544,100000000.0,628.8801659013835,628.8801659013835,195.63858846722445,0.0,0.0
34.528777807990544,100000000.0,-1.0,560.0156274968518,171.98669852021894,1.0,1.0
34.528777807990544,100000000.0,-1.0,560.0324490310613,177.05241628435928,1.0,1.0
34.528777807990544,100000000.0,629.1046817789231,629.1046817789231,195.86310434476417,0.0,0.0
34.528777807990544,100000000.0,-1.0,560.0515146615518,177.07148191484953,1.0,1.0
34.528777807990544,100000000.0,629.3462276183312,629.3462276183312,196.10465018417204,0.0,0.0
34.528777807990544,100000000.0,-1.0,560.3393238203097,179.8159657395714,1.0,1.0
34.528777807990544,100000000.0,-1.0,560.6233110241135,172.71595871947042,1.0,1.0
34.528777807990544,100000000.0,-1.0,560.8384386720012,182.3027640138588,1.0,1.0
34.528777807990544,100000000.0,-1.0,560.8384386720012,182.30276401385882,1.0,1.0
34.528777807990544,100000000.0,-1.0,560.8794711583589,179.6038570968412,1.0,1.0
34.528777807990544,100000000.0,629.9839301582575,629.9839301582576,196.74235272409848,0.0,0.0
34.528777807990544,100000000.0,629.9914754421025,629.9914754421025,196.7498980079433,0.0,0.0
34.528777807990544,100000000.0,630.0729519219453,630.0729519219453,196.83137448778638,0.0,0.0
34.528777807990544,100000000.0,-1.0,561.3654069620493,182.82973230390698,1.0,1.0
34.528777807990544,100000000.0,-1.0,561.5208154161203,181.11353373126937,1.0,1.0
34.528777807990544,100000000.0,-1.0,561.5335036869577,179.63785745400477,1.0,1.0
34.528777807990544,100000000.0,630.6747730716247,630.6747730716246,197.4331956374656,0.0,0.0
34.528777807990544,100000000.0,-1.0,561.6600663619047,180.19858631728522,1.0,1.0
34.528777807990544,100000000.0,630.7435979525925,630.7435979525925,197.5020205184335,0.0,0.0
34.528777807990544,100000000.0,-1.0,561.88323268034,173.85430370370722,1.0,1.0
34.528777807990544,100000000.0,630.9597302102876,630.9597302102878,197.7181527761287,0.0,0.0
34.528777807990544,100000000.0,630.9719931197542,630.9719931197542,197.7304156855952,0.0,0.0
34.528777807990544,100000000.0,631.2871088122561,631.287108812256,198.04553137809683,0.0,0.0
34.528777807990544,100000000.0,-1.0,562.245503993632,174.21657501699923,1.0,1.0
34.528777807990544,100000000.0,631.304248699903,631.304248699903,198.06267126574411,0.0,0.0
34.528777807990544,100000000.0,631.3402473309324,631.3402473309326,198.09866989677354,0.0,0.0
34.528777807990544,100000000.0,631.3593129614229,631.3593129614229,198.1177355272638,0.0,0.0
34.528777807990544,100000000.0,-1.0,562.3322978494264,175.15906565671114,1.0,1.0
34.528777807990544,100000000.0,-1.0,562.4103980613401,180.5147518283871,1.0,1.0
34.528777807990544,100000000.0,-1.0,562.5604713486556,177.38564271084732,1.0,1.0
34.528777807990544,100000000.0,-1.0,562.60684966537,180.71120343241716,1.0,1.0
34.528777807990544,100000000.0,-1.0,562.6827380429704,178.02495015730938,1.0,1.0
34.528777807990544,100000000.0,631.8175570033196,631.8175570033196,198.5759795691606,0.0,0.0
34.528777807990544,100000000.0,-1.0,562.7739821814456,180.87833594849275,1.0,1.0
34.528777807990544,100000000.0,-1.0,562.7766640860543,180.88101785310147,1.0,1.0
34.528777807990544,100000000.0,-1.0,562.7787673803707,180.5407226124022,1.0,1.0
34.528777807990544,100000000.0,631.8999645287723,631.8999645287724,198.65838709461332,0.0,0.0
34.528777807990544,100000000.0,-1.0,562.8516428170626,181.4599523596573,1.0,1.0
34.528777807990544,100000000.0,631.947484032541,631.947484032541,198.70590659838186,0.0,0.0
34.528777807990544,100000000.0,632.0135815873322,632.013581587332,198.77200415317296,0.0,0.0
34.528777807990544,100000000.0,-1.0,563.0512728828166,182.82985718106758,1.0,1.0
34.528777807990544,100000000.0,632.1286167345157,632.1286167345157,198.88703930035663,0.0,0.0
34.528777807990544,100000000.0,-1.0,563.1082375290473,179.1907325334773,1.0,1.0
34.528777807990544,100000000.0,632.1807575086794,632.1807575086794,198.93918007452038,0.0,0.0
34.528777807990544,100000000.0,632.1855250707165,632.1855250707165,198.9439476365573,0.0,0.0
34.528777807990544,100000000.0,632.2306993791673,632.2306993791672,198.98912194500807,0.0,0.0
34.528777807990544,100000000.0,632.2377902348566,632.2377902348568,198.99621280069758,0.0,0.0
34.528777807990544,100000000.0,632.3186134364912,632.3186134364913,199.07703600233225,0.0,0.0
34.528777807990544,100000000.0,632.3559373211078,632.355937321108,199.11435988694885,0.0,0.0
34.528777807990544,100000000.0,-1.0,563.3526253045451,178.69483741888422,1.0,1.0
34.528777807990544,100000000.0,-1.0,563.3716428544686,175.4642905498254,1.0,1.0
34.528777807990544,100000000.0,-1.0,563.4305905221223,178.7728026364613,1.0,1.0
34.528777807990544,100000000.0,632.5053082883735,632.5053082883736,199.26373085421451,0.0,0.0
34.528777807990544,100000000.0,-1.0,563.4605432910689,178.80275540540805,1.0,1.0
34.528777807990544,100000000.0,632.5358032405906,632.5358032405907,199.29422580643154,0.0,0.0
34.528777807990544,100000000.0,-1.0,563.495020146354,179.60052097464393,1.0,1.0
34.528777807990544,100000000.0,-1.0,563.5393315995727,183.75208208615717,1.0,1.0
34.528777807990544,100000000.0,-1.0,563.7774019413157,179.11961405565467,1.0,1.0
34.528777807990544,100000000.0,633.1390730852354,633.1390730852355,199.89749565107655,0.0,0.0
34.528777807990544,100000000.0,633.2078307094472,633.2078307094473,199.96625327528812,0.0,0.0
34.528777807990544,100000000.0,-1.0,564.3005103196306,179.64272243396977,1.0,1.0
34.528777807990544,100000000.0,-1.0,564.3023667195124,176.2734377428796,1.0,1.0
34.528777807990544,100000000.0,-1.0,564.356316037322,179.69852815166118,1.0,1.0
34.528777807990544,100000000.0,633.4985002563508,633.4985002563508,200.2569228221918,0.0,0.0
34.528777807990544,100000000.0,-1.0,564.4470210877139,176.53966878307082,1.0,1.0
34.528777807990544,100000000.0,-1.0,564.5115499479921,175.51189416749278,1.0,1.0
34.528777807990544,100000000.0,-1.0,564.5157917912481,180.92323499852728,1.0,1.0
34.528777807990544,100000000.0,-1.0,564.5435336448404,177.42148927940596,1.0,1.0
34.528777807990544,100000000.0,-1.0,564.5751674816275,179.91737959596662,1.0,1.0
34.528777807990544,100000000.0,633.633503099655,633.633503099655,200.39192566549588,0.0,0.0
34.528777807990544,100000000.0,633.7120634857014,633.7120634857015,200.47048605154228,0.0,0.0
34.528777807990544,100000000.0,633.7120634857015,633.7120634857015,200.4704860515423,0.0,0.0
34.528777807990544,100000000.0,-1.0,564.6962008053009,177.52296861258571,1.0,1.0
34.528777807990544,100000000.0,-1.0,564.7551818380273,185.58910477733923,1.0,1.0
34.528777807990544,100000000.0,633.9218315555152,633.921831555515,200.68025412135614,0.0,0.0
34.528777807990544,100000000.0,633.9408971860053,633.9408971860055,200.69931975184636,0.0,0.0
34.528777807990544,100000000.0,-1.0,564.9168165037034,177.7435843109881,1.0,1.0
34.528777807990544,100000000.0,634.2858190646633,634.2858190646632,201.04424163050425,0.0,0.0
34.528777807990544,100000000.0,634.5995260020283,634.599526002028,201.35794856786907,0.0,0.0
34.528777807990544,100000000.0,634.612273295956,634.6122732959559,201.37069586179692,0.0,0.0
34.528777807990544,100000000.0,-1.0,565.5736128875797,182.5935801408774,1.0,1.0
34.528777807990544,100000000.0,-1.0,565.6046112819469,177.69725897730373,1.0,1.0
34.528777807990544,100000000.0,634.8110792701111,634.8110792701112,201.56950183595208,0.0,0.0
34.528777807990544,100000000.0,634.8577165698879,634.8577165698879,201.6161391357289,0.0,0.0
34.528777807990544,100000000.0,634.8853405398187,634.8853405398187,201.64376310565956,0.0,0.0
34.528777807990544,100000000.0,-1.0,565.8299739072385,181.56273626470826,1.0,1.0
34.528777807990544,100000000.0,635.0520748467006,635.0520748467005,201.8104974125416,0.0,0.0
34.528777807990544,100000000.0,635.2250758133714,635.2250758133713,201.9834983792123,0.0,0.0
34.528777807990544,100000000.0,-1.0,566.3238118342873,184.93212137688212,1.0,1.0
34.528777807990544,100000000.0,-1.0,566.3516151674103,177.35195938691112,1.0,1.0
34.528777807990544,100000000.0,635.4623215041673,635.4623215041673,202.2207440700083,0.0,0.0
34.528777807990544,100000000.0,-1.0,566.4221923474863,184.5030909068234,1.0,1.0
34.528777807990544,100000000.0,-1.0,566.7025196622013,182.04473177654043,1.0,1.0
34.528777807990544,100000000.0,-1.0,566.7076888882061,182.0499010025452,1.0,1.0
34.528777807990544,100000000.0,-1.0,566.7155333941863,183.58685246785092,1.0,1.0
34.528777807990544,100000000.0,-1.0,566.7233507487442,178.69442177211144,1.0,1.0
34.528777807990544,100000000.0,635.8121945740616,635.8121945740617,202.57061713990262,0.0,0.0
34.528777807990544,100000000.0,-1.0,566.8696517323617,179.69641953964634,1.0,1.0
34.528777807990544,100000000.0,635.9817026183185,635.9817026183185,202.7401251841594,0.0,0.0
34.528777807990544,100000000.0,-1.0,567.0492615716925,188.59239561128237,1.0,1.0
34.528777807990544,100000000.0,-1.0,567.2084849906972,182.55069710503622,1.0,1.0
34.528777807990544,100000000.0,-1.0,567.3985456136382,182.74075772797727,1.0,1.0
34.528777807990544,100000000.0,636.8820358353943,636.8820358353944,203.64045840123518,0.0,0.0
34.528777807990544,100000000.0,636.8833879873055,636.8833879873055,203.64181055314637,0.0,0.0
34.528777807990544,100000000.0,637.0005057147586,637.0005057147587,203.75892828059963,0.0,0.0
34.528777807990544,100000000.0,637.0649013923678,637.0649013923677,203.8233239582086,0.0,0.0
34.528777807990544,100000000.0,637.1262696526757,637.1262696526757,203.88469221851656,0.0,0.0
34.528777807990544,100000000.0,637.3006287973433,637.3006287973434,204.05905136318435,0.0,0.0
34.64825454781058,100000000.0,630.2616769547674,630.2616769547675,197.02009952060848,0.0,0.0
34.64825454781058,100000000.0,630.3219921281204,630.3219921281205,197.08041469396142,0.0,0.0
34.64825454781058,100000000.0,630.6529360105518,630.6529360105517,197.41135857639273,0.0,0.0
34.64825454781058,100000000.0,630.6577393837545,630.6577393837546,197.4161619495954,0.0,0.0
34.64825454781058,100000000.0,631.1062018733023,631.1062018733023,197.8646244391434,0.0,0.0
34.64825454781058,100000000.0,631.9691523880848,631.9691523880847,198.72757495392574,0.0,0.0
34.64825454781058,100000000.0,632.6786036075725,632.6786036075725,199.43702617341344,0.0,0.0
34.64825454781058,100000000.0,633.9314760110442,633.9314760110442,200.68989857688513,0.0,0.0
34.64825454781058,100000000.0,-1.0,564.8836974221877,181.1944535752076,1.0,1.0
34.64825454781058,100000000.0,634.3247585568652,634.3247585568652,201.08318112270624,0.0,0.0
34.64825454781058,100000000.0,634.4862729302328,634.4862729302329,201.24469549607366,0.0,0.0
34.64825454781058,100000000.0,635.3139799172232,635.3139799172233,202.07240248306405,0.0,0.0
34.64825454781058,100000000.0,635.6024287346218,635.6024287346219,202.3608513004629,0.0,0.0
34.64825454781058,100000000.0,635.7959418877217,635.7959418877219,202.5543644535627,0.0,0.0
34.64825454781058,100000000.0,636.7186693711722,636.7186693711722,203.47709193701297,0.0,0.0
34.64825454781058,100000000.0,636.7195185440444,636.7195185440444,203.47794110988522,0.0,0.0
34.64825454781058,100000000.0,-1.0,567.5766472328337,181.66989548737467,1.0,1.0
34.64825454781058,100000000.0,-1.0,567.6662930645457,180.51481373731292,1.0,1.0
34.64825454781058,100000000.0,-1.0,567.9213437485043,184.81496660386898,1.0,1.0
34.64825454781058,100000000.0,-1.0,567.9626094641607,177.46942400775453,1.0,1.0
34.64825454781058,100000000.0,637.2932643184981,637.293264318498,204.051686884339,0.0,0.0
34.64825454781058,100000000.0,-1.0,568.0168420659936,188.86113523641615,1.0,1.0
34.64825454781058,100000000.0,637.4154242749044,637.4154242749042,204.17384684074534,0.0,0.0
34.64825454781058,100000000.0,-1.0,568.3197009172334,185.92760633745212,1.0,1.0
34.64825454781058,100000000.0,637.6329869804077,637.6329869804078,204.39140954624887,0.0,0.0
34.64825454781058,100000000.0,-1.0,568.7259440986278,178.2258891505281,1.0,1.0
34.64825454781058,100000000.0,638.320073154859,638.3200731548592,205.07849572070015,0.0,0.0
34.64825454781058,100000000.0,638.3246282420539,638.324628242054,205.08305080789484,0.0,0.0
34.64825454781058,100000000.0,-1.0,569.0422129698312,178.19635808791884,1.0,1.0
34.64825454781058,100000000.0,-1.0,569.1518478367916,186.03694742209262,1.0,1.0
34.64825454781058,100000000.0,638.6444384726869,638.644438472687,205.40286103852804,0.0,0.0
34.64825454781058,100000000.0,-1.0,569.5198686016971,182.54938530255777,1.0,1.0
34.64825454781058,100000000.0,638.8720091305569,638.8720091305568,205.63043169639786,0.0,0.0
34.64825454781058,100000000.0,-1.0,569.5966541982052,184.91663170366934,1.0,1.0
34.64825454781058,100000000.0,-1.0,569.9309517062201,182.41567460391587,1.0,1.0
34.64825454781058,100000000.0,-1.0,570.0338818648189,186.4224079666462,1.0,1.0
34.64825454781058,100000000.0,639.391992258691,639.3919922586911,206.150414824532,0.0,0.0
34.64825454781058,100000000.0,-1.0,570.4779772944223,187.21430356344473,1.0,1.0
34.64825454781058,100000000.0,-1.0,570.492826117858,184.0350923711228,1.0,1.0
34.64825454781058,100000000.0,-1.0,570.5091785006927,185.73597672120508,1.0,1.0
34.64825454781058,100000000.0,-1.0,570.5468484904168,180.17523970600013,1.0,1.0
34.64825454781058,100000000.0,639.9300295049035,639.9300295049035,206.68845207074432,0.0,0.0
34.64825454781058,100000000.0,640.2391721868054,640.2391721868055,206.9975947526464,0.0,0.0
34.64825454781058,100000000.0,-1.0,570.9487392102598,186.68150156772955,1.0,1.0
34.64825454781058,100000000.0,-1.0,571.133808484292,187.5039839934158,1.0,1.0
34.64825454781058,100000000.0,640.5266719744571,640.526671974457,207.28509454029796,0.0,0.0
34.64825454781058,100000000.0,640.5562407001829,640.5562407001829,207.31466326602384,0.0,0.0
34.64825454781058,100000000.0,-1.0,571.2739405859094,180.54266937496263,1.0,1.0
34.64825454781058,100000000.0,-1.0,502.0911728631958,162.4640385228201,2.0,2.0
34.64825454781058,100000000.0,640.6998140409834,640.6998140409834,207.45823660682427,0.0,0.0
34.64825454781058,100000000.0,-1.0,571.4038105157789,181.0247859948218,1.0,1.0
34.64825454781058,100000000.0,640.8586757521607,640.8586757521607,207.61709831800167,0.0,0.0
34.64825454781058,100000000.0,641.0545622192494,641.0545622192494,207.81298478509035,0.0,0.0
34.64825454781058,100000000.0,641.0666291875818,641.066629187582,207.82505175342283,0.0,0.0
34.64825454781058,100000000.0,641.1303569757739,641.1303569757739,207.88877954161495,0.0,0.0
34.64825454781058,100000000.0,641.1474927547808,641.147492754781,207.90591532062186,0.0,0.0
34.64825454781058,100000000.0,-1.0,571.8956458103163,178.09624771986867,1.0,1.0
34.64825454781058,100000000.0,641.350481343041,641.350481343041,208.10890390888198,0.0,0.0
34.64825454781058,100000000.0,641.4201626872923,641.4201626872923,208.1785852531332,0.0,0.0
34.64825454781058,100000000.0,641.4261120660601,641.4261120660601,208.18453463190102,0.0,0.0
34.64825454781058,100000000.0,-1.0,572.316669374498,181.93956031397934,1.0,1.0
34.64825454781058,100000000.0,-1.0,572.7118439438367,190.24642374080076,1.0,1.0
34.64825454781058,100000000.0,-1.0,572.9073503207196,189.4931513856841,1.0,1.0
34.64825454781058,100000000.0,-1.0,572.9377903428987,187.30927565337132,1.0,1.0
34.64825454781058,100000000.0,-1.0,573.0090941963925,186.5736642313571,1.0,1.0
34.64825454781058,100000000.0,-1.0,573.268266651486,173.5577573234143,1.0,1.0
34.64825454781058,100000000.0,642.6316850469198,642.6316850469198,209.39010761276063,0.0,0.0
34.64825454781058,100000000.0,642.690546819266,642.690546819266,209.44896938510715,0.0,0.0
34.64825454781058,100000000.0,-1.0,573.4800229439247,193.25860724217569,1.0,1.0
34.64825454781058,100000000.0,643.0731593016744,643.0731593016743,209.8315818675154,0.0,0.0
34.64825454781058,100000000.0,-1.0,573.9496083081242,187.49187456138867,1.0,1.0
34.64825454781058,100000000.0,-1.0,574.1955189660116,190.3708093815157,1.0,1.0
34.64825454781058,100000000.0,-1.0,574.4229854837198,191.49368941429844,1.0,1.0
34.64825454781058,100000000.0,-1.0,574.4259027001704,180.060421986587,1.0,1.0
34.64825454781058,100000000.0,643.8351880738205,643.8351880738203,210.59361063966128,0.0,0.0
34.64825454781058,100000000.0,-1.0,574.8537948292976,186.97039239441415,1.0,1.0
34.64825454781058,100000000.0,644.409538982086,644.4095389820861,211.16796154792715,0.0,0.0
34.64825454781058,100000000.0,644.4199426352278,644.4199426352279,211.17836520106883,0.0,0.0
34.64825454781058,100000000.0,-1.0,575.1978143728047,186.70276539900001,1.0,1.0
34.64825454781058,100000000.0,-1.0,575.2714443512127,190.09661571340453,1.0,1.0
34.64825454781058,100000000.0,-1.0,575.3467448498111,187.46334241492752,1.0,1.0
34.64825454781058,100000000.0,644.9154656310668,644.9154656310669,211.67388819690777,0.0,0.0
34.64825454781058,100000000.0,-1.0,575.6352147386365,190.46038610082823,1.0,1.0
34.64825454781058,100000000.0,-1.0,575.8322402865582,192.11132140640103,1.0,1.0
34.64825454781058,100000000.0,-1.0,575.8937386443845,195.48645695953354,1.0,1.0
34.64825454781058,100000000.0,645.9386781529236,645.9386781529237,212.69710071876455,0.0,0.0
34.64825454781058,100000000.0,-1.0,576.8273649772569,191.65253633944877,1.0,1.0
34.64825454781058,100000000.0,646.1537246941524,646.1537246941527,212.9121472599935,0.0,0.0
34.64825454781058,100000000.0,646.7425079662147,646.7425079662149,213.50093053205575,0.0,0.0
34.64825454781058,100000000.0,646.8800017073676,646.8800017073677,213.63842427320856,0.0,0.0
34.64825454781058,100000000.0,647.1055842274104,647.1055842274104,213.86400679325138,0.0,0.0
34.64825454781058,100000000.0,647.504011494586,647.5040114945858,214.26243406042687,0.0,0.0
34.64825454781058,100000000.0,-1.0,508.98037031832223,177.5617195913707,2.0,2.0
34.64825454781058,100000000.0,-1.0,578.457838027174,194.6331284426783,1.0,1.0
34.64825454781058,100000000.0,647.7783458092506,647.7783458092505,214.53676837509147,0.0,0.0
34.64825454781058,100000000.0,-1.0,578.551351045085,189.6732719365753,1.0,1.0
34.64825454781058,100000000.0,-1.0,578.5724994361068,192.4289316599693,1.0,1.0
34.64825454781058,100000000.0,647.9817991868722,647.9817991868723,214.74022175271335,0.0,0.0
34.64825454781058,100000000.0,-1.0,578.8693928480354,190.47575804628354,1.0,1.0
34.64825454781058,100000000.0,-1.0,509.6029222146049,170.18608230399332,2.0,2.0
34.64825454781058,100000000.0,-1.0,509.7512709280837,174.01419000924693,2.0,2.0
34.64825454781058,100000000.0,-1.0,579.071284705276,182.91352109022708,1.0,1.0
34.64825454781058,100000000.0,-1.0,579.0924256136379,195.7736801660993,1.0,1.0
34.64825454781058,100000000.0,-1.0,579.2460795639502,195.71987165238298,1.0,1.0
34.64825454781058,100000000.0,648.5457169777344,648.5457169777346,215.30413954357542,0.0,0.0
34.64825454781058,100000000.0,648.5855397219211,648.585539721921,215.343962287762,0.0,0.0
34.64825454781058,100000000.0,649.2633896987963,649.2633896987965,216.02181226463748,0.0,0.0
34.64825454781058,100000000.0,-1.0,580.9362462204032,189.5049388001158,1.0,1.0
34.64825454781058,100000000.0,650.9500254061886,650.9500254061885,217.70844797202943,0.0,0.0
34.64825454781058,100000000.0,-1.0,582.1286295012811,196.23040102588575,1.0,1.0
34.64825454781058,100000000.0,-1.0,582.1808685587057,199.54021424150255,1.0,1.0
34.64825454781058,100000000.0,652.4829397255231,652.4829397255231,219.241362291364,0.0,0.0
34.64825454781058,100000000.0,-1.0,583.6205036474295,199.05662461202814,1.0,1.0
34.64825454781058,100000000.0,-1.0,583.9820067430026,198.74492909712973,1.0,1.0
34.64825454781058,100000000.0,-1.0,584.3694764763093,200.39591993429124,1.0,1.0
34.64825454781058,100000000.0,655.8981362983353,655.8981362983355,222.6565588641764,0.0,0.0
34.64825454781058,100000000.0,-1.0,586.8169383137133,196.80813283360106,1.0,1.0
34.64825454781058,100000000.0,656.8519477050265,656.8519477050266,223.61037027086766,0.0,0.0
34.64825454781058,100000000.0,-1.0,587.6402112508395,203.07633221543824,1.0,1.0
34.64825454781058,100000000.0,-1.0,587.815623485071,201.7547314948585,1.0,1.0
34.64825454781058,100000000.0,-1.0,449.5461875137065,155.67702521697856,3.0,3.0
34.64825454781058,100000000.0,657.5976172790744,657.5976172790744,224.35603984491524,0.0,0.0
34.64825454781058,100000000.0,-1.0,589.1236398241377,201.58887766994482,1.0,1.0
34.64825454781058,100000000.0,659.4074135224877,659.4074135224877,226.16583608832866,0.0,0.0
34.64825454781058,100000000.0,660.0512647026663,660.0512647026663,226.80968726850728,0.0,0.0
34.64825454781058,100000000.0,-1.0,590.7692885662511,201.77667278091477,1.0,1.0
34.64825454781058,100000000.0,665.6164090026357,665.6164090026356,232.37483156847657,0.0,0.0
34.64825454781058,100000000.0,665.8966472013541,665.8966472013541,232.65506976719487,0.0,0.0
34.76773128763062,100000000.0,627.4012449072609,627.401244907261,194.1596674731019,0.0,0.0
34.76773128763062,100000000.0,-1.0,560.6139525097443,181.44787544905626,1.0,1.0
34.76773128763062,100000000.0,-1.0,561.1088651362926,179.71717467888732,1.0,1.0
34.76773128763062,100000000.0,-1.0,561.8601341071004,177.5210985159464,1.0,1.0
34.76773128763062,100000000.0,632.6412382471959,632.641238247196,199.3996608130369,0.0,0.0
34.76773128763062,100000000.0,-1.0,563.2408317985934,181.84914134118813,1.0,1.0
34.76773128763062,100000000.0,632.7830226062847,632.7830226062849,199.5414451721258,0.0,0.0
34.76773128763062,100000000.0,632.8324286979409,632.8324286979408,199.59085126378176,0.0,0.0
34.76773128763062,100000000.0,-1.0,564.4873204801955,179.31249184238723,1.0,1.0
34.76773128763062,100000000.0,634.1069836046838,634.1069836046837,200.8654061705246,0.0,0.0
34.76773128763062,100000000.0,-1.0,564.8326359923407,176.92528368769746,1.0,1.0
34.76773128763062,100000000.0,635.2118012400989,635.2118012400989,201.97022380593995,0.0,0.0
34.76773128763062,100000000.0,635.38740910026,635.3874091002601,202.145831666101,0.0,0.0
34.76773128763062,100000000.0,-1.0,566.3690720181888,183.4397759487676,1.0,1.0
34.76773128763062,100000000.0,636.0025829997978,636.0025829997978,202.76100556563887,0.0,0.0
34.76773128763062,100000000.0,636.298603515495,636.2986035154952,203.05702608133598,0.0,0.0
34.76773128763062,100000000.0,636.6487901194042,636.6487901194043,203.40721268524524,0.0,0.0
34.76773128763062,100000000.0,637.2182885662259,637.218288566226,203.97671113206687,0.0,0.0
34.76773128763062,100000000.0,637.2446600953767,637.2446600953766,204.00308266121766,0.0,0.0
34.76773128763062,100000000.0,637.4756461008362,637.4756461008365,204.23406866667727,0.0,0.0
34.76773128763062,100000000.0,-1.0,568.0963006610345,181.63132042670665,1.0,1.0
34.76773128763062,100000000.0,637.9222208848238,637.9222208848239,204.68064345066472,0.0,0.0
34.76773128763062,100000000.0,-1.0,569.0160059041575,186.9847518894549,1.0,1.0
34.76773128763062,100000000.0,638.6397156618164,638.6397156618164,205.39813822765723,0.0,0.0
34.76773128763062,100000000.0,-1.0,569.2753858511035,185.68282905838274,1.0,1.0
34.76773128763062,100000000.0,-1.0,569.3164702812228,185.92592688506025,1.0,1.0
34.76773128763062,100000000.0,-1.0,569.3659054955787,183.34391439143076,1.0,1.0
34.76773128763062,100000000.0,639.1773524659382,639.1773524659382,205.9357750317791,0.0,0.0
34.76773128763062,100000000.0,639.2011261581068,639.2011261581067,205.9595487239476,0.0,0.0
34.76773128763062,100000000.0,639.3521318834186,639.3521318834187,206.11055444925952,0.0,0.0
34.76773128763062,100000000.0,-1.0,569.8274079064124,184.04866611524437,1.0,1.0
34.76773128763062,100000000.0,639.457010881343,639.4570108813429,206.21543344718373,0.0,0.0
34.76773128763062,100000000.0,639.6532387702936,639.6532387702935,206.41166133613436,0.0,0.0
34.76773128763062,100000000.0,-1.0,570.2668622752453,178.7530371290762,1.0,1.0
34.76773128763062,100000000.0,639.845753206754,639.845753206754,206.60417577259489,0.0,0.0
34.76773128763062,100000000.0,-1.0,570.3340596427072,184.5152146242421,1.0,1.0
34.76773128763062,100000000.0,639.8695259682837,639.8695259682837,206.62794853412467,0.0,0.0
34.76773128763062,100000000.0,639.9648098375384,639.9648098375382,206.72323240337923,0.0,0.0
34.76773128763062,100000000.0,-1.0,570.5588424111056,190.33742670935658,1.0,1.0
34.76773128763062,100000000.0,640.2226547876036,640.2226547876037,206.98107735344453,0.0,0.0
34.76773128763062,100000000.0,641.2409334995418,641.2409334995418,207.99935606538273,0.0,0.0
34.76773128763062,100000000.0,-1.0,571.7987328351074,190.61229770243233,1.0,1.0
34.76773128763062,100000000.0,641.4783605530816,641.4783605530818,208.23678311892274,0.0,0.0
34.76773128763062,100000000.0,-1.0,572.0140753668035,182.208244525523,1.0,1.0
34.76773128763062,100000000.0,-1.0,572.0963060127289,186.18955426727007,1.0,1.0
34.76773128763062,100000000.0,641.9118785246852,641.9118785246852,208.67030109052612,0.0,0.0
34.76773128763062,100000000.0,-1.0,572.4391249720127,181.58866969027278,1.0,1.0
34.76773128763062,100000000.0,642.1521753559292,642.1521753559294,208.91059792177015,0.0,0.0
34.76773128763062,100000000.0,642.1706506187911,642.1706506187911,208.92907318463213,0.0,0.0
34.76773128763062,100000000.0,-1.0,572.7540252145008,189.14295352030805,1.0,1.0
34.76773128763062,100000000.0,-1.0,572.7600546549379,182.5045222664088,1.0,1.0
34.76773128763062,100000000.0,-1.0,572.8266588911681,181.31419829015596,1.0,1.0
34.76773128763062,100000000.0,642.4909232424408,642.4909232424411,209.24934580828182,0.0,0.0
34.76773128763062,100000000.0,642.5077934040686,642.5077934040687,209.26621596990952,0.0,0.0
34.76773128763062,100000000.0,-1.0,573.3270270542669,191.91580521099962,1.0,1.0
34.76773128763062,100000000.0,-1.0,573.3705864128913,185.67315229114806,1.0,1.0
34.76773128763062,100000000.0,642.9309258383852,642.9309258383853,209.68934840422634,0.0,0.0
34.76773128763062,100000000.0,-1.0,573.6409551630869,188.87812361470992,1.0,1.0
34.76773128763062,100000000.0,643.2487387288527,643.2487387288528,210.00716129469373,0.0,0.0
34.76773128763062,100000000.0,-1.0,573.8375873185221,182.06017583304893,1.0,1.0
34.76773128763062,100000000.0,-1.0,573.8635523259616,190.8267383935638,1.0,1.0
34.76773128763062,100000000.0,643.7436303885074,643.7436303885075,210.50205295434841,0.0,0.0
34.76773128763062,100000000.0,643.8110111868659,643.8110111868658,210.56943375270686,0.0,0.0
34.76773128763062,100000000.0,-1.0,504.7749166077371,166.88234089991226,2.0,2.0
34.76773128763062,100000000.0,-1.0,574.5138753766413,187.34064318392598,1.0,1.0
34.76773128763062,100000000.0,-1.0,574.5655736870194,179.18696351979492,1.0,1.0
34.76773128763062,100000000.0,644.1175978667272,644.1175978667274,210.87602043256817,0.0,0.0
34.76773128763062,100000000.0,-1.0,574.9116697256322,194.50438804078144,1.0,1.0
34.76773128763062,100000000.0,644.9154175812893,644.9154175812893,211.67384014713014,0.0,0.0
34.76773128763062,100000000.0,-1.0,575.3815204153113,193.10853627289342,1.0,1.0
34.76773128763062,100000000.0,645.0526554973102,645.0526554973103,211.8110780631511,0.0,0.0
34.76773128763062,100000000.0,-1.0,575.5769296245929,182.7725721756341,1.0,1.0
34.76773128763062,100000000.0,-1.0,575.632569258462,190.4577406206539,1.0,1.0
34.76773128763062,100000000.0,645.2124316150027,645.2124316150026,211.97085418084365,0.0,0.0
34.76773128763062,100000000.0,645.3561479798207,645.3561479798207,212.11457054566162,0.0,0.0
34.76773128763062,100000000.0,-1.0,575.8818551410591,192.72346453667163,1.0,1.0
34.76773128763062,100000000.0,-1.0,575.9533849878494,189.79558577078885,1.0,1.0
34.76773128763062,100000000.0,-1.0,576.1019085570289,184.31643898631347,1.0,1.0
34.76773128763062,100000000.0,-1.0,576.3011963281792,184.96709358485253,1.0,1.0
34.76773128763062,100000000.0,645.9814026761906,645.9814026761904,212.7398252420315,0.0,0.0
34.76773128763062,100000000.0,-1.0,576.4767511050887,193.96069645383665,1.0,1.0
34.76773128763062,100000000.0,-1.0,576.485439670942,190.46344856679414,1.0,1.0
34.76773128763062,100000000.0,-1.0,576.8159257319081,198.2104614865515,1.0,1.0
34.76773128763062,100000000.0,-1.0,576.8268773390528,193.91864254097442,1.0,1.0
34.76773128763062,100000000.0,-1.0,576.8422125197034,192.43112197969612,1.0,1.0
34.76773128763062,100000000.0,-1.0,576.9055534222394,193.07885617220626,1.0,1.0
34.76773128763062,100000000.0,-1.0,507.3996156249127,171.4715316248773,2.0,2.0
34.76773128763062,100000000.0,646.4896133249222,646.4896133249223,213.24803589076322,0.0,0.0
34.76773128763062,100000000.0,646.6460595621604,646.6460595621605,213.40448212800138,0.0,0.0
34.76773128763062,100000000.0,-1.0,577.3203260255922,196.04471196407454,1.0,1.0
34.76773128763062,100000000.0,-1.0,508.0325681987059,180.69656019190157,2.0,2.0
34.76773128763062,100000000.0,-1.0,577.6503373550397,196.35831565117795,1.0,1.0
34.76773128763062,100000000.0,647.2655287190793,647.2655287190793,214.0239512849202,0.0,0.0
34.76773128763062,100000000.0,-1.0,577.8099888553179,195.02844489741915,1.0,1.0
34.76773128763062,100000000.0,647.4995479659458,647.4995479659458,214.25797053178678,0.0,0.0
34.76773128763062,100000000.0,-1.0,578.1793105532977,190.6625084917852,1.0,1.0
34.76773128763062,100000000.0,-1.0,578.2215291826412,190.2845935958298,1.0,1.0
34.76773128763062,100000000.0,-1.0,509.04529988931455,173.30821897047772,2.0,2.0
34.76773128763062,100000000.0,-1.0,578.6831290083737,187.68598777641978,1.0,1.0
34.76773128763062,100000000.0,648.2929544343964,648.2929544343965,215.05137700023732,0.0,0.0
34.76773128763062,100000000.0,-1.0,578.8529951315244,198.44571344667364,1.0,1.0
34.76773128763062,100000000.0,-1.0,578.906117852528,195.79974070789277,1.0,1.0
34.76773128763062,100000000.0,-1.0,578.9927474892781,199.95311705558817,1.0,1.0
34.76773128763062,100000000.0,-1.0,579.0103418133538,182.83817068038476,1.0,1.0
34.76773128763062,100000000.0,-1.0,579.1060028059884,195.97732187965295,1.0,1.0
34.76773128763062,100000000.0,648.920366275794,648.920366275794,215.6787888416349,0.0,0.0
34.76773128763062,100000000.0,648.9419932087001,648.9419932087,215.70041577454091,0.0,0.0
34.76773128763062,100000000.0,649.214024418974,649.2140244189742,215.97244698481504,0.0,0.0
34.76773128763062,100000000.0,649.2350541185161,649.2350541185162,215.99347668435706,0.0,0.0
34.76773128763062,100000000.0,-1.0,579.7604865569059,192.24368449539344,1.0,1.0
34.76773128763062,100000000.0,650.6947514209917,650.6947514209915,217.45317398683244,0.0,0.0
34.76773128763062,100000000.0,650.770847574939,650.7708475749389,217.52927014077986,0.0,0.0
34.76773128763062,100000000.0,651.5955138004457,651.5955138004456,218.3539363662865,0.0,0.0
34.76773128763062,100000000.0,-1.0,583.1822809887865,192.33182570704662,1.0,1.0
34.76773128763062,100000000.0,653.0432791026458,653.0432791026458,219.8017016684867,0.0,0.0
34.76773128763062,100000000.0,653.1162834124032,653.116283412403,219.87470597824404,0.0,0.0
34.76773128763062,100000000.0,653.2661402361164,653.2661402361165,220.0245628019575,0.0,0.0
34.76773128763062,100000000.0,-1.0,583.8891361102928,195.5647103771892,1.0,1.0
34.76773128763062,100000000.0,653.8270478598821,653.8270478598821,220.5854704257232,0.0,0.0
34.76773128763062,100000000.0,654.7055745354409,654.7055745354409,221.46399710128193,0.0,0.0
34.76773128763062,100000000.0,656.559670433133,656.559670433133,223.31809299897375,0.0,0.0
34.76773128763062,100000000.0,-1.0,588.2570697303247,202.35031798486568,1.0,1.0
34.76773128763062,100000000.0,-1.0,588.2602434823816,207.28051696397713,1.0,1.0
34.76773128763062,100000000.0,-1.0,588.8210851458875,185.64653119423963,1.0,1.0
34.76773128763062,100000000.0,-1.0,588.9270292265866,186.41207772736803,1.0,1.0
34.76773128763062,100000000.0,660.1752343133717,660.1752343133716,226.93365687921252,0.0,0.0
34.76773128763062,100000000.0,662.1664332054388,662.1664332054387,228.92485577127974,0.0,0.0
34.76773128763062,100000000.0,662.944807868559,662.944807868559,229.7032304343999,0.0,0.0
34.887208027450654,100000000.0,-1.0,555.8206295223612,176.65455246167323,1.0,1.0
34.887208027450654,100000000.0,633.2130830553593,633.2130830553593,199.97150562120038,0.0,0.0
34.887208027450654,100000000.0,634.5226646410919,634.5226646410918,201.2810872069327,0.0,0.0
34.887208027450654,100000000.0,636.1852864492766,636.1852864492765,202.9437090151175,0.0,0.0
34.887208027450654,100000000.0,636.2504204822834,636.2504204822835,203.0088430481244,0.0,0.0
34.887208027450654,100000000.0,636.544558940778,636.5445589407782,203.302981506619,0.0,0.0
34.887208027450654,100000000.0,-1.0,567.0203118715056,181.33237782587412,1.0,1.0
34.887208027450654,100000000.0,-1.0,568.3220357194633,184.48695590385694,1.0,1.0
34.887208027450654,100000000.0,-1.0,568.3337289097759,187.33612473154184,1.0,1.0
34.887208027450654,100000000.0,-1.0,568.3850601768862,183.82748395323927,1.0,1.0
34.887208027450654,100000000.0,-1.0,568.5806556995631,182.14522573452777,1.0,1.0
34.887208027450654,100000000.0,639.0602959662017,639.0602959662015,205.81871853204262,0.0,0.0
34.887208027450654,100000000.0,-1.0,569.3106642674649,181.40331196282185,1.0,1.0
34.887208027450654,100000000.0,-1.0,569.5660082378727,183.6592564924138,1.0,1.0
34.887208027450654,100000000.0,639.7990548115625,639.7990548115625,206.5574773774035,0.0,0.0
34.887208027450654,100000000.0,639.8730750766711,639.8730750766713,206.63149764251213,0.0,0.0
34.887208027450654,100000000.0,-1.0,570.2304343157873,188.95482025426963,1.0,1.0
34.887208027450654,100000000.0,-1.0,571.3505464798478,189.45490024689497,1.0,1.0
34.887208027450654,100000000.0,641.2456797601646,641.2456797601645,208.00410232600552,0.0,0.0
34.887208027450654,100000000.0,-1.0,571.6464453448932,187.08886912124606,1.0,1.0
34.887208027450654,100000000.0,641.44627381025,641.44627381025,208.20469637609096,0.0,0.0
34.887208027450654,100000000.0,641.4725191580114,641.4725191580112,208.23094172385225,0.0,0.0
34.887208027450654,100000000.0,641.6170481442754,641.6170481442755,208.37547071011647,0.0,0.0
34.887208027450654,100000000.0,641.8466640861014,641.8466640861014,208.60508665194234,0.0,0.0
34.887208027450654,100000000.0,-1.0,572.2220375005799,190.30293605991696,1.0,1.0
34.887208027450654,100000000.0,642.1450600395817,642.1450600395818,208.90348260542274,0.0,0.0
34.887208027450654,100000000.0,642.5259149101748,642.525914910175,209.2843374760159,0.0,0.0
34.887208027450654,100000000.0,642.5484706526348,642.5484706526347,209.30689321847566,0.0,0.0
34.887208027450654,100000000.0,642.7071225990843,642.7071225990844,209.4655451649253,0.0,0.0
34.887208027450654,100000000.0,-1.0,572.9839321270393,182.06008122171656,1.0,1.0
34.887208027450654,100000000.0,642.7864880655502,642.7864880655501,209.54491063139116,0.0,0.0
34.887208027450654,100000000.0,-1.0,573.2430706080905,192.83578892323968,1.0,1.0
34.887208027450654,100000000.0,643.1168597148874,643.1168597148875,209.8752822807283,0.0,0.0
34.887208027450654,100000000.0,643.197454083918,643.1974540839179,209.9558766497589,0.0,0.0
34.887208027450654,100000000.0,643.3024157009293,643.3024157009293,210.06083826677028,0.0,0.0
34.887208027450654,100000000.0,643.7818176195779,643.7818176195779,210.54024018541867,0.0,0.0
34.887208027450654,100000000.0,-1.0,504.4232266719141,168.2531480100804,2.0,2.0
34.887208027450654,100000000.0,-1.0,574.2923005399028,190.46759095540705,1.0,1.0
34.887208027450654,100000000.0,644.3476043303688,644.3476043303689,211.10602689620978,0.0,0.0
34.887208027450654,100000000.0,-1.0,574.5791147196859,193.392679587011,1.0,1.0
34.887208027450654,100000000.0,-1.0,574.5941983508953,188.68278336653287,1.0,1.0
34.887208027450654,100000000.0,-1.0,574.7276473220154,187.7216793524686,1.0,1.0
34.887208027450654,100000000.0,644.6211383355432,644.6211383355432,211.37956090138414,0.0,0.0
34.887208027450654,100000000.0,-1.0,574.9334392381471,182.31596291693737,1.0,1.0
34.887208027450654,100000000.0,-1.0,575.0135198217085,196.06306831686118,1.0,1.0
34.887208027450654,100000000.0,-1.0,575.067357662743,190.78145380692058,1.0,1.0
34.887208027450654,100000000.0,-1.0,575.125358661123,190.79870166248887,1.0,1.0
34.887208027450654,100000000.0,644.9059251320193,644.9059251320194,211.66434769786034,0.0,0.0
34.887208027450654,100000000.0,644.9687952082046,644.9687952082047,211.7272177740456,0.0,0.0
34.887208027450654,100000000.0,-1.0,575.3726795788333,191.95848064379757,1.0,1.0
34.887208027450654,100000000.0,645.2767155564511,645.2767155564511,212.035138122292,0.0,0.0
34.887208027450654,100000000.0,-1.0,575.5666197545038,195.34520405275487,1.0,1.0
34.887208027450654,100000000.0,645.4146117118346,645.4146117118346,212.17303427767558,0.0,0.0
34.887208027450654,100000000.0,-1.0,505.8769480171386,170.69702403082803,2.0,2.0
34.887208027450654,100000000.0,645.4807589527082,645.4807589527082,212.2391815185492,0.0,0.0
34.887208027450654,100000000.0,645.5735850973755,645.5735850973757,212.3320076632166,0.0,0.0
34.887208027450654,100000000.0,645.741243652436,645.7412436524361,212.49966621827696,0.0,0.0
34.887208027450654,100000000.0,645.8227222637938,645.8227222637938,212.58114482963487,0.0,0.0
34.887208027450654,100000000.0,645.9533405619429,645.953340561943,212.71176312778374,0.0,0.0
34.887208027450654,100000000.0,646.0378788460688,646.0378788460687,212.79630141190964,0.0,0.0
34.887208027450654,100000000.0,-1.0,576.4036742903656,194.41603622086586,1.0,1.0
34.887208027450654,100000000.0,-1.0,576.4260371903868,188.36587086107122,1.0,1.0
34.887208027450654,100000000.0,646.279696314337,646.2796963143369,213.03811888017782,0.0,0.0
34.887208027450654,100000000.0,646.3176821830949,646.3176821830949,213.07610474893588,0.0,0.0
34.887208027450654,100000000.0,646.3220182892231,646.3220182892233,213.08044085506413,0.0,0.0
34.887208027450654,100000000.0,646.5192051870439,646.5192051870441,213.27762775288497,0.0,0.0
34.887208027450654,100000000.0,646.5347492789793,646.5347492789796,213.2931718448205,0.0,0.0
34.887208027450654,100000000.0,646.5775853759174,646.5775853759172,213.33600794175828,0.0,0.0
34.887208027450654,100000000.0,-1.0,577.4988823053732,184.68420004560505,1.0,1.0
34.887208027450654,100000000.0,647.4337239832028,647.4337239832029,214.19214654904388,0.0,0.0
34.887208027450654,100000000.0,-1.0,577.7258425507476,194.6392498949841,1.0,1.0
34.887208027450654,100000000.0,647.7772622829409,647.7772622829407,214.5356848487818,0.0,0.0
34.887208027450654,100000000.0,-1.0,578.342451679651,187.96534261913234,1.0,1.0
34.887208027450654,100000000.0,-1.0,578.4842309523054,196.01881074926948,1.0,1.0
34.887208027450654,100000000.0,648.2905144994659,648.2905144994661,215.0489370653069,0.0,0.0
34.887208027450654,100000000.0,-1.0,578.6729013575303,185.1418589652717,1.0,1.0
34.887208027450654,100000000.0,648.5600809090929,648.560080909093,215.31850347493395,0.0,0.0
34.887208027450654,100000000.0,648.646243885092,648.6462438850921,215.40466645093298,0.0,0.0
34.887208027450654,100000000.0,-1.0,579.1433753754216,190.47070264681113,1.0,1.0
34.887208027450654,100000000.0,-1.0,579.474841460188,193.45285035604007,1.0,1.0
34.887208027450654,100000000.0,649.4277792994171,649.4277792994172,216.18620186525828,0.0,0.0
34.887208027450654,100000000.0,-1.0,579.8474573979428,196.88845165046956,1.0,1.0
34.887208027450654,100000000.0,-1.0,510.0784880119695,170.9641032239978,2.0,2.0
34.887208027450654,100000000.0,-1.0,579.8643441655018,196.08592138967916,1.0,1.0
34.887208027450654,100000000.0,-1.0,580.1832341786851,194.49530013305383,1.0,1.0
34.887208027450654,100000000.0,650.3638566886688,650.3638566886688,217.1222792545096,0.0,0.0
34.887208027450654,100000000.0,650.5321370626953,650.5321370626951,217.29055962853602,0.0,0.0
34.887208027450654,100000000.0,650.6941286569008,650.6941286569008,217.4525512227419,0.0,0.0
34.887208027450654,100000000.0,-1.0,580.9778982826474,196.50319817608863,1.0,1.0
34.887208027450654,100000000.0,650.8348006100028,650.8348006100028,217.59322317584378,0.0,0.0
34.887208027450654,100000000.0,-1.0,511.2921300624891,166.38458333961376,2.0,2.0
34.887208027450654,100000000.0,-1.0,581.0716598949134,199.66959920639795,1.0,1.0
34.887208027450654,100000000.0,-1.0,581.0787726519195,192.55946182519634,1.0,1.0
34.887208027450654,100000000.0,-1.0,581.1621225234298,198.74943553832975,1.0,1.0
34.887208027450654,100000000.0,-1.0,581.3877615964951,197.77668990230245,1.0,1.0
34.887208027450654,100000000.0,651.2232475100575,651.2232475100576,217.98167007589853,0.0,0.0
34.887208027450654,100000000.0,-1.0,582.0457416442543,197.39898649176484,1.0,1.0
34.887208027450654,100000000.0,-1.0,582.5275493607021,176.44527324972034,1.0,1.0
34.887208027450654,100000000.0,-1.0,582.9996409565347,195.18418114781866,1.0,1.0
34.887208027450654,100000000.0,-1.0,583.2702003079127,190.75866871051167,1.0,1.0
34.887208027450654,100000000.0,653.809600080364,653.8096000803638,220.56802264620487,0.0,0.0
34.887208027450654,100000000.0,-1.0,584.227819621852,199.0141987369637,1.0,1.0
34.887208027450654,100000000.0,-1.0,584.4422105441388,201.14958828109283,1.0,1.0
34.887208027450654,100000000.0,-1.0,584.5852970068688,195.58564122636946,1.0,1.0
34.887208027450654,100000000.0,-1.0,584.5872414789803,196.61059740853005,1.0,1.0
34.887208027450654,100000000.0,654.7074338606128,654.7074338606128,221.4658564264537,0.0,0.0
34.887208027450654,100000000.0,-1.0,515.2662823970028,165.43866383005908,2.0,2.0
34.887208027450654,100000000.0,655.1519917189006,655.1519917189006,221.9104142847415,0.0,0.0
34.887208027450654,100000000.0,-1.0,586.1906556647208,202.7764567296851,1.0,1.0
34.887208027450654,100000000.0,656.0228727849267,656.0228727849267,222.78129535076758,0.0,0.0
34.887208027450654,100000000.0,-1.0,586.7982465595725,200.88683157521012,1.0,1.0
34.887208027450654,100000000.0,-1.0,587.782759037088,200.638978290751,1.0,1.0
34.887208027450654,100000000.0,-1.0,588.1568266370666,197.66112175068523,1.0,1.0
34.887208027450654,100000000.0,657.95893368574,657.9589336857402,224.71735625158112,0.0,0.0
34.887208027450654,100000000.0,658.9346142461335,658.9346142461336,225.6930368119746,0.0,0.0
34.887208027450654,100000000.0,-1.0,592.329143205861,203.46445588627878,1.0,1.0
34.887208027450654,100000000.0,662.1335924928903,662.1335924928904,228.8920150587315,0.0,0.0
34.887208027450654,100000000.0,-1.0,592.6629115901151,208.15065024620347,1.0,1.0
34.887208027450654,100000000.0,-1.0,453.24421459230115,159.97326331800002,3.0,3.0
34.887208027450654,100000000.0,662.7939484873368,662.7939484873368,229.55237105317764,0.0,0.0
34.887208027450654,100000000.0,-1.0,593.4650393111758,197.2322776349936,1.0,1.0
34.887208027450654,100000000.0,-1.0,594.9837684735353,207.83228914630266,1.0,1.0
34.887208027450654,100000000.0,665.5758648503091,665.5758648503094,232.3342874161503,0.0,0.0
34.887208027450654,100000000.0,-1.0,596.846874049296,203.40906126558184,1.0,1.0
34.887208027450654,100000000.0,666.7896770287608,666.7896770287609,233.54809959460192,0.0,0.0
34.887208027450654,100000000.0,-1.0,597.6686887758372,210.0237644649595,1.0,1.0
34.887208027450654,100000000.0,-1.0,597.7278531608034,213.0810980083138,1.0,1.0
34.887208027450654,100000000.0,-1.0,533.484764137064,187.88715930865106,2.0,2.0
35.00668476727069,100000000.0,625.638914863439,625.6389148634393,192.3973374292801,0.0,0.0
35.00668476727069,100000000.0,628.9372119576843,628.9372119576843,195.69563452352514,0.0,0.0
35.00668476727069,100000000.0,630.5865228381953,630.5865228381953,197.34494540403622,0.0,0.0
35.00668476727069,100000000.0,630.7781931029072,630.7781931029073,197.53661566874814,0.0,0.0
35.00668476727069,100000000.0,631.8233669033724,631.8233669033724,198.58178946921348,0.0,0.0
35.00668476727069,100000000.0,631.9606299037855,631.9606299037856,198.71905246962652,0.0,0.0
35.00668476727069,100000000.0,632.1665187919938,632.1665187919938,198.92494135783465,0.0,0.0
35.00668476727069,100000000.0,632.1790284548091,632.1790284548091,198.93745102065003,0.0,0.0
35.00668476727069,100000000.0,632.505875808844,632.5058758088442,199.26429837468507,0.0,0.0
35.00668476727069,100000000.0,-1.0,562.5017940231144,180.60614779016151,1.0,1.0
35.00668476727069,100000000.0,632.678540141175,632.678540141175,199.43696270701594,0.0,0.0
35.00668476727069,100000000.0,632.6857832821472,632.6857832821473,199.44420584798826,0.0,0.0
35.00668476727069,100000000.0,633.1247217575926,633.1247217575927,199.8831443234336,0.0,0.0
35.00668476727069,100000000.0,633.1427964490117,633.1427964490116,199.9012190148525,0.0,0.0
35.00668476727069,100000000.0,633.2963257685955,633.2963257685955,200.0547483344364,0.0,0.0
35.00668476727069,100000000.0,633.2968097382852,633.2968097382854,200.05523230412615,0.0,0.0
35.00668476727069,100000000.0,634.3618450163258,634.3618450163258,201.1202675821667,0.0,0.0
35.00668476727069,100000000.0,634.3754233063017,634.3754233063017,201.1338458721426,0.0,0.0
35.00668476727069,100000000.0,634.5627845391793,634.5627845391791,201.32120710502005,0.0,0.0
35.00668476727069,100000000.0,-1.0,564.9098391343786,180.19879467077678,1.0,1.0
35.00668476727069,100000000.0,634.9638117425645,634.9638117425645,201.7222343084055,0.0,0.0
35.00668476727069,100000000.0,-1.0,565.1022874047568,181.41304355777675,1.0,1.0
35.00668476727069,100000000.0,635.3520359447338,635.3520359447338,202.11045851057486,0.0,0.0
35.00668476727069,100000000.0,635.4775393697188,635.4775393697189,202.2359619355598,0.0,0.0
35.00668476727069,100000000.0,636.1027522361139,636.1027522361138,202.8611748019548,0.0,0.0
35.00668476727069,100000000.0,-1.0,566.3135409448788,184.41789471192592,1.0,1.0
35.00668476727069,100000000.0,636.340418756623,636.3404187566231,203.09884132246415,0.0,0.0
35.00668476727069,100000000.0,636.4015877554543,636.4015877554542,203.16001032129503,0.0,0.0
35.00668476727069,100000000.0,-1.0,566.4431707504284,183.33679360579305,1.0,1.0
35.00668476727069,100000000.0,636.6307510485742,636.6307510485741,203.38917361441514,0.0,0.0
35.00668476727069,100000000.0,636.6345565071954,636.6345565071952,203.39297907303617,0.0,0.0
35.00668476727069,100000000.0,-1.0,566.6428803161341,184.71466160273812,1.0,1.0
35.00668476727069,100000000.0,636.990439806826,636.9904398068259,203.74886237266682,0.0,0.0
35.00668476727069,100000000.0,-1.0,567.0440130895483,179.28218732665437,1.0,1.0
35.00668476727069,100000000.0,-1.0,567.056556571729,182.80938797451273,1.0,1.0
35.00668476727069,100000000.0,637.3041436615612,637.304143661561,204.06256622740204,0.0,0.0
35.00668476727069,100000000.0,-1.0,567.3001004422789,184.1554903495281,1.0,1.0
35.00668476727069,100000000.0,637.3884840806047,637.3884840806047,204.14690664644564,0.0,0.0
35.00668476727069,100000000.0,637.5172487243315,637.5172487243314,204.2756712901724,0.0,0.0
35.00668476727069,100000000.0,-1.0,567.6160017641962,176.33652778649338,1.0,1.0
35.00668476727069,100000000.0,-1.0,567.7257496989556,182.95254791946826,1.0,1.0
35.00668476727069,100000000.0,-1.0,567.8407774966826,187.61936179493355,1.0,1.0
35.00668476727069,100000000.0,-1.0,568.0632514096487,182.17414020698644,1.0,1.0
35.00668476727069,100000000.0,638.4050395232805,638.4050395232804,205.1634620891214,0.0,0.0
35.00668476727069,100000000.0,638.5532045311593,638.5532045311593,205.31162709700018,0.0,0.0
35.00668476727069,100000000.0,638.5884703630173,638.5884703630173,205.34689292885827,0.0,0.0
35.00668476727069,100000000.0,638.5930644478988,638.5930644478989,205.35148701373967,0.0,0.0
35.00668476727069,100000000.0,638.5973102113704,638.5973102113705,205.3557327772113,0.0,0.0
35.00668476727069,100000000.0,638.6504447824882,638.6504447824883,205.40886734832924,0.0,0.0
35.00668476727069,100000000.0,-1.0,568.7236442833827,185.0667981795497,1.0,1.0
35.00668476727069,100000000.0,-1.0,568.8957485645158,188.67433286276673,1.0,1.0
35.00668476727069,100000000.0,638.9336816423108,638.9336816423108,205.69210420815173,0.0,0.0
35.00668476727069,100000000.0,639.06890406554,639.0689040655398,205.8273266313807,0.0,0.0
35.00668476727069,100000000.0,639.2019061760833,639.2019061760833,205.96032874192426,0.0,0.0
35.00668476727069,100000000.0,-1.0,569.4912423751873,178.70020644955127,1.0,1.0
35.00668476727069,100000000.0,639.5377202141959,639.5377202141959,206.29614278003683,0.0,0.0
35.00668476727069,100000000.0,639.5991516568,639.5991516568,206.3575742226411,0.0,0.0
35.00668476727069,100000000.0,639.8195899027367,639.8195899027367,206.57801246857773,0.0,0.0
35.00668476727069,100000000.0,640.0018987032207,640.0018987032206,206.7603212690617,0.0,0.0
35.00668476727069,100000000.0,640.0545541405589,640.0545541405588,206.8129767063997,0.0,0.0
35.00668476727069,100000000.0,-1.0,570.0513026594724,178.43956916817086,1.0,1.0
35.00668476727069,100000000.0,640.4896448114678,640.4896448114679,207.2480673773088,0.0,0.0
35.00668476727069,100000000.0,640.598077856007,640.598077856007,207.35650042184784,0.0,0.0
35.00668476727069,100000000.0,640.6262254446726,640.6262254446726,207.3846480105136,0.0,0.0
35.00668476727069,100000000.0,640.6904143799076,640.6904143799076,207.44883694574852,0.0,0.0
35.00668476727069,100000000.0,640.9487914498876,640.9487914498877,207.70721401572877,0.0,0.0
35.00668476727069,100000000.0,-1.0,570.9755517706107,183.8023195778955,1.0,1.0
35.00668476727069,100000000.0,641.0051355911971,641.005135591197,207.76355815703795,0.0,0.0
35.00668476727069,100000000.0,-1.0,571.0829861981541,185.81619887422923,1.0,1.0
35.00668476727069,100000000.0,641.2712094148894,641.2712094148893,208.0296319807303,0.0,0.0
35.00668476727069,100000000.0,641.3108438053038,641.3108438053039,208.06926637114472,0.0,0.0
35.00668476727069,100000000.0,641.4104888700695,641.4104888700696,208.16891143591062,0.0,0.0
35.00668476727069,100000000.0,-1.0,571.4955039597285,188.9794493084764,1.0,1.0
35.00668476727069,100000000.0,-1.0,571.588664182889,188.47376376819003,1.0,1.0
35.00668476727069,100000000.0,-1.0,571.74214181001,190.03960945668805,1.0,1.0
35.00668476727069,100000000.0,641.7608194661212,641.7608194661212,208.51924203196225,0.0,0.0
35.00668476727069,100000000.0,-1.0,571.946404560226,179.31605937382812,1.0,1.0
35.00668476727069,100000000.0,-1.0,571.952174810657,184.79860435177548,1.0,1.0
35.00668476727069,100000000.0,642.1971780951751,642.1971780951751,208.95560066101595,0.0,0.0
35.00668476727069,100000000.0,-1.0,572.2659226300633,184.4419395512839,1.0,1.0
35.00668476727069,100000000.0,-1.0,572.3249089866048,185.86717523986934,1.0,1.0
35.00668476727069,100000000.0,-1.0,572.4685287036946,184.77109458195144,1.0,1.0
35.00668476727069,100000000.0,-1.0,502.5815168067498,171.70717936744975,2.0,2.0
35.00668476727069,100000000.0,642.9876407033036,642.9876407033037,209.74606326914454,0.0,0.0
35.00668476727069,100000000.0,643.0361749671836,643.0361749671837,209.79459753302467,0.0,0.0
35.00668476727069,100000000.0,-1.0,573.1061809060667,186.01204365736777,1.0,1.0
35.00668476727069,100000000.0,-1.0,573.1942008910345,191.91858682951676,1.0,1.0
35.00668476727069,100000000.0,-1.0,573.2403373895427,185.72353532803027,1.0,1.0
35.00668476727069,100000000.0,-1.0,573.3936886080652,185.5102861731816,1.0,1.0
35.00668476727069,100000000.0,643.5919371705796,643.5919371705797,210.35035973642067,0.0,0.0
35.00668476727069,100000000.0,643.658762027525,643.6587620275253,210.41718459336613,0.0,0.0
35.00668476727069,100000000.0,-1.0,573.6577534979018,188.02923880837437,1.0,1.0
35.00668476727069,100000000.0,643.6748148565763,643.6748148565763,210.43323742241714,0.0,0.0
35.00668476727069,100000000.0,643.7458700913813,643.7458700913813,210.50429265722232,0.0,0.0
35.00668476727069,100000000.0,-1.0,574.0156044808273,188.12649327816496,1.0,1.0
35.00668476727069,100000000.0,644.3779957376177,644.3779957376177,211.1364183034586,0.0,0.0
35.00668476727069,100000000.0,645.1128910131779,645.1128910131781,211.87131357901887,0.0,0.0
35.00668476727069,100000000.0,645.5806458887059,645.5806458887059,212.3390684545469,0.0,0.0
35.00668476727069,100000000.0,645.586857228049,645.586857228049,212.34527979388997,0.0,0.0
35.00668476727069,100000000.0,-1.0,575.6646958641405,192.69568306356197,1.0,1.0
35.00668476727069,100000000.0,645.920619120228,645.920619120228,212.67904168606887,0.0,0.0
35.00668476727069,100000000.0,-1.0,575.9470319711179,190.0488034957227,1.0,1.0
35.00668476727069,100000000.0,-1.0,576.0268997301494,191.61580919014204,1.0,1.0
35.00668476727069,100000000.0,-1.0,576.1313507829954,189.10144812775226,1.0,1.0
35.00668476727069,100000000.0,-1.0,576.6404314835634,191.99176087063563,1.0,1.0
35.00668476727069,100000000.0,646.6914438157103,646.69144381571,213.44986638155123,0.0,0.0
35.00668476727069,100000000.0,647.0363546700636,647.0363546700636,213.79477723590458,0.0,0.0
35.00668476727069,100000000.0,647.3699816986951,647.3699816986951,214.1284042645361,0.0,0.0
35.00668476727069,100000000.0,-1.0,577.4598383439089,185.82580107090726,1.0,1.0
35.00668476727069,100000000.0,-1.0,577.4852959073302,192.71209412784276,1.0,1.0
35.00668476727069,100000000.0,647.709134665164,647.709134665164,214.46755723100492,0.0,0.0
35.00668476727069,100000000.0,647.7404945650969,647.740494565097,214.49891713093797,0.0,0.0
35.00668476727069,100000000.0,648.549106250611,648.549106250611,215.30752881645196,0.0,0.0
35.00668476727069,100000000.0,648.9634023254434,648.9634023254434,215.72182489128443,0.0,0.0
35.00668476727069,100000000.0,649.6083590057509,649.6083590057511,216.36678157159199,0.0,0.0
35.00668476727069,100000000.0,-1.0,579.6221052304193,199.86456539505562,1.0,1.0
35.00668476727069,100000000.0,649.8105369284749,649.8105369284748,216.5689594943158,0.0,0.0
35.00668476727069,100000000.0,650.6856228267089,650.6856228267088,217.44404539254978,0.0,0.0
35.00668476727069,100000000.0,-1.0,582.0284548475654,190.39441757456373,1.0,1.0
35.00668476727069,100000000.0,652.2058026913622,652.2058026913621,218.96422525720322,0.0,0.0
35.00668476727069,100000000.0,653.1520833893226,653.1520833893227,219.91050595516361,0.0,0.0
35.00668476727069,100000000.0,-1.0,583.2734095867671,195.69718816915082,1.0,1.0
35.00668476727069,100000000.0,-1.0,514.2771834756004,171.43812928062195,2.0,2.0
35.00668476727069,100000000.0,654.7231334766548,654.7231334766549,221.48155604249592,0.0,0.0
35.00668476727069,100000000.0,654.909363875727,654.9093638757269,221.66778644156773,0.0,0.0
35.00668476727069,100000000.0,-1.0,585.0694088833425,201.2799533743485,1.0,1.0
35.00668476727069,100000000.0,658.0253090605298,658.0253090605299,224.7837316263708,0.0,0.0
35.00668476727069,100000000.0,659.8619840259213,659.8619840259213,226.6204065917622,0.0,0.0
35.12616150709073,100000000.0,626.3421400313399,626.3421400313399,193.1005625971808,0.0,0.0
35.12616150709073,100000000.0,630.3755562642305,630.3755562642305,197.1339788300713,0.0,0.0
35.12616150709073,100000000.0,630.7554337100847,630.7554337100848,197.51385627592578,0.0,0.0
35.12616150709073,100000000.0,631.2358765905877,631.2358765905877,197.99429915642867,0.0,0.0
35.12616150709073,100000000.0,631.2616765948491,631.2616765948491,198.02009916069,0.0,0.0
35.12616150709073,100000000.0,631.9133505417986,631.9133505417989,198.67177310763964,0.0,0.0
35.12616150709073,100000000.0,632.0280450881035,632.0280450881032,198.78646765394421,0.0,0.0
35.12616150709073,100000000.0,632.5568544180485,632.5568544180485,199.31527698388928,0.0,0.0
35.12616150709073,100000000.0,632.8411484691466,632.8411484691467,199.5995710349875,0.0,0.0
35.12616150709073,100000000.0,633.1888134549197,633.1888134549199,199.94723602076087,0.0,0.0
35.12616150709073,100000000.0,633.3376317370071,633.3376317370072,200.09605430284807,0.0,0.0
35.12616150709073,100000000.0,-1.0,563.3958301379591,178.9479604351983,1.0,1.0
35.12616150709073,100000000.0,634.2418907785801,634.2418907785802,201.0003133444211,0.0,0.0
35.12616150709073,100000000.0,634.3875347029714,634.3875347029714,201.14595726881225,0.0,0.0
35.12616150709073,100000000.0,634.7732121551368,634.7732121551365,201.53163472097768,0.0,0.0
35.12616150709073,100000000.0,634.9051351380119,634.9051351380119,201.6635577038529,0.0,0.0
35.12616150709073,100000000.0,634.945300922234,634.945300922234,201.70372348807496,0.0,0.0
35.12616150709073,100000000.0,-1.0,564.7009789257861,170.51103059220782,1.0,1.0
35.12616150709073,100000000.0,635.1429316403581,635.142931640358,201.901354206199,0.0,0.0
35.12616150709073,100000000.0,635.2950449325211,635.2950449325213,202.05346749836218,0.0,0.0
35.12616150709073,100000000.0,635.3852250310908,635.3852250310907,202.14364759693166,0.0,0.0
35.12616150709073,100000000.0,635.9930450268628,635.9930450268629,202.75146759270376,0.0,0.0
35.12616150709073,100000000.0,636.027320543153,636.0273205431531,202.78574310899396,0.0,0.0
35.12616150709073,100000000.0,636.1609213043495,636.1609213043497,202.9193438701906,0.0,0.0
35.12616150709073,100000000.0,636.2033055558829,636.2033055558828,202.96172812172375,0.0,0.0
35.12616150709073,100000000.0,636.3748084109817,636.3748084109817,203.13323097682257,0.0,0.0
35.12616150709073,100000000.0,636.4080267862074,636.4080267862076,203.16644935204855,0.0,0.0
35.12616150709073,100000000.0,636.5213512700333,636.5213512700332,203.27977383587412,0.0,0.0
35.12616150709073,100000000.0,-1.0,566.511326312623,183.4745123802253,1.0,1.0
35.12616150709073,100000000.0,636.8932804491113,636.8932804491112,203.65170301495226,0.0,0.0
35.12616150709073,100000000.0,637.2921223621007,637.2921223621008,204.05054492794176,0.0,0.0
35.12616150709073,100000000.0,-1.0,567.191402755806,184.7770735671497,1.0,1.0
35.12616150709073,100000000.0,637.4827407998044,637.4827407998047,204.2411633656456,0.0,0.0
35.12616150709073,100000000.0,637.7063175720484,637.7063175720485,204.46474013788952,0.0,0.0
35.12616150709073,100000000.0,637.7827395975771,637.7827395975771,204.5411621634181,0.0,0.0
35.12616150709073,100000000.0,637.8782698734448,637.8782698734448,204.6366924392856,0.0,0.0
35.12616150709073,100000000.0,-1.0,567.7575598659372,184.82826379651593,1.0,1.0
35.12616150709073,100000000.0,638.0786167186628,638.0786167186629,204.83703928450376,0.0,0.0
35.12616150709073,100000000.0,638.4542684960483,638.4542684960481,205.21269106188922,0.0,0.0
35.12616150709073,100000000.0,638.5327226908416,638.5327226908416,205.2911452566826,0.0,0.0
35.12616150709073,100000000.0,638.546237988233,638.546237988233,205.30466055407396,0.0,0.0
35.12616150709073,100000000.0,638.7233652693984,638.7233652693985,205.48178783523932,0.0,0.0
35.12616150709073,100000000.0,638.7985101458714,638.7985101458715,205.55693271171248,0.0,0.0
35.12616150709073,100000000.0,638.852708016637,638.8527080166372,205.611130582478,0.0,0.0
35.12616150709073,100000000.0,639.0495760299069,639.049576029907,205.80799859574796,0.0,0.0
35.12616150709073,100000000.0,-1.0,568.8965825466249,186.4474030425153,1.0,1.0
35.12616150709073,100000000.0,639.1580116686889,639.1580116686889,205.9164342345298,0.0,0.0
35.12616150709073,100000000.0,-1.0,569.0802674889197,187.61878744430035,1.0,1.0
35.12616150709073,100000000.0,-1.0,569.0975884523356,181.92435625962028,1.0,1.0
35.12616150709073,100000000.0,639.3689703224333,639.3689703224334,206.12739288827422,0.0,0.0
35.12616150709073,100000000.0,639.433883443602,639.433883443602,206.19230600944303,0.0,0.0
35.12616150709073,100000000.0,-1.0,498.9967405628848,162.68209078125622,2.0,2.0
35.12616150709073,100000000.0,639.5201382659999,639.520138266,206.27856083184082,0.0,0.0
35.12616150709073,100000000.0,639.5596328937723,639.5596328937723,206.31805545961336,0.0,0.0
35.12616150709073,100000000.0,639.7022538751261,639.702253875126,206.46067644096695,0.0,0.0
35.12616150709073,100000000.0,639.8036443786491,639.8036443786494,206.5620669444903,0.0,0.0
35.12616150709073,100000000.0,639.8978331155711,639.8978331155711,206.6562556814121,0.0,0.0
35.12616150709073,100000000.0,639.9441753552275,639.9441753552276,206.70259792106845,0.0,0.0
35.12616150709073,100000000.0,640.211137957786,640.211137957786,206.96956052362694,0.0,0.0
35.12616150709073,100000000.0,640.2199282751652,640.2199282751652,206.97835084100615,0.0,0.0
35.12616150709073,100000000.0,-1.0,570.0256223401225,188.6144004968552,1.0,1.0
35.12616150709073,100000000.0,640.4333214411221,640.4333214411223,207.19174400696315,0.0,0.0
35.12616150709073,100000000.0,640.5067100123439,640.5067100123438,207.2651325781847,0.0,0.0
35.12616150709073,100000000.0,640.5314679352329,640.531467935233,207.28989050107387,0.0,0.0
35.12616150709073,100000000.0,-1.0,570.369070695703,181.04966073436998,1.0,1.0
35.12616150709073,100000000.0,640.6321113289443,640.6321113289443,207.39053389478534,0.0,0.0
35.12616150709073,100000000.0,-1.0,570.4952666580551,181.6171875495455,1.0,1.0
35.12616150709073,100000000.0,-1.0,570.6042281311425,183.43099593842715,1.0,1.0
35.12616150709073,100000000.0,-1.0,570.8213758217064,182.91402351706327,1.0,1.0
35.12616150709073,100000000.0,-1.0,570.9206832176403,189.52899276023507,1.0,1.0
35.12616150709073,100000000.0,641.2043046519104,641.2043046519107,207.96272721775162,0.0,0.0
35.12616150709073,100000000.0,641.3610186341053,641.3610186341056,208.1194411999464,0.0,0.0
35.12616150709073,100000000.0,641.5248308098892,641.5248308098892,208.28325337573008,0.0,0.0
35.12616150709073,100000000.0,-1.0,571.545427863338,188.07444774260668,1.0,1.0
35.12616150709073,100000000.0,642.0362909843013,642.0362909843011,208.7947135501422,0.0,0.0
35.12616150709073,100000000.0,642.048168526994,642.0481685269941,208.806591092835,0.0,0.0
35.12616150709073,100000000.0,642.3122591270786,642.3122591270786,209.07068169291963,0.0,0.0
35.12616150709073,100000000.0,642.4651399260447,642.4651399260448,209.22356249188582,0.0,0.0
35.12616150709073,100000000.0,642.7037670986518,642.7037670986517,209.4621896644927,0.0,0.0
35.12616150709073,100000000.0,642.7931870246471,642.7931870246472,209.55160959048808,0.0,0.0
35.12616150709073,100000000.0,643.0044979061845,643.0044979061844,209.76292047202531,0.0,0.0
35.12616150709073,100000000.0,643.0331496729344,643.0331496729345,209.79157223877547,0.0,0.0
35.12616150709073,100000000.0,643.0728398229201,643.0728398229202,209.831262388761,0.0,0.0
35.12616150709073,100000000.0,643.0744636889814,643.0744636889815,209.83288625482257,0.0,0.0
35.12616150709073,100000000.0,643.1214917741582,643.1214917741581,209.8799143399991,0.0,0.0
35.12616150709073,100000000.0,-1.0,572.9417675370147,188.46706743045596,1.0,1.0
35.12616150709073,100000000.0,643.3645712581176,643.3645712581177,210.1229938239587,0.0,0.0
35.12616150709073,100000000.0,-1.0,573.5290916682285,190.44249901246485,1.0,1.0
35.12616150709073,100000000.0,-1.0,573.5602286220802,190.63093255265886,1.0,1.0
35.12616150709073,100000000.0,-1.0,573.591496633271,192.31588257175335,1.0,1.0
35.12616150709073,100000000.0,-1.0,573.6292462297024,186.45601403698714,1.0,1.0
35.12616150709073,100000000.0,643.9515770321323,643.9515770321325,210.70999959797334,0.0,0.0
35.12616150709073,100000000.0,-1.0,573.832345998026,190.12038257347044,1.0,1.0
35.12616150709073,100000000.0,644.1344157687319,644.1344157687321,210.89283833457304,0.0,0.0
35.12616150709073,100000000.0,-1.0,574.0260126727884,194.92107679260573,1.0,1.0
35.12616150709073,100000000.0,644.5838755280032,644.5838755280033,211.34229809384422,0.0,0.0
35.12616150709073,100000000.0,-1.0,574.4597504035976,191.80198533881043,1.0,1.0
35.12616150709073,100000000.0,-1.0,574.934459258183,191.61571381064428,1.0,1.0
35.12616150709073,100000000.0,-1.0,575.2849619146175,191.56595849489875,1.0,1.0
35.12616150709073,100000000.0,645.5687897160146,645.5687897160149,212.32721228185574,0.0,0.0
35.12616150709073,100000000.0,-1.0,575.4347948331427,183.83425713877654,1.0,1.0
35.12616150709073,100000000.0,645.9199499152606,645.9199499152606,212.6783724811015,0.0,0.0
35.12616150709073,100000000.0,-1.0,505.49029411747495,165.19526434273666,2.0,2.0
35.12616150709073,100000000.0,-1.0,575.9647479114899,192.18440967522895,1.0,1.0
35.12616150709073,100000000.0,646.3699150774223,646.3699150774224,213.12833764326322,0.0,0.0
35.12616150709073,100000000.0,-1.0,506.06628428352894,161.77559596929098,2.0,2.0
35.12616150709073,100000000.0,-1.0,576.4125884408186,193.89653378956646,1.0,1.0
35.12616150709073,100000000.0,646.6965602522481,646.696560252248,213.45498281808892,0.0,0.0
35.12616150709073,100000000.0,646.8290679642422,646.8290679642423,213.58749053008316,0.0,0.0
35.12616150709073,100000000.0,646.8430567567589,646.8430567567588,213.60147932259974,0.0,0.0
35.12616150709073,100000000.0,646.8595515819384,646.8595515819383,213.61797414777928,0.0,0.0
35.12616150709073,100000000.0,647.2726079195799,647.2726079195799,214.03103048542087,0.0,0.0
35.12616150709073,100000000.0,-1.0,577.2113662332839,199.06977785431263,1.0,1.0
35.12616150709073,100000000.0,-1.0,507.02595019993527,168.18862037804118,2.0,2.0
35.12616150709073,100000000.0,-1.0,577.6322100225323,192.43722064723144,1.0,1.0
35.12616150709073,100000000.0,647.9936390428815,647.9936390428815,214.7520616087224,0.0,0.0
35.12616150709073,100000000.0,648.513262595985,648.5132625959851,215.27168516182613,0.0,0.0
35.12616150709073,100000000.0,648.5853872694064,648.5853872694066,215.3438098352473,0.0,0.0
35.12616150709073,100000000.0,648.8125078807567,648.8125078807566,215.5709304465975,0.0,0.0
35.12616150709073,100000000.0,648.9810162565109,648.9810162565109,215.73943882235187,0.0,0.0
35.12616150709073,100000000.0,649.1192766218159,649.1192766218157,215.87769918765682,0.0,0.0
35.12616150709073,100000000.0,649.3960458327382,649.396045832738,216.15446839857916,0.0,0.0
35.12616150709073,100000000.0,649.4361270000143,649.4361270000144,216.19454956585528,0.0,0.0
35.12616150709073,100000000.0,650.0023551217449,650.0023551217452,216.76077768758594,0.0,0.0
35.12616150709073,100000000.0,650.0602574353863,650.0602574353863,216.8186800012272,0.0,0.0
35.12616150709073,100000000.0,650.0816712670827,650.0816712670829,216.84009383292374,0.0,0.0
35.12616150709073,100000000.0,651.6223677768921,651.622367776892,218.38079034273295,0.0,0.0
35.12616150709073,100000000.0,653.3940717290704,653.3940717290704,220.1524942949114,0.0,0.0
35.24563824691076,100000000.0,627.6815551770159,627.681555177016,194.43997774285683,0.0,0.0
35.24563824691076,100000000.0,629.5558814189251,629.5558814189252,196.31430398476596,0.0,0.0
35.24563824691076,100000000.0,629.7776140185133,629.7776140185133,196.53603658435435,0.0,0.0
35.24563824691076,100000000.0,-1.0,560.3358461572427,180.01774340123438,1.0,1.0
35.24563824691076,100000000.0,631.0779475209206,631.0779475209207,197.83637008676172,0.0,0.0
35.24563824691076,100000000.0,631.1421565918115,631.1421565918113,197.9005791576523,0.0,0.0
35.24563824691076,100000000.0,631.2605312327394,631.2605312327396,198.01895379858047,0.0,0.0
35.24563824691076,100000000.0,631.5960580729271,631.5960580729272,198.35448063876808,0.0,0.0
35.24563824691076,100000000.0,633.3540593537115,633.3540593537114,200.11248191955224,0.0,0.0
35.24563824691076,100000000.0,633.4160034438918,633.4160034438917,200.1744260097326,0.0,0.0
35.24563824691076,100000000.0,-1.0,563.0586964312041,179.23398684670835,1.0,1.0
35.24563824691076,100000000.0,633.8683061767617,633.8683061767617,200.62672874260284,0.0,0.0
35.24563824691076,100000000.0,633.9675522269658,633.9675522269658,200.72597479280665,0.0,0.0
35.24563824691076,100000000.0,634.417573851754,634.417573851754,201.17599641759497,0.0,0.0
35.24563824691076,100000000.0,635.1232474070621,635.1232474070623,201.88166997290315,0.0,0.0
35.24563824691076,100000000.0,-1.0,564.9128743575565,180.64563671502637,1.0,1.0
35.24563824691076,100000000.0,635.5613784987771,635.561378498777,202.31980106461802,0.0,0.0
35.24563824691076,100000000.0,635.5804554073061,635.5804554073061,202.33887797314702,0.0,0.0
35.24563824691076,100000000.0,635.9524594002894,635.9524594002893,202.71088196613033,0.0,0.0
35.24563824691076,100000000.0,-1.0,565.6563812844553,177.89455552156133,1.0,1.0
35.24563824691076,100000000.0,636.2421760636487,636.2421760636487,203.00059862948962,0.0,0.0
35.24563824691076,100000000.0,636.3770552449773,636.3770552449774,203.13547781081843,0.0,0.0
35.24563824691076,100000000.0,636.454898160164,636.4548981601644,203.21332072600518,0.0,0.0
35.24563824691076,100000000.0,-1.0,566.5087611862955,181.36355053436037,1.0,1.0
35.24563824691076,100000000.0,637.1336188559773,637.1336188559773,203.8920414218182,0.0,0.0
35.24563824691076,100000000.0,637.1888539134216,637.1888539134216,203.94727647926246,0.0,0.0
35.24563824691076,100000000.0,-1.0,567.264764206505,179.7479621449926,1.0,1.0
35.24563824691076,100000000.0,637.9444586390939,637.9444586390939,204.70288120493478,0.0,0.0
35.24563824691076,100000000.0,637.984356610861,637.9843566108609,204.74277917670187,0.0,0.0
35.24563824691076,100000000.0,638.0426716415966,638.0426716415964,204.80109420743733,0.0,0.0
35.24563824691076,100000000.0,638.1686265973915,638.1686265973915,204.92704916323243,0.0,0.0
35.24563824691076,100000000.0,638.2264544690745,638.2264544690742,204.98487703491529,0.0,0.0
35.24563824691076,100000000.0,638.4642809980351,638.4642809980351,205.22270356387605,0.0,0.0
35.24563824691076,100000000.0,638.5779518255799,638.5779518255802,205.33637439142106,0.0,0.0
35.24563824691076,100000000.0,638.6690481774557,638.6690481774559,205.42747074329685,0.0,0.0
35.24563824691076,100000000.0,639.069289093609,639.069289093609,205.82771165944993,0.0,0.0
35.24563824691076,100000000.0,-1.0,568.7443334233019,182.71492658261369,1.0,1.0
35.24563824691076,100000000.0,639.7610208513621,639.7610208513621,206.51944341720304,0.0,0.0
35.24563824691076,100000000.0,-1.0,569.2701192216363,183.47564619820025,1.0,1.0
35.24563824691076,100000000.0,639.8075263272654,639.8075263272654,206.56594889310645,0.0,0.0
35.24563824691076,100000000.0,639.879657042163,639.8796570421631,206.63807960800398,0.0,0.0
35.24563824691076,100000000.0,640.0383789806433,640.0383789806433,206.7968015464841,0.0,0.0
35.24563824691076,100000000.0,640.0435538584078,640.0435538584077,206.8019764242488,0.0,0.0
35.24563824691076,100000000.0,-1.0,569.6222677082878,183.34289181923774,1.0,1.0
35.24563824691076,100000000.0,640.2403239382293,640.2403239382294,206.9987465040703,0.0,0.0
35.24563824691076,100000000.0,640.2945541760462,640.2945541760461,207.052976741887,0.0,0.0
35.24563824691076,100000000.0,640.3588449757873,640.3588449757873,207.11726754162825,0.0,0.0
35.24563824691076,100000000.0,640.4064808003795,640.4064808003795,207.16490336622047,0.0,0.0
35.24563824691076,100000000.0,640.4415505199655,640.4415505199656,207.19997308580645,0.0,0.0
35.24563824691076,100000000.0,640.4522130841542,640.452213084154,207.21063564999494,0.0,0.0
35.24563824691076,100000000.0,640.4862222827966,640.4862222827963,207.24464484863742,0.0,0.0
35.24563824691076,100000000.0,-1.0,570.0507593385285,191.86288415088407,1.0,1.0
35.24563824691076,100000000.0,640.6804117271031,640.6804117271029,207.43883429294402,0.0,0.0
35.24563824691076,100000000.0,640.7237256569764,640.7237256569763,207.48214822281722,0.0,0.0
35.24563824691076,100000000.0,640.7908152469145,640.7908152469143,207.54923781275554,0.0,0.0
35.24563824691076,100000000.0,640.9962425933641,640.9962425933643,207.75466515920516,0.0,0.0
35.24563824691076,100000000.0,-1.0,570.6224643336393,188.38404043036192,1.0,1.0
35.24563824691076,100000000.0,-1.0,570.9555371949958,189.16288238133083,1.0,1.0
35.24563824691076,100000000.0,641.4502457170839,641.4502457170839,208.2086682829249,0.0,0.0
35.24563824691076,100000000.0,-1.0,570.9954360499903,187.20598054099634,1.0,1.0
35.24563824691076,100000000.0,641.6621823966674,641.6621823966674,208.4206049625083,0.0,0.0
35.24563824691076,100000000.0,-1.0,571.1905884149105,180.22625250052698,1.0,1.0
35.24563824691076,100000000.0,641.7951293881225,641.7951293881224,208.55355195396348,0.0,0.0
35.24563824691076,100000000.0,-1.0,571.3198856685477,188.28307173614996,1.0,1.0
35.24563824691076,100000000.0,-1.0,571.8269450935223,183.91959278887913,1.0,1.0
35.24563824691076,100000000.0,-1.0,571.9921612604523,184.17670145173628,1.0,1.0
35.24563824691076,100000000.0,642.4868189720645,642.4868189720647,209.24524153790554,0.0,0.0
35.24563824691076,100000000.0,642.5467041939254,642.5467041939256,209.30512675976632,0.0,0.0
35.24563824691076,100000000.0,642.5810973672989,642.5810973672989,209.3395199331399,0.0,0.0
35.24563824691076,100000000.0,642.6368558143851,642.6368558143851,209.39527838022607,0.0,0.0
35.24563824691076,100000000.0,-1.0,572.3852472536181,186.7567325640906,1.0,1.0
35.24563824691076,100000000.0,-1.0,572.5457882098208,184.63843590517772,1.0,1.0
35.24563824691076,100000000.0,643.06781555576,643.0678155557601,209.82623812160114,0.0,0.0
35.24563824691076,100000000.0,643.0767824927509,643.0767824927508,209.83520505859173,0.0,0.0
35.24563824691076,100000000.0,643.2131191529563,643.2131191529566,209.97154171879725,0.0,0.0
35.24563824691076,100000000.0,-1.0,573.2651693933838,186.8297394283485,1.0,1.0
35.24563824691076,100000000.0,-1.0,573.3090446643935,185.8891498297293,1.0,1.0
35.24563824691076,100000000.0,643.8831654490925,643.8831654490926,210.64158801493346,0.0,0.0
35.24563824691076,100000000.0,-1.0,573.4878695276159,189.8310234237827,1.0,1.0
35.24563824691076,100000000.0,-1.0,573.6615339085463,188.03301921901883,1.0,1.0
35.24563824691076,100000000.0,644.2080898563901,644.2080898563903,210.96651242223106,0.0,0.0
35.24563824691076,100000000.0,644.2879104557353,644.2879104557352,211.04633302157626,0.0,0.0
35.24563824691076,100000000.0,-1.0,574.0892111371984,189.02437566402048,1.0,1.0
35.24563824691076,100000000.0,644.5949793100706,644.5949793100706,211.35340187591137,0.0,0.0
35.24563824691076,100000000.0,-1.0,574.2250232748019,186.406012481069,1.0,1.0
35.24563824691076,100000000.0,644.7392208020751,644.7392208020754,211.49764336791614,0.0,0.0
35.24563824691076,100000000.0,644.8423662302956,644.8423662302957,211.60078879613673,0.0,0.0
35.24563824691076,100000000.0,-1.0,574.6443815507654,193.18290150614592,1.0,1.0
35.24563824691076,100000000.0,645.2291455679299,645.22914556793,211.98756813377096,0.0,0.0
35.24563824691076,100000000.0,-1.0,574.9528398797704,190.54174933976324,1.0,1.0
35.24563824691076,100000000.0,645.506395189391,645.506395189391,212.2648177552319,0.0,0.0
35.24563824691076,100000000.0,645.665887994016,645.6658879940159,212.42431055985696,0.0,0.0
35.24563824691076,100000000.0,646.0021272522855,646.0021272522856,212.7605498181265,0.0,0.0
35.24563824691076,100000000.0,646.1012066064017,646.1012066064018,212.8596291722426,0.0,0.0
35.24563824691076,100000000.0,646.2003759458751,646.2003759458751,212.95879851171608,0.0,0.0
35.24563824691076,100000000.0,-1.0,575.940496581176,192.46951646044477,1.0,1.0
35.24563824691076,100000000.0,-1.0,576.0968716951413,194.70518123773618,1.0,1.0
35.24563824691076,100000000.0,646.7704495792669,646.770449579267,213.5288721451081,0.0,0.0
35.24563824691076,100000000.0,646.8098957718701,646.8098957718701,213.56831833771105,0.0,0.0
35.24563824691076,100000000.0,646.8867318381624,646.8867318381624,213.64515440400342,0.0,0.0
35.24563824691076,100000000.0,-1.0,576.6624808748128,194.12220698142215,1.0,1.0
35.24563824691076,100000000.0,647.443790197925,647.4437901979247,214.20221276376586,0.0,0.0
35.24563824691076,100000000.0,647.5667217817924,647.5667217817924,214.32514434763337,0.0,0.0
35.24563824691076,100000000.0,647.7039060664727,647.7039060664728,214.46232863231376,0.0,0.0
35.24563824691076,100000000.0,-1.0,577.4452012809669,186.56963672100252,1.0,1.0
35.24563824691076,100000000.0,-1.0,577.7396458183918,179.68172468025443,1.0,1.0
35.24563824691076,100000000.0,-1.0,578.7681282099502,196.252073558698,1.0,1.0
35.24563824691076,100000000.0,-1.0,579.2329272812493,195.91418183371067,1.0,1.0
35.24563824691076,100000000.0,649.7374846479822,649.7374846479823,216.49590721382324,0.0,0.0
35.24563824691076,100000000.0,650.4456340110189,650.4456340110189,217.20405657685984,0.0,0.0
35.24563824691076,100000000.0,650.5831507986907,650.5831507986906,217.34157336453165,0.0,0.0
35.24563824691076,100000000.0,650.612645482593,650.6126454825929,217.37106804843387,0.0,0.0
35.24563824691076,100000000.0,650.7343113197192,650.7343113197194,217.49273388556023,0.0,0.0
35.24563824691076,100000000.0,651.0712940382612,651.071294038261,217.8297166041021,0.0,0.0
35.24563824691076,100000000.0,-1.0,580.9487470783779,187.72664365340552,1.0,1.0
35.24563824691076,100000000.0,-1.0,581.053692029721,197.27526925389833,1.0,1.0
35.24563824691076,100000000.0,-1.0,581.1454536913392,170.89608328092257,1.0,1.0
35.24563824691076,100000000.0,652.0087884464092,652.0087884464093,218.76721101225027,0.0,0.0
35.24563824691076,100000000.0,652.1223262948866,652.1223262948868,218.88074886072772,0.0,0.0
35.24563824691076,100000000.0,652.4593245359267,652.4593245359267,219.21774710176774,0.0,0.0
35.24563824691076,100000000.0,-1.0,582.1284478500868,195.03638787895784,1.0,1.0
35.24563824691076,100000000.0,-1.0,582.2677823453718,197.49458056588438,1.0,1.0
35.24563824691076,100000000.0,-1.0,582.9687156910871,191.94209761820855,1.0,1.0
35.24563824691076,100000000.0,653.6942983418221,653.6942983418221,220.45272090766292,0.0,0.0
35.24563824691076,100000000.0,655.489079623763,655.4890796237631,222.2475021896041,0.0,0.0
35.24563824691076,100000000.0,655.5841436337903,655.5841436337903,222.34256619963114,0.0,0.0
35.24563824691076,100000000.0,656.3235518861916,656.3235518861916,223.0819744520326,0.0,0.0
35.24563824691076,100000000.0,658.3005348528137,658.3005348528137,225.0589574186545,0.0,0.0
35.365114986730795,100000000.0,631.6234170848147,631.6234170848147,198.38183965065565,0.0,0.0
35.365114986730795,100000000.0,-1.0,563.8293440692748,179.31708272536315,1.0,1.0
35.365114986730795,100000000.0,634.5628875625396,634.5628875625397,201.3213101283807,0.0,0.0
35.365114986730795,100000000.0,634.7776410290658,634.777641029066,201.5360635949068,0.0,0.0
35.365114986730795,100000000.0,634.8254643994451,634.8254643994452,201.58388696528615,0.0,0.0
35.365114986730795,100000000.0,-1.0,564.6962008053011,177.52296861258574,1.0,1.0
35.365114986730795,100000000.0,635.6832790770873,635.6832790770874,202.44170164292836,0.0,0.0
35.365114986730795,100000000.0,636.3735537740706,636.3735537740705,203.13197633991157,0.0,0.0
35.365114986730795,100000000.0,636.4114950684091,636.411495068409,203.16991763424988,0.0,0.0
35.365114986730795,100000000.0,636.4118802180591,636.4118802180593,203.1703027839001,0.0,0.0
35.365114986730795,100000000.0,636.4230787507976,636.4230787507976,203.18150131663845,0.0,0.0
35.365114986730795,100000000.0,636.8557836355775,636.8557836355776,203.6142062014185,0.0,0.0
35.365114986730795,100000000.0,636.8796164689369,636.8796164689368,203.63803903477773,0.0,0.0
35.365114986730795,100000000.0,636.9122497287298,636.9122497287298,203.6706722945707,0.0,0.0
35.365114986730795,100000000.0,637.0270952214514,637.0270952214514,203.78551778729235,0.0,0.0
35.365114986730795,100000000.0,637.0320325990409,637.0320325990409,203.79045516488188,0.0,0.0
35.365114986730795,100000000.0,-1.0,566.9414894356543,176.65355930397814,1.0,1.0
35.365114986730795,100000000.0,-1.0,566.955719259201,182.39814303555417,1.0,1.0
35.365114986730795,100000000.0,638.0385465281005,638.0385465281004,204.79696909394144,0.0,0.0
35.365114986730795,100000000.0,638.0893374503694,638.0893374503695,204.84776001621043,0.0,0.0
35.365114986730795,100000000.0,-1.0,567.9133034232225,181.03781253943436,1.0,1.0
35.365114986730795,100000000.0,638.6877205270811,638.687720527081,205.44614309292206,0.0,0.0
35.365114986730795,100000000.0,638.7946652929866,638.7946652929866,205.5530878588276,0.0,0.0
35.365114986730795,100000000.0,639.1433303133806,639.1433303133806,205.90175287922156,0.0,0.0
35.365114986730795,100000000.0,639.5655017556819,639.5655017556818,206.32392432152284,0.0,0.0
35.365114986730795,100000000.0,639.6780311603942,639.6780311603943,206.4364537262353,0.0,0.0
35.365114986730795,100000000.0,639.8615829671274,639.8615829671276,206.6200055329685,0.0,0.0
35.365114986730795,100000000.0,640.1282495125695,640.1282495125694,206.88667207841036,0.0,0.0
35.365114986730795,100000000.0,640.228585618624,640.2285856186242,206.98700818446494,0.0,0.0
35.365114986730795,100000000.0,-1.0,569.6389446614756,182.54480741277663,1.0,1.0
35.365114986730795,100000000.0,640.4081073823684,640.4081073823684,207.16652994820933,0.0,0.0
35.365114986730795,100000000.0,640.7677221827429,640.767722182743,207.5261447485839,0.0,0.0
35.365114986730795,100000000.0,640.9853544054317,640.9853544054317,207.74377697127278,0.0,0.0
35.365114986730795,100000000.0,-1.0,570.3607968748425,183.18756468212726,1.0,1.0
35.365114986730795,100000000.0,641.2390933700824,641.2390933700824,207.99751593592336,0.0,0.0
35.365114986730795,100000000.0,641.2760436385698,641.2760436385701,208.03446620441088,0.0,0.0
35.365114986730795,100000000.0,641.3252301462308,641.3252301462308,208.08365271207177,0.0,0.0
35.365114986730795,100000000.0,-1.0,570.7954972624025,186.0844527988008,1.0,1.0
35.365114986730795,100000000.0,641.5782174197129,641.5782174197129,208.33663998555372,0.0,0.0
35.365114986730795,100000000.0,641.5854551085836,641.5854551085835,208.3438776744244,0.0,0.0
35.365114986730795,100000000.0,641.7458630035987,641.7458630035987,208.50428556943976,0.0,0.0
35.365114986730795,100000000.0,641.7511998575385,641.7511998575387,208.50962242337962,0.0,0.0
35.365114986730795,100000000.0,-1.0,571.0766883798698,183.9034561871546,1.0,1.0
35.365114986730795,100000000.0,-1.0,571.089225416764,187.31080264094132,1.0,1.0
35.365114986730795,100000000.0,642.2158052859604,642.2158052859604,208.97422785180146,0.0,0.0
35.365114986730795,100000000.0,-1.0,571.8727275320015,188.04801794750563,1.0,1.0
35.365114986730795,100000000.0,643.0622959632557,643.0622959632558,209.82071852909664,0.0,0.0
35.365114986730795,100000000.0,-1.0,572.5243733469728,191.0625170554893,1.0,1.0
35.365114986730795,100000000.0,643.288128796792,643.2881287967921,210.04655136263293,0.0,0.0
35.365114986730795,100000000.0,643.7788400378801,643.7788400378803,210.53726260372113,0.0,0.0
35.365114986730795,100000000.0,-1.0,573.1242852204424,191.30027852516938,1.0,1.0
35.365114986730795,100000000.0,643.9800579559261,643.9800579559259,210.73848052176692,0.0,0.0
35.365114986730795,100000000.0,-1.0,573.438559969319,189.96757984858772,1.0,1.0
35.365114986730795,100000000.0,-1.0,573.4613101413177,190.31670004856667,1.0,1.0
35.365114986730795,100000000.0,644.25767432207,644.25767432207,211.01609688791095,0.0,0.0
35.365114986730795,100000000.0,-1.0,573.8344398250597,174.85873820834593,1.0,1.0
35.365114986730795,100000000.0,-1.0,573.9680068946165,185.23965460806062,1.0,1.0
35.365114986730795,100000000.0,-1.0,574.0126293871554,188.10121440279298,1.0,1.0
35.365114986730795,100000000.0,644.8336670242272,644.8336670242271,211.5920895900682,0.0,0.0
35.365114986730795,100000000.0,-1.0,574.2958585578708,187.95245499553263,1.0,1.0
35.365114986730795,100000000.0,-1.0,574.42371033224,188.2801425561027,1.0,1.0
35.365114986730795,100000000.0,-1.0,574.4569340939711,186.7591360043654,1.0,1.0
35.365114986730795,100000000.0,645.3046036889627,645.3046036889629,212.06302625480396,0.0,0.0
35.365114986730795,100000000.0,-1.0,574.6583334809867,184.90475733132027,1.0,1.0
35.365114986730795,100000000.0,645.5151490964563,645.5151490964563,212.2735716622972,0.0,0.0
35.365114986730795,100000000.0,645.7332531496719,645.733253149672,212.49167571551297,0.0,0.0
35.365114986730795,100000000.0,-1.0,575.0938595099477,193.3812663523922,1.0,1.0
35.365114986730795,100000000.0,645.9216463688247,645.9216463688249,212.6800689346658,0.0,0.0
35.365114986730795,100000000.0,-1.0,504.4866299579776,166.7342624317298,2.0,2.0
35.365114986730795,100000000.0,646.091014386717,646.0910143867173,212.84943695255808,0.0,0.0
35.365114986730795,100000000.0,-1.0,575.3653510321401,187.435764118622,1.0,1.0
35.365114986730795,100000000.0,646.1949966682164,646.1949966682165,212.9534192340574,0.0,0.0
35.365114986730795,100000000.0,646.4495048810207,646.449504881021,213.20792744686185,0.0,0.0
35.365114986730795,100000000.0,646.5325560634313,646.5325560634312,213.2909786292722,0.0,0.0
35.365114986730795,100000000.0,-1.0,575.8962983231038,185.91056938166238,1.0,1.0
35.365114986730795,100000000.0,646.8308458356788,646.8308458356789,213.58926840151983,0.0,0.0
35.365114986730795,100000000.0,647.2841656885103,647.2841656885103,214.0425882543512,0.0,0.0
35.365114986730795,100000000.0,-1.0,576.6583480641137,186.29825095948198,1.0,1.0
35.365114986730795,100000000.0,647.5769999875218,647.5769999875217,214.3354225533628,0.0,0.0
35.365114986730795,100000000.0,647.6219390375823,647.6219390375824,214.38036160342318,0.0,0.0
35.365114986730795,100000000.0,647.734499018342,647.7344990183421,214.49292158418302,0.0,0.0
35.365114986730795,100000000.0,647.8862562216138,647.8862562216138,214.64467878745484,0.0,0.0
35.365114986730795,100000000.0,648.1237395250539,648.1237395250539,214.88216209089478,0.0,0.0
35.365114986730795,100000000.0,648.1445251698477,648.1445251698477,214.9029477356885,0.0,0.0
35.365114986730795,100000000.0,-1.0,577.7593240214203,194.72251008902242,1.0,1.0
35.365114986730795,100000000.0,648.4946318679238,648.4946318679238,215.25305443376473,0.0,0.0
35.365114986730795,100000000.0,648.4952036899078,648.4952036899076,215.25362625574874,0.0,0.0
35.365114986730795,100000000.0,648.5390680065289,648.539068006529,215.2974905723699,0.0,0.0
35.365114986730795,100000000.0,-1.0,577.9000014952719,190.38319943375964,1.0,1.0
35.365114986730795,100000000.0,-1.0,577.9002475558066,190.08123676207384,1.0,1.0
35.365114986730795,100000000.0,648.6371946358033,648.637194635803,215.39561720164411,0.0,0.0
35.365114986730795,100000000.0,648.6482120965244,648.6482120965245,215.40663466236538,0.0,0.0
35.365114986730795,100000000.0,648.8549249777622,648.8549249777622,215.61334754360308,0.0,0.0
35.365114986730795,100000000.0,648.8549845272224,648.8549845272225,215.61340709306333,0.0,0.0
35.365114986730795,100000000.0,-1.0,578.1835318679131,190.54515313441104,1.0,1.0
35.365114986730795,100000000.0,-1.0,578.2208816931117,191.1288217219826,1.0,1.0
35.365114986730795,100000000.0,648.9914646815353,648.9914646815355,215.74988724737628,0.0,0.0
35.365114986730795,100000000.0,-1.0,578.5935807180759,190.6260815645905,1.0,1.0
35.365114986730795,100000000.0,649.6252946774473,649.6252946774472,216.38371724328812,0.0,0.0
35.365114986730795,100000000.0,650.4184260285655,650.4184260285655,217.17684859440647,0.0,0.0
35.365114986730795,100000000.0,-1.0,579.7039806057221,196.1114238130012,1.0,1.0
35.365114986730795,100000000.0,650.5249979604571,650.5249979604573,217.28342052629807,0.0,0.0
35.365114986730795,100000000.0,650.6465914344727,650.646591434473,217.40501400031366,0.0,0.0
35.365114986730795,100000000.0,-1.0,580.0278831695266,196.23268448519391,1.0,1.0
35.365114986730795,100000000.0,650.8370444948752,650.8370444948749,217.5954670607161,0.0,0.0
35.365114986730795,100000000.0,-1.0,580.167470121539,190.3228716621101,1.0,1.0
35.365114986730795,100000000.0,-1.0,580.8972557461045,201.7712585945788,1.0,1.0
35.365114986730795,100000000.0,-1.0,581.1246605799652,185.49880820936926,1.0,1.0
35.365114986730795,100000000.0,652.4829806178045,652.4829806178044,219.24140318364522,0.0,0.0
35.365114986730795,100000000.0,652.5404062521494,652.5404062521494,219.29882881799037,0.0,0.0
35.365114986730795,100000000.0,652.857845507473,652.8578455074731,219.61626807331405,0.0,0.0
35.365114986730795,100000000.0,652.8737664140629,652.873766414063,219.63218897990387,0.0,0.0
35.365114986730795,100000000.0,-1.0,582.1931983777558,198.72221825702456,1.0,1.0
35.365114986730795,100000000.0,653.5189686890019,653.5189686890019,220.27739125484288,0.0,0.0
35.365114986730795,100000000.0,653.5478053962592,653.5478053962592,220.30622796210008,0.0,0.0
35.365114986730795,100000000.0,-1.0,582.8983184664602,196.98690348209772,1.0,1.0
35.365114986730795,100000000.0,653.7798166149464,653.7798166149464,220.5382391807875,0.0,0.0
35.365114986730795,100000000.0,-1.0,584.8500228955103,201.11998674262006,1.0,1.0
35.365114986730795,100000000.0,656.0303493937579,656.0303493937577,222.78877195959876,0.0,0.0
35.365114986730795,100000000.0,656.8294707128183,656.8294707128181,223.58789327865912,0.0,0.0
35.365114986730795,100000000.0,656.8689013551779,656.8689013551779,223.62732392101884,0.0,0.0
35.365114986730795,100000000.0,656.9081272296095,656.9081272296094,223.6665497954503,0.0,0.0
35.365114986730795,100000000.0,657.1299982712634,657.1299982712635,223.88842083710438,0.0,0.0
35.365114986730795,100000000.0,657.630759956429,657.6307599564288,224.38918252226983,0.0,0.0
35.365114986730795,100000000.0,-1.0,588.782122068595,200.28707309479006,1.0,1.0
35.365114986730795,100000000.0,660.4119317998166,660.4119317998167,227.17035436565746,0.0,0.0
35.365114986730795,100000000.0,662.1025783233265,662.1025783233265,228.8610008891674,0.0,0.0
35.365114986730795,100000000.0,662.5768544121534,662.5768544121535,229.3352769779943,0.0,0.0
35.48459172655083,100000000.0,629.0522114091818,629.052211409182,195.810633975023,0.0,0.0
35.48459172655083,100000000.0,630.5189995369595,630.5189995369594,197.27742210280041,0.0,0.0
35.48459172655083,100000000.0,631.4166972365242,631.416697236524,198.17511980236503,0.0,0.0
35.48459172655083,100000000.0,-1.0,561.8796242552742,177.51087898606826,1.0,1.0
35.48459172655083,100000000.0,-1.0,562.0261785534881,174.85294636077268,1.0,1.0
35.48459172655083,100000000.0,633.8818856408045,633.8818856408045,200.64030820664547,0.0,0.0
35.48459172655083,100000000.0,-1.0,564.1491247487373,182.23002330807427,1.0,1.0
35.48459172655083,100000000.0,635.7855770238504,635.7855770238504,202.5439995896913,0.0,0.0
35.48459172655083,100000000.0,-1.0,565.6961638120588,180.5509531601236,1.0,1.0
35.48459172655083,100000000.0,636.6750237458712,636.6750237458713,203.4334463117121,0.0,0.0
35.48459172655083,100000000.0,-1.0,566.1267187004996,185.90530299875067,1.0,1.0
35.48459172655083,100000000.0,-1.0,566.5248599904057,181.14426626982709,1.0,1.0
35.48459172655083,100000000.0,637.7156841908811,637.7156841908811,204.47410675672214,0.0,0.0
35.48459172655083,100000000.0,637.7772905204151,637.7772905204151,204.53571308625615,0.0,0.0
35.48459172655083,100000000.0,638.0523627919739,638.0523627919738,204.81078535781475,0.0,0.0
35.48459172655083,100000000.0,-1.0,567.4885669746724,185.62263041977138,1.0,1.0
35.48459172655083,100000000.0,638.4889767926717,638.4889767926718,205.24739935851267,0.0,0.0
35.48459172655083,100000000.0,638.945943332986,638.9459433329861,205.70436589882695,0.0,0.0
35.48459172655083,100000000.0,638.9699532785364,638.9699532785365,205.7283758443773,0.0,0.0
35.48459172655083,100000000.0,639.0026698789165,639.0026698789164,205.7610924447574,0.0,0.0
35.48459172655083,100000000.0,639.0819661310045,639.0819661310044,205.8403886968453,0.0,0.0
35.48459172655083,100000000.0,639.0826770769058,639.0826770769058,205.84109964274688,0.0,0.0
35.48459172655083,100000000.0,639.2052855596444,639.2052855596444,205.96370812548534,0.0,0.0
35.48459172655083,100000000.0,639.5445754598974,639.5445754598974,206.30299802573828,0.0,0.0
35.48459172655083,100000000.0,639.739217016128,639.7392170161279,206.49763958196894,0.0,0.0
35.48459172655083,100000000.0,639.9643605675586,639.9643605675586,206.72278313339956,0.0,0.0
35.48459172655083,100000000.0,639.9777960817438,639.9777960817439,206.73621864758476,0.0,0.0
35.48459172655083,100000000.0,640.1136195579313,640.1136195579315,206.87204212377225,0.0,0.0
35.48459172655083,100000000.0,640.7021474543045,640.7021474543046,207.46057002014547,0.0,0.0
35.48459172655083,100000000.0,-1.0,499.65976512770703,162.69129643675296,2.0,2.0
35.48459172655083,100000000.0,641.8416701580825,641.8416701580826,208.60009272392355,0.0,0.0
35.48459172655083,100000000.0,-1.0,571.2927538470503,183.6543751135483,1.0,1.0
35.48459172655083,100000000.0,642.4247144574086,642.4247144574086,209.18313702324954,0.0,0.0
35.48459172655083,100000000.0,642.6469815372288,642.6469815372288,209.4054041030697,0.0,0.0
35.48459172655083,100000000.0,642.6853097265447,642.6853097265449,209.44373229238576,0.0,0.0
35.48459172655083,100000000.0,642.8697440775318,642.8697440775317,209.62816664337268,0.0,0.0
35.48459172655083,100000000.0,643.060117027566,643.0601170275661,209.8185395934069,0.0,0.0
35.48459172655083,100000000.0,-1.0,572.1541761450895,184.0940098157741,1.0,1.0
35.48459172655083,100000000.0,-1.0,572.1765629131079,188.7055827923766,1.0,1.0
35.48459172655083,100000000.0,643.1562360713895,643.1562360713896,209.91465863723047,0.0,0.0
35.48459172655083,100000000.0,643.9806599219523,643.9806599219522,210.73908248779324,0.0,0.0
35.48459172655083,100000000.0,644.4804743614211,644.4804743614213,211.2388969272622,0.0,0.0
35.48459172655083,100000000.0,-1.0,573.5597769733114,186.386544780596,1.0,1.0
35.48459172655083,100000000.0,644.6646150486083,644.6646150486081,211.4230376144493,0.0,0.0
35.48459172655083,100000000.0,644.7555371696436,644.7555371696436,211.5139597354845,0.0,0.0
35.48459172655083,100000000.0,644.8489772123341,644.8489772123339,211.60739977817508,0.0,0.0
35.48459172655083,100000000.0,645.0950800699189,645.0950800699189,211.85350263575984,0.0,0.0
35.48459172655083,100000000.0,645.4466562123266,645.4466562123267,212.2050787781676,0.0,0.0
35.48459172655083,100000000.0,645.4707756445953,645.4707756445952,212.2291982104362,0.0,0.0
35.48459172655083,100000000.0,645.4835527776266,645.4835527776266,212.2419753434676,0.0,0.0
35.48459172655083,100000000.0,645.5608997947375,645.5608997947377,212.31932236057858,0.0,0.0
35.48459172655083,100000000.0,645.7884765554003,645.7884765554003,212.54689912124118,0.0,0.0
35.48459172655083,100000000.0,646.0032290730628,646.003229073063,212.76165163890388,0.0,0.0
35.48459172655083,100000000.0,646.0451825352179,646.0451825352181,212.803605101059,0.0,0.0
35.48459172655083,100000000.0,646.1423130915952,646.1423130915952,212.90073565743617,0.0,0.0
35.48459172655083,100000000.0,-1.0,575.579801420368,185.20077689941093,1.0,1.0
35.48459172655083,100000000.0,646.616473952365,646.6164739523653,213.37489651820619,0.0,0.0
35.48459172655083,100000000.0,646.6346493603949,646.6346493603947,213.39307192623576,0.0,0.0
35.48459172655083,100000000.0,-1.0,575.817256762112,194.8196525838779,1.0,1.0
35.48459172655083,100000000.0,-1.0,575.8360669602736,192.92783216219516,1.0,1.0
35.48459172655083,100000000.0,646.8413630525421,646.841363052542,213.5997856183829,0.0,0.0
35.48459172655083,100000000.0,647.080697816775,647.0806978167752,213.83912038261602,0.0,0.0
35.48459172655083,100000000.0,647.1088780656049,647.1088780656048,213.86730063144577,0.0,0.0
35.48459172655083,100000000.0,-1.0,576.2388102444304,186.8166975313569,1.0,1.0
35.48459172655083,100000000.0,647.4394329227365,647.4394329227366,214.19785548857752,0.0,0.0
35.48459172655083,100000000.0,647.5221453586879,647.5221453586878,214.2805679245287,0.0,0.0
35.48459172655083,100000000.0,647.8168312480555,647.8168312480555,214.5752538138965,0.0,0.0
35.48459172655083,100000000.0,647.9091067722644,647.9091067722645,214.6675293381053,0.0,0.0
35.48459172655083,100000000.0,-1.0,576.9474140139257,192.41329455126325,1.0,1.0
35.48459172655083,100000000.0,647.9437886393674,647.9437886393674,214.70221120520833,0.0,0.0
35.48459172655083,100000000.0,648.0403703148398,648.04037031484,214.79879288068094,0.0,0.0
35.48459172655083,100000000.0,-1.0,577.196731807604,192.3641106720129,1.0,1.0
35.48459172655083,100000000.0,648.3220539689988,648.3220539689992,215.0804765348399,0.0,0.0
35.48459172655083,100000000.0,648.3591680292142,648.3591680292141,215.11759059505508,0.0,0.0
35.48459172655083,100000000.0,648.5393082869623,648.5393082869622,215.29773085280326,0.0,0.0
35.48459172655083,100000000.0,-1.0,577.7825741844368,198.6565770329112,1.0,1.0
35.48459172655083,100000000.0,648.8222302298357,648.8222302298357,215.5806527956766,0.0,0.0
35.48459172655083,100000000.0,-1.0,577.9931324532497,194.60258905708721,1.0,1.0
35.48459172655083,100000000.0,649.5555058147797,649.5555058147797,216.3139283806206,0.0,0.0
35.48459172655083,100000000.0,649.8805990483929,649.8805990483927,216.6390216142338,0.0,0.0
35.48459172655083,100000000.0,-1.0,579.0965870323935,189.25205563621162,1.0,1.0
35.48459172655083,100000000.0,650.2370773373842,650.2370773373841,216.99549990322512,0.0,0.0
35.48459172655083,100000000.0,650.3614985855235,650.3614985855235,217.11992115136454,0.0,0.0
35.48459172655083,100000000.0,650.4137446551899,650.4137446551899,217.1721672210309,0.0,0.0
35.48459172655083,100000000.0,-1.0,579.5862172884514,203.33729720753163,1.0,1.0
35.48459172655083,100000000.0,650.7496537558067,650.7496537558065,217.50807632164762,0.0,0.0
35.48459172655083,100000000.0,650.8637568330629,650.8637568330629,217.6221793989038,0.0,0.0
35.48459172655083,100000000.0,651.0689077893162,651.0689077893162,217.8273303551572,0.0,0.0
35.48459172655083,100000000.0,651.0800602956041,651.0800602956041,217.83848286144507,0.0,0.0
35.48459172655083,100000000.0,651.0833313191059,651.0833313191059,217.84175388494688,0.0,0.0
35.48459172655083,100000000.0,651.2698434066756,651.2698434066756,218.02826597251644,0.0,0.0
35.48459172655083,100000000.0,-1.0,580.3568715493611,184.6873973265415,1.0,1.0
35.48459172655083,100000000.0,-1.0,580.6772096432113,198.26452265811116,1.0,1.0
35.48459172655083,100000000.0,651.6531929289348,651.6531929289349,218.41161549477593,0.0,0.0
35.48459172655083,100000000.0,651.6837202807409,651.6837202807408,218.4421428465818,0.0,0.0
35.48459172655083,100000000.0,651.7333941737162,651.7333941737161,218.4918167395571,0.0,0.0
35.48459172655083,100000000.0,-1.0,580.7771668247694,199.50155276325177,1.0,1.0
35.48459172655083,100000000.0,652.0149827676379,652.0149827676379,218.77340533347888,0.0,0.0
35.48459172655083,100000000.0,652.2509545411034,652.2509545411034,219.00937710694438,0.0,0.0
35.48459172655083,100000000.0,-1.0,581.426732743318,198.7722979144783,1.0,1.0
35.48459172655083,100000000.0,652.5925898820195,652.5925898820195,219.3510124478606,0.0,0.0
35.48459172655083,100000000.0,652.7726556948536,652.7726556948536,219.53107826069456,0.0,0.0
35.48459172655083,100000000.0,-1.0,582.0327990292002,200.13715279624734,1.0,1.0
35.48459172655083,100000000.0,653.3756777525571,653.375677752557,220.1341003183979,0.0,0.0
35.48459172655083,100000000.0,653.4623641087065,653.4623641087067,220.22078667454758,0.0,0.0
35.48459172655083,100000000.0,654.3159814829191,654.3159814829189,221.07440404876004,0.0,0.0
35.48459172655083,100000000.0,654.3863478746835,654.3863478746835,221.14477044052427,0.0,0.0
35.48459172655083,100000000.0,654.5955914531154,654.5955914531154,221.3540140189564,0.0,0.0
35.48459172655083,100000000.0,654.754975338765,654.7549753387651,221.51339790460597,0.0,0.0
35.48459172655083,100000000.0,654.8821173988688,654.8821173988689,221.6405399647098,0.0,0.0
35.48459172655083,100000000.0,654.9325489092133,654.9325489092133,221.6909714750542,0.0,0.0
35.48459172655083,100000000.0,-1.0,584.1104126599288,199.74166739072288,1.0,1.0
35.48459172655083,100000000.0,655.8059287207276,655.8059287207277,222.56435128656864,0.0,0.0
35.48459172655083,100000000.0,-1.0,585.6575779366993,203.11730404330876,1.0,1.0
35.48459172655083,100000000.0,656.8355691185048,656.8355691185046,223.59399168434567,0.0,0.0
35.48459172655083,100000000.0,656.8502594114342,656.8502594114341,223.60868197727507,0.0,0.0
35.48459172655083,100000000.0,657.0726729941864,657.0726729941865,223.83109556002745,0.0,0.0
35.48459172655083,100000000.0,657.5982696478578,657.5982696478577,224.3566922136986,0.0,0.0
35.48459172655083,100000000.0,-1.0,587.6496881287497,195.22139655757258,1.0,1.0
35.48459172655083,100000000.0,658.6360699576009,658.6360699576009,225.39449252344193,0.0,0.0
35.48459172655083,100000000.0,658.847529346282,658.8475293462819,225.60595191212298,0.0,0.0
35.48459172655083,100000000.0,-1.0,588.9651922522064,197.299571032836,1.0,1.0
35.48459172655083,100000000.0,660.3480911628411,660.3480911628412,227.10651372868224,0.0,0.0
35.48459172655083,100000000.0,660.990477832012,660.990477832012,227.74890039785302,0.0,0.0
35.48459172655083,100000000.0,-1.0,592.5513489629536,200.9505432646331,1.0,1.0
35.48459172655083,100000000.0,-1.0,593.7767261789962,201.02420123511368,1.0,1.0
35.48459172655083,100000000.0,665.3296802355654,665.3296802355653,232.0881028014063,0.0,0.0
35.48459172655083,100000000.0,667.1366377353794,667.1366377353793,233.89506030122027,0.0,0.0
35.60406846637087,100000000.0,625.0059824920445,625.0059824920443,191.76440505788534,0.0,0.0
35.60406846637087,100000000.0,630.5200390001859,630.5200390001859,197.27846156602678,0.0,0.0
35.60406846637087,100000000.0,632.9763200343208,632.9763200343207,199.7347426001616,0.0,0.0
35.60406846637087,100000000.0,633.1324211416742,633.1324211416743,199.89084370751522,0.0,0.0
35.60406846637087,100000000.0,634.1832023825733,634.1832023825732,200.94162494841405,0.0,0.0
35.60406846637087,100000000.0,634.9798370158421,634.9798370158422,201.73825958168314,0.0,0.0
35.60406846637087,100000000.0,635.5771869203855,635.5771869203855,202.33560948622653,0.0,0.0
35.60406846637087,100000000.0,637.1877875639332,637.1877875639334,203.94621012977413,0.0,0.0
35.60406846637087,100000000.0,637.1944417281294,637.1944417281294,203.9528642939703,0.0,0.0
35.60406846637087,100000000.0,637.4975990000078,637.4975990000077,204.25602156584853,0.0,0.0
35.60406846637087,100000000.0,637.5957303448323,637.5957303448323,204.3541529106734,0.0,0.0
35.60406846637087,100000000.0,637.834378586028,637.834378586028,204.592801151869,0.0,0.0
35.60406846637087,100000000.0,638.2254691567682,638.2254691567682,204.98389172260917,0.0,0.0
35.60406846637087,100000000.0,-1.0,567.2588813240213,181.57094727838995,1.0,1.0
35.60406846637087,100000000.0,638.477184904959,638.477184904959,205.2356074707999,0.0,0.0
35.60406846637087,100000000.0,-1.0,567.7475117770857,185.23145712583374,1.0,1.0
35.60406846637087,100000000.0,639.7263837719961,639.7263837719961,206.48480633783703,0.0,0.0
35.60406846637087,100000000.0,639.8112409450154,639.8112409450152,206.56966351085617,0.0,0.0
35.60406846637087,100000000.0,639.918455755713,639.9184557557129,206.67687832155394,0.0,0.0
35.60406846637087,100000000.0,640.3468996148712,640.3468996148713,207.10532218071214,0.0,0.0
35.60406846637087,100000000.0,640.4966561110675,640.4966561110678,207.25507867690865,0.0,0.0
35.60406846637087,100000000.0,-1.0,569.3334135948268,188.05779953330915,1.0,1.0
35.60406846637087,100000000.0,-1.0,569.761464334668,185.45917841672897,1.0,1.0
35.60406846637087,100000000.0,640.9879000305144,640.9879000305144,207.74632259635533,0.0,0.0
35.60406846637087,100000000.0,641.0172760990692,641.0172760990692,207.77569866491012,0.0,0.0
35.60406846637087,100000000.0,641.7916243377476,641.7916243377479,208.55004690358862,0.0,0.0
35.60406846637087,100000000.0,642.329654175527,642.3296541755273,209.08807674136804,0.0,0.0
35.60406846637087,100000000.0,642.7384967025899,642.7384967025898,209.49691926843082,0.0,0.0
35.60406846637087,100000000.0,642.7450345774829,642.745034577483,209.50345714332397,0.0,0.0
35.60406846637087,100000000.0,643.0448646366203,643.0448646366201,209.80328720246123,0.0,0.0
35.60406846637087,100000000.0,643.2455190579882,643.2455190579882,210.00394162382912,0.0,0.0
35.60406846637087,100000000.0,643.3414933270191,643.3414933270193,210.09991589286008,0.0,0.0
35.60406846637087,100000000.0,643.4211798445251,643.4211798445251,210.17960241036604,0.0,0.0
35.60406846637087,100000000.0,643.4537506384603,643.4537506384606,210.21217320430145,0.0,0.0
35.60406846637087,100000000.0,643.6966831570659,643.6966831570659,210.45510572290678,0.0,0.0
35.60406846637087,100000000.0,-1.0,572.5068457078107,185.33361351509544,1.0,1.0
35.60406846637087,100000000.0,644.0013306927643,644.0013306927642,210.75975325860517,0.0,0.0
35.60406846637087,100000000.0,644.1415939281341,644.141593928134,210.90001649397487,0.0,0.0
35.60406846637087,100000000.0,644.3577440478427,644.3577440478429,211.11616661368373,0.0,0.0
35.60406846637087,100000000.0,644.3610070652207,644.3610070652211,211.1194296310618,0.0,0.0
35.60406846637087,100000000.0,-1.0,573.2852627631968,190.6308279343571,1.0,1.0
35.60406846637087,100000000.0,644.5041430694966,644.5041430694968,211.2625656353376,0.0,0.0
35.60406846637087,100000000.0,644.5799037599368,644.5799037599368,211.3383263257778,0.0,0.0
35.60406846637087,100000000.0,644.8798431055548,644.8798431055545,211.6382656713956,0.0,0.0
35.60406846637087,100000000.0,-1.0,573.7155792401657,192.4399651786479,1.0,1.0
35.60406846637087,100000000.0,-1.0,573.7843924527748,190.74757852037692,1.0,1.0
35.60406846637087,100000000.0,645.0724353107155,645.0724353107154,211.8308578765565,0.0,0.0
35.60406846637087,100000000.0,645.0964154000219,645.096415400022,211.85483796586297,0.0,0.0
35.60406846637087,100000000.0,645.2854368216992,645.2854368216991,212.04385938754007,0.0,0.0
35.60406846637087,100000000.0,-1.0,574.1651016803659,190.97159378346637,1.0,1.0
35.60406846637087,100000000.0,645.4186036979634,645.4186036979634,212.17702626380432,0.0,0.0
35.60406846637087,100000000.0,-1.0,574.3964675462171,188.49823907082177,1.0,1.0
35.60406846637087,100000000.0,645.8383991783232,645.8383991783232,212.59682174416426,0.0,0.0
35.60406846637087,100000000.0,646.0333720426066,646.0333720426066,212.79179460844767,0.0,0.0
35.60406846637087,100000000.0,-1.0,574.9150841257255,193.01943789277257,1.0,1.0
35.60406846637087,100000000.0,646.4901844089766,646.4901844089766,213.2486069748175,0.0,0.0
35.60406846637087,100000000.0,646.604224762995,646.6042247629952,213.36264732883618,0.0,0.0
35.60406846637087,100000000.0,646.6089836695683,646.6089836695683,213.3674062354091,0.0,0.0
35.60406846637087,100000000.0,-1.0,575.4718379288722,191.69341515304959,1.0,1.0
35.60406846637087,100000000.0,-1.0,575.7124762265814,193.32949891953314,1.0,1.0
35.60406846637087,100000000.0,647.0263182404643,647.0263182404642,213.78474080630522,0.0,0.0
35.60406846637087,100000000.0,-1.0,575.8364801231969,190.01763510473194,1.0,1.0
35.60406846637087,100000000.0,647.1958091174779,647.195809117478,213.95423168331902,0.0,0.0
35.60406846637087,100000000.0,647.2516255377747,647.2516255377747,214.01004810361582,0.0,0.0
35.60406846637087,100000000.0,647.4901532898076,647.4901532898077,214.24857585564865,0.0,0.0
35.60406846637087,100000000.0,647.590941761506,647.5909417615062,214.3493643273471,0.0,0.0
35.60406846637087,100000000.0,647.5933394185975,647.5933394185976,214.3517619844386,0.0,0.0
35.60406846637087,100000000.0,-1.0,576.4338942046176,188.52654189997446,1.0,1.0
35.60406846637087,100000000.0,647.846934164527,647.8469341645268,214.60535673036787,0.0,0.0
35.60406846637087,100000000.0,-1.0,577.3694079070931,195.47376167414035,1.0,1.0
35.60406846637087,100000000.0,-1.0,577.3762611617803,196.1898260291053,1.0,1.0
35.60406846637087,100000000.0,648.7114019579125,648.7114019579124,215.46982452375346,0.0,0.0
35.60406846637087,100000000.0,648.829880336769,648.8298803367687,215.58830290260977,0.0,0.0
35.60406846637087,100000000.0,649.0169031150206,649.0169031150208,215.7753256808616,0.0,0.0
35.60406846637087,100000000.0,-1.0,577.8499083562384,195.48799232053295,1.0,1.0
35.60406846637087,100000000.0,-1.0,577.9239113576266,191.4525087179539,1.0,1.0
35.60406846637087,100000000.0,649.2894569349024,649.2894569349025,216.04787950074336,0.0,0.0
35.60406846637087,100000000.0,649.2982376443198,649.2982376443198,216.0566602101608,0.0,0.0
35.60406846637087,100000000.0,-1.0,578.3970018774817,193.71697938294574,1.0,1.0
35.60406846637087,100000000.0,649.6933589164238,649.6933589164236,216.45178148226478,0.0,0.0
35.60406846637087,100000000.0,-1.0,578.4887375188763,190.1643117857728,1.0,1.0
35.60406846637087,100000000.0,-1.0,578.4994770715947,190.4393107422792,1.0,1.0
35.60406846637087,100000000.0,649.7705314400112,649.7705314400114,216.5289540058522,0.0,0.0
35.60406846637087,100000000.0,-1.0,578.5927675184777,196.07671286722572,1.0,1.0
35.60406846637087,100000000.0,650.1420765214318,650.1420765214318,216.90049908727266,0.0,0.0
35.60406846637087,100000000.0,650.2339026656977,650.2339026656977,216.9923252315386,0.0,0.0
35.60406846637087,100000000.0,650.3373623870312,650.3373623870314,217.0957849528722,0.0,0.0
35.60406846637087,100000000.0,650.5330226915521,650.5330226915523,217.29144525739318,0.0,0.0
35.60406846637087,100000000.0,650.5783509368244,650.5783509368246,217.33677350266538,0.0,0.0
35.60406846637087,100000000.0,-1.0,579.441151666677,190.95789731749258,1.0,1.0
35.60406846637087,100000000.0,651.0004932986695,651.0004932986697,217.75891586451053,0.0,0.0
35.60406846637087,100000000.0,651.0559980401206,651.0559980401206,217.81442060596152,0.0,0.0
35.60406846637087,100000000.0,651.1650069192614,651.1650069192613,217.92342948510222,0.0,0.0
35.60406846637087,100000000.0,651.2463445846403,651.2463445846402,218.00476715048111,0.0,0.0
35.60406846637087,100000000.0,651.4602355668957,651.4602355668957,218.21865813273678,0.0,0.0
35.60406846637087,100000000.0,651.5093717636183,651.5093717636182,218.26779432945924,0.0,0.0
35.60406846637087,100000000.0,651.5743755465897,651.5743755465894,218.33279811243048,0.0,0.0
35.60406846637087,100000000.0,651.9751952021802,651.9751952021801,218.73361776802128,0.0,0.0
35.60406846637087,100000000.0,652.1468706505619,652.146870650562,218.90529321640295,0.0,0.0
35.60406846637087,100000000.0,-1.0,580.9654291027545,183.22167393521494,1.0,1.0
35.60406846637087,100000000.0,652.3231008452843,652.3231008452846,219.08152341112546,0.0,0.0
35.60406846637087,100000000.0,-1.0,582.6985150405491,198.37185804191506,1.0,1.0
35.60406846637087,100000000.0,-1.0,582.782143219336,199.08026377960664,1.0,1.0
35.60406846637087,100000000.0,654.0046635681747,654.0046635681746,220.7630861340156,0.0,0.0
35.60406846637087,100000000.0,-1.0,583.0264252231107,199.9398325673472,1.0,1.0
35.60406846637087,100000000.0,654.5199226652312,654.5199226652312,221.27834523107228,0.0,0.0
35.60406846637087,100000000.0,-1.0,583.373292383046,204.45255055625043,1.0,1.0
35.60406846637087,100000000.0,654.6255622551184,654.6255622551184,221.38398482095937,0.0,0.0
35.60406846637087,100000000.0,-1.0,583.4908743142239,186.8139511455393,1.0,1.0
35.60406846637087,100000000.0,655.412327544425,655.4123275444249,222.17075011026574,0.0,0.0
35.60406846637087,100000000.0,-1.0,584.2999921860697,192.90444181247926,1.0,1.0
35.60406846637087,100000000.0,656.3509465459784,656.3509465459783,223.10936911181938,0.0,0.0
35.60406846637087,100000000.0,656.3697005677251,656.3697005677252,223.1281231335661,0.0,0.0
35.60406846637087,100000000.0,656.405696323433,656.4056963234327,223.16411888927388,0.0,0.0
35.60406846637087,100000000.0,657.2394380274064,657.2394380274065,223.99786059324748,0.0,0.0
35.60406846637087,100000000.0,657.3119778913565,657.3119778913566,224.07040045719742,0.0,0.0
35.60406846637087,100000000.0,657.4355589020298,657.4355589020299,224.19398146787074,0.0,0.0
35.60406846637087,100000000.0,657.5139183931589,657.5139183931591,224.27234095900005,0.0,0.0
35.60406846637087,100000000.0,657.8605678058121,657.8605678058118,224.61899037165298,0.0,0.0
35.60406846637087,100000000.0,-1.0,587.2824713500057,200.40698046621765,1.0,1.0
35.60406846637087,100000000.0,-1.0,587.6126982284293,201.71446975303388,1.0,1.0
35.60406846637087,100000000.0,659.3969794913713,659.3969794913716,226.1554020572124,0.0,0.0
35.60406846637087,100000000.0,660.85157159835,660.85157159835,227.60999416419094,0.0,0.0
35.60406846637087,100000000.0,-1.0,590.4187478070719,202.9019457455594,1.0,1.0
35.60406846637087,100000000.0,664.7154958449529,664.7154958449529,231.47391841079389,0.0,0.0
35.60406846637087,100000000.0,-1.0,594.0677109792596,211.70771040399262,1.0,1.0
35.60406846637087,100000000.0,666.2735235842413,666.2735235842413,233.03194615008206,0.0,0.0
35.60406846637087,100000000.0,667.0040687013295,667.0040687013292,233.76249126717025,0.0,0.0
35.723545206190906,100000000.0,630.1302948993157,630.1302948993157,196.88871746515667,0.0,0.0
35.723545206190906,100000000.0,631.242191833002,631.242191833002,198.00061439884294,0.0,0.0
35.723545206190906,100000000.0,634.2157669698173,634.2157669698173,200.97418953565827,0.0,0.0
35.723545206190906,100000000.0,-1.0,562.9695146489929,175.06216234434967,1.0,1.0
35.723545206190906,100000000.0,634.8875463520283,634.8875463520283,201.64596891786897,0.0,0.0
35.723545206190906,100000000.0,-1.0,563.4563490331136,182.0646585757084,1.0,1.0
35.723545206190906,100000000.0,635.0875132856557,635.0875132856559,201.84593585149673,0.0,0.0
35.723545206190906,100000000.0,635.9058952684314,635.9058952684315,202.66431783427245,0.0,0.0
35.723545206190906,100000000.0,635.9772580195621,635.9772580195621,202.735680585403,0.0,0.0
35.723545206190906,100000000.0,636.404728076952,636.4047280769519,203.16315064279289,0.0,0.0
35.723545206190906,100000000.0,636.7785750622874,636.7785750622872,203.53699762812835,0.0,0.0
35.723545206190906,100000000.0,637.0285386182871,637.0285386182874,203.78696118412813,0.0,0.0
35.723545206190906,100000000.0,637.0723548348427,637.0723548348426,203.83077740068364,0.0,0.0
35.723545206190906,100000000.0,-1.0,565.8405264324789,184.37904638785938,1.0,1.0
35.723545206190906,100000000.0,637.7711907046894,637.7711907046893,204.5296132705303,0.0,0.0
35.723545206190906,100000000.0,-1.0,567.3287294147509,179.45385024993098,1.0,1.0
35.723545206190906,100000000.0,639.2592088470547,639.2592088470549,206.01763141289564,0.0,0.0
35.723545206190906,100000000.0,639.3045350267553,639.3045350267553,206.06295759259618,0.0,0.0
35.723545206190906,100000000.0,-1.0,567.8606971920741,188.93995536527856,1.0,1.0
35.723545206190906,100000000.0,639.3752712695363,639.3752712695364,206.1336938353773,0.0,0.0
35.723545206190906,100000000.0,639.4388253755966,639.4388253755966,206.19724794143758,0.0,0.0
35.723545206190906,100000000.0,-1.0,568.3304569063353,186.93876644893007,1.0,1.0
35.723545206190906,100000000.0,640.0339555515043,640.0339555515044,206.79237811734532,0.0,0.0
35.723545206190906,100000000.0,640.0689085915392,640.0689085915391,206.8273311573801,0.0,0.0
35.723545206190906,100000000.0,640.239279068548,640.2392790685482,206.99770163438902,0.0,0.0
35.723545206190906,100000000.0,-1.0,569.1526328324484,181.7265346589867,1.0,1.0
35.723545206190906,100000000.0,640.8870048627904,640.8870048627905,207.64542742863145,0.0,0.0
35.723545206190906,100000000.0,640.9043297927846,640.9043297927846,207.66275235862548,0.0,0.0
35.723545206190906,100000000.0,-1.0,570.0800424130488,185.71129714384284,1.0,1.0
35.723545206190906,100000000.0,641.6710945465724,641.6710945465725,208.4295171124133,0.0,0.0
35.723545206190906,100000000.0,641.9024659562831,641.9024659562833,208.66088852212403,0.0,0.0
35.723545206190906,100000000.0,642.5526275305084,642.5526275305084,209.31105009634928,0.0,0.0
35.723545206190906,100000000.0,-1.0,571.2681857687577,171.61683479184788,1.0,1.0
35.723545206190906,100000000.0,642.9449154318853,642.9449154318852,209.70333799772615,0.0,0.0
35.723545206190906,100000000.0,-1.0,571.5717764813617,189.77000439496365,1.0,1.0
35.723545206190906,100000000.0,-1.0,571.6241328270776,182.56505769047442,1.0,1.0
35.723545206190906,100000000.0,643.4339330104791,643.4339330104791,210.19235557632004,0.0,0.0
35.723545206190906,100000000.0,-1.0,572.0120736419831,184.49527158047056,1.0,1.0
35.723545206190906,100000000.0,643.5072371379655,643.5072371379655,210.26565970380642,0.0,0.0
35.723545206190906,100000000.0,643.6295731458964,643.6295731458964,210.38799571173732,0.0,0.0
35.723545206190906,100000000.0,643.9248577847081,643.924857784708,210.68328035054898,0.0,0.0
35.723545206190906,100000000.0,-1.0,572.5752510014914,186.8421938748143,1.0,1.0
35.723545206190906,100000000.0,644.0361200131786,644.0361200131786,210.7945425790195,0.0,0.0
35.723545206190906,100000000.0,644.3707926880485,644.3707926880486,211.12921525388944,0.0,0.0
35.723545206190906,100000000.0,644.5319028685146,644.5319028685147,211.29032543435562,0.0,0.0
35.723545206190906,100000000.0,-1.0,573.2745684466292,182.3071368927274,1.0,1.0
35.723545206190906,100000000.0,644.7325301991367,644.7325301991367,211.4909527649776,0.0,0.0
35.723545206190906,100000000.0,644.7331807422781,644.7331807422783,211.49160330811912,0.0,0.0
35.723545206190906,100000000.0,-1.0,573.3437028768142,192.0680888152965,1.0,1.0
35.723545206190906,100000000.0,644.8849376335859,644.8849376335859,211.64336019942678,0.0,0.0
35.723545206190906,100000000.0,645.079380890332,645.0793808903319,211.83780345617296,0.0,0.0
35.723545206190906,100000000.0,645.1602300888173,645.1602300888172,211.9186526546582,0.0,0.0
35.723545206190906,100000000.0,645.6068776160843,645.6068776160843,212.36530018192528,0.0,0.0
35.723545206190906,100000000.0,646.4932626011151,646.4932626011152,213.25168516695604,0.0,0.0
35.723545206190906,100000000.0,646.5061100691596,646.5061100691596,213.26453263500053,0.0,0.0
35.723545206190906,100000000.0,-1.0,575.1584788386597,188.53744452834675,1.0,1.0
35.723545206190906,100000000.0,646.6763218952897,646.6763218952896,213.43474446113052,0.0,0.0
35.723545206190906,100000000.0,-1.0,575.2499730380966,194.68987444188556,1.0,1.0
35.723545206190906,100000000.0,646.7258569869872,646.7258569869873,213.48427955282816,0.0,0.0
35.723545206190906,100000000.0,646.9824139812825,646.9824139812827,213.74083654712368,0.0,0.0
35.723545206190906,100000000.0,-1.0,576.1472181934216,188.08705186410617,1.0,1.0
35.723545206190906,100000000.0,647.7307929167141,647.7307929167142,214.48921548255495,0.0,0.0
35.723545206190906,100000000.0,648.0888696193653,648.0888696193653,214.84729218520607,0.0,0.0
35.723545206190906,100000000.0,648.8863814837567,648.8863814837566,215.64480404959758,0.0,0.0
35.723545206190906,100000000.0,-1.0,577.6117393792503,194.01918258652938,1.0,1.0
35.723545206190906,100000000.0,649.1628694870975,649.1628694870975,215.92129205293855,0.0,0.0
35.723545206190906,100000000.0,649.2846928715106,649.2846928715106,216.04311543735162,0.0,0.0
35.723545206190906,100000000.0,-1.0,577.9087416569587,197.2364904867079,1.0,1.0
35.723545206190906,100000000.0,649.4502522112268,649.4502522112269,216.20867477706776,0.0,0.0
35.723545206190906,100000000.0,-1.0,578.0424248909931,186.26501340551988,1.0,1.0
35.723545206190906,100000000.0,-1.0,578.0694233028373,191.83017345493968,1.0,1.0
35.723545206190906,100000000.0,-1.0,578.2540773456238,187.40822246371147,1.0,1.0
35.723545206190906,100000000.0,-1.0,506.82109348568594,170.44025922302,2.0,2.0
35.723545206190906,100000000.0,649.9692853930383,649.9692853930383,216.7277079588792,0.0,0.0
35.723545206190906,100000000.0,650.3955994962711,650.395599496271,217.15402206211206,0.0,0.0
35.723545206190906,100000000.0,650.4911487446569,650.4911487446569,217.24957131049806,0.0,0.0
35.723545206190906,100000000.0,-1.0,579.0784050331694,191.98426778447032,1.0,1.0
35.723545206190906,100000000.0,650.7103912564891,650.7103912564888,217.4688138223299,0.0,0.0
35.723545206190906,100000000.0,650.8017169410787,650.8017169410788,217.56013950691968,0.0,0.0
35.723545206190906,100000000.0,650.8600925363837,650.8600925363837,217.61851510222473,0.0,0.0
35.723545206190906,100000000.0,650.9190981235705,650.9190981235705,217.6775206894115,0.0,0.0
35.723545206190906,100000000.0,650.9383158411856,650.9383158411856,217.69673840702646,0.0,0.0
35.723545206190906,100000000.0,651.0885832746369,651.0885832746369,217.84700584047786,0.0,0.0
35.723545206190906,100000000.0,651.1946591116626,651.1946591116626,217.95308167750352,0.0,0.0
35.723545206190906,100000000.0,651.2571018134147,651.2571018134144,218.01552437925548,0.0,0.0
35.723545206190906,100000000.0,651.5380149621881,651.5380149621881,218.29643752802903,0.0,0.0
35.723545206190906,100000000.0,651.582419551389,651.5824195513889,218.3408421172297,0.0,0.0
35.723545206190906,100000000.0,652.0053083843246,652.0053083843246,218.76373095016558,0.0,0.0
35.723545206190906,100000000.0,652.0707158358472,652.0707158358471,218.82913840168806,0.0,0.0
35.723545206190906,100000000.0,-1.0,580.7002459383999,197.998325304046,1.0,1.0
35.723545206190906,100000000.0,652.1700924209481,652.1700924209481,218.92851498678905,0.0,0.0
35.723545206190906,100000000.0,652.2374367451167,652.2374367451165,218.99585931095757,0.0,0.0
35.723545206190906,100000000.0,652.2448398122638,652.244839812264,219.00326237810478,0.0,0.0
35.723545206190906,100000000.0,-1.0,580.9155897505482,193.90962178100136,1.0,1.0
35.723545206190906,100000000.0,652.5186158839839,652.518615883984,219.27703844982494,0.0,0.0
35.723545206190906,100000000.0,652.7070210741649,652.7070210741648,219.46544364000576,0.0,0.0
35.723545206190906,100000000.0,652.9543571813698,652.9543571813699,219.71277974721087,0.0,0.0
35.723545206190906,100000000.0,653.4855338311228,653.485533831123,220.24395639696385,0.0,0.0
35.723545206190906,100000000.0,653.7033889288585,653.7033889288587,220.46181149469953,0.0,0.0
35.723545206190906,100000000.0,653.9674588913176,653.9674588913176,220.72588145715855,0.0,0.0
35.723545206190906,100000000.0,654.0553260143934,654.0553260143931,220.81374858023418,0.0,0.0
35.723545206190906,100000000.0,654.1614503508636,654.1614503508637,220.91987291670455,0.0,0.0
35.723545206190906,100000000.0,-1.0,583.5582310841238,195.65999605221367,1.0,1.0
35.723545206190906,100000000.0,655.1837921767577,655.1837921767576,221.94221474259862,0.0,0.0
35.723545206190906,100000000.0,-1.0,583.8087334717704,192.78211539889205,1.0,1.0
35.723545206190906,100000000.0,-1.0,583.8524370422166,199.08160680214385,1.0,1.0
35.723545206190906,100000000.0,-1.0,584.0100364375335,197.5450562032057,1.0,1.0
35.723545206190906,100000000.0,655.5162685576565,655.5162685576563,222.27469112349746,0.0,0.0
35.723545206190906,100000000.0,-1.0,585.136633648659,188.25570862802113,1.0,1.0
35.723545206190906,100000000.0,657.0624688233713,657.0624688233712,223.82089138921236,0.0,0.0
35.723545206190906,100000000.0,657.5881554014755,657.5881554014757,224.3465779673165,0.0,0.0
35.723545206190906,100000000.0,657.8756327380147,657.8756327380147,224.63405530385566,0.0,0.0
35.723545206190906,100000000.0,658.3747913986521,658.374791398652,225.1332139644929,0.0,0.0
35.723545206190906,100000000.0,658.5668715560898,658.5668715560897,225.3252941219307,0.0,0.0
35.723545206190906,100000000.0,659.2972786337749,659.2972786337747,226.05570119961564,0.0,0.0
35.723545206190906,100000000.0,659.3285861666434,659.3285861666434,226.08700873248435,0.0,0.0
35.723545206190906,100000000.0,-1.0,588.1155255584121,207.12542880889734,1.0,1.0
35.723545206190906,100000000.0,-1.0,516.7776519949156,183.51843783827522,2.0,2.0
35.723545206190906,100000000.0,659.7125296494869,659.7125296494869,226.470952215328,0.0,0.0
35.723545206190906,100000000.0,660.0571579032652,660.0571579032652,226.81558046910618,0.0,0.0
35.723545206190906,100000000.0,-1.0,588.6336868976582,184.86373416099508,1.0,1.0
35.723545206190906,100000000.0,-1.0,588.9247414394257,198.54763237890708,1.0,1.0
35.723545206190906,100000000.0,660.4825858182595,660.4825858182596,227.24100838410044,0.0,0.0
35.723545206190906,100000000.0,660.5580654065345,660.5580654065346,227.31648797237548,0.0,0.0
35.723545206190906,100000000.0,-1.0,591.6572641937521,209.0166098765489,1.0,1.0
35.723545206190906,100000000.0,665.7806173568542,665.7806173568542,232.53903992269525,0.0,0.0
35.723545206190906,100000000.0,666.2422756719577,666.2422756719579,233.00069823779876,0.0,0.0
35.723545206190906,100000000.0,666.7430760017623,666.7430760017623,233.50149856760328,0.0,0.0
35.84302194601094,100000000.0,632.9169742335464,632.9169742335464,199.67539679938744,0.0,0.0
35.84302194601094,100000000.0,634.7832807717258,634.7832807717259,201.54170333756676,0.0,0.0
35.84302194601094,100000000.0,635.3618253765284,635.3618253765284,202.1202479423694,0.0,0.0
35.84302194601094,100000000.0,635.4713137042997,635.4713137042997,202.22973627014073,0.0,0.0
35.84302194601094,100000000.0,-1.0,564.8714310329943,181.15242761327562,1.0,1.0
35.84302194601094,100000000.0,637.175382791512,637.175382791512,203.93380535735295,0.0,0.0
35.84302194601094,100000000.0,638.4550963144583,638.4550963144584,205.21351888029926,0.0,0.0
35.84302194601094,100000000.0,639.9500248786957,639.9500248786958,206.70844744453674,0.0,0.0
35.84302194601094,100000000.0,640.2672322344363,640.2672322344363,207.02565480027718,0.0,0.0
35.84302194601094,100000000.0,-1.0,568.8688274490999,186.9731812161471,1.0,1.0
35.84302194601094,100000000.0,640.6772154760962,640.6772154760961,207.4356380419371,0.0,0.0
35.84302194601094,100000000.0,640.887819076052,640.8878190760522,207.64624164189314,0.0,0.0
35.84302194601094,100000000.0,641.0740550686252,641.0740550686253,207.83247763446613,0.0,0.0
35.84302194601094,100000000.0,641.8179047018613,641.8179047018612,208.57632726770217,0.0,0.0
35.84302194601094,100000000.0,-1.0,570.2995259824233,182.39217367778014,1.0,1.0
35.84302194601094,100000000.0,642.5411755702736,642.5411755702736,209.29959813611444,0.0,0.0
35.84302194601094,100000000.0,-1.0,570.9234077357006,179.92626650374672,1.0,1.0
35.84302194601094,100000000.0,642.693983296085,642.6939832960851,209.45240586192588,0.0,0.0
35.84302194601094,100000000.0,-1.0,571.1177508991725,187.98166407648523,1.0,1.0
35.84302194601094,100000000.0,-1.0,571.2403124478127,193.28459005194324,1.0,1.0
35.84302194601094,100000000.0,643.1142216981543,643.1142216981541,209.87264426399514,0.0,0.0
35.84302194601094,100000000.0,-1.0,571.5280329623247,192.2447392244567,1.0,1.0
35.84302194601094,100000000.0,643.2643788741652,643.2643788741653,210.0228014400063,0.0,0.0
35.84302194601094,100000000.0,643.5696519122106,643.5696519122108,210.3280744780516,0.0,0.0
35.84302194601094,100000000.0,643.6857571233394,643.6857571233394,210.44417968918026,0.0,0.0
35.84302194601094,100000000.0,643.9853644129304,643.9853644129304,210.7437869787713,0.0,0.0
35.84302194601094,100000000.0,644.3942396187484,644.3942396187485,211.15266218458947,0.0,0.0
35.84302194601094,100000000.0,-1.0,572.7247928172277,192.5033771154786,1.0,1.0
35.84302194601094,100000000.0,644.5257510727517,644.5257510727517,211.28417363859276,0.0,0.0
35.84302194601094,100000000.0,644.7907531468148,644.7907531468148,211.5491757126559,0.0,0.0
35.84302194601094,100000000.0,-1.0,573.1716417914814,187.27341331608608,1.0,1.0
35.84302194601094,100000000.0,644.9615681675607,644.9615681675607,211.7199907334017,0.0,0.0
35.84302194601094,100000000.0,-1.0,573.3428921701851,185.9167939967235,1.0,1.0
35.84302194601094,100000000.0,-1.0,573.8248606785488,192.44339840802036,1.0,1.0
35.84302194601094,100000000.0,645.5513981393005,645.5513981393007,212.30982070514168,0.0,0.0
35.84302194601094,100000000.0,-1.0,573.8777653931043,192.3837128680416,1.0,1.0
35.84302194601094,100000000.0,-1.0,573.958796420523,190.13408683602702,1.0,1.0
35.84302194601094,100000000.0,645.7016176363028,645.7016176363027,212.46004020214366,0.0,0.0
35.84302194601094,100000000.0,645.7752697769004,645.7752697769004,212.53369234274132,0.0,0.0
35.84302194601094,100000000.0,645.8393827284447,645.8393827284447,212.59780529428554,0.0,0.0
35.84302194601094,100000000.0,645.9117081112641,645.9117081112641,212.67013067710502,0.0,0.0
35.84302194601094,100000000.0,645.9844262374479,645.9844262374479,212.7428488032889,0.0,0.0
35.84302194601094,100000000.0,646.0249719434624,646.0249719434627,212.78339450930346,0.0,0.0
35.84302194601094,100000000.0,-1.0,574.6426478597823,188.85280954740955,1.0,1.0
35.84302194601094,100000000.0,646.4262610661675,646.4262610661675,213.18468363200833,0.0,0.0
35.84302194601094,100000000.0,646.5348739495647,646.5348739495648,213.29329651540573,0.0,0.0
35.84302194601094,100000000.0,646.5705718700723,646.5705718700722,213.32899443591305,0.0,0.0
35.84302194601094,100000000.0,646.8784873192255,646.8784873192255,213.63690988506656,0.0,0.0
35.84302194601094,100000000.0,647.201015493773,647.201015493773,213.9594380596139,0.0,0.0
35.84302194601094,100000000.0,-1.0,575.600758817097,182.74985292164095,1.0,1.0
35.84302194601094,100000000.0,-1.0,575.8723139589061,194.59669989738853,1.0,1.0
35.84302194601094,100000000.0,648.0719396818456,648.0719396818455,214.83036224768645,0.0,0.0
35.84302194601094,100000000.0,648.1716368291254,648.1716368291256,214.93005939496646,0.0,0.0
35.84302194601094,100000000.0,648.1919892739446,648.1919892739444,214.95041183978552,0.0,0.0
35.84302194601094,100000000.0,648.348264756183,648.3482647561829,215.10668732202382,0.0,0.0
35.84302194601094,100000000.0,648.3830235702859,648.3830235702859,215.1414461361269,0.0,0.0
35.84302194601094,100000000.0,648.552105795835,648.5521057958352,215.31052836167612,0.0,0.0
35.84302194601094,100000000.0,648.6958540014621,648.6958540014622,215.45427656730303,0.0,0.0
35.84302194601094,100000000.0,648.9236222146386,648.9236222146386,215.68204478047957,0.0,0.0
35.84302194601094,100000000.0,649.1672232979568,649.1672232979569,215.92564586379774,0.0,0.0
35.84302194601094,100000000.0,649.3344030927859,649.334403092786,216.0928256586269,0.0,0.0
35.84302194601094,100000000.0,649.4562830046841,649.4562830046842,216.21470557052518,0.0,0.0
35.84302194601094,100000000.0,649.537197253628,649.5371972536282,216.29561981946912,0.0,0.0
35.84302194601094,100000000.0,-1.0,577.8862433643397,191.31793349781879,1.0,1.0
35.84302194601094,100000000.0,-1.0,577.9257392682831,196.0598027133823,1.0,1.0
35.84302194601094,100000000.0,649.684499102143,649.6844991021433,216.44292166798414,0.0,0.0
35.84302194601094,100000000.0,649.766150382578,649.7661503825782,216.52457294841892,0.0,0.0
35.84302194601094,100000000.0,649.7692340468085,649.7692340468085,216.52765661264942,0.0,0.0
35.84302194601094,100000000.0,-1.0,578.1501896948461,196.25454346189318,1.0,1.0
35.84302194601094,100000000.0,649.9161621425367,649.9161621425366,216.6745847083775,0.0,0.0
35.84302194601094,100000000.0,-1.0,578.3842827152645,191.94885275022926,1.0,1.0
35.84302194601094,100000000.0,650.0996871319572,650.0996871319575,216.85810969779837,0.0,0.0
35.84302194601094,100000000.0,-1.0,578.5115918851153,195.87946083797578,1.0,1.0
35.84302194601094,100000000.0,-1.0,578.6646403554333,179.7990066430439,1.0,1.0
35.84302194601094,100000000.0,-1.0,579.2578994258449,186.74636782844385,1.0,1.0
35.84302194601094,100000000.0,650.9565502147033,650.9565502147034,217.71497278054437,0.0,0.0
35.84302194601094,100000000.0,651.0162371720156,651.0162371720156,217.77465973785658,0.0,0.0
35.84302194601094,100000000.0,651.0954103695766,651.0954103695767,217.85383293541767,0.0,0.0
35.84302194601094,100000000.0,-1.0,579.6006645938558,195.16466504219835,1.0,1.0
35.84302194601094,100000000.0,651.3812738560621,651.3812738560621,218.13969642190318,0.0,0.0
35.84302194601094,100000000.0,651.3833275380641,651.3833275380641,218.14175010390497,0.0,0.0
35.84302194601094,100000000.0,651.4410692933368,651.4410692933367,218.19949185917758,0.0,0.0
35.84302194601094,100000000.0,651.8362640978555,651.8362640978554,218.59468666369645,0.0,0.0
35.84302194601094,100000000.0,651.92954646658,651.9295464665801,218.68796903242102,0.0,0.0
35.84302194601094,100000000.0,-1.0,580.2884869657745,195.60846447123873,1.0,1.0
35.84302194601094,100000000.0,-1.0,580.3082269531023,197.78364903178672,1.0,1.0
35.84302194601094,100000000.0,-1.0,580.3988817169694,180.48769674809495,1.0,1.0
35.84302194601094,100000000.0,-1.0,580.6168014766994,193.7498338629748,1.0,1.0
35.84302194601094,100000000.0,652.5577374923071,652.5577374923072,219.31616005814806,0.0,0.0
35.84302194601094,100000000.0,-1.0,580.9137732445926,196.26214813709478,1.0,1.0
35.84302194601094,100000000.0,652.7257918026498,652.72579180265,219.48421436849088,0.0,0.0
35.84302194601094,100000000.0,652.7984946287468,652.7984946287468,219.55691719458778,0.0,0.0
35.84302194601094,100000000.0,-1.0,581.1975806062753,186.0369054688304,1.0,1.0
35.84302194601094,100000000.0,653.0576928100129,653.0576928100129,219.8161153758538,0.0,0.0
35.84302194601094,100000000.0,653.9278242786825,653.9278242786825,220.68624684452328,0.0,0.0
35.84302194601094,100000000.0,654.4921165118811,654.4921165118811,221.25053907772207,0.0,0.0
35.84302194601094,100000000.0,654.4941130742434,654.4941130742433,221.2525356400843,0.0,0.0
35.84302194601094,100000000.0,-1.0,583.0522622930006,197.3192051663234,1.0,1.0
35.84302194601094,100000000.0,-1.0,583.1202612911785,198.8530236486484,1.0,1.0
35.84302194601094,100000000.0,-1.0,583.1622849722368,195.22534938542537,1.0,1.0
35.84302194601094,100000000.0,654.8621371215945,654.8621371215943,221.62055968743536,0.0,0.0
35.84302194601094,100000000.0,-1.0,583.5644128168125,196.39118062409716,1.0,1.0
35.84302194601094,100000000.0,655.4202970947489,655.4202970947489,222.17871966058973,0.0,0.0
35.84302194601094,100000000.0,-1.0,584.0436658128409,201.11436974341964,1.0,1.0
35.84302194601094,100000000.0,656.3866609539067,656.3866609539067,223.14508351974771,0.0,0.0
35.84302194601094,100000000.0,656.6421475803987,656.6421475803986,223.40057014623957,0.0,0.0
35.84302194601094,100000000.0,656.9007123565887,656.9007123565887,223.65913492242962,0.0,0.0
35.84302194601094,100000000.0,656.9828666527028,656.982866652703,223.7412892185438,0.0,0.0
35.84302194601094,100000000.0,-1.0,585.3786252783631,197.66678204895598,1.0,1.0
35.84302194601094,100000000.0,657.2364925392548,657.2364925392548,223.9949151050958,0.0,0.0
35.84302194601094,100000000.0,657.2565180218555,657.2565180218559,224.01494058769666,0.0,0.0
35.84302194601094,100000000.0,657.3089526340999,657.3089526341001,224.0673751999409,0.0,0.0
35.84302194601094,100000000.0,657.3793581812345,657.3793581812344,224.1377807470754,0.0,0.0
35.84302194601094,100000000.0,-1.0,585.8792676636338,203.24713661649423,1.0,1.0
35.84302194601094,100000000.0,657.6825337537446,657.6825337537446,224.44095631958552,0.0,0.0
35.84302194601094,100000000.0,-1.0,586.2317751399188,199.766794905591,1.0,1.0
35.84302194601094,100000000.0,658.1257255579935,658.1257255579933,224.88414812383436,0.0,0.0
35.84302194601094,100000000.0,-1.0,586.5825583534523,200.34330850555472,1.0,1.0
35.84302194601094,100000000.0,-1.0,587.1438532217594,187.3504677765993,1.0,1.0
35.84302194601094,100000000.0,658.9379899917059,658.937989991706,225.6964125575469,0.0,0.0
35.84302194601094,100000000.0,659.1836239257632,659.1836239257632,225.94204649160395,0.0,0.0
35.84302194601094,100000000.0,659.7257892352363,659.7257892352363,226.4842118010773,0.0,0.0
35.84302194601094,100000000.0,661.1411672162849,661.1411672162849,227.89958978212587,0.0,0.0
35.84302194601094,100000000.0,661.2803965630194,661.2803965630194,228.0388191288604,0.0,0.0
35.84302194601094,100000000.0,661.5473485088552,661.5473485088552,228.30577107469622,0.0,0.0
35.84302194601094,100000000.0,663.0862321057742,663.0862321057743,229.8446546716153,0.0,0.0
35.84302194601094,100000000.0,667.2491103614975,667.2491103614975,234.00753292733845,0.0,0.0
35.84302194601094,100000000.0,667.8469881717295,667.8469881717297,234.60541073757045,0.0,0.0
35.96249868583098,100000000.0,623.6112680719395,623.6112680719397,190.36969063778048,0.0,0.0
35.96249868583098,100000000.0,626.4875858925644,626.4875858925647,193.24600845840544,0.0,0.0
35.96249868583098,100000000.0,627.417597100886,627.4175971008862,194.1760196667271,0.0,0.0
35.96249868583098,100000000.0,629.8277583687487,629.8277583687485,196.58618093458958,0.0,0.0
35.96249868583098,100000000.0,629.9649658967672,629.9649658967671,196.72338846260803,0.0,0.0
35.96249868583098,100000000.0,631.8379224457963,631.8379224457964,198.59634501163723,0.0,0.0
35.96249868583098,100000000.0,631.9956524726267,631.9956524726267,198.75407503846762,0.0,0.0
35.96249868583098,100000000.0,632.506374663304,632.506374663304,199.26479722914502,0.0,0.0
35.96249868583098,100000000.0,632.9406082625563,632.9406082625565,199.69903082839733,0.0,0.0
35.96249868583098,100000000.0,633.1502220948923,633.1502220948925,199.9086446607332,0.0,0.0
35.96249868583098,100000000.0,633.8958251690744,633.8958251690744,200.6542477349155,0.0,0.0
35.96249868583098,100000000.0,634.0306509191313,634.0306509191313,200.78907348497228,0.0,0.0
35.96249868583098,100000000.0,634.6334437198781,634.6334437198781,201.39186628571892,0.0,0.0
35.96249868583098,100000000.0,-1.0,562.7967683340634,179.3257882133321,1.0,1.0
35.96249868583098,100000000.0,-1.0,563.0206552673249,175.13725283244125,1.0,1.0
35.96249868583098,100000000.0,635.0564013134215,635.0564013134214,201.81482387926243,0.0,0.0
35.96249868583098,100000000.0,635.1647557595804,635.1647557595805,201.92317832542133,0.0,0.0
35.96249868583098,100000000.0,635.3378838964221,635.3378838964221,202.0963064622631,0.0,0.0
35.96249868583098,100000000.0,635.3988248988207,635.3988248988209,202.15724746466168,0.0,0.0
35.96249868583098,100000000.0,635.512564573879,635.5125645738789,202.27098713971986,0.0,0.0
35.96249868583098,100000000.0,635.5613784987769,635.561378498777,202.319801064618,0.0,0.0
35.96249868583098,100000000.0,-1.0,563.6418912414528,176.46865904873752,1.0,1.0
35.96249868583098,100000000.0,635.6392136154512,635.6392136154512,202.39763618129237,0.0,0.0
35.96249868583098,100000000.0,635.8974761828227,635.8974761828226,202.65589874866365,0.0,0.0
35.96249868583098,100000000.0,636.1870787736036,636.1870787736036,202.94550133944443,0.0,0.0
35.96249868583098,100000000.0,-1.0,564.3345720518109,168.17680843676195,1.0,1.0
35.96249868583098,100000000.0,636.5995942651484,636.5995942651484,203.3580168309893,0.0,0.0
35.96249868583098,100000000.0,-1.0,565.1703492835094,181.45838585895365,1.0,1.0
35.96249868583098,100000000.0,637.447457077,637.4474570769999,204.2058796428409,0.0,0.0
35.96249868583098,100000000.0,637.515523503338,637.515523503338,204.27394606917892,0.0,0.0
35.96249868583098,100000000.0,-1.0,565.8730217100883,186.8841622257931,1.0,1.0
35.96249868583098,100000000.0,637.9111996447008,637.9111996447008,204.66962221054172,0.0,0.0
35.96249868583098,100000000.0,638.0985037856728,638.0985037856728,204.8569263515139,0.0,0.0
35.96249868583098,100000000.0,-1.0,566.2261338640271,179.0529016713117,1.0,1.0
35.96249868583098,100000000.0,-1.0,566.2977049329223,181.03091760899767,1.0,1.0
35.96249868583098,100000000.0,638.5735680282733,638.5735680282733,205.33199059411416,0.0,0.0
35.96249868583098,100000000.0,638.6982796655114,638.6982796655114,205.4567022313523,0.0,0.0
35.96249868583098,100000000.0,638.7717704727189,638.7717704727188,205.53019303855982,0.0,0.0
35.96249868583098,100000000.0,639.0238555788471,639.023855578847,205.78227814468798,0.0,0.0
35.96249868583098,100000000.0,-1.0,567.1495672226985,179.97633502998315,1.0,1.0
35.96249868583098,100000000.0,639.2049183231237,639.2049183231236,205.96334088896467,0.0,0.0
35.96249868583098,100000000.0,-1.0,567.3275414722472,186.48328069135874,1.0,1.0
35.96249868583098,100000000.0,639.2675849131301,639.2675849131301,206.02600747897102,0.0,0.0
35.96249868583098,100000000.0,639.493421235996,639.4934212359962,206.25184380183703,0.0,0.0
35.96249868583098,100000000.0,639.5125656069151,639.5125656069152,206.2709881727562,0.0,0.0
35.96249868583098,100000000.0,639.8121684162314,639.8121684162313,206.5705909820723,0.0,0.0
35.96249868583098,100000000.0,-1.0,567.9380527362015,182.03982426080614,1.0,1.0
35.96249868583098,100000000.0,640.0968383554788,640.0968383554789,206.85526092131977,0.0,0.0
35.96249868583098,100000000.0,640.365051490307,640.365051490307,207.12347405614804,0.0,0.0
35.96249868583098,100000000.0,-1.0,568.4686075114475,185.38201485568382,1.0,1.0
35.96249868583098,100000000.0,640.4801731640538,640.4801731640534,207.2385957298945,0.0,0.0
35.96249868583098,100000000.0,640.5048981174252,640.5048981174256,207.26332068326636,0.0,0.0
35.96249868583098,100000000.0,-1.0,568.6731413413771,177.7975767814127,1.0,1.0
35.96249868583098,100000000.0,640.6217359741419,640.6217359741418,207.3801585399828,0.0,0.0
35.96249868583098,100000000.0,-1.0,568.9096316451461,185.87281771274823,1.0,1.0
35.96249868583098,100000000.0,640.8566974429581,640.856697442958,207.6151200087989,0.0,0.0
35.96249868583098,100000000.0,640.8615842174472,640.8615842174472,207.62000678328826,0.0,0.0
35.96249868583098,100000000.0,640.8901111992851,640.890111199285,207.64853376512588,0.0,0.0
35.96249868583098,100000000.0,640.9075393681039,640.9075393681038,207.66596193394471,0.0,0.0
35.96249868583098,100000000.0,640.9461561562955,640.9461561562955,207.7045787221363,0.0,0.0
35.96249868583098,100000000.0,640.969784255429,640.9697842554291,207.72820682126994,0.0,0.0
35.96249868583098,100000000.0,641.0648542473444,641.0648542473446,207.8232768131854,0.0,0.0
35.96249868583098,100000000.0,641.775717288012,641.775717288012,208.53413985385296,0.0,0.0
35.96249868583098,100000000.0,641.9646978837383,641.9646978837382,208.72312044957923,0.0,0.0
35.96249868583098,100000000.0,641.9665404566654,641.9665404566654,208.72496302250633,0.0,0.0
35.96249868583098,100000000.0,642.0942577050946,642.0942577050948,208.85268027093576,0.0,0.0
35.96249868583098,100000000.0,642.1180831214895,642.1180831214895,208.87650568733042,0.0,0.0
35.96249868583098,100000000.0,-1.0,570.3024510047599,176.11250267118157,1.0,1.0
35.96249868583098,100000000.0,642.3610709375029,642.3610709375027,209.11949350334365,0.0,0.0
35.96249868583098,100000000.0,642.4020466062075,642.4020466062076,209.1604691720486,0.0,0.0
35.96249868583098,100000000.0,642.5487158232728,642.5487158232729,209.30713838911376,0.0,0.0
35.96249868583098,100000000.0,642.7352453767573,642.7352453767572,209.49366794259834,0.0,0.0
35.96249868583098,100000000.0,-1.0,571.0332838267611,182.15520471825135,1.0,1.0
35.96249868583098,100000000.0,642.9881414924785,642.9881414924785,209.7465640583194,0.0,0.0
35.96249868583098,100000000.0,642.9889275829464,642.9889275829463,209.74735014878723,0.0,0.0
35.96249868583098,100000000.0,643.0616980115636,643.0616980115635,209.82012057740465,0.0,0.0
35.96249868583098,100000000.0,643.1561955328557,643.1561955328557,209.91461809869662,0.0,0.0
35.96249868583098,100000000.0,643.4040984792308,643.4040984792308,210.16252104507174,0.0,0.0
35.96249868583098,100000000.0,643.4257989704481,643.4257989704481,210.18422153628913,0.0,0.0
35.96249868583098,100000000.0,643.4608318213468,643.4608318213468,210.21925438718776,0.0,0.0
35.96249868583098,100000000.0,643.890052850533,643.8900528505332,210.64847541637405,0.0,0.0
35.96249868583098,100000000.0,643.9556423630103,643.9556423630103,210.71406492885106,0.0,0.0
35.96249868583098,100000000.0,644.2722443447362,644.2722443447362,211.03066691057717,0.0,0.0
35.96249868583098,100000000.0,644.4897674470568,644.4897674470567,211.2481900128979,0.0,0.0
35.96249868583098,100000000.0,644.5175620806683,644.5175620806683,211.27598464650924,0.0,0.0
35.96249868583098,100000000.0,-1.0,572.6354203883698,186.0671105218489,1.0,1.0
35.96249868583098,100000000.0,644.6105534075235,644.6105534075233,211.36897597336431,0.0,0.0
35.96249868583098,100000000.0,644.8093657517041,644.8093657517041,211.5677883175451,0.0,0.0
35.96249868583098,100000000.0,-1.0,573.1369604815465,191.734899793031,1.0,1.0
35.96249868583098,100000000.0,645.0849314406254,645.0849314406255,211.84335400646637,0.0,0.0
35.96249868583098,100000000.0,645.1075571351248,645.1075571351249,211.8659797009659,0.0,0.0
35.96249868583098,100000000.0,645.1934664078815,645.1934664078814,211.9518889737223,0.0,0.0
35.96249868583098,100000000.0,645.4502716388852,645.4502716388852,212.20869420472607,0.0,0.0
35.96249868583098,100000000.0,645.5863960986445,645.5863960986446,212.34481866448553,0.0,0.0
35.96249868583098,100000000.0,-1.0,573.7346628891418,190.6480702333781,1.0,1.0
35.96249868583098,100000000.0,-1.0,573.7674788761167,187.8692504007214,1.0,1.0
35.96249868583098,100000000.0,645.9026940291249,645.902694029125,212.66111659496602,0.0,0.0
35.96249868583098,100000000.0,-1.0,573.988439870978,180.95192963024428,1.0,1.0
35.96249868583098,100000000.0,646.0426711954857,646.0426711954857,212.80109376132674,0.0,0.0
35.96249868583098,100000000.0,-1.0,574.3150242423776,193.0394101808599,1.0,1.0
35.96249868583098,100000000.0,-1.0,574.3655260374825,186.66772794787659,1.0,1.0
35.96249868583098,100000000.0,646.3606581318448,646.3606581318448,213.11908069768577,0.0,0.0
35.96249868583098,100000000.0,-1.0,574.6984710618589,187.0600923283568,1.0,1.0
35.96249868583098,100000000.0,-1.0,574.7371876735428,187.0397535517996,1.0,1.0
35.96249868583098,100000000.0,646.6808318714327,646.6808318714327,213.43925443727366,0.0,0.0
35.96249868583098,100000000.0,646.8077317929884,646.8077317929885,213.56615435882944,0.0,0.0
35.96249868583098,100000000.0,-1.0,574.9395341658447,187.0321818612016,1.0,1.0
35.96249868583098,100000000.0,646.9802069439997,646.9802069439999,213.73862950984073,0.0,0.0
35.96249868583098,100000000.0,-1.0,575.1329843177094,189.234755842314,1.0,1.0
35.96249868583098,100000000.0,-1.0,575.2089313435172,190.56217619102776,1.0,1.0
35.96249868583098,100000000.0,647.4392838128304,647.4392838128305,214.19770637867134,0.0,0.0
35.96249868583098,100000000.0,-1.0,575.5354293589295,192.21668391139085,1.0,1.0
35.96249868583098,100000000.0,647.6409318621952,647.6409318621951,214.39935442803605,0.0,0.0
35.96249868583098,100000000.0,647.7607545671408,647.7607545671409,214.51917713298175,0.0,0.0
35.96249868583098,100000000.0,647.7815020163071,647.7815020163071,214.53992458214796,0.0,0.0
35.96249868583098,100000000.0,648.084847148928,648.0848471489279,214.8432697147689,0.0,0.0
35.96249868583098,100000000.0,648.4620957199074,648.4620957199077,215.2205182857483,0.0,0.0
35.96249868583098,100000000.0,648.5513114686785,648.5513114686786,215.30973403451947,0.0,0.0
35.96249868583098,100000000.0,648.9238839190216,648.9238839190218,215.68230648486272,0.0,0.0
35.96249868583098,100000000.0,649.1385154879291,649.1385154879292,215.89693805377007,0.0,0.0
35.96249868583098,100000000.0,649.2958651086356,649.2958651086354,216.05428767447646,0.0,0.0
35.96249868583098,100000000.0,649.8162848902125,649.8162848902125,216.57470745605335,0.0,0.0
35.96249868583098,100000000.0,649.8335750592638,649.8335750592639,216.59199762510482,0.0,0.0
35.96249868583098,100000000.0,650.0817709722521,650.0817709722523,216.84019353809308,0.0,0.0
35.96249868583098,100000000.0,650.335597462281,650.335597462281,217.09402002812195,0.0,0.0
35.96249868583098,100000000.0,651.0617310793579,651.0617310793579,217.82015364519867,0.0,0.0
35.96249868583098,100000000.0,651.0638569846458,651.0638569846459,217.8222795504868,0.0,0.0
35.96249868583098,100000000.0,651.2744514341105,651.2744514341103,218.03287399995145,0.0,0.0
36.08197542565102,100000000.0,632.8377316399607,632.8377316399608,199.59615420580167,0.0,0.0
36.08197542565102,100000000.0,633.6239595164698,633.6239595164698,200.38238208231067,0.0,0.0
36.08197542565102,100000000.0,634.6093351419802,634.6093351419803,201.3677577078211,0.0,0.0
36.08197542565102,100000000.0,636.1773493420437,636.1773493420438,202.93577190788477,0.0,0.0
36.08197542565102,100000000.0,636.7196803504762,636.7196803504763,203.47810291631723,0.0,0.0
36.08197542565102,100000000.0,637.8063413457992,637.8063413457994,204.56476391164026,0.0,0.0
36.08197542565102,100000000.0,638.0294596761879,638.029459676188,204.78788224202887,0.0,0.0
36.08197542565102,100000000.0,638.2750338790295,638.2750338790296,205.03345644487044,0.0,0.0
36.08197542565102,100000000.0,638.325417924284,638.325417924284,205.08384049012494,0.0,0.0
36.08197542565102,100000000.0,638.8172264573261,638.8172264573259,205.57564902316693,0.0,0.0
36.08197542565102,100000000.0,639.3431594829397,639.3431594829397,206.10158204878064,0.0,0.0
36.08197542565102,100000000.0,-1.0,567.244653427001,184.10856660431375,1.0,1.0
36.08197542565102,100000000.0,639.5891912821152,639.5891912821152,206.34761384795598,0.0,0.0
36.08197542565102,100000000.0,640.2074473234529,640.2074473234528,206.96586988929377,0.0,0.0
36.08197542565102,100000000.0,640.4940151319723,640.4940151319723,207.2524376978132,0.0,0.0
36.08197542565102,100000000.0,640.5363625704543,640.5363625704541,207.29478513629522,0.0,0.0
36.08197542565102,100000000.0,641.0559743818397,641.0559743818396,207.81439694768062,0.0,0.0
36.08197542565102,100000000.0,641.3019283890198,641.3019283890196,208.06035095486058,0.0,0.0
36.08197542565102,100000000.0,641.3977104406861,641.3977104406861,208.15613300652697,0.0,0.0
36.08197542565102,100000000.0,-1.0,569.3423222422357,186.7929310761121,1.0,1.0
36.08197542565102,100000000.0,-1.0,569.3650816354588,182.19184944274346,1.0,1.0
36.08197542565102,100000000.0,642.0905932841384,642.0905932841385,208.84901584997934,0.0,0.0
36.08197542565102,100000000.0,642.3786023074504,642.3786023074504,209.13702487329124,0.0,0.0
36.08197542565102,100000000.0,642.5934318692123,642.5934318692123,209.3518544350533,0.0,0.0
36.08197542565102,100000000.0,642.6291159083382,642.6291159083382,209.38753847417922,0.0,0.0
36.08197542565102,100000000.0,642.7396318242448,642.739631824245,209.49805439008585,0.0,0.0
36.08197542565102,100000000.0,642.7634338967846,642.7634338967845,209.5218564626254,0.0,0.0
36.08197542565102,100000000.0,642.8808718262773,642.8808718262774,209.63929439211827,0.0,0.0
36.08197542565102,100000000.0,643.1304393737363,643.1304393737364,209.88886193957734,0.0,0.0
36.08197542565102,100000000.0,643.3725637399226,643.3725637399223,210.13098630576346,0.0,0.0
36.08197542565102,100000000.0,643.8368206314549,643.836820631455,210.59524319729596,0.0,0.0
36.08197542565102,100000000.0,643.916522266946,643.9165222669461,210.6749448327872,0.0,0.0
36.08197542565102,100000000.0,644.0180547156847,644.0180547156846,210.77647728152564,0.0,0.0
36.08197542565102,100000000.0,644.171923696342,644.171923696342,210.93034626218292,0.0,0.0
36.08197542565102,100000000.0,644.1968491066119,644.196849106612,210.95527167245288,0.0,0.0
36.08197542565102,100000000.0,644.2331583436204,644.2331583436206,210.99158090946145,0.0,0.0
36.08197542565102,100000000.0,644.3208290542749,644.3208290542748,211.07925162011583,0.0,0.0
36.08197542565102,100000000.0,644.3225619472142,644.3225619472141,211.08098451305517,0.0,0.0
36.08197542565102,100000000.0,644.3677288932231,644.3677288932231,211.12615145906398,0.0,0.0
36.08197542565102,100000000.0,644.6055917259604,644.6055917259607,211.36401429180154,0.0,0.0
36.08197542565102,100000000.0,644.618178403218,644.618178403218,211.37660096905896,0.0,0.0
36.08197542565102,100000000.0,644.7944942204575,644.7944942204575,211.55291678629862,0.0,0.0
36.08197542565102,100000000.0,645.0613835338925,645.0613835338926,211.81980609973337,0.0,0.0
36.08197542565102,100000000.0,645.167122116113,645.1671221161131,211.9255446819539,0.0,0.0
36.08197542565102,100000000.0,645.178048599615,645.1780485996151,211.93647116545614,0.0,0.0
36.08197542565102,100000000.0,645.3815493253269,645.3815493253269,212.13997189116782,0.0,0.0
36.08197542565102,100000000.0,645.4631109297085,645.4631109297085,212.2215334955495,0.0,0.0
36.08197542565102,100000000.0,645.6064641523717,645.6064641523717,212.3648867182127,0.0,0.0
36.08197542565102,100000000.0,645.7458982291839,645.7458982291839,212.50432079502488,0.0,0.0
36.08197542565102,100000000.0,-1.0,573.5912860393407,185.95290730583866,1.0,1.0
36.08197542565102,100000000.0,645.7940057439233,645.7940057439233,212.55242830976422,0.0,0.0
36.08197542565102,100000000.0,645.9707034131396,645.9707034131399,212.72912597898076,0.0,0.0
36.08197542565102,100000000.0,646.0917580358779,646.0917580358779,212.85018060171873,0.0,0.0
36.08197542565102,100000000.0,-1.0,574.010376763991,186.12697432910753,1.0,1.0
36.08197542565102,100000000.0,646.1998104415482,646.1998104415482,212.95823300738903,0.0,0.0
36.08197542565102,100000000.0,646.4081765541259,646.408176554126,213.16659911996697,0.0,0.0
36.08197542565102,100000000.0,646.4750471891318,646.4750471891319,213.2334697549728,0.0,0.0
36.08197542565102,100000000.0,646.9916443770528,646.9916443770527,213.75006694289362,0.0,0.0
36.08197542565102,100000000.0,647.1755532233091,647.1755532233092,213.93397578915003,0.0,0.0
36.08197542565102,100000000.0,647.3590999598027,647.3590999598027,214.1175225256437,0.0,0.0
36.08197542565102,100000000.0,647.4610411081825,647.4610411081826,214.21946367402347,0.0,0.0
36.08197542565102,100000000.0,647.7015251846029,647.7015251846032,214.45994775044397,0.0,0.0
36.08197542565102,100000000.0,647.7109344120769,647.710934412077,214.46935697791798,0.0,0.0
36.08197542565102,100000000.0,647.7567937864924,647.7567937864926,214.51521635233343,0.0,0.0
36.08197542565102,100000000.0,647.8271672001457,647.8271672001459,214.58558976598675,0.0,0.0
36.08197542565102,100000000.0,648.0413649290635,648.0413649290635,214.7997874949044,0.0,0.0
36.08197542565102,100000000.0,648.0543740966444,648.0543740966446,214.8127966624855,0.0,0.0
36.08197542565102,100000000.0,-1.0,576.2878011689436,182.09785283536507,1.0,1.0
36.08197542565102,100000000.0,648.4618457333377,648.4618457333377,215.22026829917857,0.0,0.0
36.08197542565102,100000000.0,648.7928439217908,648.7928439217909,215.55126648763192,0.0,0.0
36.08197542565102,100000000.0,648.8638924442965,648.8638924442964,215.62231501013744,0.0,0.0
36.08197542565102,100000000.0,649.110188476035,649.110188476035,215.86861104187588,0.0,0.0
36.08197542565102,100000000.0,649.1444874108762,649.1444874108761,215.90290997671713,0.0,0.0
36.08197542565102,100000000.0,-1.0,576.9835969500956,192.6148516808897,1.0,1.0
36.08197542565102,100000000.0,649.1690969911638,649.1690969911637,215.9275195570047,0.0,0.0
36.08197542565102,100000000.0,649.2030910477289,649.2030910477291,215.96151361356996,0.0,0.0
36.08197542565102,100000000.0,649.447049601683,649.447049601683,216.2054721675241,0.0,0.0
36.08197542565102,100000000.0,649.5461378554548,649.546137855455,216.30456042129603,0.0,0.0
36.08197542565102,100000000.0,649.6362021574619,649.6362021574622,216.39462472330297,0.0,0.0
36.08197542565102,100000000.0,-1.0,577.8149983420644,187.79707558921913,1.0,1.0
36.08197542565102,100000000.0,650.0279484319656,650.0279484319655,216.78637099780656,0.0,0.0
36.08197542565102,100000000.0,650.1700375757171,650.1700375757171,216.92846014155805,0.0,0.0
36.08197542565102,100000000.0,650.1840891307369,650.1840891307369,216.94251169657784,0.0,0.0
36.08197542565102,100000000.0,650.1882800529625,650.1882800529625,216.9467026188034,0.0,0.0
36.08197542565102,100000000.0,650.7600925178627,650.760092517863,217.5185150837037,0.0,0.0
36.08197542565102,100000000.0,651.1789079308294,651.1789079308294,217.93733049667023,0.0,0.0
36.08197542565102,100000000.0,651.3134056530519,651.3134056530519,218.07182821889276,0.0,0.0
36.08197542565102,100000000.0,651.3805675757353,651.3805675757353,218.13899014157636,0.0,0.0
36.08197542565102,100000000.0,651.5374753518101,651.53747535181,218.29589791765096,0.0,0.0
36.08197542565102,100000000.0,-1.0,579.5590621995466,192.33299077746133,1.0,1.0
36.08197542565102,100000000.0,652.1694321240273,652.1694321240274,218.92785468986838,0.0,0.0
36.08197542565102,100000000.0,652.2767083877982,652.2767083877982,219.035130953639,0.0,0.0
36.08197542565102,100000000.0,-1.0,580.171842393984,195.37844672657343,1.0,1.0
36.08197542565102,100000000.0,652.7466862231222,652.7466862231222,219.50510878896307,0.0,0.0
36.08197542565102,100000000.0,652.9650930143171,652.9650930143172,219.723515580158,0.0,0.0
36.08197542565102,100000000.0,653.4008686236195,653.4008686236197,220.15929118946056,0.0,0.0
36.08197542565102,100000000.0,653.4147851594767,653.4147851594763,220.17320772531733,0.0,0.0
36.08197542565102,100000000.0,653.4855279461973,653.4855279461973,220.24395051203828,0.0,0.0
36.08197542565102,100000000.0,653.5915141211512,653.5915141211514,220.3499366869924,0.0,0.0
36.08197542565102,100000000.0,-1.0,581.4512412031653,187.65184311271767,1.0,1.0
36.08197542565102,100000000.0,653.6450404261183,653.6450404261184,220.40346299195923,0.0,0.0
36.08197542565102,100000000.0,653.8062117439094,653.8062117439093,220.56463430975037,0.0,0.0
36.08197542565102,100000000.0,653.8550645589143,653.8550645589143,220.6134871247551,0.0,0.0
36.08197542565102,100000000.0,654.7747170160047,654.7747170160045,221.53313958184563,0.0,0.0
36.08197542565102,100000000.0,655.0188774752417,655.0188774752418,221.77730004108258,0.0,0.0
36.08197542565102,100000000.0,655.4589798311712,655.458979831171,222.2174023970121,0.0,0.0
36.08197542565102,100000000.0,655.4751553998294,655.4751553998295,222.23357796567046,0.0,0.0
36.08197542565102,100000000.0,655.7140979201499,655.71409792015,222.47252048599088,0.0,0.0
36.08197542565102,100000000.0,656.0381169535231,656.0381169535231,222.7965395193641,0.0,0.0
36.08197542565102,100000000.0,656.0668044850771,656.0668044850771,222.82522705091813,0.0,0.0
36.08197542565102,100000000.0,656.1568874208245,656.1568874208245,222.91530998666553,0.0,0.0
36.08197542565102,100000000.0,656.480492249909,656.4804922499089,223.2389148157499,0.0,0.0
36.08197542565102,100000000.0,656.8045823909241,656.8045823909241,223.56300495676493,0.0,0.0
36.08197542565102,100000000.0,657.0142759358397,657.0142759358396,223.7726985016806,0.0,0.0
36.08197542565102,100000000.0,657.0914111616537,657.0914111616538,223.84983372749474,0.0,0.0
36.08197542565102,100000000.0,657.1295447835706,657.1295447835707,223.88796734941164,0.0,0.0
36.08197542565102,100000000.0,-1.0,585.7551598392789,203.20576867315532,1.0,1.0
36.08197542565102,100000000.0,658.0255008923748,658.0255008923748,224.78392345821578,0.0,0.0
36.08197542565102,100000000.0,658.3743129158493,658.3743129158493,225.13273548169013,0.0,0.0
36.08197542565102,100000000.0,658.435045011327,658.4350450113269,225.19346757716787,0.0,0.0
36.08197542565102,100000000.0,659.5598861411706,659.5598861411708,226.31830870701168,0.0,0.0
36.08197542565102,100000000.0,660.3378030378283,660.3378030378284,227.0962256036693,0.0,0.0
36.08197542565102,100000000.0,660.8064181460743,660.8064181460743,227.5648407119151,0.0,0.0
36.08197542565102,100000000.0,661.0473682540096,661.0473682540096,227.80579081985059,0.0,0.0
36.08197542565102,100000000.0,661.1880249546364,661.1880249546364,227.94644752047748,0.0,0.0
36.08197542565102,100000000.0,662.1108503451056,662.1108503451056,228.86927291094653,0.0,0.0
36.08197542565102,100000000.0,662.1574813991431,662.1574813991432,228.91590396498407,0.0,0.0
36.08197542565102,100000000.0,662.7573532782814,662.7573532782815,229.51577584412235,0.0,0.0
36.20145216547105,100000000.0,631.9933001151893,631.9933001151894,198.75172268103034,0.0,0.0
36.20145216547105,100000000.0,632.8684516191101,632.8684516191101,199.6268741849511,0.0,0.0
36.20145216547105,100000000.0,633.4558542928027,633.4558542928027,200.2142768586436,0.0,0.0
36.20145216547105,100000000.0,633.9808512751085,633.9808512751088,200.73927384094958,0.0,0.0
36.20145216547105,100000000.0,635.7894127664159,635.7894127664157,202.54783533225674,0.0,0.0
36.20145216547105,100000000.0,636.6525217289009,636.6525217289009,203.4109442947417,0.0,0.0
36.20145216547105,100000000.0,-1.0,564.8480574667761,185.74312158659336,1.0,1.0
36.20145216547105,100000000.0,638.485918176689,638.4859181766888,205.24434074252972,0.0,0.0
36.20145216547105,100000000.0,639.285772250825,639.285772250825,206.04419481666588,0.0,0.0
36.20145216547105,100000000.0,639.6230058956269,639.623005895627,206.381428461468,0.0,0.0
36.20145216547105,100000000.0,640.0744528446636,640.0744528446634,206.83287541050436,0.0,0.0
36.20145216547105,100000000.0,640.1846920797211,640.1846920797211,206.94311464556222,0.0,0.0
36.20145216547105,100000000.0,-1.0,568.4842520419643,184.65755479193103,1.0,1.0
36.20145216547105,100000000.0,640.8967316702483,640.8967316702484,207.65515423608923,0.0,0.0
36.20145216547105,100000000.0,-1.0,568.615646868971,187.21358618045545,1.0,1.0
36.20145216547105,100000000.0,641.0598536889402,641.0598536889402,207.81827625478095,0.0,0.0
36.20145216547105,100000000.0,641.6596097777032,641.659609777703,208.41803234354416,0.0,0.0
36.20145216547105,100000000.0,641.6911201689028,641.6911201689029,208.44954273474377,0.0,0.0
36.20145216547105,100000000.0,641.8091864144274,641.8091864144275,208.5676089802685,0.0,0.0
36.20145216547105,100000000.0,641.9942775526326,641.9942775526326,208.75270011847354,0.0,0.0
36.20145216547105,100000000.0,642.0644395911997,642.0644395911996,208.82286215704076,0.0,0.0
36.20145216547105,100000000.0,642.1176097941948,642.1176097941949,208.87603236003582,0.0,0.0
36.20145216547105,100000000.0,642.5305705698227,642.5305705698228,209.28899313566365,0.0,0.0
36.20145216547105,100000000.0,642.6447119245178,642.6447119245178,209.40313449035875,0.0,0.0
36.20145216547105,100000000.0,642.7448370523657,642.7448370523657,209.50325961820673,0.0,0.0
36.20145216547105,100000000.0,642.9150995841142,642.9150995841142,209.67352214995515,0.0,0.0
36.20145216547105,100000000.0,643.1830459580301,643.1830459580301,209.94146852387098,0.0,0.0
36.20145216547105,100000000.0,643.3212057215812,643.3212057215815,210.07962828742228,0.0,0.0
36.20145216547105,100000000.0,643.3627882720909,643.3627882720908,210.1212108379318,0.0,0.0
36.20145216547105,100000000.0,-1.0,571.142242270891,180.9927782639618,1.0,1.0
36.20145216547105,100000000.0,-1.0,572.0599032018492,190.3564273170269,1.0,1.0
36.20145216547105,100000000.0,644.4974475818274,644.4974475818275,211.2558701476684,0.0,0.0
36.20145216547105,100000000.0,644.8381635788082,644.8381635788083,211.59658614464936,0.0,0.0
36.20145216547105,100000000.0,644.8603931551495,644.8603931551494,211.6188157209903,0.0,0.0
36.20145216547105,100000000.0,644.9093704373578,644.9093704373578,211.66779300319868,0.0,0.0
36.20145216547105,100000000.0,644.9360490637564,644.9360490637564,211.69447162959744,0.0,0.0
36.20145216547105,100000000.0,645.0184178387983,645.0184178387985,211.7768404046394,0.0,0.0
36.20145216547105,100000000.0,645.0940115866701,645.0940115866703,211.8524341525111,0.0,0.0
36.20145216547105,100000000.0,645.2256134849112,645.2256134849113,211.98403605075214,0.0,0.0
36.20145216547105,100000000.0,645.4692811286196,645.4692811286196,212.2277036944606,0.0,0.0
36.20145216547105,100000000.0,645.5079529239296,645.5079529239297,212.2663754897704,0.0,0.0
36.20145216547105,100000000.0,645.5444642944688,645.5444642944688,212.30288686030963,0.0,0.0
36.20145216547105,100000000.0,645.6204361804635,645.6204361804632,212.37885874630425,0.0,0.0
36.20145216547105,100000000.0,645.7793240774781,645.7793240774783,212.53774664331917,0.0,0.0
36.20145216547105,100000000.0,646.0963141988041,646.096314198804,212.85473676464494,0.0,0.0
36.20145216547105,100000000.0,646.2002670833866,646.2002670833865,212.95868964922752,0.0,0.0
36.20145216547105,100000000.0,646.2011062649048,646.2011062649048,212.95952883074574,0.0,0.0
36.20145216547105,100000000.0,646.214350138677,646.2143501386772,212.97277270451806,0.0,0.0
36.20145216547105,100000000.0,646.2495777216957,646.2495777216956,213.00800028753656,0.0,0.0
36.20145216547105,100000000.0,646.5067444740374,646.5067444740374,213.2651670398785,0.0,0.0
36.20145216547105,100000000.0,-1.0,574.1179699838352,191.59339206251957,1.0,1.0
36.20145216547105,100000000.0,646.6209204787374,646.6209204787373,213.37934304457826,0.0,0.0
36.20145216547105,100000000.0,647.0991861414967,647.0991861414966,213.8576087073375,0.0,0.0
36.20145216547105,100000000.0,-1.0,574.7565089521545,180.1058624274246,1.0,1.0
36.20145216547105,100000000.0,647.1801605157757,647.1801605157759,213.93858308161683,0.0,0.0
36.20145216547105,100000000.0,647.1945476526784,647.1945476526784,213.95297021851925,0.0,0.0
36.20145216547105,100000000.0,647.2772107829085,647.2772107829087,214.03563334874943,0.0,0.0
36.20145216547105,100000000.0,647.3564266393889,647.3564266393889,214.11484920522992,0.0,0.0
36.20145216547105,100000000.0,647.4418613012374,647.4418613012374,214.20028386707844,0.0,0.0
36.20145216547105,100000000.0,647.8412933513259,647.8412933513259,214.59971591716683,0.0,0.0
36.20145216547105,100000000.0,647.8611736081057,647.8611736081058,214.61959617394666,0.0,0.0
36.20145216547105,100000000.0,648.1304776033985,648.1304776033986,214.88890016923946,0.0,0.0
36.20145216547105,100000000.0,-1.0,576.0732668502616,191.80602920773134,1.0,1.0
36.20145216547105,100000000.0,648.671213359203,648.6712133592029,215.42963592504387,0.0,0.0
36.20145216547105,100000000.0,-1.0,576.3147980501778,186.38739053690784,1.0,1.0
36.20145216547105,100000000.0,648.7722197367447,648.7722197367445,215.53064230258556,0.0,0.0
36.20145216547105,100000000.0,-1.0,576.3837858965071,193.9346063923976,1.0,1.0
36.20145216547105,100000000.0,-1.0,576.4064464702869,192.81388967756604,1.0,1.0
36.20145216547105,100000000.0,649.0949726739459,649.094972673946,215.85339523978686,0.0,0.0
36.20145216547105,100000000.0,649.4746006508847,649.4746006508846,216.2330232167255,0.0,0.0
36.20145216547105,100000000.0,649.7064592196369,649.7064592196368,216.46488178547784,0.0,0.0
36.20145216547105,100000000.0,649.7223145911289,649.722314591129,216.48073715696987,0.0,0.0
36.20145216547105,100000000.0,-1.0,577.396000517136,192.73821263147516,1.0,1.0
36.20145216547105,100000000.0,-1.0,577.5189192166494,186.1802789721921,1.0,1.0
36.20145216547105,100000000.0,650.171046274933,650.171046274933,216.9294688407741,0.0,0.0
36.20145216547105,100000000.0,-1.0,577.9053141165563,190.2075160269504,1.0,1.0
36.20145216547105,100000000.0,650.3438585285102,650.3438585285103,217.1022810943511,0.0,0.0
36.20145216547105,100000000.0,650.4532305192354,650.4532305192353,217.21165308507622,0.0,0.0
36.20145216547105,100000000.0,650.4962542214615,650.4962542214615,217.2546767873026,0.0,0.0
36.20145216547105,100000000.0,650.4965357872679,650.4965357872682,217.25495835310898,0.0,0.0
36.20145216547105,100000000.0,650.9836136857973,650.9836136857972,217.74203625163827,0.0,0.0
36.20145216547105,100000000.0,651.5674209343875,651.5674209343877,218.32584350022853,0.0,0.0
36.20145216547105,100000000.0,651.6024729879166,651.6024729879164,218.36089555375742,0.0,0.0
36.20145216547105,100000000.0,651.7094401045813,651.7094401045815,218.4678626704223,0.0,0.0
36.20145216547105,100000000.0,652.171796484233,652.1717964842329,218.93021905007404,0.0,0.0
36.20145216547105,100000000.0,-1.0,579.7716010381586,189.84886278548473,1.0,1.0
36.20145216547105,100000000.0,-1.0,579.7867975098584,188.3554900895711,1.0,1.0
36.20145216547105,100000000.0,652.3189161271141,652.3189161271141,219.07733869295498,0.0,0.0
36.20145216547105,100000000.0,652.3681601062234,652.3681601062231,219.12658267206422,0.0,0.0
36.20145216547105,100000000.0,-1.0,580.3306461320248,193.7743797097266,1.0,1.0
36.20145216547105,100000000.0,653.1369045439168,653.1369045439168,219.89532710975774,0.0,0.0
36.20145216547105,100000000.0,653.1510278647827,653.1510278647826,219.9094504306237,0.0,0.0
36.20145216547105,100000000.0,653.3787516170242,653.3787516170242,220.1371741828651,0.0,0.0
36.20145216547105,100000000.0,-1.0,580.9779465199913,185.98642037378892,1.0,1.0
36.20145216547105,100000000.0,-1.0,581.0579323195217,197.64373338448618,1.0,1.0
36.20145216547105,100000000.0,654.1043004804676,654.1043004804676,220.86272304630847,0.0,0.0
36.20145216547105,100000000.0,-1.0,581.9936413054555,195.30375476694508,1.0,1.0
36.20145216547105,100000000.0,654.7946546450041,654.794654645004,221.55307721084495,0.0,0.0
36.20145216547105,100000000.0,655.0379580457776,655.0379580457776,221.79638061161856,0.0,0.0
36.20145216547105,100000000.0,655.6080527958065,655.6080527958063,222.3664753616474,0.0,0.0
36.20145216547105,100000000.0,656.5817060702733,656.5817060702734,223.34012863611426,0.0,0.0
36.20145216547105,100000000.0,657.0462426325303,657.0462426325303,223.80466519837125,0.0,0.0
36.20145216547105,100000000.0,657.1374833551051,657.1374833551051,223.89590592094603,0.0,0.0
36.20145216547105,100000000.0,657.7122810573554,657.7122810573554,224.47070362319644,0.0,0.0
36.20145216547105,100000000.0,658.0009259184534,658.0009259184534,224.7593484842945,0.0,0.0
36.20145216547105,100000000.0,658.1347636008535,658.1347636008535,224.89318616669442,0.0,0.0
36.20145216547105,100000000.0,658.4247820321281,658.424782032128,225.18320459796894,0.0,0.0
36.20145216547105,100000000.0,658.7373626762505,658.7373626762507,225.49578524209156,0.0,0.0
36.20145216547105,100000000.0,658.9760201515038,658.9760201515035,225.73444271734462,0.0,0.0
36.20145216547105,100000000.0,-1.0,586.6962380339376,194.91882654846427,1.0,1.0
36.20145216547105,100000000.0,-1.0,587.0977423912893,193.37368780420232,1.0,1.0
36.20145216547105,100000000.0,659.7115576962206,659.7115576962206,226.46998026206145,0.0,0.0
36.20145216547105,100000000.0,-1.0,588.106756487524,201.77059941277813,1.0,1.0
36.20145216547105,100000000.0,660.5826299008063,660.5826299008062,227.34105246664717,0.0,0.0
36.20145216547105,100000000.0,660.7228800581137,660.7228800581134,227.48130262395446,0.0,0.0
36.20145216547105,100000000.0,661.2719435167293,661.2719435167294,228.03036608257025,0.0,0.0
36.20145216547105,100000000.0,-1.0,588.9005464992563,204.69483716546313,1.0,1.0
36.20145216547105,100000000.0,-1.0,589.5298273991556,184.2373706505642,1.0,1.0
36.20145216547105,100000000.0,661.9636475171875,661.9636475171874,228.72207008302834,0.0,0.0
36.20145216547105,100000000.0,662.7288614374817,662.7288614374819,229.4872840033227,0.0,0.0
36.20145216547105,100000000.0,662.8925184856713,662.8925184856712,229.6509410515122,0.0,0.0
36.20145216547105,100000000.0,-1.0,591.9863076735447,213.06556584674917,1.0,1.0
36.20145216547105,100000000.0,666.1006098622172,666.1006098622173,232.8590324280582,0.0,0.0
36.20145216547105,100000000.0,666.9341758065805,666.9341758065806,233.69259837242146,0.0,0.0
36.20145216547105,100000000.0,667.6257248915625,667.6257248915625,234.38414745740343,0.0,0.0
36.20145216547105,100000000.0,668.3363960854858,668.3363960854857,235.0948186513267,0.0,0.0
36.20145216547105,100000000.0,668.4452521352658,668.4452521352658,235.2036747011068,0.0,0.0
36.20145216547105,100000000.0,669.6789176968301,669.6789176968301,236.43734026267106,0.0,0.0
36.32092890529109,100000000.0,634.3605179940035,634.3605179940038,201.11894055984465,0.0,0.0
36.32092890529109,100000000.0,636.0983000374972,636.0983000374973,202.85672260333814,0.0,0.0
36.32092890529109,100000000.0,636.4540373548685,636.4540373548684,203.21245992070948,0.0,0.0
36.32092890529109,100000000.0,636.4766316691174,636.4766316691173,203.2350542349583,0.0,0.0
36.32092890529109,100000000.0,-1.0,564.2247351634214,178.32650668802606,1.0,1.0
36.32092890529109,100000000.0,636.9111153807133,636.9111153807135,203.6695379465545,0.0,0.0
36.32092890529109,100000000.0,638.9069235854416,638.9069235854417,205.66534615128265,0.0,0.0
36.32092890529109,100000000.0,639.0722100967818,639.0722100967818,205.83063266262263,0.0,0.0
36.32092890529109,100000000.0,639.0788992371916,639.0788992371918,205.83732180303272,0.0,0.0
36.32092890529109,100000000.0,-1.0,567.3076301299792,185.91593967257398,1.0,1.0
36.32092890529109,100000000.0,640.2555858366222,640.2555858366223,207.0140084024632,0.0,0.0
36.32092890529109,100000000.0,640.3782269057383,640.3782269057384,207.13664947157918,0.0,0.0
36.32092890529109,100000000.0,641.1532370053194,641.1532370053194,207.91165957116036,0.0,0.0
36.32092890529109,100000000.0,641.7497497669108,641.7497497669109,208.50817233275174,0.0,0.0
36.32092890529109,100000000.0,642.0785019162515,642.0785019162514,208.8369244820925,0.0,0.0
36.32092890529109,100000000.0,642.3852426752733,642.3852426752734,209.1436652411143,0.0,0.0
36.32092890529109,100000000.0,642.5209543168202,642.5209543168202,209.2793768826611,0.0,0.0
36.32092890529109,100000000.0,642.5549337668087,642.5549337668087,209.31335633264976,0.0,0.0
36.32092890529109,100000000.0,642.672212829944,642.6722128299439,209.43063539578478,0.0,0.0
36.32092890529109,100000000.0,642.947071718039,642.9470717180391,209.70549428388003,0.0,0.0
36.32092890529109,100000000.0,643.1290941874048,643.1290941874048,209.8875167532458,0.0,0.0
36.32092890529109,100000000.0,643.4901498737241,643.4901498737241,210.24857243956507,0.0,0.0
36.32092890529109,100000000.0,643.5899285389912,643.5899285389911,210.34835110483212,0.0,0.0
36.32092890529109,100000000.0,643.6882415819599,643.6882415819598,210.44666414780076,0.0,0.0
36.32092890529109,100000000.0,643.8623084418468,643.862308441847,210.62073100768777,0.0,0.0
36.32092890529109,100000000.0,644.0532872822156,644.0532872822156,210.81170984805658,0.0,0.0
36.32092890529109,100000000.0,644.3213006633554,644.3213006633554,211.07972322919622,0.0,0.0
36.32092890529109,100000000.0,644.4819416885457,644.4819416885458,211.24036425438666,0.0,0.0
36.32092890529109,100000000.0,-1.0,572.0465910121878,186.6659972916093,1.0,1.0
36.32092890529109,100000000.0,644.863068298986,644.8630682989859,211.6214908648268,0.0,0.0
36.32092890529109,100000000.0,645.0132763696986,645.0132763696986,211.77169893553943,0.0,0.0
36.32092890529109,100000000.0,645.0524498641938,645.0524498641937,211.81087243003464,0.0,0.0
36.32092890529109,100000000.0,645.164472606247,645.1644726062472,211.92289517208798,0.0,0.0
36.32092890529109,100000000.0,645.4751880887065,645.4751880887068,212.23361065454768,0.0,0.0
36.32092890529109,100000000.0,645.6973777127731,645.6973777127731,212.45580027861405,0.0,0.0
36.32092890529109,100000000.0,-1.0,573.3250931866363,185.39550627311806,1.0,1.0
36.32092890529109,100000000.0,646.101486154484,646.101486154484,212.85990872032494,0.0,0.0
36.32092890529109,100000000.0,646.2674166959782,646.2674166959782,213.02583926181913,0.0,0.0
36.32092890529109,100000000.0,646.4125063603433,646.4125063603431,213.17092892618416,0.0,0.0
36.32092890529109,100000000.0,646.4297560786629,646.4297560786629,213.1881786445039,0.0,0.0
36.32092890529109,100000000.0,646.5087808594562,646.5087808594564,213.2672034252972,0.0,0.0
36.32092890529109,100000000.0,646.6240894889638,646.6240894889639,213.38251205480472,0.0,0.0
36.32092890529109,100000000.0,647.3201364301518,647.3201364301517,214.07855899599267,0.0,0.0
36.32092890529109,100000000.0,647.5477200653129,647.5477200653129,214.3061426311539,0.0,0.0
36.32092890529109,100000000.0,647.9022916527362,647.9022916527364,214.66071421857723,0.0,0.0
36.32092890529109,100000000.0,648.0818657274004,648.0818657274004,214.84028829324134,0.0,0.0
36.32092890529109,100000000.0,-1.0,575.4627677565626,182.4262575158289,1.0,1.0
36.32092890529109,100000000.0,648.2654423498625,648.2654423498625,215.0238649157034,0.0,0.0
36.32092890529109,100000000.0,648.5179631330518,648.5179631330519,215.27638569889277,0.0,0.0
36.32092890529109,100000000.0,648.5419313124735,648.5419313124736,215.30035387831444,0.0,0.0
36.32092890529109,100000000.0,648.5856983088963,648.5856983088964,215.34412087473734,0.0,0.0
36.32092890529109,100000000.0,648.6574928685973,648.6574928685972,215.4159154344382,0.0,0.0
36.32092890529109,100000000.0,648.7767549355273,648.7767549355272,215.53517750136814,0.0,0.0
36.32092890529109,100000000.0,648.8494965546373,648.8494965546374,215.60791912047836,0.0,0.0
36.32092890529109,100000000.0,-1.0,576.2231455620007,193.13655290623709,1.0,1.0
36.32092890529109,100000000.0,649.1036300034829,649.1036300034829,215.86205256932388,0.0,0.0
36.32092890529109,100000000.0,649.187625471537,649.1876254715369,215.94604803737798,0.0,0.0
36.32092890529109,100000000.0,649.200534489963,649.200534489963,215.95895705580392,0.0,0.0
36.32092890529109,100000000.0,-1.0,576.6384777600051,193.99782344280192,1.0,1.0
36.32092890529109,100000000.0,649.282510991073,649.282510991073,216.04093355691398,0.0,0.0
36.32092890529109,100000000.0,649.416310532645,649.416310532645,216.1747330984859,0.0,0.0
36.32092890529109,100000000.0,649.4528421249928,649.4528421249929,216.2112646908338,0.0,0.0
36.32092890529109,100000000.0,-1.0,576.9714468145613,188.38512246036544,1.0,1.0
36.32092890529109,100000000.0,649.6729794419836,649.6729794419834,216.43140200782454,0.0,0.0
36.32092890529109,100000000.0,649.7018378870926,649.7018378870928,216.46026045293365,0.0,0.0
36.32092890529109,100000000.0,649.798594337509,649.798594337509,216.55701690335,0.0,0.0
36.32092890529109,100000000.0,649.8228275571108,649.8228275571108,216.58125012295187,0.0,0.0
36.32092890529109,100000000.0,-1.0,577.1817269192262,183.88510297138225,1.0,1.0
36.32092890529109,100000000.0,649.9031530914516,649.9031530914518,216.66157565729281,0.0,0.0
36.32092890529109,100000000.0,650.0238383185248,650.0238383185248,216.78226088436577,0.0,0.0
36.32092890529109,100000000.0,-1.0,577.4058027219211,189.76742398841907,1.0,1.0
36.32092890529109,100000000.0,650.1663234069614,650.1663234069614,216.92474597280233,0.0,0.0
36.32092890529109,100000000.0,650.1749417171761,650.174941717176,216.93336428301706,0.0,0.0
36.32092890529109,100000000.0,650.4699019451404,650.4699019451402,217.22832451098117,0.0,0.0
36.32092890529109,100000000.0,650.5401164731602,650.5401164731603,217.29853903900124,0.0,0.0
36.32092890529109,100000000.0,650.6725031143029,650.6725031143029,217.43092568014396,0.0,0.0
36.32092890529109,100000000.0,650.728706090712,650.7287060907119,217.48712865655284,0.0,0.0
36.32092890529109,100000000.0,650.94855309362,650.94855309362,217.70697565946102,0.0,0.0
36.32092890529109,100000000.0,651.0219582587747,651.0219582587747,217.78038082461572,0.0,0.0
36.32092890529109,100000000.0,651.0777426241962,651.077742624196,217.83616519003718,0.0,0.0
36.32092890529109,100000000.0,651.1438400392057,651.1438400392054,217.90226260504662,0.0,0.0
36.32092890529109,100000000.0,651.1668572186443,651.1668572186444,217.92527978448518,0.0,0.0
36.32092890529109,100000000.0,-1.0,578.7280563666852,187.8822014847729,1.0,1.0
36.32092890529109,100000000.0,651.5924539870136,651.5924539870138,218.35087655285466,0.0,0.0
36.32092890529109,100000000.0,651.7163787615852,651.7163787615851,218.47480132742618,0.0,0.0
36.32092890529109,100000000.0,651.7188140302767,651.7188140302768,218.47723659611776,0.0,0.0
36.32092890529109,100000000.0,651.8519904581358,651.8519904581358,218.6104130239768,0.0,0.0
36.32092890529109,100000000.0,652.2269981779289,652.2269981779287,218.9854207437697,0.0,0.0
36.32092890529109,100000000.0,652.7413055309254,652.7413055309256,219.49972809676646,0.0,0.0
36.32092890529109,100000000.0,-1.0,580.3556988836124,192.83889682210003,1.0,1.0
36.32092890529109,100000000.0,653.1746215584633,653.1746215584633,219.93304412430422,0.0,0.0
36.32092890529109,100000000.0,653.2021517104401,653.2021517104401,219.96057427628102,0.0,0.0
36.32092890529109,100000000.0,653.3961937001869,653.396193700187,220.1546162660279,0.0,0.0
36.32092890529109,100000000.0,653.3984103211399,653.3984103211397,220.15683288698082,0.0,0.0
36.32092890529109,100000000.0,653.5125528212668,653.5125528212668,220.27097538710768,0.0,0.0
36.32092890529109,100000000.0,653.5893558222306,653.5893558222306,220.34777838807156,0.0,0.0
36.32092890529109,100000000.0,653.6233221472236,653.6233221472233,220.38174471306448,0.0,0.0
36.32092890529109,100000000.0,-1.0,581.0253996812753,194.38206158926218,1.0,1.0
36.32092890529109,100000000.0,654.1121186106986,654.1121186106988,220.87054117653972,0.0,0.0
36.32092890529109,100000000.0,654.2499140247054,654.2499140247054,221.00833659054626,0.0,0.0
36.32092890529109,100000000.0,654.765779610728,654.7657796107281,221.52420217656908,0.0,0.0
36.32092890529109,100000000.0,654.7752615059851,654.7752615059851,221.5336840718261,0.0,0.0
36.32092890529109,100000000.0,-1.0,582.1415076677401,197.83922174980125,1.0,1.0
36.32092890529109,100000000.0,655.051278434741,655.051278434741,221.8097010005819,0.0,0.0
36.32092890529109,100000000.0,655.0766432629428,655.0766432629428,221.83506582878368,0.0,0.0
36.32092890529109,100000000.0,655.4237458581865,655.4237458581865,222.18216842402748,0.0,0.0
36.32092890529109,100000000.0,-1.0,582.7884903869506,190.1697372832695,1.0,1.0
36.32092890529109,100000000.0,655.7984824865921,655.7984824865922,222.55690505243305,0.0,0.0
36.32092890529109,100000000.0,656.0037934978146,656.0037934978144,222.76221606365542,0.0,0.0
36.32092890529109,100000000.0,656.1099842575229,656.1099842575229,222.8684068233639,0.0,0.0
36.32092890529109,100000000.0,656.126672450004,656.126672450004,222.88509501584505,0.0,0.0
36.32092890529109,100000000.0,656.1997102500222,656.1997102500223,222.95813281586334,0.0,0.0
36.32092890529109,100000000.0,656.5965051298181,656.596505129818,223.35492769565894,0.0,0.0
36.32092890529109,100000000.0,-1.0,584.1298506752051,193.4603914215587,1.0,1.0
36.32092890529109,100000000.0,656.8305540035271,656.8305540035268,223.5889765693679,0.0,0.0
36.32092890529109,100000000.0,656.9299780396453,656.9299780396454,223.68840060548635,0.0,0.0
36.32092890529109,100000000.0,657.6652858400563,657.6652858400565,224.4237084058973,0.0,0.0
36.32092890529109,100000000.0,657.7219912360443,657.7219912360447,224.4804138018854,0.0,0.0
36.32092890529109,100000000.0,657.929277194414,657.9292771944142,224.68769976025513,0.0,0.0
36.32092890529109,100000000.0,658.3060850820636,658.3060850820636,225.06450764790463,0.0,0.0
36.32092890529109,100000000.0,658.4515272459325,658.4515272459329,225.20994981177373,0.0,0.0
36.32092890529109,100000000.0,658.4597709242079,658.4597709242079,225.21819349004892,0.0,0.0
36.32092890529109,100000000.0,659.3230047598421,659.3230047598422,226.08142732568314,0.0,0.0
36.32092890529109,100000000.0,659.8409006733275,659.8409006733274,226.59932323916843,0.0,0.0
36.32092890529109,100000000.0,660.269066853463,660.2690668534631,227.02748941930395,0.0,0.0
36.32092890529109,100000000.0,-1.0,589.3530272496223,200.44527524691145,1.0,1.0
36.32092890529109,100000000.0,665.6230306840539,665.623030684054,232.38145324989492,0.0,0.0
36.32092890529109,100000000.0,666.3258860958481,666.3258860958481,233.084308661689,0.0,0.0
36.44040564511113,100000000.0,631.8673837895722,631.8673837895723,198.62580635541318,0.0,0.0
36.44040564511113,100000000.0,634.5206549129506,634.5206549129508,201.27907747879158,0.0,0.0
36.44040564511113,100000000.0,636.8414662545108,636.8414662545108,203.59988882035165,0.0,0.0
36.44040564511113,100000000.0,639.5502570089252,639.5502570089253,206.3086795747662,0.0,0.0
36.44040564511113,100000000.0,640.6833715785358,640.6833715785359,207.4417941443768,0.0,0.0
36.44040564511113,100000000.0,640.8106909503699,640.8106909503698,207.56911351621085,0.0,0.0
36.44040564511113,100000000.0,640.8603726370617,640.8603726370618,207.61879520290267,0.0,0.0
36.44040564511113,100000000.0,641.8036243539146,641.8036243539146,208.5620469197557,0.0,0.0
36.44040564511113,100000000.0,642.0831970576211,642.0831970576212,208.84161962346215,0.0,0.0
36.44040564511113,100000000.0,642.3230736437893,642.3230736437893,209.0814962096303,0.0,0.0
36.44040564511113,100000000.0,642.4566549720953,642.4566549720953,209.21507753793622,0.0,0.0
36.44040564511113,100000000.0,643.6335312934915,643.6335312934915,210.3919538593325,0.0,0.0
36.44040564511113,100000000.0,643.6667813182362,643.6667813182362,210.4252038840771,0.0,0.0
36.44040564511113,100000000.0,643.8902846057346,643.8902846057346,210.6487071715755,0.0,0.0
36.44040564511113,100000000.0,644.5270684431842,644.5270684431844,211.28549100902518,0.0,0.0
36.44040564511113,100000000.0,644.666670825369,644.666670825369,211.4250933912099,0.0,0.0
36.44040564511113,100000000.0,645.668595862196,645.6685958621958,212.4270184280368,0.0,0.0
36.44040564511113,100000000.0,645.7024044752435,645.7024044752435,212.4608270410845,0.0,0.0
36.44040564511113,100000000.0,645.8397063376129,645.8397063376128,212.59812890345378,0.0,0.0
36.44040564511113,100000000.0,-1.0,572.991721721328,191.8052865886529,1.0,1.0
36.44040564511113,100000000.0,645.9805725824566,645.9805725824567,212.73899514829756,0.0,0.0
36.44040564511113,100000000.0,-1.0,573.2143489215172,184.67167521622878,1.0,1.0
36.44040564511113,100000000.0,646.1534511490125,646.1534511490127,212.91187371485364,0.0,0.0
36.44040564511113,100000000.0,646.5179434743085,646.5179434743085,213.2763660401495,0.0,0.0
36.44040564511113,100000000.0,646.6761763912782,646.6761763912783,213.4345989571192,0.0,0.0
36.44040564511113,100000000.0,647.0748162773743,647.0748162773743,213.8332388432152,0.0,0.0
36.44040564511113,100000000.0,647.4811065802955,647.4811065802957,214.23952914613668,0.0,0.0
36.44040564511113,100000000.0,647.5873450696558,647.5873450696557,214.34576763549683,0.0,0.0
36.44040564511113,100000000.0,647.590160917254,647.5901609172541,214.34858348309498,0.0,0.0
36.44040564511113,100000000.0,647.6674641242486,647.6674641242483,214.4258866900894,0.0,0.0
36.44040564511113,100000000.0,647.8647882797279,647.8647882797277,214.62321084556865,0.0,0.0
36.44040564511113,100000000.0,647.9791000143217,647.9791000143216,214.73752258016273,0.0,0.0
36.44040564511113,100000000.0,648.1858174011593,648.1858174011594,214.94423996700027,0.0,0.0
36.44040564511113,100000000.0,648.2432560151879,648.2432560151881,215.00167858102884,0.0,0.0
36.44040564511113,100000000.0,648.5420240706907,648.5420240706904,215.30044663653157,0.0,0.0
36.44040564511113,100000000.0,648.7357234498769,648.7357234498769,215.49414601571775,0.0,0.0
36.44040564511113,100000000.0,648.8909431407745,648.8909431407747,215.64936570661547,0.0,0.0
36.44040564511113,100000000.0,648.9220706650451,648.9220706650451,215.68049323088596,0.0,0.0
36.44040564511113,100000000.0,649.0102547828186,649.0102547828187,215.76867734865954,0.0,0.0
36.44040564511113,100000000.0,649.0332957975659,649.0332957975658,215.79171836340674,0.0,0.0
36.44040564511113,100000000.0,649.2101841212383,649.2101841212382,215.96860668707922,0.0,0.0
36.44040564511113,100000000.0,649.5079027589842,649.5079027589843,216.26632532482506,0.0,0.0
36.44040564511113,100000000.0,649.6023336636403,649.6023336636401,216.3607562294812,0.0,0.0
36.44040564511113,100000000.0,649.8422168439395,649.8422168439398,216.6006394097805,0.0,0.0
36.44040564511113,100000000.0,-1.0,577.0512887153602,195.53436070731573,1.0,1.0
36.44040564511113,100000000.0,-1.0,577.2067162066678,195.7452361620483,1.0,1.0
36.44040564511113,100000000.0,-1.0,577.7353294302693,189.8519269953858,1.0,1.0
36.44040564511113,100000000.0,650.7275615961349,650.7275615961349,217.48598416197592,0.0,0.0
36.44040564511113,100000000.0,650.8201708270096,650.8201708270099,217.57859339285076,0.0,0.0
36.44040564511113,100000000.0,650.8939273095369,650.8939273095367,217.65234987537772,0.0,0.0
36.44040564511113,100000000.0,651.0051239784192,651.0051239784192,217.7635465442601,0.0,0.0
36.44040564511113,100000000.0,-1.0,578.3154334291274,193.4828122935361,1.0,1.0
36.44040564511113,100000000.0,651.3999204909237,651.3999204909238,218.1583430567647,0.0,0.0
36.44040564511113,100000000.0,651.4299173916934,651.4299173916933,218.18833995753434,0.0,0.0
36.44040564511113,100000000.0,651.5108607399363,651.5108607399366,218.2692833057774,0.0,0.0
36.44040564511113,100000000.0,-1.0,578.8781067254818,187.8809654935278,1.0,1.0
36.44040564511113,100000000.0,651.7668592717606,651.7668592717606,218.5252818376016,0.0,0.0
36.44040564511113,100000000.0,651.7924909255695,651.7924909255697,218.55091349141057,0.0,0.0
36.44040564511113,100000000.0,651.8717367714826,651.8717367714827,218.63015933732353,0.0,0.0
36.44040564511113,100000000.0,651.9883092301354,651.9883092301354,218.74673179597633,0.0,0.0
36.44040564511113,100000000.0,652.1071416720008,652.1071416720007,218.86556423784157,0.0,0.0
36.44040564511113,100000000.0,652.2570116853296,652.2570116853296,219.0154342511707,0.0,0.0
36.44040564511113,100000000.0,-1.0,579.4021215996869,193.06596452494097,1.0,1.0
36.44040564511113,100000000.0,652.3560610080976,652.3560610080978,219.11448357393866,0.0,0.0
36.44040564511113,100000000.0,652.4365992335884,652.4365992335881,219.19502179942918,0.0,0.0
36.44040564511113,100000000.0,652.4645487156872,652.4645487156874,219.2229712815283,0.0,0.0
36.44040564511113,100000000.0,-1.0,579.5878788353149,194.40396762847845,1.0,1.0
36.44040564511113,100000000.0,652.4812738717786,652.4812738717787,219.23969643761959,0.0,0.0
36.44040564511113,100000000.0,-1.0,579.6402551091487,185.4503067755703,1.0,1.0
36.44040564511113,100000000.0,652.6583856815016,652.6583856815016,219.41680824734266,0.0,0.0
36.44040564511113,100000000.0,652.7044794432902,652.7044794432902,219.46290200913114,0.0,0.0
36.44040564511113,100000000.0,652.770296347918,652.770296347918,219.52871891375904,0.0,0.0
36.44040564511113,100000000.0,652.9029127704409,652.9029127704412,219.66133533628195,0.0,0.0
36.44040564511113,100000000.0,652.9208004336726,652.9208004336724,219.67922299951348,0.0,0.0
36.44040564511113,100000000.0,653.0298496855244,653.0298496855243,219.78827225136513,0.0,0.0
36.44040564511113,100000000.0,653.0791858441578,653.0791858441577,219.83760840999867,0.0,0.0
36.44040564511113,100000000.0,653.1210231742418,653.1210231742418,219.87944574008267,0.0,0.0
36.44040564511113,100000000.0,-1.0,580.2630190496764,194.35626730421745,1.0,1.0
36.44040564511113,100000000.0,653.1719599162999,653.1719599163,219.930382482141,0.0,0.0
36.44040564511113,100000000.0,653.3425537253293,653.3425537253293,220.10097629117035,0.0,0.0
36.44040564511113,100000000.0,653.6322897871177,653.6322897871179,220.39071235295873,0.0,0.0
36.44040564511113,100000000.0,653.7248890269443,653.7248890269445,220.4833115927853,0.0,0.0
36.44040564511113,100000000.0,653.8054991903816,653.8054991903819,220.5639217562227,0.0,0.0
36.44040564511113,100000000.0,653.8755265357754,653.8755265357756,220.6339491016164,0.0,0.0
36.44040564511113,100000000.0,654.442281795201,654.4422817952009,221.20070436104186,0.0,0.0
36.44040564511113,100000000.0,654.4896275925082,654.4896275925083,221.24805015834926,0.0,0.0
36.44040564511113,100000000.0,654.5482219479071,654.5482219479072,221.3066445137482,0.0,0.0
36.44040564511113,100000000.0,654.6781399301738,654.6781399301735,221.4365624960146,0.0,0.0
36.44040564511113,100000000.0,654.7818842635752,654.7818842635753,221.54030682941627,0.0,0.0
36.44040564511113,100000000.0,655.1310428896411,655.1310428896411,221.8894654554819,0.0,0.0
36.44040564511113,100000000.0,655.5956850425204,655.5956850425204,222.35410760836126,0.0,0.0
36.44040564511113,100000000.0,655.626338835233,655.6263388352329,222.384761401074,0.0,0.0
36.44040564511113,100000000.0,655.7115815042075,655.7115815042074,222.4700040700484,0.0,0.0
36.44040564511113,100000000.0,656.1355621990509,656.135562199051,222.893984764892,0.0,0.0
36.44040564511113,100000000.0,656.2620163125964,656.2620163125964,223.02043887843735,0.0,0.0
36.44040564511113,100000000.0,-1.0,583.4460147967852,197.7463679496335,1.0,1.0
36.44040564511113,100000000.0,656.3308385052844,656.3308385052844,223.0892610711253,0.0,0.0
36.44040564511113,100000000.0,656.3349786127598,656.3349786127599,223.09340117860071,0.0,0.0
36.44040564511113,100000000.0,656.5583015727397,656.5583015727398,223.31672413858064,0.0,0.0
36.44040564511113,100000000.0,656.5926178318505,656.5926178318507,223.3510403976915,0.0,0.0
36.44040564511113,100000000.0,656.6024295845355,656.6024295845355,223.36085215037642,0.0,0.0
36.44040564511113,100000000.0,656.6485932261301,656.64859322613,223.407015791971,0.0,0.0
36.44040564511113,100000000.0,656.8113117757431,656.811311775743,223.56973434158388,0.0,0.0
36.44040564511113,100000000.0,656.9898862161824,656.9898862161826,223.74830878202349,0.0,0.0
36.44040564511113,100000000.0,657.0180415162235,657.0180415162235,223.77646408206448,0.0,0.0
36.44040564511113,100000000.0,657.1049027512224,657.1049027512225,223.86332531706356,0.0,0.0
36.44040564511113,100000000.0,657.1645798898969,657.164579889897,223.92300245573804,0.0,0.0
36.44040564511113,100000000.0,-1.0,584.4186107490605,191.6660858051781,1.0,1.0
36.44040564511113,100000000.0,657.7922575061301,657.7922575061302,224.55068007197124,0.0,0.0
36.44040564511113,100000000.0,658.0178112387838,658.0178112387837,224.77623380462475,0.0,0.0
36.44040564511113,100000000.0,658.9318988838119,658.9318988838119,225.69032144965288,0.0,0.0
36.44040564511113,100000000.0,659.3455312817434,659.3455312817433,226.1039538475843,0.0,0.0
36.44040564511113,100000000.0,659.425086630665,659.4250866306651,226.18350919650595,0.0,0.0
36.44040564511113,100000000.0,660.1969288328734,660.1969288328733,226.95535139871424,0.0,0.0
36.44040564511113,100000000.0,660.8120108341809,660.812010834181,227.5704334000219,0.0,0.0
36.44040564511113,100000000.0,661.2943667900613,661.2943667900613,228.0527893559022,0.0,0.0
36.44040564511113,100000000.0,661.8387616254804,661.8387616254804,228.59718419132136,0.0,0.0
36.44040564511113,100000000.0,-1.0,590.1278772082662,200.20046969499623,1.0,1.0
36.44040564511113,100000000.0,663.0637523131262,663.0637523131262,229.8221748789672,0.0,0.0
36.44040564511113,100000000.0,664.3690232675799,664.3690232675798,231.1274458334209,0.0,0.0
36.44040564511113,100000000.0,664.377990202489,664.3779902024887,231.13641276832973,0.0,0.0
36.44040564511113,100000000.0,665.4654620945471,665.4654620945473,232.22388466038817,0.0,0.0
36.44040564511113,100000000.0,666.2537085950044,666.2537085950045,233.01213116084537,0.0,0.0
36.44040564511113,100000000.0,667.4118510691476,667.4118510691476,234.17027363498855,0.0,0.0
36.44040564511113,100000000.0,-1.0,595.12028619292,214.3727124662908,1.0,1.0
36.44040564511113,100000000.0,671.3498207506364,671.3498207506366,238.10824331647746,0.0,0.0
36.44040564511113,100000000.0,671.7187295470071,671.7187295470071,238.47715211284813,0.0,0.0
36.44040564511113,100000000.0,672.8775766327664,672.8775766327662,239.63599919860724,0.0,0.0
36.559882384931164,100000000.0,638.1687177097749,638.1687177097749,204.92714027561584,0.0,0.0
36.559882384931164,100000000.0,638.7666969496188,638.7666969496189,205.5251195154598,0.0,0.0
36.559882384931164,100000000.0,638.8173121257993,638.8173121257993,205.57573469164024,0.0,0.0
36.559882384931164,100000000.0,-1.0,566.2483522918361,178.36494985695256,1.0,1.0
36.559882384931164,100000000.0,639.649946243985,639.649946243985,206.40836880982613,0.0,0.0
36.559882384931164,100000000.0,639.9249066714851,639.9249066714852,206.68332923732615,0.0,0.0
36.559882384931164,100000000.0,640.3241113546012,640.3241113546014,207.08253392044224,0.0,0.0
36.559882384931164,100000000.0,641.2032424342019,641.203242434202,207.96166500004287,0.0,0.0
36.559882384931164,100000000.0,641.4578832301269,641.4578832301269,208.21630579596783,0.0,0.0
36.559882384931164,100000000.0,641.7646916801045,641.7646916801045,208.52311424594538,0.0,0.0
36.559882384931164,100000000.0,642.0532046466037,642.0532046466035,208.8116272124445,0.0,0.0
36.559882384931164,100000000.0,642.3849892962077,642.384989296208,209.1434118620488,0.0,0.0
36.559882384931164,100000000.0,642.9247305275502,642.9247305275504,209.68315309339127,0.0,0.0
36.559882384931164,100000000.0,644.3823880557678,644.3823880557678,211.14081062160878,0.0,0.0
36.559882384931164,100000000.0,644.7393161759709,644.7393161759711,211.4977387418119,0.0,0.0
36.559882384931164,100000000.0,644.9142801605166,644.9142801605165,211.6727027263575,0.0,0.0
36.559882384931164,100000000.0,645.1992588750085,645.1992588750085,211.9576814408494,0.0,0.0
36.559882384931164,100000000.0,645.2277545009431,645.227754500943,211.98617706678414,0.0,0.0
36.559882384931164,100000000.0,645.4545755594141,645.4545755594141,212.212998125255,0.0,0.0
36.559882384931164,100000000.0,645.5587722331545,645.5587722331546,212.31719479899562,0.0,0.0
36.559882384931164,100000000.0,645.6269017383114,645.6269017383116,212.3853243041525,0.0,0.0
36.559882384931164,100000000.0,646.213938647058,646.2139386470581,212.97236121289896,0.0,0.0
36.559882384931164,100000000.0,646.399394676038,646.399394676038,213.15781724187906,0.0,0.0
36.559882384931164,100000000.0,646.7129436978743,646.7129436978742,213.47136626371505,0.0,0.0
36.559882384931164,100000000.0,646.7631882456907,646.7631882456908,213.52161081153176,0.0,0.0
36.559882384931164,100000000.0,646.7836015778352,646.7836015778352,213.54202414367606,0.0,0.0
36.559882384931164,100000000.0,646.8605837101682,646.8605837101683,213.61900627600912,0.0,0.0
36.559882384931164,100000000.0,646.9141839836124,646.9141839836122,213.67260654945326,0.0,0.0
36.559882384931164,100000000.0,647.2086336550826,647.2086336550828,213.96705622092375,0.0,0.0
36.559882384931164,100000000.0,647.3766041622175,647.3766041622175,214.13502672805848,0.0,0.0
36.559882384931164,100000000.0,647.5459939634303,647.5459939634303,214.30441652927126,0.0,0.0
36.559882384931164,100000000.0,647.623599816116,647.6235998161159,214.38202238195686,0.0,0.0
36.559882384931164,100000000.0,647.9217838353995,647.9217838353995,214.6802064012405,0.0,0.0
36.559882384931164,100000000.0,648.2881582983327,648.2881582983326,215.04658086417365,0.0,0.0
36.559882384931164,100000000.0,648.4750798957441,648.4750798957439,215.23350246158498,0.0,0.0
36.559882384931164,100000000.0,648.8087961872615,648.8087961872615,215.56721875310254,0.0,0.0
36.559882384931164,100000000.0,648.9790994397466,648.9790994397465,215.73752200558746,0.0,0.0
36.559882384931164,100000000.0,648.9907138430326,648.9907138430325,215.7491364088734,0.0,0.0
36.559882384931164,100000000.0,649.0037492384083,649.0037492384082,215.76217180424925,0.0,0.0
36.559882384931164,100000000.0,649.0984022268422,649.0984022268423,215.85682479268323,0.0,0.0
36.559882384931164,100000000.0,649.6124238999273,649.6124238999274,216.37084646576827,0.0,0.0
36.559882384931164,100000000.0,649.6299452359999,649.6299452360001,216.388367801841,0.0,0.0
36.559882384931164,100000000.0,649.654588588752,649.654588588752,216.4130111545929,0.0,0.0
36.559882384931164,100000000.0,649.6899065993333,649.6899065993335,216.4483291651743,0.0,0.0
36.559882384931164,100000000.0,649.7905323191371,649.7905323191371,216.54895488497797,0.0,0.0
36.559882384931164,100000000.0,649.8440843664266,649.8440843664266,216.60250693226752,0.0,0.0
36.559882384931164,100000000.0,649.9580434582654,649.9580434582655,216.71646602410644,0.0,0.0
36.559882384931164,100000000.0,649.96285266368,649.9628526636802,216.7212752295211,0.0,0.0
36.559882384931164,100000000.0,650.1048047396121,650.1048047396121,216.86322730545305,0.0,0.0
36.559882384931164,100000000.0,650.1138091577129,650.1138091577128,216.87223172355382,0.0,0.0
36.559882384931164,100000000.0,650.7657712182281,650.7657712182282,217.52419378406907,0.0,0.0
36.559882384931164,100000000.0,650.9325166915461,650.9325166915461,217.69093925738713,0.0,0.0
36.559882384931164,100000000.0,651.5229303146153,651.5229303146152,218.2813528804563,0.0,0.0
36.559882384931164,100000000.0,651.6946507109585,651.6946507109585,218.4530732767994,0.0,0.0
36.559882384931164,100000000.0,-1.0,578.6006214076959,191.51560143173,1.0,1.0
36.559882384931164,100000000.0,651.878274858009,651.878274858009,218.6366974238499,0.0,0.0
36.559882384931164,100000000.0,-1.0,578.7994360144514,195.67075508811598,1.0,1.0
36.559882384931164,100000000.0,651.9229732710911,651.9229732710913,218.6813958369322,0.0,0.0
36.559882384931164,100000000.0,651.9944403885273,651.9944403885274,218.75286295436842,0.0,0.0
36.559882384931164,100000000.0,-1.0,578.9511714542928,184.76122312071442,1.0,1.0
36.559882384931164,100000000.0,652.0902585800798,652.0902585800798,218.8486811459207,0.0,0.0
36.559882384931164,100000000.0,652.1998033156246,652.1998033156246,218.9582258814656,0.0,0.0
36.559882384931164,100000000.0,652.2544717496378,652.2544717496376,219.0128943154785,0.0,0.0
36.559882384931164,100000000.0,652.3529880348509,652.3529880348508,219.1114106006916,0.0,0.0
36.559882384931164,100000000.0,652.4013701746169,652.4013701746169,219.15979274045793,0.0,0.0
36.559882384931164,100000000.0,652.4328010149989,652.4328010149987,219.19122358083982,0.0,0.0
36.559882384931164,100000000.0,652.4341738530073,652.4341738530073,219.19259641884824,0.0,0.0
36.559882384931164,100000000.0,652.571277680174,652.5712776801738,219.3297002460148,0.0,0.0
36.559882384931164,100000000.0,652.6300366080471,652.6300366080472,219.38845917388826,0.0,0.0
36.559882384931164,100000000.0,652.7284847770053,652.7284847770054,219.48690734284622,0.0,0.0
36.559882384931164,100000000.0,652.8309985738949,652.8309985738949,219.58942113973595,0.0,0.0
36.559882384931164,100000000.0,652.88190111735,652.88190111735,219.64032368319104,0.0,0.0
36.559882384931164,100000000.0,652.951622830683,652.951622830683,219.7100453965242,0.0,0.0
36.559882384931164,100000000.0,653.2675720658801,653.2675720658801,220.02599463172112,0.0,0.0
36.559882384931164,100000000.0,653.4128329371343,653.4128329371345,220.17125550297527,0.0,0.0
36.559882384931164,100000000.0,653.5416344076004,653.5416344076006,220.30005697344157,0.0,0.0
36.559882384931164,100000000.0,653.6621880520252,653.6621880520253,220.42061061786623,0.0,0.0
36.559882384931164,100000000.0,653.7089230453935,653.7089230453935,220.46734561123444,0.0,0.0
36.559882384931164,100000000.0,654.0155972317257,654.0155972317256,220.77401979756652,0.0,0.0
36.559882384931164,100000000.0,654.0843069540587,654.0843069540587,220.84272951989954,0.0,0.0
36.559882384931164,100000000.0,654.2381296706025,654.2381296706026,220.99655223644356,0.0,0.0
36.559882384931164,100000000.0,654.3852629555236,654.3852629555237,221.14368552136443,0.0,0.0
36.559882384931164,100000000.0,654.4453896987095,654.4453896987095,221.20381226455046,0.0,0.0
36.559882384931164,100000000.0,654.7395040513514,654.7395040513516,221.49792661719235,0.0,0.0
36.559882384931164,100000000.0,655.091363839163,655.0913638391633,221.8497864050041,0.0,0.0
36.559882384931164,100000000.0,655.2286178127924,655.2286178127923,221.98704037863322,0.0,0.0
36.559882384931164,100000000.0,-1.0,582.6772087993367,197.49329759250023,1.0,1.0
36.559882384931164,100000000.0,656.0392935940274,656.0392935940275,222.79771615986823,0.0,0.0
36.559882384931164,100000000.0,656.8046629646988,656.8046629646989,223.56308553053972,0.0,0.0
36.559882384931164,100000000.0,656.8315543892847,656.8315543892846,223.58997695512556,0.0,0.0
36.559882384931164,100000000.0,656.9132167151802,656.9132167151802,223.67163928102113,0.0,0.0
36.559882384931164,100000000.0,-1.0,583.8128187772901,200.93461372224843,1.0,1.0
36.559882384931164,100000000.0,657.5199709297437,657.5199709297437,224.27839349558465,0.0,0.0
36.559882384931164,100000000.0,657.5675074978294,657.5675074978295,224.32593006367043,0.0,0.0
36.559882384931164,100000000.0,-1.0,584.6185700284822,195.48186798655257,1.0,1.0
36.559882384931164,100000000.0,657.755223603049,657.755223603049,224.51364616888995,0.0,0.0
36.559882384931164,100000000.0,657.7747933833045,657.7747933833048,224.5332159491457,0.0,0.0
36.559882384931164,100000000.0,657.8551135259722,657.8551135259722,224.61353609181313,0.0,0.0
36.559882384931164,100000000.0,658.1425463304655,658.1425463304655,224.90096889630635,0.0,0.0
36.559882384931164,100000000.0,-1.0,585.482037074641,203.05516135223147,1.0,1.0
36.559882384931164,100000000.0,658.7509192464573,658.7509192464573,225.50934181229835,0.0,0.0
36.559882384931164,100000000.0,-1.0,585.9033454589,196.90368967840072,1.0,1.0
36.559882384931164,100000000.0,659.0533137382495,659.0533137382494,225.81173630409035,0.0,0.0
36.559882384931164,100000000.0,-1.0,586.1626632739038,205.6120314792566,1.0,1.0
36.559882384931164,100000000.0,659.4431422642693,659.4431422642695,226.20156483011036,0.0,0.0
36.559882384931164,100000000.0,-1.0,586.4615461778809,195.72081759011797,1.0,1.0
36.559882384931164,100000000.0,659.726343820977,659.7263438209771,226.4847663868181,0.0,0.0
36.559882384931164,100000000.0,659.918685909847,659.9186859098468,226.67710847568804,0.0,0.0
36.559882384931164,100000000.0,-1.0,586.8093802443241,193.5872988493023,1.0,1.0
36.559882384931164,100000000.0,-1.0,587.3456967269914,206.82233864625303,1.0,1.0
36.559882384931164,100000000.0,660.6776727644932,660.6776727644931,227.43609533033415,0.0,0.0
36.559882384931164,100000000.0,-1.0,587.6813922784061,204.75209620898477,1.0,1.0
36.559882384931164,100000000.0,661.0927903732987,661.0927903732986,227.85121293913957,0.0,0.0
36.559882384931164,100000000.0,661.3782031090275,661.3782031090275,228.1366256748685,0.0,0.0
36.559882384931164,100000000.0,661.787335237825,661.7873352378252,228.5457578036661,0.0,0.0
36.559882384931164,100000000.0,663.1788948786165,663.1788948786165,229.9373174444574,0.0,0.0
36.559882384931164,100000000.0,664.1250597376034,664.1250597376031,230.8834823034441,0.0,0.0
36.559882384931164,100000000.0,665.1189212475841,665.1189212475841,231.8773438134251,0.0,0.0
36.559882384931164,100000000.0,665.140459773959,665.1404597739592,231.8988823397999,0.0,0.0
36.559882384931164,100000000.0,665.5892940134008,665.5892940134007,232.3477165792418,0.0,0.0
36.559882384931164,100000000.0,665.860201513976,665.8602015139759,232.6186240798169,0.0,0.0
36.559882384931164,100000000.0,666.4035305144357,666.4035305144357,233.16195308027673,0.0,0.0
36.559882384931164,100000000.0,667.5472077989647,667.5472077989648,234.30563036480578,0.0,0.0
36.559882384931164,100000000.0,667.6933896037501,667.69338960375,234.45181216959094,0.0,0.0
36.559882384931164,100000000.0,668.6184539458147,668.6184539458148,235.37687651165572,0.0,0.0
36.559882384931164,100000000.0,669.8188056439774,669.8188056439775,236.5772282098184,0.0,0.0
36.559882384931164,100000000.0,671.1055472605947,671.1055472605949,237.8639698264357,0.0,0.0
36.559882384931164,100000000.0,674.0400888381752,674.0400888381754,240.79851140401638,0.0,0.0
36.6793591247512,100000000.0,633.2045114067405,633.2045114067405,199.96293397258148,0.0,0.0
36.6793591247512,100000000.0,633.7740154546029,633.774015454603,200.53243802044395,0.0,0.0
36.6793591247512,100000000.0,635.5404523213047,635.5404523213047,202.2988748871456,0.0,0.0
36.6793591247512,100000000.0,635.9002948701985,635.9002948701984,202.65871743603935,0.0,0.0
36.6793591247512,100000000.0,636.9083038236454,636.9083038236454,203.6667263894864,0.0,0.0
36.6793591247512,100000000.0,637.013343691054,637.0133436910539,203.77176625689498,0.0,0.0
36.6793591247512,100000000.0,637.7100704908856,637.7100704908858,204.46849305672657,0.0,0.0
36.6793591247512,100000000.0,638.4520255411909,638.4520255411909,205.21044810703205,0.0,0.0
36.6793591247512,100000000.0,639.3202450072674,639.3202450072674,206.0786675731083,0.0,0.0
36.6793591247512,100000000.0,639.3828147468801,639.3828147468801,206.14123731272105,0.0,0.0
36.6793591247512,100000000.0,640.0882517954105,640.0882517954104,206.8466743612515,0.0,0.0
36.6793591247512,100000000.0,640.1429286052627,640.1429286052628,206.9013511711038,0.0,0.0
36.6793591247512,100000000.0,640.4036457909383,640.4036457909384,207.16206835677932,0.0,0.0
36.6793591247512,100000000.0,640.5280078209469,640.528007820947,207.28643038678786,0.0,0.0
36.6793591247512,100000000.0,640.6976777882076,640.6976777882073,207.45610035404843,0.0,0.0
36.6793591247512,100000000.0,641.2297141809819,641.2297141809819,207.98813674682282,0.0,0.0
36.6793591247512,100000000.0,641.7075805597929,641.7075805597926,208.46600312563362,0.0,0.0
36.6793591247512,100000000.0,642.0929356697887,642.0929356697889,208.85135823562982,0.0,0.0
36.6793591247512,100000000.0,642.2777796753962,642.2777796753962,209.03620224123716,0.0,0.0
36.6793591247512,100000000.0,642.3619123972234,642.3619123972235,209.12033496306435,0.0,0.0
36.6793591247512,100000000.0,642.3888832644354,642.3888832644353,209.14730583027634,0.0,0.0
36.6793591247512,100000000.0,642.4306554220411,642.4306554220412,209.1890779878822,0.0,0.0
36.6793591247512,100000000.0,642.5801190398774,642.5801190398773,209.33854160571838,0.0,0.0
36.6793591247512,100000000.0,642.9471032917604,642.9471032917605,209.70552585760134,0.0,0.0
36.6793591247512,100000000.0,643.1594282219911,643.1594282219912,209.91785078783218,0.0,0.0
36.6793591247512,100000000.0,643.3692043667385,643.3692043667385,210.12762693257946,0.0,0.0
36.6793591247512,100000000.0,643.4015028238347,643.4015028238346,210.15992538967552,0.0,0.0
36.6793591247512,100000000.0,643.4017425915182,643.4017425915181,210.16016515735905,0.0,0.0
36.6793591247512,100000000.0,643.4800165008702,643.4800165008703,210.23843906671127,0.0,0.0
36.6793591247512,100000000.0,643.8522309916997,643.8522309916998,210.61065355754076,0.0,0.0
36.6793591247512,100000000.0,643.988799969764,643.9887999697643,210.74722253560518,0.0,0.0
36.6793591247512,100000000.0,644.0226541552585,644.0226541552586,210.7810767210996,0.0,0.0
36.6793591247512,100000000.0,-1.0,570.8725871312381,182.9627685919686,1.0,1.0
36.6793591247512,100000000.0,-1.0,570.8781527960883,178.75180360390058,1.0,1.0
36.6793591247512,100000000.0,644.2629802261217,644.2629802261217,211.0214027919626,0.0,0.0
36.6793591247512,100000000.0,644.2783392646564,644.2783392646564,211.03676183049745,0.0,0.0
36.6793591247512,100000000.0,644.2858889372164,644.2858889372167,211.04431150305746,0.0,0.0
36.6793591247512,100000000.0,644.4417994145967,644.4417994145969,211.2002219804377,0.0,0.0
36.6793591247512,100000000.0,644.508620689764,644.508620689764,211.26704325560496,0.0,0.0
36.6793591247512,100000000.0,-1.0,571.2773768892602,188.841977896787,1.0,1.0
36.6793591247512,100000000.0,644.7849331345336,644.7849331345338,211.54335570037466,0.0,0.0
36.6793591247512,100000000.0,644.8265263854423,644.8265263854423,211.58494895128325,0.0,0.0
36.6793591247512,100000000.0,-1.0,571.4860092500826,189.5903630171296,1.0,1.0
36.6793591247512,100000000.0,644.9902984555446,644.9902984555447,211.74872102138565,0.0,0.0
36.6793591247512,100000000.0,644.9940570400283,644.9940570400283,211.75247960586927,0.0,0.0
36.6793591247512,100000000.0,644.9974255115822,644.997425511582,211.75584807742285,0.0,0.0
36.6793591247512,100000000.0,645.1737803109474,645.1737803109473,211.93220287678818,0.0,0.0
36.6793591247512,100000000.0,645.2870436660434,645.2870436660435,212.04546623188426,0.0,0.0
36.6793591247512,100000000.0,-1.0,572.2528242432658,190.35717801031294,1.0,1.0
36.6793591247512,100000000.0,645.6525565841661,645.6525565841662,212.410979150007,0.0,0.0
36.6793591247512,100000000.0,645.6640318699623,645.6640318699622,212.42245443580322,0.0,0.0
36.6793591247512,100000000.0,645.7756435979323,645.7756435979325,212.53406616377325,0.0,0.0
36.6793591247512,100000000.0,645.7903499622532,645.7903499622532,212.5487725280942,0.0,0.0
36.6793591247512,100000000.0,646.1376127673292,646.1376127673293,212.89603533317012,0.0,0.0
36.6793591247512,100000000.0,646.4895310675687,646.4895310675688,213.24795363340962,0.0,0.0
36.6793591247512,100000000.0,646.6971881013883,646.6971881013883,213.45561066722922,0.0,0.0
36.6793591247512,100000000.0,646.7368609836964,646.7368609836964,213.49528354953733,0.0,0.0
36.6793591247512,100000000.0,-1.0,573.4130526877144,185.35288635839885,1.0,1.0
36.6793591247512,100000000.0,646.7809873820894,646.7809873820895,213.53940994793035,0.0,0.0
36.6793591247512,100000000.0,646.8965042787173,646.8965042787174,213.65492684455836,0.0,0.0
36.6793591247512,100000000.0,647.3119823838485,647.3119823838484,214.0704049496894,0.0,0.0
36.6793591247512,100000000.0,647.420151133447,647.4201511334469,214.17857369928802,0.0,0.0
36.6793591247512,100000000.0,647.4526567969834,647.4526567969835,214.2110793628244,0.0,0.0
36.6793591247512,100000000.0,647.5411497791154,647.5411497791155,214.2995723449563,0.0,0.0
36.6793591247512,100000000.0,647.8158916208201,647.8158916208201,214.57431418666113,0.0,0.0
36.6793591247512,100000000.0,647.9230500931922,647.923050093192,214.68147265903303,0.0,0.0
36.6793591247512,100000000.0,647.9628151488184,647.9628151488181,214.72123771465922,0.0,0.0
36.6793591247512,100000000.0,648.0935855497131,648.093585549713,214.85200811555396,0.0,0.0
36.6793591247512,100000000.0,648.1258520568974,648.1258520568974,214.8842746227383,0.0,0.0
36.6793591247512,100000000.0,648.1521241737534,648.1521241737534,214.91054673959442,0.0,0.0
36.6793591247512,100000000.0,-1.0,575.3151884461072,193.41954221315427,1.0,1.0
36.6793591247512,100000000.0,648.8653281149459,648.8653281149458,215.62375068078677,0.0,0.0
36.6793591247512,100000000.0,648.9260162084237,648.9260162084237,215.6844387742646,0.0,0.0
36.6793591247512,100000000.0,648.9412669728251,648.9412669728252,215.69968953866615,0.0,0.0
36.6793591247512,100000000.0,648.9819638590697,648.9819638590694,215.7403864249105,0.0,0.0
36.6793591247512,100000000.0,649.1132796029632,649.1132796029634,215.8717021688043,0.0,0.0
36.6793591247512,100000000.0,649.1414628565715,649.1414628565714,215.89988542241238,0.0,0.0
36.6793591247512,100000000.0,649.2850484336179,649.2850484336178,216.0434709994589,0.0,0.0
36.6793591247512,100000000.0,649.3626273987127,649.3626273987124,216.12104996455355,0.0,0.0
36.6793591247512,100000000.0,649.4654754069356,649.4654754069354,216.22389797277648,0.0,0.0
36.6793591247512,100000000.0,649.6479682153089,649.647968215309,216.40639078114998,0.0,0.0
36.6793591247512,100000000.0,649.7023499806145,649.7023499806145,216.46077254645556,0.0,0.0
36.6793591247512,100000000.0,649.7669392854776,649.7669392854777,216.52536185131862,0.0,0.0
36.6793591247512,100000000.0,649.7740880525554,649.7740880525556,216.53251061839654,0.0,0.0
36.6793591247512,100000000.0,649.7887985024823,649.7887985024825,216.54722106832335,0.0,0.0
36.6793591247512,100000000.0,649.8750573267505,649.8750573267506,216.6334798925916,0.0,0.0
36.6793591247512,100000000.0,649.8929579156365,649.8929579156365,216.6513804814775,0.0,0.0
36.6793591247512,100000000.0,650.1465282434559,650.1465282434558,216.9049508092969,0.0,0.0
36.6793591247512,100000000.0,650.223637985834,650.2236379858338,216.98206055167483,0.0,0.0
36.6793591247512,100000000.0,650.5289860044214,650.5289860044215,217.2874085702625,0.0,0.0
36.6793591247512,100000000.0,650.5374885370084,650.5374885370085,217.2959111028494,0.0,0.0
36.6793591247512,100000000.0,650.5782958779541,650.5782958779541,217.336718443795,0.0,0.0
36.6793591247512,100000000.0,650.708476700784,650.708476700784,217.4668992666249,0.0,0.0
36.6793591247512,100000000.0,-1.0,577.518689165723,189.63528673083968,1.0,1.0
36.6793591247512,100000000.0,650.9233738889752,650.9233738889752,217.68179645481612,0.0,0.0
36.6793591247512,100000000.0,650.9902460182918,650.9902460182918,217.7486685841329,0.0,0.0
36.6793591247512,100000000.0,651.2240774455383,651.2240774455385,217.98250001137936,0.0,0.0
36.6793591247512,100000000.0,651.2745776572316,651.2745776572316,218.03300022307258,0.0,0.0
36.6793591247512,100000000.0,651.5333274489622,651.5333274489622,218.2917500148031,0.0,0.0
36.6793591247512,100000000.0,651.5616264941345,651.5616264941345,218.32004905997547,0.0,0.0
36.6793591247512,100000000.0,651.8127412749732,651.8127412749733,218.57116384081414,0.0,0.0
36.6793591247512,100000000.0,651.9181901199005,651.9181901199005,218.67661268574136,0.0,0.0
36.6793591247512,100000000.0,651.9393677726392,651.9393677726395,218.6977903384804,0.0,0.0
36.6793591247512,100000000.0,652.0486106106075,652.0486106106076,218.80703317644856,0.0,0.0
36.6793591247512,100000000.0,652.9874209420512,652.987420942051,219.7458435078921,0.0,0.0
36.6793591247512,100000000.0,653.0453370715182,653.0453370715182,219.80375963735926,0.0,0.0
36.6793591247512,100000000.0,653.200924922736,653.200924922736,219.95934748857687,0.0,0.0
36.6793591247512,100000000.0,-1.0,580.0985875385403,185.08420121210273,1.0,1.0
36.6793591247512,100000000.0,653.5174789476418,653.5174789476417,220.2759015134828,0.0,0.0
36.6793591247512,100000000.0,654.0909819809216,654.0909819809218,220.84940454676266,0.0,0.0
36.6793591247512,100000000.0,654.1434175399954,654.1434175399954,220.9018401058363,0.0,0.0
36.6793591247512,100000000.0,654.2228512046175,654.2228512046173,220.98127377045824,0.0,0.0
36.6793591247512,100000000.0,654.2678116245837,654.2678116245837,221.02623419042473,0.0,0.0
36.6793591247512,100000000.0,-1.0,581.0632511564435,190.13940025112075,1.0,1.0
36.6793591247512,100000000.0,654.6465443433332,654.6465443433332,221.40496690917416,0.0,0.0
36.6793591247512,100000000.0,654.7709011373677,654.7709011373677,221.52932370320866,0.0,0.0
36.6793591247512,100000000.0,654.9301222147999,654.9301222148,221.68854478064097,0.0,0.0
36.6793591247512,100000000.0,654.939137240634,654.939137240634,221.69755980647483,0.0,0.0
36.6793591247512,100000000.0,658.0929328162078,658.0929328162078,224.85135538204878,0.0,0.0
36.6793591247512,100000000.0,658.8344659905854,658.8344659905855,225.59288855642637,0.0,0.0
36.6793591247512,100000000.0,659.2841619928413,659.2841619928414,226.04258455868234,0.0,0.0
36.6793591247512,100000000.0,659.9819482051101,659.98194820511,226.74037077095113,0.0,0.0
36.6793591247512,100000000.0,660.8604858184364,660.8604858184365,227.61890838427743,0.0,0.0
36.6793591247512,100000000.0,661.2598681034451,661.2598681034451,228.018290669286,0.0,0.0
36.6793591247512,100000000.0,661.6521974920291,661.6521974920292,228.41062005787018,0.0,0.0
36.6793591247512,100000000.0,662.3076447922356,662.3076447922357,229.06606735807674,0.0,0.0
36.6793591247512,100000000.0,662.3159260926257,662.3159260926258,229.0743486584666,0.0,0.0
36.6793591247512,100000000.0,662.5134078357287,662.5134078357288,229.27183040156976,0.0,0.0
36.79883586457124,100000000.0,623.3147799251218,623.3147799251217,190.07320249096267,0.0,0.0
36.79883586457124,100000000.0,632.2719177317939,632.2719177317938,199.0303402976348,0.0,0.0
36.79883586457124,100000000.0,637.5992376662375,637.5992376662373,204.35766023207836,0.0,0.0
36.79883586457124,100000000.0,638.6631414303158,638.6631414303156,205.42156399615655,0.0,0.0
36.79883586457124,100000000.0,638.7534131783539,638.7534131783539,205.5118357441947,0.0,0.0
36.79883586457124,100000000.0,640.4415266685802,640.4415266685801,207.199949234421,0.0,0.0
36.79883586457124,100000000.0,641.0197248262889,641.019724826289,207.77814739212994,0.0,0.0
36.79883586457124,100000000.0,641.021598897865,641.021598897865,207.78002146370602,0.0,0.0
36.79883586457124,100000000.0,641.5031464755431,641.5031464755431,208.26156904138426,0.0,0.0
36.79883586457124,100000000.0,641.7155162942311,641.715516294231,208.473938860072,0.0,0.0
36.79883586457124,100000000.0,641.8401184256924,641.8401184256925,208.59854099153344,0.0,0.0
36.79883586457124,100000000.0,642.7818783511315,642.7818783511316,209.54030091697265,0.0,0.0
36.79883586457124,100000000.0,643.0883777244175,643.0883777244173,209.84680029025844,0.0,0.0
36.79883586457124,100000000.0,643.0925145295539,643.0925145295539,209.85093709539478,0.0,0.0
36.79883586457124,100000000.0,644.3362606584997,644.3362606584996,211.0946832243405,0.0,0.0
36.79883586457124,100000000.0,644.9001499751148,644.900149975115,211.65857254095604,0.0,0.0
36.79883586457124,100000000.0,644.9249933968534,644.9249933968536,211.68341596269434,0.0,0.0
36.79883586457124,100000000.0,644.9722018388394,644.9722018388393,211.73062440468038,0.0,0.0
36.79883586457124,100000000.0,645.0346503050147,645.0346503050147,211.7930728708556,0.0,0.0
36.79883586457124,100000000.0,645.7221384148925,645.7221384148922,212.48056098073326,0.0,0.0
36.79883586457124,100000000.0,645.9438742544842,645.9438742544844,212.70229682032524,0.0,0.0
36.79883586457124,100000000.0,646.4744366520969,646.4744366520966,213.2328592179376,0.0,0.0
36.79883586457124,100000000.0,-1.0,572.9893866731672,186.4761485232074,1.0,1.0
36.79883586457124,100000000.0,646.7045673018637,646.7045673018636,213.46298986770458,0.0,0.0
36.79883586457124,100000000.0,647.0939190407917,647.0939190407914,213.85234160663262,0.0,0.0
36.79883586457124,100000000.0,647.4485402413145,647.4485402413146,214.20696280715558,0.0,0.0
36.79883586457124,100000000.0,647.4853482463415,647.4853482463415,214.24377081218248,0.0,0.0
36.79883586457124,100000000.0,647.615632762773,647.6156327627733,214.374055328614,0.0,0.0
36.79883586457124,100000000.0,647.6832983367616,647.6832983367616,214.4417209026026,0.0,0.0
36.79883586457124,100000000.0,647.7795861994391,647.7795861994391,214.53800876527995,0.0,0.0
36.79883586457124,100000000.0,648.4223926511012,648.4223926511012,215.18081521694208,0.0,0.0
36.79883586457124,100000000.0,648.5010024082177,648.5010024082179,215.2594249740588,0.0,0.0
36.79883586457124,100000000.0,649.0082942833529,649.008294283353,215.76671684919398,0.0,0.0
36.79883586457124,100000000.0,649.0433251829919,649.043325182992,215.80174774883292,0.0,0.0
36.79883586457124,100000000.0,-1.0,575.5308053132915,187.47063898397602,1.0,1.0
36.79883586457124,100000000.0,649.1513641407311,649.1513641407313,215.90978670657196,0.0,0.0
36.79883586457124,100000000.0,649.2110263025961,649.211026302596,215.96944886843696,0.0,0.0
36.79883586457124,100000000.0,649.3038287023418,649.303828702342,216.0622512681829,0.0,0.0
36.79883586457124,100000000.0,649.3763079824345,649.3763079824345,216.13473054827531,0.0,0.0
36.79883586457124,100000000.0,649.4256448724225,649.4256448724224,216.18406743826327,0.0,0.0
36.79883586457124,100000000.0,649.5432921909505,649.5432921909504,216.30171475679145,0.0,0.0
36.79883586457124,100000000.0,649.5557900936304,649.5557900936304,216.31421265947142,0.0,0.0
36.79883586457124,100000000.0,649.7515233649552,649.7515233649552,216.50994593079616,0.0,0.0
36.79883586457124,100000000.0,649.8098345924602,649.8098345924603,216.56825715830132,0.0,0.0
36.79883586457124,100000000.0,649.9453397112233,649.9453397112234,216.7037622770642,0.0,0.0
36.79883586457124,100000000.0,649.9783314685486,649.9783314685484,216.73675403438955,0.0,0.0
36.79883586457124,100000000.0,650.0109615426974,650.0109615426973,216.76938410853828,0.0,0.0
36.79883586457124,100000000.0,650.2114966017778,650.2114966017779,216.96991916761874,0.0,0.0
36.79883586457124,100000000.0,650.4278608998528,650.4278608998529,217.18628346569392,0.0,0.0
36.79883586457124,100000000.0,650.5916949106946,650.5916949106945,217.35011747653553,0.0,0.0
36.79883586457124,100000000.0,650.6894687518989,650.6894687518989,217.44789131773987,0.0,0.0
36.79883586457124,100000000.0,651.0272551307954,651.0272551307955,217.78567769663636,0.0,0.0
36.79883586457124,100000000.0,651.0720396080973,651.0720396080972,217.83046217393812,0.0,0.0
36.79883586457124,100000000.0,-1.0,577.6305709938213,194.21637205878554,1.0,1.0
36.79883586457124,100000000.0,651.3241402403476,651.3241402403474,218.0825628061885,0.0,0.0
36.79883586457124,100000000.0,651.5804382146555,651.5804382146555,218.3388607804965,0.0,0.0
36.79883586457124,100000000.0,651.7341388319803,651.7341388319804,218.49256139782128,0.0,0.0
36.79883586457124,100000000.0,652.3774090509971,652.3774090509974,219.13583161683823,0.0,0.0
36.79883586457124,100000000.0,652.5073245117942,652.5073245117942,219.26574707763515,0.0,0.0
36.79883586457124,100000000.0,652.7059593471411,652.7059593471411,219.46438191298202,0.0,0.0
36.79883586457124,100000000.0,652.781167883193,652.7811678831929,219.53959044903397,0.0,0.0
36.79883586457124,100000000.0,652.7958089962981,652.7958089962981,219.55423156213902,0.0,0.0
36.79883586457124,100000000.0,652.820757268442,652.8207572684421,219.5791798342829,0.0,0.0
36.79883586457124,100000000.0,652.8610559814279,652.8610559814279,219.61947854726867,0.0,0.0
36.79883586457124,100000000.0,-1.0,579.3747811791206,194.3448850803922,1.0,1.0
36.79883586457124,100000000.0,652.9783746428386,652.9783746428387,219.7367972086797,0.0,0.0
36.79883586457124,100000000.0,653.0413879383564,653.0413879383565,219.79981050419727,0.0,0.0
36.79883586457124,100000000.0,653.4154672357616,653.4154672357619,220.1738898016027,0.0,0.0
36.79883586457124,100000000.0,653.6585462446277,653.6585462446277,220.41696881046863,0.0,0.0
36.79883586457124,100000000.0,654.115132861052,654.1151328610522,220.87355542689312,0.0,0.0
36.79883586457124,100000000.0,-1.0,580.52078465416,192.50097295026052,1.0,1.0
36.79883586457124,100000000.0,654.1600905061454,654.1600905061451,220.91851307198633,0.0,0.0
36.79883586457124,100000000.0,654.1730165239378,654.1730165239379,220.93143908977868,0.0,0.0
36.79883586457124,100000000.0,654.3601192822933,654.3601192822933,221.11854184813438,0.0,0.0
36.79883586457124,100000000.0,654.6132758769907,654.613275876991,221.3716984428319,0.0,0.0
36.79883586457124,100000000.0,654.8925920822747,654.8925920822747,221.65101464811582,0.0,0.0
36.79883586457124,100000000.0,655.0352912567822,655.035291256782,221.79371382262312,0.0,0.0
36.79883586457124,100000000.0,655.1069940004054,655.1069940004054,221.86541656624638,0.0,0.0
36.79883586457124,100000000.0,655.3098674672153,655.3098674672156,222.06829003305643,0.0,0.0
36.79883586457124,100000000.0,655.3414576793703,655.3414576793704,222.0998802452114,0.0,0.0
36.79883586457124,100000000.0,655.6594431748399,655.6594431748398,222.41786574068078,0.0,0.0
36.79883586457124,100000000.0,655.7998676503769,655.7998676503769,222.55829021621784,0.0,0.0
36.79883586457124,100000000.0,-1.0,582.2494713865286,199.59503655768899,1.0,1.0
36.79883586457124,100000000.0,656.0450222726108,656.0450222726109,222.80344483845184,0.0,0.0
36.79883586457124,100000000.0,656.115272671354,656.1152726713541,222.87369523719502,0.0,0.0
36.79883586457124,100000000.0,656.1316037916539,656.1316037916537,222.89002635749478,0.0,0.0
36.79883586457124,100000000.0,656.1879378714536,656.1879378714539,222.94636043729477,0.0,0.0
36.79883586457124,100000000.0,656.188629710468,656.1886297104679,222.94705227630914,0.0,0.0
36.79883586457124,100000000.0,656.2082660559529,656.2082660559531,222.96668862179393,0.0,0.0
36.79883586457124,100000000.0,-1.0,582.9123091944049,192.8940939355981,1.0,1.0
36.79883586457124,100000000.0,656.5813292356981,656.581329235698,223.339751801539,0.0,0.0
36.79883586457124,100000000.0,-1.0,583.3397095903074,192.00560684698038,1.0,1.0
36.79883586457124,100000000.0,656.966028673244,656.9660286732441,223.72445123908506,0.0,0.0
36.79883586457124,100000000.0,657.1646491682869,657.1646491682869,223.92307173412792,0.0,0.0
36.79883586457124,100000000.0,657.180443677746,657.1804436777462,223.9388662435871,0.0,0.0
36.79883586457124,100000000.0,657.537985391154,657.5379853911543,224.29640795699504,0.0,0.0
36.79883586457124,100000000.0,657.6596661089295,657.6596661089294,224.4180886747705,0.0,0.0
36.79883586457124,100000000.0,657.6852470851029,657.685247085103,224.44366965094392,0.0,0.0
36.79883586457124,100000000.0,-1.0,584.7731488699426,195.01957272027613,1.0,1.0
36.79883586457124,100000000.0,658.4011022716935,658.4011022716935,225.15952483753446,0.0,0.0
36.79883586457124,100000000.0,658.6060906582097,658.60609065821,225.36451322405077,0.0,0.0
36.79883586457124,100000000.0,658.9916582601422,658.9916582601423,225.75008082598336,0.0,0.0
36.79883586457124,100000000.0,-1.0,585.4621383215563,195.5609707638453,1.0,1.0
36.79883586457124,100000000.0,659.2755768009275,659.2755768009278,226.03399936676868,0.0,0.0
36.79883586457124,100000000.0,-1.0,586.177870374916,202.47599093518647,1.0,1.0
36.79883586457124,100000000.0,660.0862748288326,660.0862748288325,226.84469739467366,0.0,0.0
36.79883586457124,100000000.0,660.531536782214,660.5315367822142,227.28995934805502,0.0,0.0
36.79883586457124,100000000.0,660.5381752878111,660.5381752878109,227.29659785365192,0.0,0.0
36.79883586457124,100000000.0,660.6833912899929,660.6833912899931,227.44181385583394,0.0,0.0
36.79883586457124,100000000.0,660.7173935432927,660.7173935432927,227.47581610913375,0.0,0.0
36.79883586457124,100000000.0,661.0531895423017,661.0531895423018,227.81161210814267,0.0,0.0
36.79883586457124,100000000.0,661.4094799258123,661.4094799258123,228.16790249165334,0.0,0.0
36.79883586457124,100000000.0,661.6049679672878,661.604967967288,228.36339053312884,0.0,0.0
36.79883586457124,100000000.0,662.1493256752924,662.1493256752925,228.90774824113348,0.0,0.0
36.79883586457124,100000000.0,-1.0,590.0582958986449,191.5770695639733,1.0,1.0
36.79883586457124,100000000.0,664.6006081500788,664.6006081500788,231.3590307159197,0.0,0.0
36.79883586457124,100000000.0,664.7642012540294,664.7642012540292,231.5226238198703,0.0,0.0
36.79883586457124,100000000.0,665.2603915563868,665.2603915563867,232.01881412222772,0.0,0.0
36.79883586457124,100000000.0,665.2682491431696,665.2682491431696,232.02667170901046,0.0,0.0
36.79883586457124,100000000.0,665.3760078768037,665.3760078768037,232.13443044264486,0.0,0.0
36.79883586457124,100000000.0,666.1182411719459,666.1182411719457,232.8766637377866,0.0,0.0
36.79883586457124,100000000.0,666.1416945622697,666.1416945622697,232.90011712811068,0.0,0.0
36.79883586457124,100000000.0,666.164848044614,666.1648480446139,232.92327061045492,0.0,0.0
36.79883586457124,100000000.0,667.4819340707229,667.4819340707229,234.2403566365639,0.0,0.0
36.79883586457124,100000000.0,667.8281349323416,667.8281349323416,234.5865574981826,0.0,0.0
36.79883586457124,100000000.0,668.8420935830762,668.8420935830763,235.60051614891708,0.0,0.0
36.79883586457124,100000000.0,670.8767908494997,670.8767908494997,237.6352134153406,0.0,0.0
36.79883586457124,100000000.0,672.7852205381554,672.7852205381555,239.54364310399637,0.0,0.0
36.918312604391275,100000000.0,635.4599114396467,635.4599114396468,202.21833400548775,0.0,0.0
36.918312604391275,100000000.0,636.9916986403432,636.9916986403434,203.7501212061842,0.0,0.0
36.918312604391275,100000000.0,637.2958295760048,637.2958295760046,204.0542521418457,0.0,0.0
36.918312604391275,100000000.0,637.9924918670678,637.9924918670679,204.75091443290881,0.0,0.0
36.918312604391275,100000000.0,640.0676962814425,640.0676962814425,206.82611884728357,0.0,0.0
36.918312604391275,100000000.0,640.4164392752184,640.4164392752183,207.17486184105928,0.0,0.0
36.918312604391275,100000000.0,640.9723807982191,640.9723807982189,207.73080336405985,0.0,0.0
36.918312604391275,100000000.0,-1.0,567.7036621040879,184.11110531136703,1.0,1.0
36.918312604391275,100000000.0,641.6053455941416,641.6053455941418,208.36376815998258,0.0,0.0
36.918312604391275,100000000.0,641.7220506112712,641.7220506112714,208.48047317711237,0.0,0.0
36.918312604391275,100000000.0,641.8118008976551,641.8118008976552,208.57022346349603,0.0,0.0
36.918312604391275,100000000.0,642.3352413374231,642.3352413374232,209.09366390326417,0.0,0.0
36.918312604391275,100000000.0,642.4937357648988,642.4937357648989,209.2521583307398,0.0,0.0
36.918312604391275,100000000.0,642.6494062620603,642.6494062620603,209.4078288279012,0.0,0.0
36.918312604391275,100000000.0,642.7265341495911,642.7265341495909,209.4849567154319,0.0,0.0
36.918312604391275,100000000.0,642.8549325579748,642.8549325579748,209.6133551238159,0.0,0.0
36.918312604391275,100000000.0,643.254475687057,643.254475687057,210.0128982528979,0.0,0.0
36.918312604391275,100000000.0,643.393540410245,643.3935404102449,210.15196297608603,0.0,0.0
36.918312604391275,100000000.0,643.4135512080846,643.4135512080845,210.17197377392554,0.0,0.0
36.918312604391275,100000000.0,643.5803658447613,643.5803658447614,210.3387884106023,0.0,0.0
36.918312604391275,100000000.0,644.0584029821744,644.0584029821744,210.81682554801534,0.0,0.0
36.918312604391275,100000000.0,644.8543284074153,644.8543284074151,211.61275097325617,0.0,0.0
36.918312604391275,100000000.0,645.2707244971531,645.2707244971531,212.02914706299399,0.0,0.0
36.918312604391275,100000000.0,645.409502675034,645.4095026750341,212.1679252408751,0.0,0.0
36.918312604391275,100000000.0,645.4258233608468,645.4258233608471,212.18424592668802,0.0,0.0
36.918312604391275,100000000.0,645.4265150017136,645.4265150017136,212.18493756755467,0.0,0.0
36.918312604391275,100000000.0,645.4817706055015,645.4817706055015,212.2401931713425,0.0,0.0
36.918312604391275,100000000.0,645.6672517308797,645.6672517308798,212.42567429672056,0.0,0.0
36.918312604391275,100000000.0,-1.0,572.016135561528,191.794719859779,1.0,1.0
36.918312604391275,100000000.0,-1.0,572.0735091931112,186.6844884755686,1.0,1.0
36.918312604391275,100000000.0,645.9575985863917,645.9575985863916,212.7160211522325,0.0,0.0
36.918312604391275,100000000.0,646.1323406488169,646.1323406488169,212.89076321465785,0.0,0.0
36.918312604391275,100000000.0,646.1542561201421,646.1542561201421,212.9126786859831,0.0,0.0
36.918312604391275,100000000.0,646.2486377283468,646.2486377283469,213.00706029418774,0.0,0.0
36.918312604391275,100000000.0,646.3774035427563,646.3774035427564,213.13582610859734,0.0,0.0
36.918312604391275,100000000.0,-1.0,572.5832949434428,178.39334660986435,1.0,1.0
36.918312604391275,100000000.0,646.7417394721261,646.7417394721261,213.5001620379671,0.0,0.0
36.918312604391275,100000000.0,646.7943338236369,646.7943338236369,213.5527563894777,0.0,0.0
36.918312604391275,100000000.0,646.915844468938,646.9158444689378,213.67426703477884,0.0,0.0
36.918312604391275,100000000.0,647.7013193297541,647.701319329754,214.45974189559507,0.0,0.0
36.918312604391275,100000000.0,647.7524834560959,647.7524834560961,214.510906021937,0.0,0.0
36.918312604391275,100000000.0,648.0872188175615,648.0872188175613,214.8456413834023,0.0,0.0
36.918312604391275,100000000.0,648.3396064024107,648.3396064024109,215.09802896825167,0.0,0.0
36.918312604391275,100000000.0,-1.0,574.5517482225351,186.91336948903324,1.0,1.0
36.918312604391275,100000000.0,648.3904895525171,648.3904895525171,215.14891211835814,0.0,0.0
36.918312604391275,100000000.0,648.406170543883,648.406170543883,215.16459310972394,0.0,0.0
36.918312604391275,100000000.0,648.4388707018205,648.4388707018204,215.19729326766134,0.0,0.0
36.918312604391275,100000000.0,648.4764106579516,648.4764106579515,215.2348332237926,0.0,0.0
36.918312604391275,100000000.0,648.5856708704588,648.5856708704589,215.34409343629991,0.0,0.0
36.918312604391275,100000000.0,-1.0,574.8425648562242,191.37158473549283,1.0,1.0
36.918312604391275,100000000.0,648.9162976862572,648.9162976862572,215.6747202520982,0.0,0.0
36.918312604391275,100000000.0,648.9432710887714,648.9432710887713,215.7016936546123,0.0,0.0
36.918312604391275,100000000.0,648.9911449068289,648.991144906829,215.7495674726698,0.0,0.0
36.918312604391275,100000000.0,649.0685023016579,649.0685023016579,215.82692486749897,0.0,0.0
36.918312604391275,100000000.0,649.0961261689768,649.096126168977,215.85454873481774,0.0,0.0
36.918312604391275,100000000.0,649.2294553040169,649.2294553040168,215.98787786985784,0.0,0.0
36.918312604391275,100000000.0,649.2639147692984,649.2639147692984,216.02233733513924,0.0,0.0
36.918312604391275,100000000.0,649.3879566402383,649.3879566402381,216.1463792060792,0.0,0.0
36.918312604391275,100000000.0,649.4721124190374,649.4721124190373,216.2305349848785,0.0,0.0
36.918312604391275,100000000.0,649.4729951503735,649.4729951503737,216.2314177162146,0.0,0.0
36.918312604391275,100000000.0,649.4932954619992,649.4932954619993,216.25171802784016,0.0,0.0
36.918312604391275,100000000.0,649.8225807912921,649.8225807912921,216.58100335713303,0.0,0.0
36.918312604391275,100000000.0,649.8261113339967,649.8261113339967,216.58453389983757,0.0,0.0
36.918312604391275,100000000.0,649.9991586696375,649.9991586696374,216.75758123547848,0.0,0.0
36.918312604391275,100000000.0,650.0450619984451,650.0450619984454,216.80348456428618,0.0,0.0
36.918312604391275,100000000.0,650.2145638479515,650.2145638479514,216.97298641379234,0.0,0.0
36.918312604391275,100000000.0,650.7562516977836,650.7562516977835,217.51467426362453,0.0,0.0
36.918312604391275,100000000.0,650.7573959312867,650.7573959312867,217.5158184971276,0.0,0.0
36.918312604391275,100000000.0,651.2264635892918,651.2264635892919,217.9848861551328,0.0,0.0
36.918312604391275,100000000.0,-1.0,577.4900762456099,185.97761564459782,1.0,1.0
36.918312604391275,100000000.0,-1.0,577.7245943885392,193.39259879254826,1.0,1.0
36.918312604391275,100000000.0,651.7947473592329,651.794747359233,218.55316992507392,0.0,0.0
36.918312604391275,100000000.0,651.885328234453,651.8853282344531,218.64375080029413,0.0,0.0
36.918312604391275,100000000.0,-1.0,578.098310497517,194.77956504997832,1.0,1.0
36.918312604391275,100000000.0,651.9455540385103,651.9455540385104,218.7039766043513,0.0,0.0
36.918312604391275,100000000.0,652.1671419719191,652.1671419719192,218.92556453776018,0.0,0.0
36.918312604391275,100000000.0,652.4172385077453,652.4172385077453,219.17566107358627,0.0,0.0
36.918312604391275,100000000.0,652.4418363017836,652.4418363017834,219.20025886762454,0.0,0.0
36.918312604391275,100000000.0,652.6932598453992,652.6932598453994,219.4516824112404,0.0,0.0
36.918312604391275,100000000.0,653.0766089530406,653.0766089530405,219.83503151888155,0.0,0.0
36.918312604391275,100000000.0,653.1960104773033,653.1960104773032,219.95443304314412,0.0,0.0
36.918312604391275,100000000.0,653.2071356502671,653.207135650267,219.96555821610795,0.0,0.0
36.918312604391275,100000000.0,653.5606568122743,653.5606568122743,220.31907937811513,0.0,0.0
36.918312604391275,100000000.0,653.6070711870136,653.6070711870134,220.3654937528544,0.0,0.0
36.918312604391275,100000000.0,-1.0,579.7821300948251,195.41338482561935,1.0,1.0
36.918312604391275,100000000.0,653.7353023300925,653.7353023300925,220.49372489593333,0.0,0.0
36.918312604391275,100000000.0,654.039428798501,654.0394287985011,220.79785136434208,0.0,0.0
36.918312604391275,100000000.0,654.1745542000536,654.1745542000535,220.93297676589464,0.0,0.0
36.918312604391275,100000000.0,-1.0,580.6337696072727,188.01501650359182,1.0,1.0
36.918312604391275,100000000.0,654.4991633455667,654.4991633455666,221.25758591140752,0.0,0.0
36.918312604391275,100000000.0,654.8410734047819,654.8410734047819,221.59949597062274,0.0,0.0
36.918312604391275,100000000.0,655.1966138008203,655.1966138008199,221.95503636666103,0.0,0.0
36.918312604391275,100000000.0,-1.0,582.1639689157881,195.47408237727757,1.0,1.0
36.918312604391275,100000000.0,656.1331146608497,656.1331146608497,222.8915372266907,0.0,0.0
36.918312604391275,100000000.0,656.4393820099413,656.4393820099415,223.19780457578233,0.0,0.0
36.918312604391275,100000000.0,656.561089005722,656.5610890057221,223.31951157156286,0.0,0.0
36.918312604391275,100000000.0,656.7936944746383,656.7936944746383,223.55211704047932,0.0,0.0
36.918312604391275,100000000.0,-1.0,583.0398153370813,188.67433462349786,1.0,1.0
36.918312604391275,100000000.0,657.0243830620961,657.0243830620961,223.78280562793705,0.0,0.0
36.918312604391275,100000000.0,657.0914778862335,657.0914778862335,223.84990045207442,0.0,0.0
36.918312604391275,100000000.0,657.10534121778,657.1053412177802,223.86376378362118,0.0,0.0
36.918312604391275,100000000.0,657.1058605994155,657.1058605994153,223.86428316525635,0.0,0.0
36.918312604391275,100000000.0,657.1179615248927,657.117961524893,223.87638409073372,0.0,0.0
36.918312604391275,100000000.0,657.6318192035083,657.6318192035081,224.39024176934913,0.0,0.0
36.918312604391275,100000000.0,657.8623242631282,657.8623242631284,224.62074682896926,0.0,0.0
36.918312604391275,100000000.0,658.0260928117582,658.0260928117583,224.78451537759912,0.0,0.0
36.918312604391275,100000000.0,658.1357269780307,658.1357269780308,224.89414954387163,0.0,0.0
36.918312604391275,100000000.0,658.2543365001808,658.2543365001808,225.0127590660217,0.0,0.0
36.918312604391275,100000000.0,658.4479256854595,658.4479256854595,225.20634825130043,0.0,0.0
36.918312604391275,100000000.0,658.5534756952743,658.5534756952744,225.31189826111543,0.0,0.0
36.918312604391275,100000000.0,658.7627755647334,658.7627755647334,225.52119813057445,0.0,0.0
36.918312604391275,100000000.0,658.9018727471353,658.9018727471354,225.6602953129763,0.0,0.0
36.918312604391275,100000000.0,659.0770922014941,659.077092201494,225.83551476733498,0.0,0.0
36.918312604391275,100000000.0,659.2708281478045,659.2708281478045,226.02925071364552,0.0,0.0
36.918312604391275,100000000.0,659.6634656213605,659.6634656213604,226.42188818720135,0.0,0.0
36.918312604391275,100000000.0,659.9678489756194,659.9678489756194,226.7262715414604,0.0,0.0
36.918312604391275,100000000.0,660.0726444193768,660.072644419377,226.83106698521792,0.0,0.0
36.918312604391275,100000000.0,660.1446685404311,660.1446685404313,226.90309110627226,0.0,0.0
36.918312604391275,100000000.0,660.4134709443554,660.4134709443554,227.17189351019636,0.0,0.0
36.918312604391275,100000000.0,660.9235186056314,660.9235186056313,227.68194117147235,0.0,0.0
36.918312604391275,100000000.0,661.2975647335192,661.2975647335193,228.05598729936014,0.0,0.0
36.918312604391275,100000000.0,661.4877507442488,661.487750744249,228.24617331008986,0.0,0.0
36.918312604391275,100000000.0,662.1487270371256,662.1487270371255,228.90714960296654,0.0,0.0
36.918312604391275,100000000.0,663.278558162297,663.2785581622969,230.03698072813802,0.0,0.0
36.918312604391275,100000000.0,663.9190694530942,663.9190694530942,230.6774920189351,0.0,0.0
36.918312604391275,100000000.0,665.240231891112,665.240231891112,231.99865445695286,0.0,0.0
36.918312604391275,100000000.0,665.8615486491034,665.8615486491035,232.6199712149443,0.0,0.0
36.918312604391275,100000000.0,666.3235392612618,666.3235392612618,233.0819618271027,0.0,0.0
37.037789344211305,100000000.0,636.7272395647118,636.7272395647117,203.48566213055267,0.0,0.0
37.037789344211305,100000000.0,638.2529703390983,638.2529703390982,205.01139290493927,0.0,0.0
37.037789344211305,100000000.0,638.3990658309606,638.3990658309606,205.15748839680148,0.0,0.0
37.037789344211305,100000000.0,638.7704655327735,638.7704655327736,205.52888809861443,0.0,0.0
37.037789344211305,100000000.0,639.8531684862778,639.8531684862777,206.61159105211874,0.0,0.0
37.037789344211305,100000000.0,640.118458763155,640.1184587631546,206.87688132899586,0.0,0.0
37.037789344211305,100000000.0,640.6130259061347,640.6130259061348,207.37144847197573,0.0,0.0
37.037789344211305,100000000.0,640.7773023063097,640.7773023063095,207.53572487215038,0.0,0.0
37.037789344211305,100000000.0,-1.0,567.7155935034787,183.3342126415233,1.0,1.0
37.037789344211305,100000000.0,642.1531280448266,642.1531280448268,208.91155061066755,0.0,0.0
37.037789344211305,100000000.0,642.2325170876793,642.232517087679,208.99093965352006,0.0,0.0
37.037789344211305,100000000.0,642.5155541305837,642.515554130584,209.2739766964247,0.0,0.0
37.037789344211305,100000000.0,642.6250003598011,642.625000359801,209.38342292564192,0.0,0.0
37.037789344211305,100000000.0,-1.0,569.0573884889291,188.07640901214734,1.0,1.0
37.037789344211305,100000000.0,643.3194759899512,643.3194759899511,210.0778985557921,0.0,0.0
37.037789344211305,100000000.0,643.7593692867263,643.7593692867263,210.5177918525672,0.0,0.0
37.037789344211305,100000000.0,643.85552979729,643.85552979729,210.61395236313092,0.0,0.0
37.037789344211305,100000000.0,643.890406192556,643.8904061925559,210.64882875839695,0.0,0.0
37.037789344211305,100000000.0,644.2645443657095,644.2645443657095,211.02296693155054,0.0,0.0
37.037789344211305,100000000.0,644.276670025936,644.2766700259361,211.03509259177713,0.0,0.0
37.037789344211305,100000000.0,644.3564357073342,644.3564357073341,211.114858273175,0.0,0.0
37.037789344211305,100000000.0,644.6581296697383,644.6581296697384,211.41655223557933,0.0,0.0
37.037789344211305,100000000.0,645.0346472881762,645.0346472881761,211.7930698540171,0.0,0.0
37.037789344211305,100000000.0,645.1885066582697,645.1885066582697,211.94692922411076,0.0,0.0
37.037789344211305,100000000.0,645.2129178984935,645.2129178984936,211.97134046433445,0.0,0.0
37.037789344211305,100000000.0,645.9949197723113,645.9949197723115,212.7533423381523,0.0,0.0
37.037789344211305,100000000.0,646.5239259367393,646.523925936739,213.28234850258005,0.0,0.0
37.037789344211305,100000000.0,646.6382400267147,646.6382400267148,213.39666259255566,0.0,0.0
37.037789344211305,100000000.0,646.8795045107081,646.879504510708,213.63792707654898,0.0,0.0
37.037789344211305,100000000.0,646.9187532935285,646.9187532935285,213.67717585936947,0.0,0.0
37.037789344211305,100000000.0,647.5374056576386,647.5374056576386,214.29582822347948,0.0,0.0
37.037789344211305,100000000.0,647.5375660431813,647.5375660431814,214.2959886090223,0.0,0.0
37.037789344211305,100000000.0,647.5942146031912,647.5942146031911,214.35263716903214,0.0,0.0
37.037789344211305,100000000.0,-1.0,573.6671470609696,187.75573207660713,1.0,1.0
37.037789344211305,100000000.0,648.1525217358055,648.1525217358052,214.91094430164628,0.0,0.0
37.037789344211305,100000000.0,648.1783491725957,648.1783491725957,214.9367717384367,0.0,0.0
37.037789344211305,100000000.0,648.6383103101975,648.6383103101977,215.39673287603856,0.0,0.0
37.037789344211305,100000000.0,648.7546913099306,648.7546913099306,215.51311387577158,0.0,0.0
37.037789344211305,100000000.0,649.206130992103,649.2061309921029,215.96455355794382,0.0,0.0
37.037789344211305,100000000.0,-1.0,575.156475439641,192.041575024942,1.0,1.0
37.037789344211305,100000000.0,649.4966870369685,649.4966870369689,216.2551096028096,0.0,0.0
37.037789344211305,100000000.0,-1.0,575.4675292068954,190.75648474329375,1.0,1.0
37.037789344211305,100000000.0,649.7642724875197,649.7642724875197,216.5226950533608,0.0,0.0
37.037789344211305,100000000.0,650.0556930311739,650.0556930311737,216.8141155970148,0.0,0.0
37.037789344211305,100000000.0,650.0691767289231,650.0691767289231,216.82759929476413,0.0,0.0
37.037789344211305,100000000.0,650.3027060562165,650.3027060562166,217.06112862205742,0.0,0.0
37.037789344211305,100000000.0,650.4068925684754,650.4068925684753,217.1653151343163,0.0,0.0
37.037789344211305,100000000.0,650.4662716367184,650.4662716367184,217.22469420255933,0.0,0.0
37.037789344211305,100000000.0,650.5177511890511,650.5177511890511,217.27617375489197,0.0,0.0
37.037789344211305,100000000.0,650.5314177554487,650.5314177554486,217.2898403212898,0.0,0.0
37.037789344211305,100000000.0,650.6272954483386,650.6272954483387,217.3857180141796,0.0,0.0
37.037789344211305,100000000.0,650.7915238903415,650.7915238903416,217.54994645618245,0.0,0.0
37.037789344211305,100000000.0,650.7966822050801,650.7966822050798,217.55510477092088,0.0,0.0
37.037789344211305,100000000.0,651.0442802049215,651.0442802049216,217.80270277076238,0.0,0.0
37.037789344211305,100000000.0,651.1298938136796,651.1298938136795,217.88831637952046,0.0,0.0
37.037789344211305,100000000.0,651.3372693778459,651.3372693778459,218.09569194368683,0.0,0.0
37.037789344211305,100000000.0,651.3826379473501,651.3826379473502,218.14106051319106,0.0,0.0
37.037789344211305,100000000.0,651.6676775465791,651.6676775465791,218.42610011242004,0.0,0.0
37.037789344211305,100000000.0,651.7226318699581,651.7226318699581,218.48105443579905,0.0,0.0
37.037789344211305,100000000.0,652.1439981682269,652.1439981682269,218.9024207340678,0.0,0.0
37.037789344211305,100000000.0,652.1623728000575,652.1623728000575,218.9207953658984,0.0,0.0
37.037789344211305,100000000.0,652.3678961958248,652.3678961958249,219.1263187616657,0.0,0.0
37.037789344211305,100000000.0,652.4788223611994,652.4788223611993,219.23724492704022,0.0,0.0
37.037789344211305,100000000.0,652.5450177732313,652.5450177732313,219.3034403390721,0.0,0.0
37.037789344211305,100000000.0,652.5846769380599,652.5846769380599,219.3430995039009,0.0,0.0
37.037789344211305,100000000.0,652.6224022901575,652.6224022901578,219.38082485599855,0.0,0.0
37.037789344211305,100000000.0,652.7048198202772,652.7048198202772,219.4632423861182,0.0,0.0
37.037789344211305,100000000.0,652.7947014413436,652.7947014413437,219.55312400718452,0.0,0.0
37.037789344211305,100000000.0,652.9973725322089,652.9973725322089,219.75579509804996,0.0,0.0
37.037789344211305,100000000.0,653.0777731324436,653.0777731324436,219.83619569828454,0.0,0.0
37.037789344211305,100000000.0,653.21144773343,653.2114477334298,219.9698702992708,0.0,0.0
37.037789344211305,100000000.0,653.3261219743025,653.3261219743025,220.08454454014353,0.0,0.0
37.037789344211305,100000000.0,653.3407988572894,653.3407988572897,220.09922142313053,0.0,0.0
37.037789344211305,100000000.0,653.4147404894813,653.4147404894813,220.17316305532222,0.0,0.0
37.037789344211305,100000000.0,653.5061329407496,653.5061329407497,220.26455550659048,0.0,0.0
37.037789344211305,100000000.0,653.7882019580478,653.7882019580478,220.54662452388865,0.0,0.0
37.037789344211305,100000000.0,653.824808811579,653.824808811579,220.58323137742008,0.0,0.0
37.037789344211305,100000000.0,653.9185927434365,653.9185927434363,220.67701530927744,0.0,0.0
37.037789344211305,100000000.0,654.0439652390752,654.0439652390754,220.80238780491638,0.0,0.0
37.037789344211305,100000000.0,654.0853217083786,654.0853217083787,220.84374427421946,0.0,0.0
37.037789344211305,100000000.0,654.314675013619,654.3146750136192,221.07309757946,0.0,0.0
37.037789344211305,100000000.0,654.3586712963341,654.3586712963344,221.11709386217527,0.0,0.0
37.037789344211305,100000000.0,654.527066424111,654.5270664241111,221.28548898995206,0.0,0.0
37.037789344211305,100000000.0,-1.0,580.4934293092698,197.97737465801777,1.0,1.0
37.037789344211305,100000000.0,655.3597631490087,655.3597631490085,222.11818571484952,0.0,0.0
37.037789344211305,100000000.0,655.6248710935049,655.6248710935048,222.38329365934584,0.0,0.0
37.037789344211305,100000000.0,-1.0,581.6006467254443,196.12244707905916,1.0,1.0
37.037789344211305,100000000.0,655.6798193072506,655.6798193072507,222.4382418730916,0.0,0.0
37.037789344211305,100000000.0,655.753941818043,655.7539418180429,222.51236438388406,0.0,0.0
37.037789344211305,100000000.0,655.8335527273524,655.8335527273524,222.59197529319337,0.0,0.0
37.037789344211305,100000000.0,656.5315611398341,656.5315611398341,223.28998370567516,0.0,0.0
37.037789344211305,100000000.0,656.5367110647702,656.5367110647703,223.2951336306113,0.0,0.0
37.037789344211305,100000000.0,656.6247115181812,656.6247115181811,223.38313408402212,0.0,0.0
37.037789344211305,100000000.0,656.889712158905,656.8897121589049,223.64813472474586,0.0,0.0
37.037789344211305,100000000.0,657.0357560580233,657.0357560580233,223.79417862386416,0.0,0.0
37.037789344211305,100000000.0,657.0769506375111,657.0769506375113,223.83537320335225,0.0,0.0
37.037789344211305,100000000.0,657.0789135231378,657.0789135231378,223.83733608897862,0.0,0.0
37.037789344211305,100000000.0,657.2360208278841,657.2360208278841,223.99444339372508,0.0,0.0
37.037789344211305,100000000.0,657.2385548326841,657.2385548326841,223.9969773985251,0.0,0.0
37.037789344211305,100000000.0,657.3410300892386,657.3410300892386,224.0994526550795,0.0,0.0
37.037789344211305,100000000.0,657.8948096361252,657.894809636125,224.6532322019661,0.0,0.0
37.037789344211305,100000000.0,658.2662341075593,658.2662341075594,225.02465667340033,0.0,0.0
37.037789344211305,100000000.0,658.2996445236589,658.2996445236589,225.05806708949981,0.0,0.0
37.037789344211305,100000000.0,658.4999778234414,658.4999778234412,225.25840038928223,0.0,0.0
37.037789344211305,100000000.0,658.523817514294,658.523817514294,225.28224008013473,0.0,0.0
37.037789344211305,100000000.0,658.752130155723,658.7521301557229,225.51055272156384,0.0,0.0
37.037789344211305,100000000.0,659.1624757029562,659.1624757029558,225.92089826879695,0.0,0.0
37.037789344211305,100000000.0,659.2867915277302,659.2867915277303,226.0452140935711,0.0,0.0
37.037789344211305,100000000.0,659.3416886305298,659.3416886305298,226.10011119637076,0.0,0.0
37.037789344211305,100000000.0,659.6407871120897,659.6407871120896,226.39920967793043,0.0,0.0
37.037789344211305,100000000.0,659.7452807611801,659.7452807611801,226.50370332702101,0.0,0.0
37.037789344211305,100000000.0,660.2828430889597,660.2828430889595,227.04126565480047,0.0,0.0
37.037789344211305,100000000.0,660.449516230656,660.4495162306561,227.20793879649688,0.0,0.0
37.037789344211305,100000000.0,660.4525281862916,660.4525281862916,227.21095075213265,0.0,0.0
37.037789344211305,100000000.0,660.8618951627743,660.8618951627743,227.62031772861533,0.0,0.0
37.037789344211305,100000000.0,660.9818535953576,660.9818535953575,227.7402761611986,0.0,0.0
37.037789344211305,100000000.0,661.2496295483901,661.2496295483904,228.00805211423128,0.0,0.0
37.037789344211305,100000000.0,661.393810235836,661.3938102358359,228.1522328016768,0.0,0.0
37.037789344211305,100000000.0,662.1042978305417,662.1042978305417,228.86272039638254,0.0,0.0
37.037789344211305,100000000.0,662.2296274317779,662.2296274317779,228.988049997619,0.0,0.0
37.037789344211305,100000000.0,-1.0,589.0088510701806,205.2788149172905,1.0,1.0
37.037789344211305,100000000.0,663.108988053278,663.108988053278,229.867410619119,0.0,0.0
37.037789344211305,100000000.0,663.233932460412,663.233932460412,229.9923550262529,0.0,0.0
37.037789344211305,100000000.0,-1.0,590.7183520538007,190.36642985084833,1.0,1.0
37.037789344211305,100000000.0,665.444360437686,665.444360437686,232.20278300352695,0.0,0.0
37.037789344211305,100000000.0,665.7153832018943,665.7153832018943,232.47380576773514,0.0,0.0
37.037789344211305,100000000.0,667.3500317085196,667.3500317085196,234.1084542743605,0.0,0.0
37.037789344211305,100000000.0,667.4460414099896,667.4460414099898,234.20446397583066,0.0,0.0
37.15726608403135,100000000.0,633.9926071887214,633.9926071887215,200.75102975456244,0.0,0.0
37.15726608403135,100000000.0,635.2021969562522,635.2021969562524,201.96061952209328,0.0,0.0
37.15726608403135,100000000.0,635.7363876171174,635.7363876171173,202.49481018295828,0.0,0.0
37.15726608403135,100000000.0,637.9269617656698,637.9269617656698,204.68538433151073,0.0,0.0
37.15726608403135,100000000.0,637.9318645260104,637.9318645260105,204.69028709185136,0.0,0.0
37.15726608403135,100000000.0,638.8531896995629,638.853189699563,205.61161226540398,0.0,0.0
37.15726608403135,100000000.0,638.9044121251104,638.9044121251104,205.66283469095129,0.0,0.0
37.15726608403135,100000000.0,639.6321253798811,639.6321253798812,206.39054794572218,0.0,0.0
37.15726608403135,100000000.0,641.6913181054167,641.6913181054167,208.44974067125764,0.0,0.0
37.15726608403135,100000000.0,642.1981796826987,642.1981796826985,208.9566022485396,0.0,0.0
37.15726608403135,100000000.0,642.691799303915,642.6917993039152,209.45022186975598,0.0,0.0
37.15726608403135,100000000.0,643.6375527497447,643.6375527497447,210.39597531558562,0.0,0.0
37.15726608403135,100000000.0,-1.0,569.4454743136114,185.07672904440545,1.0,1.0
37.15726608403135,100000000.0,643.8744324479935,643.8744324479936,210.6328550138346,0.0,0.0
37.15726608403135,100000000.0,644.2204356815012,644.2204356815015,210.97885824734232,0.0,0.0
37.15726608403135,100000000.0,645.5839489240111,645.5839489240113,212.34237148985216,0.0,0.0
37.15726608403135,100000000.0,645.5870359388041,645.5870359388042,212.3454585046452,0.0,0.0
37.15726608403135,100000000.0,645.667040578621,645.667040578621,212.42546314446196,0.0,0.0
37.15726608403135,100000000.0,645.756058983533,645.7560589835329,212.5144815493738,0.0,0.0
37.15726608403135,100000000.0,645.7578941752658,645.7578941752661,212.5163167411068,0.0,0.0
37.15726608403135,100000000.0,646.1144542480699,646.1144542480698,212.87287681391084,0.0,0.0
37.15726608403135,100000000.0,646.5001478662982,646.5001478662983,213.25857043213912,0.0,0.0
37.15726608403135,100000000.0,647.4609151227097,647.4609151227097,214.21933768855055,0.0,0.0
37.15726608403135,100000000.0,648.1110439055727,648.1110439055727,214.86946647141366,0.0,0.0
37.15726608403135,100000000.0,648.1623754197916,648.1623754197915,214.92079798563253,0.0,0.0
37.15726608403135,100000000.0,648.1716191120823,648.1716191120823,214.93004167792333,0.0,0.0
37.15726608403135,100000000.0,648.2349220275871,648.2349220275871,214.9933445934281,0.0,0.0
37.15726608403135,100000000.0,648.2493503698744,648.2493503698744,215.00777293571525,0.0,0.0
37.15726608403135,100000000.0,648.2957485166222,648.2957485166221,215.05417108246297,0.0,0.0
37.15726608403135,100000000.0,648.36349949277,648.3634994927697,215.12192205861078,0.0,0.0
37.15726608403135,100000000.0,648.3651502782246,648.3651502782245,215.1235728440656,0.0,0.0
37.15726608403135,100000000.0,-1.0,574.1681910989768,189.6430126184769,1.0,1.0
37.15726608403135,100000000.0,648.5246797030247,648.5246797030247,215.28310226886555,0.0,0.0
37.15726608403135,100000000.0,648.6367122898214,648.6367122898214,215.39513485566238,0.0,0.0
37.15726608403135,100000000.0,648.7896491455202,648.7896491455202,215.54807171136116,0.0,0.0
37.15726608403135,100000000.0,649.010747392289,649.0107473922892,215.76916995812994,0.0,0.0
37.15726608403135,100000000.0,649.0478032739534,649.0478032739533,215.80622583979422,0.0,0.0
37.15726608403135,100000000.0,649.1532484563674,649.1532484563672,215.9116710222083,0.0,0.0
37.15726608403135,100000000.0,649.188957906718,649.1889579067181,215.94738047255893,0.0,0.0
37.15726608403135,100000000.0,649.2009315972161,649.2009315972161,215.95935416305707,0.0,0.0
37.15726608403135,100000000.0,649.2760866213689,649.2760866213689,216.03450918720992,0.0,0.0
37.15726608403135,100000000.0,649.2987525124327,649.2987525124328,216.0571750782736,0.0,0.0
37.15726608403135,100000000.0,649.6043453856291,649.6043453856291,216.36276795147006,0.0,0.0
37.15726608403135,100000000.0,649.9054369279401,649.90543692794,216.66385949378093,0.0,0.0
37.15726608403135,100000000.0,649.9509348657583,649.9509348657582,216.7093574315992,0.0,0.0
37.15726608403135,100000000.0,649.9921821575044,649.9921821575041,216.75060472334525,0.0,0.0
37.15726608403135,100000000.0,650.6138889127025,650.6138889127026,217.37231147854345,0.0,0.0
37.15726608403135,100000000.0,650.8432196191955,650.8432196191955,217.60164218503644,0.0,0.0
37.15726608403135,100000000.0,650.8850436892619,650.8850436892617,217.64346625510277,0.0,0.0
37.15726608403135,100000000.0,651.5425877205132,651.5425877205132,218.30101028635414,0.0,0.0
37.15726608403135,100000000.0,651.5460039327479,651.5460039327481,218.30442649858895,0.0,0.0
37.15726608403135,100000000.0,651.5470389331347,651.5470389331348,218.3054614989756,0.0,0.0
37.15726608403135,100000000.0,651.8603388158492,651.8603388158492,218.61876138169018,0.0,0.0
37.15726608403135,100000000.0,651.8920367967007,651.8920367967008,218.65045936254177,0.0,0.0
37.15726608403135,100000000.0,651.979074085336,651.9790740853359,218.73749665117705,0.0,0.0
37.15726608403135,100000000.0,652.0841092751398,652.0841092751398,218.84253184098077,0.0,0.0
37.15726608403135,100000000.0,652.2747103564298,652.2747103564299,219.0331329222707,0.0,0.0
37.15726608403135,100000000.0,652.3865308172423,652.3865308172423,219.14495338308308,0.0,0.0
37.15726608403135,100000000.0,652.5190365028229,652.519036502823,219.2774590686639,0.0,0.0
37.15726608403135,100000000.0,652.7066908051399,652.7066908051403,219.46511337098102,0.0,0.0
37.15726608403135,100000000.0,652.7238142088066,652.7238142088067,219.48223677464748,0.0,0.0
37.15726608403135,100000000.0,653.2136002252691,653.2136002252693,219.9720227911101,0.0,0.0
37.15726608403135,100000000.0,653.5450382346763,653.5450382346761,220.30346080051712,0.0,0.0
37.15726608403135,100000000.0,653.5827657660012,653.5827657660011,220.34118833184198,0.0,0.0
37.15726608403135,100000000.0,653.7149129308808,653.7149129308808,220.47333549672172,0.0,0.0
37.15726608403135,100000000.0,-1.0,579.5629773705763,197.09755716754037,1.0,1.0
37.15726608403135,100000000.0,653.9757157115707,653.9757157115707,220.73413827741172,0.0,0.0
37.15726608403135,100000000.0,654.1267465025275,654.1267465025275,220.88516906836833,0.0,0.0
37.15726608403135,100000000.0,654.3037238108975,654.3037238108976,221.06214637673855,0.0,0.0
37.15726608403135,100000000.0,654.3672347373586,654.3672347373587,221.12565730319952,0.0,0.0
37.15726608403135,100000000.0,654.3744038205326,654.3744038205328,221.13282638637372,0.0,0.0
37.15726608403135,100000000.0,655.009798657682,655.0097986576824,221.7682212235231,0.0,0.0
37.15726608403135,100000000.0,655.1538654039783,655.1538654039782,221.91228796981912,0.0,0.0
37.15726608403135,100000000.0,655.2627540826778,655.2627540826777,222.02117664851875,0.0,0.0
37.15726608403135,100000000.0,655.3280470269285,655.3280470269286,222.08646959276962,0.0,0.0
37.15726608403135,100000000.0,655.6832900944709,655.6832900944707,222.44171266031177,0.0,0.0
37.15726608403135,100000000.0,655.7536871075977,655.7536871075977,222.51210967343877,0.0,0.0
37.15726608403135,100000000.0,655.9570782336801,655.9570782336802,222.71550079952107,0.0,0.0
37.15726608403135,100000000.0,656.440560588877,656.440560588877,223.198983154718,0.0,0.0
37.15726608403135,100000000.0,656.5251747412399,656.5251747412399,223.28359730708087,0.0,0.0
37.15726608403135,100000000.0,656.6988929445022,656.6988929445021,223.45731551034314,0.0,0.0
37.15726608403135,100000000.0,656.9806329010008,656.9806329010008,223.7390554668418,0.0,0.0
37.15726608403135,100000000.0,657.247122089627,657.2471220896272,224.0055446554681,0.0,0.0
37.15726608403135,100000000.0,657.9895515671085,657.9895515671086,224.74797413294954,0.0,0.0
37.15726608403135,100000000.0,658.2278150224388,658.2278150224389,224.98623758827986,0.0,0.0
37.15726608403135,100000000.0,658.3736143495524,658.3736143495522,225.13203691539337,0.0,0.0
37.15726608403135,100000000.0,658.6415431733003,658.6415431733002,225.3999657391413,0.0,0.0
37.15726608403135,100000000.0,658.8041003543148,658.8041003543151,225.5625229201558,0.0,0.0
37.15726608403135,100000000.0,658.826363406278,658.826363406278,225.58478597211908,0.0,0.0
37.15726608403135,100000000.0,658.9232204971853,658.9232204971853,225.68164306302617,0.0,0.0
37.15726608403135,100000000.0,659.3329037140011,659.3329037140007,226.09132627984187,0.0,0.0
37.15726608403135,100000000.0,659.4635037110029,659.463503711003,226.22192627684387,0.0,0.0
37.15726608403135,100000000.0,659.7608946311003,659.7608946311004,226.5193171969413,0.0,0.0
37.15726608403135,100000000.0,659.8224836720177,659.8224836720177,226.58090623785864,0.0,0.0
37.15726608403135,100000000.0,659.8644559500012,659.8644559500011,226.62287851584225,0.0,0.0
37.15726608403135,100000000.0,-1.0,585.640714236673,197.8217034429402,1.0,1.0
37.15726608403135,100000000.0,660.2337648245151,660.2337648245151,226.992187390356,0.0,0.0
37.15726608403135,100000000.0,660.4836513786494,660.4836513786495,227.24207394449053,0.0,0.0
37.15726608403135,100000000.0,661.3326588245035,661.3326588245035,228.0910813903444,0.0,0.0
37.15726608403135,100000000.0,-1.0,587.0878167521089,203.49525995938805,1.0,1.0
37.15726608403135,100000000.0,661.4297101261297,661.4297101261296,228.18813269197065,0.0,0.0
37.15726608403135,100000000.0,661.6401381676749,661.6401381676749,228.39856073351592,0.0,0.0
37.15726608403135,100000000.0,661.7289444243709,661.728944424371,228.48736699021174,0.0,0.0
37.15726608403135,100000000.0,661.9863404182223,661.9863404182224,228.74476298406327,0.0,0.0
37.15726608403135,100000000.0,661.9891323685503,661.98913236855,228.74755493439102,0.0,0.0
37.15726608403135,100000000.0,662.3244111731728,662.324411173173,229.08283373901378,0.0,0.0
37.15726608403135,100000000.0,662.3293479341389,662.3293479341389,229.08777049997985,0.0,0.0
37.15726608403135,100000000.0,662.5817998271773,662.5817998271772,229.34022239301822,0.0,0.0
37.15726608403135,100000000.0,663.2053717036493,663.2053717036495,229.96379426949028,0.0,0.0
37.15726608403135,100000000.0,663.6292447742468,663.6292447742469,230.38766734008777,0.0,0.0
37.15726608403135,100000000.0,663.9966635249948,663.9966635249948,230.75508609083585,0.0,0.0
37.15726608403135,100000000.0,664.0212653945699,664.02126539457,230.77968796041088,0.0,0.0
37.15726608403135,100000000.0,664.4687239204877,664.4687239204876,231.22714648632856,0.0,0.0
37.15726608403135,100000000.0,665.3618139977946,665.3618139977946,232.12023656363544,0.0,0.0
37.15726608403135,100000000.0,665.6444179782435,665.6444179782436,232.4028405440845,0.0,0.0
37.15726608403135,100000000.0,665.8736490449785,665.8736490449786,232.63207161081948,0.0,0.0
37.15726608403135,100000000.0,666.1258126377938,666.125812637794,232.88423520363497,0.0,0.0
37.15726608403135,100000000.0,666.2019255222435,666.2019255222433,232.96034808808437,0.0,0.0
37.15726608403135,100000000.0,666.3803730273969,666.380373027397,233.13879559323786,0.0,0.0
37.15726608403135,100000000.0,667.5945686060331,667.5945686060331,234.35299117187404,0.0,0.0
37.15726608403135,100000000.0,-1.0,593.6146303856452,201.17423513964934,1.0,1.0
37.15726608403135,100000000.0,668.1244400007139,668.1244400007139,234.88286256655485,0.0,0.0
37.15726608403135,100000000.0,-1.0,593.9387472780328,205.16088886805792,1.0,1.0
37.15726608403135,100000000.0,668.9148321443657,668.9148321443658,235.67325471020675,0.0,0.0
37.15726608403135,100000000.0,669.1203225304652,669.120322530465,235.87874509630615,0.0,0.0
37.15726608403135,100000000.0,670.276295604162,670.2762956041622,237.03471817000323,0.0,0.0
37.15726608403135,100000000.0,671.3603119433491,671.360311943349,238.11873450918995,0.0,0.0
37.15726608403135,100000000.0,672.5931816559942,672.593181655994,239.35160422183506,0.0,0.0
37.27674282385138,100000000.0,633.0428785586213,633.0428785586214,199.80130112446227,0.0,0.0
37.27674282385138,100000000.0,637.5095002342507,637.5095002342508,204.2679228000917,0.0,0.0
37.27674282385138,100000000.0,637.5505222326533,637.5505222326533,204.3089447984943,0.0,0.0
37.27674282385138,100000000.0,639.5116538288634,639.5116538288635,206.27007639470432,0.0,0.0
37.27674282385138,100000000.0,639.6175429903394,639.6175429903392,206.37596555618018,0.0,0.0
37.27674282385138,100000000.0,640.0763656021651,640.076365602165,206.83478816800593,0.0,0.0
37.27674282385138,100000000.0,640.3453199753203,640.3453199753206,207.10374254116144,0.0,0.0
37.27674282385138,100000000.0,640.3515540180008,640.3515540180008,207.10997658384164,0.0,0.0
37.27674282385138,100000000.0,640.4629419060376,640.4629419060377,207.2213644718786,0.0,0.0
37.27674282385138,100000000.0,641.3584765580895,641.3584765580895,208.11689912393055,0.0,0.0
37.27674282385138,100000000.0,642.0977315590413,642.0977315590412,208.85615412488232,0.0,0.0
37.27674282385138,100000000.0,642.4459349245572,642.4459349245573,209.20435749039825,0.0,0.0
37.27674282385138,100000000.0,642.6831208912613,642.6831208912613,209.4415434571021,0.0,0.0
37.27674282385138,100000000.0,642.8373914639797,642.8373914639797,209.59581402982062,0.0,0.0
37.27674282385138,100000000.0,642.8797417763298,642.8797417763299,209.6381643421708,0.0,0.0
37.27674282385138,100000000.0,643.2399723389956,643.2399723389956,209.99839490483652,0.0,0.0
37.27674282385138,100000000.0,643.5082669717126,643.5082669717128,210.26668953755367,0.0,0.0
37.27674282385138,100000000.0,643.5146326716965,643.5146326716966,210.27305523753756,0.0,0.0
37.27674282385138,100000000.0,643.8397024146902,643.8397024146902,210.59812498053105,0.0,0.0
37.27674282385138,100000000.0,643.9950126141941,643.995012614194,210.75343518003504,0.0,0.0
37.27674282385138,100000000.0,644.1284228055747,644.1284228055748,210.88684537141577,0.0,0.0
37.27674282385138,100000000.0,644.2043000254113,644.2043000254114,210.96272259125234,0.0,0.0
37.27674282385138,100000000.0,644.4943876011208,644.4943876011206,211.2528101669616,0.0,0.0
37.27674282385138,100000000.0,644.4953272127462,644.4953272127464,211.25374977858715,0.0,0.0
37.27674282385138,100000000.0,645.6066740308961,645.6066740308961,212.36509659673692,0.0,0.0
37.27674282385138,100000000.0,645.8023779878004,645.8023779878005,212.56080055364146,0.0,0.0
37.27674282385138,100000000.0,645.8112456295185,645.8112456295182,212.5696681953592,0.0,0.0
37.27674282385138,100000000.0,645.8155105264598,645.8155105264595,212.57393309230054,0.0,0.0
37.27674282385138,100000000.0,645.8163396149465,645.8163396149465,212.5747621807875,0.0,0.0
37.27674282385138,100000000.0,645.9302914358653,645.9302914358655,212.6887140017064,0.0,0.0
37.27674282385138,100000000.0,646.0155870040558,646.0155870040559,212.77400956989675,0.0,0.0
37.27674282385138,100000000.0,646.0512288207065,646.0512288207065,212.80965138654753,0.0,0.0
37.27674282385138,100000000.0,646.2628991551472,646.2628991551474,213.02132172098828,0.0,0.0
37.27674282385138,100000000.0,646.339624925471,646.3396249254711,213.09804749131203,0.0,0.0
37.27674282385138,100000000.0,646.440963142287,646.4409631422869,213.199385708128,0.0,0.0
37.27674282385138,100000000.0,646.6690774237704,646.6690774237708,213.4274999896115,0.0,0.0
37.27674282385138,100000000.0,646.8012886243639,646.801288624364,213.5597111902049,0.0,0.0
37.27674282385138,100000000.0,647.1471126973993,647.1471126973994,213.90553526324027,0.0,0.0
37.27674282385138,100000000.0,647.3817765520681,647.3817765520682,214.14019911790908,0.0,0.0
37.27674282385138,100000000.0,647.4934453228406,647.4934453228403,214.25186788868132,0.0,0.0
37.27674282385138,100000000.0,647.916909236111,647.9169092361111,214.67533180195204,0.0,0.0
37.27674282385138,100000000.0,648.1554975392746,648.1554975392745,214.91392010511535,0.0,0.0
37.27674282385138,100000000.0,648.9932810950929,648.993281095093,215.75170366093388,0.0,0.0
37.27674282385138,100000000.0,649.0580803261779,649.0580803261779,215.8165028920189,0.0,0.0
37.27674282385138,100000000.0,-1.0,574.802890026376,181.00349193592834,1.0,1.0
37.27674282385138,100000000.0,649.5813696676078,649.5813696676078,216.33979223344878,0.0,0.0
37.27674282385138,100000000.0,649.7012033739712,649.7012033739712,216.45962593981218,0.0,0.0
37.27674282385138,100000000.0,650.0066091382668,650.0066091382666,216.76503170410763,0.0,0.0
37.27674282385138,100000000.0,650.0800415468684,650.0800415468684,216.83846411270943,0.0,0.0
37.27674282385138,100000000.0,650.4569263725376,650.4569263725375,217.21534893837847,0.0,0.0
37.27674282385138,100000000.0,650.4848467800699,650.48484678007,217.243269345911,0.0,0.0
37.27674282385138,100000000.0,650.6212469573729,650.6212469573727,217.37966952321375,0.0,0.0
37.27674282385138,100000000.0,650.781534139182,650.7815341391819,217.53995670502286,0.0,0.0
37.27674282385138,100000000.0,650.8219949697428,650.8219949697428,217.58041753558376,0.0,0.0
37.27674282385138,100000000.0,650.9486322748271,650.948632274827,217.70705484066798,0.0,0.0
37.27674282385138,100000000.0,651.0546080094693,651.0546080094693,217.8130305753103,0.0,0.0
37.27674282385138,100000000.0,651.135412513336,651.135412513336,217.89383507917682,0.0,0.0
37.27674282385138,100000000.0,651.1475113473142,651.1475113473142,217.9059339131551,0.0,0.0
37.27674282385138,100000000.0,651.2049884739001,651.2049884738999,217.9634110397409,0.0,0.0
37.27674282385138,100000000.0,651.2095092978858,651.2095092978858,217.9679318637268,0.0,0.0
37.27674282385138,100000000.0,-1.0,576.6593160228888,189.06302555995865,1.0,1.0
37.27674282385138,100000000.0,651.2224342753711,651.2224342753714,217.98085684121207,0.0,0.0
37.27674282385138,100000000.0,651.2620859351923,651.2620859351923,218.02050850103322,0.0,0.0
37.27674282385138,100000000.0,651.511648967068,651.5116489670681,218.27007153290893,0.0,0.0
37.27674282385138,100000000.0,651.5895179332349,651.5895179332348,218.34794049907578,0.0,0.0
37.27674282385138,100000000.0,651.6447696597143,651.6447696597145,218.40319222555533,0.0,0.0
37.27674282385138,100000000.0,651.8136386993102,651.8136386993102,218.57206126515106,0.0,0.0
37.27674282385138,100000000.0,651.8521646292959,651.8521646292959,218.61058719513676,0.0,0.0
37.27674282385138,100000000.0,652.2969574356925,652.2969574356925,219.05538000153362,0.0,0.0
37.27674282385138,100000000.0,652.3296491021804,652.3296491021805,219.08807166802137,0.0,0.0
37.27674282385138,100000000.0,652.4249566918601,652.4249566918602,219.18337925770112,0.0,0.0
37.27674282385138,100000000.0,652.4881728179931,652.4881728179934,219.24659538383426,0.0,0.0
37.27674282385138,100000000.0,652.6500689519554,652.6500689519554,219.4084915177963,0.0,0.0
37.27674282385138,100000000.0,-1.0,578.2990167837575,186.5655991879057,1.0,1.0
37.27674282385138,100000000.0,652.9974441350672,652.9974441350672,219.75586670090811,0.0,0.0
37.27674282385138,100000000.0,653.1517363887048,653.1517363887049,219.91015895454575,0.0,0.0
37.27674282385138,100000000.0,653.3129191372888,653.3129191372886,220.07134170312963,0.0,0.0
37.27674282385138,100000000.0,653.329133566159,653.3291335661589,220.0875561319999,0.0,0.0
37.27674282385138,100000000.0,653.4053613451301,653.40536134513,220.16378391097112,0.0,0.0
37.27674282385138,100000000.0,653.4166433903923,653.4166433903922,220.17506595623317,0.0,0.0
37.27674282385138,100000000.0,653.5716243708023,653.5716243708024,220.3300469366432,0.0,0.0
37.27674282385138,100000000.0,653.6604643875356,653.6604643875359,220.4188869533767,0.0,0.0
37.27674282385138,100000000.0,-1.0,579.5615052912533,172.07312924369194,1.0,1.0
37.27674282385138,100000000.0,654.3257003933967,654.3257003933967,221.08412295923756,0.0,0.0
37.27674282385138,100000000.0,654.8430050863693,654.8430050863694,221.6014276522103,0.0,0.0
37.27674282385138,100000000.0,654.92065085248,654.9206508524801,221.67907341832088,0.0,0.0
37.27674282385138,100000000.0,-1.0,580.4286403678047,192.16574418577488,1.0,1.0
37.27674282385138,100000000.0,655.3259611515674,655.3259611515675,222.08438371740834,0.0,0.0
37.27674282385138,100000000.0,655.3678818640528,655.3678818640527,222.1263044298936,0.0,0.0
37.27674282385138,100000000.0,655.3842995183473,655.3842995183473,222.14272208418836,0.0,0.0
37.27674282385138,100000000.0,655.5485061663509,655.5485061663508,222.3069287321919,0.0,0.0
37.27674282385138,100000000.0,655.5783577935496,655.5783577935496,222.33678035939056,0.0,0.0
37.27674282385138,100000000.0,655.590829176198,655.590829176198,222.3492517420389,0.0,0.0
37.27674282385138,100000000.0,655.5930248343886,655.5930248343886,222.35144740022966,0.0,0.0
37.27674282385138,100000000.0,655.9145563677613,655.9145563677612,222.67297893360214,0.0,0.0
37.27674282385138,100000000.0,656.2387575782378,656.2387575782378,222.9971801440788,0.0,0.0
37.27674282385138,100000000.0,656.3537186414069,656.3537186414068,223.11214120724784,0.0,0.0
37.27674282385138,100000000.0,656.5324276864842,656.5324276864842,223.2908502523253,0.0,0.0
37.27674282385138,100000000.0,656.8814961311754,656.8814961311751,223.63991869701624,0.0,0.0
37.27674282385138,100000000.0,657.0085568428808,657.008556842881,223.76697940872177,0.0,0.0
37.27674282385138,100000000.0,657.019530595979,657.019530595979,223.77795316182005,0.0,0.0
37.27674282385138,100000000.0,657.2045608263938,657.2045608263937,223.96298339223486,0.0,0.0
37.27674282385138,100000000.0,657.2447922352117,657.2447922352117,224.00321480105265,0.0,0.0
37.27674282385138,100000000.0,657.3417342101237,657.3417342101236,224.10015677596465,0.0,0.0
37.27674282385138,100000000.0,657.5173869527774,657.5173869527775,224.27580951861856,0.0,0.0
37.27674282385138,100000000.0,657.6920852458821,657.6920852458821,224.4505078117232,0.0,0.0
37.27674282385138,100000000.0,657.7247712344865,657.7247712344865,224.48319380032734,0.0,0.0
37.27674282385138,100000000.0,657.9559463445146,657.9559463445146,224.7143689103556,0.0,0.0
37.27674282385138,100000000.0,658.7304455632952,658.7304455632952,225.48886812913625,0.0,0.0
37.27674282385138,100000000.0,659.3318155474686,659.3318155474688,226.0902381133096,0.0,0.0
37.27674282385138,100000000.0,-1.0,584.8372270055789,188.69014692961062,1.0,1.0
37.27674282385138,100000000.0,659.7453668310484,659.7453668310485,226.5037893968895,0.0,0.0
37.27674282385138,100000000.0,-1.0,585.267396864106,193.8990469415969,1.0,1.0
37.27674282385138,100000000.0,660.9063299975323,660.9063299975326,227.66475256337338,0.0,0.0
37.27674282385138,100000000.0,661.1741694846993,661.1741694846992,227.93259205054017,0.0,0.0
37.27674282385138,100000000.0,661.5736244537818,661.5736244537819,228.3320470196228,0.0,0.0
37.27674282385138,100000000.0,661.8334789482204,661.8334789482203,228.5919015140614,0.0,0.0
37.27674282385138,100000000.0,-1.0,588.4842006861862,204.77223726163038,1.0,1.0
37.27674282385138,100000000.0,664.991690716931,664.9916907169311,231.75011328277205,0.0,0.0
37.27674282385138,100000000.0,665.0022690916531,665.0022690916531,231.7606916574941,0.0,0.0
37.27674282385138,100000000.0,665.1089217913602,665.1089217913602,231.86734435720112,0.0,0.0
37.27674282385138,100000000.0,665.7154503117206,665.7154503117207,232.47387287756158,0.0,0.0
37.27674282385138,100000000.0,665.7312763382415,665.7312763382415,232.48969890408256,0.0,0.0
37.27674282385138,100000000.0,666.3881430160142,666.388143016014,233.1465655818549,0.0,0.0
37.27674282385138,100000000.0,666.4351916945662,666.4351916945662,233.193614260407,0.0,0.0
37.27674282385138,100000000.0,667.17025732362,667.1702573236201,233.92867988946105,0.0,0.0
37.27674282385138,100000000.0,667.6403395541693,667.6403395541694,234.39876212001016,0.0,0.0
37.27674282385138,100000000.0,668.351776488742,668.351776488742,235.11019905458298,0.0,0.0
37.396219563671416,100000000.0,625.1700003429792,625.1700003429793,191.92842290882012,0.0,0.0
37.396219563671416,100000000.0,634.2680401335929,634.2680401335928,201.02646269943378,0.0,0.0
37.396219563671416,100000000.0,637.2810479769153,637.2810479769154,204.03947054275616,0.0,0.0
37.396219563671416,100000000.0,637.7395254463133,637.7395254463133,204.49794801215424,0.0,0.0
37.396219563671416,100000000.0,637.7630311086698,637.7630311086697,204.52145367451072,0.0,0.0
37.396219563671416,100000000.0,637.8876542847377,637.8876542847376,204.6460768505786,0.0,0.0
37.396219563671416,100000000.0,639.7117522648459,639.7117522648458,206.4701748306868,0.0,0.0
37.396219563671416,100000000.0,639.8008609343087,639.800860934309,206.55928350014983,0.0,0.0
37.396219563671416,100000000.0,640.4412457689237,640.4412457689239,207.19966833476477,0.0,0.0
37.396219563671416,100000000.0,640.6256661085944,640.6256661085945,207.38408867443536,0.0,0.0
37.396219563671416,100000000.0,640.6804416435722,640.6804416435722,207.43886420941314,0.0,0.0
37.396219563671416,100000000.0,641.5906627851618,641.5906627851617,208.34908535100274,0.0,0.0
37.396219563671416,100000000.0,-1.0,567.1814281853633,183.39197267636922,1.0,1.0
37.396219563671416,100000000.0,642.270381985098,642.270381985098,209.0288045509389,0.0,0.0
37.396219563671416,100000000.0,642.8674683722352,642.867468372235,209.62589093807605,0.0,0.0
37.396219563671416,100000000.0,643.0946370043414,643.0946370043415,209.85305957018235,0.0,0.0
37.396219563671416,100000000.0,643.343693944381,643.343693944381,210.10211651022198,0.0,0.0
37.396219563671416,100000000.0,643.9961264885623,643.9961264885624,210.7545490544031,0.0,0.0
37.396219563671416,100000000.0,644.7105344541798,644.7105344541798,211.4689570200206,0.0,0.0
37.396219563671416,100000000.0,644.83402047527,644.83402047527,211.5924430411108,0.0,0.0
37.396219563671416,100000000.0,645.1229240772469,645.1229240772471,211.88134664308788,0.0,0.0
37.396219563671416,100000000.0,645.2433133906095,645.2433133906095,212.00173595645046,0.0,0.0
37.396219563671416,100000000.0,645.9604221104398,645.9604221104398,212.71884467628087,0.0,0.0
37.396219563671416,100000000.0,646.0816049755763,646.0816049755763,212.84002754141716,0.0,0.0
37.396219563671416,100000000.0,646.3984985019712,646.398498501971,213.15692106781208,0.0,0.0
37.396219563671416,100000000.0,646.7822059355174,646.7822059355176,213.54062850135844,0.0,0.0
37.396219563671416,100000000.0,646.8648049483702,646.8648049483702,213.62322751421107,0.0,0.0
37.396219563671416,100000000.0,647.153181331636,647.1531813316359,213.91160389747682,0.0,0.0
37.396219563671416,100000000.0,647.2465284018691,647.2465284018689,214.00495096771002,0.0,0.0
37.396219563671416,100000000.0,647.2538344754234,647.2538344754232,214.0122570412642,0.0,0.0
37.396219563671416,100000000.0,647.4604334625033,647.4604334625033,214.2188560283442,0.0,0.0
37.396219563671416,100000000.0,647.6906373142845,647.6906373142843,214.44905988012536,0.0,0.0
37.396219563671416,100000000.0,648.0373717074233,648.0373717074234,214.79579427326428,0.0,0.0
37.396219563671416,100000000.0,648.2802923906817,648.2802923906817,215.0387149565227,0.0,0.0
37.396219563671416,100000000.0,648.281141900874,648.281141900874,215.03956446671492,0.0,0.0
37.396219563671416,100000000.0,648.2996363468853,648.2996363468852,215.05805891272624,0.0,0.0
37.396219563671416,100000000.0,648.4663634393124,648.4663634393123,215.22478600515336,0.0,0.0
37.396219563671416,100000000.0,648.5107526408026,648.5107526408026,215.26917520664358,0.0,0.0
37.396219563671416,100000000.0,648.5706658965518,648.5706658965518,215.32908846239278,0.0,0.0
37.396219563671416,100000000.0,648.8413679070372,648.841367907037,215.5997904728781,0.0,0.0
37.396219563671416,100000000.0,648.8772509108564,648.8772509108564,215.63567347669735,0.0,0.0
37.396219563671416,100000000.0,649.0138145387785,649.0138145387785,215.7722371046195,0.0,0.0
37.396219563671416,100000000.0,-1.0,574.4394852929196,190.05810443096414,1.0,1.0
37.396219563671416,100000000.0,649.2542622610509,649.2542622610512,216.01268482689193,0.0,0.0
37.396219563671416,100000000.0,649.2584009108994,649.2584009108995,216.01682347674046,0.0,0.0
37.396219563671416,100000000.0,649.4163769377309,649.4163769377311,216.17479950357193,0.0,0.0
37.396219563671416,100000000.0,649.8477455015817,649.8477455015816,216.60616806742252,0.0,0.0
37.396219563671416,100000000.0,649.9332368504934,649.9332368504935,216.69165941633432,0.0,0.0
37.396219563671416,100000000.0,650.2798648269705,650.2798648269703,217.03828739281144,0.0,0.0
37.396219563671416,100000000.0,650.702651773434,650.702651773434,217.46107433927511,0.0,0.0
37.396219563671416,100000000.0,650.8654391471548,650.8654391471549,217.62386171299568,0.0,0.0
37.396219563671416,100000000.0,650.9032305276305,650.9032305276305,217.66165309347156,0.0,0.0
37.396219563671416,100000000.0,651.1343720327468,651.1343720327467,217.89279459858773,0.0,0.0
37.396219563671416,100000000.0,651.1640173803246,651.1640173803244,217.92243994616538,0.0,0.0
37.396219563671416,100000000.0,651.16477210809,651.16477210809,217.92319467393085,0.0,0.0
37.396219563671416,100000000.0,651.2927651902565,651.2927651902567,218.05118775609762,0.0,0.0
37.396219563671416,100000000.0,651.4380664828786,651.4380664828788,218.19648904871966,0.0,0.0
37.396219563671416,100000000.0,651.5159594297907,651.5159594297905,218.2743819956316,0.0,0.0
37.396219563671416,100000000.0,651.7432907565875,651.7432907565876,218.50171332242851,0.0,0.0
37.396219563671416,100000000.0,651.7532208963594,651.7532208963594,218.51164346220034,0.0,0.0
37.396219563671416,100000000.0,652.2003447208082,652.2003447208082,218.9587672866491,0.0,0.0
37.396219563671416,100000000.0,652.5433631028675,652.5433631028677,219.3017856687087,0.0,0.0
37.396219563671416,100000000.0,652.5912341217102,652.5912341217102,219.34965668755115,0.0,0.0
37.396219563671416,100000000.0,652.650120410717,652.650120410717,219.40854297655792,0.0,0.0
37.396219563671416,100000000.0,653.2346975073395,653.2346975073395,219.9931200731804,0.0,0.0
37.396219563671416,100000000.0,653.2619671637328,653.2619671637327,220.0203897295737,0.0,0.0
37.396219563671416,100000000.0,653.7879720533396,653.7879720533396,220.54639461918043,0.0,0.0
37.396219563671416,100000000.0,653.8075995513543,653.8075995513543,220.56602211719525,0.0,0.0
37.396219563671416,100000000.0,653.9466604571198,653.9466604571196,220.7050830229608,0.0,0.0
37.396219563671416,100000000.0,654.1259116013271,654.1259116013272,220.88433416716808,0.0,0.0
37.396219563671416,100000000.0,654.1374784735947,654.1374784735946,220.89590103943542,0.0,0.0
37.396219563671416,100000000.0,-1.0,579.5566625234351,188.88720326978859,1.0,1.0
37.396219563671416,100000000.0,654.5102127174733,654.5102127174735,221.26863528331432,0.0,0.0
37.396219563671416,100000000.0,654.5472713907966,654.5472713907965,221.3056939566375,0.0,0.0
37.396219563671416,100000000.0,654.557555291089,654.5575552910891,221.31597785692986,0.0,0.0
37.396219563671416,100000000.0,654.8668786864965,654.8668786864962,221.62530125233744,0.0,0.0
37.396219563671416,100000000.0,654.9657050575903,654.9657050575902,221.72412762343126,0.0,0.0
37.396219563671416,100000000.0,654.9659197895533,654.9659197895533,221.72434235539419,0.0,0.0
37.396219563671416,100000000.0,655.05903157123,655.0590315712299,221.81745413707077,0.0,0.0
37.396219563671416,100000000.0,655.2322588214588,655.2322588214589,221.9906813872998,0.0,0.0
37.396219563671416,100000000.0,655.4675673081063,655.4675673081061,222.22598987394719,0.0,0.0
37.396219563671416,100000000.0,655.4764743454164,655.4764743454162,222.23489691125735,0.0,0.0
37.396219563671416,100000000.0,655.6578712287746,655.6578712287746,222.4162937946155,0.0,0.0
37.396219563671416,100000000.0,655.6672351874802,655.6672351874803,222.42565775332125,0.0,0.0
37.396219563671416,100000000.0,655.7199758925203,655.7199758925204,222.47839845836134,0.0,0.0
37.396219563671416,100000000.0,655.7848393067667,655.7848393067667,222.54326187260767,0.0,0.0
37.396219563671416,100000000.0,655.8325662188747,655.8325662188747,222.59098878471573,0.0,0.0
37.396219563671416,100000000.0,655.9612779987588,655.9612779987588,222.71970056459966,0.0,0.0
37.396219563671416,100000000.0,656.1462271816298,656.1462271816299,222.90464974747073,0.0,0.0
37.396219563671416,100000000.0,656.2486996035019,656.2486996035018,223.00712216934284,0.0,0.0
37.396219563671416,100000000.0,656.3352305661438,656.3352305661435,223.09365313198455,0.0,0.0
37.396219563671416,100000000.0,656.4776011865067,656.4776011865068,223.23602375234768,0.0,0.0
37.396219563671416,100000000.0,656.5190485156818,656.5190485156818,223.27747108152283,0.0,0.0
37.396219563671416,100000000.0,656.6832921175345,656.6832921175344,223.44171468337535,0.0,0.0
37.396219563671416,100000000.0,656.8702881207107,656.8702881207107,223.62871068655167,0.0,0.0
37.396219563671416,100000000.0,656.9018160122281,656.9018160122282,223.66023857806917,0.0,0.0
37.396219563671416,100000000.0,657.0330591028867,657.0330591028868,223.79148166872767,0.0,0.0
37.396219563671416,100000000.0,657.1044383651165,657.1044383651166,223.8628609309576,0.0,0.0
37.396219563671416,100000000.0,657.412345491839,657.4123454918391,224.17076805768002,0.0,0.0
37.396219563671416,100000000.0,657.5032283368126,657.5032283368129,224.26165090265366,0.0,0.0
37.396219563671416,100000000.0,657.7763698033474,657.7763698033473,224.53479236918824,0.0,0.0
37.396219563671416,100000000.0,657.8944098131392,657.8944098131392,224.65283237898012,0.0,0.0
37.396219563671416,100000000.0,657.9423640832987,657.9423640832985,224.70078664913945,0.0,0.0
37.396219563671416,100000000.0,658.0309272467396,658.0309272467395,224.7893498125804,0.0,0.0
37.396219563671416,100000000.0,658.0742429933792,658.0742429933794,224.83266555922037,0.0,0.0
37.396219563671416,100000000.0,658.0809984862472,658.0809984862473,224.83942105208823,0.0,0.0
37.396219563671416,100000000.0,658.1298108435947,658.1298108435947,224.88823340943563,0.0,0.0
37.396219563671416,100000000.0,658.2837325095895,658.2837325095894,225.0421550754304,0.0,0.0
37.396219563671416,100000000.0,658.397406323058,658.3974063230579,225.15582888889887,0.0,0.0
37.396219563671416,100000000.0,659.031472677513,659.031472677513,225.78989524335393,0.0,0.0
37.396219563671416,100000000.0,660.0417111986088,660.0417111986088,226.80013376444973,0.0,0.0
37.396219563671416,100000000.0,-1.0,585.485918594859,195.09777680116883,1.0,1.0
37.396219563671416,100000000.0,660.5570860230808,660.5570860230808,227.3155085889218,0.0,0.0
37.396219563671416,100000000.0,660.6767081564998,660.6767081564998,227.43513072234072,0.0,0.0
37.396219563671416,100000000.0,660.852454975176,660.852454975176,227.61087754101695,0.0,0.0
37.396219563671416,100000000.0,660.9581465605893,660.9581465605893,227.71656912643013,0.0,0.0
37.396219563671416,100000000.0,661.3159543914132,661.3159543914132,228.07437695725426,0.0,0.0
37.396219563671416,100000000.0,661.5236432060459,661.5236432060458,228.28206577188678,0.0,0.0
37.396219563671416,100000000.0,662.1102897212056,662.1102897212056,228.8687122870465,0.0,0.0
37.396219563671416,100000000.0,662.4312486653467,662.4312486653466,229.18967123118756,0.0,0.0
37.396219563671416,100000000.0,664.1762440612673,664.1762440612672,230.9346666271083,0.0,0.0
37.396219563671416,100000000.0,664.2313671451454,664.2313671451454,230.98978971098634,0.0,0.0
37.396219563671416,100000000.0,-1.0,589.7581783131398,194.85394741470745,1.0,1.0
37.396219563671416,100000000.0,665.3498584401308,665.349858440131,232.10828100597197,0.0,0.0
37.396219563671416,100000000.0,666.7744173703704,666.7744173703708,233.53283993621156,0.0,0.0
37.396219563671416,100000000.0,666.8125518349815,666.8125518349814,233.57097440082237,0.0,0.0
37.396219563671416,100000000.0,668.7880964581733,668.7880964581732,235.54651902401432,0.0,0.0
37.396219563671416,100000000.0,670.2119178935882,670.2119178935884,236.97034045942917,0.0,0.0
37.51569630349145,100000000.0,626.7193330892695,626.7193330892695,193.47775565511049,0.0,0.0
37.51569630349145,100000000.0,634.3879897066719,634.3879897066719,201.1464122725128,0.0,0.0
37.51569630349145,100000000.0,635.801752174194,635.801752174194,202.56017474003485,0.0,0.0
37.51569630349145,100000000.0,637.9033560491255,637.9033560491255,204.6617786149664,0.0,0.0
37.51569630349145,100000000.0,639.2118989481496,639.2118989481496,205.9703215139905,0.0,0.0
37.51569630349145,100000000.0,640.2585250549897,640.2585250549898,207.0169476208307,0.0,0.0
37.51569630349145,100000000.0,640.5898554404067,640.5898554404064,207.34827800624745,0.0,0.0
37.51569630349145,100000000.0,640.818941833227,640.818941833227,207.57736439906785,0.0,0.0
37.51569630349145,100000000.0,641.9203620653439,641.9203620653436,208.6787846311847,0.0,0.0
37.51569630349145,100000000.0,641.9898980561425,641.9898980561426,208.74832062198354,0.0,0.0
37.51569630349145,100000000.0,642.1418378151867,642.1418378151867,208.9002603810275,0.0,0.0
37.51569630349145,100000000.0,642.2877946565322,642.2877946565322,209.04621722237317,0.0,0.0
37.51569630349145,100000000.0,642.3106363470591,642.310636347059,209.0690589129,0.0,0.0
37.51569630349145,100000000.0,642.5430235577857,642.5430235577857,209.3014461236265,0.0,0.0
37.51569630349145,100000000.0,642.9244507549244,642.9244507549244,209.68287332076525,0.0,0.0
37.51569630349145,100000000.0,643.0549314145969,643.054931414597,209.81335398043785,0.0,0.0
37.51569630349145,100000000.0,644.0620845897076,644.0620845897076,210.82050715554854,0.0,0.0
37.51569630349145,100000000.0,644.1344379977412,644.1344379977413,210.89286056358216,0.0,0.0
37.51569630349145,100000000.0,644.3848016048652,644.3848016048653,211.1432241707062,0.0,0.0
37.51569630349145,100000000.0,644.3986061877771,644.3986061877772,211.15702875361808,0.0,0.0
37.51569630349145,100000000.0,644.8320358186328,644.8320358186331,211.59045838447398,0.0,0.0
37.51569630349145,100000000.0,644.8603039377197,644.8603039377196,211.61872650356057,0.0,0.0
37.51569630349145,100000000.0,644.9204513801177,644.9204513801177,211.67887394595854,0.0,0.0
37.51569630349145,100000000.0,644.9245867934334,644.9245867934333,211.68300935927437,0.0,0.0
37.51569630349145,100000000.0,644.9550713784869,644.9550713784869,211.71349394432784,0.0,0.0
37.51569630349145,100000000.0,645.1196158938081,645.119615893808,211.87803845964913,0.0,0.0
37.51569630349145,100000000.0,645.1223094687903,645.1223094687903,211.8807320346312,0.0,0.0
37.51569630349145,100000000.0,645.4295773426932,645.429577342693,212.1879999085341,0.0,0.0
37.51569630349145,100000000.0,645.5066050712741,645.506605071274,212.2650276371149,0.0,0.0
37.51569630349145,100000000.0,645.6393668239248,645.6393668239247,212.39778938976565,0.0,0.0
37.51569630349145,100000000.0,645.688597868434,645.688597868434,212.44702043427495,0.0,0.0
37.51569630349145,100000000.0,645.6898856896623,645.6898856896624,212.44830825550338,0.0,0.0
37.51569630349145,100000000.0,645.6989574320204,645.6989574320206,212.4573799978615,0.0,0.0
37.51569630349145,100000000.0,645.7008176878506,645.7008176878505,212.45924025369146,0.0,0.0
37.51569630349145,100000000.0,645.7575060129029,645.7575060129028,212.5159285787437,0.0,0.0
37.51569630349145,100000000.0,645.8133157389605,645.8133157389607,212.57173830480156,0.0,0.0
37.51569630349145,100000000.0,645.8355640737536,645.8355640737534,212.5939866395945,0.0,0.0
37.51569630349145,100000000.0,645.8374742647302,645.8374742647302,212.5958968305712,0.0,0.0
37.51569630349145,100000000.0,646.0150578129333,646.0150578129333,212.77348037877417,0.0,0.0
37.51569630349145,100000000.0,646.0549668218451,646.0549668218453,212.81338938768607,0.0,0.0
37.51569630349145,100000000.0,646.0652097626798,646.06520976268,212.82363232852094,0.0,0.0
37.51569630349145,100000000.0,646.1692778530471,646.1692778530472,212.9277004188881,0.0,0.0
37.51569630349145,100000000.0,646.495407662506,646.4954076625061,213.2538302283469,0.0,0.0
37.51569630349145,100000000.0,646.556451634006,646.556451634006,213.314874199847,0.0,0.0
37.51569630349145,100000000.0,646.7049196169824,646.7049196169824,213.4633421828234,0.0,0.0
37.51569630349145,100000000.0,646.9222593006671,646.9222593006672,213.6806818665082,0.0,0.0
37.51569630349145,100000000.0,646.9514708167179,646.9514708167178,213.70989338255868,0.0,0.0
37.51569630349145,100000000.0,647.17441828076,647.17441828076,213.93284084660107,0.0,0.0
37.51569630349145,100000000.0,647.1746178913933,647.1746178913933,213.9330404572342,0.0,0.0
37.51569630349145,100000000.0,647.3334727054959,647.333472705496,214.09189527133694,0.0,0.0
37.51569630349145,100000000.0,647.4586295314372,647.4586295314369,214.2170520972781,0.0,0.0
37.51569630349145,100000000.0,647.8349628409134,647.8349628409132,214.5933854067543,0.0,0.0
37.51569630349145,100000000.0,647.8454425209957,647.8454425209956,214.6038650868366,0.0,0.0
37.51569630349145,100000000.0,647.9245173505531,647.9245173505531,214.68293991639405,0.0,0.0
37.51569630349145,100000000.0,648.0935776834128,648.0935776834127,214.85200024925368,0.0,0.0
37.51569630349145,100000000.0,648.1842279289137,648.1842279289139,214.94265049475482,0.0,0.0
37.51569630349145,100000000.0,648.3445488951184,648.3445488951185,215.1029714609594,0.0,0.0
37.51569630349145,100000000.0,648.3468484761237,648.3468484761236,215.1052710419647,0.0,0.0
37.51569630349145,100000000.0,648.4335430047802,648.4335430047804,215.19196557062125,0.0,0.0
37.51569630349145,100000000.0,648.6718109164514,648.6718109164512,215.4302334822922,0.0,0.0
37.51569630349145,100000000.0,648.7863308939393,648.7863308939393,215.54475345978037,0.0,0.0
37.51569630349145,100000000.0,648.8235709656718,648.8235709656719,215.58199353151284,0.0,0.0
37.51569630349145,100000000.0,648.9059046717113,648.9059046717114,215.6643272375523,0.0,0.0
37.51569630349145,100000000.0,648.9588075959759,648.9588075959759,215.7172301618168,0.0,0.0
37.51569630349145,100000000.0,648.9909458826613,648.9909458826614,215.74936844850228,0.0,0.0
37.51569630349145,100000000.0,649.0043434661014,649.0043434661014,215.76276603194242,0.0,0.0
37.51569630349145,100000000.0,649.2186581719026,649.2186581719026,215.97708073774353,0.0,0.0
37.51569630349145,100000000.0,649.3532912993272,649.3532912993276,216.11171386516838,0.0,0.0
37.51569630349145,100000000.0,649.4917535213492,649.4917535213491,216.25017608719014,0.0,0.0
37.51569630349145,100000000.0,649.9055827231387,649.9055827231388,216.66400528897955,0.0,0.0
37.51569630349145,100000000.0,650.0342678718573,650.0342678718574,216.79269043769827,0.0,0.0
37.51569630349145,100000000.0,650.2146202029797,650.2146202029797,216.97304276882076,0.0,0.0
37.51569630349145,100000000.0,650.2331793400828,650.2331793400829,216.99160190592366,0.0,0.0
37.51569630349145,100000000.0,650.2475334059499,650.24753340595,217.005955971791,0.0,0.0
37.51569630349145,100000000.0,-1.0,575.3239572277994,188.634070689289,1.0,1.0
37.51569630349145,100000000.0,650.4327547290575,650.4327547290575,217.19117729489844,0.0,0.0
37.51569630349145,100000000.0,651.1739813986603,651.1739813986604,217.9324039645013,0.0,0.0
37.51569630349145,100000000.0,651.3222796060074,651.3222796060074,218.08070217184854,0.0,0.0
37.51569630349145,100000000.0,651.4007857826725,651.4007857826725,218.1592083485135,0.0,0.0
37.51569630349145,100000000.0,651.8191512783023,651.8191512783025,218.57757384414325,0.0,0.0
37.51569630349145,100000000.0,651.8653123229981,651.8653123229981,218.62373488883907,0.0,0.0
37.51569630349145,100000000.0,651.8761190063418,651.8761190063417,218.63454157218274,0.0,0.0
37.51569630349145,100000000.0,652.2812168622521,652.281216862252,219.03963942809293,0.0,0.0
37.51569630349145,100000000.0,652.5026521894903,652.5026521894903,219.2610747553314,0.0,0.0
37.51569630349145,100000000.0,652.5697778325822,652.5697778325821,219.3282003984231,0.0,0.0
37.51569630349145,100000000.0,652.6593623001609,652.6593623001608,219.41778486600174,0.0,0.0
37.51569630349145,100000000.0,-1.0,577.6382056793124,193.81016585886903,1.0,1.0
37.51569630349145,100000000.0,652.6969719386076,652.6969719386076,219.45539450444846,0.0,0.0
37.51569630349145,100000000.0,652.8368764432416,652.8368764432416,219.59529900908248,0.0,0.0
37.51569630349145,100000000.0,652.9174883576408,652.9174883576408,219.67591092348178,0.0,0.0
37.51569630349145,100000000.0,652.9861776857983,652.9861776857982,219.74460025163913,0.0,0.0
37.51569630349145,100000000.0,653.0119447817399,653.0119447817399,219.7703673475808,0.0,0.0
37.51569630349145,100000000.0,653.1876406617438,653.1876406617437,219.94606322758474,0.0,0.0
37.51569630349145,100000000.0,653.2596741643374,653.2596741643373,220.0180967301782,0.0,0.0
37.51569630349145,100000000.0,653.4918715372967,653.4918715372968,220.25029410313766,0.0,0.0
37.51569630349145,100000000.0,653.4927813202054,653.4927813202054,220.25120388604634,0.0,0.0
37.51569630349145,100000000.0,653.6229471840069,653.6229471840069,220.3813697498478,0.0,0.0
37.51569630349145,100000000.0,653.7748818227641,653.7748818227642,220.53330438860516,0.0,0.0
37.51569630349145,100000000.0,654.03730180465,654.0373018046499,220.79572437049086,0.0,0.0
37.51569630349145,100000000.0,654.0433142638263,654.0433142638265,220.80173682966728,0.0,0.0
37.51569630349145,100000000.0,654.5228609148118,654.5228609148118,221.2812834806527,0.0,0.0
37.51569630349145,100000000.0,654.7623817715443,654.7623817715444,221.5208043373853,0.0,0.0
37.51569630349145,100000000.0,654.9647500191176,654.9647500191176,221.72317258495855,0.0,0.0
37.51569630349145,100000000.0,655.1363335360285,655.1363335360285,221.89475610186932,0.0,0.0
37.51569630349145,100000000.0,655.1821490713656,655.1821490713654,221.94057163720655,0.0,0.0
37.51569630349145,100000000.0,655.8098372628707,655.8098372628706,222.56825982871166,0.0,0.0
37.51569630349145,100000000.0,655.8471787537454,655.8471787537455,222.6056013195865,0.0,0.0
37.51569630349145,100000000.0,656.1263543178549,656.1263543178547,222.88477688369574,0.0,0.0
37.51569630349145,100000000.0,656.2627108006269,656.2627108006269,223.0211333664678,0.0,0.0
37.51569630349145,100000000.0,656.3462949816213,656.3462949816214,223.10471754746237,0.0,0.0
37.51569630349145,100000000.0,656.3994647093917,656.3994647093919,223.15788727523287,0.0,0.0
37.51569630349145,100000000.0,656.8087931727824,656.8087931727827,223.56721573862347,0.0,0.0
37.51569630349145,100000000.0,656.8354294914107,656.8354294914107,223.59385205725155,0.0,0.0
37.51569630349145,100000000.0,656.8888315848112,656.8888315848111,223.64725415065217,0.0,0.0
37.51569630349145,100000000.0,657.1649746686916,657.1649746686915,223.92339723453247,0.0,0.0
37.51569630349145,100000000.0,657.5322399219417,657.5322399219419,224.29066248778278,0.0,0.0
37.51569630349145,100000000.0,657.6225386408883,657.6225386408884,224.38096120672918,0.0,0.0
37.51569630349145,100000000.0,657.698378513875,657.6983785138751,224.45680107971612,0.0,0.0
37.51569630349145,100000000.0,657.7284968440184,657.7284968440185,224.48691940985944,0.0,0.0
37.51569630349145,100000000.0,658.1425821439391,658.1425821439392,224.90100470977998,0.0,0.0
37.51569630349145,100000000.0,658.2175612579817,658.2175612579819,224.97598382382273,0.0,0.0
37.51569630349145,100000000.0,-1.0,584.0139893542502,202.14805279934924,1.0,1.0
37.51569630349145,100000000.0,659.8516290973848,659.8516290973848,226.61005166322587,0.0,0.0
37.51569630349145,100000000.0,660.2619026521011,660.261902652101,227.02032521794197,0.0,0.0
37.51569630349145,100000000.0,660.3849762228244,660.3849762228245,227.14339878866556,0.0,0.0
37.51569630349145,100000000.0,660.8756469991364,660.8756469991363,227.6340695649773,0.0,0.0
37.51569630349145,100000000.0,661.0441170801336,661.0441170801336,227.80253964597452,0.0,0.0
37.51569630349145,100000000.0,661.8155006867652,661.8155006867653,228.57392325260628,0.0,0.0
37.63517304331149,100000000.0,631.9162417531883,631.9162417531885,198.67466431902932,0.0,0.0
37.63517304331149,100000000.0,639.5251743121541,639.5251743121541,206.28359687799508,0.0,0.0
37.63517304331149,100000000.0,642.0452701811695,642.0452701811696,208.80369274701047,0.0,0.0
37.63517304331149,100000000.0,642.5291863976277,642.5291863976277,209.28760896346864,0.0,0.0
37.63517304331149,100000000.0,642.9563687574523,642.9563687574524,209.71479132329324,0.0,0.0
37.63517304331149,100000000.0,643.9395168012915,643.9395168012916,210.69793936713228,0.0,0.0
37.63517304331149,100000000.0,644.6902993447615,644.6902993447615,211.44872191060242,0.0,0.0
37.63517304331149,100000000.0,645.3698761829952,645.3698761829951,212.12829874883607,0.0,0.0
37.63517304331149,100000000.0,645.7664111784642,645.7664111784644,212.52483374430523,0.0,0.0
37.63517304331149,100000000.0,646.7448058394029,646.7448058394029,213.50322840524385,0.0,0.0
37.63517304331149,100000000.0,647.2692883107728,647.2692883107727,214.02771087661378,0.0,0.0
37.63517304331149,100000000.0,647.5601779653822,647.5601779653823,214.31860053122313,0.0,0.0
37.63517304331149,100000000.0,648.0333781067828,648.0333781067828,214.79180067262374,0.0,0.0
37.63517304331149,100000000.0,648.0924929423334,648.0924929423335,214.85091550817438,0.0,0.0
37.63517304331149,100000000.0,648.2557499973127,648.2557499973129,215.01417256315375,0.0,0.0
37.63517304331149,100000000.0,649.0559333318033,649.0559333318032,215.81435589764422,0.0,0.0
37.63517304331149,100000000.0,649.3808099905953,649.380809990595,216.139232556436,0.0,0.0
37.63517304331149,100000000.0,649.5863056687543,649.5863056687542,216.34472823459538,0.0,0.0
37.63517304331149,100000000.0,650.0373890503865,650.0373890503864,216.7958116162274,0.0,0.0
37.63517304331149,100000000.0,650.1134657277762,650.1134657277763,216.8718882936172,0.0,0.0
37.63517304331149,100000000.0,650.4755708189476,650.4755708189476,217.23399338478856,0.0,0.0
37.63517304331149,100000000.0,650.5164275883471,650.5164275883471,217.27485015418813,0.0,0.0
37.63517304331149,100000000.0,650.9026325331971,650.9026325331971,217.66105509903795,0.0,0.0
37.63517304331149,100000000.0,650.9443208145655,650.9443208145656,217.7027433804066,0.0,0.0
37.63517304331149,100000000.0,650.9446791957967,650.9446791957968,217.70310176163756,0.0,0.0
37.63517304331149,100000000.0,651.2090451187757,651.209045118776,217.9674676846169,0.0,0.0
37.63517304331149,100000000.0,-1.0,576.1769305472212,188.55093040623925,1.0,1.0
37.63517304331149,100000000.0,651.4941951596647,651.4941951596646,218.2526177255057,0.0,0.0
37.63517304331149,100000000.0,651.4995441393202,651.4995441393203,218.25796670516118,0.0,0.0
37.63517304331149,100000000.0,651.5375964463085,651.5375964463084,218.29601901214943,0.0,0.0
37.63517304331149,100000000.0,651.5444933699958,651.5444933699958,218.30291593583678,0.0,0.0
37.63517304331149,100000000.0,651.7607165586883,651.7607165586883,218.51913912452923,0.0,0.0
37.63517304331149,100000000.0,651.8287690238997,651.8287690238998,218.58719158974077,0.0,0.0
37.63517304331149,100000000.0,651.9007829355465,651.9007829355467,218.65920550138767,0.0,0.0
37.63517304331149,100000000.0,651.9068598329607,651.9068598329608,218.6652823988017,0.0,0.0
37.63517304331149,100000000.0,651.920449281437,651.9204492814368,218.67887184727775,0.0,0.0
37.63517304331149,100000000.0,652.0262875969191,652.0262875969191,218.7847101627601,0.0,0.0
37.63517304331149,100000000.0,652.171374434557,652.171374434557,218.9297970003979,0.0,0.0
37.63517304331149,100000000.0,652.2054096578004,652.2054096578004,218.96383222364148,0.0,0.0
37.63517304331149,100000000.0,652.2155292439654,652.2155292439654,218.9739518098064,0.0,0.0
37.63517304331149,100000000.0,652.3172159584714,652.3172159584714,219.07563852431235,0.0,0.0
37.63517304331149,100000000.0,652.3276171446797,652.3276171446797,219.08603971052062,0.0,0.0
37.63517304331149,100000000.0,652.3846686306761,652.3846686306763,219.1430911965172,0.0,0.0
37.63517304331149,100000000.0,652.7288180671262,652.728818067126,219.48724063296703,0.0,0.0
37.63517304331149,100000000.0,652.9179020257222,652.9179020257224,219.6763245915632,0.0,0.0
37.63517304331149,100000000.0,653.2256028704244,653.2256028704243,219.98402543626517,0.0,0.0
37.63517304331149,100000000.0,653.583427195452,653.583427195452,220.3418497612929,0.0,0.0
37.63517304331149,100000000.0,653.9971672686272,653.9971672686271,220.75558983446805,0.0,0.0
37.63517304331149,100000000.0,654.0680530212708,654.0680530212708,220.8264755871118,0.0,0.0
37.63517304331149,100000000.0,654.1162422829319,654.1162422829319,220.87466484877305,0.0,0.0
37.63517304331149,100000000.0,654.2441706052501,654.2441706052502,221.00259317109123,0.0,0.0
37.63517304331149,100000000.0,654.62803949795,654.6280394979499,221.38646206379082,0.0,0.0
37.63517304331149,100000000.0,655.03665259997,655.0366525999701,221.79507516581097,0.0,0.0
37.63517304331149,100000000.0,-1.0,579.9143928432898,190.1608166936233,1.0,1.0
37.63517304331149,100000000.0,655.2248121126263,655.2248121126262,221.9832346784672,0.0,0.0
37.63517304331149,100000000.0,655.3973934251845,655.3973934251846,222.15581599102555,0.0,0.0
37.63517304331149,100000000.0,655.6332358466989,655.6332358466989,222.3916584125398,0.0,0.0
37.63517304331149,100000000.0,655.7146158916674,655.7146158916677,222.47303845750855,0.0,0.0
37.63517304331149,100000000.0,655.8291249972317,655.8291249972317,222.58754756307266,0.0,0.0
37.63517304331149,100000000.0,655.8483863490004,655.8483863490004,222.60680891484142,0.0,0.0
37.63517304331149,100000000.0,655.9424090967425,655.9424090967424,222.7008316625833,0.0,0.0
37.63517304331149,100000000.0,655.9974817670482,655.9974817670479,222.75590433288906,0.0,0.0
37.63517304331149,100000000.0,656.0506065014632,656.0506065014632,222.80902906730418,0.0,0.0
37.63517304331149,100000000.0,656.1671490351121,656.1671490351122,222.92557160095302,0.0,0.0
37.63517304331149,100000000.0,656.2029778350924,656.2029778350923,222.96140040093337,0.0,0.0
37.63517304331149,100000000.0,656.2223482336345,656.2223482336346,222.98077079947555,0.0,0.0
37.63517304331149,100000000.0,656.7079829998264,656.7079829998264,223.46640556566734,0.0,0.0
37.63517304331149,100000000.0,656.9408440930737,656.9408440930737,223.69926665891452,0.0,0.0
37.63517304331149,100000000.0,657.1234146011883,657.1234146011883,223.88183716702923,0.0,0.0
37.63517304331149,100000000.0,657.1557791325238,657.1557791325239,223.91420169836476,0.0,0.0
37.63517304331149,100000000.0,657.512943066684,657.5129430666839,224.27136563252492,0.0,0.0
37.63517304331149,100000000.0,657.5786397666708,657.5786397666709,224.3370623325117,0.0,0.0
37.63517304331149,100000000.0,657.720575752474,657.720575752474,224.47899831831492,0.0,0.0
37.63517304331149,100000000.0,658.0110300494285,658.0110300494284,224.76945261526944,0.0,0.0
37.63517304331149,100000000.0,658.0234586108489,658.0234586108488,224.78188117668984,0.0,0.0
37.63517304331149,100000000.0,658.1324029280948,658.1324029280948,224.89082549393575,0.0,0.0
37.63517304331149,100000000.0,658.5229929689829,658.5229929689829,225.28141553482376,0.0,0.0
37.63517304331149,100000000.0,658.5659615571801,658.56596155718,225.324384123021,0.0,0.0
37.63517304331149,100000000.0,658.7449641981798,658.7449641981798,225.50338676402083,0.0,0.0
37.63517304331149,100000000.0,658.7751932767283,658.7751932767281,225.53361584256913,0.0,0.0
37.63517304331149,100000000.0,658.8439746197098,658.8439746197099,225.6023971855508,0.0,0.0
37.63517304331149,100000000.0,658.9843493279445,658.9843493279444,225.7427718937854,0.0,0.0
37.63517304331149,100000000.0,659.5984618599173,659.5984618599174,226.3568844257583,0.0,0.0
37.63517304331149,100000000.0,659.7153729957433,659.7153729957432,226.47379556158435,0.0,0.0
37.63517304331149,100000000.0,659.8799875824313,659.8799875824315,226.6384101482724,0.0,0.0
37.63517304331149,100000000.0,659.933301215484,659.933301215484,226.69172378132495,0.0,0.0
37.63517304331149,100000000.0,659.941797927089,659.9417979270892,226.70022049293019,0.0,0.0
37.63517304331149,100000000.0,660.4220433529501,660.42204335295,227.180465918791,0.0,0.0
37.63517304331149,100000000.0,660.5747864778248,660.5747864778248,227.33320904366568,0.0,0.0
37.63517304331149,100000000.0,660.8442626837809,660.8442626837813,227.6026852496219,0.0,0.0
37.63517304331149,100000000.0,661.0309469092135,661.0309469092134,227.78936947505449,0.0,0.0
37.63517304331149,100000000.0,661.0835191252592,661.0835191252592,227.84194169110006,0.0,0.0
37.63517304331149,100000000.0,661.539457768489,661.5394577684889,228.29788033432982,0.0,0.0
37.63517304331149,100000000.0,661.957022015556,661.9570220155559,228.715444581397,0.0,0.0
37.63517304331149,100000000.0,-1.0,586.7912943630159,202.94639089059694,1.0,1.0
37.63517304331149,100000000.0,662.2214561858094,662.2214561858093,228.97987875165026,0.0,0.0
37.63517304331149,100000000.0,662.759410542011,662.7594105420109,229.5178331078519,0.0,0.0
37.63517304331149,100000000.0,662.8378678659619,662.8378678659622,229.59629043180283,0.0,0.0
37.63517304331149,100000000.0,663.0411847096858,663.041184709686,229.79960727552682,0.0,0.0
37.63517304331149,100000000.0,663.0860531033434,663.0860531033433,229.84447566918428,0.0,0.0
37.63517304331149,100000000.0,663.3216879663429,663.3216879663429,230.08011053218388,0.0,0.0
37.63517304331149,100000000.0,663.7070542236589,663.7070542236593,230.4654767895001,0.0,0.0
37.63517304331149,100000000.0,663.812454730586,663.8124547305861,230.570877296427,0.0,0.0
37.63517304331149,100000000.0,664.2433069607538,664.2433069607539,231.00172952659494,0.0,0.0
37.63517304331149,100000000.0,664.7061564409679,664.7061564409677,231.4645790068088,0.0,0.0
37.63517304331149,100000000.0,664.953107640464,664.953107640464,231.71153020630499,0.0,0.0
37.63517304331149,100000000.0,665.2024941074648,665.2024941074646,231.96091667330552,0.0,0.0
37.63517304331149,100000000.0,665.6266572489127,665.6266572489127,232.3850798147537,0.0,0.0
37.63517304331149,100000000.0,665.6600240200111,665.6600240200111,232.4184465858519,0.0,0.0
37.63517304331149,100000000.0,665.7761153204227,665.7761153204227,232.53453788626362,0.0,0.0
37.63517304331149,100000000.0,665.819196949807,665.819196949807,232.57761951564785,0.0,0.0
37.63517304331149,100000000.0,-1.0,590.850271634897,204.41484166986177,1.0,1.0
37.63517304331149,100000000.0,666.2581428446643,666.2581428446643,233.0165654105052,0.0,0.0
37.63517304331149,100000000.0,666.7503911428632,666.7503911428632,233.50881370870428,0.0,0.0
37.63517304331149,100000000.0,666.7734479374158,666.7734479374155,233.53187050325653,0.0,0.0
37.63517304331149,100000000.0,666.9269582577202,666.9269582577202,233.6853808235612,0.0,0.0
37.63517304331149,100000000.0,667.2818349570938,667.2818349570938,234.04025752293472,0.0,0.0
37.63517304331149,100000000.0,667.4932809715845,667.4932809715846,234.2517035374255,0.0,0.0
37.63517304331149,100000000.0,668.6851252896556,668.6851252896557,235.44354785549658,0.0,0.0
37.63517304331149,100000000.0,668.6870532415168,668.6870532415169,235.4454758073577,0.0,0.0
37.63517304331149,100000000.0,670.3788254435154,670.3788254435156,237.1372480093566,0.0,0.0
37.63517304331149,100000000.0,671.3663517286204,671.3663517286205,238.12477429446136,0.0,0.0
37.63517304331149,100000000.0,671.5247395520341,671.5247395520341,238.28316211787504,0.0,0.0
37.63517304331149,100000000.0,671.6785217421353,671.6785217421354,238.4369443079764,0.0,0.0
37.63517304331149,100000000.0,671.8071736378647,671.8071736378646,238.56559620370552,0.0,0.0
37.63517304331149,100000000.0,672.2317922884508,672.2317922884508,238.99021485429165,0.0,0.0
37.63517304331149,100000000.0,673.8934516672418,673.8934516672418,240.65187423308268,0.0,0.0
37.63517304331149,100000000.0,674.9302137657397,674.9302137657398,241.68863633158077,0.0,0.0
37.754649783131526,100000000.0,630.2393864598544,630.2393864598544,196.99780902569523,0.0,0.0
37.754649783131526,100000000.0,634.6309881502793,634.6309881502793,201.38941071612018,0.0,0.0
37.754649783131526,100000000.0,637.7736395285655,637.7736395285654,204.53206209440637,0.0,0.0
37.754649783131526,100000000.0,638.0795335051573,638.0795335051573,204.83795607099822,0.0,0.0
37.754649783131526,100000000.0,640.9210516262164,640.9210516262165,207.67947419205743,0.0,0.0
37.754649783131526,100000000.0,640.9401454293392,640.9401454293393,207.69856799518024,0.0,0.0
37.754649783131526,100000000.0,641.2977104402455,641.2977104402456,208.05613300608653,0.0,0.0
37.754649783131526,100000000.0,641.8960578790186,641.8960578790185,208.65448044485962,0.0,0.0
37.754649783131526,100000000.0,642.2642189938388,642.2642189938387,209.02264155967973,0.0,0.0
37.754649783131526,100000000.0,643.1734352210999,643.1734352210999,209.9318577869409,0.0,0.0
37.754649783131526,100000000.0,643.8954626859739,643.8954626859737,210.65388525181484,0.0,0.0
37.754649783131526,100000000.0,644.291700999636,644.2917009996361,211.05012356547698,0.0,0.0
37.754649783131526,100000000.0,644.4025934353377,644.4025934353378,211.1610160011788,0.0,0.0
37.754649783131526,100000000.0,645.5626091177871,645.5626091177872,212.32103168362812,0.0,0.0
37.754649783131526,100000000.0,645.9059177296552,645.9059177296552,212.6643402954961,0.0,0.0
37.754649783131526,100000000.0,646.330345411116,646.3303454111158,213.08876797695692,0.0,0.0
37.754649783131526,100000000.0,648.6931888809406,648.6931888809407,215.4516114467816,0.0,0.0
37.754649783131526,100000000.0,648.923353903919,648.923353903919,215.68177646975994,0.0,0.0
37.754649783131526,100000000.0,649.1964591915184,649.1964591915183,215.9548817573594,0.0,0.0
37.754649783131526,100000000.0,649.4047669182487,649.4047669182487,216.16318948408957,0.0,0.0
37.754649783131526,100000000.0,649.7550398186773,649.7550398186772,216.51346238451828,0.0,0.0
37.754649783131526,100000000.0,649.9790030609089,649.9790030609089,216.73742562674977,0.0,0.0
37.754649783131526,100000000.0,650.5138545260426,650.5138545260428,217.27227709188355,0.0,0.0
37.754649783131526,100000000.0,650.5702062516933,650.5702062516933,217.32862881753434,0.0,0.0
37.754649783131526,100000000.0,650.6207510046479,650.620751004648,217.37917357048877,0.0,0.0
37.754649783131526,100000000.0,650.8337498147436,650.8337498147438,217.59217238058466,0.0,0.0
37.754649783131526,100000000.0,650.8387814581457,650.8387814581456,217.59720402398656,0.0,0.0
37.754649783131526,100000000.0,651.0531619915695,651.0531619915695,217.8115845574103,0.0,0.0
37.754649783131526,100000000.0,651.179048204554,651.179048204554,217.93747077039487,0.0,0.0
37.754649783131526,100000000.0,651.2360147063614,651.2360147063614,217.99443727220233,0.0,0.0
37.754649783131526,100000000.0,651.2515164973354,651.2515164973353,218.00993906317638,0.0,0.0
37.754649783131526,100000000.0,651.2954542685267,651.2954542685267,218.05387683436757,0.0,0.0
37.754649783131526,100000000.0,651.5015850087207,651.5015850087207,218.2600075745617,0.0,0.0
37.754649783131526,100000000.0,651.5344354912586,651.5344354912586,218.2928580570994,0.0,0.0
37.754649783131526,100000000.0,652.0046376122474,652.0046376122473,218.7630601780884,0.0,0.0
37.754649783131526,100000000.0,652.0135502762436,652.0135502762436,218.77197284208455,0.0,0.0
37.754649783131526,100000000.0,652.1390279704382,652.1390279704378,218.89745053627897,0.0,0.0
37.754649783131526,100000000.0,652.2659812689666,652.2659812689668,219.02440383480763,0.0,0.0
37.754649783131526,100000000.0,652.2765593588491,652.2765593588492,219.03498192469007,0.0,0.0
37.754649783131526,100000000.0,652.6817990602598,652.6817990602598,219.44022162610074,0.0,0.0
37.754649783131526,100000000.0,652.7300067964849,652.7300067964851,219.48842936232597,0.0,0.0
37.754649783131526,100000000.0,-1.0,577.3146241739377,178.07605804903352,1.0,1.0
37.754649783131526,100000000.0,652.8935949215208,652.8935949215207,219.65201748736175,0.0,0.0
37.754649783131526,100000000.0,653.01532937424,653.01532937424,219.77375194008093,0.0,0.0
37.754649783131526,100000000.0,-1.0,577.5301089694241,192.1580385189091,1.0,1.0
37.754649783131526,100000000.0,653.1789440939016,653.1789440939016,219.9373666597424,0.0,0.0
37.754649783131526,100000000.0,653.5500176443377,653.5500176443377,220.30844021017856,0.0,0.0
37.754649783131526,100000000.0,653.5751418854595,653.5751418854595,220.33356445130048,0.0,0.0
37.754649783131526,100000000.0,653.774954590034,653.7749545900342,220.53337715587503,0.0,0.0
37.754649783131526,100000000.0,653.850003659574,653.8500036595741,220.60842622541497,0.0,0.0
37.754649783131526,100000000.0,653.8968863492796,653.8968863492795,220.65530891512063,0.0,0.0
37.754649783131526,100000000.0,653.9284127779855,653.9284127779855,220.68683534382635,0.0,0.0
37.754649783131526,100000000.0,654.3650301635066,654.3650301635067,221.12345272934766,0.0,0.0
37.754649783131526,100000000.0,654.4931413449801,654.4931413449804,221.2515639108212,0.0,0.0
37.754649783131526,100000000.0,654.7166629398562,654.7166629398562,221.47508550569717,0.0,0.0
37.754649783131526,100000000.0,654.7333869101403,654.7333869101402,221.49180947598123,0.0,0.0
37.754649783131526,100000000.0,654.755068008569,654.7550680085689,221.51349057440973,0.0,0.0
37.754649783131526,100000000.0,654.7570416381567,654.7570416381568,221.5154642039978,0.0,0.0
37.754649783131526,100000000.0,655.0381430694482,655.0381430694482,221.7965656352891,0.0,0.0
37.754649783131526,100000000.0,655.0427699968502,655.0427699968502,221.801192562691,0.0,0.0
37.754649783131526,100000000.0,655.0588293765484,655.0588293765483,221.81725194238936,0.0,0.0
37.754649783131526,100000000.0,655.227237789512,655.2272377895121,221.985660355353,0.0,0.0
37.754649783131526,100000000.0,655.2675369574732,655.2675369574731,222.0259595233141,0.0,0.0
37.754649783131526,100000000.0,655.3978463901952,655.3978463901952,222.1562689560362,0.0,0.0
37.754649783131526,100000000.0,655.4150219360391,655.4150219360394,222.17344450188025,0.0,0.0
37.754649783131526,100000000.0,655.4348219024225,655.4348219024226,222.19324446826352,0.0,0.0
37.754649783131526,100000000.0,655.5694557191458,655.5694557191459,222.32787828498684,0.0,0.0
37.754649783131526,100000000.0,655.9816651045796,655.9816651045796,222.74008767042065,0.0,0.0
37.754649783131526,100000000.0,656.0206252147693,656.0206252147693,222.7790477806103,0.0,0.0
37.754649783131526,100000000.0,656.3466896823921,656.3466896823923,223.1051122482332,0.0,0.0
37.754649783131526,100000000.0,656.9986361147752,656.9986361147751,223.75705868061607,0.0,0.0
37.754649783131526,100000000.0,657.040496323456,657.0404963234557,223.79891888929671,0.0,0.0
37.754649783131526,100000000.0,-1.0,581.6739749232228,193.86555510966974,1.0,1.0
37.754649783131526,100000000.0,657.2855108293822,657.2855108293821,224.0439333952231,0.0,0.0
37.754649783131526,100000000.0,657.4449373148401,657.4449373148401,224.20335988068103,0.0,0.0
37.754649783131526,100000000.0,657.561554615585,657.561554615585,224.31997718142594,0.0,0.0
37.754649783131526,100000000.0,657.5891319550052,657.5891319550051,224.34755452084602,0.0,0.0
37.754649783131526,100000000.0,657.6096323147015,657.6096323147015,224.3680548805424,0.0,0.0
37.754649783131526,100000000.0,657.6149159071737,657.6149159071739,224.3733384730147,0.0,0.0
37.754649783131526,100000000.0,657.775420080919,657.775420080919,224.53384264675995,0.0,0.0
37.754649783131526,100000000.0,657.7832337305686,657.7832337305683,224.54165629640931,0.0,0.0
37.754649783131526,100000000.0,657.9364091014702,657.9364091014703,224.69483166731123,0.0,0.0
37.754649783131526,100000000.0,658.3267005021073,658.3267005021074,225.08512306794822,0.0,0.0
37.754649783131526,100000000.0,658.3938653136548,658.393865313655,225.15228787949587,0.0,0.0
37.754649783131526,100000000.0,658.7281227700672,658.7281227700673,225.48654533590818,0.0,0.0
37.754649783131526,100000000.0,658.7678806354819,658.767880635482,225.52630320132283,0.0,0.0
37.754649783131526,100000000.0,658.9090851118096,658.9090851118098,225.66750767765063,0.0,0.0
37.754649783131526,100000000.0,-1.0,583.4318565576934,195.4029275810606,1.0,1.0
37.754649783131526,100000000.0,659.9363264693072,659.9363264693071,226.6947490351481,0.0,0.0
37.754649783131526,100000000.0,660.025117498763,660.025117498763,226.78354006460407,0.0,0.0
37.754649783131526,100000000.0,660.1391905923876,660.1391905923878,226.89761315822864,0.0,0.0
37.754649783131526,100000000.0,660.2271083976008,660.2271083976009,226.98553096344176,0.0,0.0
37.754649783131526,100000000.0,660.445732510256,660.4457325102562,227.20415507609698,0.0,0.0
37.754649783131526,100000000.0,660.5705239691862,660.5705239691861,227.32894653502706,0.0,0.0
37.754649783131526,100000000.0,660.5841309442898,660.5841309442897,227.3425535101306,0.0,0.0
37.754649783131526,100000000.0,660.8383155865274,660.8383155865274,227.5967381523684,0.0,0.0
37.754649783131526,100000000.0,661.7698290460432,661.7698290460432,228.52825161188426,0.0,0.0
37.754649783131526,100000000.0,661.9512725059506,661.9512725059506,228.7096950717915,0.0,0.0
37.754649783131526,100000000.0,662.1767397997177,662.1767397997176,228.93516236555848,0.0,0.0
37.754649783131526,100000000.0,662.4821191414319,662.4821191414318,229.2405417072728,0.0,0.0
37.754649783131526,100000000.0,662.5219398238984,662.5219398238985,229.28036238973942,0.0,0.0
37.754649783131526,100000000.0,662.6318721398487,662.6318721398487,229.3902947056897,0.0,0.0
37.754649783131526,100000000.0,663.1331534814991,663.1331534814991,229.89157604734,0.0,0.0
37.754649783131526,100000000.0,663.5168676534553,663.5168676534552,230.27529021929607,0.0,0.0
37.754649783131526,100000000.0,663.6485178514965,663.6485178514964,230.4069404173375,0.0,0.0
37.754649783131526,100000000.0,663.7630541939908,663.7630541939908,230.52147675983173,0.0,0.0
37.754649783131526,100000000.0,663.8313509709625,663.8313509709626,230.58977353680353,0.0,0.0
37.754649783131526,100000000.0,663.8682904983909,663.8682904983908,230.6267130642319,0.0,0.0
37.754649783131526,100000000.0,663.8847507735329,663.8847507735326,230.6431733393737,0.0,0.0
37.754649783131526,100000000.0,664.1311458450731,664.131145845073,230.8895684109139,0.0,0.0
37.754649783131526,100000000.0,664.4885421086242,664.488542108624,231.24696467446512,0.0,0.0
37.754649783131526,100000000.0,664.9829943736646,664.9829943736648,231.74141693950563,0.0,0.0
37.754649783131526,100000000.0,665.1662554095532,665.1662554095532,231.92467797539425,0.0,0.0
37.754649783131526,100000000.0,665.5255712344915,665.5255712344916,232.2839938003325,0.0,0.0
37.754649783131526,100000000.0,665.58456419553,665.5845641955301,232.342986761371,0.0,0.0
37.754649783131526,100000000.0,665.7458277504966,665.7458277504967,232.5042503163376,0.0,0.0
37.754649783131526,100000000.0,666.7928057161585,666.7928057161585,233.55122828199944,0.0,0.0
37.754649783131526,100000000.0,667.5333397608251,667.5333397608252,234.29176232666615,0.0,0.0
37.754649783131526,100000000.0,667.5756442649819,667.5756442649821,234.33406683082305,0.0,0.0
37.754649783131526,100000000.0,667.6688816136799,667.6688816136799,234.42730417952083,0.0,0.0
37.754649783131526,100000000.0,667.7116560752582,667.7116560752582,234.47007864109912,0.0,0.0
37.754649783131526,100000000.0,667.810244815553,667.8102448155531,234.56866738139394,0.0,0.0
37.754649783131526,100000000.0,668.2730060709495,668.2730060709496,235.03142863679045,0.0,0.0
37.754649783131526,100000000.0,-1.0,592.8484187025922,201.35711746646444,1.0,1.0
37.754649783131526,100000000.0,669.879195709628,669.8791957096282,236.6376182754691,0.0,0.0
37.754649783131526,100000000.0,670.9867168387506,670.9867168387505,237.7451394045914,0.0,0.0
37.754649783131526,100000000.0,673.3716786722451,673.371678672245,240.13010123808598,0.0,0.0
37.754649783131526,100000000.0,675.7266413516857,675.7266413516859,242.48506391752665,0.0,0.0
37.87412652295156,100000000.0,637.5006744820519,637.5006744820517,204.25909704789265,0.0,0.0
37.87412652295156,100000000.0,640.3713542789887,640.3713542789886,207.12977684482956,0.0,0.0
37.87412652295156,100000000.0,640.4720810054351,640.4720810054351,207.23050357127605,0.0,0.0
37.87412652295156,100000000.0,641.2028093368828,641.2028093368829,207.9612319027237,0.0,0.0
37.87412652295156,100000000.0,642.2557841477202,642.2557841477202,209.01420671356112,0.0,0.0
37.87412652295156,100000000.0,642.2915173945145,642.2915173945146,209.04993996035552,0.0,0.0
37.87412652295156,100000000.0,643.1336816343926,643.1336816343926,209.89210420023358,0.0,0.0
37.87412652295156,100000000.0,643.2577364912304,643.2577364912304,210.01615905707118,0.0,0.0
37.87412652295156,100000000.0,643.7192712702436,643.7192712702432,210.47769383608423,0.0,0.0
37.87412652295156,100000000.0,645.8713444945578,645.8713444945579,212.6297670603987,0.0,0.0
37.87412652295156,100000000.0,-1.0,571.0448359988488,188.66185869180052,1.0,1.0
37.87412652295156,100000000.0,647.5323283860164,647.5323283860162,214.2907509518573,0.0,0.0
37.87412652295156,100000000.0,-1.0,571.9060051944508,182.03121116529505,1.0,1.0
37.87412652295156,100000000.0,647.8235961958791,647.8235961958791,214.58201876172,0.0,0.0
37.87412652295156,100000000.0,649.4410691761883,649.4410691761884,216.19949174202938,0.0,0.0
37.87412652295156,100000000.0,649.5652800036587,649.5652800036587,216.32370256949955,0.0,0.0
37.87412652295156,100000000.0,649.6132886508155,649.6132886508154,216.37171121665642,0.0,0.0
37.87412652295156,100000000.0,649.7050052147102,649.7050052147104,216.46342778055123,0.0,0.0
37.87412652295156,100000000.0,649.8054549269875,649.8054549269875,216.56387749282842,0.0,0.0
37.87412652295156,100000000.0,650.0318312027148,650.031831202715,216.79025376855597,0.0,0.0
37.87412652295156,100000000.0,650.3076968812247,650.3076968812247,217.06611944706566,0.0,0.0
37.87412652295156,100000000.0,650.5423315408248,650.5423315408248,217.30075410666564,0.0,0.0
37.87412652295156,100000000.0,650.9655617122976,650.9655617122975,217.7239842781385,0.0,0.0
37.87412652295156,100000000.0,-1.0,575.2738552316988,193.40791867679786,1.0,1.0
37.87412652295156,100000000.0,651.0628948744875,651.0628948744874,217.8213174403285,0.0,0.0
37.87412652295156,100000000.0,651.2620429598154,651.262042959815,218.0204655256561,0.0,0.0
37.87412652295156,100000000.0,651.283165646591,651.2831656465911,218.04158821243195,0.0,0.0
37.87412652295156,100000000.0,651.515606736463,651.5156067364633,218.27402930230414,0.0,0.0
37.87412652295156,100000000.0,651.5473370175454,651.5473370175455,218.3057595833863,0.0,0.0
37.87412652295156,100000000.0,651.555146397202,651.5551463972021,218.31356896304288,0.0,0.0
37.87412652295156,100000000.0,651.8851549399058,651.8851549399059,218.64357750574672,0.0,0.0
37.87412652295156,100000000.0,652.1532526995244,652.1532526995245,218.9116752653653,0.0,0.0
37.87412652295156,100000000.0,652.3786225118453,652.3786225118455,219.1370450776864,0.0,0.0
37.87412652295156,100000000.0,652.6429190663099,652.6429190663097,219.40134163215066,0.0,0.0
37.87412652295156,100000000.0,652.8170442973131,652.8170442973133,219.5754668631542,0.0,0.0
37.87412652295156,100000000.0,652.9268074160682,652.9268074160682,219.68522998190917,0.0,0.0
37.87412652295156,100000000.0,652.9346935629727,652.9346935629725,219.69311612881364,0.0,0.0
37.87412652295156,100000000.0,653.3867636734119,653.3867636734121,220.14518623925304,0.0,0.0
37.87412652295156,100000000.0,653.4161579477852,653.4161579477852,220.1745805136262,0.0,0.0
37.87412652295156,100000000.0,653.5566530528041,653.5566530528041,220.31507561864493,0.0,0.0
37.87412652295156,100000000.0,653.6802692110651,653.6802692110651,220.43869177690613,0.0,0.0
37.87412652295156,100000000.0,653.8150878806558,653.8150878806557,220.5735104464967,0.0,0.0
37.87412652295156,100000000.0,653.8865432792578,653.8865432792578,220.64496584509868,0.0,0.0
37.87412652295156,100000000.0,654.2519142841422,654.2519142841421,221.01033684998308,0.0,0.0
37.87412652295156,100000000.0,-1.0,578.7996186169164,191.16123988341454,1.0,1.0
37.87412652295156,100000000.0,655.3535822737107,655.3535822737106,222.11200483955156,0.0,0.0
37.87412652295156,100000000.0,655.3966520727697,655.3966520727697,222.15507463861064,0.0,0.0
37.87412652295156,100000000.0,655.4030392006747,655.4030392006747,222.16146176651566,0.0,0.0
37.87412652295156,100000000.0,655.4791044686438,655.4791044686438,222.23752703448474,0.0,0.0
37.87412652295156,100000000.0,655.5473688779385,655.5473688779384,222.3057914437794,0.0,0.0
37.87412652295156,100000000.0,655.6527308017135,655.6527308017133,222.4111533675544,0.0,0.0
37.87412652295156,100000000.0,655.7265897680963,655.7265897680962,222.48501233393722,0.0,0.0
37.87412652295156,100000000.0,655.9258199583667,655.9258199583666,222.6842425242074,0.0,0.0
37.87412652295156,100000000.0,655.934284310486,655.9342843104859,222.69270687632707,0.0,0.0
37.87412652295156,100000000.0,656.0303796698304,656.0303796698306,222.7888022356714,0.0,0.0
37.87412652295156,100000000.0,656.0478534879574,656.0478534879575,222.8062760537983,0.0,0.0
37.87412652295156,100000000.0,656.3578200590666,656.3578200590666,223.1162426249075,0.0,0.0
37.87412652295156,100000000.0,656.3668902245153,656.3668902245153,223.12531279035625,0.0,0.0
37.87412652295156,100000000.0,656.4893652648514,656.4893652648515,223.2477878306925,0.0,0.0
37.87412652295156,100000000.0,656.6532738203524,656.6532738203523,223.41169638619328,0.0,0.0
37.87412652295156,100000000.0,656.7102582981393,656.7102582981394,223.4686808639803,0.0,0.0
37.87412652295156,100000000.0,656.9195154141734,656.9195154141736,223.67793798001452,0.0,0.0
37.87412652295156,100000000.0,657.3071424028701,657.3071424028701,224.065564968711,0.0,0.0
37.87412652295156,100000000.0,657.481125152225,657.4811251522249,224.2395477180658,0.0,0.0
37.87412652295156,100000000.0,657.504189959612,657.504189959612,224.26261252545297,0.0,0.0
37.87412652295156,100000000.0,658.0060038944076,658.0060038944075,224.76442646024856,0.0,0.0
37.87412652295156,100000000.0,658.0514266951551,658.0514266951552,224.80984926099617,0.0,0.0
37.87412652295156,100000000.0,658.1060531267301,658.10605312673,224.86447569257103,0.0,0.0
37.87412652295156,100000000.0,658.177833586646,658.1778335866462,224.93625615248698,0.0,0.0
37.87412652295156,100000000.0,658.2848336402589,658.2848336402589,225.04325620609987,0.0,0.0
37.87412652295156,100000000.0,658.848948139093,658.8489481390928,225.6073707049338,0.0,0.0
37.87412652295156,100000000.0,659.1273969778456,659.1273969778456,225.88581954368664,0.0,0.0
37.87412652295156,100000000.0,659.171932216469,659.171932216469,225.93035478231008,0.0,0.0
37.87412652295156,100000000.0,659.304288884563,659.3042888845631,226.06271145040404,0.0,0.0
37.87412652295156,100000000.0,659.7371334833924,659.7371334833925,226.49555604923347,0.0,0.0
37.87412652295156,100000000.0,659.9837452332154,659.9837452332154,226.74216779905646,0.0,0.0
37.87412652295156,100000000.0,660.1032410207412,660.1032410207412,226.86166358658207,0.0,0.0
37.87412652295156,100000000.0,660.339776086565,660.3397760865649,227.09819865240584,0.0,0.0
37.87412652295156,100000000.0,660.6069199312449,660.6069199312449,227.3653424970858,0.0,0.0
37.87412652295156,100000000.0,660.8543650352691,660.8543650352689,227.61278760110997,0.0,0.0
37.87412652295156,100000000.0,660.9512077415072,660.9512077415075,227.7096303073483,0.0,0.0
37.87412652295156,100000000.0,660.9625593001526,660.9625593001527,227.72098186599374,0.0,0.0
37.87412652295156,100000000.0,660.969507750787,660.9695077507869,227.72793031662783,0.0,0.0
37.87412652295156,100000000.0,660.9740157685142,660.9740157685142,227.7324383343551,0.0,0.0
37.87412652295156,100000000.0,660.9850745282884,660.9850745282884,227.74349709412937,0.0,0.0
37.87412652295156,100000000.0,661.0374361975594,661.0374361975594,227.7958587634003,0.0,0.0
37.87412652295156,100000000.0,661.0544387061389,661.054438706139,227.81286127197995,0.0,0.0
37.87412652295156,100000000.0,661.1425165469865,661.1425165469865,227.90093911282733,0.0,0.0
37.87412652295156,100000000.0,661.7786459236615,661.7786459236615,228.53706848950247,0.0,0.0
37.87412652295156,100000000.0,662.2381234456415,662.2381234456412,228.99654601148225,0.0,0.0
37.87412652295156,100000000.0,662.4673654030158,662.4673654030157,229.22578796885676,0.0,0.0
37.87412652295156,100000000.0,662.5716447701561,662.5716447701561,229.33006733599717,0.0,0.0
37.87412652295156,100000000.0,662.5961891576198,662.5961891576197,229.35461172346075,0.0,0.0
37.87412652295156,100000000.0,662.7323061293916,662.7323061293919,229.4907286952327,0.0,0.0
37.87412652295156,100000000.0,663.131720507125,663.1317205071248,229.89014307296588,0.0,0.0
37.87412652295156,100000000.0,663.4765737260313,663.4765737260315,230.2349962918723,0.0,0.0
37.87412652295156,100000000.0,663.5013841894058,663.5013841894058,230.25980675524679,0.0,0.0
37.87412652295156,100000000.0,664.1196117427255,664.1196117427254,230.87803430856638,0.0,0.0
37.87412652295156,100000000.0,664.1539720246168,664.1539720246169,230.9123945904577,0.0,0.0
37.87412652295156,100000000.0,664.3495099935805,664.3495099935806,231.1079325594215,0.0,0.0
37.87412652295156,100000000.0,664.3983080615733,664.3983080615732,231.1567306274142,0.0,0.0
37.87412652295156,100000000.0,664.5415826149734,664.5415826149734,231.3000051808144,0.0,0.0
37.87412652295156,100000000.0,664.9081098669752,664.9081098669752,231.66653243281615,0.0,0.0
37.87412652295156,100000000.0,665.1148884745096,665.1148884745096,231.87331104035033,0.0,0.0
37.87412652295156,100000000.0,665.4716674376685,665.4716674376688,232.23009000350973,0.0,0.0
37.87412652295156,100000000.0,665.5969027061969,665.5969027061968,232.35532527203787,0.0,0.0
37.87412652295156,100000000.0,665.6512578549239,665.6512578549238,232.40968042076486,0.0,0.0
37.87412652295156,100000000.0,665.6651143416208,665.6651143416208,232.4235369074617,0.0,0.0
37.87412652295156,100000000.0,666.234411168512,666.234411168512,232.99283373435293,0.0,0.0
37.87412652295156,100000000.0,666.4157039295342,666.4157039295342,233.17412649537522,0.0,0.0
37.87412652295156,100000000.0,666.9036851613473,666.9036851613473,233.6621077271884,0.0,0.0
37.87412652295156,100000000.0,667.1842181835542,667.1842181835543,233.94264074939522,0.0,0.0
37.87412652295156,100000000.0,667.3491016609842,667.349101660984,234.10752422682512,0.0,0.0
37.87412652295156,100000000.0,667.372597377657,667.372597377657,234.13101994349793,0.0,0.0
37.87412652295156,100000000.0,667.9406063759418,667.9406063759419,234.69902894178276,0.0,0.0
37.87412652295156,100000000.0,669.479527512133,669.4795275121331,236.237950077974,0.0,0.0
37.87412652295156,100000000.0,670.270947622446,670.270947622446,237.0293701882869,0.0,0.0
37.87412652295156,100000000.0,671.7147150760096,671.7147150760094,238.4731376418504,0.0,0.0
37.87412652295156,100000000.0,672.143018782517,672.143018782517,238.90144134835788,0.0,0.0
37.87412652295156,100000000.0,672.4141356877147,672.4141356877146,239.17255825355588,0.0,0.0
37.87412652295156,100000000.0,672.6018004516918,672.6018004516918,239.36022301753272,0.0,0.0
37.87412652295156,100000000.0,-1.0,597.1560060569047,204.43316374797013,1.0,1.0
37.87412652295156,100000000.0,673.0045653986349,673.0045653986348,239.76298796447585,0.0,0.0
37.87412652295156,100000000.0,673.462099143419,673.462099143419,240.22052170925997,0.0,0.0
37.87412652295156,100000000.0,675.1446084186837,675.1446084186837,241.90303098452458,0.0,0.0
37.87412652295156,100000000.0,676.438090272948,676.4380902729482,243.1965128387891,0.0,0.0
37.87412652295156,100000000.0,677.6759867485578,677.6759867485579,244.43440931439878,0.0,0.0
37.87412652295156,100000000.0,678.3765966440526,678.3765966440529,245.13501920989373,0.0,0.0
37.9936032627716,100000000.0,639.6205681323347,639.6205681323347,206.37899069817573,0.0,0.0
37.9936032627716,100000000.0,640.5088078453185,640.5088078453185,207.26723041115952,0.0,0.0
37.9936032627716,100000000.0,641.2721989557136,641.2721989557135,208.03062152155456,0.0,0.0
37.9936032627716,100000000.0,643.4936621019172,643.4936621019174,210.2520846677582,0.0,0.0
37.9936032627716,100000000.0,644.0206406520963,644.0206406520964,210.77906321793725,0.0,0.0
37.9936032627716,100000000.0,644.9001078804056,644.9001078804056,211.65853044624657,0.0,0.0
37.9936032627716,100000000.0,647.0093462533961,647.0093462533961,213.76776881923706,0.0,0.0
37.9936032627716,100000000.0,647.8910647555322,647.8910647555319,214.64948732137302,0.0,0.0
37.9936032627716,100000000.0,648.7093065888849,648.7093065888849,215.46772915472587,0.0,0.0
37.9936032627716,100000000.0,648.8983177838928,648.8983177838928,215.6567403497338,0.0,0.0
37.9936032627716,100000000.0,650.1622139468063,650.1622139468062,216.9206365126473,0.0,0.0
37.9936032627716,100000000.0,650.5375818357026,650.5375818357026,217.29600440154357,0.0,0.0
37.9936032627716,100000000.0,650.9646737654302,650.9646737654301,217.7230963312711,0.0,0.0
37.9936032627716,100000000.0,-1.0,575.1120442159648,193.24610766106372,1.0,1.0
37.9936032627716,100000000.0,651.3477633177616,651.3477633177615,218.10618588360248,0.0,0.0
37.9936032627716,100000000.0,651.7007705641312,651.7007705641311,218.45919312997216,0.0,0.0
37.9936032627716,100000000.0,651.8540239760106,651.8540239760107,218.61244654185157,0.0,0.0
37.9936032627716,100000000.0,652.3512733621875,652.3512733621876,219.1096959280286,0.0,0.0
37.9936032627716,100000000.0,652.3739542928636,652.3739542928637,219.13237685870462,0.0,0.0
37.9936032627716,100000000.0,652.4840040493538,652.4840040493538,219.24242661519463,0.0,0.0
37.9936032627716,100000000.0,652.5374445288301,652.5374445288302,219.2958670946711,0.0,0.0
37.9936032627716,100000000.0,652.6108297654383,652.6108297654384,219.36925233127928,0.0,0.0
37.9936032627716,100000000.0,653.1809350714823,653.1809350714823,219.93935763732313,0.0,0.0
37.9936032627716,100000000.0,653.190087111042,653.1900871110419,219.94850967688288,0.0,0.0
37.9936032627716,100000000.0,653.3167936304108,653.3167936304108,220.0752161962517,0.0,0.0
37.9936032627716,100000000.0,653.3899316557745,653.3899316557744,220.14835422161536,0.0,0.0
37.9936032627716,100000000.0,653.6020716520013,653.6020716520013,220.36049421784222,0.0,0.0
37.9936032627716,100000000.0,654.082652613226,654.0826526132258,220.84107517906693,0.0,0.0
37.9936032627716,100000000.0,654.0894733153106,654.0894733153104,220.84789588115152,0.0,0.0
37.9936032627716,100000000.0,654.4764972353123,654.4764972353124,221.23491980115338,0.0,0.0
37.9936032627716,100000000.0,654.7882283092882,654.7882283092881,221.54665087512902,0.0,0.0
37.9936032627716,100000000.0,654.8446821386443,654.8446821386443,221.6031047044853,0.0,0.0
37.9936032627716,100000000.0,655.1427217554275,655.1427217554276,221.9011443212685,0.0,0.0
37.9936032627716,100000000.0,655.2801925050503,655.2801925050503,222.03861507089124,0.0,0.0
37.9936032627716,100000000.0,655.5288748230495,655.5288748230496,222.28729738889044,0.0,0.0
37.9936032627716,100000000.0,655.5449165193673,655.5449165193675,222.30333908520842,0.0,0.0
37.9936032627716,100000000.0,655.9288574956328,655.9288574956328,222.68728006147367,0.0,0.0
37.9936032627716,100000000.0,655.9643443710936,655.9643443710936,222.72276693693453,0.0,0.0
37.9936032627716,100000000.0,656.1554922525157,656.1554922525155,222.91391481835663,0.0,0.0
37.9936032627716,100000000.0,656.2613054798542,656.2613054798542,223.01972804569513,0.0,0.0
37.9936032627716,100000000.0,656.3274221561986,656.3274221561986,223.08584472203958,0.0,0.0
37.9936032627716,100000000.0,656.3337455041354,656.3337455041354,223.0921680699765,0.0,0.0
37.9936032627716,100000000.0,656.5608736754573,656.5608736754575,223.3192962412983,0.0,0.0
37.9936032627716,100000000.0,656.6889974264915,656.6889974264915,223.44741999233236,0.0,0.0
37.9936032627716,100000000.0,657.4826695531783,657.4826695531783,224.24109211901933,0.0,0.0
37.9936032627716,100000000.0,657.573008794948,657.5730087949481,224.33143136078905,0.0,0.0
37.9936032627716,100000000.0,657.7125159243865,657.7125159243864,224.4709384902275,0.0,0.0
37.9936032627716,100000000.0,657.800838983676,657.8008389836758,224.5592615495168,0.0,0.0
37.9936032627716,100000000.0,657.8266080834812,657.826608083481,224.58503064932208,0.0,0.0
37.9936032627716,100000000.0,658.1113063841551,658.1113063841551,224.86972894999602,0.0,0.0
37.9936032627716,100000000.0,658.245779653776,658.245779653776,225.004202219617,0.0,0.0
37.9936032627716,100000000.0,658.4557247497559,658.4557247497559,225.21414731559685,0.0,0.0
37.9936032627716,100000000.0,658.5570942310333,658.557094231033,225.31551679687408,0.0,0.0
37.9936032627716,100000000.0,658.5736534821244,658.5736534821242,225.33207604796533,0.0,0.0
37.9936032627716,100000000.0,658.8053220908527,658.8053220908525,225.5637446566935,0.0,0.0
37.9936032627716,100000000.0,658.9350098664547,658.9350098664548,225.69343243229565,0.0,0.0
37.9936032627716,100000000.0,659.0600318462216,659.0600318462217,225.8184544120626,0.0,0.0
37.9936032627716,100000000.0,659.1814794706951,659.1814794706952,225.9399020365361,0.0,0.0
37.9936032627716,100000000.0,659.1852983490146,659.1852983490145,225.9437209148555,0.0,0.0
37.9936032627716,100000000.0,659.2847836645398,659.2847836645398,226.0432062303807,0.0,0.0
37.9936032627716,100000000.0,659.6185043356556,659.6185043356555,226.37692690149646,0.0,0.0
37.9936032627716,100000000.0,660.124893306281,660.1248933062813,226.8833158721221,0.0,0.0
37.9936032627716,100000000.0,660.2544700024695,660.2544700024697,227.01289256831058,0.0,0.0
37.9936032627716,100000000.0,660.2976427091924,660.2976427091922,227.05606527503338,0.0,0.0
37.9936032627716,100000000.0,660.3431150609264,660.3431150609265,227.10153762676757,0.0,0.0
37.9936032627716,100000000.0,660.5498099148091,660.5498099148093,227.30823248065013,0.0,0.0
37.9936032627716,100000000.0,660.6852438947194,660.6852438947195,227.44366646056048,0.0,0.0
37.9936032627716,100000000.0,660.7646427115941,660.7646427115942,227.52306527743494,0.0,0.0
37.9936032627716,100000000.0,660.8170575510271,660.8170575510269,227.57548011686802,0.0,0.0
37.9936032627716,100000000.0,661.2657682194855,661.2657682194855,228.0241907853266,0.0,0.0
37.9936032627716,100000000.0,661.6135518406411,661.6135518406411,228.37197440648202,0.0,0.0
37.9936032627716,100000000.0,661.8496761353043,661.8496761353044,228.6080987011453,0.0,0.0
37.9936032627716,100000000.0,662.0196969831125,662.0196969831125,228.77811954895333,0.0,0.0
37.9936032627716,100000000.0,662.2838861400189,662.2838861400188,229.04230870585968,0.0,0.0
37.9936032627716,100000000.0,662.5613598612614,662.5613598612613,229.31978242710224,0.0,0.0
37.9936032627716,100000000.0,662.574349142185,662.5743491421849,229.33277170802592,0.0,0.0
37.9936032627716,100000000.0,662.8446351097188,662.8446351097188,229.60305767555977,0.0,0.0
37.9936032627716,100000000.0,663.0518788197302,663.0518788197304,229.81030138557128,0.0,0.0
37.9936032627716,100000000.0,663.6460151607753,663.6460151607753,230.40443772661632,0.0,0.0
37.9936032627716,100000000.0,663.6994306908407,663.6994306908409,230.45785325668183,0.0,0.0
37.9936032627716,100000000.0,663.8993738271191,663.8993738271192,230.65779639296014,0.0,0.0
37.9936032627716,100000000.0,664.0501082136389,664.0501082136391,230.80853077948004,0.0,0.0
37.9936032627716,100000000.0,664.0728588476669,664.0728588476667,230.8312814135079,0.0,0.0
37.9936032627716,100000000.0,664.1055162133622,664.1055162133622,230.86393877920327,0.0,0.0
37.9936032627716,100000000.0,664.2530084849689,664.2530084849689,231.0114310508099,0.0,0.0
37.9936032627716,100000000.0,664.3240762713644,664.3240762713647,231.08249883720552,0.0,0.0
37.9936032627716,100000000.0,664.5747501155807,664.5747501155806,231.33317268142167,0.0,0.0
37.9936032627716,100000000.0,664.8088820991584,664.8088820991584,231.5673046649993,0.0,0.0
37.9936032627716,100000000.0,664.9042617330349,664.9042617330351,231.662684298876,0.0,0.0
37.9936032627716,100000000.0,665.3689323678684,665.3689323678684,232.12735493370948,0.0,0.0
37.9936032627716,100000000.0,-1.0,589.4933460441549,212.19022760346633,1.0,1.0
37.9936032627716,100000000.0,665.5446629215996,665.5446629215996,232.3030854874406,0.0,0.0
37.9936032627716,100000000.0,665.6394140089412,665.6394140089416,232.39783657478245,0.0,0.0
37.9936032627716,100000000.0,665.7461152337537,665.7461152337535,232.50453779959452,0.0,0.0
37.9936032627716,100000000.0,666.1536298269333,666.1536298269334,232.91205239277426,0.0,0.0
37.9936032627716,100000000.0,666.2763607430513,666.2763607430513,233.0347833088924,0.0,0.0
37.9936032627716,100000000.0,666.5039391168631,666.5039391168631,233.26236168270395,0.0,0.0
37.9936032627716,100000000.0,666.6600317237286,666.6600317237286,233.41845428956958,0.0,0.0
37.9936032627716,100000000.0,666.7075455710095,666.7075455710095,233.4659681368504,0.0,0.0
37.9936032627716,100000000.0,666.9832195094132,666.9832195094133,233.7416420752541,0.0,0.0
37.9936032627716,100000000.0,667.5092388353112,667.5092388353111,234.26766140115217,0.0,0.0
37.9936032627716,100000000.0,-1.0,591.8986630579496,194.98077935937565,1.0,1.0
37.9936032627716,100000000.0,668.0617687065321,668.061768706532,234.82019127237308,0.0,0.0
37.9936032627716,100000000.0,668.2212180070196,668.2212180070194,234.97964057286046,0.0,0.0
37.9936032627716,100000000.0,668.3556915706588,668.3556915706588,235.11411413649992,0.0,0.0
37.9936032627716,100000000.0,669.1307321423416,669.1307321423413,235.88915470818242,0.0,0.0
37.9936032627716,100000000.0,669.2617925407997,669.2617925407999,236.02021510664065,0.0,0.0
37.9936032627716,100000000.0,669.7679336954341,669.7679336954341,236.5263562612751,0.0,0.0
37.9936032627716,100000000.0,670.0171389612092,670.0171389612094,236.77556152705034,0.0,0.0
37.9936032627716,100000000.0,670.4857232594907,670.4857232594908,237.24414582533169,0.0,0.0
37.9936032627716,100000000.0,670.9606420584539,670.9606420584539,237.719064624295,0.0,0.0
37.9936032627716,100000000.0,671.192140080741,671.1921400807407,237.95056264658174,0.0,0.0
37.9936032627716,100000000.0,671.279850582064,671.2798505820641,238.03827314790504,0.0,0.0
37.9936032627716,100000000.0,671.3373357562439,671.337335756244,238.09575832208498,0.0,0.0
37.9936032627716,100000000.0,671.9741550289132,671.9741550289132,238.73257759475416,0.0,0.0
37.9936032627716,100000000.0,-1.0,596.5853451985441,208.95400646020522,1.0,1.0
37.9936032627716,100000000.0,673.2315256896645,673.2315256896646,239.98994825550557,0.0,0.0
37.9936032627716,100000000.0,673.9991639303364,673.9991639303363,240.75758649617728,0.0,0.0
37.9936032627716,100000000.0,674.0343749985501,674.0343749985501,240.79279756439098,0.0,0.0
37.9936032627716,100000000.0,674.0701984065803,674.0701984065802,240.82862097242116,0.0,0.0
37.9936032627716,100000000.0,674.0767921472341,674.0767921472341,240.83521471307512,0.0,0.0
37.9936032627716,100000000.0,674.7822605787305,674.7822605787306,241.54068314457143,0.0,0.0
37.9936032627716,100000000.0,675.4463343472123,675.4463343472124,242.20475691305327,0.0,0.0
37.9936032627716,100000000.0,675.6370555241737,675.6370555241735,242.39547809001454,0.0,0.0
37.9936032627716,100000000.0,677.9629807966835,677.9629807966836,244.72140336252446,0.0,0.0
37.9936032627716,100000000.0,679.0719448978051,679.0719448978051,245.83036746364598,0.0,0.0
37.9936032627716,100000000.0,679.6203916177121,679.620391617712,246.37881418355292,0.0,0.0
37.9936032627716,100000000.0,679.6958813535173,679.6958813535172,246.45430391935813,0.0,0.0
38.11308000259164,100000000.0,642.1598586475009,642.1598586475006,208.9182812133418,0.0,0.0
38.11308000259164,100000000.0,642.5086283108781,642.5086283108781,209.26705087671905,0.0,0.0
38.11308000259164,100000000.0,645.8444796220809,645.8444796220809,212.60290218792198,0.0,0.0
38.11308000259164,100000000.0,646.5257316574937,646.5257316574937,213.2841542233346,0.0,0.0
38.11308000259164,100000000.0,646.7041408212739,646.7041408212739,213.46256338711478,0.0,0.0
38.11308000259164,100000000.0,647.5261500248007,647.5261500248008,214.28457259064177,0.0,0.0
38.11308000259164,100000000.0,647.8638269658862,647.8638269658863,214.62224953172733,0.0,0.0
38.11308000259164,100000000.0,647.8743392806942,647.8743392806944,214.63276184653532,0.0,0.0
38.11308000259164,100000000.0,647.9019363738348,647.901936373835,214.66035893967586,0.0,0.0
38.11308000259164,100000000.0,647.9574887314993,647.9574887314993,214.71591129734028,0.0,0.0
38.11308000259164,100000000.0,648.1604316593,648.1604316593002,214.91885422514093,0.0,0.0
38.11308000259164,100000000.0,648.5894737574095,648.5894737574095,215.34789632325032,0.0,0.0
38.11308000259164,100000000.0,648.6705064857658,648.6705064857657,215.42892905160676,0.0,0.0
38.11308000259164,100000000.0,648.7375865700562,648.7375865700561,215.4960091358971,0.0,0.0
38.11308000259164,100000000.0,648.8217725270013,648.8217725270014,215.58019509284225,0.0,0.0
38.11308000259164,100000000.0,648.9725371886822,648.9725371886823,215.73095975452318,0.0,0.0
38.11308000259164,100000000.0,649.0989058727695,649.0989058727694,215.85732843861038,0.0,0.0
38.11308000259164,100000000.0,649.1497150148949,649.1497150148949,215.90813758073594,0.0,0.0
38.11308000259164,100000000.0,649.5951351457072,649.5951351457072,216.35355771154812,0.0,0.0
38.11308000259164,100000000.0,649.6080530874133,649.608053087413,216.36647565325404,0.0,0.0
38.11308000259164,100000000.0,649.62991920825,649.62991920825,216.38834177409106,0.0,0.0
38.11308000259164,100000000.0,650.1542293533388,650.1542293533386,216.9126519191796,0.0,0.0
38.11308000259164,100000000.0,650.2305162745158,650.2305162745159,216.98893884035678,0.0,0.0
38.11308000259164,100000000.0,651.310711927092,651.310711927092,218.069134492933,0.0,0.0
38.11308000259164,100000000.0,651.9984370597492,651.9984370597492,218.75685962559015,0.0,0.0
38.11308000259164,100000000.0,652.0519666862981,652.051966686298,218.81038925213906,0.0,0.0
38.11308000259164,100000000.0,652.3537514053061,652.3537514053058,219.11217397114712,0.0,0.0
38.11308000259164,100000000.0,652.4196123390058,652.4196123390057,219.17803490484658,0.0,0.0
38.11308000259164,100000000.0,652.4516200279926,652.4516200279927,219.2100425938336,0.0,0.0
38.11308000259164,100000000.0,652.6856288043275,652.6856288043276,219.4440513701685,0.0,0.0
38.11308000259164,100000000.0,652.9126156594434,652.9126156594434,219.67103822528438,0.0,0.0
38.11308000259164,100000000.0,652.9578601376328,652.9578601376329,219.71628270347372,0.0,0.0
38.11308000259164,100000000.0,653.3796016283559,653.3796016283558,220.1380241941968,0.0,0.0
38.11308000259164,100000000.0,653.4705046370834,653.4705046370835,220.22892720292452,0.0,0.0
38.11308000259164,100000000.0,653.5384238700954,653.5384238700956,220.29684643593652,0.0,0.0
38.11308000259164,100000000.0,654.6625588540331,654.6625588540329,221.42098141987398,0.0,0.0
38.11308000259164,100000000.0,654.8146347224529,654.8146347224529,221.57305728829382,0.0,0.0
38.11308000259164,100000000.0,654.8195872927042,654.8195872927042,221.57800985854504,0.0,0.0
38.11308000259164,100000000.0,654.9213652728282,654.9213652728284,221.67978783866934,0.0,0.0
38.11308000259164,100000000.0,655.1317081496495,655.1317081496496,221.8901307154905,0.0,0.0
38.11308000259164,100000000.0,655.1900332273901,655.1900332273902,221.94845579323118,0.0,0.0
38.11308000259164,100000000.0,655.1958871637601,655.19588716376,221.95430972960096,0.0,0.0
38.11308000259164,100000000.0,655.2916410355916,655.2916410355914,222.0500636014325,0.0,0.0
38.11308000259164,100000000.0,655.3047134481393,655.3047134481393,222.0631360139804,0.0,0.0
38.11308000259164,100000000.0,656.3255793817567,656.3255793817565,223.08400194759767,0.0,0.0
38.11308000259164,100000000.0,-1.0,580.3819056089603,184.0188866691813,1.0,1.0
38.11308000259164,100000000.0,656.6143636842538,656.6143636842538,223.3727862500948,0.0,0.0
38.11308000259164,100000000.0,656.7938766066006,656.7938766066006,223.55229917244165,0.0,0.0
38.11308000259164,100000000.0,656.9821924272472,656.9821924272472,223.74061499308823,0.0,0.0
38.11308000259164,100000000.0,657.1352650746887,657.1352650746886,223.89368764052966,0.0,0.0
38.11308000259164,100000000.0,657.1427191294538,657.1427191294538,223.90114169529468,0.0,0.0
38.11308000259164,100000000.0,657.3416145421922,657.3416145421924,224.1000371080333,0.0,0.0
38.11308000259164,100000000.0,657.4183086699423,657.4183086699423,224.17673123578325,0.0,0.0
38.11308000259164,100000000.0,657.5513104593567,657.5513104593567,224.3097330251976,0.0,0.0
38.11308000259164,100000000.0,657.6044284621622,657.6044284621624,224.36285102800332,0.0,0.0
38.11308000259164,100000000.0,657.9348670042272,657.9348670042272,224.69328957006812,0.0,0.0
38.11308000259164,100000000.0,657.9451124246428,657.9451124246428,224.7035349904838,0.0,0.0
38.11308000259164,100000000.0,658.0305763987166,658.0305763987166,224.78899896455738,0.0,0.0
38.11308000259164,100000000.0,658.381702928699,658.3817029286992,225.14012549453994,0.0,0.0
38.11308000259164,100000000.0,658.5042260253762,658.5042260253763,225.26264859121716,0.0,0.0
38.11308000259164,100000000.0,658.6534121153167,658.6534121153168,225.4118346811577,0.0,0.0
38.11308000259164,100000000.0,658.7663776671343,658.7663776671343,225.52480023297528,0.0,0.0
38.11308000259164,100000000.0,658.784682565986,658.7846825659863,225.5431051318272,0.0,0.0
38.11308000259164,100000000.0,658.8051489876956,658.8051489876956,225.56357155353655,0.0,0.0
38.11308000259164,100000000.0,658.8508234067286,658.8508234067289,225.6092459725697,0.0,0.0
38.11308000259164,100000000.0,659.0522055540882,659.0522055540879,225.81062811992902,0.0,0.0
38.11308000259164,100000000.0,659.0870820176758,659.0870820176759,225.84550458351683,0.0,0.0
38.11308000259164,100000000.0,659.3903292822934,659.3903292822935,226.14875184813434,0.0,0.0
38.11308000259164,100000000.0,659.5597208252132,659.559720825213,226.31814339105418,0.0,0.0
38.11308000259164,100000000.0,659.8055686681355,659.8055686681356,226.5639912339763,0.0,0.0
38.11308000259164,100000000.0,659.9050457376927,659.9050457376928,226.66346830353368,0.0,0.0
38.11308000259164,100000000.0,660.2066993171483,660.2066993171481,226.96512188298908,0.0,0.0
38.11308000259164,100000000.0,660.2331994713733,660.2331994713733,226.99162203721434,0.0,0.0
38.11308000259164,100000000.0,660.713483362163,660.713483362163,227.47190592800393,0.0,0.0
38.11308000259164,100000000.0,660.7196285946935,660.7196285946936,227.4780511605344,0.0,0.0
38.11308000259164,100000000.0,661.0641036228704,661.0641036228706,227.82252618871146,0.0,0.0
38.11308000259164,100000000.0,661.2629394804417,661.2629394804417,228.02136204628246,0.0,0.0
38.11308000259164,100000000.0,661.6553286533554,661.6553286533554,228.41375121919643,0.0,0.0
38.11308000259164,100000000.0,661.7237061777929,661.7237061777928,228.48212874363372,0.0,0.0
38.11308000259164,100000000.0,662.0364664470143,662.0364664470142,228.7948890128553,0.0,0.0
38.11308000259164,100000000.0,662.4239353899188,662.4239353899187,229.1823579557597,0.0,0.0
38.11308000259164,100000000.0,662.6010176605627,662.6010176605627,229.35944022640356,0.0,0.0
38.11308000259164,100000000.0,662.6746694920251,662.6746694920251,229.43309205786608,0.0,0.0
38.11308000259164,100000000.0,662.7421024116903,662.7421024116901,229.50052497753123,0.0,0.0
38.11308000259164,100000000.0,662.9030430694149,662.903043069415,229.66146563525592,0.0,0.0
38.11308000259164,100000000.0,663.0137006101216,663.0137006101219,229.7721231759626,0.0,0.0
38.11308000259164,100000000.0,663.0309826196722,663.0309826196723,229.78940518551326,0.0,0.0
38.11308000259164,100000000.0,663.0384957205034,663.0384957205035,229.79691828634446,0.0,0.0
38.11308000259164,100000000.0,663.2931878789831,663.2931878789831,230.051610444824,0.0,0.0
38.11308000259164,100000000.0,663.544483864368,663.5444838643681,230.3029064302088,0.0,0.0
38.11308000259164,100000000.0,663.6917658387085,663.6917658387085,230.45018840454952,0.0,0.0
38.11308000259164,100000000.0,663.9249432013103,663.9249432013103,230.68336576715114,0.0,0.0
38.11308000259164,100000000.0,663.9391142851308,663.9391142851309,230.69753685097183,0.0,0.0
38.11308000259164,100000000.0,663.999557049432,663.9995570494324,230.75797961527311,0.0,0.0
38.11308000259164,100000000.0,664.2598723253877,664.2598723253878,231.01829489122863,0.0,0.0
38.11308000259164,100000000.0,664.5287507869705,664.5287507869702,231.28717335281112,0.0,0.0
38.11308000259164,100000000.0,664.752630283141,664.7526302831415,231.51105284898227,0.0,0.0
38.11308000259164,100000000.0,664.8362713463124,664.8362713463123,231.5946939121533,0.0,0.0
38.11308000259164,100000000.0,664.9612568651663,664.9612568651664,231.71967943100728,0.0,0.0
38.11308000259164,100000000.0,665.1557879794477,665.1557879794476,231.91421054528863,0.0,0.0
38.11308000259164,100000000.0,665.367993548255,665.367993548255,232.12641611409586,0.0,0.0
38.11308000259164,100000000.0,665.4041259605008,665.4041259605006,232.16254852634165,0.0,0.0
38.11308000259164,100000000.0,665.9208532331043,665.9208532331043,232.6792757989453,0.0,0.0
38.11308000259164,100000000.0,665.9237725855114,665.9237725855118,232.6821951513525,0.0,0.0
38.11308000259164,100000000.0,666.2495590694111,666.249559069411,233.00798163525215,0.0,0.0
38.11308000259164,100000000.0,666.4533831723446,666.4533831723446,233.21180573818552,0.0,0.0
38.11308000259164,100000000.0,666.7220991854886,666.7220991854886,233.48052175132955,0.0,0.0
38.11308000259164,100000000.0,667.2676689349305,667.2676689349305,234.02609150077143,0.0,0.0
38.11308000259164,100000000.0,667.3017897395001,667.3017897395001,234.0602123053411,0.0,0.0
38.11308000259164,100000000.0,667.3457219160612,667.345721916061,234.10414448190215,0.0,0.0
38.11308000259164,100000000.0,668.0185219614655,668.0185219614656,234.7769445273065,0.0,0.0
38.11308000259164,100000000.0,668.0758350296775,668.0758350296776,234.83425759551858,0.0,0.0
38.11308000259164,100000000.0,668.4252196283603,668.4252196283604,235.18364219420135,0.0,0.0
38.11308000259164,100000000.0,668.6183599596236,668.6183599596235,235.37678252546453,0.0,0.0
38.11308000259164,100000000.0,668.6357132388445,668.6357132388445,235.39413580468536,0.0,0.0
38.11308000259164,100000000.0,668.7434505640248,668.7434505640246,235.50187312986574,0.0,0.0
38.11308000259164,100000000.0,669.018134719128,669.0181347191282,235.77655728496907,0.0,0.0
38.11308000259164,100000000.0,669.8103136109926,669.8103136109925,236.56873617683343,0.0,0.0
38.11308000259164,100000000.0,671.3292144303699,671.3292144303698,238.08763699621076,0.0,0.0
38.11308000259164,100000000.0,671.861771430169,671.8617714301689,238.62019399600987,0.0,0.0
38.11308000259164,100000000.0,671.9975874726197,671.9975874726196,238.7560100384606,0.0,0.0
38.11308000259164,100000000.0,672.5111282812944,672.5111282812945,239.26955084713538,0.0,0.0
38.11308000259164,100000000.0,673.5208649136237,673.5208649136237,240.2792874794646,0.0,0.0
38.11308000259164,100000000.0,673.8915615177444,673.8915615177445,240.64998408358545,0.0,0.0
38.11308000259164,100000000.0,674.0468355118212,674.0468355118213,240.80525807766227,0.0,0.0
38.11308000259164,100000000.0,-1.0,598.893693288796,211.29740282586596,1.0,1.0
38.11308000259164,100000000.0,678.3722547039815,678.3722547039818,245.13067726982266,0.0,0.0
38.11308000259164,100000000.0,679.3517060471049,679.3517060471047,246.11012861294574,0.0,0.0
38.232556742411674,100000000.0,631.1894492336824,631.1894492336825,197.9478717995232,0.0,0.0
38.232556742411674,100000000.0,633.9981850894961,633.9981850894962,200.75660765533718,0.0,0.0
38.232556742411674,100000000.0,634.2939956616304,634.2939956616307,201.05241822747146,0.0,0.0
38.232556742411674,100000000.0,636.7680557628103,636.7680557628104,203.52647832865142,0.0,0.0
38.232556742411674,100000000.0,637.1512524165354,637.1512524165356,203.90967498237643,0.0,0.0
38.232556742411674,100000000.0,637.3173186111493,637.3173186111493,204.0757411769902,0.0,0.0
38.232556742411674,100000000.0,638.3104485676987,638.3104485676987,205.06887113353957,0.0,0.0
38.232556742411674,100000000.0,638.3571832516368,638.3571832516366,205.11560581747756,0.0,0.0
38.232556742411674,100000000.0,638.4933202027437,638.4933202027435,205.25174276858453,0.0,0.0
38.232556742411674,100000000.0,638.5437487016484,638.5437487016485,205.30217126748937,0.0,0.0
38.232556742411674,100000000.0,638.6082406042739,638.6082406042739,205.36666317011483,0.0,0.0
38.232556742411674,100000000.0,639.2002333597849,639.2002333597849,205.95865592562575,0.0,0.0
38.232556742411674,100000000.0,639.513705468246,639.5137054682459,206.2721280340869,0.0,0.0
38.232556742411674,100000000.0,639.6957999420156,639.6957999420157,206.45422250785649,0.0,0.0
38.232556742411674,100000000.0,639.8030750438159,639.8030750438157,206.56149760965675,0.0,0.0
38.232556742411674,100000000.0,639.8176578709733,639.8176578709733,206.57608043681435,0.0,0.0
38.232556742411674,100000000.0,639.9154584674178,639.9154584674178,206.67388103325865,0.0,0.0
38.232556742411674,100000000.0,640.4228106126986,640.4228106126985,207.18123317853951,0.0,0.0
38.232556742411674,100000000.0,640.9448629015652,640.9448629015652,207.70328546740615,0.0,0.0
38.232556742411674,100000000.0,641.3000481636047,641.3000481636047,208.05847072944576,0.0,0.0
38.232556742411674,100000000.0,641.3465941544113,641.3465941544113,208.10501672025214,0.0,0.0
38.232556742411674,100000000.0,641.5069900213334,641.5069900213335,208.2654125871745,0.0,0.0
38.232556742411674,100000000.0,642.0509765157889,642.050976515789,208.80939908162983,0.0,0.0
38.232556742411674,100000000.0,642.1204634516388,642.1204634516388,208.8788860174797,0.0,0.0
38.232556742411674,100000000.0,642.147946482294,642.147946482294,208.9063690481348,0.0,0.0
38.232556742411674,100000000.0,642.337342390345,642.337342390345,209.09576495618592,0.0,0.0
38.232556742411674,100000000.0,642.5000528100862,642.5000528100862,209.25847537592713,0.0,0.0
38.232556742411674,100000000.0,642.5147456710486,642.5147456710486,209.2731682368895,0.0,0.0
38.232556742411674,100000000.0,642.5296911740003,642.5296911740004,209.2881137398413,0.0,0.0
38.232556742411674,100000000.0,642.5372767756415,642.5372767756417,209.29569934148256,0.0,0.0
38.232556742411674,100000000.0,642.5721718322718,642.5721718322718,209.33059439811268,0.0,0.0
38.232556742411674,100000000.0,642.7144915024523,642.7144915024522,209.4729140682932,0.0,0.0
38.232556742411674,100000000.0,642.8045338013862,642.8045338013862,209.56295636722717,0.0,0.0
38.232556742411674,100000000.0,642.830999767703,642.8309997677029,209.58942233354398,0.0,0.0
38.232556742411674,100000000.0,642.8778699392174,642.8778699392176,209.6362925050584,0.0,0.0
38.232556742411674,100000000.0,642.9362673029191,642.9362673029191,209.69468986876015,0.0,0.0
38.232556742411674,100000000.0,643.072465265275,643.0724652652751,209.830887831116,0.0,0.0
38.232556742411674,100000000.0,643.1685871903628,643.1685871903628,209.92700975620377,0.0,0.0
38.232556742411674,100000000.0,643.4437638696693,643.4437638696694,210.20218643551033,0.0,0.0
38.232556742411674,100000000.0,643.4705069070656,643.4705069070656,210.22892947290657,0.0,0.0
38.232556742411674,100000000.0,643.5066564934268,643.5066564934267,210.2650790592676,0.0,0.0
38.232556742411674,100000000.0,643.5320689929542,643.5320689929542,210.29049155879514,0.0,0.0
38.232556742411674,100000000.0,643.6900627023308,643.6900627023305,210.4484852681716,0.0,0.0
38.232556742411674,100000000.0,643.7776690452877,643.7776690452878,210.53609161112874,0.0,0.0
38.232556742411674,100000000.0,644.0529652984414,644.0529652984414,210.81138786428232,0.0,0.0
38.232556742411674,100000000.0,644.0707791237903,644.0707791237904,210.82920168963142,0.0,0.0
38.232556742411674,100000000.0,644.0759910383522,644.0759910383522,210.83441360419306,0.0,0.0
38.232556742411674,100000000.0,644.1016837649819,644.101683764982,210.8601063308229,0.0,0.0
38.232556742411674,100000000.0,644.269271867279,644.2692718672788,211.02769443311985,0.0,0.0
38.232556742411674,100000000.0,644.8703720492236,644.8703720492234,211.6287946150646,0.0,0.0
38.232556742411674,100000000.0,644.9093124107966,644.9093124107965,211.66773497663743,0.0,0.0
38.232556742411674,100000000.0,645.3298900864107,645.329890086411,212.08831265225177,0.0,0.0
38.232556742411674,100000000.0,645.3432111485236,645.3432111485237,212.1016337143645,0.0,0.0
38.232556742411674,100000000.0,645.5780918321816,645.5780918321818,212.33651439802262,0.0,0.0
38.232556742411674,100000000.0,645.5900579720088,645.5900579720088,212.34848053784978,0.0,0.0
38.232556742411674,100000000.0,645.612331055605,645.612331055605,212.37075362144586,0.0,0.0
38.232556742411674,100000000.0,645.7469235869012,645.7469235869012,212.50534615274216,0.0,0.0
38.232556742411674,100000000.0,645.7760171073085,645.7760171073083,212.5344396731493,0.0,0.0
38.232556742411674,100000000.0,645.7872956664289,645.7872956664289,212.54571823226993,0.0,0.0
38.232556742411674,100000000.0,645.8740044147595,645.8740044147593,212.6324269806003,0.0,0.0
38.232556742411674,100000000.0,645.9098036254677,645.9098036254677,212.6682261913085,0.0,0.0
38.232556742411674,100000000.0,646.0030672429908,646.0030672429909,212.76148980883184,0.0,0.0
38.232556742411674,100000000.0,646.1629562907337,646.1629562907336,212.92137885657465,0.0,0.0
38.232556742411674,100000000.0,646.1722366804786,646.1722366804785,212.93065924631938,0.0,0.0
38.232556742411674,100000000.0,646.4111032549944,646.4111032549944,213.16952582083528,0.0,0.0
38.232556742411674,100000000.0,646.5428083208451,646.5428083208451,213.30123088668597,0.0,0.0
38.232556742411674,100000000.0,646.7451993478861,646.7451993478861,213.50362191372696,0.0,0.0
38.232556742411674,100000000.0,646.9182982175796,646.9182982175796,213.6767207834205,0.0,0.0
38.232556742411674,100000000.0,646.9624420378625,646.9624420378626,213.7208646037035,0.0,0.0
38.232556742411674,100000000.0,646.9840595845831,646.9840595845832,213.742482150424,0.0,0.0
38.232556742411674,100000000.0,647.0495194020667,647.0495194020667,213.8079419679076,0.0,0.0
38.232556742411674,100000000.0,647.0937674766127,647.0937674766126,213.8521900424537,0.0,0.0
38.232556742411674,100000000.0,647.1342152617416,647.1342152617416,213.8926378275826,0.0,0.0
38.232556742411674,100000000.0,647.1725765009373,647.1725765009373,213.9309990667783,0.0,0.0
38.232556742411674,100000000.0,647.209853657151,647.2098536571508,213.96827622299188,0.0,0.0
38.232556742411674,100000000.0,647.23557829831,647.2355782983102,213.994000864151,0.0,0.0
38.232556742411674,100000000.0,647.314869525229,647.3148695252293,214.0732920910701,0.0,0.0
38.232556742411674,100000000.0,647.9978580119083,647.9978580119083,214.75628057774927,0.0,0.0
38.232556742411674,100000000.0,648.2035384467215,648.2035384467216,214.96196101256243,0.0,0.0
38.232556742411674,100000000.0,648.2298641254757,648.2298641254757,214.9882866913167,0.0,0.0
38.232556742411674,100000000.0,648.2557389127145,648.2557389127145,215.01416147855545,0.0,0.0
38.232556742411674,100000000.0,648.6678541837045,648.6678541837047,215.4262767495455,0.0,0.0
38.232556742411674,100000000.0,648.6812147373927,648.6812147373927,215.43963730323358,0.0,0.0
38.232556742411674,100000000.0,648.8746944301109,648.8746944301109,215.6331169959519,0.0,0.0
38.232556742411674,100000000.0,648.891151110237,648.8911511102372,215.64957367607803,0.0,0.0
38.232556742411674,100000000.0,649.0523559403856,649.0523559403857,215.81077850622674,0.0,0.0
38.232556742411674,100000000.0,649.205164135901,649.205164135901,215.96358670174186,0.0,0.0
38.232556742411674,100000000.0,649.3564880053564,649.3564880053565,216.1149105711974,0.0,0.0
38.232556742411674,100000000.0,649.6183104120479,649.6183104120478,216.37673297788876,0.0,0.0
38.232556742411674,100000000.0,649.6487291453533,649.6487291453533,216.4071517111942,0.0,0.0
38.232556742411674,100000000.0,649.7877488400674,649.7877488400673,216.5461714059082,0.0,0.0
38.232556742411674,100000000.0,649.8188919807892,649.8188919807893,216.57731454663016,0.0,0.0
38.232556742411674,100000000.0,649.9224351225519,649.9224351225519,216.6808576883928,0.0,0.0
38.232556742411674,100000000.0,649.9486537830671,649.9486537830672,216.7070763489083,0.0,0.0
38.232556742411674,100000000.0,649.9514763372089,649.9514763372088,216.70989890304978,0.0,0.0
38.232556742411674,100000000.0,650.2747173197108,650.2747173197108,217.03313988555195,0.0,0.0
38.232556742411674,100000000.0,650.3678272423825,650.3678272423828,217.12624980822355,0.0,0.0
38.232556742411674,100000000.0,650.4422750248402,650.4422750248401,217.2006975906811,0.0,0.0
38.232556742411674,100000000.0,650.5046414856108,650.5046414856109,217.26306405145183,0.0,0.0
38.232556742411674,100000000.0,650.9044425538643,650.9044425538641,217.66286511970526,0.0,0.0
38.232556742411674,100000000.0,650.9597048825766,650.9597048825766,217.71812744841753,0.0,0.0
38.232556742411674,100000000.0,651.0668837658961,651.0668837658963,217.82530633173698,0.0,0.0
38.232556742411674,100000000.0,651.3613915555317,651.3613915555318,218.11981412137283,0.0,0.0
38.232556742411674,100000000.0,651.4209103073777,651.4209103073774,218.17933287321844,0.0,0.0
38.232556742411674,100000000.0,651.4329554455921,651.4329554455921,218.1913780114331,0.0,0.0
38.232556742411674,100000000.0,651.5037680774227,651.5037680774227,218.26219064326372,0.0,0.0
38.232556742411674,100000000.0,651.5486074811049,651.548607481105,218.30703004694593,0.0,0.0
38.232556742411674,100000000.0,651.5773030300497,651.5773030300497,218.3357255958906,0.0,0.0
38.232556742411674,100000000.0,651.8000706008747,651.8000706008746,218.5584931667157,0.0,0.0
38.232556742411674,100000000.0,651.8625498075655,651.8625498075655,218.62097237340646,0.0,0.0
38.232556742411674,100000000.0,651.8959385586893,651.8959385586891,218.6543611245301,0.0,0.0
38.232556742411674,100000000.0,651.9297911062826,651.9297911062824,218.6882136721234,0.0,0.0
38.232556742411674,100000000.0,652.0902161093219,652.0902161093218,218.8486386751627,0.0,0.0
38.232556742411674,100000000.0,652.1309527626952,652.1309527626951,218.889375328536,0.0,0.0
38.232556742411674,100000000.0,652.1716371617177,652.1716371617177,218.93005972755867,0.0,0.0
38.232556742411674,100000000.0,652.2773283699355,652.2773283699357,219.03575093577663,0.0,0.0
38.232556742411674,100000000.0,652.389570921649,652.389570921649,219.14799348748997,0.0,0.0
38.232556742411674,100000000.0,652.4368200025485,652.4368200025485,219.19524256838952,0.0,0.0
38.232556742411674,100000000.0,652.5684251200787,652.5684251200787,219.32684768591966,0.0,0.0
38.232556742411674,100000000.0,652.7739430265229,652.7739430265229,219.53236559236396,0.0,0.0
38.232556742411674,100000000.0,652.805092051597,652.805092051597,219.5635146174379,0.0,0.0
38.232556742411674,100000000.0,653.7939143885662,653.7939143885665,220.55233695440728,0.0,0.0
38.232556742411674,100000000.0,653.812590794392,653.812590794392,220.57101336023305,0.0,0.0
38.232556742411674,100000000.0,654.0901187953181,654.0901187953183,220.84854136115902,0.0,0.0
38.232556742411674,100000000.0,654.9351498291061,654.935149829106,221.69357239494695,0.0,0.0
38.232556742411674,100000000.0,655.1039809460242,655.1039809460241,221.862403511865,0.0,0.0
38.232556742411674,100000000.0,655.1294788202997,655.1294788202996,221.88790138614064,0.0,0.0
38.232556742411674,100000000.0,655.3745795758098,655.3745795758097,222.13300214165068,0.0,0.0
38.35203348223171,100000000.0,639.4362187790189,639.4362187790189,206.19464134485975,0.0,0.0
38.35203348223171,100000000.0,643.6866075288956,643.6866075288957,210.4450300947365,0.0,0.0
38.35203348223171,100000000.0,644.433091257454,644.433091257454,211.1915138232949,0.0,0.0
38.35203348223171,100000000.0,645.0469072887396,645.0469072887395,211.80532985458055,0.0,0.0
38.35203348223171,100000000.0,645.8080798214417,645.8080798214417,212.5665023872826,0.0,0.0
38.35203348223171,100000000.0,647.140057194699,647.1400571946989,213.89847976053971,0.0,0.0
38.35203348223171,100000000.0,647.5344526472204,647.5344526472201,214.29287521306122,0.0,0.0
38.35203348223171,100000000.0,648.5965875832527,648.5965875832528,215.35501014909386,0.0,0.0
38.35203348223171,100000000.0,649.1520293434365,649.1520293434365,215.91045190927753,0.0,0.0
38.35203348223171,100000000.0,649.2896401054179,649.2896401054179,216.04806267125872,0.0,0.0
38.35203348223171,100000000.0,650.7699950869828,650.7699950869829,217.52841765282386,0.0,0.0
38.35203348223171,100000000.0,650.9548616906777,650.9548616906778,217.71328425651862,0.0,0.0
38.35203348223171,100000000.0,651.0069656486946,651.0069656486945,217.7653882145354,0.0,0.0
38.35203348223171,100000000.0,651.2420723999944,651.2420723999943,218.00049496583526,0.0,0.0
38.35203348223171,100000000.0,651.3420110453385,651.3420110453386,218.1004336111794,0.0,0.0
38.35203348223171,100000000.0,651.3799607538668,651.3799607538668,218.1383833197078,0.0,0.0
38.35203348223171,100000000.0,651.5490427357463,651.5490427357463,218.3074653015872,0.0,0.0
38.35203348223171,100000000.0,651.5505248665959,651.550524866596,218.30894743243692,0.0,0.0
38.35203348223171,100000000.0,651.5759768588839,651.5759768588839,218.3343994247248,0.0,0.0
38.35203348223171,100000000.0,651.6014909539091,651.6014909539092,218.3599135197501,0.0,0.0
38.35203348223171,100000000.0,652.3694479096137,652.3694479096137,219.12787047545464,0.0,0.0
38.35203348223171,100000000.0,652.5538971942459,652.553897194246,219.31231976008692,0.0,0.0
38.35203348223171,100000000.0,652.5698005669976,652.5698005669977,219.3282231328386,0.0,0.0
38.35203348223171,100000000.0,652.5969372017433,652.5969372017433,219.35535976758433,0.0,0.0
38.35203348223171,100000000.0,652.6725689534893,652.6725689534893,219.4309915193303,0.0,0.0
38.35203348223171,100000000.0,653.0302780378566,653.0302780378565,219.78870060369758,0.0,0.0
38.35203348223171,100000000.0,653.0690749609075,653.0690749609078,219.82749752674866,0.0,0.0
38.35203348223171,100000000.0,653.2056455800903,653.2056455800904,219.96406814593124,0.0,0.0
38.35203348223171,100000000.0,653.2985912110748,653.298591211075,220.0570137769158,0.0,0.0
38.35203348223171,100000000.0,653.3369197933074,653.3369197933075,220.09534235914836,0.0,0.0
38.35203348223171,100000000.0,653.3467769866727,653.3467769866728,220.1051995525135,0.0,0.0
38.35203348223171,100000000.0,653.3569678702371,653.356967870237,220.115390436078,0.0,0.0
38.35203348223171,100000000.0,653.3626658451817,653.3626658451816,220.12108841102258,0.0,0.0
38.35203348223171,100000000.0,653.4281069833336,653.4281069833336,220.1865295491745,0.0,0.0
38.35203348223171,100000000.0,653.8372326475337,653.8372326475337,220.5956552133746,0.0,0.0
38.35203348223171,100000000.0,653.9559732754933,653.9559732754932,220.71439584133418,0.0,0.0
38.35203348223171,100000000.0,654.1508703329116,654.1508703329117,220.90929289875265,0.0,0.0
38.35203348223171,100000000.0,654.2272557636398,654.2272557636397,220.98567832948083,0.0,0.0
38.35203348223171,100000000.0,654.527373229951,654.5273732299511,221.28579579579198,0.0,0.0
38.35203348223171,100000000.0,-1.0,577.8847805536286,184.66904100322787,1.0,1.0
38.35203348223171,100000000.0,654.6022577566745,654.6022577566748,221.36068032251558,0.0,0.0
38.35203348223171,100000000.0,654.6222892099515,654.6222892099516,221.38071177579258,0.0,0.0
38.35203348223171,100000000.0,654.6342117809792,654.6342117809792,221.3926343468201,0.0,0.0
38.35203348223171,100000000.0,654.8094175050875,654.8094175050876,221.56784007092847,0.0,0.0
38.35203348223171,100000000.0,655.099213691582,655.099213691582,221.85763625742305,0.0,0.0
38.35203348223171,100000000.0,655.185552842818,655.185552842818,221.943975408659,0.0,0.0
38.35203348223171,100000000.0,655.2927850830253,655.2927850830253,222.0512076488663,0.0,0.0
38.35203348223171,100000000.0,655.2983701379673,655.2983701379674,222.05679270380833,0.0,0.0
38.35203348223171,100000000.0,655.3124508169958,655.3124508169959,222.0708733828368,0.0,0.0
38.35203348223171,100000000.0,655.3573384763232,655.3573384763232,222.115761042164,0.0,0.0
38.35203348223171,100000000.0,655.4567467367096,655.4567467367098,222.21516930255063,0.0,0.0
38.35203348223171,100000000.0,655.9828087128581,655.9828087128581,222.74123127869888,0.0,0.0
38.35203348223171,100000000.0,656.0113371763161,656.0113371763164,222.76975974215728,0.0,0.0
38.35203348223171,100000000.0,656.0958999450021,656.0958999450021,222.85432251084296,0.0,0.0
38.35203348223171,100000000.0,656.3061244538878,656.3061244538881,223.06454701972885,0.0,0.0
38.35203348223171,100000000.0,656.3600889726333,656.3600889726333,223.1185115384743,0.0,0.0
38.35203348223171,100000000.0,656.468159262403,656.4681592624031,223.22658182824406,0.0,0.0
38.35203348223171,100000000.0,656.5390803116222,656.5390803116225,223.2975028774633,0.0,0.0
38.35203348223171,100000000.0,656.5396398812181,656.5396398812181,223.2980624470592,0.0,0.0
38.35203348223171,100000000.0,656.5795260674641,656.5795260674643,223.3379486333051,0.0,0.0
38.35203348223171,100000000.0,656.7534674394484,656.7534674394483,223.51189000528922,0.0,0.0
38.35203348223171,100000000.0,656.8893664539154,656.8893664539155,223.64778901975643,0.0,0.0
38.35203348223171,100000000.0,656.9494957168095,656.9494957168096,223.70791828265052,0.0,0.0
38.35203348223171,100000000.0,656.959878373762,656.9598783737621,223.7183009396028,0.0,0.0
38.35203348223171,100000000.0,657.0184470823822,657.018447082382,223.77686964822314,0.0,0.0
38.35203348223171,100000000.0,657.0736308818965,657.0736308818965,223.83205344773748,0.0,0.0
38.35203348223171,100000000.0,657.2339331935772,657.2339331935773,223.9923557594184,0.0,0.0
38.35203348223171,100000000.0,657.3028860987492,657.3028860987494,224.06130866459029,0.0,0.0
38.35203348223171,100000000.0,657.5095976231698,657.5095976231697,224.26802018901063,0.0,0.0
38.35203348223171,100000000.0,657.557492902228,657.5574929022278,224.3159154680689,0.0,0.0
38.35203348223171,100000000.0,657.8570595148568,657.8570595148567,224.61548208069775,0.0,0.0
38.35203348223171,100000000.0,658.2935813299673,658.2935813299674,225.0520038958084,0.0,0.0
38.35203348223171,100000000.0,658.3159994113272,658.3159994113272,225.07442197716816,0.0,0.0
38.35203348223171,100000000.0,-1.0,581.7261858802214,190.29487845993404,1.0,1.0
38.35203348223171,100000000.0,658.4500823403303,658.4500823403303,225.20850490617124,0.0,0.0
38.35203348223171,100000000.0,658.5420287272547,658.5420287272545,225.3004512930956,0.0,0.0
38.35203348223171,100000000.0,658.5768635044471,658.5768635044471,225.33528607028808,0.0,0.0
38.35203348223171,100000000.0,658.6068585662628,658.6068585662626,225.3652811321037,0.0,0.0
38.35203348223171,100000000.0,658.6861086803681,658.6861086803681,225.44453124620912,0.0,0.0
38.35203348223171,100000000.0,658.8161855393068,658.8161855393068,225.57460810514783,0.0,0.0
38.35203348223171,100000000.0,658.8461816256882,658.8461816256881,225.60460419152906,0.0,0.0
38.35203348223171,100000000.0,658.8693159147468,658.8693159147471,225.62773848058788,0.0,0.0
38.35203348223171,100000000.0,659.045208788397,659.045208788397,225.80363135423795,0.0,0.0
38.35203348223171,100000000.0,659.270779673283,659.270779673283,226.02920223912383,0.0,0.0
38.35203348223171,100000000.0,-1.0,582.8597493653718,193.853662647054,1.0,1.0
38.35203348223171,100000000.0,659.7189682505307,659.7189682505306,226.4773908163717,0.0,0.0
38.35203348223171,100000000.0,659.7258623875008,659.7258623875009,226.48428495334187,0.0,0.0
38.35203348223171,100000000.0,659.7828576268055,659.7828576268056,226.5412801926464,0.0,0.0
38.35203348223171,100000000.0,659.8530298283248,659.8530298283247,226.61145239416558,0.0,0.0
38.35203348223171,100000000.0,659.8692641003589,659.8692641003591,226.6276866662,0.0,0.0
38.35203348223171,100000000.0,660.1272202497948,660.1272202497946,226.88564281563586,0.0,0.0
38.35203348223171,100000000.0,660.2012436755318,660.2012436755322,226.95966624137296,0.0,0.0
38.35203348223171,100000000.0,660.3327973793935,660.3327973793932,227.09121994523431,0.0,0.0
38.35203348223171,100000000.0,660.5551258881115,660.5551258881115,227.31354845395256,0.0,0.0
38.35203348223171,100000000.0,660.8455533742581,660.8455533742581,227.60397594009902,0.0,0.0
38.35203348223171,100000000.0,661.1210378125038,661.1210378125039,227.87946037834473,0.0,0.0
38.35203348223171,100000000.0,661.3532831535051,661.353283153505,228.11170571934596,0.0,0.0
38.35203348223171,100000000.0,661.5923950352533,661.5923950352535,228.35081760109443,0.0,0.0
38.35203348223171,100000000.0,661.6729890404453,661.6729890404451,228.4314116062861,0.0,0.0
38.35203348223171,100000000.0,661.7644106936788,661.7644106936788,228.52283325951973,0.0,0.0
38.35203348223171,100000000.0,662.0738171338674,662.0738171338675,228.8322396997084,0.0,0.0
38.35203348223171,100000000.0,662.2631680972039,662.2631680972039,229.02159066304486,0.0,0.0
38.35203348223171,100000000.0,662.5658418998689,662.5658418998688,229.32426446570966,0.0,0.0
38.35203348223171,100000000.0,662.7444367047817,662.7444367047818,229.50285927062276,0.0,0.0
38.35203348223171,100000000.0,664.2317652210739,664.2317652210737,230.99018778691476,0.0,0.0
38.35203348223171,100000000.0,664.2386171543137,664.2386171543135,230.9970397201545,0.0,0.0
38.35203348223171,100000000.0,664.2971027744092,664.297102774409,231.05552534025009,0.0,0.0
38.35203348223171,100000000.0,664.320009494357,664.320009494357,231.078432060198,0.0,0.0
38.35203348223171,100000000.0,664.3584275009803,664.3584275009802,231.11685006682114,0.0,0.0
38.35203348223171,100000000.0,665.132076981133,665.1320769811329,231.89049954697384,0.0,0.0
38.35203348223171,100000000.0,666.3864736473283,666.3864736473281,233.14489621316926,0.0,0.0
38.35203348223171,100000000.0,-1.0,590.9341988723572,197.7740168366178,1.0,1.0
38.35203348223171,100000000.0,667.8786914803421,667.8786914803422,234.63711404618303,0.0,0.0
38.35203348223171,100000000.0,667.9420494137021,667.942049413702,234.70047197954304,0.0,0.0
38.35203348223171,100000000.0,668.4419999473622,668.4419999473622,235.2004225132031,0.0,0.0
38.35203348223171,100000000.0,668.7106594854292,668.7106594854292,235.4690820512702,0.0,0.0
38.35203348223171,100000000.0,669.1447636792567,669.1447636792567,235.90318624509757,0.0,0.0
38.35203348223171,100000000.0,669.5728102231127,669.5728102231128,236.3312327889537,0.0,0.0
38.35203348223171,100000000.0,670.1840179593482,670.1840179593482,236.9424405251891,0.0,0.0
38.35203348223171,100000000.0,670.47344695785,670.47344695785,237.23186952369093,0.0,0.0
38.35203348223171,100000000.0,671.039150681187,671.039150681187,237.79757324702803,0.0,0.0
38.35203348223171,100000000.0,671.966250457807,671.966250457807,238.724673023648,0.0,0.0
38.35203348223171,100000000.0,673.2543314641879,673.254331464188,240.01275403002896,0.0,0.0
38.35203348223171,100000000.0,673.4467586042084,673.4467586042085,240.20518117004946,0.0,0.0
38.35203348223171,100000000.0,673.7967313468074,673.7967313468075,240.55515391264845,0.0,0.0
38.35203348223171,100000000.0,673.8363031331041,673.8363031331041,240.5947256989452,0.0,0.0
38.35203348223171,100000000.0,675.0657089228881,675.0657089228878,241.82413148872914,0.0,0.0
38.35203348223171,100000000.0,676.8855049555359,676.885504955536,243.643927521377,0.0,0.0
38.47151022205175,100000000.0,634.7762239068595,634.7762239068596,201.53464647270053,0.0,0.0
38.47151022205175,100000000.0,635.418555858905,635.418555858905,202.17697842474607,0.0,0.0
38.47151022205175,100000000.0,635.6042613019906,635.6042613019906,202.36268386783158,0.0,0.0
38.47151022205175,100000000.0,637.0155589385434,637.0155589385436,203.7739815043844,0.0,0.0
38.47151022205175,100000000.0,638.9615498281303,638.9615498281302,205.71997239397132,0.0,0.0
38.47151022205175,100000000.0,639.030942124626,639.0309421246259,205.78936469046684,0.0,0.0
38.47151022205175,100000000.0,639.0690791588607,639.0690791588609,205.82750172470165,0.0,0.0
38.47151022205175,100000000.0,640.3595433125998,640.3595433126,207.11796587844083,0.0,0.0
38.47151022205175,100000000.0,640.6063637588394,640.6063637588395,207.3647863246804,0.0,0.0
38.47151022205175,100000000.0,642.1077478361686,642.1077478361689,208.8661704020098,0.0,0.0
38.47151022205175,100000000.0,642.1314016095707,642.1314016095706,208.8898241754115,0.0,0.0
38.47151022205175,100000000.0,642.4975147569249,642.497514756925,209.2559373227659,0.0,0.0
38.47151022205175,100000000.0,642.820278681119,642.8202786811191,209.57870124696007,0.0,0.0
38.47151022205175,100000000.0,643.0237521571635,643.0237521571637,209.78217472300452,0.0,0.0
38.47151022205175,100000000.0,643.2814774604057,643.2814774604058,210.0399000262466,0.0,0.0
38.47151022205175,100000000.0,643.3996359399423,643.3996359399421,210.15805850578312,0.0,0.0
38.47151022205175,100000000.0,643.8120491038134,643.8120491038136,210.57047166965447,0.0,0.0
38.47151022205175,100000000.0,644.6331512125795,644.6331512125795,211.39157377842056,0.0,0.0
38.47151022205175,100000000.0,645.4092011308488,645.4092011308488,212.16762369668967,0.0,0.0
38.47151022205175,100000000.0,645.5958626286384,645.5958626286384,212.35428519447933,0.0,0.0
38.47151022205175,100000000.0,645.6331890262128,645.6331890262129,212.3916115920537,0.0,0.0
38.47151022205175,100000000.0,645.8891572596781,645.8891572596781,212.647579825519,0.0,0.0
38.47151022205175,100000000.0,645.9429705289633,645.9429705289633,212.70139309480427,0.0,0.0
38.47151022205175,100000000.0,646.0328623522213,646.0328623522213,212.7912849180623,0.0,0.0
38.47151022205175,100000000.0,646.2535636569227,646.2535636569226,213.0119862227636,0.0,0.0
38.47151022205175,100000000.0,646.7594447071158,646.7594447071159,213.51786727295672,0.0,0.0
38.47151022205175,100000000.0,647.4077411014148,647.4077411014147,214.1661636672557,0.0,0.0
38.47151022205175,100000000.0,647.463647282956,647.463647282956,214.222069848797,0.0,0.0
38.47151022205175,100000000.0,-1.0,570.6716334446556,186.77713427294552,1.0,1.0
38.47151022205175,100000000.0,647.89871965633,647.89871965633,214.65714222217082,0.0,0.0
38.47151022205175,100000000.0,648.0166040559092,648.0166040559092,214.77502662175021,0.0,0.0
38.47151022205175,100000000.0,648.2935128886251,648.2935128886252,215.05193545446613,0.0,0.0
38.47151022205175,100000000.0,648.5246994107583,648.5246994107584,215.28312197659932,0.0,0.0
38.47151022205175,100000000.0,648.6288177837943,648.6288177837943,215.38724034963522,0.0,0.0
38.47151022205175,100000000.0,648.6907873340476,648.6907873340476,215.44920989988856,0.0,0.0
38.47151022205175,100000000.0,649.0429042202873,649.0429042202874,215.80132678612836,0.0,0.0
38.47151022205175,100000000.0,649.1203493022616,649.1203493022615,215.87877186810258,0.0,0.0
38.47151022205175,100000000.0,649.3644629024741,649.3644629024737,216.12288546831482,0.0,0.0
38.47151022205175,100000000.0,649.6437572481988,649.6437572481989,216.40217981403978,0.0,0.0
38.47151022205175,100000000.0,-1.0,572.7062666972503,182.7671463824597,1.0,1.0
38.47151022205175,100000000.0,649.816860482148,649.816860482148,216.57528304798902,0.0,0.0
38.47151022205175,100000000.0,649.887992697145,649.8879926971449,216.64641526298584,0.0,0.0
38.47151022205175,100000000.0,650.1134558152279,650.1134558152279,216.87187838106888,0.0,0.0
38.47151022205175,100000000.0,650.1333144734906,650.1333144734907,216.89173703933164,0.0,0.0
38.47151022205175,100000000.0,650.6623760726737,650.6623760726737,217.4207986385147,0.0,0.0
38.47151022205175,100000000.0,650.6980056013612,650.6980056013612,217.45642816720218,0.0,0.0
38.47151022205175,100000000.0,650.8553211535123,650.8553211535123,217.61374371935315,0.0,0.0
38.47151022205175,100000000.0,651.0255215965469,651.0255215965469,217.78394416238794,0.0,0.0
38.47151022205175,100000000.0,651.2579304205038,651.257930420504,218.01635298634483,0.0,0.0
38.47151022205175,100000000.0,651.52566361736,651.52566361736,218.2840861832009,0.0,0.0
38.47151022205175,100000000.0,651.6683686700222,651.6683686700221,218.42679123586313,0.0,0.0
38.47151022205175,100000000.0,651.7905627264023,651.7905627264022,218.54898529224326,0.0,0.0
38.47151022205175,100000000.0,651.8045261766657,651.8045261766658,218.56294874250665,0.0,0.0
38.47151022205175,100000000.0,651.9480749528643,651.9480749528644,218.7064975187053,0.0,0.0
38.47151022205175,100000000.0,652.1021466877544,652.1021466877542,218.86056925359514,0.0,0.0
38.47151022205175,100000000.0,652.4183165613401,652.4183165613401,219.176739127181,0.0,0.0
38.47151022205175,100000000.0,652.4750368051472,652.4750368051472,219.23345937098804,0.0,0.0
38.47151022205175,100000000.0,653.4940374386056,653.4940374386055,220.2524600044463,0.0,0.0
38.47151022205175,100000000.0,653.6183012084332,653.6183012084332,220.37672377427418,0.0,0.0
38.47151022205175,100000000.0,653.6633519287064,653.6633519287063,220.4217744945473,0.0,0.0
38.47151022205175,100000000.0,653.757386010205,653.757386010205,220.51580857604586,0.0,0.0
38.47151022205175,100000000.0,-1.0,576.8616559872235,186.36847053081715,1.0,1.0
38.47151022205175,100000000.0,654.0257922382601,654.0257922382602,220.7842148041011,0.0,0.0
38.47151022205175,100000000.0,654.187911837714,654.187911837714,220.94633440355494,0.0,0.0
38.47151022205175,100000000.0,655.0067729968802,655.0067729968802,221.76519556272103,0.0,0.0
38.47151022205175,100000000.0,655.2762358566583,655.2762358566582,222.03465842249912,0.0,0.0
38.47151022205175,100000000.0,655.3434386217938,655.3434386217937,222.10186118763463,0.0,0.0
38.47151022205175,100000000.0,655.4967547700079,655.496754770008,222.25517733584877,0.0,0.0
38.47151022205175,100000000.0,655.9648404806607,655.9648404806607,222.72326304650156,0.0,0.0
38.47151022205175,100000000.0,655.993851617477,655.993851617477,222.75227418331795,0.0,0.0
38.47151022205175,100000000.0,656.292300081497,656.292300081497,223.050722647338,0.0,0.0
38.47151022205175,100000000.0,656.3154148398867,656.3154148398866,223.0738374057276,0.0,0.0
38.47151022205175,100000000.0,656.6412245975297,656.6412245975298,223.39964716337076,0.0,0.0
38.47151022205175,100000000.0,656.9042362564929,656.9042362564927,223.66265882233392,0.0,0.0
38.47151022205175,100000000.0,657.0479486561456,657.0479486561458,223.80637122198675,0.0,0.0
38.47151022205175,100000000.0,657.0623875169623,657.0623875169624,223.82081008280335,0.0,0.0
38.47151022205175,100000000.0,657.1233296560545,657.1233296560544,223.88175222189537,0.0,0.0
38.47151022205175,100000000.0,657.230685770959,657.2306857709589,223.9891083367998,0.0,0.0
38.47151022205175,100000000.0,657.2670215549806,657.2670215549808,224.02544412082162,0.0,0.0
38.47151022205175,100000000.0,657.5913168943075,657.5913168943076,224.34973946014853,0.0,0.0
38.47151022205175,100000000.0,657.6535168399955,657.6535168399954,224.41193940583648,0.0,0.0
38.47151022205175,100000000.0,657.6691843568096,657.6691843568096,224.42760692265057,0.0,0.0
38.47151022205175,100000000.0,657.739617974247,657.7396179742472,224.498040540088,0.0,0.0
38.47151022205175,100000000.0,657.756066096956,657.7560660969561,224.51448866279682,0.0,0.0
38.47151022205175,100000000.0,657.8677618715694,657.8677618715695,224.62618443741044,0.0,0.0
38.47151022205175,100000000.0,657.8800873714897,657.8800873714897,224.63850993733075,0.0,0.0
38.47151022205175,100000000.0,658.3158645527119,658.315864552712,225.07428711855292,0.0,0.0
38.47151022205175,100000000.0,658.5059211357818,658.5059211357818,225.26434370162258,0.0,0.0
38.47151022205175,100000000.0,658.6249689816811,658.624968981681,225.38339154752202,0.0,0.0
38.47151022205175,100000000.0,658.7089021956374,658.7089021956374,225.46732476147832,0.0,0.0
38.47151022205175,100000000.0,658.8021936063208,658.8021936063207,225.5606161721617,0.0,0.0
38.47151022205175,100000000.0,658.9112178316708,658.9112178316709,225.66964039751184,0.0,0.0
38.47151022205175,100000000.0,659.359820561183,659.359820561183,226.118243127024,0.0,0.0
38.47151022205175,100000000.0,659.4625550120536,659.4625550120536,226.22097757789473,0.0,0.0
38.47151022205175,100000000.0,659.4857066601585,659.4857066601584,226.24412922599933,0.0,0.0
38.47151022205175,100000000.0,659.8438685413406,659.8438685413406,226.60229110718157,0.0,0.0
38.47151022205175,100000000.0,659.8700013366829,659.8700013366829,226.6284239025239,0.0,0.0
38.47151022205175,100000000.0,660.1560935530097,660.1560935530097,226.91451611885054,0.0,0.0
38.47151022205175,100000000.0,660.2154603285562,660.2154603285561,226.97388289439712,0.0,0.0
38.47151022205175,100000000.0,660.2744079095271,660.2744079095272,227.03283047536817,0.0,0.0
38.47151022205175,100000000.0,660.4330604888382,660.4330604888382,227.1914830546792,0.0,0.0
38.47151022205175,100000000.0,660.6759528842927,660.6759528842927,227.4343754501337,0.0,0.0
38.47151022205175,100000000.0,660.8192100674814,660.8192100674817,227.57763263332257,0.0,0.0
38.47151022205175,100000000.0,661.7431684246694,661.7431684246695,228.50159099051044,0.0,0.0
38.47151022205175,100000000.0,661.853985924391,661.8539859243908,228.61240849023187,0.0,0.0
38.47151022205175,100000000.0,661.8977737048091,661.8977737048091,228.65619627064999,0.0,0.0
38.47151022205175,100000000.0,662.0279875426521,662.0279875426519,228.78641010849293,0.0,0.0
38.47151022205175,100000000.0,662.0615735696196,662.0615735696197,228.81999613546057,0.0,0.0
38.47151022205175,100000000.0,662.1887985820542,662.1887985820543,228.94722114789528,0.0,0.0
38.47151022205175,100000000.0,662.3096952732811,662.3096952732811,229.06811783912212,0.0,0.0
38.47151022205175,100000000.0,662.3991726621923,662.3991726621921,229.15759522803313,0.0,0.0
38.47151022205175,100000000.0,662.4679492878149,662.4679492878149,229.22637185365588,0.0,0.0
38.47151022205175,100000000.0,662.5451095722577,662.5451095722576,229.30353213809857,0.0,0.0
38.47151022205175,100000000.0,662.7668484785914,662.7668484785914,229.52527104443237,0.0,0.0
38.47151022205175,100000000.0,663.2724761024482,663.2724761024482,230.03089866828924,0.0,0.0
38.47151022205175,100000000.0,663.3715849716941,663.371584971694,230.13000753753508,0.0,0.0
38.47151022205175,100000000.0,663.5004835043989,663.5004835043989,230.2589060702397,0.0,0.0
38.47151022205175,100000000.0,663.8161632254617,663.8161632254618,230.57458579130258,0.0,0.0
38.47151022205175,100000000.0,663.8173801149369,663.8173801149369,230.57580268077783,0.0,0.0
38.47151022205175,100000000.0,663.8683982834117,663.8683982834115,230.62682084925245,0.0,0.0
38.47151022205175,100000000.0,664.4974796143974,664.4974796143974,231.25590218023845,0.0,0.0
38.47151022205175,100000000.0,665.1570496739012,665.1570496739012,231.91547223974212,0.0,0.0
38.47151022205175,100000000.0,665.171087657001,665.171087657001,231.9295102228419,0.0,0.0
38.47151022205175,100000000.0,666.7509409212437,666.7509409212435,233.5093634870846,0.0,0.0
38.47151022205175,100000000.0,-1.0,590.3995723543435,204.45696389931712,1.0,1.0
38.47151022205175,100000000.0,667.5205942350091,667.5205942350093,234.27901680085017,0.0,0.0
38.47151022205175,100000000.0,668.0631948674502,668.0631948674503,234.82161743329127,0.0,0.0
38.47151022205175,100000000.0,669.2866014340686,669.2866014340685,236.04502399990952,0.0,0.0
38.590986961871785,100000000.0,644.1690415848545,644.1690415848544,210.92746415069539,0.0,0.0
38.590986961871785,100000000.0,644.5825938830591,644.5825938830591,211.34101644890006,0.0,0.0
38.590986961871785,100000000.0,645.5048698399851,645.5048698399851,212.26329240582612,0.0,0.0
38.590986961871785,100000000.0,647.5956908923476,647.5956908923475,214.35411345818846,0.0,0.0
38.590986961871785,100000000.0,647.6200621117504,647.6200621117501,214.37848467759116,0.0,0.0
38.590986961871785,100000000.0,647.6693208067861,647.6693208067858,214.42774337262682,0.0,0.0
38.590986961871785,100000000.0,647.8872954822624,647.8872954822624,214.64571804810333,0.0,0.0
38.590986961871785,100000000.0,648.0300242424546,648.0300242424545,214.78844680829553,0.0,0.0
38.590986961871785,100000000.0,648.2029062857436,648.2029062857438,214.96132885158465,0.0,0.0
38.590986961871785,100000000.0,649.5101093629553,649.5101093629554,216.2685319287963,0.0,0.0
38.590986961871785,100000000.0,650.2790262658677,650.2790262658675,217.0374488317086,0.0,0.0
38.590986961871785,100000000.0,651.9881685623384,651.9881685623383,218.74659112817923,0.0,0.0
38.590986961871785,100000000.0,652.3266848893485,652.3266848893485,219.08510745518956,0.0,0.0
38.590986961871785,100000000.0,652.5160223475707,652.5160223475708,219.27444491341151,0.0,0.0
38.590986961871785,100000000.0,652.6606232672866,652.6606232672866,219.41904583312768,0.0,0.0
38.590986961871785,100000000.0,652.6878872735323,652.6878872735323,219.44630983937333,0.0,0.0
38.590986961871785,100000000.0,653.5194962872131,653.5194962872131,220.27791885305402,0.0,0.0
38.590986961871785,100000000.0,653.5610386694385,653.5610386694386,220.3194612352795,0.0,0.0
38.590986961871785,100000000.0,653.7041731994469,653.704173199447,220.46259576528792,0.0,0.0
38.590986961871785,100000000.0,653.9128494523583,653.9128494523582,220.6712720181992,0.0,0.0
38.590986961871785,100000000.0,654.3053173329417,654.3053173329417,221.06373989878273,0.0,0.0
38.590986961871785,100000000.0,654.3274989182979,654.327498918298,221.08592148413905,0.0,0.0
38.590986961871785,100000000.0,654.4098437623201,654.4098437623203,221.16826632816108,0.0,0.0
38.590986961871785,100000000.0,654.5314523638106,654.5314523638103,221.28987492965138,0.0,0.0
38.590986961871785,100000000.0,654.5714682036082,654.5714682036081,221.32989076944907,0.0,0.0
38.590986961871785,100000000.0,654.6386289758882,654.6386289758882,221.39705154172918,0.0,0.0
38.590986961871785,100000000.0,654.6679327134187,654.6679327134187,221.4263552792598,0.0,0.0
38.590986961871785,100000000.0,654.7534875789429,654.7534875789428,221.51191014478377,0.0,0.0
38.590986961871785,100000000.0,655.8091152338573,655.8091152338576,222.5675377996984,0.0,0.0
38.590986961871785,100000000.0,655.8819648469259,655.8819648469257,222.64038741276684,0.0,0.0
38.590986961871785,100000000.0,655.8847915040785,655.8847915040786,222.64321406991957,0.0,0.0
38.590986961871785,100000000.0,656.4746191060065,656.4746191060063,223.23304167184733,0.0,0.0
38.590986961871785,100000000.0,656.5802292623707,656.5802292623706,223.3386518282116,0.0,0.0
38.590986961871785,100000000.0,656.6206269608134,656.6206269608134,223.37904952665426,0.0,0.0
38.590986961871785,100000000.0,656.6565804262883,656.6565804262883,223.41500299212936,0.0,0.0
38.590986961871785,100000000.0,656.9901718526085,656.9901718526086,223.74859441844944,0.0,0.0
38.590986961871785,100000000.0,657.3280349692919,657.3280349692918,224.08645753513275,0.0,0.0
38.590986961871785,100000000.0,657.3543377067044,657.3543377067043,224.11276027254524,0.0,0.0
38.590986961871785,100000000.0,657.4557408959798,657.45574089598,224.21416346182082,0.0,0.0
38.590986961871785,100000000.0,657.6276531363288,657.6276531363287,224.38607570216976,0.0,0.0
38.590986961871785,100000000.0,657.777435848225,657.7774358482251,224.53585841406596,0.0,0.0
38.590986961871785,100000000.0,657.9407019494357,657.940701949436,224.69912451527682,0.0,0.0
38.590986961871785,100000000.0,657.9889469538606,657.9889469538606,224.74736951970155,0.0,0.0
38.590986961871785,100000000.0,658.0363357095416,658.0363357095416,224.7947582753827,0.0,0.0
38.590986961871785,100000000.0,658.2132599548873,658.2132599548875,224.97168252072842,0.0,0.0
38.590986961871785,100000000.0,658.4980012778962,658.4980012778959,225.25642384373685,0.0,0.0
38.590986961871785,100000000.0,-1.0,581.4224478412003,193.53493308363105,1.0,1.0
38.590986961871785,100000000.0,659.0117244804046,659.0117244804046,225.7701470462455,0.0,0.0
38.590986961871785,100000000.0,659.324885290036,659.3248852900359,226.08330785587697,0.0,0.0
38.590986961871785,100000000.0,659.4513842808228,659.451384280823,226.20980684666378,0.0,0.0
38.590986961871785,100000000.0,659.5034502837826,659.5034502837824,226.2618728496236,0.0,0.0
38.590986961871785,100000000.0,659.6336746802311,659.6336746802309,226.39209724607196,0.0,0.0
38.590986961871785,100000000.0,659.8257819248339,659.8257819248339,226.58420449067498,0.0,0.0
38.590986961871785,100000000.0,659.9313219698654,659.9313219698653,226.6897445357062,0.0,0.0
38.590986961871785,100000000.0,660.4484963525749,660.448496352575,227.20691891841588,0.0,0.0
38.590986961871785,100000000.0,660.4584959175503,660.4584959175502,227.21691848339123,0.0,0.0
38.590986961871785,100000000.0,660.7398691836489,660.739869183649,227.49829174948985,0.0,0.0
38.590986961871785,100000000.0,-1.0,583.869433987262,200.17197031481493,1.0,1.0
38.590986961871785,100000000.0,661.2090234894,661.2090234894,227.96744605524103,0.0,0.0
38.590986961871785,100000000.0,661.5551902123883,661.5551902123884,228.3136127782293,0.0,0.0
38.590986961871785,100000000.0,661.6258041938171,661.6258041938171,228.38422675965802,0.0,0.0
38.590986961871785,100000000.0,661.8668171721229,661.866817172123,228.6252397379639,0.0,0.0
38.590986961871785,100000000.0,661.9734922822715,661.9734922822716,228.73191484811247,0.0,0.0
38.590986961871785,100000000.0,662.154210187831,662.154210187831,228.91263275367191,0.0,0.0
38.590986961871785,100000000.0,662.3289343792048,662.328934379205,229.0873569450458,0.0,0.0
38.590986961871785,100000000.0,662.5094691713824,662.5094691713823,229.26789173722335,0.0,0.0
38.590986961871785,100000000.0,662.5541721962628,662.5541721962627,229.3125947621037,0.0,0.0
38.590986961871785,100000000.0,662.7491940168672,662.7491940168672,229.50761658270827,0.0,0.0
38.590986961871785,100000000.0,663.0727927338326,663.0727927338327,229.83121529967357,0.0,0.0
38.590986961871785,100000000.0,663.5276817633088,663.5276817633089,230.28610432914985,0.0,0.0
38.590986961871785,100000000.0,664.0098288052072,664.0098288052071,230.76825137104817,0.0,0.0
38.590986961871785,100000000.0,664.202728392482,664.202728392482,230.96115095832295,0.0,0.0
38.590986961871785,100000000.0,664.2128253010953,664.2128253010951,230.97124786693632,0.0,0.0
38.590986961871785,100000000.0,664.2374767908574,664.2374767908575,230.99589935669846,0.0,0.0
38.590986961871785,100000000.0,664.6248222542647,664.6248222542647,231.38324482010577,0.0,0.0
38.590986961871785,100000000.0,664.7637188908911,664.7637188908911,231.52214145673216,0.0,0.0
38.590986961871785,100000000.0,664.8526747790836,664.8526747790835,231.6110973449244,0.0,0.0
38.590986961871785,100000000.0,665.0323231081629,665.0323231081629,231.7907456740039,0.0,0.0
38.590986961871785,100000000.0,665.2582439132779,665.2582439132779,232.0166664791188,0.0,0.0
38.590986961871785,100000000.0,665.4214472325161,665.4214472325159,232.179869798357,0.0,0.0
38.590986961871785,100000000.0,665.6109032091048,665.6109032091047,232.36932577494568,0.0,0.0
38.590986961871785,100000000.0,665.6372415144455,665.6372415144452,232.39566408028625,0.0,0.0
38.590986961871785,100000000.0,666.0470671865926,666.0470671865927,232.80548975243354,0.0,0.0
38.590986961871785,100000000.0,666.2440333444051,666.2440333444052,233.00245591024597,0.0,0.0
38.590986961871785,100000000.0,666.3378746679202,666.3378746679202,233.09629723376122,0.0,0.0
38.590986961871785,100000000.0,666.5993788859868,666.5993788859869,233.35780145182778,0.0,0.0
38.590986961871785,100000000.0,666.6844421460539,666.6844421460542,233.44286471189488,0.0,0.0
38.590986961871785,100000000.0,666.7756610212725,666.7756610212726,233.53408358711363,0.0,0.0
38.590986961871785,100000000.0,666.8252672451073,666.8252672451073,233.5836898109483,0.0,0.0
38.590986961871785,100000000.0,666.8799037571492,666.8799037571492,233.63832632299022,0.0,0.0
38.590986961871785,100000000.0,667.0129179274355,667.0129179274356,233.7713404932765,0.0,0.0
38.590986961871785,100000000.0,667.8180891455922,667.8180891455926,234.57651171143345,0.0,0.0
38.590986961871785,100000000.0,667.863307652389,667.8633076523892,234.62173021823008,0.0,0.0
38.590986961871785,100000000.0,667.9748186605423,667.9748186605423,234.73324122638329,0.0,0.0
38.590986961871785,100000000.0,667.989733206924,667.989733206924,234.748155772765,0.0,0.0
38.590986961871785,100000000.0,668.7351265806078,668.7351265806079,235.49354914644883,0.0,0.0
38.590986961871785,100000000.0,668.985536042497,668.9855360424968,235.74395860833775,0.0,0.0
38.590986961871785,100000000.0,669.0162724281013,669.0162724281013,235.77469499394235,0.0,0.0
38.590986961871785,100000000.0,669.6225132185464,669.6225132185467,236.3809357843875,0.0,0.0
38.590986961871785,100000000.0,669.9242153850752,669.9242153850752,236.68263795091605,0.0,0.0
38.590986961871785,100000000.0,669.9635987185045,669.9635987185045,236.72202128434557,0.0,0.0
38.590986961871785,100000000.0,670.2294506526003,670.2294506526003,236.98787321844125,0.0,0.0
38.590986961871785,100000000.0,670.3167484572689,670.3167484572688,237.0751710231097,0.0,0.0
38.590986961871785,100000000.0,670.6272005678271,670.6272005678271,237.38562313366822,0.0,0.0
38.590986961871785,100000000.0,670.7702845813866,670.7702845813866,237.52870714722752,0.0,0.0
38.590986961871785,100000000.0,671.0717593843546,671.0717593843547,237.83018195019562,0.0,0.0
38.590986961871785,100000000.0,671.4834414498181,671.483441449818,238.24186401565888,0.0,0.0
38.590986961871785,100000000.0,671.8724858708639,671.8724858708637,238.6309084367047,0.0,0.0
38.590986961871785,100000000.0,672.0732905205019,672.073290520502,238.83171308634294,0.0,0.0
38.590986961871785,100000000.0,672.4207953274391,672.4207953274391,239.17921789327997,0.0,0.0
38.590986961871785,100000000.0,673.8335149908456,673.8335149908456,240.59193755668662,0.0,0.0
38.590986961871785,100000000.0,674.0341255713818,674.0341255713817,240.79254813722264,0.0,0.0
38.590986961871785,100000000.0,675.0363318093666,675.0363318093665,241.7947543752076,0.0,0.0
38.590986961871785,100000000.0,675.3661197420366,675.3661197420365,242.1245423078774,0.0,0.0
38.590986961871785,100000000.0,675.7416774810164,675.7416774810163,242.5001000468574,0.0,0.0
38.590986961871785,100000000.0,675.8124108144686,675.8124108144686,242.5708333803095,0.0,0.0
38.590986961871785,100000000.0,677.1681649969928,677.1681649969929,243.9265875628338,0.0,0.0
38.590986961871785,100000000.0,678.7168532338422,678.7168532338424,245.47527579968326,0.0,0.0
38.590986961871785,100000000.0,679.214857131963,679.214857131963,245.97327969780397,0.0,0.0
38.590986961871785,100000000.0,679.7239119103556,679.7239119103557,246.4823344761966,0.0,0.0
38.590986961871785,100000000.0,679.9660806192634,679.9660806192636,246.72450318510448,0.0,0.0
38.590986961871785,100000000.0,680.4325147676748,680.4325147676747,247.1909373335155,0.0,0.0
38.590986961871785,100000000.0,681.2787560418002,681.2787560418001,248.0371786076411,0.0,0.0
38.590986961871785,100000000.0,681.4648216759562,681.4648216759563,248.22324424179715,0.0,0.0
38.590986961871785,100000000.0,681.4814237113635,681.4814237113636,248.23984627720444,0.0,0.0
38.590986961871785,100000000.0,681.7910931867223,681.7910931867223,248.5495157525632,0.0,0.0
38.590986961871785,100000000.0,682.620110502486,682.6201105024863,249.37853306832707,0.0,0.0
38.590986961871785,100000000.0,684.7406336160809,684.7406336160809,251.49905618192207,0.0,0.0
38.71046370169182,100000000.0,638.6157609029949,638.6157609029949,205.3741834688359,0.0,0.0
38.71046370169182,100000000.0,642.293955436884,642.2939554368838,209.0523780027248,0.0,0.0
38.71046370169182,100000000.0,642.5539226852694,642.5539226852695,209.31234525111046,0.0,0.0
38.71046370169182,100000000.0,644.1219531211242,644.1219531211241,210.88037568696515,0.0,0.0
38.71046370169182,100000000.0,644.3145878757679,644.3145878757681,211.07301044160891,0.0,0.0
38.71046370169182,100000000.0,645.1861134312342,645.186113431234,211.94453599707504,0.0,0.0
38.71046370169182,100000000.0,646.3077439724439,646.3077439724436,213.06616653828473,0.0,0.0
38.71046370169182,100000000.0,647.3303194496305,647.3303194496305,214.08874201547138,0.0,0.0
38.71046370169182,100000000.0,647.9630042750275,647.9630042750276,214.72142684086865,0.0,0.0
38.71046370169182,100000000.0,648.1345758283626,648.1345758283627,214.89299839420346,0.0,0.0
38.71046370169182,100000000.0,648.5030535041263,648.5030535041265,215.26147606996733,0.0,0.0
38.71046370169182,100000000.0,648.5830114424966,648.5830114424964,215.34143400833747,0.0,0.0
38.71046370169182,100000000.0,648.9683676385156,648.9683676385155,215.72679020435626,0.0,0.0
38.71046370169182,100000000.0,649.0370326696667,649.0370326696667,215.7954552355077,0.0,0.0
38.71046370169182,100000000.0,649.1450182205748,649.1450182205747,215.90344078641564,0.0,0.0
38.71046370169182,100000000.0,649.5537990941123,649.5537990941124,216.31222165995325,0.0,0.0
38.71046370169182,100000000.0,649.7824689761497,649.78246897615,216.54089154199082,0.0,0.0
38.71046370169182,100000000.0,649.822963154514,649.8229631545141,216.58138572035503,0.0,0.0
38.71046370169182,100000000.0,649.935148057322,649.935148057322,216.69357062316303,0.0,0.0
38.71046370169182,100000000.0,650.2836334195846,650.2836334195845,217.04205598542552,0.0,0.0
38.71046370169182,100000000.0,650.5461076129428,650.5461076129428,217.30453017878372,0.0,0.0
38.71046370169182,100000000.0,651.080937204426,651.0809372044262,217.83935977026712,0.0,0.0
38.71046370169182,100000000.0,651.2992444900711,651.2992444900713,218.05766705591216,0.0,0.0
38.71046370169182,100000000.0,652.2645719417765,652.2645719417764,219.0229945076173,0.0,0.0
38.71046370169182,100000000.0,652.4927975444621,652.492797544462,219.25122011030282,0.0,0.0
38.71046370169182,100000000.0,652.5098266228985,652.5098266228983,219.26824918873942,0.0,0.0
38.71046370169182,100000000.0,652.9530323040236,652.9530323040236,219.7114548698646,0.0,0.0
38.71046370169182,100000000.0,652.975496921933,652.9754969219331,219.73391948777385,0.0,0.0
38.71046370169182,100000000.0,653.1283277143984,653.1283277143984,219.88675028023937,0.0,0.0
38.71046370169182,100000000.0,653.4007688910159,653.4007688910162,220.15919145685697,0.0,0.0
38.71046370169182,100000000.0,654.233151344711,654.2331513447109,220.99157391055184,0.0,0.0
38.71046370169182,100000000.0,654.8744726252427,654.8744726252427,221.6328951910836,0.0,0.0
38.71046370169182,100000000.0,654.9642286604171,654.9642286604172,221.72265122625814,0.0,0.0
38.71046370169182,100000000.0,654.9750446958618,654.9750446958618,221.73346726170274,0.0,0.0
38.71046370169182,100000000.0,654.9764394871737,654.9764394871739,221.73486205301487,0.0,0.0
38.71046370169182,100000000.0,655.0625720292153,655.0625720292155,221.82099459505633,0.0,0.0
38.71046370169182,100000000.0,655.0800848874512,655.0800848874513,221.8385074532922,0.0,0.0
38.71046370169182,100000000.0,655.852837866187,655.8528378661869,222.6112604320279,0.0,0.0
38.71046370169182,100000000.0,655.9257332992421,655.9257332992422,222.68415586508308,0.0,0.0
38.71046370169182,100000000.0,656.1118513100234,656.1118513100233,222.87027387586443,0.0,0.0
38.71046370169182,100000000.0,656.137618482353,656.137618482353,222.89604104819398,0.0,0.0
38.71046370169182,100000000.0,656.5765279319547,656.5765279319548,223.3349504977956,0.0,0.0
38.71046370169182,100000000.0,656.6137705333043,656.6137705333044,223.3721930991454,0.0,0.0
38.71046370169182,100000000.0,656.6481894621108,656.6481894621107,223.40661202795178,0.0,0.0
38.71046370169182,100000000.0,657.2683265672488,657.2683265672489,224.02674913309002,0.0,0.0
38.71046370169182,100000000.0,657.8265084195514,657.8265084195511,224.58493098539225,0.0,0.0
38.71046370169182,100000000.0,658.1470338003813,658.1470338003812,224.90545636622218,0.0,0.0
38.71046370169182,100000000.0,658.3221009148895,658.3221009148895,225.0805234807304,0.0,0.0
38.71046370169182,100000000.0,658.3422799896324,658.3422799896323,225.1007025554733,0.0,0.0
38.71046370169182,100000000.0,658.3927466701363,658.3927466701363,225.1511692359772,0.0,0.0
38.71046370169182,100000000.0,658.8355874245331,658.835587424533,225.59400999037385,0.0,0.0
38.71046370169182,100000000.0,659.1771518479139,659.1771518479138,225.9355744137548,0.0,0.0
38.71046370169182,100000000.0,659.1888183255595,659.1888183255593,225.9472408914004,0.0,0.0
38.71046370169182,100000000.0,659.3789039863378,659.3789039863381,226.13732655217885,0.0,0.0
38.71046370169182,100000000.0,659.4311516285212,659.4311516285211,226.18957419436205,0.0,0.0
38.71046370169182,100000000.0,659.9071910451219,659.9071910451217,226.66561361096285,0.0,0.0
38.71046370169182,100000000.0,659.91510319583,659.91510319583,226.673525761671,0.0,0.0
38.71046370169182,100000000.0,660.125493157155,660.125493157155,226.88391572299597,0.0,0.0
38.71046370169182,100000000.0,660.1330257847552,660.1330257847553,226.89144835059622,0.0,0.0
38.71046370169182,100000000.0,660.4627930780239,660.462793078024,227.22121564386492,0.0,0.0
38.71046370169182,100000000.0,660.6672337134593,660.6672337134593,227.42565627930026,0.0,0.0
38.71046370169182,100000000.0,660.7658433689598,660.7658433689598,227.52426593480075,0.0,0.0
38.71046370169182,100000000.0,660.9134850620669,660.9134850620669,227.67190762790776,0.0,0.0
38.71046370169182,100000000.0,661.0123406220023,661.0123406220022,227.7707631878431,0.0,0.0
38.71046370169182,100000000.0,661.2594074913206,661.2594074913208,228.01783005716166,0.0,0.0
38.71046370169182,100000000.0,661.5073651908318,661.5073651908318,228.2657877566728,0.0,0.0
38.71046370169182,100000000.0,661.8037505083213,661.8037505083212,228.56217307416222,0.0,0.0
38.71046370169182,100000000.0,661.847076537823,661.8470765378229,228.60549910366396,0.0,0.0
38.71046370169182,100000000.0,661.9580155344219,661.958015534422,228.71643810026288,0.0,0.0
38.71046370169182,100000000.0,662.2361160127975,662.2361160127973,228.99453857863847,0.0,0.0
38.71046370169182,100000000.0,662.2749780569892,662.2749780569892,229.03340062283013,0.0,0.0
38.71046370169182,100000000.0,662.3839101439137,662.3839101439136,229.14233270975453,0.0,0.0
38.71046370169182,100000000.0,662.437560783131,662.4375607831312,229.19598334897208,0.0,0.0
38.71046370169182,100000000.0,662.4387083117649,662.4387083117647,229.19713087760582,0.0,0.0
38.71046370169182,100000000.0,662.6042274919713,662.6042274919714,229.36265005781226,0.0,0.0
38.71046370169182,100000000.0,662.6580637503787,662.6580637503788,229.4164863162197,0.0,0.0
38.71046370169182,100000000.0,662.9086888353908,662.9086888353911,229.66711140123198,0.0,0.0
38.71046370169182,100000000.0,663.4797874387591,663.4797874387589,230.23821000459995,0.0,0.0
38.71046370169182,100000000.0,663.6753588586015,663.6753588586016,230.43378142444251,0.0,0.0
38.71046370169182,100000000.0,663.7530342667695,663.7530342667695,230.51145683261055,0.0,0.0
38.71046370169182,100000000.0,663.9657735920777,663.9657735920774,230.7241961579185,0.0,0.0
38.71046370169182,100000000.0,663.9874559715831,663.9874559715834,230.74587853742423,0.0,0.0
38.71046370169182,100000000.0,664.2261722120729,664.2261722120728,230.9845947779139,0.0,0.0
38.71046370169182,100000000.0,664.2835587753668,664.2835587753669,231.04198134120784,0.0,0.0
38.71046370169182,100000000.0,664.7254810767972,664.7254810767971,231.48390364263815,0.0,0.0
38.71046370169182,100000000.0,665.0882538042517,665.0882538042516,231.84667637009247,0.0,0.0
38.71046370169182,100000000.0,665.1806558642156,665.1806558642155,231.93907843005647,0.0,0.0
38.71046370169182,100000000.0,665.2028356220663,665.202835622066,231.96125818790708,0.0,0.0
38.71046370169182,100000000.0,665.3309412484014,665.3309412484012,232.08936381424215,0.0,0.0
38.71046370169182,100000000.0,665.5690210844177,665.5690210844178,232.32744365025874,0.0,0.0
38.71046370169182,100000000.0,665.6255280420806,665.6255280420806,232.38395060792166,0.0,0.0
38.71046370169182,100000000.0,666.0062919222021,666.006291922202,232.76471448804293,0.0,0.0
38.71046370169182,100000000.0,666.0484685887767,666.0484685887768,232.80689115461752,0.0,0.0
38.71046370169182,100000000.0,666.1908076420876,666.1908076420876,232.94923020792865,0.0,0.0
38.71046370169182,100000000.0,666.630931175694,666.6309311756941,233.38935374153502,0.0,0.0
38.71046370169182,100000000.0,666.7549931184645,666.7549931184644,233.51341568430547,0.0,0.0
38.71046370169182,100000000.0,666.7576682930527,666.7576682930525,233.51609085889342,0.0,0.0
38.71046370169182,100000000.0,666.8584528333685,666.8584528333683,233.61687539920928,0.0,0.0
38.71046370169182,100000000.0,666.9724537147133,666.9724537147133,233.73087628055416,0.0,0.0
38.71046370169182,100000000.0,666.9839028442499,666.98390284425,233.74232541009096,0.0,0.0
38.71046370169182,100000000.0,667.1505282339859,667.1505282339863,233.9089507998271,0.0,0.0
38.71046370169182,100000000.0,-1.0,590.1940412553611,200.70522698848123,1.0,1.0
38.71046370169182,100000000.0,667.7226619499788,667.7226619499788,234.48108451581982,0.0,0.0
38.71046370169182,100000000.0,667.7278145533426,667.7278145533426,234.4862371191835,0.0,0.0
38.71046370169182,100000000.0,667.9949114248789,667.9949114248789,234.75333399071977,0.0,0.0
38.71046370169182,100000000.0,669.0062403484574,669.0062403484573,235.76466291429838,0.0,0.0
38.71046370169182,100000000.0,669.2040498179817,669.2040498179817,235.96247238382261,0.0,0.0
38.71046370169182,100000000.0,669.4850804833899,669.4850804833897,236.24350304923075,0.0,0.0
38.71046370169182,100000000.0,669.6314859961282,669.631485996128,236.389908561969,0.0,0.0
38.71046370169182,100000000.0,669.7287879097596,669.7287879097596,236.48721047560056,0.0,0.0
38.71046370169182,100000000.0,669.8727621758993,669.8727621758994,236.63118474174027,0.0,0.0
38.71046370169182,100000000.0,669.877994100784,669.8779941007841,236.63641666662505,0.0,0.0
38.71046370169182,100000000.0,670.1205483123903,670.1205483123904,236.8789708782313,0.0,0.0
38.71046370169182,100000000.0,670.2327543012635,670.2327543012635,236.99117686710454,0.0,0.0
38.71046370169182,100000000.0,670.481233403839,670.4812334038389,237.23965596967992,0.0,0.0
38.71046370169182,100000000.0,671.4258639797459,671.425863979746,238.18428654558704,0.0,0.0
38.71046370169182,100000000.0,673.275771339244,673.2757713392438,240.03419390508486,0.0,0.0
38.71046370169182,100000000.0,673.3477182614347,673.3477182614346,240.10614082727554,0.0,0.0
38.71046370169182,100000000.0,674.7740250224509,674.774025022451,241.5324475882919,0.0,0.0
38.71046370169182,100000000.0,-1.0,597.9995662291906,217.86451654857984,1.0,1.0
38.71046370169182,100000000.0,675.6344334263047,675.6344334263047,242.39285599214566,0.0,0.0
38.71046370169182,100000000.0,-1.0,598.8786915708829,208.84214692155527,1.0,1.0
38.71046370169182,100000000.0,677.756339045179,677.756339045179,244.5147616110199,0.0,0.0
38.71046370169182,100000000.0,678.6822114426363,678.6822114426363,245.44063400847733,0.0,0.0
38.71046370169182,100000000.0,679.870555958398,679.870555958398,246.62897852423882,0.0,0.0
38.71046370169182,100000000.0,680.5100756922586,680.5100756922586,247.26849825809944,0.0,0.0
38.71046370169182,100000000.0,681.2801982376798,681.2801982376795,248.03862080352062,0.0,0.0
38.71046370169182,100000000.0,681.610530037958,681.6105300379583,248.3689526037991,0.0,0.0
38.82994044151185,100000000.0,639.6051629528828,639.6051629528828,206.3635855187237,0.0,0.0
38.82994044151185,100000000.0,639.9636397019007,639.9636397019007,206.72206226774156,0.0,0.0
38.82994044151185,100000000.0,642.2742547448968,642.2742547448969,209.03267731073782,0.0,0.0
38.82994044151185,100000000.0,642.5895177965522,642.5895177965521,209.34794036239308,0.0,0.0
38.82994044151185,100000000.0,645.4168663830645,645.4168663830648,212.17528894890566,0.0,0.0
38.82994044151185,100000000.0,645.4993394786661,645.499339478666,212.25776204450705,0.0,0.0
38.82994044151185,100000000.0,646.7387519941424,646.7387519941423,213.49717455998328,0.0,0.0
38.82994044151185,100000000.0,646.872494804294,646.8724948042939,213.63091737013485,0.0,0.0
38.82994044151185,100000000.0,647.3036618717324,647.3036618717325,214.0620844375735,0.0,0.0
38.82994044151185,100000000.0,647.618209589005,647.6182095890047,214.3766321548458,0.0,0.0
38.82994044151185,100000000.0,648.4974218334572,648.4974218334573,215.25584439929816,0.0,0.0
38.82994044151185,100000000.0,649.1209061222438,649.1209061222438,215.8793286880847,0.0,0.0
38.82994044151185,100000000.0,649.7139386449616,649.7139386449616,216.4723612108025,0.0,0.0
38.82994044151185,100000000.0,650.2404009431044,650.2404009431045,216.99882350894543,0.0,0.0
38.82994044151185,100000000.0,650.5543822578662,650.5543822578662,217.31280482370698,0.0,0.0
38.82994044151185,100000000.0,651.6692768938058,651.669276893806,218.4276994596468,0.0,0.0
38.82994044151185,100000000.0,651.7955209752815,651.7955209752814,218.55394354112238,0.0,0.0
38.82994044151185,100000000.0,652.0294898988308,652.0294898988307,218.78791246467168,0.0,0.0
38.82994044151185,100000000.0,652.499369799128,652.4993697991282,219.25779236496905,0.0,0.0
38.82994044151185,100000000.0,652.765588679813,652.765588679813,219.52401124565407,0.0,0.0
38.82994044151185,100000000.0,653.511005166868,653.5110051668681,220.269427732709,0.0,0.0
38.82994044151185,100000000.0,653.5424757376152,653.5424757376152,220.3008983034561,0.0,0.0
38.82994044151185,100000000.0,653.5726901242066,653.5726901242066,220.3311126900475,0.0,0.0
38.82994044151185,100000000.0,654.0344812576553,654.0344812576553,220.79290382349626,0.0,0.0
38.82994044151185,100000000.0,654.4542318083471,654.4542318083471,221.21265437418816,0.0,0.0
38.82994044151185,100000000.0,654.5864679931208,654.5864679931208,221.34489055896185,0.0,0.0
38.82994044151185,100000000.0,654.706921070376,654.7069210703762,221.46534363621709,0.0,0.0
38.82994044151185,100000000.0,654.8633376725959,654.8633376725958,221.62176023843668,0.0,0.0
38.82994044151185,100000000.0,654.9099956198897,654.9099956198901,221.66841818573087,0.0,0.0
38.82994044151185,100000000.0,655.0777915383577,655.0777915383577,221.83621410419875,0.0,0.0
38.82994044151185,100000000.0,655.1008108323006,655.1008108323006,221.85923339814158,0.0,0.0
38.82994044151185,100000000.0,655.2248346452294,655.2248346452296,221.98325721107037,0.0,0.0
38.82994044151185,100000000.0,655.6635705456636,655.6635705456638,222.42199311150458,0.0,0.0
38.82994044151185,100000000.0,655.7431633467887,655.7431633467887,222.5015859126297,0.0,0.0
38.82994044151185,100000000.0,656.1277575911635,656.1277575911632,222.8861801570044,0.0,0.0
38.82994044151185,100000000.0,656.3352886823506,656.3352886823504,223.0937112481914,0.0,0.0
38.82994044151185,100000000.0,656.5439028262829,656.5439028262828,223.30232539212375,0.0,0.0
38.82994044151185,100000000.0,657.4568028742411,657.4568028742412,224.21522544008215,0.0,0.0
38.82994044151185,100000000.0,657.5371796827337,657.5371796827338,224.2956022485747,0.0,0.0
38.82994044151185,100000000.0,657.58684716899,657.5868471689898,224.34526973483094,0.0,0.0
38.82994044151185,100000000.0,657.6515179324664,657.6515179324663,224.40994049830726,0.0,0.0
38.82994044151185,100000000.0,658.002843311897,658.0028433118971,224.7612658777379,0.0,0.0
38.82994044151185,100000000.0,658.041409571681,658.0414095716812,224.79983213752212,0.0,0.0
38.82994044151185,100000000.0,658.086862223217,658.0868622232168,224.84528478905793,0.0,0.0
38.82994044151185,100000000.0,658.1053761114127,658.1053761114126,224.8637986772537,0.0,0.0
38.82994044151185,100000000.0,658.147824341808,658.147824341808,224.90624690764906,0.0,0.0
38.82994044151185,100000000.0,658.6047705003091,658.6047705003091,225.36319306615,0.0,0.0
38.82994044151185,100000000.0,658.697158566351,658.6971585663509,225.45558113219198,0.0,0.0
38.82994044151185,100000000.0,658.7928185739331,658.7928185739332,225.55124113977413,0.0,0.0
38.82994044151185,100000000.0,658.8165166180813,658.8165166180814,225.57493918392228,0.0,0.0
38.82994044151185,100000000.0,658.9602879323955,658.9602879323957,225.71871049823656,0.0,0.0
38.82994044151185,100000000.0,659.1301036209302,659.1301036209302,225.8885261867711,0.0,0.0
38.82994044151185,100000000.0,659.2523429421012,659.2523429421013,226.01076550794227,0.0,0.0
38.82994044151185,100000000.0,659.2915256126636,659.2915256126637,226.04994817850456,0.0,0.0
38.82994044151185,100000000.0,659.4396418480824,659.4396418480824,226.19806441392328,0.0,0.0
38.82994044151185,100000000.0,659.4679329372459,659.4679329372458,226.22635550308675,0.0,0.0
38.82994044151185,100000000.0,659.4899813574797,659.4899813574796,226.2484039233205,0.0,0.0
38.82994044151185,100000000.0,659.5134510562369,659.5134510562369,226.2718736220779,0.0,0.0
38.82994044151185,100000000.0,659.7765115864004,659.7765115864005,226.53493415224136,0.0,0.0
38.82994044151185,100000000.0,659.9312008189829,659.9312008189829,226.68962338482396,0.0,0.0
38.82994044151185,100000000.0,660.0461034804694,660.0461034804692,226.80452604631034,0.0,0.0
38.82994044151185,100000000.0,660.1069120551524,660.1069120551524,226.8653346209933,0.0,0.0
38.82994044151185,100000000.0,660.1093756344115,660.1093756344115,226.8677982002525,0.0,0.0
38.82994044151185,100000000.0,660.3347446253896,660.3347446253897,227.0931671912305,0.0,0.0
38.82994044151185,100000000.0,660.5316638581091,660.531663858109,227.2900864239501,0.0,0.0
38.82994044151185,100000000.0,-1.0,583.2287051746172,200.07031457022993,1.0,1.0
38.82994044151185,100000000.0,660.9069907955814,660.9069907955815,227.6654133614223,0.0,0.0
38.82994044151185,100000000.0,660.9878281747204,660.9878281747204,227.74625074056138,0.0,0.0
38.82994044151185,100000000.0,661.2138180781709,661.213818078171,227.97224064401198,0.0,0.0
38.82994044151185,100000000.0,661.4813341860614,661.4813341860616,228.23975675190255,0.0,0.0
38.82994044151185,100000000.0,661.9728553696522,661.9728553696523,228.73127793549315,0.0,0.0
38.82994044151185,100000000.0,662.14004297027,662.1400429702699,228.8984655361108,0.0,0.0
38.82994044151185,100000000.0,662.3106010235678,662.3106010235678,229.0690235894088,0.0,0.0
38.82994044151185,100000000.0,662.608717953051,662.6087179530512,229.36714051889206,0.0,0.0
38.82994044151185,100000000.0,662.6470431780095,662.6470431780094,229.40546574385056,0.0,0.0
38.82994044151185,100000000.0,663.0670108234237,663.0670108234237,229.82543338926473,0.0,0.0
38.82994044151185,100000000.0,663.0791712929093,663.0791712929091,229.83759385875007,0.0,0.0
38.82994044151185,100000000.0,663.3468222504385,663.3468222504384,230.10524481627945,0.0,0.0
38.82994044151185,100000000.0,663.4852662780713,663.4852662780714,230.24368884391225,0.0,0.0
38.82994044151185,100000000.0,663.5232087990893,663.5232087990894,230.28163136493035,0.0,0.0
38.82994044151185,100000000.0,663.5799951898791,663.5799951898791,230.33841775572012,0.0,0.0
38.82994044151185,100000000.0,663.9375682953524,663.9375682953525,230.69599086119342,0.0,0.0
38.82994044151185,100000000.0,664.0403034095876,664.0403034095878,230.79872597542874,0.0,0.0
38.82994044151185,100000000.0,664.1708205685965,664.1708205685965,230.9292431344374,0.0,0.0
38.82994044151185,100000000.0,664.2001713365207,664.200171336521,230.95859390236177,0.0,0.0
38.82994044151185,100000000.0,664.301420874485,664.301420874485,231.05984344032595,0.0,0.0
38.82994044151185,100000000.0,664.3058132713477,664.3058132713478,231.0642358371887,0.0,0.0
38.82994044151185,100000000.0,664.3270573575562,664.3270573575564,231.08547992339732,0.0,0.0
38.82994044151185,100000000.0,664.4306863154316,664.4306863154314,231.1891088812723,0.0,0.0
38.82994044151185,100000000.0,664.4875427720347,664.4875427720349,231.24596533787576,0.0,0.0
38.82994044151185,100000000.0,664.6279967868444,664.6279967868445,231.3864193526854,0.0,0.0
38.82994044151185,100000000.0,664.7856334684891,664.7856334684892,231.54405603433025,0.0,0.0
38.82994044151185,100000000.0,665.05177475825,665.05177475825,231.81019732409078,0.0,0.0
38.82994044151185,100000000.0,665.057157416672,665.0571574166722,231.8155799825131,0.0,0.0
38.82994044151185,100000000.0,665.4528147423532,665.4528147423533,232.2112373081942,0.0,0.0
38.82994044151185,100000000.0,665.6595468679548,665.6595468679548,232.4179694337957,0.0,0.0
38.82994044151185,100000000.0,665.7060055562707,665.7060055562708,232.46442812211168,0.0,0.0
38.82994044151185,100000000.0,666.491529082624,666.4915290826242,233.249951648465,0.0,0.0
38.82994044151185,100000000.0,666.5260264621113,666.5260264621114,233.28444902795215,0.0,0.0
38.82994044151185,100000000.0,666.5972301154072,666.5972301154075,233.35565268124836,0.0,0.0
38.82994044151185,100000000.0,666.6813240756612,666.6813240756613,233.43974664150224,0.0,0.0
38.82994044151185,100000000.0,666.9094771097343,666.9094771097344,233.66789967557528,0.0,0.0
38.82994044151185,100000000.0,666.9535414176214,666.9535414176214,233.71196398346234,0.0,0.0
38.82994044151185,100000000.0,667.1063708957562,667.1063708957561,233.86479346159706,0.0,0.0
38.82994044151185,100000000.0,667.3230999421367,667.3230999421368,234.08152250797764,0.0,0.0
38.82994044151185,100000000.0,667.7479037914256,667.7479037914258,234.50632635726672,0.0,0.0
38.82994044151185,100000000.0,668.1508786253665,668.1508786253664,234.90930119120742,0.0,0.0
38.82994044151185,100000000.0,668.7026388175486,668.7026388175487,235.46106138338965,0.0,0.0
38.82994044151185,100000000.0,669.3353609206555,669.3353609206556,236.0937834864966,0.0,0.0
38.82994044151185,100000000.0,669.5683223691215,669.5683223691212,236.32674493496236,0.0,0.0
38.82994044151185,100000000.0,669.6881015269125,669.6881015269123,236.44652409275338,0.0,0.0
38.82994044151185,100000000.0,670.3123450826961,670.3123450826962,237.07076764853704,0.0,0.0
38.82994044151185,100000000.0,670.9504129459967,670.9504129459967,237.70883551183783,0.0,0.0
38.82994044151185,100000000.0,671.5411895164316,671.5411895164315,238.29961208227255,0.0,0.0
38.82994044151185,100000000.0,671.5432229434381,671.543222943438,238.30164550927904,0.0,0.0
38.82994044151185,100000000.0,672.3866297495601,672.38662974956,239.1450523154011,0.0,0.0
38.82994044151185,100000000.0,672.5751178748193,672.5751178748193,239.33354044066033,0.0,0.0
38.82994044151185,100000000.0,673.0514897281932,673.0514897281931,239.8099122940342,0.0,0.0
38.82994044151185,100000000.0,673.2138015887474,673.2138015887474,239.97222415458836,0.0,0.0
38.82994044151185,100000000.0,673.991397865236,673.9913978652359,240.74982043107678,0.0,0.0
38.82994044151185,100000000.0,674.1660519422718,674.1660519422717,240.92447450811267,0.0,0.0
38.82994044151185,100000000.0,674.2693140417505,674.2693140417506,241.0277366075916,0.0,0.0
38.82994044151185,100000000.0,674.3113508666545,674.3113508666545,241.06977343249545,0.0,0.0
38.82994044151185,100000000.0,674.6828239732599,674.6828239732598,241.44124653910077,0.0,0.0
38.82994044151185,100000000.0,676.4480686097916,676.4480686097913,243.20649117563235,0.0,0.0
38.82994044151185,100000000.0,677.207457694246,677.2074576942462,243.96588026008715,0.0,0.0
38.82994044151185,100000000.0,678.0746770606822,678.074677060682,244.83309962652308,0.0,0.0
38.82994044151185,100000000.0,679.238410367635,679.2384103676349,245.99683293347587,0.0,0.0
38.949417181331896,100000000.0,627.5050688981642,627.5050688981643,194.26349146400517,0.0,0.0
38.949417181331896,100000000.0,634.5405119073852,634.5405119073852,201.29893447322613,0.0,0.0
38.949417181331896,100000000.0,638.7625794017756,638.7625794017758,205.52100196761666,0.0,0.0
38.949417181331896,100000000.0,638.8469246579407,638.8469246579407,205.60534722378162,0.0,0.0
38.949417181331896,100000000.0,639.5261290360352,639.5261290360352,206.28455160187616,0.0,0.0
38.949417181331896,100000000.0,640.7076087398617,640.7076087398617,207.46603130570267,0.0,0.0
38.949417181331896,100000000.0,641.8958072590478,641.8958072590477,208.65422982488866,0.0,0.0
38.949417181331896,100000000.0,642.7717523145911,642.7717523145914,209.5301748804322,0.0,0.0
38.949417181331896,100000000.0,642.8533776647547,642.8533776647548,209.6118002305957,0.0,0.0
38.949417181331896,100000000.0,643.920000077004,643.920000077004,210.6784226428449,0.0,0.0
38.949417181331896,100000000.0,644.9875963676014,644.9875963676017,211.7460189334424,0.0,0.0
38.949417181331896,100000000.0,645.5967565959116,645.5967565959115,212.35517916175246,0.0,0.0
38.949417181331896,100000000.0,645.965181627095,645.9651816270951,212.72360419293602,0.0,0.0
38.949417181331896,100000000.0,646.0846614167559,646.0846614167559,212.8430839825968,0.0,0.0
38.949417181331896,100000000.0,646.21328295066,646.2132829506601,212.97170551650095,0.0,0.0
38.949417181331896,100000000.0,646.8405810096518,646.8405810096519,213.59900357549273,0.0,0.0
38.949417181331896,100000000.0,646.8550614130136,646.8550614130135,213.6134839788545,0.0,0.0
38.949417181331896,100000000.0,647.1269116031415,647.1269116031415,213.88533416898235,0.0,0.0
38.949417181331896,100000000.0,647.2867955015357,647.2867955015356,214.04521806737662,0.0,0.0
38.949417181331896,100000000.0,647.4498465437994,647.4498465437993,214.20826910964033,0.0,0.0
38.949417181331896,100000000.0,647.4857945465942,647.4857945465943,214.2442171124354,0.0,0.0
38.949417181331896,100000000.0,647.9834109254401,647.9834109254399,214.74183349128086,0.0,0.0
38.949417181331896,100000000.0,648.1937266021005,648.1937266021002,214.95214916794131,0.0,0.0
38.949417181331896,100000000.0,648.5344983139375,648.5344983139374,215.2929208797785,0.0,0.0
38.949417181331896,100000000.0,648.6329196960316,648.6329196960315,215.39134226187258,0.0,0.0
38.949417181331896,100000000.0,648.7580439653071,648.7580439653073,215.51646653114798,0.0,0.0
38.949417181331896,100000000.0,648.8586133356271,648.8586133356268,215.61703590146774,0.0,0.0
38.949417181331896,100000000.0,648.9977036994316,648.9977036994317,215.7561262652727,0.0,0.0
38.949417181331896,100000000.0,649.2912851536964,649.2912851536963,216.04970771953748,0.0,0.0
38.949417181331896,100000000.0,649.4019136597633,649.4019136597633,216.1603362256043,0.0,0.0
38.949417181331896,100000000.0,649.4607536373678,649.4607536373678,216.2191762032088,0.0,0.0
38.949417181331896,100000000.0,649.4702300225108,649.4702300225106,216.22865258835165,0.0,0.0
38.949417181331896,100000000.0,649.5802738069935,649.5802738069934,216.33869637283448,0.0,0.0
38.949417181331896,100000000.0,649.609933075597,649.609933075597,216.368355641438,0.0,0.0
38.949417181331896,100000000.0,649.8367699786953,649.8367699786953,216.59519254453625,0.0,0.0
38.949417181331896,100000000.0,649.9128648468675,649.9128648468673,216.67128741270812,0.0,0.0
38.949417181331896,100000000.0,650.1326731103318,650.132673110332,216.8910956761729,0.0,0.0
38.949417181331896,100000000.0,650.225971265634,650.2259712656338,216.98439383147488,0.0,0.0
38.949417181331896,100000000.0,650.2482433465024,650.2482433465024,217.00666591234332,0.0,0.0
38.949417181331896,100000000.0,650.284339501223,650.2843395012231,217.0427620670641,0.0,0.0
38.949417181331896,100000000.0,650.6395549848344,650.6395549848344,217.39797755067536,0.0,0.0
38.949417181331896,100000000.0,650.777408455074,650.7774084550742,217.53583102091514,0.0,0.0
38.949417181331896,100000000.0,650.8982501007985,650.8982501007984,217.65667266663942,0.0,0.0
38.949417181331896,100000000.0,650.9264197557738,650.926419755774,217.68484232161484,0.0,0.0
38.949417181331896,100000000.0,651.225902096679,651.2259020966791,217.98432466252004,0.0,0.0
38.949417181331896,100000000.0,651.3494805058017,651.3494805058018,218.10790307164274,0.0,0.0
38.949417181331896,100000000.0,651.7429244922024,651.7429244922023,218.50134705804325,0.0,0.0
38.949417181331896,100000000.0,651.7619699286622,651.7619699286621,218.52039249450294,0.0,0.0
38.949417181331896,100000000.0,652.0037167972827,652.0037167972827,218.76213936312357,0.0,0.0
38.949417181331896,100000000.0,652.0258604196251,652.0258604196251,218.78428298546606,0.0,0.0
38.949417181331896,100000000.0,652.0994365419608,652.0994365419608,218.85785910780183,0.0,0.0
38.949417181331896,100000000.0,652.1469374073872,652.1469374073872,218.90535997322814,0.0,0.0
38.949417181331896,100000000.0,652.1746494748918,652.1746494748917,218.93307204073264,0.0,0.0
38.949417181331896,100000000.0,652.2190370923674,652.2190370923678,218.97745965820857,0.0,0.0
38.949417181331896,100000000.0,652.5259944459482,652.5259944459481,219.28441701178903,0.0,0.0
38.949417181331896,100000000.0,652.565214281576,652.5652142815761,219.3236368474169,0.0,0.0
38.949417181331896,100000000.0,652.9811302751502,652.98113027515,219.73955284099105,0.0,0.0
38.949417181331896,100000000.0,653.1613351193122,653.1613351193122,219.919757685153,0.0,0.0
38.949417181331896,100000000.0,653.2127019829139,653.2127019829142,219.97112454875503,0.0,0.0
38.949417181331896,100000000.0,653.2634142453072,653.2634142453072,220.02183681114823,0.0,0.0
38.949417181331896,100000000.0,653.5486956047764,653.5486956047762,220.30711817061723,0.0,0.0
38.949417181331896,100000000.0,653.6482049330227,653.6482049330225,220.40662749886363,0.0,0.0
38.949417181331896,100000000.0,653.8080043592321,653.8080043592321,220.56642692507307,0.0,0.0
38.949417181331896,100000000.0,653.8241072394375,653.8241072394374,220.58252980527848,0.0,0.0
38.949417181331896,100000000.0,654.1146897389875,654.1146897389875,220.87311230482854,0.0,0.0
38.949417181331896,100000000.0,654.1673599496536,654.1673599496536,220.9257825154944,0.0,0.0
38.949417181331896,100000000.0,654.1709026246563,654.1709026246563,220.92932519049717,0.0,0.0
38.949417181331896,100000000.0,654.1912512774503,654.1912512774503,220.9496738432913,0.0,0.0
38.949417181331896,100000000.0,654.5143132204043,654.514313220404,221.27273578624528,0.0,0.0
38.949417181331896,100000000.0,654.7418426037059,654.7418426037059,221.50026516954694,0.0,0.0
38.949417181331896,100000000.0,654.8197614132584,654.8197614132583,221.57818397909915,0.0,0.0
38.949417181331896,100000000.0,654.9711798623446,654.9711798623445,221.7296024281854,0.0,0.0
38.949417181331896,100000000.0,655.0705292100429,655.070529210043,221.82895177588392,0.0,0.0
38.949417181331896,100000000.0,655.1896745638065,655.1896745638064,221.94809712964732,0.0,0.0
38.949417181331896,100000000.0,655.3873923355252,655.3873923355253,222.14581490136626,0.0,0.0
38.949417181331896,100000000.0,655.445691494178,655.445691494178,222.20411406001895,0.0,0.0
38.949417181331896,100000000.0,655.4614934031824,655.4614934031825,222.2199159690235,0.0,0.0
38.949417181331896,100000000.0,655.5882114484731,655.5882114484732,222.34663401431413,0.0,0.0
38.949417181331896,100000000.0,655.6193476557405,655.6193476557406,222.3777702215815,0.0,0.0
38.949417181331896,100000000.0,655.6731185994738,655.6731185994739,222.43154116531477,0.0,0.0
38.949417181331896,100000000.0,655.9981584831581,655.9981584831581,222.75658104899912,0.0,0.0
38.949417181331896,100000000.0,656.093995019183,656.093995019183,222.85241758502403,0.0,0.0
38.949417181331896,100000000.0,656.1454948660934,656.1454948660934,222.90391743193445,0.0,0.0
38.949417181331896,100000000.0,656.2084700245995,656.2084700245997,222.96689259044058,0.0,0.0
38.949417181331896,100000000.0,656.2546507576133,656.2546507576133,223.0130733234543,0.0,0.0
38.949417181331896,100000000.0,656.3592274241106,656.3592274241109,223.11764998995187,0.0,0.0
38.949417181331896,100000000.0,656.4516652995208,656.4516652995209,223.21008786536166,0.0,0.0
38.949417181331896,100000000.0,657.0765797357512,657.0765797357511,223.83500230159197,0.0,0.0
38.949417181331896,100000000.0,657.1961138819541,657.1961138819541,223.9545364477951,0.0,0.0
38.949417181331896,100000000.0,657.5016682836344,657.5016682836346,224.26009084947552,0.0,0.0
38.949417181331896,100000000.0,657.5226887287065,657.5226887287067,224.2811112945476,0.0,0.0
38.949417181331896,100000000.0,657.6222431635923,657.6222431635922,224.3806657294331,0.0,0.0
38.949417181331896,100000000.0,657.7169102843371,657.7169102843371,224.47533285017806,0.0,0.0
38.949417181331896,100000000.0,657.745409746133,657.7454097461331,224.50383231197395,0.0,0.0
38.949417181331896,100000000.0,657.769329896207,657.769329896207,224.52775246204786,0.0,0.0
38.949417181331896,100000000.0,657.7914171936777,657.791417193678,224.54983975951885,0.0,0.0
38.949417181331896,100000000.0,657.8096816666095,657.8096816666095,224.56810423245054,0.0,0.0
38.949417181331896,100000000.0,657.9254493328066,657.9254493328066,224.68387189864762,0.0,0.0
38.949417181331896,100000000.0,657.9838465416095,657.9838465416094,224.74226910745045,0.0,0.0
38.949417181331896,100000000.0,658.1733408920372,658.1733408920372,224.93176345787825,0.0,0.0
38.949417181331896,100000000.0,658.4377499668209,658.437749966821,225.1961725326621,0.0,0.0
38.949417181331896,100000000.0,658.5546971453932,658.5546971453931,225.3131197112341,0.0,0.0
38.949417181331896,100000000.0,658.5853171068076,658.5853171068076,225.34373967264833,0.0,0.0
38.949417181331896,100000000.0,658.6370329755822,658.6370329755824,225.39545554142333,0.0,0.0
38.949417181331896,100000000.0,659.1439502541845,659.1439502541845,225.9023728200254,0.0,0.0
38.949417181331896,100000000.0,659.3100834060264,659.3100834060264,226.06850597186727,0.0,0.0
38.949417181331896,100000000.0,659.667362147674,659.667362147674,226.42578471351507,0.0,0.0
38.949417181331896,100000000.0,659.7045534114291,659.704553411429,226.46297597726993,0.0,0.0
38.949417181331896,100000000.0,659.7366452531992,659.7366452531992,226.4950678190401,0.0,0.0
38.949417181331896,100000000.0,659.9455086821662,659.9455086821661,226.70393124800697,0.0,0.0
38.949417181331896,100000000.0,660.1262347436806,660.1262347436807,226.88465730952154,0.0,0.0
38.949417181331896,100000000.0,660.1303866826019,660.1303866826019,226.8888092484428,0.0,0.0
38.949417181331896,100000000.0,660.9196882304982,660.9196882304981,227.67811079633907,0.0,0.0
38.949417181331896,100000000.0,661.1025631420623,661.1025631420625,227.86098570790324,0.0,0.0
38.949417181331896,100000000.0,661.3470731321704,661.3470731321704,228.10549569801142,0.0,0.0
38.949417181331896,100000000.0,661.3500584672964,661.3500584672963,228.1084810331372,0.0,0.0
38.949417181331896,100000000.0,662.2764942672031,662.2764942672032,229.03491683304418,0.0,0.0
38.949417181331896,100000000.0,662.4166997320851,662.4166997320852,229.17512229792618,0.0,0.0
38.949417181331896,100000000.0,662.4999354976954,662.4999354976953,229.25835806353635,0.0,0.0
38.949417181331896,100000000.0,662.9645702282888,662.9645702282887,229.72299279412985,0.0,0.0
38.949417181331896,100000000.0,663.7871917623412,663.7871917623412,230.5456143281821,0.0,0.0
38.949417181331896,100000000.0,663.793497001912,663.7934970019121,230.55191956775303,0.0,0.0
38.949417181331896,100000000.0,664.377571547177,664.3775715471772,231.13599411301823,0.0,0.0
38.949417181331896,100000000.0,665.4062918490063,665.4062918490062,232.16471441484714,0.0,0.0
38.949417181331896,100000000.0,665.4703080006254,665.4703080006254,232.22873056646625,0.0,0.0
38.949417181331896,100000000.0,666.7588174889299,666.7588174889298,233.51724005477084,0.0,0.0
38.949417181331896,100000000.0,666.7588529744727,666.7588529744728,233.51727554031365,0.0,0.0
38.949417181331896,100000000.0,666.9467384131189,666.9467384131189,233.70516097895984,0.0,0.0
39.068893921151925,100000000.0,632.919363648253,632.919363648253,199.677786214094,0.0,0.0
39.068893921151925,100000000.0,642.0221425549202,642.0221425549202,208.78056512076105,0.0,0.0
39.068893921151925,100000000.0,642.3904725640214,642.3904725640213,209.14889512986235,0.0,0.0
39.068893921151925,100000000.0,645.5762765918878,645.5762765918878,212.3346991577288,0.0,0.0
39.068893921151925,100000000.0,647.2952809353728,647.2952809353728,214.0537035012137,0.0,0.0
39.068893921151925,100000000.0,648.2885881347596,648.2885881347595,215.0470107006005,0.0,0.0
39.068893921151925,100000000.0,648.610271164731,648.6102711647309,215.36869373057195,0.0,0.0
39.068893921151925,100000000.0,648.7522662532227,648.7522662532227,215.5106888190635,0.0,0.0
39.068893921151925,100000000.0,649.7146588895941,649.7146588895943,216.4730814554353,0.0,0.0
39.068893921151925,100000000.0,649.7281124290347,649.7281124290348,216.4865349948757,0.0,0.0
39.068893921151925,100000000.0,650.6284221931787,650.6284221931787,217.38684475901965,0.0,0.0
39.068893921151925,100000000.0,650.8726686976084,650.8726686976084,217.63109126344932,0.0,0.0
39.068893921151925,100000000.0,651.7862483176553,651.7862483176553,218.54467088349622,0.0,0.0
39.068893921151925,100000000.0,653.0706331050685,653.0706331050685,219.8290556709094,0.0,0.0
39.068893921151925,100000000.0,653.4481396817533,653.4481396817532,220.20656224759432,0.0,0.0
39.068893921151925,100000000.0,653.6595148653255,653.6595148653254,220.41793743116648,0.0,0.0
39.068893921151925,100000000.0,654.4922804657659,654.4922804657659,221.25070303160695,0.0,0.0
39.068893921151925,100000000.0,654.5227750903312,654.5227750903313,221.28119765617208,0.0,0.0
39.068893921151925,100000000.0,654.6422225764983,654.6422225764983,221.40064514233924,0.0,0.0
39.068893921151925,100000000.0,654.8491936471014,654.8491936471014,221.60761621294242,0.0,0.0
39.068893921151925,100000000.0,655.1948261663017,655.1948261663016,221.9532487321427,0.0,0.0
39.068893921151925,100000000.0,655.3249466944395,655.3249466944397,222.0833692602805,0.0,0.0
39.068893921151925,100000000.0,656.0720016367912,656.0720016367912,222.8304242026322,0.0,0.0
39.068893921151925,100000000.0,656.227620570629,656.227620570629,222.98604313646993,0.0,0.0
39.068893921151925,100000000.0,656.3120357194284,656.3120357194282,223.07045828526915,0.0,0.0
39.068893921151925,100000000.0,656.455770495127,656.455770495127,223.21419306096794,0.0,0.0
39.068893921151925,100000000.0,656.4856811899206,656.4856811899207,223.24410375576159,0.0,0.0
39.068893921151925,100000000.0,656.8196600237031,656.8196600237031,223.5780825895441,0.0,0.0
39.068893921151925,100000000.0,656.8978488537804,656.8978488537805,223.65627141962142,0.0,0.0
39.068893921151925,100000000.0,657.4884932634398,657.4884932634399,224.2469158292806,0.0,0.0
39.068893921151925,100000000.0,657.6170714802548,657.617071480255,224.3754940460959,0.0,0.0
39.068893921151925,100000000.0,657.6888024903457,657.6888024903456,224.44722505618654,0.0,0.0
39.068893921151925,100000000.0,657.9213184095654,657.9213184095656,224.67974097540647,0.0,0.0
39.068893921151925,100000000.0,657.9995319570842,657.999531957084,224.75795452292496,0.0,0.0
39.068893921151925,100000000.0,658.0710825820964,658.0710825820966,224.82950514793745,0.0,0.0
39.068893921151925,100000000.0,658.2266202798623,658.2266202798622,224.98504284570322,0.0,0.0
39.068893921151925,100000000.0,658.2847353412616,658.2847353412615,225.0431579071024,0.0,0.0
39.068893921151925,100000000.0,658.311279010203,658.311279010203,225.06970157604397,0.0,0.0
39.068893921151925,100000000.0,658.3577602889104,658.3577602889104,225.11618285475143,0.0,0.0
39.068893921151925,100000000.0,658.3962865419585,658.3962865419585,225.15470910779945,0.0,0.0
39.068893921151925,100000000.0,658.8233808830382,658.8233808830382,225.58180344887933,0.0,0.0
39.068893921151925,100000000.0,659.3871349280552,659.3871349280552,226.14555749389604,0.0,0.0
39.068893921151925,100000000.0,659.4105677198812,659.4105677198812,226.16899028572223,0.0,0.0
39.068893921151925,100000000.0,659.7051083179915,659.7051083179916,226.46353088383256,0.0,0.0
39.068893921151925,100000000.0,660.5601921583449,660.560192158345,227.31861472418586,0.0,0.0
39.068893921151925,100000000.0,660.5832183022698,660.5832183022698,227.34164086811066,0.0,0.0
39.068893921151925,100000000.0,660.6501883446668,660.6501883446667,227.4086109105078,0.0,0.0
39.068893921151925,100000000.0,660.6884397328539,660.688439732854,227.4468622986948,0.0,0.0
39.068893921151925,100000000.0,660.7969173916576,660.7969173916578,227.55533995749863,0.0,0.0
39.068893921151925,100000000.0,660.8386506262966,660.8386506262965,227.59707319213746,0.0,0.0
39.068893921151925,100000000.0,660.987189185833,660.9871891858331,227.74561175167412,0.0,0.0
39.068893921151925,100000000.0,661.0231473147733,661.0231473147732,227.78156988061426,0.0,0.0
39.068893921151925,100000000.0,661.3036002437011,661.3036002437012,228.06202280954207,0.0,0.0
39.068893921151925,100000000.0,661.3729823642323,661.3729823642323,228.1314049300733,0.0,0.0
39.068893921151925,100000000.0,661.5031834456753,661.5031834456755,228.26160601151622,0.0,0.0
39.068893921151925,100000000.0,661.622596379075,661.6225963790749,228.38101894491604,0.0,0.0
39.068893921151925,100000000.0,661.6466758837333,661.6466758837332,228.4050984495742,0.0,0.0
39.068893921151925,100000000.0,661.6514845933914,661.6514845933914,228.4099071592322,0.0,0.0
39.068893921151925,100000000.0,661.7251675342922,661.7251675342923,228.4835901001331,0.0,0.0
39.068893921151925,100000000.0,661.8947981297116,661.8947981297116,228.6532206955526,0.0,0.0
39.068893921151925,100000000.0,661.930478907424,661.9304789074237,228.68890147326474,0.0,0.0
39.068893921151925,100000000.0,662.0052356036255,662.0052356036256,228.76365816946645,0.0,0.0
39.068893921151925,100000000.0,662.08076969126,662.0807696912599,228.8391922571009,0.0,0.0
39.068893921151925,100000000.0,662.2312032500846,662.2312032500845,228.9896258159256,0.0,0.0
39.068893921151925,100000000.0,662.3499068240101,662.34990682401,229.10832938985092,0.0,0.0
39.068893921151925,100000000.0,662.4379084472214,662.4379084472214,229.19633101306232,0.0,0.0
39.068893921151925,100000000.0,662.972227395994,662.972227395994,229.73064996183493,0.0,0.0
39.068893921151925,100000000.0,662.9837789805305,662.9837789805302,229.74220154637126,0.0,0.0
39.068893921151925,100000000.0,663.0835064968558,663.0835064968556,229.84192906269664,0.0,0.0
39.068893921151925,100000000.0,663.2535705261747,663.2535705261747,230.01199309201576,0.0,0.0
39.068893921151925,100000000.0,663.4474991186726,663.4474991186726,230.2059216845135,0.0,0.0
39.068893921151925,100000000.0,663.5696841319984,663.5696841319985,230.32810669783933,0.0,0.0
39.068893921151925,100000000.0,663.6700566095656,663.6700566095656,230.4284791754065,0.0,0.0
39.068893921151925,100000000.0,663.7721720557957,663.7721720557956,230.5305946216366,0.0,0.0
39.068893921151925,100000000.0,663.8688894014113,663.8688894014113,230.6273119672522,0.0,0.0
39.068893921151925,100000000.0,663.9155800605222,663.9155800605222,230.67400262636298,0.0,0.0
39.068893921151925,100000000.0,664.4899227407434,664.4899227407433,231.2483453065842,0.0,0.0
39.068893921151925,100000000.0,664.5062145719736,664.5062145719736,231.26463713781447,0.0,0.0
39.068893921151925,100000000.0,664.8838712345487,664.883871234549,231.64229380038987,0.0,0.0
39.068893921151925,100000000.0,665.0902442137894,665.0902442137896,231.84866677963046,0.0,0.0
39.068893921151925,100000000.0,665.1211328842289,665.1211328842292,231.87955545006997,0.0,0.0
39.068893921151925,100000000.0,665.1242242537504,665.1242242537504,231.88264681959134,0.0,0.0
39.068893921151925,100000000.0,665.1740809117214,665.1740809117213,231.93250347756242,0.0,0.0
39.068893921151925,100000000.0,665.20608823769,665.2060882376901,231.964510803531,0.0,0.0
39.068893921151925,100000000.0,665.225249435317,665.2252494353169,231.98367200115788,0.0,0.0
39.068893921151925,100000000.0,665.2345835898853,665.2345835898852,231.99300615572622,0.0,0.0
39.068893921151925,100000000.0,665.338623820001,665.338623820001,232.09704638584196,0.0,0.0
39.068893921151925,100000000.0,665.5730801198108,665.5730801198107,232.33150268565163,0.0,0.0
39.068893921151925,100000000.0,665.6672877640137,665.667287764014,232.42571032985487,0.0,0.0
39.068893921151925,100000000.0,665.9570162524816,665.9570162524815,232.71543881832258,0.0,0.0
39.068893921151925,100000000.0,665.9950862186208,665.9950862186208,232.75350878446173,0.0,0.0
39.068893921151925,100000000.0,666.3802747534105,666.3802747534106,233.13869731925143,0.0,0.0
39.068893921151925,100000000.0,666.4172608841164,666.4172608841163,233.1756834499573,0.0,0.0
39.068893921151925,100000000.0,666.7453013654979,666.745301365498,233.50372393133893,0.0,0.0
39.068893921151925,100000000.0,667.0109678306073,667.0109678306073,233.7693903964483,0.0,0.0
39.068893921151925,100000000.0,667.1575416669132,667.1575416669131,233.91596423275413,0.0,0.0
39.068893921151925,100000000.0,667.8767278679782,667.8767278679782,234.63515043381923,0.0,0.0
39.068893921151925,100000000.0,667.9349101868194,667.9349101868195,234.69333275266047,0.0,0.0
39.068893921151925,100000000.0,668.1988336763956,668.1988336763955,234.9572562422364,0.0,0.0
39.068893921151925,100000000.0,668.2472140320614,668.2472140320614,235.0056365979023,0.0,0.0
39.068893921151925,100000000.0,668.4594457512839,668.4594457512839,235.21786831712475,0.0,0.0
39.068893921151925,100000000.0,668.5334618260807,668.5334618260808,235.2918843919217,0.0,0.0
39.068893921151925,100000000.0,668.5586861291457,668.5586861291455,235.31710869498647,0.0,0.0
39.068893921151925,100000000.0,668.712301207471,668.712301207471,235.47072377331196,0.0,0.0
39.068893921151925,100000000.0,668.9722589965866,668.9722589965864,235.73068156242738,0.0,0.0
39.068893921151925,100000000.0,669.1356303327374,669.1356303327375,235.89405289857837,0.0,0.0
39.068893921151925,100000000.0,669.1380664761765,669.1380664761764,235.89648904201727,0.0,0.0
39.068893921151925,100000000.0,669.2855288587195,669.2855288587197,236.04395142456056,0.0,0.0
39.068893921151925,100000000.0,669.6223721934865,669.6223721934865,236.38079475932747,0.0,0.0
39.068893921151925,100000000.0,669.747218927575,669.7472189275751,236.50564149341596,0.0,0.0
39.068893921151925,100000000.0,669.7658314113646,669.7658314113647,236.52425397720563,0.0,0.0
39.068893921151925,100000000.0,670.5080343812176,670.5080343812177,237.26645694705851,0.0,0.0
39.068893921151925,100000000.0,670.8460727979456,670.8460727979456,237.60449536378644,0.0,0.0
39.068893921151925,100000000.0,671.4019616623834,671.4019616623834,238.1603842282244,0.0,0.0
39.068893921151925,100000000.0,671.5986072752487,671.5986072752489,238.3570298410896,0.0,0.0
39.068893921151925,100000000.0,671.8519674482345,671.8519674482345,238.6103900140754,0.0,0.0
39.068893921151925,100000000.0,672.078393054035,672.078393054035,238.83681561987586,0.0,0.0
39.068893921151925,100000000.0,673.1106433102002,673.1106433102001,239.86906587604108,0.0,0.0
39.068893921151925,100000000.0,674.2099363280452,674.2099363280452,240.96835889388618,0.0,0.0
39.068893921151925,100000000.0,674.4424854170484,674.4424854170483,241.20090798288928,0.0,0.0
39.068893921151925,100000000.0,674.597027883273,674.597027883273,241.35545044911387,0.0,0.0
39.068893921151925,100000000.0,674.7843886979384,674.7843886979384,241.54281126377936,0.0,0.0
39.068893921151925,100000000.0,674.8464150533241,674.8464150533241,241.60483761916498,0.0,0.0
39.068893921151925,100000000.0,675.4087081779041,675.4087081779041,242.16713074374508,0.0,0.0
39.068893921151925,100000000.0,676.4937185438029,676.4937185438029,243.25214110964387,0.0,0.0
39.068893921151925,100000000.0,677.2395086297837,677.2395086297837,243.99793119562463,0.0,0.0
39.068893921151925,100000000.0,679.2871899609163,679.2871899609165,246.04561252675734,0.0,0.0
39.068893921151925,100000000.0,680.4634538968587,680.4634538968588,247.22187646269975,0.0,0.0
39.18837066097196,100000000.0,639.3044148320836,639.3044148320836,206.0628373979245,0.0,0.0
39.18837066097196,100000000.0,642.470781834239,642.4707818342391,209.2292044000801,0.0,0.0
39.18837066097196,100000000.0,645.0227683175184,645.0227683175184,211.78119088335922,0.0,0.0
39.18837066097196,100000000.0,645.0581656567722,645.0581656567722,211.81658822261306,0.0,0.0
39.18837066097196,100000000.0,646.4457633266138,646.4457633266139,213.20418589245492,0.0,0.0
39.18837066097196,100000000.0,646.9641475302018,646.9641475302017,213.72257009604277,0.0,0.0
39.18837066097196,100000000.0,647.5347084159454,647.5347084159451,214.29313098178613,0.0,0.0
39.18837066097196,100000000.0,647.7912916641922,647.7912916641922,214.54971423003312,0.0,0.0
39.18837066097196,100000000.0,647.8712500314829,647.871250031483,214.62967259732372,0.0,0.0
39.18837066097196,100000000.0,649.3603774925214,649.3603774925213,216.1188000583623,0.0,0.0
39.18837066097196,100000000.0,650.4538702157955,650.4538702157953,217.21229278163645,0.0,0.0
39.18837066097196,100000000.0,650.5303112453902,650.5303112453902,217.2887338112311,0.0,0.0
39.18837066097196,100000000.0,650.5434623450407,650.5434623450407,217.30188491088168,0.0,0.0
39.18837066097196,100000000.0,650.638704062839,650.638704062839,217.3971266286799,0.0,0.0
39.18837066097196,100000000.0,650.881132417596,650.8811324175958,217.63955498343682,0.0,0.0
39.18837066097196,100000000.0,651.1822639299626,651.1822639299626,217.94068649580342,0.0,0.0
39.18837066097196,100000000.0,652.1529113828558,652.1529113828561,218.91133394869692,0.0,0.0
39.18837066097196,100000000.0,652.2224232813772,652.2224232813772,218.9808458472183,0.0,0.0
39.18837066097196,100000000.0,653.0083928134467,653.0083928134469,219.7668153792876,0.0,0.0
39.18837066097196,100000000.0,653.0595144361043,653.0595144361043,219.8179370019453,0.0,0.0
39.18837066097196,100000000.0,653.2443795567877,653.2443795567877,220.00280212262868,0.0,0.0
39.18837066097196,100000000.0,653.4096949895376,653.4096949895376,220.16811755537853,0.0,0.0
39.18837066097196,100000000.0,654.2588424142899,654.25884241429,221.01726498013102,0.0,0.0
39.18837066097196,100000000.0,654.2604076090388,654.2604076090389,221.01883017487967,0.0,0.0
39.18837066097196,100000000.0,654.3090826499765,654.3090826499765,221.06750521581748,0.0,0.0
39.18837066097196,100000000.0,655.0295655688412,655.0295655688411,221.78798813468205,0.0,0.0
39.18837066097196,100000000.0,655.2660073476479,655.266007347648,222.02442991348894,0.0,0.0
39.18837066097196,100000000.0,655.2774163097728,655.2774163097728,222.03583887561365,0.0,0.0
39.18837066097196,100000000.0,655.7641553519304,655.7641553519303,222.5225779177712,0.0,0.0
39.18837066097196,100000000.0,656.1081085864207,656.1081085864208,222.86653115226173,0.0,0.0
39.18837066097196,100000000.0,656.2280543642373,656.2280543642372,222.98647693007814,0.0,0.0
39.18837066097196,100000000.0,656.3396121807436,656.3396121807436,223.09803474658437,0.0,0.0
39.18837066097196,100000000.0,656.5303681535268,656.5303681535265,223.2887907193676,0.0,0.0
39.18837066097196,100000000.0,656.652440699992,656.652440699992,223.41086326583297,0.0,0.0
39.18837066097196,100000000.0,656.6633430068779,656.6633430068779,223.42176557271893,0.0,0.0
39.18837066097196,100000000.0,657.1336567440068,657.133656744007,223.8920793098478,0.0,0.0
39.18837066097196,100000000.0,657.1472890037805,657.1472890037804,223.90571156962145,0.0,0.0
39.18837066097196,100000000.0,657.4503382802326,657.4503382802326,224.20876084607352,0.0,0.0
39.18837066097196,100000000.0,657.6772647246469,657.6772647246468,224.43568729048775,0.0,0.0
39.18837066097196,100000000.0,658.1868003657171,658.1868003657172,224.94522293155805,0.0,0.0
39.18837066097196,100000000.0,658.6104629242933,658.6104629242933,225.3688854901342,0.0,0.0
39.18837066097196,100000000.0,659.316381133856,659.316381133856,226.07480369969696,0.0,0.0
39.18837066097196,100000000.0,659.6799890712728,659.6799890712725,226.43841163711357,0.0,0.0
39.18837066097196,100000000.0,659.862217778777,659.8622177787768,226.6206403446178,0.0,0.0
39.18837066097196,100000000.0,-1.0,581.6274115748746,192.55570084552198,1.0,1.0
39.18837066097196,100000000.0,660.0768755776852,660.0768755776851,226.8352981435262,0.0,0.0
39.18837066097196,100000000.0,660.4150563194579,660.4150563194579,227.17347888529883,0.0,0.0
39.18837066097196,100000000.0,660.4704083022983,660.4704083022984,227.22883086813937,0.0,0.0
39.18837066097196,100000000.0,660.61954907901,660.6195490790101,227.37797164485096,0.0,0.0
39.18837066097196,100000000.0,660.8339467284296,660.8339467284295,227.5923692942706,0.0,0.0
39.18837066097196,100000000.0,661.1713298231209,661.1713298231209,227.9297523889618,0.0,0.0
39.18837066097196,100000000.0,661.3127695730275,661.3127695730275,228.07119213886844,0.0,0.0
39.18837066097196,100000000.0,661.3381172832861,661.3381172832861,228.09653984912708,0.0,0.0
39.18837066097196,100000000.0,661.4696018907433,661.4696018907433,228.22802445658445,0.0,0.0
39.18837066097196,100000000.0,661.4751786540353,661.4751786540353,228.2336012198762,0.0,0.0
39.18837066097196,100000000.0,661.6557834621842,661.6557834621842,228.41420602802526,0.0,0.0
39.18837066097196,100000000.0,661.7439567109643,661.7439567109644,228.50237927680536,0.0,0.0
39.18837066097196,100000000.0,662.127542769547,662.1275427695471,228.8859653353879,0.0,0.0
39.18837066097196,100000000.0,662.2924948602297,662.2924948602298,229.0509174260706,0.0,0.0
39.18837066097196,100000000.0,662.5764863071757,662.5764863071757,229.33490887301673,0.0,0.0
39.18837066097196,100000000.0,662.7096498561151,662.7096498561151,229.46807242195604,0.0,0.0
39.18837066097196,100000000.0,662.7823834491965,662.7823834491967,229.54080601503762,0.0,0.0
39.18837066097196,100000000.0,662.7908933519398,662.7908933519396,229.54931591778066,0.0,0.0
39.18837066097196,100000000.0,662.8233412505051,662.8233412505051,229.58176381634595,0.0,0.0
39.18837066097196,100000000.0,662.842674786843,662.8426747868431,229.601097352684,0.0,0.0
39.18837066097196,100000000.0,663.2444854110371,663.2444854110371,230.002907976878,0.0,0.0
39.18837066097196,100000000.0,663.3957783414,663.3957783413999,230.154200907241,0.0,0.0
39.18837066097196,100000000.0,663.4626689676866,663.4626689676865,230.22109153352733,0.0,0.0
39.18837066097196,100000000.0,663.5506357875705,663.5506357875704,230.3090583534114,0.0,0.0
39.18837066097196,100000000.0,663.5693766412047,663.5693766412049,230.32779920704573,0.0,0.0
39.18837066097196,100000000.0,663.5859672920012,663.5859672920011,230.3443898578421,0.0,0.0
39.18837066097196,100000000.0,663.6516952423716,663.6516952423716,230.41011780821262,0.0,0.0
39.18837066097196,100000000.0,663.742425075286,663.742425075286,230.50084764112688,0.0,0.0
39.18837066097196,100000000.0,663.8549202581218,663.854920258122,230.6133428239628,0.0,0.0
39.18837066097196,100000000.0,663.9748827366319,663.974882736632,230.733305302473,0.0,0.0
39.18837066097196,100000000.0,664.0854644926154,664.0854644926156,230.84388705845652,0.0,0.0
39.18837066097196,100000000.0,664.2444512605759,664.2444512605757,231.00287382641696,0.0,0.0
39.18837066097196,100000000.0,664.4944362920105,664.4944362920104,231.25285885785127,0.0,0.0
39.18837066097196,100000000.0,664.7505473046095,664.7505473046094,231.50896987045047,0.0,0.0
39.18837066097196,100000000.0,664.8050620408296,664.8050620408296,231.56348460667056,0.0,0.0
39.18837066097196,100000000.0,664.815914338894,664.8159143388941,231.574336904735,0.0,0.0
39.18837066097196,100000000.0,664.9674393896012,664.9674393896015,231.72586195544235,0.0,0.0
39.18837066097196,100000000.0,665.000217564974,665.000217564974,231.75864013081497,0.0,0.0
39.18837066097196,100000000.0,665.8724427624131,665.872442762413,232.63086532825403,0.0,0.0
39.18837066097196,100000000.0,665.9782241730436,665.9782241730435,232.73664673888447,0.0,0.0
39.18837066097196,100000000.0,666.1341081648462,666.1341081648463,232.89253073068718,0.0,0.0
39.18837066097196,100000000.0,666.1625003209224,666.1625003209223,232.92092288676332,0.0,0.0
39.18837066097196,100000000.0,666.3329269253953,666.3329269253953,233.09134949123634,0.0,0.0
39.18837066097196,100000000.0,666.3630231420756,666.3630231420755,233.1214457079165,0.0,0.0
39.18837066097196,100000000.0,666.5557921275226,666.5557921275226,233.31421469336377,0.0,0.0
39.18837066097196,100000000.0,667.0548129348283,667.0548129348285,233.8132355006693,0.0,0.0
39.18837066097196,100000000.0,667.1112267439182,667.1112267439181,233.86964930975907,0.0,0.0
39.18837066097196,100000000.0,667.1185281514012,667.1185281514012,233.8769507172421,0.0,0.0
39.18837066097196,100000000.0,667.5995021367102,667.59950213671,234.35792470255103,0.0,0.0
39.18837066097196,100000000.0,667.9086316329763,667.9086316329762,234.66705419881717,0.0,0.0
39.18837066097196,100000000.0,668.5794244594749,668.5794244594749,235.3378470253157,0.0,0.0
39.18837066097196,100000000.0,668.6875814275722,668.6875814275721,235.44600399341317,0.0,0.0
39.18837066097196,100000000.0,668.8169754373569,668.8169754373566,235.5753980031976,0.0,0.0
39.18837066097196,100000000.0,668.8855786524059,668.885578652406,235.64400121824696,0.0,0.0
39.18837066097196,100000000.0,668.8995205692737,668.8995205692738,235.65794313511472,0.0,0.0
39.18837066097196,100000000.0,669.0523297831712,669.0523297831712,235.8107523490122,0.0,0.0
39.18837066097196,100000000.0,669.107042470769,669.1070424707688,235.8654650366099,0.0,0.0
39.18837066097196,100000000.0,669.1374854602391,669.1374854602392,235.8959080260801,0.0,0.0
39.18837066097196,100000000.0,669.1883551335877,669.1883551335878,235.9467776994288,0.0,0.0
39.18837066097196,100000000.0,669.2480270597911,669.2480270597912,236.0064496256322,0.0,0.0
39.18837066097196,100000000.0,669.7330908337353,669.7330908337352,236.49151339957626,0.0,0.0
39.18837066097196,100000000.0,670.360925572432,670.360925572432,237.11934813827304,0.0,0.0
39.18837066097196,100000000.0,670.5511525369111,670.5511525369111,237.309575102752,0.0,0.0
39.18837066097196,100000000.0,670.6182009260734,670.6182009260735,237.37662349191442,0.0,0.0
39.18837066097196,100000000.0,670.6390887903946,670.6390887903946,237.39751135623558,0.0,0.0
39.18837066097196,100000000.0,670.6693986352449,670.6693986352448,237.42782120108586,0.0,0.0
39.18837066097196,100000000.0,670.7187644668204,670.7187644668203,237.47718703266113,0.0,0.0
39.18837066097196,100000000.0,671.0210169397641,671.0210169397642,237.77943950560507,0.0,0.0
39.18837066097196,100000000.0,671.346293034902,671.3462930349019,238.10471560074296,0.0,0.0
39.18837066097196,100000000.0,671.4459878216023,671.4459878216023,238.20441038744326,0.0,0.0
39.18837066097196,100000000.0,671.49949247204,671.4994924720396,238.25791503788074,0.0,0.0
39.18837066097196,100000000.0,671.5638142803175,671.5638142803174,238.32223684615846,0.0,0.0
39.18837066097196,100000000.0,672.1306523893114,672.1306523893114,238.88907495515238,0.0,0.0
39.18837066097196,100000000.0,672.7303139863219,672.7303139863219,239.48873655216278,0.0,0.0
39.18837066097196,100000000.0,673.2668219111409,673.266821911141,240.02524447698192,0.0,0.0
39.18837066097196,100000000.0,674.8012091485322,674.8012091485322,241.55963171437307,0.0,0.0
39.18837066097196,100000000.0,674.8046282500877,674.8046282500877,241.56305081592865,0.0,0.0
39.18837066097196,100000000.0,674.9513585145567,674.9513585145568,241.70978108039776,0.0,0.0
39.18837066097196,100000000.0,676.0511860602984,676.0511860602986,242.8096086261395,0.0,0.0
39.18837066097196,100000000.0,676.3771309993972,676.3771309993975,243.13555356523824,0.0,0.0
39.18837066097196,100000000.0,677.6220131616504,677.6220131616506,244.38043572749143,0.0,0.0
39.18837066097196,100000000.0,677.7651291897192,677.7651291897193,244.5235517555601,0.0,0.0
39.18837066097196,100000000.0,678.0083688909366,678.0083688909366,244.76679145677753,0.0,0.0
39.307847400792,100000000.0,636.8969119400068,636.8969119400067,203.6553345058477,0.0,0.0
39.307847400792,100000000.0,638.4404401011789,638.440440101179,205.19886266701985,0.0,0.0
39.307847400792,100000000.0,639.7247558070724,639.7247558070724,206.4831783729134,0.0,0.0
39.307847400792,100000000.0,641.1821484698431,641.1821484698434,207.94057103568414,0.0,0.0
39.307847400792,100000000.0,642.6535008099879,642.6535008099879,209.41192337582876,0.0,0.0
39.307847400792,100000000.0,644.3535334250134,644.3535334250137,211.11195599085448,0.0,0.0
39.307847400792,100000000.0,647.0189645487146,647.0189645487145,213.77738711455535,0.0,0.0
39.307847400792,100000000.0,647.2232568091474,647.2232568091471,213.98167937498823,0.0,0.0
39.307847400792,100000000.0,648.6507910403067,648.6507910403063,215.40921360614743,0.0,0.0
39.307847400792,100000000.0,650.0363682735888,650.0363682735888,216.79479083942965,0.0,0.0
39.307847400792,100000000.0,650.4743202870266,650.4743202870267,217.2327428528675,0.0,0.0
39.307847400792,100000000.0,651.2661295844069,651.2661295844067,218.0245521502479,0.0,0.0
39.307847400792,100000000.0,651.6836981598872,651.6836981598872,218.4421207257282,0.0,0.0
39.307847400792,100000000.0,652.5596501416721,652.5596501416724,219.3180727075132,0.0,0.0
39.307847400792,100000000.0,652.6713157105079,652.6713157105078,219.42973827634887,0.0,0.0
39.307847400792,100000000.0,653.400314166576,653.4003141665759,220.15873673241683,0.0,0.0
39.307847400792,100000000.0,654.6765885951513,654.6765885951514,221.43501116099227,0.0,0.0
39.307847400792,100000000.0,654.6778005345793,654.6778005345794,221.43622310042036,0.0,0.0
39.307847400792,100000000.0,655.4085711123979,655.4085711123981,222.16699367823887,0.0,0.0
39.307847400792,100000000.0,655.4775205762887,655.4775205762886,222.23594314212954,0.0,0.0
39.307847400792,100000000.0,655.6892854708944,655.6892854708946,222.44770803673546,0.0,0.0
39.307847400792,100000000.0,656.5388399730135,656.5388399730136,223.29726253885445,0.0,0.0
39.307847400792,100000000.0,657.0520932654769,657.0520932654771,223.81051583131787,0.0,0.0
39.307847400792,100000000.0,657.5296976494365,657.5296976494366,224.2881202152775,0.0,0.0
39.307847400792,100000000.0,658.350768368189,658.3507683681892,225.1091909340302,0.0,0.0
39.307847400792,100000000.0,658.9625809048123,658.9625809048123,225.7210034706532,0.0,0.0
39.307847400792,100000000.0,658.9896375257416,658.9896375257416,225.7480600915825,0.0,0.0
39.307847400792,100000000.0,659.0771493680038,659.0771493680038,225.8355719338447,0.0,0.0
39.307847400792,100000000.0,659.2240510447455,659.2240510447454,225.9824736105864,0.0,0.0
39.307847400792,100000000.0,659.3202990978184,659.3202990978184,226.07872166365934,0.0,0.0
39.307847400792,100000000.0,659.494688447511,659.494688447511,226.25311101335186,0.0,0.0
39.307847400792,100000000.0,659.9950048570968,659.9950048570967,226.7534274229377,0.0,0.0
39.307847400792,100000000.0,660.2634962653535,660.2634962653536,227.0219188311945,0.0,0.0
39.307847400792,100000000.0,660.2682895496823,660.2682895496824,227.02671211552334,0.0,0.0
39.307847400792,100000000.0,660.6213919435248,660.6213919435249,227.37981450936599,0.0,0.0
39.307847400792,100000000.0,660.7239072830735,660.7239072830736,227.48232984891436,0.0,0.0
39.307847400792,100000000.0,660.9729379674355,660.9729379674355,227.73136053327644,0.0,0.0
39.307847400792,100000000.0,660.9966364562341,660.9966364562343,227.75505902207502,0.0,0.0
39.307847400792,100000000.0,661.0661011564628,661.066101156463,227.82452372230392,0.0,0.0
39.307847400792,100000000.0,661.949467711056,661.949467711056,228.70789027689713,0.0,0.0
39.307847400792,100000000.0,662.2548695448507,662.2548695448509,229.01329211069185,0.0,0.0
39.307847400792,100000000.0,662.357869457687,662.357869457687,229.1162920235279,0.0,0.0
39.307847400792,100000000.0,662.5103179255839,662.5103179255839,229.26874049142486,0.0,0.0
39.307847400792,100000000.0,662.6425481218994,662.6425481218993,229.40097068774043,0.0,0.0
39.307847400792,100000000.0,663.0136499384661,663.0136499384663,229.77207250430715,0.0,0.0
39.307847400792,100000000.0,663.1089159126681,663.1089159126681,229.867338478509,0.0,0.0
39.307847400792,100000000.0,663.4984743393627,663.4984743393628,230.25689690520372,0.0,0.0
39.307847400792,100000000.0,663.5816109712107,663.5816109712107,230.34003353705174,0.0,0.0
39.307847400792,100000000.0,663.600126668767,663.600126668767,230.35854923460795,0.0,0.0
39.307847400792,100000000.0,663.6360917261337,663.6360917261334,230.3945142919746,0.0,0.0
39.307847400792,100000000.0,663.8867395064342,663.8867395064343,230.64516207227516,0.0,0.0
39.307847400792,100000000.0,663.9094864691376,663.9094864691378,230.66790903497872,0.0,0.0
39.307847400792,100000000.0,664.0635245035224,664.0635245035224,230.8219470693633,0.0,0.0
39.307847400792,100000000.0,664.1338261068964,664.1338261068961,230.8922486727372,0.0,0.0
39.307847400792,100000000.0,664.1575641855628,664.1575641855628,230.9159867514038,0.0,0.0
39.307847400792,100000000.0,664.4057420099974,664.4057420099974,231.16416457583844,0.0,0.0
39.307847400792,100000000.0,664.4061374009315,664.4061374009315,231.16455996677254,0.0,0.0
39.307847400792,100000000.0,664.8187314836035,664.8187314836035,231.5771540494445,0.0,0.0
39.307847400792,100000000.0,664.9139171426099,664.9139171426099,231.67233970845092,0.0,0.0
39.307847400792,100000000.0,664.9857959442932,664.9857959442929,231.74421851013386,0.0,0.0
39.307847400792,100000000.0,665.1119548173931,665.1119548173932,231.87037738323409,0.0,0.0
39.307847400792,100000000.0,665.1383630438329,665.138363043833,231.89678560967388,0.0,0.0
39.307847400792,100000000.0,665.2681448933431,665.2681448933431,232.0265674591841,0.0,0.0
39.307847400792,100000000.0,665.5111222789873,665.5111222789875,232.26954484482837,0.0,0.0
39.307847400792,100000000.0,665.6202929639361,665.620292963936,232.37871552977705,0.0,0.0
39.307847400792,100000000.0,665.8528296195981,665.8528296195981,232.6112521854389,0.0,0.0
39.307847400792,100000000.0,666.1127121251766,666.1127121251768,232.87113469101766,0.0,0.0
39.307847400792,100000000.0,666.1593883568668,666.1593883568669,232.9178109227078,0.0,0.0
39.307847400792,100000000.0,666.2397745946494,666.2397745946494,232.99819716049043,0.0,0.0
39.307847400792,100000000.0,666.3777017982165,666.3777017982165,233.13612436405754,0.0,0.0
39.307847400792,100000000.0,666.5498644737903,666.5498644737903,233.3082870396312,0.0,0.0
39.307847400792,100000000.0,666.6716536799727,666.6716536799728,233.4300762458138,0.0,0.0
39.307847400792,100000000.0,666.8194153624552,666.8194153624553,233.57783792829622,0.0,0.0
39.307847400792,100000000.0,667.3305574051197,667.3305574051197,234.0889799709608,0.0,0.0
39.307847400792,100000000.0,667.5273212186331,667.5273212186331,234.28574378447405,0.0,0.0
39.307847400792,100000000.0,667.7200269125168,667.7200269125167,234.4784494783577,0.0,0.0
39.307847400792,100000000.0,668.1874467244982,668.1874467244982,234.9458692903392,0.0,0.0
39.307847400792,100000000.0,668.2725487866954,668.2725487866954,235.03097135253648,0.0,0.0
39.307847400792,100000000.0,668.4145038784471,668.414503878447,235.1729264442879,0.0,0.0
39.307847400792,100000000.0,668.419921858186,668.4199218581861,235.17834442402693,0.0,0.0
39.307847400792,100000000.0,668.6270941483862,668.6270941483863,235.3855167142273,0.0,0.0
39.307847400792,100000000.0,668.6646520702666,668.6646520702666,235.4230746361074,0.0,0.0
39.307847400792,100000000.0,668.6901896381612,668.6901896381612,235.44861220400216,0.0,0.0
39.307847400792,100000000.0,668.9412852179621,668.941285217962,235.69970778380303,0.0,0.0
39.307847400792,100000000.0,669.3202049187021,669.3202049187022,236.07862748454303,0.0,0.0
39.307847400792,100000000.0,669.3242417234711,669.3242417234712,236.08266428931216,0.0,0.0
39.307847400792,100000000.0,669.520791609173,669.520791609173,236.27921417501395,0.0,0.0
39.307847400792,100000000.0,669.8597175467648,669.859717546765,236.6181401126059,0.0,0.0
39.307847400792,100000000.0,670.2828190281521,670.2828190281521,237.04124159399305,0.0,0.0
39.307847400792,100000000.0,670.3648728827998,670.3648728828,237.12329544864082,0.0,0.0
39.307847400792,100000000.0,670.4393602308946,670.4393602308946,237.1977827967356,0.0,0.0
39.307847400792,100000000.0,670.7253972061371,670.7253972061372,237.483819771978,0.0,0.0
39.307847400792,100000000.0,670.7553843595925,670.7553843595925,237.51380692543353,0.0,0.0
39.307847400792,100000000.0,670.7790289290418,670.7790289290417,237.5374514948827,0.0,0.0
39.307847400792,100000000.0,671.1932938739438,671.1932938739438,237.95171643978492,0.0,0.0
39.307847400792,100000000.0,671.4856787891644,671.4856787891644,238.24410135500537,0.0,0.0
39.307847400792,100000000.0,671.5953237041995,671.5953237041995,238.35374627004046,0.0,0.0
39.307847400792,100000000.0,671.6508134946243,671.6508134946243,238.40923606046513,0.0,0.0
39.307847400792,100000000.0,671.7933228307901,671.7933228307901,238.55174539663093,0.0,0.0
39.307847400792,100000000.0,672.1460873788382,672.1460873788379,238.90450994467906,0.0,0.0
39.307847400792,100000000.0,672.1540557750434,672.1540557750434,238.91247834088438,0.0,0.0
39.307847400792,100000000.0,672.1774871680074,672.1774871680074,238.93590973384812,0.0,0.0
39.307847400792,100000000.0,672.2819403666927,672.2819403666927,239.04036293253353,0.0,0.0
39.307847400792,100000000.0,672.2824910789449,672.282491078945,239.04091364478592,0.0,0.0
39.307847400792,100000000.0,672.2945200320295,672.2945200320295,239.05294259787053,0.0,0.0
39.307847400792,100000000.0,672.5786938144279,672.578693814428,239.33711638026887,0.0,0.0
39.307847400792,100000000.0,672.5829754996382,672.5829754996383,239.34139806547935,0.0,0.0
39.307847400792,100000000.0,672.9063438936564,672.9063438936564,239.6647664594973,0.0,0.0
39.307847400792,100000000.0,672.9085678956906,672.9085678956905,239.66699046153127,0.0,0.0
39.307847400792,100000000.0,673.7047929810085,673.7047929810084,240.46321554684934,0.0,0.0
39.307847400792,100000000.0,673.8207214836743,673.8207214836744,240.57914404951535,0.0,0.0
39.307847400792,100000000.0,674.1186980510537,674.1186980510536,240.87712061689453,0.0,0.0
39.307847400792,100000000.0,674.1985543826005,674.1985543826004,240.95697694844142,0.0,0.0
39.307847400792,100000000.0,674.2828046999421,674.2828046999422,241.04122726578302,0.0,0.0
39.307847400792,100000000.0,674.569450531339,674.569450531339,241.32787309717997,0.0,0.0
39.307847400792,100000000.0,675.1448701863449,675.1448701863447,241.90329275218568,0.0,0.0
39.307847400792,100000000.0,675.2493690819701,675.24936908197,242.00779164781102,0.0,0.0
39.307847400792,100000000.0,675.7908179017768,675.7908179017768,242.54924046761772,0.0,0.0
39.307847400792,100000000.0,676.6300481293972,676.6300481293971,243.38847069523825,0.0,0.0
39.307847400792,100000000.0,676.8344272178316,676.8344272178317,243.59284978367273,0.0,0.0
39.307847400792,100000000.0,677.430804195538,677.430804195538,244.18922676137905,0.0,0.0
39.307847400792,100000000.0,677.9071354800044,677.9071354800043,244.6655580458454,0.0,0.0
39.307847400792,100000000.0,679.6890945372852,679.6890945372852,246.44751710312616,0.0,0.0
39.307847400792,100000000.0,680.6543098712634,680.6543098712634,247.41273243710447,0.0,0.0
39.307847400792,100000000.0,682.1470689850302,682.14706898503,248.90549155087106,0.0,0.0
39.307847400792,100000000.0,683.0307703717798,683.0307703717795,249.78919293762058,0.0,0.0
39.307847400792,100000000.0,683.3959417160712,683.3959417160711,250.1543642819121,0.0,0.0
39.307847400792,100000000.0,683.4473591015985,683.4473591015986,250.20578166743948,0.0,0.0
39.427324140612036,100000000.0,639.1680784324525,639.1680784324526,205.9265009982935,0.0,0.0
39.427324140612036,100000000.0,648.7163132966219,648.7163132966218,215.47473586246284,0.0,0.0
39.427324140612036,100000000.0,649.3663849052823,649.3663849052822,216.12480747112326,0.0,0.0
39.427324140612036,100000000.0,649.889030970035,649.8890309700349,216.64745353587588,0.0,0.0
39.427324140612036,100000000.0,649.9066813471095,649.9066813471094,216.66510391295023,0.0,0.0
39.427324140612036,100000000.0,649.9810418774338,649.9810418774334,216.73946444327453,0.0,0.0
39.427324140612036,100000000.0,650.2838371106934,650.2838371106935,217.04225967653443,0.0,0.0
39.427324140612036,100000000.0,651.0688665831988,651.0688665831987,217.82728914903964,0.0,0.0
39.427324140612036,100000000.0,651.7566646454286,651.7566646454287,218.51508721126967,0.0,0.0
39.427324140612036,100000000.0,652.0345211911558,652.0345211911558,218.79294375699675,0.0,0.0
39.427324140612036,100000000.0,652.1356705756332,652.1356705756331,218.89409314147403,0.0,0.0
39.427324140612036,100000000.0,652.2432712941709,652.2432712941708,219.00169386001193,0.0,0.0
39.427324140612036,100000000.0,652.7564138330712,652.7564138330712,219.51483639891217,0.0,0.0
39.427324140612036,100000000.0,653.2645517896476,653.2645517896477,220.02297435548857,0.0,0.0
39.427324140612036,100000000.0,653.4718324227433,653.4718324227433,220.2302549885842,0.0,0.0
39.427324140612036,100000000.0,653.7085347942769,653.7085347942769,220.46695736011787,0.0,0.0
39.427324140612036,100000000.0,654.0321694230161,654.0321694230162,220.79059198885707,0.0,0.0
39.427324140612036,100000000.0,654.164763710468,654.164763710468,220.92318627630902,0.0,0.0
39.427324140612036,100000000.0,654.4723177640358,654.4723177640359,221.23074032987665,0.0,0.0
39.427324140612036,100000000.0,654.8404294892155,654.8404294892152,221.5988520550562,0.0,0.0
39.427324140612036,100000000.0,655.5246310212958,655.5246310212959,222.28305358713683,0.0,0.0
39.427324140612036,100000000.0,655.560193070002,655.5601930700021,222.31861563584297,0.0,0.0
39.427324140612036,100000000.0,655.7646376567467,655.7646376567466,222.52306022258762,0.0,0.0
39.427324140612036,100000000.0,655.8759427891391,655.8759427891391,222.63436535498013,0.0,0.0
39.427324140612036,100000000.0,656.164362891406,656.164362891406,222.92278545724687,0.0,0.0
39.427324140612036,100000000.0,656.3168090514743,656.3168090514743,223.07523161731527,0.0,0.0
39.427324140612036,100000000.0,656.3385233449967,656.3385233449968,223.09694591083763,0.0,0.0
39.427324140612036,100000000.0,656.6876918226953,656.6876918226952,223.44611438853613,0.0,0.0
39.427324140612036,100000000.0,656.9614776833067,656.961477683307,223.71990024914774,0.0,0.0
39.427324140612036,100000000.0,657.068996747477,657.068996747477,223.8274193133178,0.0,0.0
39.427324140612036,100000000.0,657.4681529644163,657.4681529644163,224.2265755302572,0.0,0.0
39.427324140612036,100000000.0,657.559080611453,657.559080611453,224.31750317729401,0.0,0.0
39.427324140612036,100000000.0,657.5928121875205,657.5928121875204,224.35123475336135,0.0,0.0
39.427324140612036,100000000.0,657.6869698956859,657.6869698956859,224.44539246152686,0.0,0.0
39.427324140612036,100000000.0,657.7722920930239,657.7722920930239,224.53071465886487,0.0,0.0
39.427324140612036,100000000.0,657.7884889238434,657.7884889238434,224.54691148968425,0.0,0.0
39.427324140612036,100000000.0,657.9214075349846,657.9214075349845,224.6798301008256,0.0,0.0
39.427324140612036,100000000.0,657.9257287001557,657.9257287001557,224.6841512659966,0.0,0.0
39.427324140612036,100000000.0,658.1778763448351,658.1778763448352,224.93629891067613,0.0,0.0
39.427324140612036,100000000.0,658.1800095507507,658.1800095507506,224.93843211659166,0.0,0.0
39.427324140612036,100000000.0,658.280696002213,658.280696002213,225.03911856805382,0.0,0.0
39.427324140612036,100000000.0,658.54485217893,658.5448521789299,225.30327474477096,0.0,0.0
39.427324140612036,100000000.0,658.989175340993,658.9891753409929,225.74759790683396,0.0,0.0
39.427324140612036,100000000.0,659.1805060099073,659.1805060099073,225.93892857574818,0.0,0.0
39.427324140612036,100000000.0,659.8002542169912,659.8002542169911,226.55867678283224,0.0,0.0
39.427324140612036,100000000.0,659.9217742748191,659.921774274819,226.68019684066016,0.0,0.0
39.427324140612036,100000000.0,660.1530482292038,660.1530482292037,226.91147079504458,0.0,0.0
39.427324140612036,100000000.0,660.2640165654498,660.2640165654497,227.0224391312907,0.0,0.0
39.427324140612036,100000000.0,660.3548828482366,660.3548828482366,227.11330541407753,0.0,0.0
39.427324140612036,100000000.0,660.4913026013658,660.4913026013659,227.24972516720666,0.0,0.0
39.427324140612036,100000000.0,660.7012329434926,660.7012329434928,227.4596555093337,0.0,0.0
39.427324140612036,100000000.0,660.7672516300593,660.7672516300594,227.52567419590025,0.0,0.0
39.427324140612036,100000000.0,660.999344713591,660.9993447135911,227.75776727943202,0.0,0.0
39.427324140612036,100000000.0,661.0818255795281,661.0818255795282,227.84024814536906,0.0,0.0
39.427324140612036,100000000.0,661.1060759014239,661.106075901424,227.86449846726487,0.0,0.0
39.427324140612036,100000000.0,661.1572819399992,661.1572819399993,227.91570450584027,0.0,0.0
39.427324140612036,100000000.0,661.3225187539725,661.3225187539724,228.08094131981343,0.0,0.0
39.427324140612036,100000000.0,661.4929325801373,661.4929325801374,228.25135514597835,0.0,0.0
39.427324140612036,100000000.0,661.5620661252975,661.5620661252975,228.3204886911385,0.0,0.0
39.427324140612036,100000000.0,661.7216596746457,661.7216596746457,228.48008224048658,0.0,0.0
39.427324140612036,100000000.0,662.182532610608,662.1825326106081,228.9409551764489,0.0,0.0
39.427324140612036,100000000.0,662.1910873606602,662.1910873606599,228.94950992650095,0.0,0.0
39.427324140612036,100000000.0,662.3389958780372,662.3389958780372,229.09741844387815,0.0,0.0
39.427324140612036,100000000.0,662.3499606003792,662.3499606003793,229.10838316622025,0.0,0.0
39.427324140612036,100000000.0,662.7350805466447,662.7350805466447,229.49350311248563,0.0,0.0
39.427324140612036,100000000.0,663.3092722827253,663.3092722827255,230.0676948485663,0.0,0.0
39.427324140612036,100000000.0,663.3116717033818,663.3116717033819,230.07009426922266,0.0,0.0
39.427324140612036,100000000.0,663.3979609314807,663.3979609314808,230.15638349732177,0.0,0.0
39.427324140612036,100000000.0,663.5466114626083,663.5466114626083,230.30503402844928,0.0,0.0
39.427324140612036,100000000.0,663.9492593657778,663.9492593657778,230.70768193161882,0.0,0.0
39.427324140612036,100000000.0,663.9758272977247,663.9758272977245,230.7342498635657,0.0,0.0
39.427324140612036,100000000.0,664.0624108345581,664.062410834558,230.82083340039895,0.0,0.0
39.427324140612036,100000000.0,664.2262845130775,664.2262845130776,230.98470707891846,0.0,0.0
39.427324140612036,100000000.0,664.5720282979005,664.5720282979006,231.3304508637416,0.0,0.0
39.427324140612036,100000000.0,664.8575229584173,664.8575229584171,231.61594552425808,0.0,0.0
39.427324140612036,100000000.0,664.9849545797288,664.9849545797287,231.74337714556978,0.0,0.0
39.427324140612036,100000000.0,665.0339554086399,665.03395540864,231.79237797448098,0.0,0.0
39.427324140612036,100000000.0,665.5712112330532,665.5712112330534,232.32963379889426,0.0,0.0
39.427324140612036,100000000.0,666.2440899909386,666.2440899909386,233.0025125567795,0.0,0.0
39.427324140612036,100000000.0,666.5590674836624,666.5590674836624,233.31749004950325,0.0,0.0
39.427324140612036,100000000.0,666.5983451083041,666.5983451083041,233.35676767414506,0.0,0.0
39.427324140612036,100000000.0,666.7406973836511,666.7406973836512,233.49911994949218,0.0,0.0
39.427324140612036,100000000.0,666.7463309892092,666.7463309892094,233.50475355505029,0.0,0.0
39.427324140612036,100000000.0,666.8918585657005,666.8918585657008,233.65028113154165,0.0,0.0
39.427324140612036,100000000.0,667.2449238584196,667.2449238584195,234.00334642426049,0.0,0.0
39.427324140612036,100000000.0,667.272780480545,667.272780480545,234.031203046386,0.0,0.0
39.427324140612036,100000000.0,667.6116056320661,667.6116056320661,234.3700281979071,0.0,0.0
39.427324140612036,100000000.0,668.1815728927813,668.1815728927814,234.93999545862243,0.0,0.0
39.427324140612036,100000000.0,668.3867546643221,668.386754664322,235.14517723016303,0.0,0.0
39.427324140612036,100000000.0,668.4601650211379,668.4601650211379,235.218587586979,0.0,0.0
39.427324140612036,100000000.0,668.6886414046144,668.6886414046144,235.4470639704554,0.0,0.0
39.427324140612036,100000000.0,668.8854814747867,668.8854814747867,235.64390404062763,0.0,0.0
39.427324140612036,100000000.0,669.4053784620414,669.4053784620415,236.16380102788253,0.0,0.0
39.427324140612036,100000000.0,669.632896727585,669.632896727585,236.39131929342588,0.0,0.0
39.427324140612036,100000000.0,669.6862195043782,669.6862195043783,236.4446420702193,0.0,0.0
39.427324140612036,100000000.0,669.9717669179045,669.9717669179046,236.73018948374542,0.0,0.0
39.427324140612036,100000000.0,670.1629781987392,670.1629781987393,236.92140076458028,0.0,0.0
39.427324140612036,100000000.0,670.6331288087965,670.6331288087966,237.39155137463754,0.0,0.0
39.427324140612036,100000000.0,670.9504975755146,670.9504975755145,237.70892014135555,0.0,0.0
39.427324140612036,100000000.0,671.0606887780392,671.0606887780391,237.81911134388008,0.0,0.0
39.427324140612036,100000000.0,671.6137254500238,671.6137254500239,238.3721480158649,0.0,0.0
39.427324140612036,100000000.0,671.7476900620945,671.7476900620944,238.5061126279354,0.0,0.0
39.427324140612036,100000000.0,671.7731798187491,671.7731798187492,238.53160238459012,0.0,0.0
39.427324140612036,100000000.0,671.7945626761643,671.7945626761642,238.55298524200504,0.0,0.0
39.427324140612036,100000000.0,672.1106558837107,672.1106558837109,238.86907844955178,0.0,0.0
39.427324140612036,100000000.0,672.1170298186075,672.1170298186076,238.8754523844486,0.0,0.0
39.427324140612036,100000000.0,672.248470920212,672.2484709202121,239.0068934860529,0.0,0.0
39.427324140612036,100000000.0,672.357832690404,672.357832690404,239.116255256245,0.0,0.0
39.427324140612036,100000000.0,672.3904570401455,672.3904570401456,239.1488796059864,0.0,0.0
39.427324140612036,100000000.0,672.5422592736531,672.5422592736533,239.30068183949413,0.0,0.0
39.427324140612036,100000000.0,672.5532232470846,672.5532232470848,239.31164581292555,0.0,0.0
39.427324140612036,100000000.0,673.0911268255753,673.0911268255753,239.8495493914163,0.0,0.0
39.427324140612036,100000000.0,673.2702256617049,673.2702256617049,240.02864822754592,0.0,0.0
39.427324140612036,100000000.0,673.6085603946425,673.6085603946423,240.36698296048334,0.0,0.0
39.427324140612036,100000000.0,673.6309452154645,673.6309452154646,240.38936778130565,0.0,0.0
39.427324140612036,100000000.0,673.8811738901666,673.8811738901665,240.63959645600738,0.0,0.0
39.427324140612036,100000000.0,674.4479593349674,674.4479593349677,241.20638190080865,0.0,0.0
39.427324140612036,100000000.0,674.5975550116514,674.5975550116514,241.35597757749235,0.0,0.0
39.427324140612036,100000000.0,674.600596044248,674.600596044248,241.3590186100891,0.0,0.0
39.427324140612036,100000000.0,674.6239936284485,674.6239936284485,241.3824161942896,0.0,0.0
39.427324140612036,100000000.0,-1.0,596.0882361114243,209.52025688760583,1.0,1.0
39.427324140612036,100000000.0,675.0982483722117,675.0982483722119,241.85667093805276,0.0,0.0
39.427324140612036,100000000.0,675.5614312262036,675.5614312262036,242.31985379204454,0.0,0.0
39.427324140612036,100000000.0,677.4977453627571,677.4977453627572,244.25616792859796,0.0,0.0
39.427324140612036,100000000.0,679.2897889425939,679.2897889425939,246.04821150843475,0.0,0.0
39.427324140612036,100000000.0,680.4070544437589,680.407054443759,247.16547700959987,0.0,0.0
39.427324140612036,100000000.0,680.7833085773136,680.7833085773137,247.5417311431547,0.0,0.0
39.427324140612036,100000000.0,684.2466097047305,684.2466097047306,251.0050322705716,0.0,0.0
39.54680088043207,100000000.0,630.4858232216282,630.4858232216283,197.24424578746917,0.0,0.0
39.54680088043207,100000000.0,634.4558768005187,634.4558768005188,201.2142993663597,0.0,0.0
39.54680088043207,100000000.0,636.3527568415873,636.3527568415874,203.11117940742838,0.0,0.0
39.54680088043207,100000000.0,641.6232186483304,641.6232186483305,208.38164121417154,0.0,0.0
39.54680088043207,100000000.0,641.7903828375183,641.7903828375182,208.54880540335915,0.0,0.0
39.54680088043207,100000000.0,642.7438909824273,642.7438909824273,209.50231354826832,0.0,0.0
39.54680088043207,100000000.0,644.8765679154948,644.8765679154949,211.63499048133562,0.0,0.0
39.54680088043207,100000000.0,644.9782378477244,644.9782378477244,211.7366604135653,0.0,0.0
39.54680088043207,100000000.0,645.4653993047599,645.4653993047598,212.2238218706006,0.0,0.0
39.54680088043207,100000000.0,645.4802382793038,645.4802382793039,212.23866084514478,0.0,0.0
39.54680088043207,100000000.0,645.5189226327694,645.5189226327695,212.27734519861045,0.0,0.0
39.54680088043207,100000000.0,645.7192885209596,645.7192885209596,212.47771108680058,0.0,0.0
39.54680088043207,100000000.0,645.8785660275562,645.8785660275561,212.63698859339715,0.0,0.0
39.54680088043207,100000000.0,646.3334372302066,646.3334372302066,213.0918597960476,0.0,0.0
39.54680088043207,100000000.0,646.5883423126907,646.5883423126908,213.3467648785316,0.0,0.0
39.54680088043207,100000000.0,646.8933255182641,646.8933255182642,213.65174808410507,0.0,0.0
39.54680088043207,100000000.0,647.0169082375197,647.0169082375196,213.77533080336065,0.0,0.0
39.54680088043207,100000000.0,647.3611108786347,647.3611108786347,214.11953344447556,0.0,0.0
39.54680088043207,100000000.0,647.3722213895028,647.3722213895029,214.1306439553438,0.0,0.0
39.54680088043207,100000000.0,647.4398989004288,647.439898900429,214.19832146626973,0.0,0.0
39.54680088043207,100000000.0,647.511958635819,647.511958635819,214.2703812016601,0.0,0.0
39.54680088043207,100000000.0,647.5309373656316,647.5309373656318,214.28935993147277,0.0,0.0
39.54680088043207,100000000.0,647.788283220914,647.7882832209139,214.54670578675479,0.0,0.0
39.54680088043207,100000000.0,648.0333420844056,648.0333420844056,214.79176465024665,0.0,0.0
39.54680088043207,100000000.0,648.0821159216373,648.0821159216373,214.8405384874782,0.0,0.0
39.54680088043207,100000000.0,648.156949962407,648.1569499624071,214.91537252824799,0.0,0.0
39.54680088043207,100000000.0,648.2261509312412,648.2261509312411,214.984573497082,0.0,0.0
39.54680088043207,100000000.0,648.5539039942887,648.5539039942889,215.3123265601298,0.0,0.0
39.54680088043207,100000000.0,648.8878672780156,648.8878672780156,215.6462898438566,0.0,0.0
39.54680088043207,100000000.0,648.9309747559931,648.9309747559934,215.68939732183418,0.0,0.0
39.54680088043207,100000000.0,649.0978325093247,649.0978325093246,215.8562550751657,0.0,0.0
39.54680088043207,100000000.0,649.1788491897149,649.1788491897148,215.93727175555583,0.0,0.0
39.54680088043207,100000000.0,649.2192713696836,649.2192713696836,215.97769393552457,0.0,0.0
39.54680088043207,100000000.0,649.3981404131457,649.3981404131457,216.15656297898676,0.0,0.0
39.54680088043207,100000000.0,649.4712277879954,649.4712277879954,216.2296503538364,0.0,0.0
39.54680088043207,100000000.0,649.7647948417062,649.7647948417061,216.52321740754715,0.0,0.0
39.54680088043207,100000000.0,649.7671544776118,649.7671544776116,216.5255770434526,0.0,0.0
39.54680088043207,100000000.0,650.3353051610445,650.3353051610445,217.0937277268855,0.0,0.0
39.54680088043207,100000000.0,650.4812708624133,650.4812708624132,217.23969342825424,0.0,0.0
39.54680088043207,100000000.0,650.5018286978468,650.5018286978468,217.26025126368776,0.0,0.0
39.54680088043207,100000000.0,650.6517654257281,650.6517654257283,217.4101879915692,0.0,0.0
39.54680088043207,100000000.0,650.7179549343061,650.717954934306,217.47637750014695,0.0,0.0
39.54680088043207,100000000.0,650.856666287533,650.856666287533,217.61508885337383,0.0,0.0
39.54680088043207,100000000.0,651.1107916854838,651.1107916854838,217.86921425132485,0.0,0.0
39.54680088043207,100000000.0,651.4288592711051,651.4288592711051,218.18728183694608,0.0,0.0
39.54680088043207,100000000.0,651.4801867602804,651.4801867602804,218.23860932612143,0.0,0.0
39.54680088043207,100000000.0,651.5230833944679,651.5230833944679,218.28150596030892,0.0,0.0
39.54680088043207,100000000.0,651.6657448467248,651.6657448467248,218.42416741256577,0.0,0.0
39.54680088043207,100000000.0,651.9161394879409,651.9161394879408,218.67456205378184,0.0,0.0
39.54680088043207,100000000.0,651.9981741029688,651.9981741029686,218.7565966688097,0.0,0.0
39.54680088043207,100000000.0,652.0673633944685,652.0673633944688,218.82578596030967,0.0,0.0
39.54680088043207,100000000.0,652.1522850784249,652.152285078425,218.91070764426595,0.0,0.0
39.54680088043207,100000000.0,652.2096181761265,652.2096181761266,218.9680407419675,0.0,0.0
39.54680088043207,100000000.0,652.3169360350189,652.316936035019,219.07535860085991,0.0,0.0
39.54680088043207,100000000.0,652.3532998585911,652.3532998585911,219.11172242443195,0.0,0.0
39.54680088043207,100000000.0,652.3693770727298,652.3693770727298,219.12779963857074,0.0,0.0
39.54680088043207,100000000.0,652.6369687846357,652.6369687846355,219.3953913504767,0.0,0.0
39.54680088043207,100000000.0,652.6469689803922,652.6469689803923,219.40539154623318,0.0,0.0
39.54680088043207,100000000.0,652.757308806927,652.757308806927,219.51573137276793,0.0,0.0
39.54680088043207,100000000.0,653.2004851044803,653.2004851044804,219.95890767032137,0.0,0.0
39.54680088043207,100000000.0,653.2524781113565,653.2524781113566,220.01090067719747,0.0,0.0
39.54680088043207,100000000.0,653.3081189727822,653.3081189727822,220.06654153862323,0.0,0.0
39.54680088043207,100000000.0,653.3449583308285,653.3449583308281,220.10338089666925,0.0,0.0
39.54680088043207,100000000.0,653.6886414868347,653.6886414868345,220.4470640526756,0.0,0.0
39.54680088043207,100000000.0,653.7224395985977,653.7224395985978,220.4808621644387,0.0,0.0
39.54680088043207,100000000.0,653.918624060968,653.918624060968,220.67704662680887,0.0,0.0
39.54680088043207,100000000.0,654.2132174417943,654.2132174417943,220.97164000763522,0.0,0.0
39.54680088043207,100000000.0,654.2599511830706,654.2599511830706,221.01837374891142,0.0,0.0
39.54680088043207,100000000.0,654.3249905434486,654.3249905434485,221.0834131092894,0.0,0.0
39.54680088043207,100000000.0,654.3383831932474,654.3383831932474,221.09680575908823,0.0,0.0
39.54680088043207,100000000.0,654.3464403606379,654.3464403606379,221.1048629264788,0.0,0.0
39.54680088043207,100000000.0,654.3844696659045,654.3844696659046,221.1428922317454,0.0,0.0
39.54680088043207,100000000.0,654.5239432407039,654.5239432407039,221.28236580654493,0.0,0.0
39.54680088043207,100000000.0,654.5793654815169,654.579365481517,221.33778804735798,0.0,0.0
39.54680088043207,100000000.0,654.6272229190569,654.627222919057,221.3856454848979,0.0,0.0
39.54680088043207,100000000.0,654.7783325948922,654.7783325948922,221.536755160733,0.0,0.0
39.54680088043207,100000000.0,655.1574397684719,655.1574397684719,221.91586233431292,0.0,0.0
39.54680088043207,100000000.0,655.3264841799461,655.3264841799462,222.084906745787,0.0,0.0
39.54680088043207,100000000.0,655.4393843699219,655.439384369922,222.19780693576297,0.0,0.0
39.54680088043207,100000000.0,655.4478531512412,655.4478531512414,222.20627571708218,0.0,0.0
39.54680088043207,100000000.0,655.5233024095882,655.5233024095882,222.2817249754292,0.0,0.0
39.54680088043207,100000000.0,655.5306890836234,655.5306890836234,222.28911164946433,0.0,0.0
39.54680088043207,100000000.0,655.6626111262188,655.6626111262187,222.4210336920597,0.0,0.0
39.54680088043207,100000000.0,655.7665774344771,655.7665774344771,222.52500000031796,0.0,0.0
39.54680088043207,100000000.0,655.8527095046417,655.8527095046417,222.61113207048265,0.0,0.0
39.54680088043207,100000000.0,655.9159931708768,655.9159931708771,222.67441573671803,0.0,0.0
39.54680088043207,100000000.0,655.9623574553582,655.9623574553581,222.72078002119903,0.0,0.0
39.54680088043207,100000000.0,656.2123701278025,656.2123701278027,222.97079269364355,0.0,0.0
39.54680088043207,100000000.0,656.3388801554286,656.3388801554287,223.09730272126953,0.0,0.0
39.54680088043207,100000000.0,656.4480837178058,656.4480837178057,223.20650628364672,0.0,0.0
39.54680088043207,100000000.0,656.7624643222247,656.7624643222248,223.5208868880657,0.0,0.0
39.54680088043207,100000000.0,656.7727535989502,656.7727535989504,223.53117616479136,0.0,0.0
39.54680088043207,100000000.0,656.8055601686261,656.8055601686261,223.56398273446706,0.0,0.0
39.54680088043207,100000000.0,656.9754876011685,656.9754876011685,223.73391016700936,0.0,0.0
39.54680088043207,100000000.0,657.0123670471246,657.0123670471245,223.77078961296542,0.0,0.0
39.54680088043207,100000000.0,657.2896983205642,657.2896983205643,224.04812088640523,0.0,0.0
39.54680088043207,100000000.0,657.3262396783679,657.3262396783676,224.08466224420863,0.0,0.0
39.54680088043207,100000000.0,657.3618827361436,657.3618827361435,224.12030530198442,0.0,0.0
39.54680088043207,100000000.0,657.459984331204,657.459984331204,224.21840689704496,0.0,0.0
39.54680088043207,100000000.0,657.4984351157851,657.498435115785,224.256857681626,0.0,0.0
39.54680088043207,100000000.0,657.5133609546094,657.5133609546095,224.2717835204505,0.0,0.0
39.54680088043207,100000000.0,657.8139893196626,657.8139893196626,224.57241188550367,0.0,0.0
39.54680088043207,100000000.0,658.3931425232582,658.3931425232582,225.15156508909917,0.0,0.0
39.54680088043207,100000000.0,658.4208808602754,658.4208808602755,225.1793034261163,0.0,0.0
39.54680088043207,100000000.0,658.7127799907113,658.7127799907113,225.47120255655233,0.0,0.0
39.54680088043207,100000000.0,658.818633252699,658.8186332526993,225.5770558185401,0.0,0.0
39.54680088043207,100000000.0,658.8389266869144,658.8389266869143,225.5973492527552,0.0,0.0
39.54680088043207,100000000.0,658.9089530299865,658.9089530299864,225.66737559582745,0.0,0.0
39.54680088043207,100000000.0,658.9480569445395,658.9480569445395,225.70647951038038,0.0,0.0
39.54680088043207,100000000.0,658.9941664720652,658.9941664720654,225.7525890379063,0.0,0.0
39.54680088043207,100000000.0,659.0642966728484,659.0642966728485,225.82271923868933,0.0,0.0
39.54680088043207,100000000.0,659.0773671316381,659.0773671316383,225.8357896974791,0.0,0.0
39.54680088043207,100000000.0,659.3539015246795,659.3539015246793,226.11232409052027,0.0,0.0
39.54680088043207,100000000.0,659.4151427542857,659.4151427542859,226.17356532012676,0.0,0.0
39.54680088043207,100000000.0,659.5094230910072,659.5094230910072,226.2678456568482,0.0,0.0
39.54680088043207,100000000.0,659.7329075477377,659.7329075477376,226.49133011357847,0.0,0.0
39.54680088043207,100000000.0,659.829411108268,659.829411108268,226.587833674109,0.0,0.0
39.54680088043207,100000000.0,660.0491602345206,660.0491602345209,226.80758280036173,0.0,0.0
39.54680088043207,100000000.0,660.0996580965798,660.0996580965797,226.8580806624207,0.0,0.0
39.54680088043207,100000000.0,660.2731178304423,660.2731178304423,227.0315403962833,0.0,0.0
39.54680088043207,100000000.0,660.9830766412243,660.9830766412243,227.74149920706535,0.0,0.0
39.54680088043207,100000000.0,661.2294058013338,661.2294058013339,227.98782836717479,0.0,0.0
39.54680088043207,100000000.0,661.4820714001186,661.4820714001183,228.24049396595936,0.0,0.0
39.54680088043207,100000000.0,661.5948755465085,661.5948755465087,228.35329811234953,0.0,0.0
39.54680088043207,100000000.0,661.7359638372,661.7359638372,228.4943864030409,0.0,0.0
39.54680088043207,100000000.0,661.919325395267,661.919325395267,228.67774796110803,0.0,0.0
39.54680088043207,100000000.0,661.9905181738009,661.9905181738009,228.7489407396417,0.0,0.0
39.54680088043207,100000000.0,662.3663550350713,662.366355035071,229.12477760091218,0.0,0.0
39.66627762025211,100000000.0,638.0448108703248,638.0448108703249,204.80323343616575,0.0,0.0
39.66627762025211,100000000.0,639.4729595681024,639.4729595681024,206.23138213394336,0.0,0.0
39.66627762025211,100000000.0,642.0311065755154,642.0311065755153,208.78952914135633,0.0,0.0
39.66627762025211,100000000.0,646.0386415373816,646.0386415373819,212.79706410322277,0.0,0.0
39.66627762025211,100000000.0,646.3018737004952,646.3018737004952,213.06029626633617,0.0,0.0
39.66627762025211,100000000.0,648.7572135640813,648.7572135640812,215.51563612992214,0.0,0.0
39.66627762025211,100000000.0,648.9198030477775,648.9198030477774,215.67822561361834,0.0,0.0
39.66627762025211,100000000.0,650.1564644123176,650.1564644123175,216.91488697815862,0.0,0.0
39.66627762025211,100000000.0,650.4237254243083,650.4237254243083,217.18214799014928,0.0,0.0
39.66627762025211,100000000.0,650.985491896409,650.985491896409,217.74391446225,0.0,0.0
39.66627762025211,100000000.0,651.5598639624499,651.5598639624496,218.3182865282908,0.0,0.0
39.66627762025211,100000000.0,651.7659862908447,651.7659862908448,218.52440885668568,0.0,0.0
39.66627762025211,100000000.0,652.9035482302611,652.9035482302611,219.66197079610203,0.0,0.0
39.66627762025211,100000000.0,654.2004083347396,654.2004083347394,220.95883090058047,0.0,0.0
39.66627762025211,100000000.0,654.5862748433096,654.5862748433096,221.34469740915057,0.0,0.0
39.66627762025211,100000000.0,654.9484637774069,654.9484637774069,221.70688634324782,0.0,0.0
39.66627762025211,100000000.0,654.9741255699909,654.9741255699909,221.73254813583182,0.0,0.0
39.66627762025211,100000000.0,655.8112481947014,655.8112481947012,222.5696707605424,0.0,0.0
39.66627762025211,100000000.0,655.95207221242,655.9520722124198,222.71049477826082,0.0,0.0
39.66627762025211,100000000.0,656.3382928454176,656.3382928454178,223.09671541125857,0.0,0.0
39.66627762025211,100000000.0,656.4942980627064,656.4942980627064,223.2527206285475,0.0,0.0
39.66627762025211,100000000.0,657.4215597264597,657.4215597264597,224.1799822923006,0.0,0.0
39.66627762025211,100000000.0,657.6984804258392,657.6984804258393,224.4569029916802,0.0,0.0
39.66627762025211,100000000.0,657.7145510523806,657.7145510523806,224.47297361822146,0.0,0.0
39.66627762025211,100000000.0,657.7355279047097,657.7355279047097,224.4939504705506,0.0,0.0
39.66627762025211,100000000.0,657.9728579185517,657.972857918552,224.73128048439276,0.0,0.0
39.66627762025211,100000000.0,658.046562783562,658.046562783562,224.80498534940293,0.0,0.0
39.66627762025211,100000000.0,658.3021354850783,658.3021354850783,225.06055805091933,0.0,0.0
39.66627762025211,100000000.0,658.3730579373889,658.3730579373889,225.13148050322988,0.0,0.0
39.66627762025211,100000000.0,658.5216037927207,658.5216037927206,225.28002635856157,0.0,0.0
39.66627762025211,100000000.0,658.6329986258079,658.6329986258079,225.39142119164873,0.0,0.0
39.66627762025211,100000000.0,658.9237047082256,658.9237047082257,225.6821272740667,0.0,0.0
39.66627762025211,100000000.0,658.9355952000411,658.9355952000412,225.69401776588208,0.0,0.0
39.66627762025211,100000000.0,659.1877594078856,659.1877594078858,225.9461819737267,0.0,0.0
39.66627762025211,100000000.0,659.465745370458,659.4657453704582,226.22416793629918,0.0,0.0
39.66627762025211,100000000.0,659.9681142447903,659.9681142447903,226.72653681063122,0.0,0.0
39.66627762025211,100000000.0,659.9744582934838,659.9744582934841,226.73288085932484,0.0,0.0
39.66627762025211,100000000.0,660.0680570896031,660.068057089603,226.82647965544416,0.0,0.0
39.66627762025211,100000000.0,660.0921212969074,660.0921212969074,226.85054386274825,0.0,0.0
39.66627762025211,100000000.0,660.1586185632613,660.1586185632611,226.91704112910216,0.0,0.0
39.66627762025211,100000000.0,660.3858092952102,660.38580929521,227.14423186105105,0.0,0.0
39.66627762025211,100000000.0,660.4108851872891,660.4108851872892,227.16930775313003,0.0,0.0
39.66627762025211,100000000.0,660.4294605826551,660.4294605826551,227.18788314849607,0.0,0.0
39.66627762025211,100000000.0,660.5729293817423,660.5729293817424,227.33135194758324,0.0,0.0
39.66627762025211,100000000.0,660.673514063157,660.6735140631569,227.4319366289979,0.0,0.0
39.66627762025211,100000000.0,660.6771197260658,660.6771197260656,227.4355422919065,0.0,0.0
39.66627762025211,100000000.0,660.6859145715863,660.6859145715863,227.4443371374272,0.0,0.0
39.66627762025211,100000000.0,660.7920892917303,660.7920892917305,227.55051185757134,0.0,0.0
39.66627762025211,100000000.0,660.8205294434122,660.8205294434119,227.57895200925304,0.0,0.0
39.66627762025211,100000000.0,660.8295165749932,660.8295165749934,227.58793914083415,0.0,0.0
39.66627762025211,100000000.0,660.8688484602251,660.868848460225,227.6272710260659,0.0,0.0
39.66627762025211,100000000.0,661.0776848236287,661.0776848236287,227.83610738946962,0.0,0.0
39.66627762025211,100000000.0,661.0811567327787,661.0811567327788,227.83957929861975,0.0,0.0
39.66627762025211,100000000.0,661.4234769890996,661.4234769890998,228.18189955494068,0.0,0.0
39.66627762025211,100000000.0,661.8409197795916,661.8409197795916,228.59934234543252,0.0,0.0
39.66627762025211,100000000.0,661.9984894947312,661.9984894947313,228.75691206057232,0.0,0.0
39.66627762025211,100000000.0,662.1580207860865,662.1580207860866,228.91644335192743,0.0,0.0
39.66627762025211,100000000.0,662.2197604656062,662.2197604656064,228.97818303144726,0.0,0.0
39.66627762025211,100000000.0,662.273969910066,662.2739699100661,229.032392475907,0.0,0.0
39.66627762025211,100000000.0,662.6291614804641,662.6291614804641,229.38758404630497,0.0,0.0
39.66627762025211,100000000.0,662.8583530880777,662.8583530880777,229.61677565391872,0.0,0.0
39.66627762025211,100000000.0,663.6223588701164,663.6223588701163,230.38078143595732,0.0,0.0
39.66627762025211,100000000.0,664.0245866736406,664.0245866736406,230.78300923948143,0.0,0.0
39.66627762025211,100000000.0,664.0280596925143,664.0280596925141,230.78648225835508,0.0,0.0
39.66627762025211,100000000.0,664.057928782072,664.0579287820722,230.81635134791293,0.0,0.0
39.66627762025211,100000000.0,664.1643920218154,664.1643920218155,230.9228145876564,0.0,0.0
39.66627762025211,100000000.0,664.5571358597302,664.5571358597305,231.31555842557137,0.0,0.0
39.66627762025211,100000000.0,664.7563642965588,664.7563642965587,231.51478686239955,0.0,0.0
39.66627762025211,100000000.0,664.8482992480994,664.8482992480995,231.60672181394037,0.0,0.0
39.66627762025211,100000000.0,664.9094123070927,664.9094123070928,231.6678348729338,0.0,0.0
39.66627762025211,100000000.0,664.9656248767183,664.9656248767182,231.72404744255908,0.0,0.0
39.66627762025211,100000000.0,665.0479787656515,665.0479787656517,231.80640133149257,0.0,0.0
39.66627762025211,100000000.0,665.3922854485418,665.3922854485419,232.1507080143827,0.0,0.0
39.66627762025211,100000000.0,665.4672940583436,665.4672940583438,232.22571662418466,0.0,0.0
39.66627762025211,100000000.0,665.5217958409489,665.521795840949,232.28021840678994,0.0,0.0
39.66627762025211,100000000.0,665.6043741659806,665.6043741659804,232.3627967318214,0.0,0.0
39.66627762025211,100000000.0,665.6360164828657,665.6360164828658,232.3944390487066,0.0,0.0
39.66627762025211,100000000.0,665.6481439376552,665.6481439376553,232.406566503496,0.0,0.0
39.66627762025211,100000000.0,666.072303117416,666.0723031174161,232.83072568325713,0.0,0.0
39.66627762025211,100000000.0,666.2596293822166,666.2596293822165,233.01805194805763,0.0,0.0
39.66627762025211,100000000.0,666.2900512379788,666.2900512379788,233.04847380381972,0.0,0.0
39.66627762025211,100000000.0,666.4783888858233,666.4783888858234,233.2368114516643,0.0,0.0
39.66627762025211,100000000.0,666.5411217097156,666.5411217097159,233.29954427555663,0.0,0.0
39.66627762025211,100000000.0,667.083352607026,667.0833526070259,233.84177517286673,0.0,0.0
39.66627762025211,100000000.0,667.2218182005071,667.2218182005068,233.98024076634778,0.0,0.0
39.66627762025211,100000000.0,668.1001135823998,668.1001135823998,234.85853614824077,0.0,0.0
39.66627762025211,100000000.0,668.1046621361194,668.1046621361195,234.86308470196033,0.0,0.0
39.66627762025211,100000000.0,668.1719122850036,668.1719122850037,234.9303348508446,0.0,0.0
39.66627762025211,100000000.0,668.2438960252774,668.2438960252775,235.0023185911184,0.0,0.0
39.66627762025211,100000000.0,668.267457158822,668.2674571588218,235.0258797246629,0.0,0.0
39.66627762025211,100000000.0,668.3457047457836,668.3457047457837,235.10412731162452,0.0,0.0
39.66627762025211,100000000.0,668.5254571184252,668.5254571184253,235.28387968426625,0.0,0.0
39.66627762025211,100000000.0,668.5626660529449,668.5626660529449,235.32108861878584,0.0,0.0
39.66627762025211,100000000.0,668.8079250488329,668.8079250488327,235.5663476146738,0.0,0.0
39.66627762025211,100000000.0,669.3435760000983,669.3435760000982,236.10199856593914,0.0,0.0
39.66627762025211,100000000.0,669.4970461458694,669.4970461458697,236.2554687117105,0.0,0.0
39.66627762025211,100000000.0,670.3427221333185,670.3427221333185,237.1011446991594,0.0,0.0
39.66627762025211,100000000.0,670.5419440220834,670.5419440220833,237.30036658792423,0.0,0.0
39.66627762025211,100000000.0,670.611629613554,670.611629613554,237.37005217939492,0.0,0.0
39.66627762025211,100000000.0,670.7540850007817,670.7540850007816,237.51250756662267,0.0,0.0
39.66627762025211,100000000.0,671.2077897936181,671.2077897936177,237.96621235945892,0.0,0.0
39.66627762025211,100000000.0,671.4974848088159,671.4974848088158,238.25590737465686,0.0,0.0
39.66627762025211,100000000.0,671.7044413807232,671.7044413807234,238.46286394656434,0.0,0.0
39.66627762025211,100000000.0,671.7915537673749,671.791553767375,238.54997633321602,0.0,0.0
39.66627762025211,100000000.0,671.8061088099053,671.8061088099055,238.5645313757464,0.0,0.0
39.66627762025211,100000000.0,671.901109327424,671.9011093274239,238.65953189326478,0.0,0.0
39.66627762025211,100000000.0,672.0203089289422,672.0203089289423,238.7787314947831,0.0,0.0
39.66627762025211,100000000.0,672.1424833342714,672.1424833342716,238.9009059001125,0.0,0.0
39.66627762025211,100000000.0,-1.0,592.9443855969924,198.35638905232065,1.0,1.0
39.66627762025211,100000000.0,672.3492255669904,672.3492255669904,239.10764813283123,0.0,0.0
39.66627762025211,100000000.0,672.4430752132081,672.4430752132081,239.20149777904905,0.0,0.0
39.66627762025211,100000000.0,672.6656389986063,672.6656389986063,239.42406156444702,0.0,0.0
39.66627762025211,100000000.0,672.8007658257854,672.8007658257854,239.55918839162638,0.0,0.0
39.66627762025211,100000000.0,673.129939094618,673.129939094618,239.88836166045908,0.0,0.0
39.66627762025211,100000000.0,673.8769473160447,673.8769473160447,240.63536988188562,0.0,0.0
39.66627762025211,100000000.0,674.060223015362,674.0602230153621,240.81864558120301,0.0,0.0
39.66627762025211,100000000.0,674.1062394237339,674.106239423734,240.8646619895748,0.0,0.0
39.66627762025211,100000000.0,674.1394032308588,674.1394032308588,240.89782579669966,0.0,0.0
39.66627762025211,100000000.0,674.6800257230982,674.6800257230979,241.43844828893907,0.0,0.0
39.66627762025211,100000000.0,674.6946324340594,674.6946324340593,241.4530549999002,0.0,0.0
39.66627762025211,100000000.0,675.667329203686,675.667329203686,242.42575176952698,0.0,0.0
39.66627762025211,100000000.0,675.8182231043558,675.8182231043561,242.57664567019694,0.0,0.0
39.66627762025211,100000000.0,676.0721139098335,676.0721139098337,242.83053647567448,0.0,0.0
39.66627762025211,100000000.0,676.4451294694247,676.4451294694248,243.2035520352658,0.0,0.0
39.66627762025211,100000000.0,676.8296350195264,676.8296350195263,243.58805758536732,0.0,0.0
39.66627762025211,100000000.0,678.2207164482778,678.220716448278,244.97913901411897,0.0,0.0
39.66627762025211,100000000.0,679.454059750792,679.454059750792,246.21248231663287,0.0,0.0
39.66627762025211,100000000.0,679.471351434267,679.471351434267,246.229774000108,0.0,0.0
39.78575436007215,100000000.0,631.7136986836639,631.7136986836639,198.47212124950494,0.0,0.0
39.78575436007215,100000000.0,636.2310751808077,636.2310751808077,202.9894977466486,0.0,0.0
39.78575436007215,100000000.0,637.8498632210016,637.8498632210017,204.6082857868425,0.0,0.0
39.78575436007215,100000000.0,640.4038241861908,640.4038241861908,207.16224675203165,0.0,0.0
39.78575436007215,100000000.0,640.6649239958989,640.664923995899,207.42334656173986,0.0,0.0
39.78575436007215,100000000.0,641.6141428421496,641.6141428421496,208.3725654079905,0.0,0.0
39.78575436007215,100000000.0,642.5450363639455,642.5450363639454,209.30345892978642,0.0,0.0
39.78575436007215,100000000.0,643.9019670889577,643.9019670889578,210.6603896547987,0.0,0.0
39.78575436007215,100000000.0,644.405353569467,644.4053535694669,211.16377613530787,0.0,0.0
39.78575436007215,100000000.0,644.8792031962232,644.8792031962231,211.63762576206406,0.0,0.0
39.78575436007215,100000000.0,644.9088509849928,644.9088509849929,211.66727355083378,0.0,0.0
39.78575436007215,100000000.0,645.1479563632523,645.1479563632522,211.90637892909334,0.0,0.0
39.78575436007215,100000000.0,645.4816779233107,645.4816779233108,212.24010048915184,0.0,0.0
39.78575436007215,100000000.0,645.8904533030637,645.8904533030639,212.64887586890464,0.0,0.0
39.78575436007215,100000000.0,646.0433620742766,646.0433620742765,212.80178464011752,0.0,0.0
39.78575436007215,100000000.0,646.6062730711158,646.6062730711158,213.36469563695678,0.0,0.0
39.78575436007215,100000000.0,646.7441755626044,646.7441755626044,213.50259812844536,0.0,0.0
39.78575436007215,100000000.0,646.8678432622162,646.8678432622163,213.62626582805706,0.0,0.0
39.78575436007215,100000000.0,646.9078679986696,646.9078679986698,213.66629056451063,0.0,0.0
39.78575436007215,100000000.0,647.1624565014009,647.1624565014008,213.92087906724177,0.0,0.0
39.78575436007215,100000000.0,647.4093874688676,647.4093874688676,214.16781003470848,0.0,0.0
39.78575436007215,100000000.0,647.6228855554439,647.622885555444,214.38130812128492,0.0,0.0
39.78575436007215,100000000.0,647.7743600882438,647.7743600882438,214.53278265408483,0.0,0.0
39.78575436007215,100000000.0,648.0838581555191,648.0838581555192,214.84228072136017,0.0,0.0
39.78575436007215,100000000.0,648.1226064966676,648.1226064966677,214.88102906250867,0.0,0.0
39.78575436007215,100000000.0,648.1283217051373,648.1283217051374,214.88674427097826,0.0,0.0
39.78575436007215,100000000.0,648.5555855311965,648.5555855311964,215.31400809703732,0.0,0.0
39.78575436007215,100000000.0,648.5937563410016,648.5937563410014,215.35217890684245,0.0,0.0
39.78575436007215,100000000.0,648.8190889315758,648.819088931576,215.57751149741688,0.0,0.0
39.78575436007215,100000000.0,648.9306767348921,648.930676734892,215.68909930073298,0.0,0.0
39.78575436007215,100000000.0,649.253296312856,649.2532963128562,216.01171887869708,0.0,0.0
39.78575436007215,100000000.0,649.5708597670869,649.5708597670869,216.32928233292785,0.0,0.0
39.78575436007215,100000000.0,649.6668015371217,649.6668015371218,216.42522410296272,0.0,0.0
39.78575436007215,100000000.0,649.8018485815605,649.8018485815605,216.56027114740138,0.0,0.0
39.78575436007215,100000000.0,649.8838219128744,649.8838219128743,216.64224447871527,0.0,0.0
39.78575436007215,100000000.0,649.9126025858384,649.9126025858385,216.67102515167943,0.0,0.0
39.78575436007215,100000000.0,649.9283876750319,649.928387675032,216.68681024087297,0.0,0.0
39.78575436007215,100000000.0,649.980851504088,649.9808515040882,216.73927406992914,0.0,0.0
39.78575436007215,100000000.0,650.0006989249831,650.0006989249831,216.75912149082416,0.0,0.0
39.78575436007215,100000000.0,650.3274995239129,650.3274995239128,217.0859220897538,0.0,0.0
39.78575436007215,100000000.0,650.4147765613202,650.4147765613204,217.17319912716113,0.0,0.0
39.78575436007215,100000000.0,650.6685837239136,650.6685837239136,217.42700628975462,0.0,0.0
39.78575436007215,100000000.0,650.7071514779249,650.7071514779246,217.46557404376566,0.0,0.0
39.78575436007215,100000000.0,650.7647228100562,650.7647228100562,217.5231453758972,0.0,0.0
39.78575436007215,100000000.0,650.8303514328683,650.8303514328683,217.58877399870926,0.0,0.0
39.78575436007215,100000000.0,650.8866073052067,650.8866073052068,217.64502987104774,0.0,0.0
39.78575436007215,100000000.0,650.8928384257243,650.8928384257243,217.6512609915652,0.0,0.0
39.78575436007215,100000000.0,650.922652482332,650.922652482332,217.68107504817297,0.0,0.0
39.78575436007215,100000000.0,650.930225932974,650.930225932974,217.68864849881496,0.0,0.0
39.78575436007215,100000000.0,651.0432319747239,651.043231974724,217.80165454056493,0.0,0.0
39.78575436007215,100000000.0,651.0924175086583,651.0924175086583,217.85084007449927,0.0,0.0
39.78575436007215,100000000.0,651.1107719332648,651.1107719332649,217.86919449910593,0.0,0.0
39.78575436007215,100000000.0,651.4799784745968,651.4799784745968,218.2384010404378,0.0,0.0
39.78575436007215,100000000.0,651.5267093718251,651.5267093718251,218.28513193766594,0.0,0.0
39.78575436007215,100000000.0,651.5544015000283,651.5544015000282,218.31282406586914,0.0,0.0
39.78575436007215,100000000.0,651.6071190329708,651.6071190329709,218.36554159881157,0.0,0.0
39.78575436007215,100000000.0,651.6828468247912,651.6828468247911,218.4412693906323,0.0,0.0
39.78575436007215,100000000.0,651.6970551120293,651.6970551120294,218.45547767787028,0.0,0.0
39.78575436007215,100000000.0,651.8318785287049,651.8318785287049,218.59030109454602,0.0,0.0
39.78575436007215,100000000.0,652.1313805436934,652.1313805436932,218.88980310953423,0.0,0.0
39.78575436007215,100000000.0,652.1443348293235,652.1443348293235,218.90275739516431,0.0,0.0
39.78575436007215,100000000.0,652.2841043877636,652.2841043877637,219.0425269536046,0.0,0.0
39.78575436007215,100000000.0,652.2996955600904,652.2996955600904,219.0581181259315,0.0,0.0
39.78575436007215,100000000.0,652.3288109596591,652.328810959659,219.08723352550004,0.0,0.0
39.78575436007215,100000000.0,652.381765282178,652.3817652821779,219.1401878480189,0.0,0.0
39.78575436007215,100000000.0,652.6156486288219,652.6156486288218,219.37407119466286,0.0,0.0
39.78575436007215,100000000.0,652.7234028662838,652.723402866284,219.4818254321248,0.0,0.0
39.78575436007215,100000000.0,652.8513196961334,652.8513196961331,219.60974226197413,0.0,0.0
39.78575436007215,100000000.0,652.8827651423746,652.8827651423748,219.6411877082157,0.0,0.0
39.78575436007215,100000000.0,652.9422192915354,652.9422192915355,219.70064185737635,0.0,0.0
39.78575436007215,100000000.0,652.9667727558544,652.9667727558544,219.7251953216955,0.0,0.0
39.78575436007215,100000000.0,653.3481177217449,653.3481177217449,220.10654028758594,0.0,0.0
39.78575436007215,100000000.0,653.5092580844121,653.5092580844118,220.26768065025283,0.0,0.0
39.78575436007215,100000000.0,653.509276741754,653.5092767417539,220.2676993075949,0.0,0.0
39.78575436007215,100000000.0,653.8591288521424,653.8591288521425,220.61755141798335,0.0,0.0
39.78575436007215,100000000.0,654.0822539918382,654.0822539918383,220.84067655767913,0.0,0.0
39.78575436007215,100000000.0,654.0969741762412,654.0969741762412,220.85539674208223,0.0,0.0
39.78575436007215,100000000.0,654.1997426163691,654.199742616369,220.95816518221008,0.0,0.0
39.78575436007215,100000000.0,654.3712183532326,654.3712183532325,221.12964091907352,0.0,0.0
39.78575436007215,100000000.0,654.495322331547,654.495322331547,221.2537448973879,0.0,0.0
39.78575436007215,100000000.0,654.5674288633749,654.5674288633747,221.3258514292158,0.0,0.0
39.78575436007215,100000000.0,654.7011993497661,654.7011993497661,221.459621915607,0.0,0.0
39.78575436007215,100000000.0,654.9048049030858,654.9048049030858,221.66322746892678,0.0,0.0
39.78575436007215,100000000.0,654.9942982064888,654.9942982064889,221.7527207723298,0.0,0.0
39.78575436007215,100000000.0,655.099134451683,655.099134451683,221.8575570175239,0.0,0.0
39.78575436007215,100000000.0,655.2687753850074,655.2687753850075,222.02719795084855,0.0,0.0
39.78575436007215,100000000.0,655.2974727717526,655.2974727717526,222.0558953375936,0.0,0.0
39.78575436007215,100000000.0,655.4116015447844,655.4116015447844,222.17002411062535,0.0,0.0
39.78575436007215,100000000.0,655.5163395815564,655.5163395815564,222.2747621473974,0.0,0.0
39.78575436007215,100000000.0,655.5717738962977,655.5717738962977,222.3301964621387,0.0,0.0
39.78575436007215,100000000.0,655.9456697095186,655.9456697095186,222.70409227535973,0.0,0.0
39.78575436007215,100000000.0,656.170334769469,656.1703347694692,222.9287573353101,0.0,0.0
39.78575436007215,100000000.0,656.2569624032241,656.2569624032241,223.0153849690648,0.0,0.0
39.78575436007215,100000000.0,656.2944084063715,656.2944084063714,223.05283097221243,0.0,0.0
39.78575436007215,100000000.0,656.3228995742688,656.3228995742687,223.08132214010962,0.0,0.0
39.78575436007215,100000000.0,656.4004487177413,656.4004487177413,223.15887128358204,0.0,0.0
39.78575436007215,100000000.0,656.4152988017628,656.4152988017627,223.17372136760383,0.0,0.0
39.78575436007215,100000000.0,656.6250034603468,656.6250034603469,223.3834260261878,0.0,0.0
39.78575436007215,100000000.0,656.6329613087624,656.6329613087623,223.3913838746033,0.0,0.0
39.78575436007215,100000000.0,656.7420856243789,656.7420856243789,223.50050819021996,0.0,0.0
39.78575436007215,100000000.0,656.8462769376063,656.8462769376063,223.60469950344708,0.0,0.0
39.78575436007215,100000000.0,656.8895349172764,656.8895349172763,223.64795748311724,0.0,0.0
39.78575436007215,100000000.0,656.9739467183988,656.9739467183989,223.73236928423975,0.0,0.0
39.78575436007215,100000000.0,656.9907852601216,656.9907852601217,223.74920782596251,0.0,0.0
39.78575436007215,100000000.0,657.1171707235428,657.1171707235425,223.87559328938363,0.0,0.0
39.78575436007215,100000000.0,657.1696157909108,657.1696157909107,223.92803835675176,0.0,0.0
39.78575436007215,100000000.0,657.5615831997782,657.5615831997779,224.32000576561907,0.0,0.0
39.78575436007215,100000000.0,657.6253226291955,657.6253226291952,224.38374519503625,0.0,0.0
39.78575436007215,100000000.0,657.735171001987,657.735171001987,224.4935935678279,0.0,0.0
39.78575436007215,100000000.0,658.0534620958846,658.0534620958847,224.81188466172566,0.0,0.0
39.78575436007215,100000000.0,658.428762268943,658.428762268943,225.18718483478406,0.0,0.0
39.78575436007215,100000000.0,658.4415468358451,658.4415468358452,225.19996940168608,0.0,0.0
39.78575436007215,100000000.0,658.4928249903937,658.4928249903937,225.2512475562346,0.0,0.0
39.78575436007215,100000000.0,658.6012890126261,658.6012890126261,225.359711578467,0.0,0.0
39.78575436007215,100000000.0,658.7098814978021,658.7098814978023,225.46830406364316,0.0,0.0
39.78575436007215,100000000.0,659.4236277255106,659.4236277255106,226.18205029135154,0.0,0.0
39.78575436007215,100000000.0,659.6515910209291,659.651591020929,226.41001358676988,0.0,0.0
39.78575436007215,100000000.0,659.794076573646,659.794076573646,226.55249913948688,0.0,0.0
39.78575436007215,100000000.0,659.9402925181516,659.9402925181514,226.6987150839924,0.0,0.0
39.78575436007215,100000000.0,659.9437477583034,659.9437477583034,226.70217032414445,0.0,0.0
39.78575436007215,100000000.0,660.1552341813176,660.1552341813177,226.91365674715874,0.0,0.0
39.78575436007215,100000000.0,660.242046572196,660.242046572196,227.00046913803698,0.0,0.0
39.78575436007215,100000000.0,660.2851111666198,660.2851111666197,227.04353373246067,0.0,0.0
39.78575436007215,100000000.0,660.8238958845694,660.8238958845694,227.5823184504105,0.0,0.0
39.78575436007215,100000000.0,660.9436713977339,660.9436713977339,227.7020939635748,0.0,0.0
39.78575436007215,100000000.0,661.2417864486323,661.2417864486323,228.00020901447317,0.0,0.0
39.78575436007215,100000000.0,661.2445827545237,661.2445827545234,228.00300532036448,0.0,0.0
39.78575436007215,100000000.0,661.6496870699648,661.6496870699648,228.40810963580563,0.0,0.0
39.905231099892184,100000000.0,644.6832863750959,644.6832863750959,211.44170894093676,0.0,0.0
39.905231099892184,100000000.0,647.0458673479491,647.0458673479491,213.80428991379014,0.0,0.0
39.905231099892184,100000000.0,648.8595747036527,648.8595747036527,215.61799726949363,0.0,0.0
39.905231099892184,100000000.0,649.6615133324328,649.6615133324328,216.4199358982738,0.0,0.0
39.905231099892184,100000000.0,649.9628427701359,649.9628427701357,216.7212653359769,0.0,0.0
39.905231099892184,100000000.0,650.8747128542391,650.8747128542391,217.63313542007987,0.0,0.0
39.905231099892184,100000000.0,653.0966330974102,653.0966330974102,219.8550556632512,0.0,0.0
39.905231099892184,100000000.0,653.3689853870841,653.3689853870841,220.12740795292513,0.0,0.0
39.905231099892184,100000000.0,653.4879298249701,653.48792982497,220.24635239081104,0.0,0.0
39.905231099892184,100000000.0,653.5763561059081,653.576356105908,220.33477867174898,0.0,0.0
39.905231099892184,100000000.0,653.9229912283405,653.9229912283404,220.68141379418142,0.0,0.0
39.905231099892184,100000000.0,654.3990576007272,654.3990576007271,221.15748016656812,0.0,0.0
39.905231099892184,100000000.0,654.6570860791622,654.6570860791624,221.41550864500323,0.0,0.0
39.905231099892184,100000000.0,654.7845777705154,654.7845777705156,221.54300033635656,0.0,0.0
39.905231099892184,100000000.0,654.9625308934677,654.9625308934677,221.72095345930862,0.0,0.0
39.905231099892184,100000000.0,655.3833102940298,655.3833102940298,222.14173285987079,0.0,0.0
39.905231099892184,100000000.0,655.3887152313939,655.388715231394,222.147137797235,0.0,0.0
39.905231099892184,100000000.0,655.820594524636,655.8205945246358,222.57901709047695,0.0,0.0
39.905231099892184,100000000.0,656.4147301807241,656.4147301807241,223.173152746565,0.0,0.0
39.905231099892184,100000000.0,656.6165024057336,656.6165024057337,223.3749249715746,0.0,0.0
39.905231099892184,100000000.0,656.8434484456425,656.8434484456425,223.60187101148333,0.0,0.0
39.905231099892184,100000000.0,656.9351906555597,656.9351906555597,223.6936132214008,0.0,0.0
39.905231099892184,100000000.0,657.6127795340547,657.6127795340548,224.37120209989564,0.0,0.0
39.905231099892184,100000000.0,658.0626920980704,658.0626920980704,224.82111466391143,0.0,0.0
39.905231099892184,100000000.0,658.349205399894,658.3492053998942,225.10762796573516,0.0,0.0
39.905231099892184,100000000.0,658.5679326678259,658.5679326678259,225.32635523366687,0.0,0.0
39.905231099892184,100000000.0,658.764652651829,658.7646526518291,225.52307521767003,0.0,0.0
39.905231099892184,100000000.0,658.9649665221333,658.9649665221333,225.72338908797425,0.0,0.0
39.905231099892184,100000000.0,659.1055163281585,659.1055163281583,225.86393889399935,0.0,0.0
39.905231099892184,100000000.0,659.386867848207,659.3868678482069,226.1452904140478,0.0,0.0
39.905231099892184,100000000.0,659.4092472438775,659.4092472438772,226.16766980971826,0.0,0.0
39.905231099892184,100000000.0,659.5582934549233,659.5582934549234,226.31671602076426,0.0,0.0
39.905231099892184,100000000.0,659.6803027631031,659.680302763103,226.43872532894395,0.0,0.0
39.905231099892184,100000000.0,659.6993720124566,659.6993720124568,226.4577945782976,0.0,0.0
39.905231099892184,100000000.0,659.8407766888708,659.8407766888708,226.5991992547119,0.0,0.0
39.905231099892184,100000000.0,659.8934466899244,659.8934466899245,226.65186925576535,0.0,0.0
39.905231099892184,100000000.0,660.1699059669454,660.1699059669453,226.92832853278622,0.0,0.0
39.905231099892184,100000000.0,660.2346654890409,660.234665489041,226.99308805488192,0.0,0.0
39.905231099892184,100000000.0,660.2895519170751,660.2895519170753,227.04797448291615,0.0,0.0
39.905231099892184,100000000.0,660.9682400898222,660.9682400898221,227.72666265566298,0.0,0.0
39.905231099892184,100000000.0,661.0288755854366,661.0288755854366,227.78729815127764,0.0,0.0
39.905231099892184,100000000.0,661.7456995531728,661.7456995531727,228.50412211901389,0.0,0.0
39.905231099892184,100000000.0,661.7643431199108,661.7643431199109,228.5227656857518,0.0,0.0
39.905231099892184,100000000.0,661.9318401319277,661.9318401319279,228.69026269776873,0.0,0.0
39.905231099892184,100000000.0,662.20698591656,662.20698591656,228.9654084824009,0.0,0.0
39.905231099892184,100000000.0,662.3126916996187,662.3126916996188,229.0711142654597,0.0,0.0
39.905231099892184,100000000.0,662.3235819954045,662.3235819954044,229.08200456124553,0.0,0.0
39.905231099892184,100000000.0,662.4371440919795,662.4371440919796,229.1955666578205,0.0,0.0
39.905231099892184,100000000.0,662.4387164379652,662.4387164379652,229.19713900380606,0.0,0.0
39.905231099892184,100000000.0,662.5621600986204,662.5621600986206,229.3205826644614,0.0,0.0
39.905231099892184,100000000.0,662.594293359454,662.594293359454,229.352715925295,0.0,0.0
39.905231099892184,100000000.0,662.5957540723053,662.5957540723052,229.35417663814638,0.0,0.0
39.905231099892184,100000000.0,662.9324930446446,662.9324930446443,229.6909156104855,0.0,0.0
39.905231099892184,100000000.0,662.9752724284257,662.9752724284258,229.73369499426667,0.0,0.0
39.905231099892184,100000000.0,663.0531507839744,663.0531507839742,229.81157334981518,0.0,0.0
39.905231099892184,100000000.0,663.4969036874155,663.4969036874156,230.25532625325658,0.0,0.0
39.905231099892184,100000000.0,663.6872324964997,663.6872324964999,230.44565506234068,0.0,0.0
39.905231099892184,100000000.0,664.154192636742,664.1541926367419,230.91261520258294,0.0,0.0
39.905231099892184,100000000.0,664.3341974431573,664.3341974431572,231.09262000899827,0.0,0.0
39.905231099892184,100000000.0,664.4591318532196,664.4591318532198,231.21755441906063,0.0,0.0
39.905231099892184,100000000.0,665.1417535656722,665.141753565672,231.90017613151306,0.0,0.0
39.905231099892184,100000000.0,665.2657133279833,665.2657133279831,232.02413589382425,0.0,0.0
39.905231099892184,100000000.0,665.2997407981422,665.2997407981422,232.05816336398328,0.0,0.0
39.905231099892184,100000000.0,-1.0,585.5758056050092,188.56433096632375,1.0,1.0
39.905231099892184,100000000.0,665.4324773372256,665.4324773372255,232.19089990306642,0.0,0.0
39.905231099892184,100000000.0,665.5953992311079,665.5953992311078,232.35382179694886,0.0,0.0
39.905231099892184,100000000.0,665.734724044419,665.734724044419,232.49314661025986,0.0,0.0
39.905231099892184,100000000.0,665.9300502558748,665.9300502558748,232.68847282171572,0.0,0.0
39.905231099892184,100000000.0,666.3782461162042,666.3782461162043,233.13666868204513,0.0,0.0
39.905231099892184,100000000.0,666.5089284826041,666.5089284826041,233.26735104844516,0.0,0.0
39.905231099892184,100000000.0,666.6574133507863,666.6574133507864,233.4158359166273,0.0,0.0
39.905231099892184,100000000.0,666.8547708541541,666.8547708541543,233.6131934199952,0.0,0.0
39.905231099892184,100000000.0,667.0348927697286,667.0348927697285,233.79331533556953,0.0,0.0
39.905231099892184,100000000.0,667.0642665149702,667.0642665149701,233.8226890808111,0.0,0.0
39.905231099892184,100000000.0,667.1790124739452,667.1790124739455,233.93743503978624,0.0,0.0
39.905231099892184,100000000.0,667.2923510546607,667.2923510546609,234.0507736205017,0.0,0.0
39.905231099892184,100000000.0,667.6907799196857,667.6907799196856,234.44920248552663,0.0,0.0
39.905231099892184,100000000.0,667.7386969996986,667.7386969996985,234.49711956553955,0.0,0.0
39.905231099892184,100000000.0,667.7762364193565,667.7762364193565,234.53465898519744,0.0,0.0
39.905231099892184,100000000.0,667.9324905704397,667.9324905704395,234.69091313628047,0.0,0.0
39.905231099892184,100000000.0,668.0102689029878,668.0102689029877,234.7686914688287,0.0,0.0
39.905231099892184,100000000.0,668.1586744806756,668.1586744806756,234.91709704651652,0.0,0.0
39.905231099892184,100000000.0,668.2019470392459,668.201947039246,234.96036960508687,0.0,0.0
39.905231099892184,100000000.0,668.3051891974613,668.3051891974616,235.06361176330236,0.0,0.0
39.905231099892184,100000000.0,668.4622231326626,668.4622231326628,235.2206456985037,0.0,0.0
39.905231099892184,100000000.0,668.4875296494104,668.4875296494104,235.2459522152512,0.0,0.0
39.905231099892184,100000000.0,668.6865239286033,668.6865239286034,235.44494649444417,0.0,0.0
39.905231099892184,100000000.0,668.848795746398,668.848795746398,235.6072183122389,0.0,0.0
39.905231099892184,100000000.0,668.9997059055654,668.9997059055656,235.7581284714065,0.0,0.0
39.905231099892184,100000000.0,669.1355610057759,669.135561005776,235.89398357161704,0.0,0.0
39.905231099892184,100000000.0,669.3364497115226,669.3364497115226,236.09487227736346,0.0,0.0
39.905231099892184,100000000.0,669.3850139150313,669.3850139150313,236.14343648087237,0.0,0.0
39.905231099892184,100000000.0,669.3887666105784,669.3887666105783,236.1471891764192,0.0,0.0
39.905231099892184,100000000.0,669.6001108244545,669.6001108244546,236.3585333902955,0.0,0.0
39.905231099892184,100000000.0,669.6169015276047,669.6169015276047,236.37532409344564,0.0,0.0
39.905231099892184,100000000.0,669.9294139428637,669.9294139428637,236.68783650870466,0.0,0.0
39.905231099892184,100000000.0,670.0357820708604,670.0357820708604,236.79420463670135,0.0,0.0
39.905231099892184,100000000.0,670.1743492052015,670.1743492052015,236.93277177104235,0.0,0.0
39.905231099892184,100000000.0,670.2255822861695,670.2255822861695,236.98400485201043,0.0,0.0
39.905231099892184,100000000.0,671.5491352304439,671.5491352304439,238.30755779628475,0.0,0.0
39.905231099892184,100000000.0,671.729276684411,671.729276684411,238.48769925025206,0.0,0.0
39.905231099892184,100000000.0,671.8759643690456,671.8759643690457,238.6343869348864,0.0,0.0
39.905231099892184,100000000.0,672.0492149760972,672.0492149760973,238.80763754193828,0.0,0.0
39.905231099892184,100000000.0,672.1090834545653,672.1090834545653,238.8675060204061,0.0,0.0
39.905231099892184,100000000.0,672.7156772991868,672.7156772991867,239.47409986502768,0.0,0.0
39.905231099892184,100000000.0,672.9183641588266,672.9183641588266,239.67678672466758,0.0,0.0
39.905231099892184,100000000.0,672.9526828848567,672.9526828848567,239.71110545069754,0.0,0.0
39.905231099892184,100000000.0,673.2958218546681,673.2958218546684,240.05424442050926,0.0,0.0
39.905231099892184,100000000.0,673.6353143479951,673.635314347995,240.39373691383582,0.0,0.0
39.905231099892184,100000000.0,673.7376911611578,673.7376911611576,240.49611372699857,0.0,0.0
39.905231099892184,100000000.0,673.8204911221011,673.820491122101,240.57891368794193,0.0,0.0
39.905231099892184,100000000.0,673.8750388716774,673.8750388716774,240.63346143751826,0.0,0.0
39.905231099892184,100000000.0,674.0717671951772,674.0717671951772,240.8301897610182,0.0,0.0
39.905231099892184,100000000.0,674.0958852219852,674.0958852219853,240.85430778782617,0.0,0.0
39.905231099892184,100000000.0,674.8169811933753,674.8169811933753,241.57540375921639,0.0,0.0
39.905231099892184,100000000.0,674.9090197012993,674.9090197012993,241.66744226714027,0.0,0.0
39.905231099892184,100000000.0,674.9309929842374,674.9309929842375,241.6894155500784,0.0,0.0
39.905231099892184,100000000.0,675.1418984457772,675.1418984457772,241.90032101161822,0.0,0.0
39.905231099892184,100000000.0,675.2674078864002,675.2674078864,242.025830452241,0.0,0.0
39.905231099892184,100000000.0,675.47350998088,675.4735099808801,242.23193254672108,0.0,0.0
39.905231099892184,100000000.0,675.57177443359,675.57177443359,242.330196999431,0.0,0.0
39.905231099892184,100000000.0,675.8946882215839,675.8946882215839,242.6531107874249,0.0,0.0
39.905231099892184,100000000.0,676.0166931735163,676.0166931735164,242.77511573935726,0.0,0.0
39.905231099892184,100000000.0,676.0313412036188,676.0313412036186,242.78976376945963,0.0,0.0
39.905231099892184,100000000.0,680.0223825232771,680.0223825232771,246.78080508911816,0.0,0.0
39.905231099892184,100000000.0,680.9699288148701,680.9699288148698,247.72835138071088,0.0,0.0
39.905231099892184,100000000.0,681.0715857526635,681.0715857526637,247.83000831850458,0.0,0.0
39.905231099892184,100000000.0,681.5016155466167,681.5016155466167,248.26003811245755,0.0,0.0
40.02470783971222,100000000.0,-1.0,564.9142037232474,176.8540373939319,1.0,1.0
40.02470783971222,100000000.0,646.9566314897752,646.9566314897754,213.7150540556162,0.0,0.0
40.02470783971222,100000000.0,647.1929663744916,647.1929663744916,213.9513889403325,0.0,0.0
40.02470783971222,100000000.0,649.4489277140443,649.4489277140444,216.20735027988533,0.0,0.0
40.02470783971222,100000000.0,652.2017838863227,652.2017838863227,218.96020645216376,0.0,0.0
40.02470783971222,100000000.0,652.9950073318993,652.9950073318994,219.7534298977403,0.0,0.0
40.02470783971222,100000000.0,653.8073630474337,653.8073630474337,220.56578561327456,0.0,0.0
40.02470783971222,100000000.0,653.9237720339356,653.9237720339356,220.68219459977647,0.0,0.0
40.02470783971222,100000000.0,654.7735880510459,654.773588051046,221.53201061688674,0.0,0.0
40.02470783971222,100000000.0,655.0265734617841,655.0265734617841,221.78499602762508,0.0,0.0
40.02470783971222,100000000.0,655.3373130642341,655.3373130642341,222.095735630075,0.0,0.0
40.02470783971222,100000000.0,655.5771429611484,655.5771429611485,222.3355655269895,0.0,0.0
40.02470783971222,100000000.0,655.8121001936729,655.8121001936729,222.57052275951384,0.0,0.0
40.02470783971222,100000000.0,655.8368643568373,655.8368643568374,222.5952869226782,0.0,0.0
40.02470783971222,100000000.0,656.4696685338315,656.4696685338314,223.2280910996724,0.0,0.0
40.02470783971222,100000000.0,-1.0,577.3803860481873,185.98228904536904,1.0,1.0
40.02470783971222,100000000.0,657.9568615790938,657.9568615790936,224.71528414493474,0.0,0.0
40.02470783971222,100000000.0,658.0231879574743,658.0231879574744,224.7816105233153,0.0,0.0
40.02470783971222,100000000.0,658.0704029567169,658.0704029567169,224.82882552255793,0.0,0.0
40.02470783971222,100000000.0,658.1231185017934,658.1231185017934,224.88154106763452,0.0,0.0
40.02470783971222,100000000.0,658.8380172787971,658.8380172787972,225.59643984463816,0.0,0.0
40.02470783971222,100000000.0,659.2235004774992,659.2235004774991,225.98192304334015,0.0,0.0
40.02470783971222,100000000.0,659.7713223705815,659.7713223705816,226.52974493642253,0.0,0.0
40.02470783971222,100000000.0,660.0312358354388,660.0312358354388,226.7896584012798,0.0,0.0
40.02470783971222,100000000.0,660.582722828704,660.5827228287039,227.3411453945451,0.0,0.0
40.02470783971222,100000000.0,660.7573225390958,660.7573225390959,227.5157451049367,0.0,0.0
40.02470783971222,100000000.0,660.8735760652091,660.8735760652091,227.63199863105012,0.0,0.0
40.02470783971222,100000000.0,660.9245237092726,660.9245237092726,227.68294627511347,0.0,0.0
40.02470783971222,100000000.0,661.0109784302022,661.0109784302022,227.769400996043,0.0,0.0
40.02470783971222,100000000.0,661.4489325383867,661.4489325383865,228.20735510422756,0.0,0.0
40.02470783971222,100000000.0,662.353586815591,662.3535868155913,229.11200938143227,0.0,0.0
40.02470783971222,100000000.0,662.3591446014382,662.3591446014382,229.11756716727908,0.0,0.0
40.02470783971222,100000000.0,662.5915101234937,662.5915101234937,229.34993268933474,0.0,0.0
40.02470783971222,100000000.0,662.652020775879,662.652020775879,229.4104433417199,0.0,0.0
40.02470783971222,100000000.0,662.672123997376,662.672123997376,229.43054656321695,0.0,0.0
40.02470783971222,100000000.0,662.7277273157796,662.7277273157795,229.48614988162046,0.0,0.0
40.02470783971222,100000000.0,662.92292425142,662.9229242514201,229.68134681726093,0.0,0.0
40.02470783971222,100000000.0,663.2700237551223,663.2700237551223,230.02844632096338,0.0,0.0
40.02470783971222,100000000.0,663.3284358827374,663.3284358827375,230.08685844857843,0.0,0.0
40.02470783971222,100000000.0,663.7144926444324,663.7144926444325,230.47291521027353,0.0,0.0
40.02470783971222,100000000.0,663.8713949365174,663.8713949365175,230.62981750235852,0.0,0.0
40.02470783971222,100000000.0,663.940420463676,663.9404204636761,230.69884302951698,0.0,0.0
40.02470783971222,100000000.0,663.9715748171648,663.9715748171645,230.72999738300553,0.0,0.0
40.02470783971222,100000000.0,664.3407290361208,664.3407290361209,231.09915160196184,0.0,0.0
40.02470783971222,100000000.0,664.3704654853083,664.3704654853083,231.12888805114932,0.0,0.0
40.02470783971222,100000000.0,664.5222865447893,664.5222865447892,231.28070911063014,0.0,0.0
40.02470783971222,100000000.0,664.6197625429377,664.6197625429376,231.3781851087786,0.0,0.0
40.02470783971222,100000000.0,664.7413574039914,664.7413574039916,231.49977996983247,0.0,0.0
40.02470783971222,100000000.0,664.7715635862315,664.7715635862315,231.5299861520725,0.0,0.0
40.02470783971222,100000000.0,664.8198126288436,664.8198126288437,231.57823519468465,0.0,0.0
40.02470783971222,100000000.0,664.871269257365,664.871269257365,231.62969182320603,0.0,0.0
40.02470783971222,100000000.0,664.8845047765863,664.8845047765861,231.64292734242701,0.0,0.0
40.02470783971222,100000000.0,664.8877879290784,664.8877879290783,231.64621049491933,0.0,0.0
40.02470783971222,100000000.0,665.0352625001208,665.0352625001209,231.79368506596194,0.0,0.0
40.02470783971222,100000000.0,665.0740516248131,665.074051624813,231.83247419065398,0.0,0.0
40.02470783971222,100000000.0,665.1845405159403,665.1845405159403,231.94296308178124,0.0,0.0
40.02470783971222,100000000.0,665.2261629908268,665.2261629908269,231.98458555666787,0.0,0.0
40.02470783971222,100000000.0,665.5005894253967,665.5005894253969,232.25901199123783,0.0,0.0
40.02470783971222,100000000.0,665.8745636198577,665.8745636198577,232.63298618569868,0.0,0.0
40.02470783971222,100000000.0,666.3202681971625,666.3202681971622,233.07869076300344,0.0,0.0
40.02470783971222,100000000.0,666.3956322728753,666.3956322728752,233.15405483871626,0.0,0.0
40.02470783971222,100000000.0,666.4257111539225,666.4257111539225,233.18413371976348,0.0,0.0
40.02470783971222,100000000.0,666.7101344428166,666.7101344428163,233.46855700865746,0.0,0.0
40.02470783971222,100000000.0,666.7646617837305,666.7646617837303,233.52308434957132,0.0,0.0
40.02470783971222,100000000.0,666.875344825007,666.8753448250066,233.6337673908477,0.0,0.0
40.02470783971222,100000000.0,667.0445474760988,667.0445474760985,233.80297004193963,0.0,0.0
40.02470783971222,100000000.0,667.141060570702,667.141060570702,233.89948313654293,0.0,0.0
40.02470783971222,100000000.0,667.149126774571,667.149126774571,233.90754934041195,0.0,0.0
40.02470783971222,100000000.0,667.1714834153112,667.1714834153112,233.92990598115222,0.0,0.0
40.02470783971222,100000000.0,667.3580517184996,667.3580517184995,234.11647428434068,0.0,0.0
40.02470783971222,100000000.0,667.3900421621121,667.3900421621122,234.14846472795313,0.0,0.0
40.02470783971222,100000000.0,667.5062407278249,667.5062407278248,234.26466329366568,0.0,0.0
40.02470783971222,100000000.0,667.5396572318432,667.5396572318432,234.29807979768418,0.0,0.0
40.02470783971222,100000000.0,667.5933749770538,667.593374977054,234.3517975428949,0.0,0.0
40.02470783971222,100000000.0,667.611086410062,667.611086410062,234.36950897590282,0.0,0.0
40.02470783971222,100000000.0,667.6448198955956,667.6448198955957,234.40324246143652,0.0,0.0
40.02470783971222,100000000.0,667.7479774769002,667.7479774769002,234.50640004274123,0.0,0.0
40.02470783971222,100000000.0,667.8607813669737,667.8607813669736,234.61920393281451,0.0,0.0
40.02470783971222,100000000.0,668.5963385307126,668.5963385307126,235.35476109655352,0.0,0.0
40.02470783971222,100000000.0,668.7683857135353,668.7683857135355,235.52680827937638,0.0,0.0
40.02470783971222,100000000.0,668.7779919452471,668.7779919452469,235.5364145110879,0.0,0.0
40.02470783971222,100000000.0,668.811236063409,668.811236063409,235.56965862924994,0.0,0.0
40.02470783971222,100000000.0,669.3144249104201,669.3144249104203,236.07284747626133,0.0,0.0
40.02470783971222,100000000.0,669.6084948585952,669.6084948585951,236.36691742443602,0.0,0.0
40.02470783971222,100000000.0,669.6091101534009,669.609110153401,236.36753271924186,0.0,0.0
40.02470783971222,100000000.0,669.6719937865578,669.6719937865581,236.43041635239896,0.0,0.0
40.02470783971222,100000000.0,669.8653545394368,669.865354539437,236.6237771052778,0.0,0.0
40.02470783971222,100000000.0,670.7603780271847,670.7603780271849,237.51880059302576,0.0,0.0
40.02470783971222,100000000.0,-1.0,590.7372334931458,191.22159352196078,1.0,1.0
40.02470783971222,100000000.0,670.9680675460258,670.9680675460258,237.72649011186678,0.0,0.0
40.02470783971222,100000000.0,670.9924550152579,670.992455015258,237.7508775810989,0.0,0.0
40.02470783971222,100000000.0,671.0728179038632,671.072817903863,237.83124046970414,0.0,0.0
40.02470783971222,100000000.0,671.4492050451536,671.4492050451536,238.20762761099456,0.0,0.0
40.02470783971222,100000000.0,671.9221719899978,671.922171989998,238.68059455583895,0.0,0.0
40.02470783971222,100000000.0,672.1660732822213,672.1660732822213,238.92449584806224,0.0,0.0
40.02470783971222,100000000.0,672.4848899256826,672.4848899256826,239.24331249152377,0.0,0.0
40.02470783971222,100000000.0,672.4879574743344,672.4879574743346,239.2463800401755,0.0,0.0
40.02470783971222,100000000.0,672.8103268050559,672.8103268050558,239.56874937089682,0.0,0.0
40.02470783971222,100000000.0,673.3384143165308,673.3384143165307,240.09683688237178,0.0,0.0
40.02470783971222,100000000.0,673.6676723563559,673.6676723563559,240.42609492219677,0.0,0.0
40.02470783971222,100000000.0,674.0918483816833,674.0918483816836,240.8502709475244,0.0,0.0
40.02470783971222,100000000.0,674.2740642303783,674.2740642303781,241.0324867962191,0.0,0.0
40.02470783971222,100000000.0,674.3332896712317,674.3332896712318,241.09171223707267,0.0,0.0
40.02470783971222,100000000.0,-1.0,594.3630177714424,207.3662109566473,1.0,1.0
40.02470783971222,100000000.0,674.6239495035868,674.6239495035866,241.38237206942767,0.0,0.0
40.02470783971222,100000000.0,674.7255642524223,674.7255642524221,241.48398681826313,0.0,0.0
40.02470783971222,100000000.0,674.8175712700813,674.8175712700814,241.57599383592233,0.0,0.0
40.02470783971222,100000000.0,675.1332311174965,675.1332311174966,241.89165368333738,0.0,0.0
40.02470783971222,100000000.0,675.1508352205964,675.1508352205964,241.90925778643722,0.0,0.0
40.02470783971222,100000000.0,676.0343764161378,676.0343764161377,242.7927989819788,0.0,0.0
40.02470783971222,100000000.0,676.3795033572121,676.3795033572121,243.13792592305296,0.0,0.0
40.02470783971222,100000000.0,676.4053813795407,676.4053813795407,243.16380394538166,0.0,0.0
40.02470783971222,100000000.0,676.8678714756371,676.8678714756372,243.62629404147813,0.0,0.0
40.02470783971222,100000000.0,677.0498195529392,677.0498195529391,243.80824211878013,0.0,0.0
40.02470783971222,100000000.0,677.6143799338707,677.6143799338709,244.37280249971175,0.0,0.0
40.02470783971222,100000000.0,677.6380996007135,677.6380996007135,244.39652216655458,0.0,0.0
40.02470783971222,100000000.0,678.2910355014527,678.2910355014526,245.04945806729364,0.0,0.0
40.02470783971222,100000000.0,678.3589538384404,678.3589538384405,245.11737640428137,0.0,0.0
40.02470783971222,100000000.0,678.7363180097983,678.7363180097984,245.49474057563933,0.0,0.0
40.02470783971222,100000000.0,679.5813504572162,679.5813504572163,246.3397730230573,0.0,0.0
40.02470783971222,100000000.0,679.889286564732,679.889286564732,246.64770913057293,0.0,0.0
40.02470783971222,100000000.0,680.1201742010838,680.1201742010838,246.8785967669248,0.0,0.0
40.02470783971222,100000000.0,680.7728784217691,680.772878421769,247.53130098760994,0.0,0.0
40.02470783971222,100000000.0,680.8571413228711,680.857141322871,247.615563888712,0.0,0.0
40.02470783971222,100000000.0,681.0117835196553,681.0117835196554,247.77020608549617,0.0,0.0
40.02470783971222,100000000.0,682.0230237177526,682.0230237177527,248.7814462835935,0.0,0.0
40.02470783971222,100000000.0,682.6676735761222,682.667673576122,249.42609614196297,0.0,0.0
40.02470783971222,100000000.0,683.0821243976867,683.0821243976869,249.8405469635278,0.0,0.0
40.14418457953226,100000000.0,640.6012343771126,640.601234377113,207.3596569429538,0.0,0.0
40.14418457953226,100000000.0,645.2534804816218,645.2534804816218,212.01190304746274,0.0,0.0
40.14418457953226,100000000.0,646.548151234438,646.5481512344379,213.30657380027878,0.0,0.0
40.14418457953226,100000000.0,647.5935336000856,647.5935336000857,214.3519561659267,0.0,0.0
40.14418457953226,100000000.0,647.7769177943362,647.7769177943364,214.53534036017732,0.0,0.0
40.14418457953226,100000000.0,648.7568218494389,648.7568218494388,215.5152444152798,0.0,0.0
40.14418457953226,100000000.0,649.9654333115051,649.965433311505,216.7238558773461,0.0,0.0
40.14418457953226,100000000.0,650.5217973597571,650.521797359757,217.28021992559798,0.0,0.0
40.14418457953226,100000000.0,650.8319199498933,650.8319199498933,217.59034251573425,0.0,0.0
40.14418457953226,100000000.0,651.306134214787,651.3061342147868,218.06455678062784,0.0,0.0
40.14418457953226,100000000.0,652.1812671449304,652.1812671449305,218.93968971077135,0.0,0.0
40.14418457953226,100000000.0,652.2583556106621,652.2583556106621,219.01677817650304,0.0,0.0
40.14418457953226,100000000.0,652.3294164270264,652.3294164270264,219.08783899286735,0.0,0.0
40.14418457953226,100000000.0,652.997993972132,652.997993972132,219.75641653797302,0.0,0.0
40.14418457953226,100000000.0,653.2101400297627,653.2101400297626,219.9685625956035,0.0,0.0
40.14418457953226,100000000.0,653.3210148008149,653.3210148008149,220.0794373666557,0.0,0.0
40.14418457953226,100000000.0,653.4470408300822,653.4470408300822,220.20546339592312,0.0,0.0
40.14418457953226,100000000.0,653.4565785495998,653.4565785496001,220.215001115441,0.0,0.0
40.14418457953226,100000000.0,653.8408428211894,653.8408428211894,220.59926538703013,0.0,0.0
40.14418457953226,100000000.0,655.758445638591,655.758445638591,222.51686820443183,0.0,0.0
40.14418457953226,100000000.0,656.2810734811181,656.2810734811181,223.03949604695904,0.0,0.0
40.14418457953226,100000000.0,656.7331813734322,656.7331813734324,223.49160393927326,0.0,0.0
40.14418457953226,100000000.0,656.7525643264951,656.7525643264951,223.51098689233612,0.0,0.0
40.14418457953226,100000000.0,656.7543370211924,656.7543370211926,223.5127595870335,0.0,0.0
40.14418457953226,100000000.0,656.909934573227,656.9099345732269,223.668357139068,0.0,0.0
40.14418457953226,100000000.0,656.968512931391,656.968512931391,223.72693549723198,0.0,0.0
40.14418457953226,100000000.0,657.3839767497066,657.3839767497067,224.14239931554752,0.0,0.0
40.14418457953226,100000000.0,657.3961654040627,657.3961654040627,224.15458796990367,0.0,0.0
40.14418457953226,100000000.0,658.0587666279085,658.0587666279088,224.81718919374958,0.0,0.0
40.14418457953226,100000000.0,658.3622244612105,658.3622244612105,225.12064702705146,0.0,0.0
40.14418457953226,100000000.0,658.4194684512902,658.4194684512901,225.17789101713115,0.0,0.0
40.14418457953226,100000000.0,658.4754058037403,658.4754058037403,225.23382836958118,0.0,0.0
40.14418457953226,100000000.0,658.487514560543,658.487514560543,225.24593712638386,0.0,0.0
40.14418457953226,100000000.0,658.7027575895137,658.7027575895137,225.4611801553546,0.0,0.0
40.14418457953226,100000000.0,658.7346576472751,658.734657647275,225.49308021311603,0.0,0.0
40.14418457953226,100000000.0,658.7754208801196,658.7754208801196,225.53384344596057,0.0,0.0
40.14418457953226,100000000.0,658.9033885656463,658.9033885656462,225.66181113148724,0.0,0.0
40.14418457953226,100000000.0,658.9278314017636,658.9278314017636,225.6862539676045,0.0,0.0
40.14418457953226,100000000.0,659.1709661131366,659.1709661131366,225.92938867897755,0.0,0.0
40.14418457953226,100000000.0,659.3208312828393,659.3208312828397,226.07925384868054,0.0,0.0
40.14418457953226,100000000.0,659.5604893129779,659.560489312978,226.31891187881882,0.0,0.0
40.14418457953226,100000000.0,660.1864627935706,660.1864627935706,226.94488535941161,0.0,0.0
40.14418457953226,100000000.0,660.2059255478404,660.2059255478406,226.96434811368147,0.0,0.0
40.14418457953226,100000000.0,660.4162285535543,660.4162285535542,227.17465111939512,0.0,0.0
40.14418457953226,100000000.0,660.7124215369886,660.7124215369886,227.4708441028296,0.0,0.0
40.14418457953226,100000000.0,660.8456977316569,660.845697731657,227.60412029749799,0.0,0.0
40.14418457953226,100000000.0,661.4450739386801,661.44507393868,228.20349650452104,0.0,0.0
40.14418457953226,100000000.0,661.4804013962133,661.4804013962133,228.23882396205414,0.0,0.0
40.14418457953226,100000000.0,661.7413851342537,661.741385134254,228.49980770009472,0.0,0.0
40.14418457953226,100000000.0,661.7963150925927,661.7963150925927,228.55473765843374,0.0,0.0
40.14418457953226,100000000.0,661.917673050078,661.917673050078,228.676095615919,0.0,0.0
40.14418457953226,100000000.0,661.9863574091315,661.9863574091315,228.74477997497254,0.0,0.0
40.14418457953226,100000000.0,661.9929987509668,661.9929987509669,228.75142131680775,0.0,0.0
40.14418457953226,100000000.0,662.0700155444608,662.0700155444608,228.82843811030168,0.0,0.0
40.14418457953226,100000000.0,662.1497891208892,662.1497891208892,228.90821168673014,0.0,0.0
40.14418457953226,100000000.0,662.4193681317963,662.4193681317961,229.177790697637,0.0,0.0
40.14418457953226,100000000.0,662.5077698748622,662.507769874862,229.26619244070307,0.0,0.0
40.14418457953226,100000000.0,662.5923114486593,662.5923114486592,229.3507340145002,0.0,0.0
40.14418457953226,100000000.0,662.8666902032693,662.8666902032693,229.62511276911022,0.0,0.0
40.14418457953226,100000000.0,662.886322865315,662.8863228653152,229.64474543115617,0.0,0.0
40.14418457953226,100000000.0,663.0121908382914,663.0121908382916,229.7706134041324,0.0,0.0
40.14418457953226,100000000.0,663.4852970320121,663.4852970320125,230.24371959785327,0.0,0.0
40.14418457953226,100000000.0,663.5078904271018,663.5078904271019,230.26631299294277,0.0,0.0
40.14418457953226,100000000.0,663.5765968177346,663.5765968177346,230.3350193835757,0.0,0.0
40.14418457953226,100000000.0,663.7920344625642,663.7920344625641,230.55045702840505,0.0,0.0
40.14418457953226,100000000.0,663.8885379912394,663.8885379912394,230.64696055708035,0.0,0.0
40.14418457953226,100000000.0,664.205081194506,664.205081194506,230.96350376034704,0.0,0.0
40.14418457953226,100000000.0,664.3491471742307,664.3491471742306,231.10756974007163,0.0,0.0
40.14418457953226,100000000.0,664.5560598353388,664.5560598353387,231.31448240117965,0.0,0.0
40.14418457953226,100000000.0,664.6676327743842,664.667632774384,231.42605534022496,0.0,0.0
40.14418457953226,100000000.0,664.7978540073009,664.797854007301,231.55627657314187,0.0,0.0
40.14418457953226,100000000.0,664.9578989753409,664.9578989753408,231.71632154118174,0.0,0.0
40.14418457953226,100000000.0,665.0331861072704,665.0331861072704,231.79160867311128,0.0,0.0
40.14418457953226,100000000.0,665.0383181819727,665.0383181819728,231.7967407478137,0.0,0.0
40.14418457953226,100000000.0,665.0835923595321,665.0835923595321,231.84201492537295,0.0,0.0
40.14418457953226,100000000.0,665.1060565391285,665.1060565391285,231.86447910496955,0.0,0.0
40.14418457953226,100000000.0,665.2164932946623,665.2164932946624,231.97491586050327,0.0,0.0
40.14418457953226,100000000.0,665.4158934462405,665.4158934462405,232.1743160120815,0.0,0.0
40.14418457953226,100000000.0,665.478866257651,665.478866257651,232.23728882349204,0.0,0.0
40.14418457953226,100000000.0,665.5868101900684,665.5868101900683,232.3452327559093,0.0,0.0
40.14418457953226,100000000.0,665.6867346452881,665.6867346452882,232.44515721112904,0.0,0.0
40.14418457953226,100000000.0,665.9809131383686,665.9809131383684,232.73933570420954,0.0,0.0
40.14418457953226,100000000.0,666.3020565789443,666.3020565789443,233.0604791447854,0.0,0.0
40.14418457953226,100000000.0,666.3286121807324,666.3286121807323,233.08703474657324,0.0,0.0
40.14418457953226,100000000.0,666.704350839224,666.7043508392239,233.46277340506492,0.0,0.0
40.14418457953226,100000000.0,666.7207017163764,666.7207017163767,233.47912428221738,0.0,0.0
40.14418457953226,100000000.0,666.7257095256135,666.7257095256138,233.48413209145454,0.0,0.0
40.14418457953226,100000000.0,667.5221727001968,667.5221727001971,234.28059526603786,0.0,0.0
40.14418457953226,100000000.0,667.6677596467052,667.6677596467052,234.42618221254625,0.0,0.0
40.14418457953226,100000000.0,667.7522472456158,667.7522472456156,234.51066981145664,0.0,0.0
40.14418457953226,100000000.0,667.8111482185805,667.8111482185803,234.5695707844213,0.0,0.0
40.14418457953226,100000000.0,668.035597366483,668.0355973664829,234.7940199323239,0.0,0.0
40.14418457953226,100000000.0,668.0807172029507,668.0807172029504,234.83913976879145,0.0,0.0
40.14418457953226,100000000.0,668.2071271256979,668.2071271256978,234.9655496915387,0.0,0.0
40.14418457953226,100000000.0,668.4170024799737,668.4170024799737,235.17542504581473,0.0,0.0
40.14418457953226,100000000.0,669.0092513683884,669.0092513683884,235.7676739342294,0.0,0.0
40.14418457953226,100000000.0,669.2122998239706,669.2122998239705,235.97072238981133,0.0,0.0
40.14418457953226,100000000.0,669.4178766384208,669.4178766384208,236.17629920426177,0.0,0.0
40.14418457953226,100000000.0,669.5864939712067,669.586493971207,236.34491653704782,0.0,0.0
40.14418457953226,100000000.0,669.7707041751015,669.7707041751016,236.52912674094236,0.0,0.0
40.14418457953226,100000000.0,671.1348829738236,671.1348829738236,237.89330553966457,0.0,0.0
40.14418457953226,100000000.0,671.383578886812,671.3835788868117,238.14200145265283,0.0,0.0
40.14418457953226,100000000.0,671.42640010204,671.4264001020397,238.1848226678809,0.0,0.0
40.14418457953226,100000000.0,671.8028594680603,671.8028594680602,238.56128203390125,0.0,0.0
40.14418457953226,100000000.0,672.0731622634985,672.0731622634986,238.83158482933942,0.0,0.0
40.14418457953226,100000000.0,672.6883901186765,672.6883901186765,239.44681268451745,0.0,0.0
40.14418457953226,100000000.0,672.9153627886951,672.9153627886951,239.67378535453614,0.0,0.0
40.14418457953226,100000000.0,673.0095884900871,673.009588490087,239.768011055928,0.0,0.0
40.14418457953226,100000000.0,673.0711345841551,673.071134584155,239.829557149996,0.0,0.0
40.14418457953226,100000000.0,673.5564181565001,673.5564181565,240.31484072234093,0.0,0.0
40.14418457953226,100000000.0,674.0552591444325,674.0552591444326,240.81368171027358,0.0,0.0
40.14418457953226,100000000.0,674.1776280093735,674.1776280093735,240.93605057521444,0.0,0.0
40.14418457953226,100000000.0,674.3661865374428,674.3661865374428,241.1246091032837,0.0,0.0
40.14418457953226,100000000.0,674.7122411473553,674.7122411473554,241.47066371319625,0.0,0.0
40.14418457953226,100000000.0,674.9045786348009,674.904578634801,241.66300120064187,0.0,0.0
40.14418457953226,100000000.0,674.9568497896739,674.956849789674,241.71527235551488,0.0,0.0
40.14418457953226,100000000.0,674.9743163637197,674.9743163637196,241.73273892956058,0.0,0.0
40.14418457953226,100000000.0,675.9164124376283,675.9164124376281,242.67483500346927,0.0,0.0
40.14418457953226,100000000.0,675.9237375200202,675.9237375200202,242.6821600858611,0.0,0.0
40.14418457953226,100000000.0,675.9624166691185,675.9624166691185,242.7208392349594,0.0,0.0
40.14418457953226,100000000.0,676.4668390387706,676.4668390387707,243.2252616046117,0.0,0.0
40.14418457953226,100000000.0,676.6131219776095,676.6131219776094,243.37154454345026,0.0,0.0
40.14418457953226,100000000.0,677.182224488289,677.1822244882887,243.94064705412973,0.0,0.0
40.14418457953226,100000000.0,677.2609997138953,677.2609997138956,244.0194222797364,0.0,0.0
40.14418457953226,100000000.0,677.7893770927587,677.7893770927589,244.54779965859979,0.0,0.0
40.14418457953226,100000000.0,679.6032612326392,679.6032612326393,246.36168379848002,0.0,0.0
40.14418457953226,100000000.0,679.8103946976097,679.8103946976098,246.56881726345077,0.0,0.0
40.14418457953226,100000000.0,680.7823201530305,680.7823201530305,247.54074271887148,0.0,0.0
40.263661319352295,100000000.0,648.0144669695828,648.014466969583,214.7728895354238,0.0,0.0
40.263661319352295,100000000.0,648.4135609831538,648.4135609831536,215.17198354899466,0.0,0.0
40.263661319352295,100000000.0,648.6435095655785,648.6435095655785,215.40193213141956,0.0,0.0
40.263661319352295,100000000.0,649.6472805402235,649.6472805402237,216.40570310606438,0.0,0.0
40.263661319352295,100000000.0,650.3974027203938,650.3974027203939,217.15582528623483,0.0,0.0
40.263661319352295,100000000.0,650.4580738598769,650.458073859877,217.21649642571776,0.0,0.0
40.263661319352295,100000000.0,650.8629503308275,650.8629503308274,217.6213728966683,0.0,0.0
40.263661319352295,100000000.0,652.5573473910423,652.5573473910424,219.31576995688332,0.0,0.0
40.263661319352295,100000000.0,653.0386536993092,653.0386536993092,219.7970762651501,0.0,0.0
40.263661319352295,100000000.0,653.1781847221928,653.1781847221927,219.9366072880337,0.0,0.0
40.263661319352295,100000000.0,654.1035395424159,654.103539542416,220.86196210825702,0.0,0.0
40.263661319352295,100000000.0,654.9134198747254,654.9134198747254,221.67184244056637,0.0,0.0
40.263661319352295,100000000.0,655.2323850010152,655.2323850010155,221.99080756685626,0.0,0.0
40.263661319352295,100000000.0,655.927451386989,655.9274513869889,222.68587395282975,0.0,0.0
40.263661319352295,100000000.0,656.1477743849292,656.1477743849293,222.90619695077015,0.0,0.0
40.263661319352295,100000000.0,657.3970143698215,657.3970143698217,224.15543693566255,0.0,0.0
40.263661319352295,100000000.0,657.7598553028935,657.7598553028936,224.5182778687345,0.0,0.0
40.263661319352295,100000000.0,657.9612293381074,657.9612293381074,224.71965190394823,0.0,0.0
40.263661319352295,100000000.0,657.9696254635217,657.9696254635217,224.7280480293626,0.0,0.0
40.263661319352295,100000000.0,658.0582799838973,658.0582799838973,224.8167025497382,0.0,0.0
40.263661319352295,100000000.0,658.3246899298694,658.3246899298695,225.08311249571037,0.0,0.0
40.263661319352295,100000000.0,659.0280642483815,659.0280642483815,225.7864868142224,0.0,0.0
40.263661319352295,100000000.0,659.1267252530198,659.1267252530198,225.8851478188609,0.0,0.0
40.263661319352295,100000000.0,659.394171901453,659.394171901453,226.15259446729394,0.0,0.0
40.263661319352295,100000000.0,659.7419601112066,659.7419601112067,226.50038267704758,0.0,0.0
40.263661319352295,100000000.0,659.9790217855851,659.9790217855851,226.737444351426,0.0,0.0
40.263661319352295,100000000.0,660.2042491837516,660.2042491837516,226.96267174959254,0.0,0.0
40.263661319352295,100000000.0,660.3840624068341,660.3840624068339,227.14248497267482,0.0,0.0
40.263661319352295,100000000.0,660.4744480998698,660.4744480998697,227.23287066571072,0.0,0.0
40.263661319352295,100000000.0,660.5058147574723,660.5058147574723,227.26423732331315,0.0,0.0
40.263661319352295,100000000.0,660.7122763474613,660.7122763474612,227.47069891330227,0.0,0.0
40.263661319352295,100000000.0,660.7402629721012,660.7402629721012,227.49868553794212,0.0,0.0
40.263661319352295,100000000.0,660.7993792458253,660.7993792458252,227.55780181166628,0.0,0.0
40.263661319352295,100000000.0,661.0908400949837,661.0908400949838,227.8492626608247,0.0,0.0
40.263661319352295,100000000.0,661.295484670831,661.2954846708312,228.05390723667207,0.0,0.0
40.263661319352295,100000000.0,661.3688609909052,661.3688609909053,228.12728355674628,0.0,0.0
40.263661319352295,100000000.0,661.410267233396,661.410267233396,228.16868979923694,0.0,0.0
40.263661319352295,100000000.0,661.6690877924752,661.669087792475,228.42751035831597,0.0,0.0
40.263661319352295,100000000.0,662.1247467326033,662.1247467326033,228.88316929844405,0.0,0.0
40.263661319352295,100000000.0,662.1279223727693,662.1279223727693,228.88634493861025,0.0,0.0
40.263661319352295,100000000.0,662.1353413373495,662.1353413373496,228.8937639031904,0.0,0.0
40.263661319352295,100000000.0,662.2313009878831,662.2313009878831,228.989723553724,0.0,0.0
40.263661319352295,100000000.0,662.6018174843327,662.6018174843329,229.36024005017362,0.0,0.0
40.263661319352295,100000000.0,662.6754174424423,662.6754174424423,229.43384000828328,0.0,0.0
40.263661319352295,100000000.0,662.8200618214246,662.8200618214244,229.5784843872654,0.0,0.0
40.263661319352295,100000000.0,662.9385830042493,662.9385830042495,229.69700557009037,0.0,0.0
40.263661319352295,100000000.0,663.337732492729,663.337732492729,230.09615505857008,0.0,0.0
40.263661319352295,100000000.0,663.4379134200396,663.4379134200395,230.19633598588052,0.0,0.0
40.263661319352295,100000000.0,663.4614928497166,663.4614928497167,230.21991541555755,0.0,0.0
40.263661319352295,100000000.0,663.617723064183,663.6177230641829,230.37614563002398,0.0,0.0
40.263661319352295,100000000.0,663.7580065372533,663.7580065372532,230.51642910309408,0.0,0.0
40.263661319352295,100000000.0,663.8488489771595,663.8488489771595,230.60727154300045,0.0,0.0
40.263661319352295,100000000.0,663.9401054024129,663.9401054024131,230.6985279682539,0.0,0.0
40.263661319352295,100000000.0,664.0097814375381,664.0097814375382,230.76820400337905,0.0,0.0
40.263661319352295,100000000.0,664.39969233134,664.39969233134,231.15811489718106,0.0,0.0
40.263661319352295,100000000.0,664.4163108628791,664.4163108628791,231.17473342871983,0.0,0.0
40.263661319352295,100000000.0,664.6437866699455,664.6437866699456,231.40220923578647,0.0,0.0
40.263661319352295,100000000.0,664.6505018563977,664.6505018563979,231.40892442223873,0.0,0.0
40.263661319352295,100000000.0,664.708705819877,664.7087058198772,231.46712838571818,0.0,0.0
40.263661319352295,100000000.0,664.7129070768979,664.712907076898,231.47132964273885,0.0,0.0
40.263661319352295,100000000.0,664.7440117421285,664.7440117421287,231.50243430796948,0.0,0.0
40.263661319352295,100000000.0,664.7839316435719,664.783931643572,231.54235420941282,0.0,0.0
40.263661319352295,100000000.0,665.0305802885632,665.0305802885634,231.78900285440417,0.0,0.0
40.263661319352295,100000000.0,665.4045473369256,665.4045473369258,232.16296990276663,0.0,0.0
40.263661319352295,100000000.0,665.6211421264857,665.6211421264856,232.37956469232654,0.0,0.0
40.263661319352295,100000000.0,665.7340492719602,665.7340492719601,232.49247183780116,0.0,0.0
40.263661319352295,100000000.0,665.7472466900202,665.7472466900203,232.50566925586125,0.0,0.0
40.263661319352295,100000000.0,665.9620887423132,665.9620887423131,232.7205113081541,0.0,0.0
40.263661319352295,100000000.0,666.0417019339529,666.0417019339529,232.80012449979398,0.0,0.0
40.263661319352295,100000000.0,666.2912686796631,666.2912686796631,233.04969124550388,0.0,0.0
40.263661319352295,100000000.0,666.411813529779,666.4118135297792,233.17023609562,0.0,0.0
40.263661319352295,100000000.0,666.8164327680552,666.8164327680553,233.5748553338963,0.0,0.0
40.263661319352295,100000000.0,666.8222766898234,666.8222766898234,233.58069925566443,0.0,0.0
40.263661319352295,100000000.0,666.9352846603116,666.9352846603115,233.6937072261525,0.0,0.0
40.263661319352295,100000000.0,667.2286488810131,667.2286488810131,233.98707144685415,0.0,0.0
40.263661319352295,100000000.0,667.5132471451477,667.5132471451476,234.2716697109886,0.0,0.0
40.263661319352295,100000000.0,667.6831620559371,667.683162055937,234.441584621778,0.0,0.0
40.263661319352295,100000000.0,667.9716055649712,667.9716055649711,234.73002813081203,0.0,0.0
40.263661319352295,100000000.0,668.1774152655148,668.1774152655147,234.93583783135583,0.0,0.0
40.263661319352295,100000000.0,668.354385879775,668.3543858797752,235.11280844561605,0.0,0.0
40.263661319352295,100000000.0,668.5724785669615,668.5724785669614,235.33090113280244,0.0,0.0
40.263661319352295,100000000.0,668.9659011002855,668.9659011002855,235.72432366612637,0.0,0.0
40.263661319352295,100000000.0,668.9905027099643,668.9905027099643,235.7489252758053,0.0,0.0
40.263661319352295,100000000.0,669.14406279632,669.1440627963199,235.9024853621608,0.0,0.0
40.263661319352295,100000000.0,669.5023780793198,669.5023780793197,236.2608006451608,0.0,0.0
40.263661319352295,100000000.0,669.6977826405425,669.6977826405425,236.45620520638346,0.0,0.0
40.263661319352295,100000000.0,670.3798321768086,670.3798321768086,237.13825474264945,0.0,0.0
40.263661319352295,100000000.0,670.4799625232106,670.4799625232107,237.23838508905163,0.0,0.0
40.263661319352295,100000000.0,671.063104897476,671.063104897476,237.82152746331693,0.0,0.0
40.263661319352295,100000000.0,671.2524401422534,671.2524401422535,238.01086270809444,0.0,0.0
40.263661319352295,100000000.0,671.3395227530925,671.3395227530925,238.09794531893348,0.0,0.0
40.263661319352295,100000000.0,671.3805924491096,671.3805924491097,238.13901501495062,0.0,0.0
40.263661319352295,100000000.0,671.6517891969249,671.6517891969249,238.4102117627659,0.0,0.0
40.263661319352295,100000000.0,671.6677024295161,671.667702429516,238.426124995357,0.0,0.0
40.263661319352295,100000000.0,671.9090096197597,671.9090096197598,238.66743218560055,0.0,0.0
40.263661319352295,100000000.0,671.9382950298793,671.9382950298796,238.69671759572046,0.0,0.0
40.263661319352295,100000000.0,672.1607824007729,672.160782400773,238.91920496661385,0.0,0.0
40.263661319352295,100000000.0,672.2988224676452,672.2988224676451,239.05724503348603,0.0,0.0
40.263661319352295,100000000.0,672.4498705956445,672.4498705956446,239.20829316148556,0.0,0.0
40.263661319352295,100000000.0,672.7363517106911,672.7363517106911,239.4947742765321,0.0,0.0
40.263661319352295,100000000.0,672.9667316223156,672.9667316223156,239.72515418815664,0.0,0.0
40.263661319352295,100000000.0,672.982199247019,672.9821992470194,239.74062181286007,0.0,0.0
40.263661319352295,100000000.0,673.2699422643307,673.2699422643308,240.02836483017163,0.0,0.0
40.263661319352295,100000000.0,673.7230950633281,673.7230950633284,240.48151762916925,0.0,0.0
40.263661319352295,100000000.0,674.7053784932126,674.7053784932125,241.46380105905345,0.0,0.0
40.263661319352295,100000000.0,674.7083977195147,674.7083977195148,241.46682028535577,0.0,0.0
40.263661319352295,100000000.0,674.7137479525787,674.7137479525786,241.4721705184197,0.0,0.0
40.263661319352295,100000000.0,675.2009388443837,675.2009388443838,241.95936141022472,0.0,0.0
40.263661319352295,100000000.0,675.3912032265642,675.3912032265642,242.1496257924052,0.0,0.0
40.263661319352295,100000000.0,675.4417738457862,675.4417738457863,242.20019641162725,0.0,0.0
40.263661319352295,100000000.0,675.8706404072001,675.8706404072001,242.62906297304113,0.0,0.0
40.263661319352295,100000000.0,676.2271595735956,676.2271595735957,242.9855821394366,0.0,0.0
40.263661319352295,100000000.0,676.3892698791075,676.3892698791075,243.14769244494832,0.0,0.0
40.263661319352295,100000000.0,676.4437102254935,676.4437102254935,243.2021327913343,0.0,0.0
40.263661319352295,100000000.0,676.6592500750845,676.6592500750844,243.4176726409255,0.0,0.0
40.263661319352295,100000000.0,676.9158939880027,676.915893988003,243.67431655384382,0.0,0.0
40.263661319352295,100000000.0,677.3426391851685,677.3426391851687,244.1010617510095,0.0,0.0
40.263661319352295,100000000.0,677.3589995411368,677.358999541137,244.1174221069777,0.0,0.0
40.263661319352295,100000000.0,677.4737968478896,677.4737968478897,244.23221941373052,0.0,0.0
40.263661319352295,100000000.0,680.1619598143839,680.1619598143837,246.92038238022477,0.0,0.0
40.263661319352295,100000000.0,680.1846253002666,680.1846253002664,246.9430478661074,0.0,0.0
40.263661319352295,100000000.0,680.2367954869923,680.2367954869923,246.9952180528332,0.0,0.0
40.263661319352295,100000000.0,681.6970990327592,681.6970990327592,248.45552159860003,0.0,0.0
40.263661319352295,100000000.0,682.2546753901572,682.2546753901572,249.0130979559981,0.0,0.0
40.263661319352295,100000000.0,682.4568134593331,682.4568134593331,249.2152360251741,0.0,0.0
40.263661319352295,100000000.0,682.6389533274827,682.6389533274827,249.39737589332358,0.0,0.0
40.263661319352295,100000000.0,683.2053833504622,683.2053833504621,249.96380591630293,0.0,0.0
40.263661319352295,100000000.0,683.2227400454309,683.2227400454309,249.9811626112717,0.0,0.0
40.38313805917233,100000000.0,642.1909836636097,642.1909836636098,208.9494062294507,0.0,0.0
40.38313805917233,100000000.0,644.7080067411528,644.7080067411529,211.46642930699386,0.0,0.0
40.38313805917233,100000000.0,646.8151597571801,646.8151597571801,213.5735823230211,0.0,0.0
40.38313805917233,100000000.0,648.6633740336043,648.6633740336044,215.4217965994453,0.0,0.0
40.38313805917233,100000000.0,649.7427316421287,649.7427316421288,216.50115420796965,0.0,0.0
40.38313805917233,100000000.0,650.1741657195646,650.1741657195647,216.93258828540556,0.0,0.0
40.38313805917233,100000000.0,651.4976334966087,651.4976334966087,218.2560560624496,0.0,0.0
40.38313805917233,100000000.0,651.5912749227964,651.5912749227963,218.34969748863728,0.0,0.0
40.38313805917233,100000000.0,652.006673973315,652.006673973315,218.76509653915596,0.0,0.0
40.38313805917233,100000000.0,653.2490552875806,653.2490552875806,220.00747785342153,0.0,0.0
40.38313805917233,100000000.0,653.6926668405221,653.6926668405218,220.45108940636283,0.0,0.0
40.38313805917233,100000000.0,653.8911446460453,653.8911446460452,220.64956721188625,0.0,0.0
40.38313805917233,100000000.0,654.6227343689285,654.6227343689284,221.3811569347695,0.0,0.0
40.38313805917233,100000000.0,655.1726850188837,655.1726850188838,221.93110758472474,0.0,0.0
40.38313805917233,100000000.0,655.8283310022551,655.8283310022553,222.58675356809601,0.0,0.0
40.38313805917233,100000000.0,656.1904503560334,656.1904503560332,222.94887292187425,0.0,0.0
40.38313805917233,100000000.0,656.2172462567352,656.217246256735,222.97566882257593,0.0,0.0
40.38313805917233,100000000.0,656.8295804995026,656.8295804995025,223.58800306534363,0.0,0.0
40.38313805917233,100000000.0,656.8362074902757,656.8362074902756,223.59463005611656,0.0,0.0
40.38313805917233,100000000.0,656.8455703868185,656.8455703868184,223.6039929526594,0.0,0.0
40.38313805917233,100000000.0,656.9747492248757,656.9747492248758,223.73317179071682,0.0,0.0
40.38313805917233,100000000.0,657.033083561186,657.0330835611861,223.79150612702696,0.0,0.0
40.38313805917233,100000000.0,657.0439703629731,657.0439703629734,223.8023929288142,0.0,0.0
40.38313805917233,100000000.0,657.094542140663,657.0945421406628,223.8529647065038,0.0,0.0
40.38313805917233,100000000.0,657.0990342474523,657.0990342474523,223.8574568132934,0.0,0.0
40.38313805917233,100000000.0,657.4471548553124,657.4471548553125,224.20557742115324,0.0,0.0
40.38313805917233,100000000.0,657.8117920661028,657.8117920661027,224.57021463194363,0.0,0.0
40.38313805917233,100000000.0,657.8429921527185,657.8429921527185,224.60141471855943,0.0,0.0
40.38313805917233,100000000.0,658.0745217732643,658.0745217732642,224.83294433910515,0.0,0.0
40.38313805917233,100000000.0,658.3832643245923,658.3832643245923,225.1416868904332,0.0,0.0
40.38313805917233,100000000.0,658.4648265360214,658.4648265360213,225.22324910186214,0.0,0.0
40.38313805917233,100000000.0,658.657405546693,658.657405546693,225.41582811253392,0.0,0.0
40.38313805917233,100000000.0,659.0603591887239,659.0603591887239,225.8187817545648,0.0,0.0
40.38313805917233,100000000.0,659.1003801385233,659.1003801385232,225.85880270436425,0.0,0.0
40.38313805917233,100000000.0,659.1209630981273,659.1209630981275,225.87938566396832,0.0,0.0
40.38313805917233,100000000.0,659.2210170155352,659.2210170155353,225.97943958137606,0.0,0.0
40.38313805917233,100000000.0,659.3258303485584,659.325830348558,226.08425291439917,0.0,0.0
40.38313805917233,100000000.0,659.4992363550185,659.4992363550185,226.25765892085943,0.0,0.0
40.38313805917233,100000000.0,659.556022309442,659.556022309442,226.31444487528296,0.0,0.0
40.38313805917233,100000000.0,659.8828238205588,659.8828238205588,226.6412463863997,0.0,0.0
40.38313805917233,100000000.0,660.051027123643,660.051027123643,226.80944968948404,0.0,0.0
40.38313805917233,100000000.0,660.055452752559,660.0554527525591,226.81387531839994,0.0,0.0
40.38313805917233,100000000.0,660.3012543927694,660.3012543927692,227.05967695861028,0.0,0.0
40.38313805917233,100000000.0,660.9449801443598,660.9449801443598,227.70340271020058,0.0,0.0
40.38313805917233,100000000.0,661.0297790156192,661.0297790156192,227.78820158146004,0.0,0.0
40.38313805917233,100000000.0,661.0404435354483,661.0404435354484,227.79886610128932,0.0,0.0
40.38313805917233,100000000.0,661.0435892016367,661.0435892016366,227.80201176747744,0.0,0.0
40.38313805917233,100000000.0,661.061773968688,661.0617739686879,227.82019653452892,0.0,0.0
40.38313805917233,100000000.0,661.2973904840383,661.2973904840383,228.0558130498792,0.0,0.0
40.38313805917233,100000000.0,661.4292322558084,661.4292322558085,228.1876548216493,0.0,0.0
40.38313805917233,100000000.0,661.8741558399283,661.8741558399284,228.6325784057693,0.0,0.0
40.38313805917233,100000000.0,661.9376762211018,661.9376762211017,228.69609878694263,0.0,0.0
40.38313805917233,100000000.0,662.7393983809677,662.7393983809678,229.4978209468087,0.0,0.0
40.38313805917233,100000000.0,663.4726919184437,663.4726919184437,230.2311144842846,0.0,0.0
40.38313805917233,100000000.0,663.5054534222071,663.505453422207,230.26387598804806,0.0,0.0
40.38313805917233,100000000.0,663.608808929785,663.608808929785,230.367231495626,0.0,0.0
40.38313805917233,100000000.0,663.722757035594,663.7227570355941,230.48117960143495,0.0,0.0
40.38313805917233,100000000.0,663.741088974677,663.7410889746773,230.49951154051794,0.0,0.0
40.38313805917233,100000000.0,663.7664033418433,663.7664033418433,230.52482590768417,0.0,0.0
40.38313805917233,100000000.0,663.8918020209644,663.8918020209644,230.65022458680542,0.0,0.0
40.38313805917233,100000000.0,664.051303619491,664.0513036194909,230.80972618533184,0.0,0.0
40.38313805917233,100000000.0,664.0805267308991,664.080526730899,230.83894929673994,0.0,0.0
40.38313805917233,100000000.0,664.1512710905556,664.1512710905557,230.90969365639654,0.0,0.0
40.38313805917233,100000000.0,664.2077620807597,664.2077620807597,230.96618464660057,0.0,0.0
40.38313805917233,100000000.0,664.5603159732251,664.5603159732251,231.318738539066,0.0,0.0
40.38313805917233,100000000.0,664.5812917115588,664.5812917115587,231.33971427739962,0.0,0.0
40.38313805917233,100000000.0,664.5815316144556,664.5815316144556,231.3399541802965,0.0,0.0
40.38313805917233,100000000.0,664.5849672064395,664.5849672064396,231.34338977228063,0.0,0.0
40.38313805917233,100000000.0,664.8488137666355,664.8488137666354,231.60723633247656,0.0,0.0
40.38313805917233,100000000.0,664.9967651623542,664.996765162354,231.755187728195,0.0,0.0
40.38313805917233,100000000.0,665.3234901104643,665.3234901104641,232.08191267630514,0.0,0.0
40.38313805917233,100000000.0,665.3371927812539,665.3371927812537,232.09561534709476,0.0,0.0
40.38313805917233,100000000.0,665.5523649275935,665.5523649275934,232.3107874934345,0.0,0.0
40.38313805917233,100000000.0,665.803837687277,665.803837687277,232.56226025311796,0.0,0.0
40.38313805917233,100000000.0,665.8149528315494,665.8149528315492,232.57337539739024,0.0,0.0
40.38313805917233,100000000.0,665.8612246150163,665.8612246150162,232.61964718085724,0.0,0.0
40.38313805917233,100000000.0,665.8764358671812,665.876435867181,232.6348584330221,0.0,0.0
40.38313805917233,100000000.0,665.8850289751759,665.885028975176,232.64345154101701,0.0,0.0
40.38313805917233,100000000.0,665.889979024523,665.889979024523,232.64840159036407,0.0,0.0
40.38313805917233,100000000.0,665.893695444368,665.893695444368,232.65211801020894,0.0,0.0
40.38313805917233,100000000.0,666.0965537155918,666.0965537155918,232.8549762814327,0.0,0.0
40.38313805917233,100000000.0,666.2356996949383,666.2356996949385,232.99412226077948,0.0,0.0
40.38313805917233,100000000.0,666.389538953472,666.3895389534719,233.147961519313,0.0,0.0
40.38313805917233,100000000.0,666.5549801045078,666.5549801045078,233.31340267034858,0.0,0.0
40.38313805917233,100000000.0,666.6969753373431,666.6969753373431,233.45539790318398,0.0,0.0
40.38313805917233,100000000.0,666.9057017903161,666.9057017903162,233.66412435615717,0.0,0.0
40.38313805917233,100000000.0,666.9616873404649,666.9616873404651,233.72010990630594,0.0,0.0
40.38313805917233,100000000.0,667.1697487714139,667.1697487714139,233.92817133725472,0.0,0.0
40.38313805917233,100000000.0,667.3785274829943,667.3785274829941,234.136950048835,0.0,0.0
40.38313805917233,100000000.0,667.5581324837998,667.5581324838,234.31655504964084,0.0,0.0
40.38313805917233,100000000.0,667.962885950451,667.9628859504511,234.72130851629205,0.0,0.0
40.38313805917233,100000000.0,668.078869618194,668.078869618194,234.83729218403494,0.0,0.0
40.38313805917233,100000000.0,668.1376396445116,668.1376396445114,234.89606221035248,0.0,0.0
40.38313805917233,100000000.0,668.1892081580997,668.1892081580995,234.94763072394068,0.0,0.0
40.38313805917233,100000000.0,668.2735914587066,668.2735914587066,235.03201402454764,0.0,0.0
40.38313805917233,100000000.0,668.9585683614749,668.9585683614752,235.71699092731595,0.0,0.0
40.38313805917233,100000000.0,669.3320921993943,669.3320921993943,236.09051476523516,0.0,0.0
40.38313805917233,100000000.0,669.4140764334354,669.4140764334355,236.1724989992764,0.0,0.0
40.38313805917233,100000000.0,669.4337337273662,669.4337337273664,236.19215629320738,0.0,0.0
40.38313805917233,100000000.0,669.5721860743386,669.5721860743387,236.33060864017952,0.0,0.0
40.38313805917233,100000000.0,670.2578756975983,670.2578756975983,237.01629826343918,0.0,0.0
40.38313805917233,100000000.0,670.2859046052757,670.2859046052757,237.0443271711167,0.0,0.0
40.38313805917233,100000000.0,670.3001655157573,670.3001655157575,237.05858808159843,0.0,0.0
40.38313805917233,100000000.0,670.3451737442193,670.3451737442193,237.10359631006014,0.0,0.0
40.38313805917233,100000000.0,670.4705447418025,670.4705447418025,237.22896730764347,0.0,0.0
40.38313805917233,100000000.0,670.5591768844272,670.5591768844273,237.31759945026806,0.0,0.0
40.38313805917233,100000000.0,670.8143279353467,670.8143279353468,237.5727505011878,0.0,0.0
40.38313805917233,100000000.0,671.080929920084,671.0809299200841,237.83935248592493,0.0,0.0
40.38313805917233,100000000.0,671.0988474829512,671.0988474829513,237.85727004879226,0.0,0.0
40.38313805917233,100000000.0,671.3094902881965,671.3094902881961,238.06791285403727,0.0,0.0
40.38313805917233,100000000.0,671.7070943865964,671.7070943865964,238.46551695243735,0.0,0.0
40.38313805917233,100000000.0,672.1486526696837,672.1486526696835,238.9070752355245,0.0,0.0
40.38313805917233,100000000.0,672.377759958941,672.3777599589412,239.1361825247821,0.0,0.0
40.38313805917233,100000000.0,672.5700688645412,672.5700688645413,239.32849143038223,0.0,0.0
40.38313805917233,100000000.0,672.875072357718,672.875072357718,239.6334949235588,0.0,0.0
40.38313805917233,100000000.0,673.052536754838,673.052536754838,239.81095932067885,0.0,0.0
40.38313805917233,100000000.0,673.2736750820181,673.2736750820181,240.03209764785916,0.0,0.0
40.38313805917233,100000000.0,673.5177548988784,673.5177548988784,240.27617746471924,0.0,0.0
40.38313805917233,100000000.0,673.7271432549052,673.7271432549051,240.48556582074593,0.0,0.0
40.38313805917233,100000000.0,673.9202270996434,673.9202270996434,240.67864966548447,0.0,0.0
40.38313805917233,100000000.0,674.7205336697323,674.7205336697322,241.4789562355732,0.0,0.0
40.38313805917233,100000000.0,675.4212739050606,675.4212739050605,242.1796964709015,0.0,0.0
40.38313805917233,100000000.0,675.7465046723696,675.7465046723696,242.5049272382106,0.0,0.0
40.38313805917233,100000000.0,676.57654058547,676.5765405854701,243.33496315131092,0.0,0.0
40.38313805917233,100000000.0,676.6783077127367,676.6783077127369,243.43673027857776,0.0,0.0
40.38313805917233,100000000.0,677.4272404091805,677.4272404091805,244.18566297502144,0.0,0.0
40.38313805917233,100000000.0,678.9853357964679,678.9853357964679,245.74375836230885,0.0,0.0
40.38313805917233,100000000.0,680.0191353683629,680.0191353683629,246.77755793420383,0.0,0.0
40.50261479899237,100000000.0,643.3292670767698,643.32926707677,210.0876896426108,0.0,0.0
40.50261479899237,100000000.0,644.3089102261584,644.3089102261582,211.06733279199932,0.0,0.0
40.50261479899237,100000000.0,644.8956068715402,644.89560687154,211.6540294373811,0.0,0.0
40.50261479899237,100000000.0,648.9064276025009,648.9064276025008,215.66485016834184,0.0,0.0
40.50261479899237,100000000.0,649.9613536208632,649.9613536208632,216.7197761867041,0.0,0.0
40.50261479899237,100000000.0,650.1981887548909,650.1981887548909,216.95661132073198,0.0,0.0
40.50261479899237,100000000.0,650.6511188968325,650.6511188968326,217.40954146267347,0.0,0.0
40.50261479899237,100000000.0,651.098547264359,651.0985472643589,217.85696983019992,0.0,0.0
40.50261479899237,100000000.0,652.1734443809318,652.1734443809316,218.93186694677263,0.0,0.0
40.50261479899237,100000000.0,652.372344335943,652.372344335943,219.13076690178403,0.0,0.0
40.50261479899237,100000000.0,654.6854294580644,654.6854294580643,221.4438520239052,0.0,0.0
40.50261479899237,100000000.0,654.7062317360101,654.7062317360101,221.46465430185103,0.0,0.0
40.50261479899237,100000000.0,654.8724064404895,654.8724064404896,221.63082900633046,0.0,0.0
40.50261479899237,100000000.0,655.0923809724628,655.092380972463,221.85080353830392,0.0,0.0
40.50261479899237,100000000.0,655.139125299019,655.1391252990192,221.8975478648601,0.0,0.0
40.50261479899237,100000000.0,655.1576403493211,655.1576403493211,221.91606291516197,0.0,0.0
40.50261479899237,100000000.0,655.2289346826878,655.2289346826878,221.98735724852867,0.0,0.0
40.50261479899237,100000000.0,655.2383719734734,655.2383719734735,221.9967945393143,0.0,0.0
40.50261479899237,100000000.0,656.0682052395712,656.0682052395712,222.82662780541216,0.0,0.0
40.50261479899237,100000000.0,656.9423130268564,656.9423130268563,223.70073559269727,0.0,0.0
40.50261479899237,100000000.0,657.0185063430595,657.0185063430594,223.77692890890032,0.0,0.0
40.50261479899237,100000000.0,657.1640320992182,657.1640320992179,223.92245466505895,0.0,0.0
40.50261479899237,100000000.0,658.1201179301854,658.1201179301854,224.87854049602632,0.0,0.0
40.50261479899237,100000000.0,658.3140178255769,658.3140178255769,225.07244039141784,0.0,0.0
40.50261479899237,100000000.0,658.809296814285,658.809296814285,225.56771938012596,0.0,0.0
40.50261479899237,100000000.0,659.307104770291,659.3071047702911,226.0655273361319,0.0,0.0
40.50261479899237,100000000.0,659.8434677684583,659.8434677684581,226.6018903342993,0.0,0.0
40.50261479899237,100000000.0,659.9538614181228,659.9538614181229,226.71228398396372,0.0,0.0
40.50261479899237,100000000.0,659.9962889692112,659.9962889692113,226.7547115350521,0.0,0.0
40.50261479899237,100000000.0,660.3712726960752,660.3712726960754,227.1296952619162,0.0,0.0
40.50261479899237,100000000.0,660.5082546046972,660.5082546046974,227.26667717053826,0.0,0.0
40.50261479899237,100000000.0,660.6470807717252,660.6470807717253,227.40550333756627,0.0,0.0
40.50261479899237,100000000.0,660.7076906425531,660.7076906425531,227.466113208394,0.0,0.0
40.50261479899237,100000000.0,660.9853946380558,660.9853946380557,227.7438172038966,0.0,0.0
40.50261479899237,100000000.0,661.0150174363271,661.0150174363273,227.77344000216814,0.0,0.0
40.50261479899237,100000000.0,661.4206701396884,661.4206701396882,228.17909270552917,0.0,0.0
40.50261479899237,100000000.0,661.4736925865365,661.4736925865362,228.23211515237747,0.0,0.0
40.50261479899237,100000000.0,661.6970401190678,661.6970401190677,228.45546268490864,0.0,0.0
40.50261479899237,100000000.0,662.2242358921753,662.2242358921749,228.982658458016,0.0,0.0
40.50261479899237,100000000.0,662.2485913462858,662.2485913462858,229.00701391212684,0.0,0.0
40.50261479899237,100000000.0,662.5191153074123,662.5191153074123,229.2775378732532,0.0,0.0
40.50261479899237,100000000.0,662.6552830798437,662.6552830798437,229.41370564568464,0.0,0.0
40.50261479899237,100000000.0,662.9584541817494,662.9584541817493,229.71687674759022,0.0,0.0
40.50261479899237,100000000.0,663.2501115134465,663.2501115134468,230.00853407928759,0.0,0.0
40.50261479899237,100000000.0,663.2699998961276,663.2699998961277,230.02842246196863,0.0,0.0
40.50261479899237,100000000.0,663.5510217499718,663.5510217499719,230.3094443158128,0.0,0.0
40.50261479899237,100000000.0,663.7048671867456,663.7048671867456,230.46328975258652,0.0,0.0
40.50261479899237,100000000.0,664.0476581966914,664.0476581966917,230.80608076253256,0.0,0.0
40.50261479899237,100000000.0,664.259909921438,664.259909921438,231.0183324872789,0.0,0.0
40.50261479899237,100000000.0,664.4173264536598,664.4173264536596,231.17574901950078,0.0,0.0
40.50261479899237,100000000.0,664.4955592358039,664.4955592358039,231.25398180164493,0.0,0.0
40.50261479899237,100000000.0,664.5407394276084,664.5407394276083,231.29916199344936,0.0,0.0
40.50261479899237,100000000.0,664.7543505415134,664.7543505415133,231.51277310735435,0.0,0.0
40.50261479899237,100000000.0,664.9091858794615,664.9091858794615,231.66760844530236,0.0,0.0
40.50261479899237,100000000.0,664.9195515805905,664.9195515805906,231.67797414643144,0.0,0.0
40.50261479899237,100000000.0,665.0978680053204,665.0978680053205,231.8562905711613,0.0,0.0
40.50261479899237,100000000.0,665.5529072691469,665.5529072691471,232.31132983498796,0.0,0.0
40.50261479899237,100000000.0,665.847883879773,665.847883879773,232.60630644561397,0.0,0.0
40.50261479899237,100000000.0,666.0051391677998,666.0051391677999,232.76356173364076,0.0,0.0
40.50261479899237,100000000.0,666.5282275375876,666.5282275375876,233.28665010342843,0.0,0.0
40.50261479899237,100000000.0,666.5669023700179,666.5669023700178,233.32532493585876,0.0,0.0
40.50261479899237,100000000.0,666.893921730483,666.8939217304829,233.65234429632397,0.0,0.0
40.50261479899237,100000000.0,666.9173992909675,666.9173992909675,233.67582185680854,0.0,0.0
40.50261479899237,100000000.0,666.9238054444036,666.9238054444037,233.68222801024456,0.0,0.0
40.50261479899237,100000000.0,667.1058862026151,667.105886202615,233.86430876845603,0.0,0.0
40.50261479899237,100000000.0,667.1063229117119,667.1063229117119,233.86474547755284,0.0,0.0
40.50261479899237,100000000.0,667.1324731943399,667.1324731943398,233.8908957601807,0.0,0.0
40.50261479899237,100000000.0,667.3743972039565,667.3743972039565,234.1328197697973,0.0,0.0
40.50261479899237,100000000.0,667.4395088358852,667.4395088358851,234.19793140172624,0.0,0.0
40.50261479899237,100000000.0,667.7777156613453,667.7777156613453,234.53613822718617,0.0,0.0
40.50261479899237,100000000.0,667.9043270480025,667.9043270480028,234.66274961384354,0.0,0.0
40.50261479899237,100000000.0,667.9594387287848,667.9594387287848,234.7178612946257,0.0,0.0
40.50261479899237,100000000.0,668.1811436102137,668.1811436102137,234.9395661760546,0.0,0.0
40.50261479899237,100000000.0,668.3658127212914,668.3658127212915,235.12423528713248,0.0,0.0
40.50261479899237,100000000.0,668.4668961189786,668.4668961189785,235.22531868481963,0.0,0.0
40.50261479899237,100000000.0,668.5682493529856,668.5682493529854,235.32667191882658,0.0,0.0
40.50261479899237,100000000.0,668.8043652641334,668.8043652641333,235.56278782997433,0.0,0.0
40.50261479899237,100000000.0,668.8301411119559,668.8301411119559,235.58856367779674,0.0,0.0
40.50261479899237,100000000.0,668.8335256831821,668.8335256831822,235.591948249023,0.0,0.0
40.50261479899237,100000000.0,668.8989466767081,668.8989466767082,235.65736924254907,0.0,0.0
40.50261479899237,100000000.0,669.1125344378997,669.1125344378996,235.8709570037406,0.0,0.0
40.50261479899237,100000000.0,669.1494897831446,669.1494897831445,235.9079123489857,0.0,0.0
40.50261479899237,100000000.0,669.2432738931207,669.2432738931207,236.0016964589616,0.0,0.0
40.50261479899237,100000000.0,669.4099543708171,669.4099543708172,236.16837693665803,0.0,0.0
40.50261479899237,100000000.0,669.6795522269952,669.679552226995,236.4379747928359,0.0,0.0
40.50261479899237,100000000.0,670.2701011772014,670.2701011772012,237.0285237430423,0.0,0.0
40.50261479899237,100000000.0,670.361452519878,670.3614525198778,237.11987508571886,0.0,0.0
40.50261479899237,100000000.0,670.4186157364168,670.4186157364171,237.1770383022579,0.0,0.0
40.50261479899237,100000000.0,670.7326250921835,670.7326250921835,237.49104765802446,0.0,0.0
40.50261479899237,100000000.0,670.7785160993284,670.7785160993284,237.53693866516926,0.0,0.0
40.50261479899237,100000000.0,671.0987100591738,671.0987100591738,237.85713262501469,0.0,0.0
40.50261479899237,100000000.0,671.2830015711982,671.2830015711982,238.0414241370391,0.0,0.0
40.50261479899237,100000000.0,671.2943503703442,671.2943503703439,238.0527729361849,0.0,0.0
40.50261479899237,100000000.0,671.719678669138,671.7196786691381,238.47810123497914,0.0,0.0
40.50261479899237,100000000.0,671.7453262277279,671.7453262277281,238.5037487935689,0.0,0.0
40.50261479899237,100000000.0,671.7465498674115,671.7465498674113,238.50497243325245,0.0,0.0
40.50261479899237,100000000.0,671.7975727103878,671.7975727103878,238.55599527622869,0.0,0.0
40.50261479899237,100000000.0,671.9005768368878,671.9005768368878,238.65899940272882,0.0,0.0
40.50261479899237,100000000.0,671.9705499717045,671.9705499717045,238.72897253754547,0.0,0.0
40.50261479899237,100000000.0,672.1515116912036,672.1515116912037,238.9099342570447,0.0,0.0
40.50261479899237,100000000.0,672.3383563210249,672.3383563210249,239.09677888686576,0.0,0.0
40.50261479899237,100000000.0,672.3954461793899,672.3954461793899,239.1538687452307,0.0,0.0
40.50261479899237,100000000.0,672.4842304813394,672.4842304813395,239.24265304718043,0.0,0.0
40.50261479899237,100000000.0,672.7888630867734,672.7888630867733,239.54728565261436,0.0,0.0
40.50261479899237,100000000.0,672.9928244577876,672.9928244577875,239.7512470236285,0.0,0.0
40.50261479899237,100000000.0,673.7744487799184,673.7744487799184,240.53287134575945,0.0,0.0
40.50261479899237,100000000.0,673.9882252254804,673.9882252254805,240.7466477913213,0.0,0.0
40.50261479899237,100000000.0,674.0375840262662,674.0375840262662,240.79600659210703,0.0,0.0
40.50261479899237,100000000.0,674.3997986398404,674.3997986398405,241.1582212056813,0.0,0.0
40.50261479899237,100000000.0,674.813434475759,674.8134344757594,241.57185704160014,0.0,0.0
40.50261479899237,100000000.0,675.0607963279557,675.0607963279558,241.81921889379674,0.0,0.0
40.50261479899237,100000000.0,675.1062113349876,675.1062113349878,241.86463390082855,0.0,0.0
40.50261479899237,100000000.0,675.2158082908732,675.2158082908733,241.9742308567142,0.0,0.0
40.50261479899237,100000000.0,675.2754391403738,675.275439140374,242.033861706215,0.0,0.0
40.50261479899237,100000000.0,675.7918064582398,675.79180645824,242.55022902408078,0.0,0.0
40.50261479899237,100000000.0,675.8942628865466,675.8942628865467,242.65268545238757,0.0,0.0
40.50261479899237,100000000.0,676.0340278033146,676.0340278033149,242.79245036915557,0.0,0.0
40.50261479899237,100000000.0,676.0461299522956,676.0461299522955,242.80455251813652,0.0,0.0
40.50261479899237,100000000.0,676.0544098038825,676.0544098038824,242.81283236972354,0.0,0.0
40.50261479899237,100000000.0,676.3526772773857,676.3526772773859,243.11109984322675,0.0,0.0
40.50261479899237,100000000.0,676.6139728152532,676.6139728152533,243.37239538109435,0.0,0.0
40.50261479899237,100000000.0,677.0662012448718,677.0662012448719,243.82462381071286,0.0,0.0
40.50261479899237,100000000.0,677.7628634340504,677.7628634340504,244.52128599989132,0.0,0.0
40.50261479899237,100000000.0,678.5395390203894,678.5395390203896,245.29796158623046,0.0,0.0
40.50261479899237,100000000.0,678.8835253247813,678.8835253247814,245.6419478906222,0.0,0.0
40.50261479899237,100000000.0,680.6840409512723,680.6840409512723,247.44246351711325,0.0,0.0
40.50261479899237,100000000.0,681.1631681888948,681.1631681888947,247.9215907547357,0.0,0.0
40.50261479899237,100000000.0,681.3521592477011,681.3521592477011,248.11058181354204,0.0,0.0
40.6220915388124,100000000.0,644.0655320796403,644.0655320796401,210.82395464548122,0.0,0.0
40.6220915388124,100000000.0,646.685657711597,646.685657711597,213.44408027743796,0.0,0.0
40.6220915388124,100000000.0,650.4322903263679,650.4322903263678,217.19071289220884,0.0,0.0
40.6220915388124,100000000.0,652.4254393383354,652.4254393383357,219.18386190417658,0.0,0.0
40.6220915388124,100000000.0,653.4013302633198,653.4013302633199,220.15975282916074,0.0,0.0
40.6220915388124,100000000.0,653.5562087438624,653.5562087438622,220.31463130970332,0.0,0.0
40.6220915388124,100000000.0,654.0236823391674,654.0236823391674,220.78210490500825,0.0,0.0
40.6220915388124,100000000.0,654.5621936401981,654.5621936401981,221.320616206039,0.0,0.0
40.6220915388124,100000000.0,654.6054159590446,654.6054159590446,221.36383852488558,0.0,0.0
40.6220915388124,100000000.0,655.0802692808184,655.0802692808182,221.83869184665932,0.0,0.0
40.6220915388124,100000000.0,655.7965659617877,655.7965659617877,222.5549885276285,0.0,0.0
40.6220915388124,100000000.0,656.3959765326796,656.3959765326796,223.15439909852034,0.0,0.0
40.6220915388124,100000000.0,656.5398806659671,656.539880665967,223.29830323180798,0.0,0.0
40.6220915388124,100000000.0,657.0233001427221,657.023300142722,223.78172270856282,0.0,0.0
40.6220915388124,100000000.0,657.5032840214261,657.5032840214262,224.2617065872672,0.0,0.0
40.6220915388124,100000000.0,657.9966345451431,657.9966345451431,224.7550571109841,0.0,0.0
40.6220915388124,100000000.0,658.0955320174713,658.095532017471,224.85395458331226,0.0,0.0
40.6220915388124,100000000.0,658.1401432166958,658.140143216696,224.8985657825367,0.0,0.0
40.6220915388124,100000000.0,658.7265546244975,658.7265546244976,225.48497719033844,0.0,0.0
40.6220915388124,100000000.0,658.7349382164361,658.7349382164361,225.49336078227714,0.0,0.0
40.6220915388124,100000000.0,658.8659403083977,658.8659403083977,225.62436287423887,0.0,0.0
40.6220915388124,100000000.0,659.1649244840969,659.1649244840969,225.92334704993775,0.0,0.0
40.6220915388124,100000000.0,659.5679025437348,659.5679025437352,226.326325109576,0.0,0.0
40.6220915388124,100000000.0,659.757193658718,659.7571936587183,226.51561622455918,0.0,0.0
40.6220915388124,100000000.0,659.8014400409724,659.8014400409724,226.5598626068134,0.0,0.0
40.6220915388124,100000000.0,659.8885507424058,659.8885507424059,226.64697330824666,0.0,0.0
40.6220915388124,100000000.0,659.8920587949749,659.8920587949748,226.65048136081597,0.0,0.0
40.6220915388124,100000000.0,660.0471123829809,660.047112382981,226.80553494882196,0.0,0.0
40.6220915388124,100000000.0,660.1534427208309,660.1534427208309,226.91186528667183,0.0,0.0
40.6220915388124,100000000.0,660.169073984672,660.1690739846721,226.92749655051293,0.0,0.0
40.6220915388124,100000000.0,660.1890877812076,660.1890877812078,226.9475103470487,0.0,0.0
40.6220915388124,100000000.0,660.521127105644,660.521127105644,227.27954967148494,0.0,0.0
40.6220915388124,100000000.0,660.5412358494275,660.5412358494276,227.29965841526857,0.0,0.0
40.6220915388124,100000000.0,661.2281677175124,661.2281677175126,227.98659028335345,0.0,0.0
40.6220915388124,100000000.0,661.3324019609252,661.3324019609253,228.0908245267661,0.0,0.0
40.6220915388124,100000000.0,661.4233279742008,661.4233279742009,228.1817505400418,0.0,0.0
40.6220915388124,100000000.0,661.5915357413828,661.5915357413827,228.34995830722394,0.0,0.0
40.6220915388124,100000000.0,662.3552607165184,662.3552607165183,229.11368328235935,0.0,0.0
40.6220915388124,100000000.0,662.3738965922797,662.3738965922797,229.13231915812074,0.0,0.0
40.6220915388124,100000000.0,662.491991979219,662.491991979219,229.25041454506,0.0,0.0
40.6220915388124,100000000.0,662.5024002274815,662.5024002274818,229.2608227933226,0.0,0.0
40.6220915388124,100000000.0,662.7790614167576,662.7790614167576,229.53748398259864,0.0,0.0
40.6220915388124,100000000.0,662.8578750214477,662.8578750214479,229.61629758728876,0.0,0.0
40.6220915388124,100000000.0,662.9610633118654,662.9610633118652,229.71948587770626,0.0,0.0
40.6220915388124,100000000.0,663.0086860805591,663.0086860805591,229.76710864639995,0.0,0.0
40.6220915388124,100000000.0,663.049383601078,663.0493836010779,229.80780616691885,0.0,0.0
40.6220915388124,100000000.0,663.3726894903962,663.3726894903962,230.13111205623716,0.0,0.0
40.6220915388124,100000000.0,663.6595070433872,663.6595070433874,230.41792960922817,0.0,0.0
40.6220915388124,100000000.0,663.7857510451216,663.7857510451217,230.54417361096253,0.0,0.0
40.6220915388124,100000000.0,663.7923617178539,663.792361717854,230.55078428369492,0.0,0.0
40.6220915388124,100000000.0,663.8950718367483,663.8950718367483,230.65349440258925,0.0,0.0
40.6220915388124,100000000.0,664.3601342491281,664.3601342491282,231.11855681496922,0.0,0.0
40.6220915388124,100000000.0,664.4991053837846,664.4991053837848,231.25752794962554,0.0,0.0
40.6220915388124,100000000.0,664.5027007285836,664.5027007285835,231.2611232944244,0.0,0.0
40.6220915388124,100000000.0,664.5563714846156,664.5563714846157,231.31479405045658,0.0,0.0
40.6220915388124,100000000.0,664.9488219771579,664.948821977158,231.70724454299886,0.0,0.0
40.6220915388124,100000000.0,665.1358336314536,665.1358336314536,231.89425619729454,0.0,0.0
40.6220915388124,100000000.0,665.2867628418553,665.2867628418555,232.0451854076964,0.0,0.0
40.6220915388124,100000000.0,665.297605832327,665.2976058323269,232.05602839816794,0.0,0.0
40.6220915388124,100000000.0,665.5634933752355,665.5634933752353,232.32191594107636,0.0,0.0
40.6220915388124,100000000.0,665.6693619980194,665.6693619980196,232.42778456386043,0.0,0.0
40.6220915388124,100000000.0,665.6908715163801,665.6908715163802,232.44929408222094,0.0,0.0
40.6220915388124,100000000.0,665.8669334587278,665.8669334587278,232.6253560245687,0.0,0.0
40.6220915388124,100000000.0,666.0493588232084,666.0493588232086,232.80778138904952,0.0,0.0
40.6220915388124,100000000.0,666.2483002642197,666.2483002642196,233.00672283006054,0.0,0.0
40.6220915388124,100000000.0,666.2651424179238,666.2651424179239,233.0235649837648,0.0,0.0
40.6220915388124,100000000.0,666.5908676264405,666.5908676264405,233.34929019228142,0.0,0.0
40.6220915388124,100000000.0,667.2388712344128,667.2388712344128,233.9972938002539,0.0,0.0
40.6220915388124,100000000.0,667.676653802965,667.676653802965,234.43507636880605,0.0,0.0
40.6220915388124,100000000.0,667.8513892492244,667.8513892492246,234.60981181506554,0.0,0.0
40.6220915388124,100000000.0,667.8539827786615,667.8539827786615,234.61240534450238,0.0,0.0
40.6220915388124,100000000.0,668.0065595918137,668.0065595918135,234.76498215765443,0.0,0.0
40.6220915388124,100000000.0,668.097707066456,668.0977070664558,234.85612963229678,0.0,0.0
40.6220915388124,100000000.0,669.0709420721907,669.0709420721909,235.82936463803182,0.0,0.0
40.6220915388124,100000000.0,669.1878531590463,669.1878531590464,235.94627572488733,0.0,0.0
40.6220915388124,100000000.0,669.2435456646372,669.2435456646372,236.00196823047813,0.0,0.0
40.6220915388124,100000000.0,669.3888961120475,669.3888961120474,236.14731867788848,0.0,0.0
40.6220915388124,100000000.0,669.4268580494031,669.4268580494032,236.18528061524415,0.0,0.0
40.6220915388124,100000000.0,669.4484825143969,669.448482514397,236.20690508023793,0.0,0.0
40.6220915388124,100000000.0,669.5289765831977,669.5289765831981,236.287399149039,0.0,0.0
40.6220915388124,100000000.0,669.5776021135098,669.5776021135099,236.33602467935074,0.0,0.0
40.6220915388124,100000000.0,669.9069357986714,669.9069357986714,236.6653583645123,0.0,0.0
40.6220915388124,100000000.0,670.1834252256152,670.1834252256152,236.9418477914562,0.0,0.0
40.6220915388124,100000000.0,670.2839961744485,670.2839961744485,237.04241874028932,0.0,0.0
40.6220915388124,100000000.0,670.4023482567961,670.4023482567962,237.16077082263726,0.0,0.0
40.6220915388124,100000000.0,670.4646360133429,670.464636013343,237.22305857918374,0.0,0.0
40.6220915388124,100000000.0,670.5739568345767,670.5739568345766,237.33237940041764,0.0,0.0
40.6220915388124,100000000.0,670.5797196622043,670.5797196622041,237.33814222804503,0.0,0.0
40.6220915388124,100000000.0,670.6303257830536,670.6303257830535,237.3887483488945,0.0,0.0
40.6220915388124,100000000.0,670.7601163757386,670.7601163757384,237.51853894157932,0.0,0.0
40.6220915388124,100000000.0,671.1919153103626,671.1919153103626,237.95033787620358,0.0,0.0
40.6220915388124,100000000.0,671.317805298517,671.3178052985169,238.0762278643578,0.0,0.0
40.6220915388124,100000000.0,671.624182210202,671.6241822102021,238.382604776043,0.0,0.0
40.6220915388124,100000000.0,671.6327325315128,671.6327325315128,238.39115509735373,0.0,0.0
40.6220915388124,100000000.0,671.7040148871962,671.704014887196,238.46243745303704,0.0,0.0
40.6220915388124,100000000.0,671.8309963412618,671.830996341262,238.5894189071028,0.0,0.0
40.6220915388124,100000000.0,672.113038397995,672.113038397995,238.87146096383586,0.0,0.0
40.6220915388124,100000000.0,672.2567449190824,672.2567449190823,239.01516748492327,0.0,0.0
40.6220915388124,100000000.0,672.8749081931936,672.8749081931938,239.63333075903472,0.0,0.0
40.6220915388124,100000000.0,673.059481122642,673.0594811226421,239.8179036884831,0.0,0.0
40.6220915388124,100000000.0,673.1452045115284,673.1452045115284,239.90362707736932,0.0,0.0
40.6220915388124,100000000.0,673.8795777196086,673.8795777196085,240.63800028544964,0.0,0.0
40.6220915388124,100000000.0,673.9295696445023,673.9295696445023,240.68799221034328,0.0,0.0
40.6220915388124,100000000.0,673.9431400764267,673.9431400764266,240.70156264226762,0.0,0.0
40.6220915388124,100000000.0,674.6639516732672,674.6639516732673,241.42237423910814,0.0,0.0
40.6220915388124,100000000.0,674.9770122509395,674.9770122509395,241.73543481678047,0.0,0.0
40.6220915388124,100000000.0,675.3149663705109,675.3149663705109,242.07338893635188,0.0,0.0
40.6220915388124,100000000.0,675.6689642216483,675.6689642216483,242.42738678748927,0.0,0.0
40.6220915388124,100000000.0,675.8591863351226,675.8591863351224,242.61760890096338,0.0,0.0
40.6220915388124,100000000.0,676.881074317135,676.881074317135,243.63949688297606,0.0,0.0
40.6220915388124,100000000.0,677.4645511119152,677.4645511119154,244.22297367775622,0.0,0.0
40.6220915388124,100000000.0,677.4761040404225,677.4761040404225,244.23452660626347,0.0,0.0
40.6220915388124,100000000.0,677.4935856740784,677.4935856740786,244.25200823991952,0.0,0.0
40.6220915388124,100000000.0,677.8406511536217,677.8406511536219,244.5990737194628,0.0,0.0
40.6220915388124,100000000.0,677.8946461638332,677.8946461638332,244.6530687296741,0.0,0.0
40.6220915388124,100000000.0,678.0442960490592,678.0442960490591,244.80271861490016,0.0,0.0
40.6220915388124,100000000.0,678.2859689653794,678.2859689653793,245.04439153122036,0.0,0.0
40.6220915388124,100000000.0,678.5773153542757,678.5773153542756,245.33573792011654,0.0,0.0
40.6220915388124,100000000.0,679.5340986720043,679.5340986720043,246.29252123784514,0.0,0.0
40.6220915388124,100000000.0,679.5528566150087,679.5528566150089,246.31127918084974,0.0,0.0
40.6220915388124,100000000.0,679.5571791696282,679.5571791696283,246.3156017354692,0.0,0.0
40.6220915388124,100000000.0,680.5484538743256,680.5484538743258,247.30687644016666,0.0,0.0
40.6220915388124,100000000.0,680.7550680505315,680.7550680505315,247.5134906163724,0.0,0.0
40.6220915388124,100000000.0,680.8839337987248,680.8839337987249,247.64235636456587,0.0,0.0
40.6220915388124,100000000.0,680.9074149285815,680.9074149285816,247.66583749442245,0.0,0.0
40.6220915388124,100000000.0,681.0376714935845,681.0376714935845,247.7960940594255,0.0,0.0
40.6220915388124,100000000.0,681.8661793067502,681.8661793067503,248.62460187259137,0.0,0.0
40.6220915388124,100000000.0,682.5281294836738,682.5281294836739,249.28655204951474,0.0,0.0
40.74156827863244,100000000.0,650.1899770958072,650.1899770958072,216.94839966164815,0.0,0.0
40.74156827863244,100000000.0,653.4899582160843,653.4899582160843,220.24838078192536,0.0,0.0
40.74156827863244,100000000.0,653.6574225011518,653.6574225011518,220.4158450669927,0.0,0.0
40.74156827863244,100000000.0,653.8034623651253,653.8034623651254,220.56188493096616,0.0,0.0
40.74156827863244,100000000.0,653.8356362446366,653.8356362446365,220.59405881047752,0.0,0.0
40.74156827863244,100000000.0,655.2017264615828,655.2017264615829,221.96014902742368,0.0,0.0
40.74156827863244,100000000.0,655.6954583364528,655.6954583364527,222.45388090229366,0.0,0.0
40.74156827863244,100000000.0,657.0030027486176,657.0030027486175,223.76142531445856,0.0,0.0
40.74156827863244,100000000.0,657.2289722911381,657.2289722911381,223.98739485697922,0.0,0.0
40.74156827863244,100000000.0,657.2568823912485,657.2568823912484,224.01530495708946,0.0,0.0
40.74156827863244,100000000.0,657.2868368006705,657.2868368006705,224.04525936651143,0.0,0.0
40.74156827863244,100000000.0,657.640501228155,657.6405012281548,224.39892379399586,0.0,0.0
40.74156827863244,100000000.0,657.7192784487262,657.7192784487263,224.4777010145673,0.0,0.0
40.74156827863244,100000000.0,658.5545050858242,658.554505085824,225.31292765166504,0.0,0.0
40.74156827863244,100000000.0,658.6911991320542,658.6911991320543,225.44962169789525,0.0,0.0
40.74156827863244,100000000.0,658.7622212681553,658.7622212681553,225.52064383399608,0.0,0.0
40.74156827863244,100000000.0,658.903962897198,658.9039628971981,225.66238546303893,0.0,0.0
40.74156827863244,100000000.0,659.5824454387817,659.5824454387817,226.34086800462273,0.0,0.0
40.74156827863244,100000000.0,660.2235982663685,660.2235982663685,226.98202083220937,0.0,0.0
40.74156827863244,100000000.0,660.5460284770256,660.5460284770256,227.30445104286665,0.0,0.0
40.74156827863244,100000000.0,660.9980551120923,660.9980551120923,227.7564776779333,0.0,0.0
40.74156827863244,100000000.0,661.0505971227406,661.0505971227406,227.80901968858157,0.0,0.0
40.74156827863244,100000000.0,661.5682106646855,661.5682106646855,228.3266332305264,0.0,0.0
40.74156827863244,100000000.0,661.5721162610112,661.572116261011,228.33053882685203,0.0,0.0
40.74156827863244,100000000.0,661.7093449056853,661.7093449056854,228.4677674715263,0.0,0.0
40.74156827863244,100000000.0,662.5881083395578,662.5881083395578,229.34653090539882,0.0,0.0
40.74156827863244,100000000.0,662.6762295775135,662.6762295775136,229.43465214335444,0.0,0.0
40.74156827863244,100000000.0,662.8406242073738,662.8406242073742,229.59904677321487,0.0,0.0
40.74156827863244,100000000.0,663.1016173076226,663.1016173076226,229.86003987346356,0.0,0.0
40.74156827863244,100000000.0,663.1255262157837,663.1255262157836,229.88394878162453,0.0,0.0
40.74156827863244,100000000.0,663.1580942772995,663.1580942772996,229.91651684314053,0.0,0.0
40.74156827863244,100000000.0,663.4483481635664,663.4483481635664,230.20677072940737,0.0,0.0
40.74156827863244,100000000.0,663.8281474609521,663.8281474609521,230.58657002679317,0.0,0.0
40.74156827863244,100000000.0,663.8928628917436,663.8928628917436,230.65128545758446,0.0,0.0
40.74156827863244,100000000.0,663.9971344543649,663.9971344543649,230.75555702020586,0.0,0.0
40.74156827863244,100000000.0,664.1114535329853,664.1114535329853,230.8698760988262,0.0,0.0
40.74156827863244,100000000.0,665.2482037142147,665.2482037142147,232.00662628005554,0.0,0.0
40.74156827863244,100000000.0,665.3309724834135,665.3309724834135,232.08939504925436,0.0,0.0
40.74156827863244,100000000.0,665.3997633801962,665.3997633801961,232.15818594603704,0.0,0.0
40.74156827863244,100000000.0,665.4792416379623,665.4792416379623,232.23766420380326,0.0,0.0
40.74156827863244,100000000.0,665.6097009442678,665.6097009442678,232.36812351010872,0.0,0.0
40.74156827863244,100000000.0,665.8102240194407,665.810224019441,232.5686465852817,0.0,0.0
40.74156827863244,100000000.0,665.859904345499,665.8599043454989,232.61832691133986,0.0,0.0
40.74156827863244,100000000.0,665.9430824978566,665.9430824978568,232.7015050636976,0.0,0.0
40.74156827863244,100000000.0,666.5437025694912,666.5437025694912,233.3021251353321,0.0,0.0
40.74156827863244,100000000.0,666.9954473256602,666.9954473256602,233.75386989150115,0.0,0.0
40.74156827863244,100000000.0,667.1517818622365,667.1517818622366,233.91020442807744,0.0,0.0
40.74156827863244,100000000.0,667.2014627023875,667.2014627023875,233.95988526822865,0.0,0.0
40.74156827863244,100000000.0,667.933103794046,667.9331037940462,234.69152635988704,0.0,0.0
40.74156827863244,100000000.0,668.0086748511401,668.00867485114,234.76709741698096,0.0,0.0
40.74156827863244,100000000.0,668.0890068673459,668.0890068673457,234.84742943318662,0.0,0.0
40.74156827863244,100000000.0,668.2610293231145,668.2610293231144,235.01945188895544,0.0,0.0
40.74156827863244,100000000.0,668.3118239220951,668.3118239220952,235.07024648793606,0.0,0.0
40.74156827863244,100000000.0,668.8533087581382,668.8533087581384,235.61173132397928,0.0,0.0
40.74156827863244,100000000.0,668.8790182315631,668.8790182315631,235.63744079740422,0.0,0.0
40.74156827863244,100000000.0,668.9235342639563,668.9235342639565,235.68195682979743,0.0,0.0
40.74156827863244,100000000.0,669.0611431727449,669.061143172745,235.8195657385859,0.0,0.0
40.74156827863244,100000000.0,669.1021900181591,669.1021900181593,235.86061258400008,0.0,0.0
40.74156827863244,100000000.0,669.1097843665904,669.1097843665907,235.86820693243152,0.0,0.0
40.74156827863244,100000000.0,669.2221997119007,669.2221997119008,235.98062227774173,0.0,0.0
40.74156827863244,100000000.0,669.2742526987423,669.2742526987423,236.0326752645833,0.0,0.0
40.74156827863244,100000000.0,669.5457140615181,669.5457140615182,236.30413662735913,0.0,0.0
40.74156827863244,100000000.0,669.617841144582,669.6178411445819,236.37626371042296,0.0,0.0
40.74156827863244,100000000.0,670.2845759179272,670.2845759179272,237.0429984837681,0.0,0.0
40.74156827863244,100000000.0,670.3962222393669,670.3962222393669,237.1546448052079,0.0,0.0
40.74156827863244,100000000.0,670.6194726769613,670.6194726769612,237.37789524280208,0.0,0.0
40.74156827863244,100000000.0,670.8635188153762,670.8635188153762,237.62194138121706,0.0,0.0
40.74156827863244,100000000.0,671.2429389790622,671.2429389790623,238.0013615449032,0.0,0.0
40.74156827863244,100000000.0,671.37247400355,671.3724740035498,238.13089656939093,0.0,0.0
40.74156827863244,100000000.0,671.5403468408773,671.5403468408774,238.29876940671835,0.0,0.0
40.74156827863244,100000000.0,672.0271221232613,672.0271221232612,238.78554468910218,0.0,0.0
40.74156827863244,100000000.0,672.1365579761448,672.1365579761449,238.89498054198594,0.0,0.0
40.74156827863244,100000000.0,672.1471078754346,672.1471078754345,238.90553044127543,0.0,0.0
40.74156827863244,100000000.0,672.391955791393,672.3919557913929,239.150378357234,0.0,0.0
40.74156827863244,100000000.0,672.4400391317841,672.4400391317843,239.19846169762513,0.0,0.0
40.74156827863244,100000000.0,672.5390755787321,672.5390755787321,239.2974981445731,0.0,0.0
40.74156827863244,100000000.0,672.5507357499778,672.5507357499778,239.30915831581876,0.0,0.0
40.74156827863244,100000000.0,672.5749491464542,672.5749491464542,239.33337171229522,0.0,0.0
40.74156827863244,100000000.0,672.7044960931119,672.7044960931116,239.46291865895273,0.0,0.0
40.74156827863244,100000000.0,673.0520336261325,673.0520336261326,239.8104561919735,0.0,0.0
40.74156827863244,100000000.0,673.1929198296286,673.1929198296287,239.95134239546974,0.0,0.0
40.74156827863244,100000000.0,673.55362588457,673.5536258845701,240.31204845041108,0.0,0.0
40.74156827863244,100000000.0,673.5700538002857,673.5700538002857,240.32847636612667,0.0,0.0
40.74156827863244,100000000.0,673.8926682869562,673.8926682869562,240.6510908527972,0.0,0.0
40.74156827863244,100000000.0,674.013855029353,674.013855029353,240.7722775951938,0.0,0.0
40.74156827863244,100000000.0,674.0937555808656,674.0937555808655,240.85217814670645,0.0,0.0
40.74156827863244,100000000.0,674.9357232635907,674.9357232635908,241.6941458294317,0.0,0.0
40.74156827863244,100000000.0,674.9528504620648,674.9528504620646,241.71127302790575,0.0,0.0
40.74156827863244,100000000.0,675.2582430423087,675.2582430423087,242.01666560814968,0.0,0.0
40.74156827863244,100000000.0,675.4290115315673,675.4290115315673,242.18743409740827,0.0,0.0
40.74156827863244,100000000.0,675.4396569179951,675.4396569179951,242.1980794838359,0.0,0.0
40.74156827863244,100000000.0,675.5007841048563,675.5007841048564,242.25920667069727,0.0,0.0
40.74156827863244,100000000.0,675.6085882643489,675.608588264349,242.36701083018974,0.0,0.0
40.74156827863244,100000000.0,675.7873571203868,675.7873571203867,242.5457796862278,0.0,0.0
40.74156827863244,100000000.0,675.9855193110579,675.9855193110583,242.74394187689896,0.0,0.0
40.74156827863244,100000000.0,676.1803093930124,676.1803093930121,242.93873195885317,0.0,0.0
40.74156827863244,100000000.0,676.2727390340067,676.2727390340067,243.03116159984765,0.0,0.0
40.74156827863244,100000000.0,676.3231712219397,676.3231712219397,243.08159378778052,0.0,0.0
40.74156827863244,100000000.0,676.8379980532859,676.837998053286,243.59642061912697,0.0,0.0
40.74156827863244,100000000.0,677.0112276842576,677.0112276842575,243.76965025009855,0.0,0.0
40.74156827863244,100000000.0,677.3447615664481,677.3447615664485,244.10318413228921,0.0,0.0
40.74156827863244,100000000.0,677.425817808684,677.4258178086841,244.18424037452505,0.0,0.0
40.74156827863244,100000000.0,677.898634398987,677.898634398987,244.657056964828,0.0,0.0
40.74156827863244,100000000.0,677.9881701735396,677.9881701735397,244.7465927393806,0.0,0.0
40.74156827863244,100000000.0,678.0643858294292,678.064385829429,244.82280839527013,0.0,0.0
40.74156827863244,100000000.0,678.0655520746736,678.0655520746736,244.8239746405147,0.0,0.0
40.74156827863244,100000000.0,678.2806151164008,678.2806151164008,245.03903768224183,0.0,0.0
40.74156827863244,100000000.0,678.4381801307011,678.438180130701,245.196602696542,0.0,0.0
40.74156827863244,100000000.0,678.4851332053239,678.4851332053239,245.24355577116484,0.0,0.0
40.74156827863244,100000000.0,679.2434434726025,679.2434434726025,246.00186603844344,0.0,0.0
40.74156827863244,100000000.0,679.2459088313485,679.2459088313485,246.00433139718956,0.0,0.0
40.74156827863244,100000000.0,679.3268324621339,679.3268324621338,246.08525502797477,0.0,0.0
40.74156827863244,100000000.0,679.4122003392064,679.4122003392063,246.1706229050473,0.0,0.0
40.74156827863244,100000000.0,679.5047466057355,679.5047466057352,246.2631691715763,0.0,0.0
40.74156827863244,100000000.0,679.6453120078403,679.6453120078402,246.40373457368133,0.0,0.0
40.74156827863244,100000000.0,679.7205886652863,679.7205886652864,246.47901123112734,0.0,0.0
40.74156827863244,100000000.0,680.2329657254526,680.2329657254527,246.9913882912935,0.0,0.0
40.74156827863244,100000000.0,680.4607885808725,680.4607885808723,247.21921114671335,0.0,0.0
40.74156827863244,100000000.0,680.7602829936003,680.7602829936002,247.51870555944117,0.0,0.0
40.74156827863244,100000000.0,681.7327222923141,681.7327222923142,248.49114485815497,0.0,0.0
40.74156827863244,100000000.0,681.8227146895065,681.8227146895063,248.5811372553474,0.0,0.0
40.74156827863244,100000000.0,682.3803445599945,682.3803445599945,249.13876712583533,0.0,0.0
40.74156827863244,100000000.0,682.5007018144448,682.5007018144447,249.25912438028575,0.0,0.0
40.74156827863244,100000000.0,682.6699988838055,682.6699988838055,249.42842144964646,0.0,0.0
40.74156827863244,100000000.0,682.6731546132247,682.6731546132246,249.4315771790655,0.0,0.0
40.74156827863244,100000000.0,683.080068695628,683.080068695628,249.83849126146907,0.0,0.0
40.74156827863244,100000000.0,686.5400622417446,686.5400622417445,253.29848480758554,0.0,0.0
40.74156827863244,100000000.0,687.2717097970868,687.2717097970868,254.03013236292773,0.0,0.0
40.86104501845247,100000000.0,641.1979638102675,641.1979638102673,207.95638637610844,0.0,0.0
40.86104501845247,100000000.0,647.0258749142333,647.0258749142333,213.78429748007426,0.0,0.0
40.86104501845247,100000000.0,647.5297764682163,647.5297764682164,214.28819903405721,0.0,0.0
40.86104501845247,100000000.0,648.7781113610371,648.7781113610371,215.53653392687804,0.0,0.0
40.86104501845247,100000000.0,651.3503081928427,651.3503081928428,218.10873075868363,0.0,0.0
40.86104501845247,100000000.0,651.6320568571992,651.6320568571992,218.39047942304012,0.0,0.0
40.86104501845247,100000000.0,652.3490381798795,652.3490381798795,219.1074607457206,0.0,0.0
40.86104501845247,100000000.0,653.4659338981962,653.4659338981963,220.22435646403719,0.0,0.0
40.86104501845247,100000000.0,653.7756078952627,653.7756078952627,220.5340304611036,0.0,0.0
40.86104501845247,100000000.0,654.471412580913,654.4714125809131,221.229835146754,0.0,0.0
40.86104501845247,100000000.0,654.8218433147024,654.8218433147023,221.58026588054332,0.0,0.0
40.86104501845247,100000000.0,655.0053560201515,655.0053560201515,221.76377858599247,0.0,0.0
40.86104501845247,100000000.0,655.3457997143112,655.3457997143109,222.10422228015196,0.0,0.0
40.86104501845247,100000000.0,656.3400591021219,656.340059102122,223.09848166796291,0.0,0.0
40.86104501845247,100000000.0,656.4593813626227,656.4593813626227,223.21780392846355,0.0,0.0
40.86104501845247,100000000.0,657.3694893546564,657.3694893546565,224.12791192049738,0.0,0.0
40.86104501845247,100000000.0,658.5717909540548,658.5717909540547,225.33021351989566,0.0,0.0
40.86104501845247,100000000.0,659.0073431319496,659.0073431319498,225.76576569779067,0.0,0.0
40.86104501845247,100000000.0,659.6986764244327,659.6986764244327,226.45709899027372,0.0,0.0
40.86104501845247,100000000.0,660.1984287867882,660.1984287867884,226.95685135262926,0.0,0.0
40.86104501845247,100000000.0,660.2177347896555,660.2177347896553,226.97615735549633,0.0,0.0
40.86104501845247,100000000.0,660.749857467035,660.7498574670348,227.50828003287597,0.0,0.0
40.86104501845247,100000000.0,660.9273052472695,660.9273052472694,227.6857278131104,0.0,0.0
40.86104501845247,100000000.0,661.6238052542043,661.6238052542042,228.38222782004527,0.0,0.0
40.86104501845247,100000000.0,-1.0,580.1680771336955,192.13914815706272,1.0,1.0
40.86104501845247,100000000.0,662.012066503979,662.012066503979,228.7704890698199,0.0,0.0
40.86104501845247,100000000.0,662.9021635353652,662.902163535365,229.66058610120606,0.0,0.0
40.86104501845247,100000000.0,662.9602109021821,662.9602109021822,229.71863346802314,0.0,0.0
40.86104501845247,100000000.0,662.9903645044665,662.9903645044668,229.74878707030754,0.0,0.0
40.86104501845247,100000000.0,663.0691189856478,663.0691189856478,229.8275415514888,0.0,0.0
40.86104501845247,100000000.0,663.1630216530601,663.16302165306,229.921444218901,0.0,0.0
40.86104501845247,100000000.0,663.2105410045273,663.2105410045274,229.96896357036817,0.0,0.0
40.86104501845247,100000000.0,663.2420061213644,663.2420061213643,230.00042868720533,0.0,0.0
40.86104501845247,100000000.0,664.0628618196658,664.0628618196657,230.82128438550677,0.0,0.0
40.86104501845247,100000000.0,664.210272425117,664.2102724251172,230.968694990958,0.0,0.0
40.86104501845247,100000000.0,664.4913998682516,664.4913998682517,231.24982243409272,0.0,0.0
40.86104501845247,100000000.0,664.6174385875504,664.6174385875504,231.37586115339133,0.0,0.0
40.86104501845247,100000000.0,664.7776646613198,664.7776646613196,231.53608722716064,0.0,0.0
40.86104501845247,100000000.0,664.8196928513445,664.8196928513444,231.57811541718544,0.0,0.0
40.86104501845247,100000000.0,664.9443207510644,664.9443207510644,231.70274331690536,0.0,0.0
40.86104501845247,100000000.0,664.9904189788152,664.9904189788152,231.74884154465613,0.0,0.0
40.86104501845247,100000000.0,665.1423122729011,665.142312272901,231.90073483874195,0.0,0.0
40.86104501845247,100000000.0,665.1644452989749,665.1644452989752,231.92286786481594,0.0,0.0
40.86104501845247,100000000.0,665.2009420607641,665.2009420607639,231.95936462660498,0.0,0.0
40.86104501845247,100000000.0,665.2340994224811,665.234099422481,231.99252198832212,0.0,0.0
40.86104501845247,100000000.0,665.5585109786784,665.5585109786786,232.31693354451937,0.0,0.0
40.86104501845247,100000000.0,666.312283357828,666.3122833578279,233.07070592366892,0.0,0.0
40.86104501845247,100000000.0,666.4030172095488,666.4030172095489,233.16143977538974,0.0,0.0
40.86104501845247,100000000.0,666.7477925165989,666.7477925165989,233.5062150824397,0.0,0.0
40.86104501845247,100000000.0,667.0054132000953,667.0054132000952,233.7638357659361,0.0,0.0
40.86104501845247,100000000.0,667.1354460963764,667.1354460963765,233.89386866221741,0.0,0.0
40.86104501845247,100000000.0,667.4366017563924,667.4366017563923,234.1950243222334,0.0,0.0
40.86104501845247,100000000.0,667.4993633197679,667.499363319768,234.25778588560905,0.0,0.0
40.86104501845247,100000000.0,667.6647173808846,667.6647173808846,234.42313994672548,0.0,0.0
40.86104501845247,100000000.0,668.0666840275487,668.0666840275487,234.82510659338968,0.0,0.0
40.86104501845247,100000000.0,668.2081961418111,668.2081961418111,234.9666187076521,0.0,0.0
40.86104501845247,100000000.0,668.3223356184667,668.3223356184666,235.0807581843075,0.0,0.0
40.86104501845247,100000000.0,668.7962640136307,668.7962640136305,235.5546865794715,0.0,0.0
40.86104501845247,100000000.0,668.8354613884804,668.8354613884804,235.59388395432146,0.0,0.0
40.86104501845247,100000000.0,669.1846821975874,669.1846821975874,235.94310476342827,0.0,0.0
40.86104501845247,100000000.0,669.316699187479,669.3166991874792,236.0751217533201,0.0,0.0
40.86104501845247,100000000.0,669.3219006522144,669.3219006522146,236.0803232180555,0.0,0.0
40.86104501845247,100000000.0,669.5415138705026,669.5415138705027,236.29993643634353,0.0,0.0
40.86104501845247,100000000.0,669.5736477874932,669.5736477874931,236.3320703533342,0.0,0.0
40.86104501845247,100000000.0,669.6428795268301,669.64287952683,236.4013020926709,0.0,0.0
40.86104501845247,100000000.0,670.1635500010783,670.1635500010782,236.92197256691915,0.0,0.0
40.86104501845247,100000000.0,670.3134296378404,670.3134296378403,237.07185220368112,0.0,0.0
40.86104501845247,100000000.0,670.5000106023539,670.5000106023538,237.25843316819467,0.0,0.0
40.86104501845247,100000000.0,670.5008882376284,670.5008882376284,237.2593108034693,0.0,0.0
40.86104501845247,100000000.0,670.6361549914149,670.6361549914147,237.39457755725567,0.0,0.0
40.86104501845247,100000000.0,671.0252036298753,671.0252036298753,237.7836261957162,0.0,0.0
40.86104501845247,100000000.0,671.160025381522,671.1600253815221,237.91844794736303,0.0,0.0
40.86104501845247,100000000.0,671.2236542779331,671.2236542779332,237.98207684377414,0.0,0.0
40.86104501845247,100000000.0,671.6217476057676,671.6217476057676,238.38017017160843,0.0,0.0
40.86104501845247,100000000.0,671.6349585568166,671.6349585568167,238.3933811226575,0.0,0.0
40.86104501845247,100000000.0,671.7053359581146,671.7053359581145,238.46375852395545,0.0,0.0
40.86104501845247,100000000.0,671.842391820683,671.8423918206828,238.60081438652378,0.0,0.0
40.86104501845247,100000000.0,671.8988795972875,671.8988795972875,238.6573021631285,0.0,0.0
40.86104501845247,100000000.0,672.5010106486361,672.5010106486361,239.25943321447699,0.0,0.0
40.86104501845247,100000000.0,672.6079706218011,672.6079706218011,239.36639318764205,0.0,0.0
40.86104501845247,100000000.0,672.6650111539029,672.6650111539029,239.4234337197438,0.0,0.0
40.86104501845247,100000000.0,672.6765234264215,672.6765234264215,239.43494599226244,0.0,0.0
40.86104501845247,100000000.0,673.5304884092415,673.5304884092415,240.2889109750824,0.0,0.0
40.86104501845247,100000000.0,673.7126136311135,673.7126136311138,240.47103619695463,0.0,0.0
40.86104501845247,100000000.0,673.7129497161359,673.7129497161359,240.4713722819769,0.0,0.0
40.86104501845247,100000000.0,673.8182515948623,673.8182515948624,240.5766741607034,0.0,0.0
40.86104501845247,100000000.0,673.9294823101151,673.9294823101152,240.6879048759562,0.0,0.0
40.86104501845247,100000000.0,674.0442561851069,674.0442561851069,240.80267875094773,0.0,0.0
40.86104501845247,100000000.0,674.0960484681422,674.0960484681423,240.8544710339832,0.0,0.0
40.86104501845247,100000000.0,674.3187279090799,674.31872790908,241.07715047492104,0.0,0.0
40.86104501845247,100000000.0,674.3962346965724,674.3962346965722,241.15465726241308,0.0,0.0
40.86104501845247,100000000.0,674.595752134209,674.5957521342091,241.3541747000499,0.0,0.0
40.86104501845247,100000000.0,674.7246007229593,674.7246007229592,241.48302328880013,0.0,0.0
40.86104501845247,100000000.0,674.7374743159506,674.7374743159507,241.49589688179174,0.0,0.0
40.86104501845247,100000000.0,674.8771858484084,674.8771858484087,241.6356084142496,0.0,0.0
40.86104501845247,100000000.0,674.8775241020321,674.877524102032,241.6359466678731,0.0,0.0
40.86104501845247,100000000.0,675.5987050401791,675.5987050401791,242.35712760602,0.0,0.0
40.86104501845247,100000000.0,675.8142585407536,675.8142585407537,242.57268110659462,0.0,0.0
40.86104501845247,100000000.0,675.8977499057659,675.8977499057657,242.65617247160665,0.0,0.0
40.86104501845247,100000000.0,676.7248786975346,676.7248786975346,243.48330126337558,0.0,0.0
40.86104501845247,100000000.0,676.8028876407457,676.8028876407458,243.56131020658654,0.0,0.0
40.86104501845247,100000000.0,676.8059290619956,676.8059290619957,243.5643516278366,0.0,0.0
40.86104501845247,100000000.0,676.8540449679716,676.8540449679715,243.61246753381252,0.0,0.0
40.86104501845247,100000000.0,676.8960101859898,676.8960101859897,243.65443275183077,0.0,0.0
40.86104501845247,100000000.0,676.9574266128242,676.9574266128243,243.7158491786652,0.0,0.0
40.86104501845247,100000000.0,676.9981648193499,676.99816481935,243.75658738519095,0.0,0.0
40.86104501845247,100000000.0,677.1864553341553,677.1864553341554,243.94487789999644,0.0,0.0
40.86104501845247,100000000.0,677.3554171929177,677.3554171929175,244.11383975875862,0.0,0.0
40.86104501845247,100000000.0,677.4882909019311,677.4882909019312,244.24671346777217,0.0,0.0
40.86104501845247,100000000.0,678.0646145596183,678.0646145596185,244.82303712545934,0.0,0.0
40.86104501845247,100000000.0,678.3023916508249,678.3023916508249,245.06081421666593,0.0,0.0
40.86104501845247,100000000.0,678.5754914935129,678.575491493513,245.333914059354,0.0,0.0
40.86104501845247,100000000.0,678.8459572618743,678.8459572618741,245.60437982771512,0.0,0.0
40.86104501845247,100000000.0,678.9620087642573,678.9620087642576,245.72043133009842,0.0,0.0
40.86104501845247,100000000.0,679.3598081138083,679.3598081138084,246.1182306796492,0.0,0.0
40.86104501845247,100000000.0,679.6761124702969,679.6761124702971,246.43453503613787,0.0,0.0
40.86104501845247,100000000.0,679.9076417754014,679.9076417754014,246.66606434124228,0.0,0.0
40.86104501845247,100000000.0,680.351144165432,680.3511441654321,247.1095667312729,0.0,0.0
40.86104501845247,100000000.0,680.7279799454262,680.7279799454261,247.48640251126707,0.0,0.0
40.86104501845247,100000000.0,681.3802824874202,681.3802824874202,248.13870505326116,0.0,0.0
40.86104501845247,100000000.0,681.3847797103175,681.3847797103175,248.1432022761584,0.0,0.0
40.86104501845247,100000000.0,681.7894710223076,681.7894710223076,248.54789358814855,0.0,0.0
40.86104501845247,100000000.0,682.7217632208384,682.7217632208384,249.48018578667927,0.0,0.0
40.86104501845247,100000000.0,683.4420368653263,683.4420368653264,250.2004594311672,0.0,0.0
40.86104501845247,100000000.0,683.741629175715,683.7416291757152,250.50005174155604,0.0,0.0
40.86104501845247,100000000.0,685.2097190553953,685.2097190553952,251.96814162123616,0.0,0.0
40.86104501845247,100000000.0,685.348984974405,685.3489849744051,252.10740754024596,0.0,0.0
40.86104501845247,100000000.0,685.6802743176511,685.6802743176511,252.43869688349196,0.0,0.0
40.980521758272516,100000000.0,646.0907494320633,646.0907494320633,212.84917199790416,0.0,0.0
40.980521758272516,100000000.0,648.10035130005,648.10035130005,214.8587738658909,0.0,0.0
40.980521758272516,100000000.0,648.957383130483,648.9573831304831,215.715805696324,0.0,0.0
40.980521758272516,100000000.0,650.0856355963592,650.0856355963593,216.84405816220027,0.0,0.0
40.980521758272516,100000000.0,651.5618514448415,651.5618514448415,218.32027401068243,0.0,0.0
40.980521758272516,100000000.0,653.4454456892613,653.4454456892614,220.20386825510232,0.0,0.0
40.980521758272516,100000000.0,654.5164148854446,654.5164148854446,221.2748374512855,0.0,0.0
40.980521758272516,100000000.0,654.9252822039138,654.9252822039139,221.68370476975477,0.0,0.0
40.980521758272516,100000000.0,655.6786783845213,655.6786783845214,222.4371009503623,0.0,0.0
40.980521758272516,100000000.0,656.1413114529007,656.1413114529008,222.89973401874184,0.0,0.0
40.980521758272516,100000000.0,656.1518030206613,656.1518030206613,222.9102255865022,0.0,0.0
40.980521758272516,100000000.0,656.5547000969009,656.5547000969009,223.31312266274185,0.0,0.0
40.980521758272516,100000000.0,656.619696628775,656.6196966287749,223.37811919461592,0.0,0.0
40.980521758272516,100000000.0,656.9225595447659,656.9225595447657,223.6809821106069,0.0,0.0
40.980521758272516,100000000.0,657.0061527704505,657.0061527704509,223.76457533629167,0.0,0.0
40.980521758272516,100000000.0,657.1261571553507,657.1261571553505,223.88457972119156,0.0,0.0
40.980521758272516,100000000.0,658.1977410263754,658.1977410263755,224.95616359221634,0.0,0.0
40.980521758272516,100000000.0,658.3026922611565,658.3026922611566,225.06111482699734,0.0,0.0
40.980521758272516,100000000.0,658.4709706707256,658.4709706707256,225.22939323656647,0.0,0.0
40.980521758272516,100000000.0,658.6345449590203,658.6345449590204,225.39296752486138,0.0,0.0
40.980521758272516,100000000.0,658.8824545512151,658.882454551215,225.64087711705588,0.0,0.0
40.980521758272516,100000000.0,659.1886788292967,659.1886788292968,225.94710139513765,0.0,0.0
40.980521758272516,100000000.0,659.4681777344146,659.4681777344147,226.22660030025548,0.0,0.0
40.980521758272516,100000000.0,659.5196618468656,659.5196618468655,226.27808441270648,0.0,0.0
40.980521758272516,100000000.0,660.0939582301429,660.0939582301429,226.85238079598386,0.0,0.0
40.980521758272516,100000000.0,660.205103580735,660.2051035807348,226.9635261465758,0.0,0.0
40.980521758272516,100000000.0,660.6484284366693,660.6484284366695,227.4068510025104,0.0,0.0
40.980521758272516,100000000.0,660.7709572957132,660.7709572957132,227.52937986155416,0.0,0.0
40.980521758272516,100000000.0,660.8221835550738,660.8221835550737,227.58060612091467,0.0,0.0
40.980521758272516,100000000.0,661.0442529541275,661.0442529541275,227.80267551996843,0.0,0.0
40.980521758272516,100000000.0,661.2484348314009,661.2484348314008,228.0068573972419,0.0,0.0
40.980521758272516,100000000.0,661.2588010854774,661.2588010854777,228.01722365131857,0.0,0.0
40.980521758272516,100000000.0,661.719515613713,661.7195156137129,228.4779381795539,0.0,0.0
40.980521758272516,100000000.0,661.7715000287576,661.7715000287575,228.52992259459867,0.0,0.0
40.980521758272516,100000000.0,662.2722184590568,662.2722184590568,229.03064102489776,0.0,0.0
40.980521758272516,100000000.0,662.5391526304888,662.5391526304887,229.29757519632977,0.0,0.0
40.980521758272516,100000000.0,662.7530927230524,662.7530927230522,229.51151528889326,0.0,0.0
40.980521758272516,100000000.0,663.0553910940439,663.055391094044,229.81381365988503,0.0,0.0
40.980521758272516,100000000.0,663.0767855156759,663.076785515676,229.83520808151687,0.0,0.0
40.980521758272516,100000000.0,663.1149392047374,663.1149392047374,229.87336177057824,0.0,0.0
40.980521758272516,100000000.0,663.3777962821297,663.3777962821297,230.13621884797058,0.0,0.0
40.980521758272516,100000000.0,663.4473139913567,663.4473139913567,230.20573655719758,0.0,0.0
40.980521758272516,100000000.0,663.5698832005248,663.5698832005246,230.3283057663656,0.0,0.0
40.980521758272516,100000000.0,663.5885674176687,663.588567417669,230.34698998350987,0.0,0.0
40.980521758272516,100000000.0,663.5986138181858,663.5986138181858,230.35703638402666,0.0,0.0
40.980521758272516,100000000.0,663.6690562068056,663.6690562068056,230.42747877264668,0.0,0.0
40.980521758272516,100000000.0,663.6964775617955,663.6964775617955,230.45490012763656,0.0,0.0
40.980521758272516,100000000.0,663.6980153597656,663.6980153597656,230.45643792560645,0.0,0.0
40.980521758272516,100000000.0,663.8680453828955,663.8680453828954,230.62646794873655,0.0,0.0
40.980521758272516,100000000.0,663.8992107725308,663.8992107725308,230.65763333837162,0.0,0.0
40.980521758272516,100000000.0,664.0276098745836,664.0276098745837,230.7860324404245,0.0,0.0
40.980521758272516,100000000.0,664.0688938240764,664.0688938240763,230.82731638991729,0.0,0.0
40.980521758272516,100000000.0,664.216690132233,664.2166901322328,230.9751126980738,0.0,0.0
40.980521758272516,100000000.0,664.5666474649934,664.5666474649934,231.32507003083427,0.0,0.0
40.980521758272516,100000000.0,664.7882195788662,664.7882195788661,231.54664214470708,0.0,0.0
40.980521758272516,100000000.0,665.0777173231862,665.0777173231862,231.83613988902718,0.0,0.0
40.980521758272516,100000000.0,665.1576537364693,665.1576537364695,231.91607630231036,0.0,0.0
40.980521758272516,100000000.0,665.1775877901649,665.1775877901648,231.93601035600585,0.0,0.0
40.980521758272516,100000000.0,665.3644749412305,665.3644749412307,232.1228975070715,0.0,0.0
40.980521758272516,100000000.0,665.4902388881802,665.4902388881803,232.2486614540211,0.0,0.0
40.980521758272516,100000000.0,665.5712830796366,665.5712830796365,232.3297056454775,0.0,0.0
40.980521758272516,100000000.0,665.5960380027715,665.5960380027716,232.35446056861252,0.0,0.0
40.980521758272516,100000000.0,665.6864538546132,665.6864538546134,232.4448764204542,0.0,0.0
40.980521758272516,100000000.0,665.7065594879817,665.7065594879817,232.46498205382275,0.0,0.0
40.980521758272516,100000000.0,665.8418046111909,665.8418046111908,232.60022717703197,0.0,0.0
40.980521758272516,100000000.0,666.0015711145332,666.0015711145331,232.75999368037418,0.0,0.0
40.980521758272516,100000000.0,666.0306787156974,666.0306787156973,232.78910128153828,0.0,0.0
40.980521758272516,100000000.0,666.0793237487957,666.0793237487957,232.8377463146366,0.0,0.0
40.980521758272516,100000000.0,666.2848169805653,666.2848169805653,233.04323954640637,0.0,0.0
40.980521758272516,100000000.0,666.4240348452133,666.4240348452131,233.18245741105406,0.0,0.0
40.980521758272516,100000000.0,666.452274526004,666.452274526004,233.21069709184485,0.0,0.0
40.980521758272516,100000000.0,666.5086963918787,666.5086963918789,233.2671189577199,0.0,0.0
40.980521758272516,100000000.0,666.5332437132507,666.5332437132507,233.29166627909171,0.0,0.0
40.980521758272516,100000000.0,666.538207404724,666.5382074047242,233.296629970565,0.0,0.0
40.980521758272516,100000000.0,666.6810518327452,666.6810518327451,233.43947439858616,0.0,0.0
40.980521758272516,100000000.0,666.7623250227512,666.762325022751,233.5207475885921,0.0,0.0
40.980521758272516,100000000.0,666.8183179704439,666.8183179704439,233.57674053628475,0.0,0.0
40.980521758272516,100000000.0,666.9099590532692,666.9099590532692,233.66838161911005,0.0,0.0
40.980521758272516,100000000.0,666.9987772751987,666.9987772751984,233.75719984103964,0.0,0.0
40.980521758272516,100000000.0,667.0164322765438,667.0164322765437,233.77485484238468,0.0,0.0
40.980521758272516,100000000.0,667.278529259061,667.2785292590611,234.03695182490196,0.0,0.0
40.980521758272516,100000000.0,667.3008944884184,667.3008944884183,234.05931705425914,0.0,0.0
40.980521758272516,100000000.0,667.443997350501,667.4439973505009,234.20241991634194,0.0,0.0
40.980521758272516,100000000.0,667.7005226638422,667.7005226638422,234.45894522968314,0.0,0.0
40.980521758272516,100000000.0,667.7431388692879,667.7431388692878,234.50156143512874,0.0,0.0
40.980521758272516,100000000.0,668.0057206041957,668.0057206041956,234.76414317003656,0.0,0.0
40.980521758272516,100000000.0,668.0178011470907,668.0178011470906,234.7762237129316,0.0,0.0
40.980521758272516,100000000.0,668.3062124622384,668.3062124622385,235.06463502807946,0.0,0.0
40.980521758272516,100000000.0,668.7055779572224,668.7055779572224,235.4640005230634,0.0,0.0
40.980521758272516,100000000.0,668.7337982646928,668.7337982646928,235.4922208305338,0.0,0.0
40.980521758272516,100000000.0,668.9872245277237,668.9872245277236,235.74564709356457,0.0,0.0
40.980521758272516,100000000.0,669.2990729928061,669.2990729928061,236.05749555864705,0.0,0.0
40.980521758272516,100000000.0,669.3216981481188,669.3216981481188,236.0801207139599,0.0,0.0
40.980521758272516,100000000.0,669.6088198423628,669.6088198423629,236.3672424082039,0.0,0.0
40.980521758272516,100000000.0,669.7051109180172,669.7051109180173,236.4635334838582,0.0,0.0
40.980521758272516,100000000.0,670.023104539579,670.0231045395791,236.7815271054199,0.0,0.0
40.980521758272516,100000000.0,-1.0,588.2495077231206,192.95926910419558,1.0,1.0
40.980521758272516,100000000.0,670.5316299761412,670.5316299761412,237.29005254198205,0.0,0.0
40.980521758272516,100000000.0,670.8594898678783,670.8594898678784,237.6179124337192,0.0,0.0
40.980521758272516,100000000.0,670.8642566638409,670.8642566638409,237.62267922968206,0.0,0.0
40.980521758272516,100000000.0,671.0885066278062,671.0885066278062,237.84692919364724,0.0,0.0
40.980521758272516,100000000.0,671.1357657374174,671.1357657374177,237.8941883032586,0.0,0.0
40.980521758272516,100000000.0,671.5573966426477,671.5573966426479,238.31581920848885,0.0,0.0
40.980521758272516,100000000.0,671.5852309380346,671.5852309380347,238.3436535038755,0.0,0.0
40.980521758272516,100000000.0,671.8355418320207,671.8355418320209,238.59396439786167,0.0,0.0
40.980521758272516,100000000.0,672.8516872220999,672.8516872220999,239.61010978794073,0.0,0.0
40.980521758272516,100000000.0,672.8594690498549,672.8594690498549,239.61789161569584,0.0,0.0
40.980521758272516,100000000.0,672.982659049023,672.982659049023,239.74108161486387,0.0,0.0
40.980521758272516,100000000.0,673.2107710050153,673.2107710050152,239.96919357085616,0.0,0.0
40.980521758272516,100000000.0,673.4317180341848,673.431718034185,240.19014060002587,0.0,0.0
40.980521758272516,100000000.0,673.5266990292128,673.5266990292129,240.2851215950538,0.0,0.0
40.980521758272516,100000000.0,673.527976954868,673.5279769548678,240.28639952070887,0.0,0.0
40.980521758272516,100000000.0,673.6688170258858,673.6688170258858,240.42723959172662,0.0,0.0
40.980521758272516,100000000.0,673.8790657721412,673.8790657721413,240.63748833798218,0.0,0.0
40.980521758272516,100000000.0,674.0572053413294,674.0572053413293,240.8156279071704,0.0,0.0
40.980521758272516,100000000.0,674.0937323308423,674.0937323308424,240.85215489668332,0.0,0.0
40.980521758272516,100000000.0,674.1294084696377,674.1294084696378,240.88783103547883,0.0,0.0
40.980521758272516,100000000.0,674.1930321737948,674.1930321737947,240.95145473963572,0.0,0.0
40.980521758272516,100000000.0,675.4855185206383,675.4855185206382,242.24394108647903,0.0,0.0
40.980521758272516,100000000.0,676.4043513954122,676.4043513954124,243.16277396125327,0.0,0.0
40.980521758272516,100000000.0,676.5963186689481,676.5963186689481,243.3547412347892,0.0,0.0
40.980521758272516,100000000.0,676.9145382905208,676.9145382905208,243.67296085636175,0.0,0.0
40.980521758272516,100000000.0,677.4091442550545,677.4091442550546,244.16756682089544,0.0,0.0
40.980521758272516,100000000.0,677.8034753682248,677.8034753682249,244.56189793406585,0.0,0.0
40.980521758272516,100000000.0,677.8967410006243,677.8967410006244,244.65516356646523,0.0,0.0
40.980521758272516,100000000.0,677.9752858505905,677.9752858505902,244.7337084164314,0.0,0.0
40.980521758272516,100000000.0,678.0476040342153,678.047604034215,244.80602660005607,0.0,0.0
40.980521758272516,100000000.0,678.169291637427,678.169291637427,244.92771420326807,0.0,0.0
41.099998498092546,100000000.0,631.6977626173103,631.6977626173103,198.45618518315112,0.0,0.0
41.099998498092546,100000000.0,634.4548664481924,634.4548664481924,201.21328901403345,0.0,0.0
41.099998498092546,100000000.0,635.135652815383,635.1356528153831,201.89407538122387,0.0,0.0
41.099998498092546,100000000.0,635.4524304055284,635.4524304055283,202.21085297136943,0.0,0.0
41.099998498092546,100000000.0,636.3130109634205,636.3130109634205,203.07143352926147,0.0,0.0
41.099998498092546,100000000.0,637.2822538050596,637.2822538050597,204.0406763709006,0.0,0.0
41.099998498092546,100000000.0,638.0697851590159,638.069785159016,204.82820772485692,0.0,0.0
41.099998498092546,100000000.0,638.1067381783629,638.1067381783627,204.8651607442039,0.0,0.0
41.099998498092546,100000000.0,638.3257378106515,638.3257378106514,205.08416037649243,0.0,0.0
41.099998498092546,100000000.0,638.3608937213478,638.360893721348,205.1193162871888,0.0,0.0
41.099998498092546,100000000.0,638.8989292750996,638.8989292750995,205.65735184094052,0.0,0.0
41.099998498092546,100000000.0,638.9505433202737,638.9505433202738,205.70896588611467,0.0,0.0
41.099998498092546,100000000.0,639.1250727426841,639.1250727426843,205.88349530852514,0.0,0.0
41.099998498092546,100000000.0,639.2665369097385,639.2665369097386,206.02495947557955,0.0,0.0
41.099998498092546,100000000.0,639.6736141264214,639.6736141264215,206.43203669226233,0.0,0.0
41.099998498092546,100000000.0,640.1808558141308,640.1808558141311,206.93927837997185,0.0,0.0
41.099998498092546,100000000.0,640.2386207332969,640.2386207332968,206.99704329913786,0.0,0.0
41.099998498092546,100000000.0,640.3893352009836,640.3893352009836,207.14775776682464,0.0,0.0
41.099998498092546,100000000.0,640.4908397436371,640.4908397436371,207.249262309478,0.0,0.0
41.099998498092546,100000000.0,640.6553965110742,640.6553965110742,207.41381907691513,0.0,0.0
41.099998498092546,100000000.0,640.7533242993777,640.7533242993776,207.5117468652186,0.0,0.0
41.099998498092546,100000000.0,641.0651133364912,641.0651133364914,207.82353590233225,0.0,0.0
41.099998498092546,100000000.0,641.2679524255586,641.2679524255585,208.02637499139956,0.0,0.0
41.099998498092546,100000000.0,641.4325406762683,641.4325406762684,208.1909632421092,0.0,0.0
41.099998498092546,100000000.0,641.6131597985062,641.6131597985062,208.3715823643471,0.0,0.0
41.099998498092546,100000000.0,641.6872354565598,641.6872354565598,208.44565802240083,0.0,0.0
41.099998498092546,100000000.0,641.8476810547721,641.8476810547722,208.6061036206132,0.0,0.0
41.099998498092546,100000000.0,641.9877773810005,641.9877773810005,208.74619994684133,0.0,0.0
41.099998498092546,100000000.0,642.5092217534476,642.5092217534476,209.2676443192886,0.0,0.0
41.099998498092546,100000000.0,642.6223540610536,642.6223540610536,209.38077662689446,0.0,0.0
41.099998498092546,100000000.0,642.7129913275239,642.712991327524,209.471413893365,0.0,0.0
41.099998498092546,100000000.0,643.2876258660278,643.287625866028,210.04604843186885,0.0,0.0
41.099998498092546,100000000.0,643.3740107055412,643.3740107055413,210.13243327138207,0.0,0.0
41.099998498092546,100000000.0,643.4876838700523,643.4876838700523,210.2461064358932,0.0,0.0
41.099998498092546,100000000.0,643.5173758573609,643.5173758573607,210.27579842320168,0.0,0.0
41.099998498092546,100000000.0,643.6092552835207,643.6092552835208,210.3676778493617,0.0,0.0
41.099998498092546,100000000.0,643.639196194047,643.639196194047,210.3976187598879,0.0,0.0
41.099998498092546,100000000.0,644.0318396489436,644.0318396489437,210.79026221478458,0.0,0.0
41.099998498092546,100000000.0,644.1151435677268,644.1151435677268,210.87356613356783,0.0,0.0
41.099998498092546,100000000.0,644.1849623108561,644.1849623108562,210.94338487669708,0.0,0.0
41.099998498092546,100000000.0,644.194113019785,644.1941130197849,210.95253558562592,0.0,0.0
41.099998498092546,100000000.0,644.3453789647708,644.3453789647709,211.10380153061192,0.0,0.0
41.099998498092546,100000000.0,644.4194010530039,644.4194010530039,211.17782361884483,0.0,0.0
41.099998498092546,100000000.0,644.5105526808685,644.5105526808685,211.2689752467095,0.0,0.0
41.099998498092546,100000000.0,644.7009152752782,644.7009152752782,211.4593378411194,0.0,0.0
41.099998498092546,100000000.0,644.8362193722609,644.8362193722609,211.59464193810197,0.0,0.0
41.099998498092546,100000000.0,644.8834130812427,644.8834130812426,211.64183564708364,0.0,0.0
41.099998498092546,100000000.0,644.9202162313729,644.9202162313732,211.67863879721392,0.0,0.0
41.099998498092546,100000000.0,644.9802291553897,644.9802291553898,211.73865172123072,0.0,0.0
41.099998498092546,100000000.0,645.0327388352705,645.0327388352704,211.79116140111142,0.0,0.0
41.099998498092546,100000000.0,645.0865478406776,645.0865478406776,211.8449704065184,0.0,0.0
41.099998498092546,100000000.0,645.2415032808728,645.2415032808731,211.99992584671386,0.0,0.0
41.099998498092546,100000000.0,645.4263484099752,645.426348409975,212.18477097581598,0.0,0.0
41.099998498092546,100000000.0,645.4675265051699,645.46752650517,212.2259490710109,0.0,0.0
41.099998498092546,100000000.0,645.5246553729761,645.5246553729762,212.2830779388171,0.0,0.0
41.099998498092546,100000000.0,645.6796262446592,645.6796262446592,212.4380488105001,0.0,0.0
41.099998498092546,100000000.0,645.7259203685627,645.7259203685626,212.48434293440363,0.0,0.0
41.099998498092546,100000000.0,645.7736960406065,645.7736960406064,212.53211860644737,0.0,0.0
41.099998498092546,100000000.0,645.9305841348255,645.9305841348256,212.68900670066648,0.0,0.0
41.099998498092546,100000000.0,645.9415365965377,645.9415365965376,212.69995916237866,0.0,0.0
41.099998498092546,100000000.0,646.0598817876547,646.0598817876545,212.8183043534955,0.0,0.0
41.099998498092546,100000000.0,646.0704521245625,646.0704521245628,212.8288746904036,0.0,0.0
41.099998498092546,100000000.0,646.099580466247,646.0995804662471,212.85800303208802,0.0,0.0
41.099998498092546,100000000.0,646.1327254628225,646.1327254628223,212.89114802866345,0.0,0.0
41.099998498092546,100000000.0,646.25543071895,646.25543071895,213.01385328479094,0.0,0.0
41.099998498092546,100000000.0,646.3084129630848,646.3084129630847,213.06683552892565,0.0,0.0
41.099998498092546,100000000.0,646.3248292307592,646.3248292307591,213.08325179660005,0.0,0.0
41.099998498092546,100000000.0,646.4916672436971,646.4916672436971,213.25008980953808,0.0,0.0
41.099998498092546,100000000.0,646.5637616061933,646.5637616061933,213.3221841720343,0.0,0.0
41.099998498092546,100000000.0,646.7109568536036,646.7109568536035,213.46937941944455,0.0,0.0
41.099998498092546,100000000.0,646.7819945503355,646.7819945503352,213.54041711617626,0.0,0.0
41.099998498092546,100000000.0,646.7822434399405,646.7822434399404,213.5406660057813,0.0,0.0
41.099998498092546,100000000.0,646.8216404388876,646.8216404388876,213.5800630047287,0.0,0.0
41.099998498092546,100000000.0,646.8418904670438,646.8418904670439,213.6003130328847,0.0,0.0
41.099998498092546,100000000.0,646.8629230186813,646.8629230186814,213.62134558452235,0.0,0.0
41.099998498092546,100000000.0,646.8835576991029,646.8835576991029,213.64198026494387,0.0,0.0
41.099998498092546,100000000.0,646.9461078237906,646.9461078237906,213.7045303896315,0.0,0.0
41.099998498092546,100000000.0,647.0188039970292,647.018803997029,213.77722656286994,0.0,0.0
41.099998498092546,100000000.0,647.0500678285641,647.0500678285642,213.80849039440523,0.0,0.0
41.099998498092546,100000000.0,647.1388967041725,647.1388967041722,213.8973192700132,0.0,0.0
41.099998498092546,100000000.0,647.3446878869556,647.3446878869555,214.1031104527965,0.0,0.0
41.099998498092546,100000000.0,647.4002392429495,647.4002392429493,214.15866180879024,0.0,0.0
41.099998498092546,100000000.0,647.6177364587874,647.6177364587874,214.3761590246284,0.0,0.0
41.099998498092546,100000000.0,647.632026017151,647.6320260171507,214.39044858299195,0.0,0.0
41.099998498092546,100000000.0,647.6455895232498,647.6455895232497,214.40401208909074,0.0,0.0
41.099998498092546,100000000.0,647.8734005156433,647.8734005156433,214.63182308148424,0.0,0.0
41.099998498092546,100000000.0,647.9362376163297,647.9362376163299,214.69466018217085,0.0,0.0
41.099998498092546,100000000.0,647.973849408248,647.973849408248,214.73227197408903,0.0,0.0
41.099998498092546,100000000.0,648.0198820394603,648.0198820394603,214.7783046053012,0.0,0.0
41.099998498092546,100000000.0,648.0354847987463,648.0354847987464,214.79390736458737,0.0,0.0
41.099998498092546,100000000.0,648.0457327755314,648.0457327755315,214.80415534137242,0.0,0.0
41.099998498092546,100000000.0,648.0826012760804,648.0826012760804,214.84102384192138,0.0,0.0
41.099998498092546,100000000.0,648.1289548854452,648.1289548854452,214.8873774512862,0.0,0.0
41.099998498092546,100000000.0,648.2191522655485,648.2191522655484,214.9775748313895,0.0,0.0
41.099998498092546,100000000.0,648.3277625288031,648.3277625288033,215.08618509464415,0.0,0.0
41.099998498092546,100000000.0,648.40961228298,648.40961228298,215.1680348488208,0.0,0.0
41.099998498092546,100000000.0,648.7219587508022,648.7219587508021,215.4803813166431,0.0,0.0
41.099998498092546,100000000.0,648.7435984444445,648.7435984444444,215.50202101028535,0.0,0.0
41.099998498092546,100000000.0,648.7805186073829,648.780518607383,215.53894117322386,0.0,0.0
41.099998498092546,100000000.0,648.8113180489366,648.8113180489365,215.56974061477746,0.0,0.0
41.099998498092546,100000000.0,648.8375837958491,648.8375837958492,215.59600636169014,0.0,0.0
41.099998498092546,100000000.0,648.8915658510227,648.8915658510226,215.64998841686358,0.0,0.0
41.099998498092546,100000000.0,648.9379569895366,648.9379569895368,215.69637955537777,0.0,0.0
41.099998498092546,100000000.0,649.0310049049335,649.0310049049336,215.78942747077448,0.0,0.0
41.099998498092546,100000000.0,649.0941976295645,649.0941976295645,215.8526201954055,0.0,0.0
41.099998498092546,100000000.0,649.1743132465077,649.1743132465076,215.93273581234854,0.0,0.0
41.099998498092546,100000000.0,649.1744168475292,649.1744168475294,215.93283941337023,0.0,0.0
41.099998498092546,100000000.0,649.1900763118228,649.1900763118228,215.9484988776639,0.0,0.0
41.099998498092546,100000000.0,649.7525122282656,649.7525122282657,216.51093479410662,0.0,0.0
41.099998498092546,100000000.0,649.767015611299,649.7670156112989,216.52543817713993,0.0,0.0
41.099998498092546,100000000.0,649.8367674654554,649.8367674654554,216.59519003129643,0.0,0.0
41.099998498092546,100000000.0,649.8842228253268,649.8842228253269,216.64264539116786,0.0,0.0
41.099998498092546,100000000.0,650.03694015171,650.0369401517102,216.79536271755103,0.0,0.0
41.099998498092546,100000000.0,650.130322977677,650.1303229776769,216.88874554351776,0.0,0.0
41.099998498092546,100000000.0,650.1608712488539,650.1608712488539,216.9192938146948,0.0,0.0
41.099998498092546,100000000.0,650.1851581554334,650.1851581554337,216.9435807212745,0.0,0.0
41.099998498092546,100000000.0,650.2576499871867,650.2576499871867,217.01607255302764,0.0,0.0
41.099998498092546,100000000.0,650.580260104553,650.5802601045531,217.33868267039384,0.0,0.0
41.099998498092546,100000000.0,650.5905540354358,650.5905540354357,217.3489766012768,0.0,0.0
41.099998498092546,100000000.0,650.6177717577698,650.6177717577699,217.37619432361083,0.0,0.0
41.099998498092546,100000000.0,650.7109075816572,650.7109075816574,217.46933014749825,0.0,0.0
41.099998498092546,100000000.0,650.7228333737143,650.7228333737141,217.48125593955518,0.0,0.0
41.099998498092546,100000000.0,651.0405579457565,651.0405579457563,217.79898051159734,0.0,0.0
41.099998498092546,100000000.0,651.1074253037834,651.1074253037834,217.8658478696245,0.0,0.0
41.099998498092546,100000000.0,651.1995804883187,651.1995804883187,217.95800305415952,0.0,0.0
41.099998498092546,100000000.0,651.2257577065611,651.2257577065612,217.98418027240228,0.0,0.0
41.099998498092546,100000000.0,651.2348439003285,651.2348439003287,217.99326646616944,0.0,0.0
41.099998498092546,100000000.0,651.2563674438247,651.2563674438245,218.01479000966552,0.0,0.0
41.21947523791258,100000000.0,637.1229061556537,637.1229061556536,203.88132872149464,0.0,0.0
41.21947523791258,100000000.0,639.592873376458,639.592873376458,206.35129594229903,0.0,0.0
41.21947523791258,100000000.0,640.6120459579423,640.6120459579423,207.3704685237833,0.0,0.0
41.21947523791258,100000000.0,641.7318599543677,641.7318599543676,208.4902825202086,0.0,0.0
41.21947523791258,100000000.0,642.2195785225737,642.2195785225738,208.97800108841471,0.0,0.0
41.21947523791258,100000000.0,643.477518141327,643.477518141327,210.235940707168,0.0,0.0
41.21947523791258,100000000.0,643.484444661494,643.484444661494,210.24286722733493,0.0,0.0
41.21947523791258,100000000.0,644.4268236360111,644.4268236360109,211.18524620185192,0.0,0.0
41.21947523791258,100000000.0,646.1874314290925,646.1874314290925,212.94585399493363,0.0,0.0
41.21947523791258,100000000.0,647.2841612248533,647.2841612248533,214.04258379069427,0.0,0.0
41.21947523791258,100000000.0,647.2902855271902,647.2902855271905,214.04870809303128,0.0,0.0
41.21947523791258,100000000.0,647.6888066011501,647.6888066011501,214.4472291669912,0.0,0.0
41.21947523791258,100000000.0,647.7124582953292,647.7124582953294,214.4708808611702,0.0,0.0
41.21947523791258,100000000.0,647.8815218003857,647.8815218003857,214.63994436622662,0.0,0.0
41.21947523791258,100000000.0,648.0428921365162,648.0428921365161,214.8013147023572,0.0,0.0
41.21947523791258,100000000.0,648.9878570159979,648.987857015998,215.7462795818389,0.0,0.0
41.21947523791258,100000000.0,649.3238613212849,649.3238613212851,216.08228388712587,0.0,0.0
41.21947523791258,100000000.0,649.3437696054453,649.3437696054453,216.10219217128616,0.0,0.0
41.21947523791258,100000000.0,649.3847432834848,649.3847432834847,216.1431658493257,0.0,0.0
41.21947523791258,100000000.0,649.8608222155084,649.8608222155085,216.61924478134935,0.0,0.0
41.21947523791258,100000000.0,650.0009885105737,650.0009885105738,216.75941107641466,0.0,0.0
41.21947523791258,100000000.0,650.0050693571492,650.0050693571493,216.76349192299023,0.0,0.0
41.21947523791258,100000000.0,650.0779706137424,650.0779706137424,216.83639317958335,0.0,0.0
41.21947523791258,100000000.0,650.2218468982013,650.2218468982013,216.98026946404227,0.0,0.0
41.21947523791258,100000000.0,651.4844006099682,651.4844006099684,218.24282317580918,0.0,0.0
41.21947523791258,100000000.0,651.6588789281669,651.6588789281669,218.41730149400792,0.0,0.0
41.21947523791258,100000000.0,652.0025581679965,652.0025581679965,218.7609807338375,0.0,0.0
41.21947523791258,100000000.0,652.2912725129831,652.2912725129833,219.04969507882427,0.0,0.0
41.21947523791258,100000000.0,652.3578917696598,652.3578917696598,219.11631433550073,0.0,0.0
41.21947523791258,100000000.0,652.3954832320238,652.3954832320239,219.15390579786487,0.0,0.0
41.21947523791258,100000000.0,652.4327080602936,652.4327080602937,219.19113062613468,0.0,0.0
41.21947523791258,100000000.0,652.4414988150925,652.4414988150924,219.19992138093343,0.0,0.0
41.21947523791258,100000000.0,652.6007497231818,652.6007497231819,219.35917228902278,0.0,0.0
41.21947523791258,100000000.0,652.6712042473405,652.6712042473403,219.42962681318113,0.0,0.0
41.21947523791258,100000000.0,652.750326381735,652.7503263817349,219.50874894757584,0.0,0.0
41.21947523791258,100000000.0,652.8995674549051,652.8995674549052,219.6579900207461,0.0,0.0
41.21947523791258,100000000.0,653.2475224088954,653.2475224088954,220.00594497473637,0.0,0.0
41.21947523791258,100000000.0,653.2770231907203,653.2770231907202,220.03544575656124,0.0,0.0
41.21947523791258,100000000.0,653.5135144838756,653.5135144838757,220.27193704971666,0.0,0.0
41.21947523791258,100000000.0,653.5738766956131,653.573876695613,220.33229926145412,0.0,0.0
41.21947523791258,100000000.0,653.6834096371248,653.6834096371247,220.44183220296554,0.0,0.0
41.21947523791258,100000000.0,653.7481702912698,653.7481702912698,220.50659285711072,0.0,0.0
41.21947523791258,100000000.0,653.8618490844495,653.8618490844495,220.62027165029056,0.0,0.0
41.21947523791258,100000000.0,653.8673882927957,653.8673882927957,220.62581085863658,0.0,0.0
41.21947523791258,100000000.0,654.0836059268536,654.0836059268536,220.84202849269465,0.0,0.0
41.21947523791258,100000000.0,654.1142695475136,654.1142695475135,220.87269211335445,0.0,0.0
41.21947523791258,100000000.0,654.3051405143905,654.3051405143906,221.06356308023146,0.0,0.0
41.21947523791258,100000000.0,654.4547840273434,654.4547840273435,221.21320659318434,0.0,0.0
41.21947523791258,100000000.0,654.4990484292491,654.4990484292491,221.25747099509002,0.0,0.0
41.21947523791258,100000000.0,654.5730226484858,654.5730226484858,221.33144521432686,0.0,0.0
41.21947523791258,100000000.0,654.659876790652,654.659876790652,221.41829935649295,0.0,0.0
41.21947523791258,100000000.0,654.6655980335876,654.6655980335875,221.42402059942847,0.0,0.0
41.21947523791258,100000000.0,654.7147316394958,654.7147316394958,221.47315420533678,0.0,0.0
41.21947523791258,100000000.0,654.7902642464763,654.7902642464763,221.5486868123174,0.0,0.0
41.21947523791258,100000000.0,654.9390036445143,654.9390036445144,221.69742621035533,0.0,0.0
41.21947523791258,100000000.0,654.9772982430109,654.977298243011,221.73572080885188,0.0,0.0
41.21947523791258,100000000.0,655.0456061960392,655.0456061960391,221.80402876188003,0.0,0.0
41.21947523791258,100000000.0,655.1733871359052,655.173387135905,221.93180970174612,0.0,0.0
41.21947523791258,100000000.0,655.2024759264234,655.2024759264236,221.96089849226448,0.0,0.0
41.21947523791258,100000000.0,655.4406269029934,655.4406269029932,222.1990494688343,0.0,0.0
41.21947523791258,100000000.0,655.4703614781095,655.4703614781093,222.22878404395033,0.0,0.0
41.21947523791258,100000000.0,655.5778227222229,655.5778227222228,222.3362452880638,0.0,0.0
41.21947523791258,100000000.0,655.6804077239652,655.6804077239651,222.43883028980616,0.0,0.0
41.21947523791258,100000000.0,655.7307826059065,655.7307826059064,222.48920517174736,0.0,0.0
41.21947523791258,100000000.0,655.8901352308931,655.890135230893,222.6485577967339,0.0,0.0
41.21947523791258,100000000.0,656.0557700542898,656.0557700542898,222.8141926201308,0.0,0.0
41.21947523791258,100000000.0,656.152988041268,656.152988041268,222.91141060710902,0.0,0.0
41.21947523791258,100000000.0,656.2174715898119,656.2174715898121,222.975894155653,0.0,0.0
41.21947523791258,100000000.0,656.306679519947,656.3066795199469,223.06510208578786,0.0,0.0
41.21947523791258,100000000.0,656.4285532937653,656.4285532937653,223.18697585960632,0.0,0.0
41.21947523791258,100000000.0,656.491915233905,656.491915233905,223.25033779974603,0.0,0.0
41.21947523791258,100000000.0,656.7524970262114,656.7524970262112,223.5109195920524,0.0,0.0
41.21947523791258,100000000.0,656.8134200096638,656.8134200096639,223.5718425755047,0.0,0.0
41.21947523791258,100000000.0,656.9274668080451,656.9274668080452,223.68588937388603,0.0,0.0
41.21947523791258,100000000.0,656.928266684211,656.9282666842112,223.6866892500521,0.0,0.0
41.21947523791258,100000000.0,657.0724441975984,657.0724441975984,223.83086676343925,0.0,0.0
41.21947523791258,100000000.0,657.0926561656489,657.092656165649,223.85107873148982,0.0,0.0
41.21947523791258,100000000.0,657.3277194528395,657.3277194528395,224.08614201868042,0.0,0.0
41.21947523791258,100000000.0,657.6764798858891,657.6764798858891,224.43490245173015,0.0,0.0
41.21947523791258,100000000.0,657.7250033921854,657.7250033921854,224.48342595802632,0.0,0.0
41.21947523791258,100000000.0,657.8799276348471,657.8799276348471,224.63835020068805,0.0,0.0
41.21947523791258,100000000.0,657.9361258502511,657.9361258502511,224.6945484160921,0.0,0.0
41.21947523791258,100000000.0,657.9553979041137,657.9553979041139,224.71382046995473,0.0,0.0
41.21947523791258,100000000.0,657.9700103336689,657.9700103336689,224.7284328995098,0.0,0.0
41.21947523791258,100000000.0,658.0003446500542,658.000344650054,224.75876721589518,0.0,0.0
41.21947523791258,100000000.0,658.0051940684027,658.0051940684026,224.76361663424365,0.0,0.0
41.21947523791258,100000000.0,658.0569457433539,658.056945743354,224.81536830919504,0.0,0.0
41.21947523791258,100000000.0,658.1144797235147,658.1144797235148,224.87290228935564,0.0,0.0
41.21947523791258,100000000.0,658.3231619051948,658.3231619051948,225.0815844710357,0.0,0.0
41.21947523791258,100000000.0,658.4611142946328,658.4611142946328,225.2195368604737,0.0,0.0
41.21947523791258,100000000.0,658.8499715014382,658.8499715014381,225.60839406727897,0.0,0.0
41.21947523791258,100000000.0,658.9205803352722,658.9205803352722,225.67900290111317,0.0,0.0
41.21947523791258,100000000.0,659.0012167155326,659.0012167155325,225.75963928137347,0.0,0.0
41.21947523791258,100000000.0,659.0641063086059,659.0641063086059,225.82252887444685,0.0,0.0
41.21947523791258,100000000.0,659.0940567304278,659.094056730428,225.8524792962686,0.0,0.0
41.21947523791258,100000000.0,659.2331440574588,659.2331440574588,225.99156662329978,0.0,0.0
41.21947523791258,100000000.0,659.3753449043829,659.3753449043829,226.13376747022397,0.0,0.0
41.21947523791258,100000000.0,659.4882623552371,659.488262355237,226.2466849210781,0.0,0.0
41.21947523791258,100000000.0,659.5064987256507,659.5064987256504,226.2649212914915,0.0,0.0
41.21947523791258,100000000.0,659.5075948147237,659.5075948147237,226.26601738056453,0.0,0.0
41.21947523791258,100000000.0,659.5723183062294,659.5723183062294,226.33074087207032,0.0,0.0
41.21947523791258,100000000.0,659.6238953007268,659.6238953007265,226.3823178665676,0.0,0.0
41.21947523791258,100000000.0,659.7119336830283,659.7119336830284,226.47035624886928,0.0,0.0
41.21947523791258,100000000.0,659.7202774493908,659.7202774493907,226.47870001523157,0.0,0.0
41.21947523791258,100000000.0,659.7547133245575,659.7547133245577,226.51313589039847,0.0,0.0
41.21947523791258,100000000.0,659.9528497878835,659.9528497878833,226.7112723537244,0.0,0.0
41.21947523791258,100000000.0,660.0687185140846,660.0687185140844,226.8271410799254,0.0,0.0
41.21947523791258,100000000.0,660.123263532615,660.1232635326152,226.88168609845607,0.0,0.0
41.21947523791258,100000000.0,660.1387641404308,660.1387641404308,226.89718670627178,0.0,0.0
41.21947523791258,100000000.0,660.2466506572431,660.2466506572432,227.00507322308417,0.0,0.0
41.21947523791258,100000000.0,660.448742857564,660.4487428575641,227.20716542340494,0.0,0.0
41.21947523791258,100000000.0,660.5228889577224,660.5228889577224,227.2813115235634,0.0,0.0
41.21947523791258,100000000.0,660.8308925238122,660.8308925238123,227.589315089653,0.0,0.0
41.21947523791258,100000000.0,660.9116907543811,660.9116907543811,227.67011332022204,0.0,0.0
41.21947523791258,100000000.0,660.9157392129347,660.9157392129347,227.67416177877556,0.0,0.0
41.21947523791258,100000000.0,660.9708427133235,660.9708427133231,227.72926527916422,0.0,0.0
41.21947523791258,100000000.0,660.9926014575369,660.9926014575369,227.7510240233778,0.0,0.0
41.21947523791258,100000000.0,661.0817645995689,661.0817645995692,227.84018716540993,0.0,0.0
41.21947523791258,100000000.0,661.2873847754785,661.2873847754782,228.0458073413193,0.0,0.0
41.21947523791258,100000000.0,661.3315372375066,661.3315372375067,228.0899598033476,0.0,0.0
41.21947523791258,100000000.0,661.420179341027,661.420179341027,228.17860190686812,0.0,0.0
41.21947523791258,100000000.0,661.5124195337912,661.5124195337911,228.27084209963206,0.0,0.0
41.21947523791258,100000000.0,661.7663276754109,661.7663276754109,228.52475024125187,0.0,0.0
41.21947523791258,100000000.0,661.7876079278764,661.7876079278763,228.54603049371735,0.0,0.0
41.21947523791258,100000000.0,661.8526531690201,661.85265316902,228.61107573486095,0.0,0.0
41.21947523791258,100000000.0,661.9248920063263,661.9248920063264,228.68331457216735,0.0,0.0
41.21947523791258,100000000.0,661.9681002433578,661.9681002433579,228.72652280919866,0.0,0.0
41.21947523791258,100000000.0,662.5279215184058,662.5279215184056,229.28634408424665,0.0,0.0
41.33895197773262,100000000.0,659.9738496268288,659.973849626829,226.73227219266985,0.0,0.0
41.33895197773262,100000000.0,660.2021854113348,660.2021854113348,226.96060797717573,0.0,0.0
41.33895197773262,100000000.0,662.5893261005122,662.5893261005123,229.34774866635323,0.0,0.0
41.33895197773262,100000000.0,663.1145712605062,663.1145712605064,229.87299382634734,0.0,0.0
41.33895197773262,100000000.0,663.3353117742131,663.3353117742131,230.09373434005414,0.0,0.0
41.33895197773262,100000000.0,664.0658596233993,664.0658596233993,230.82428218924028,0.0,0.0
41.33895197773262,100000000.0,664.3469412840722,664.3469412840722,231.10536384991312,0.0,0.0
41.33895197773262,100000000.0,664.6845649286407,664.6845649286406,231.44298749448163,0.0,0.0
41.33895197773262,100000000.0,665.9736605367963,665.9736605367963,232.73208310263715,0.0,0.0
41.33895197773262,100000000.0,666.8092211665112,666.8092211665112,233.56764373235214,0.0,0.0
41.33895197773262,100000000.0,668.0389999951054,668.0389999951053,234.79742256094627,0.0,0.0
41.33895197773262,100000000.0,668.1717702160413,668.1717702160412,234.93019278188223,0.0,0.0
41.33895197773262,100000000.0,668.8210502557255,668.8210502557254,235.5794728215664,0.0,0.0
41.33895197773262,100000000.0,668.9461117363466,668.9461117363466,235.7045343021874,0.0,0.0
41.33895197773262,100000000.0,669.1189587156957,669.1189587156956,235.87738128153651,0.0,0.0
41.33895197773262,100000000.0,669.1586316984273,669.1586316984271,235.91705426426807,0.0,0.0
41.33895197773262,100000000.0,669.5435768991404,669.5435768991402,236.3019994649812,0.0,0.0
41.33895197773262,100000000.0,669.5812538625357,669.5812538625357,236.33967642837666,0.0,0.0
41.33895197773262,100000000.0,669.8651280643786,669.8651280643787,236.6235506302196,0.0,0.0
41.33895197773262,100000000.0,669.9158375549794,669.9158375549796,236.67426012082055,0.0,0.0
41.33895197773262,100000000.0,670.0804311826237,670.0804311826236,236.83885374846452,0.0,0.0
41.33895197773262,100000000.0,670.0811995675247,670.0811995675248,236.8396221333655,0.0,0.0
41.33895197773262,100000000.0,670.1259023448201,670.1259023448201,236.88432491066118,0.0,0.0
41.33895197773262,100000000.0,670.1736914359882,670.1736914359883,236.93211400182915,0.0,0.0
41.33895197773262,100000000.0,670.9057168681849,670.9057168681849,237.66413943402574,0.0,0.0
41.33895197773262,100000000.0,671.0902447328086,671.0902447328086,237.84866729864953,0.0,0.0
41.33895197773262,100000000.0,671.5882118566387,671.5882118566388,238.3466344224797,0.0,0.0
41.33895197773262,100000000.0,671.6486187148724,671.6486187148722,238.40704128071332,0.0,0.0
41.33895197773262,100000000.0,671.7116663204233,671.7116663204232,238.47008888626434,0.0,0.0
41.33895197773262,100000000.0,671.8454334794826,671.8454334794827,238.60385604532354,0.0,0.0
41.33895197773262,100000000.0,672.0967249123532,672.0967249123532,238.85514747819406,0.0,0.0
41.33895197773262,100000000.0,672.1329097037496,672.1329097037496,238.89133226959058,0.0,0.0
41.33895197773262,100000000.0,672.2004132693847,672.2004132693846,238.95883583522567,0.0,0.0
41.33895197773262,100000000.0,672.2411866049706,672.2411866049707,238.99960917081148,0.0,0.0
41.33895197773262,100000000.0,672.2966455142605,672.2966455142606,239.05506808010153,0.0,0.0
41.33895197773262,100000000.0,672.3384197763276,672.3384197763274,239.09684234216854,0.0,0.0
41.33895197773262,100000000.0,672.545757027847,672.545757027847,239.30417959368808,0.0,0.0
41.33895197773262,100000000.0,672.5719675585233,672.5719675585232,239.33039012436404,0.0,0.0
41.33895197773262,100000000.0,672.6358928716608,672.6358928716608,239.3943154375019,0.0,0.0
41.33895197773262,100000000.0,673.2526534167076,673.2526534167076,240.01107598254862,0.0,0.0
41.33895197773262,100000000.0,673.2685071316812,673.2685071316813,240.02692969752223,0.0,0.0
41.33895197773262,100000000.0,673.3989570093089,673.3989570093089,240.1573795751499,0.0,0.0
41.33895197773262,100000000.0,673.5750195672626,673.5750195672626,240.33344213310346,0.0,0.0
41.33895197773262,100000000.0,673.9275261805594,673.9275261805593,240.68594874640036,0.0,0.0
41.33895197773262,100000000.0,674.096053987653,674.0960539876528,240.8544765534939,0.0,0.0
41.33895197773262,100000000.0,674.4519470840718,674.4519470840718,241.2103696499126,0.0,0.0
41.33895197773262,100000000.0,674.7186473712572,674.7186473712572,241.4770699370983,0.0,0.0
41.33895197773262,100000000.0,675.2193007828176,675.2193007828178,241.97772334865857,0.0,0.0
41.33895197773262,100000000.0,675.2221077390485,675.2221077390484,241.98053030488944,0.0,0.0
41.33895197773262,100000000.0,675.4061481651032,675.4061481651034,242.16457073094438,0.0,0.0
41.33895197773262,100000000.0,675.5240261115719,675.524026111572,242.28244867741293,0.0,0.0
41.33895197773262,100000000.0,675.7382404553422,675.7382404553424,242.4966630211832,0.0,0.0
41.33895197773262,100000000.0,675.7418692932741,675.741869293274,242.50029185911504,0.0,0.0
41.33895197773262,100000000.0,675.8722549862324,675.8722549862323,242.63067755207328,0.0,0.0
41.33895197773262,100000000.0,676.0267824361092,676.0267824361091,242.78520500195015,0.0,0.0
41.33895197773262,100000000.0,676.1043779929119,676.1043779929117,242.86280055875275,0.0,0.0
41.33895197773262,100000000.0,676.2503704581873,676.2503704581875,243.00879302402828,0.0,0.0
41.33895197773262,100000000.0,676.3761889872098,676.3761889872097,243.1346115530508,0.0,0.0
41.33895197773262,100000000.0,676.479071973566,676.479071973566,243.23749453940687,0.0,0.0
41.33895197773262,100000000.0,676.792520991336,676.7925209913359,243.550943557177,0.0,0.0
41.33895197773262,100000000.0,677.8562869818671,677.8562869818671,244.61470954770815,0.0,0.0
41.33895197773262,100000000.0,677.9589954463956,677.9589954463954,244.71741801223644,0.0,0.0
41.33895197773262,100000000.0,678.1180805477953,678.1180805477952,244.87650311363635,0.0,0.0
41.33895197773262,100000000.0,678.132495577343,678.1324955773429,244.89091814318394,0.0,0.0
41.33895197773262,100000000.0,678.1881483872648,678.1881483872648,244.94657095310572,0.0,0.0
41.33895197773262,100000000.0,678.2298152952521,678.2298152952523,244.98823786109307,0.0,0.0
41.33895197773262,100000000.0,678.2648933971761,678.2648933971761,245.023315963017,0.0,0.0
41.33895197773262,100000000.0,678.4065710756313,678.4065710756314,245.16499364147236,0.0,0.0
41.33895197773262,100000000.0,678.4175015775519,678.4175015775521,245.1759241433931,0.0,0.0
41.33895197773262,100000000.0,679.3225897152691,679.3225897152693,246.0810122811101,0.0,0.0
41.33895197773262,100000000.0,679.8369401218029,679.8369401218029,246.59536268764376,0.0,0.0
41.33895197773262,100000000.0,679.8401006325564,679.8401006325564,246.59852319839734,0.0,0.0
41.33895197773262,100000000.0,680.0284087308557,680.0284087308557,246.78683129669662,0.0,0.0
41.33895197773262,100000000.0,680.1937909255687,680.1937909255686,246.95221349140957,0.0,0.0
41.33895197773262,100000000.0,680.4140834821029,680.4140834821029,247.1725060479439,0.0,0.0
41.33895197773262,100000000.0,680.639926273218,680.6399262732177,247.39834883905868,0.0,0.0
41.33895197773262,100000000.0,681.1435535419923,681.1435535419924,247.90197610783318,0.0,0.0
41.33895197773262,100000000.0,681.3480091799215,681.3480091799216,248.10643174576245,0.0,0.0
41.33895197773262,100000000.0,681.6504154490916,681.6504154490917,248.40883801493266,0.0,0.0
41.33895197773262,100000000.0,681.7856087519992,681.7856087519993,248.5440313178402,0.0,0.0
41.33895197773262,100000000.0,682.0934878222927,682.0934878222929,248.8519103881338,0.0,0.0
41.33895197773262,100000000.0,682.1590862020895,682.1590862020897,248.91750876793057,0.0,0.0
41.33895197773262,100000000.0,682.1786785879854,682.1786785879852,248.93710115382626,0.0,0.0
41.33895197773262,100000000.0,682.436702521904,682.4367025219042,249.19512508774494,0.0,0.0
41.33895197773262,100000000.0,682.4563302310181,682.4563302310183,249.21475279685907,0.0,0.0
41.33895197773262,100000000.0,682.5780389662582,682.5780389662582,249.33646153209918,0.0,0.0
41.33895197773262,100000000.0,682.6210802485077,682.6210802485077,249.37950281434868,0.0,0.0
41.33895197773262,100000000.0,682.6428655479609,682.6428655479608,249.40128811380188,0.0,0.0
41.33895197773262,100000000.0,683.5238811437142,683.5238811437142,250.2823037095551,0.0,0.0
41.33895197773262,100000000.0,683.6432356388852,683.6432356388852,250.40165820472617,0.0,0.0
41.33895197773262,100000000.0,684.2736239319681,684.2736239319682,251.03204649780912,0.0,0.0
41.33895197773262,100000000.0,684.5685443579018,684.5685443579018,251.32696692374276,0.0,0.0
41.33895197773262,100000000.0,684.6914504867601,684.6914504867602,251.44987305260116,0.0,0.0
41.33895197773262,100000000.0,685.0576656708167,685.0576656708168,251.81608823665772,0.0,0.0
41.33895197773262,100000000.0,685.0597291217981,685.0597291217981,251.8181516876391,0.0,0.0
41.33895197773262,100000000.0,685.0765538901444,685.0765538901444,251.83497645598533,0.0,0.0
41.33895197773262,100000000.0,685.2751073827066,685.2751073827068,252.0335299485476,0.0,0.0
41.33895197773262,100000000.0,685.2860104020482,685.286010402048,252.04443296788904,0.0,0.0
41.33895197773262,100000000.0,685.3638060039648,685.363806003965,252.12222856980594,0.0,0.0
41.33895197773262,100000000.0,685.7620164217444,685.7620164217444,252.52043898758546,0.0,0.0
41.33895197773262,100000000.0,686.0049888241033,686.0049888241033,252.7634113899443,0.0,0.0
41.33895197773262,100000000.0,686.0508132027904,686.0508132027903,252.8092357686313,0.0,0.0
41.33895197773262,100000000.0,686.0612295792865,686.0612295792864,252.81965214512752,0.0,0.0
41.33895197773262,100000000.0,687.0283214189691,687.0283214189691,253.78674398480996,0.0,0.0
41.33895197773262,100000000.0,687.2363592468122,687.2363592468124,253.99478181265323,0.0,0.0
41.33895197773262,100000000.0,687.565846564692,687.565846564692,254.32426913053317,0.0,0.0
41.33895197773262,100000000.0,687.5681794409869,687.568179440987,254.32660200682798,0.0,0.0
41.33895197773262,100000000.0,687.7859810346129,687.7859810346127,254.54440360045368,0.0,0.0
41.33895197773262,100000000.0,688.1602845159339,688.1602845159339,254.9187070817749,0.0,0.0
41.33895197773262,100000000.0,688.5882430576546,688.5882430576547,255.34666562349568,0.0,0.0
41.33895197773262,100000000.0,688.6337766474242,688.6337766474242,255.39219921326503,0.0,0.0
41.33895197773262,100000000.0,689.1154311192026,689.1154311192028,255.87385368504366,0.0,0.0
41.33895197773262,100000000.0,690.0019979337358,690.0019979337358,256.7604204995768,0.0,0.0
41.33895197773262,100000000.0,691.0255818211982,691.0255818211984,257.78400438703943,0.0,0.0
41.33895197773262,100000000.0,692.268618723238,692.2686187232381,259.02704128907897,0.0,0.0
41.33895197773262,100000000.0,693.0423396357347,693.0423396357347,259.8007622015757,0.0,0.0
41.33895197773262,100000000.0,693.3405461805556,693.3405461805557,260.0989687463966,0.0,0.0
41.33895197773262,100000000.0,693.3593948900165,693.3593948900163,260.1178174558573,0.0,0.0
41.33895197773262,100000000.0,694.9527118977844,694.9527118977842,261.71113446362517,0.0,0.0
41.33895197773262,100000000.0,695.0821144290036,695.0821144290035,261.8405369948446,0.0,0.0
41.33895197773262,100000000.0,695.1244326194703,695.1244326194703,261.88285518531126,0.0,0.0
41.33895197773262,100000000.0,695.8180986527796,695.8180986527798,262.57652121862066,0.0,0.0
41.33895197773262,100000000.0,696.2419296556278,696.2419296556277,263.0003522214687,0.0,0.0
41.33895197773262,100000000.0,697.9998141058139,697.999814105814,264.75823667165497,0.0,0.0
41.33895197773262,100000000.0,698.1509150945013,698.1509150945014,264.90933766034254,0.0,0.0
41.33895197773262,100000000.0,699.3656587301828,699.3656587301826,266.1240812960236,0.0,0.0
41.33895197773262,100000000.0,699.9440469274132,699.9440469274134,266.7024694932543,0.0,0.0
41.33895197773262,100000000.0,700.3635429151451,700.3635429151453,267.1219654809862,0.0,0.0
41.45842871755266,100000000.0,643.3573872366187,643.3573872366188,210.11580980245978,0.0,0.0
41.45842871755266,100000000.0,652.0771018042566,652.0771018042567,218.83552437009757,0.0,0.0
41.45842871755266,100000000.0,652.6920931247727,652.6920931247726,219.45051569061334,0.0,0.0
41.45842871755266,100000000.0,652.9856241574657,652.985624157466,219.74404672330675,0.0,0.0
41.45842871755266,100000000.0,654.0718390153874,654.0718390153871,220.83026158122829,0.0,0.0
41.45842871755266,100000000.0,654.5365382739797,654.5365382739798,221.29496083982065,0.0,0.0
41.45842871755266,100000000.0,656.5781989339839,656.5781989339841,223.33662149982487,0.0,0.0
41.45842871755266,100000000.0,657.0750805145218,657.0750805145218,223.83350308036265,0.0,0.0
41.45842871755266,100000000.0,657.3951641012,657.3951641012,224.15358666704086,0.0,0.0
41.45842871755266,100000000.0,657.4973872029827,657.4973872029827,224.25580976882372,0.0,0.0
41.45842871755266,100000000.0,658.0101086410629,658.0101086410629,224.76853120690376,0.0,0.0
41.45842871755266,100000000.0,658.2721803191945,658.2721803191946,225.03060288503536,0.0,0.0
41.45842871755266,100000000.0,658.3851449297189,658.3851449297189,225.1435674955599,0.0,0.0
41.45842871755266,100000000.0,659.3693015168996,659.3693015168992,226.12772408274037,0.0,0.0
41.45842871755266,100000000.0,659.6207388993984,659.6207388993986,226.3791614652393,0.0,0.0
41.45842871755266,100000000.0,660.0782187401489,660.078218740149,226.83664130598999,0.0,0.0
41.45842871755266,100000000.0,660.3339322366751,660.3339322366751,227.09235480251604,0.0,0.0
41.45842871755266,100000000.0,660.7232313725906,660.7232313725905,227.48165393843144,0.0,0.0
41.45842871755266,100000000.0,661.0856781839917,661.0856781839917,227.84410074983268,0.0,0.0
41.45842871755266,100000000.0,661.2901769083621,661.2901769083622,228.0485994742031,0.0,0.0
41.45842871755266,100000000.0,661.7455128988888,661.7455128988889,228.50393546472975,0.0,0.0
41.45842871755266,100000000.0,662.0964646906588,662.096464690659,228.85488725649978,0.0,0.0
41.45842871755266,100000000.0,662.2653323190541,662.2653323190539,229.023754884895,0.0,0.0
41.45842871755266,100000000.0,662.3204735964779,662.3204735964778,229.0788961623187,0.0,0.0
41.45842871755266,100000000.0,662.4344428129187,662.4344428129189,229.1928653787597,0.0,0.0
41.45842871755266,100000000.0,662.4801519038379,662.480151903838,229.23857446967884,0.0,0.0
41.45842871755266,100000000.0,662.4816808984398,662.4816808984397,229.24010346428076,0.0,0.0
41.45842871755266,100000000.0,662.7415390470693,662.7415390470693,229.4999616129102,0.0,0.0
41.45842871755266,100000000.0,662.8239021505074,662.8239021505074,229.58232471634835,0.0,0.0
41.45842871755266,100000000.0,662.9299534754857,662.9299534754857,229.68837604132656,0.0,0.0
41.45842871755266,100000000.0,663.0170192830927,663.0170192830928,229.77544184893358,0.0,0.0
41.45842871755266,100000000.0,663.0240609881126,663.0240609881125,229.78248355395354,0.0,0.0
41.45842871755266,100000000.0,663.5846939341917,663.5846939341917,230.34311650003266,0.0,0.0
41.45842871755266,100000000.0,664.0102110881496,664.0102110881498,230.76863365399058,0.0,0.0
41.45842871755266,100000000.0,664.0231543364623,664.0231543364623,230.78157690230327,0.0,0.0
41.45842871755266,100000000.0,664.0933798345707,664.0933798345704,230.85180240041146,0.0,0.0
41.45842871755266,100000000.0,664.1802064628115,664.1802064628114,230.9386290286524,0.0,0.0
41.45842871755266,100000000.0,664.3132120619872,664.3132120619873,231.07163462782813,0.0,0.0
41.45842871755266,100000000.0,664.6050853962558,664.6050853962558,231.36350796209672,0.0,0.0
41.45842871755266,100000000.0,664.6679319709375,664.6679319709374,231.42635453677843,0.0,0.0
41.45842871755266,100000000.0,664.9183861026804,664.9183861026805,231.67680866852137,0.0,0.0
41.45842871755266,100000000.0,664.9870035629978,664.9870035629976,231.74542612883852,0.0,0.0
41.45842871755266,100000000.0,665.2471773532106,665.2471773532104,232.00559991905155,0.0,0.0
41.45842871755266,100000000.0,665.6049359232113,665.6049359232112,232.36335848905225,0.0,0.0
41.45842871755266,100000000.0,665.6656195235681,665.6656195235681,232.42404208940917,0.0,0.0
41.45842871755266,100000000.0,666.0436425477724,666.0436425477725,232.80206511361337,0.0,0.0
41.45842871755266,100000000.0,666.198759074434,666.1987590744338,232.9571816402749,0.0,0.0
41.45842871755266,100000000.0,666.4795315110421,666.4795315110418,233.23795407688297,0.0,0.0
41.45842871755266,100000000.0,666.5646056974194,666.5646056974194,233.32302826326048,0.0,0.0
41.45842871755266,100000000.0,667.0685449264549,667.0685449264553,233.82696749229606,0.0,0.0
41.45842871755266,100000000.0,667.1960592690176,667.1960592690177,233.95448183485865,0.0,0.0
41.45842871755266,100000000.0,667.4360480661409,667.436048066141,234.19447063198186,0.0,0.0
41.45842871755266,100000000.0,667.5268732491809,667.5268732491808,234.2852958150217,0.0,0.0
41.45842871755266,100000000.0,667.5828132193694,667.5828132193694,234.3412357852104,0.0,0.0
41.45842871755266,100000000.0,667.8625603754119,667.8625603754118,234.62098294125286,0.0,0.0
41.45842871755266,100000000.0,668.0809434324636,668.0809434324638,234.83936599830477,0.0,0.0
41.45842871755266,100000000.0,668.3005034239457,668.3005034239457,235.05892598978664,0.0,0.0
41.45842871755266,100000000.0,668.773210238646,668.7732102386461,235.53163280448706,0.0,0.0
41.45842871755266,100000000.0,668.774116099777,668.7741160997768,235.5325386656178,0.0,0.0
41.45842871755266,100000000.0,669.0722011797158,669.0722011797159,235.83062374555672,0.0,0.0
41.45842871755266,100000000.0,669.110341815986,669.1103418159859,235.8687643818268,0.0,0.0
41.45842871755266,100000000.0,669.2776040027994,669.2776040027995,236.03602656864058,0.0,0.0
41.45842871755266,100000000.0,669.337133708609,669.3371337086091,236.09555627445002,0.0,0.0
41.45842871755266,100000000.0,669.3462171664539,669.346217166454,236.10463973229488,0.0,0.0
41.45842871755266,100000000.0,669.5005789327429,669.5005789327428,236.25900149858376,0.0,0.0
41.45842871755266,100000000.0,669.7519093196063,669.7519093196063,236.51033188544713,0.0,0.0
41.45842871755266,100000000.0,670.0248745238555,670.0248745238554,236.78329708969642,0.0,0.0
41.45842871755266,100000000.0,670.0701870246122,670.0701870246121,236.8286095904531,0.0,0.0
41.45842871755266,100000000.0,670.1653918996121,670.1653918996122,236.92381446545306,0.0,0.0
41.45842871755266,100000000.0,670.2889930007839,670.2889930007839,237.0474155666249,0.0,0.0
41.45842871755266,100000000.0,670.3511733180843,670.3511733180845,237.10959588392538,0.0,0.0
41.45842871755266,100000000.0,670.4157401488359,670.415740148836,237.1741627146768,0.0,0.0
41.45842871755266,100000000.0,670.5608119454754,670.5608119454754,237.31923451131638,0.0,0.0
41.45842871755266,100000000.0,670.5705984968893,670.5705984968893,237.32902106273016,0.0,0.0
41.45842871755266,100000000.0,670.612766256591,670.6127662565909,237.3711888224319,0.0,0.0
41.45842871755266,100000000.0,671.5181781368381,671.518178136838,238.27660070267893,0.0,0.0
41.45842871755266,100000000.0,671.5590111927633,671.5590111927634,238.31743375860432,0.0,0.0
41.45842871755266,100000000.0,671.6811995664426,671.6811995664425,238.43962213228343,0.0,0.0
41.45842871755266,100000000.0,671.6857697100802,671.6857697100803,238.44419227592115,0.0,0.0
41.45842871755266,100000000.0,672.0473431860585,672.0473431860585,238.80576575189943,0.0,0.0
41.45842871755266,100000000.0,672.3047688628728,672.3047688628727,239.06319142871376,0.0,0.0
41.45842871755266,100000000.0,672.410374730188,672.4103747301881,239.168797296029,0.0,0.0
41.45842871755266,100000000.0,672.4929996967861,672.492999696786,239.251422262627,0.0,0.0
41.45842871755266,100000000.0,672.9179003937568,672.9179003937568,239.6763229595978,0.0,0.0
41.45842871755266,100000000.0,673.128934793578,673.1289347935781,239.88735735941913,0.0,0.0
41.45842871755266,100000000.0,673.2744290496015,673.2744290496015,240.03285161544238,0.0,0.0
41.45842871755266,100000000.0,673.3297260504553,673.3297260504554,240.0881486162963,0.0,0.0
41.45842871755266,100000000.0,673.5190554832063,673.5190554832062,240.27747804904735,0.0,0.0
41.45842871755266,100000000.0,673.7199796785758,673.7199796785758,240.47840224441674,0.0,0.0
41.45842871755266,100000000.0,673.8792315962204,673.8792315962204,240.63765416206138,0.0,0.0
41.45842871755266,100000000.0,674.0454845414234,674.0454845414234,240.80390710726437,0.0,0.0
41.45842871755266,100000000.0,674.2852309638578,674.2852309638579,241.0436535296989,0.0,0.0
41.45842871755266,100000000.0,674.2998589250162,674.2998589250161,241.05828149085713,0.0,0.0
41.45842871755266,100000000.0,674.5400359421118,674.5400359421119,241.2984585079527,0.0,0.0
41.45842871755266,100000000.0,675.0300104042044,675.0300104042043,241.78843297004528,0.0,0.0
41.45842871755266,100000000.0,675.2329584979084,675.2329584979084,241.99138106374934,0.0,0.0
41.45842871755266,100000000.0,675.2605458619406,675.2605458619406,242.01896842778163,0.0,0.0
41.45842871755266,100000000.0,675.2808832291856,675.2808832291859,242.0393057950266,0.0,0.0
41.45842871755266,100000000.0,675.4223422151376,675.4223422151376,242.18076478097862,0.0,0.0
41.45842871755266,100000000.0,675.5505433697307,675.5505433697307,242.30896593557176,0.0,0.0
41.45842871755266,100000000.0,675.7952840336395,675.7952840336395,242.5537065994804,0.0,0.0
41.45842871755266,100000000.0,675.8407252282016,675.8407252282017,242.59914779404247,0.0,0.0
41.45842871755266,100000000.0,676.0202826686952,676.0202826686952,242.77870523453618,0.0,0.0
41.45842871755266,100000000.0,676.0239482023057,676.0239482023057,242.78237076814668,0.0,0.0
41.45842871755266,100000000.0,676.2771293250543,676.2771293250541,243.03555189089516,0.0,0.0
41.45842871755266,100000000.0,676.6983720757955,676.6983720757954,243.45679464163638,0.0,0.0
41.45842871755266,100000000.0,677.2786768699578,677.2786768699577,244.03709943579875,0.0,0.0
41.45842871755266,100000000.0,677.7244835401325,677.7244835401325,244.4829061059734,0.0,0.0
41.45842871755266,100000000.0,678.2428277081208,678.2428277081206,245.00125027396174,0.0,0.0
41.45842871755266,100000000.0,678.5981056739204,678.5981056739204,245.3565282397613,0.0,0.0
41.45842871755266,100000000.0,678.6730519306244,678.6730519306244,245.4314744964653,0.0,0.0
41.45842871755266,100000000.0,679.23250581133,679.2325058113299,245.99092837717095,0.0,0.0
41.45842871755266,100000000.0,680.1315587585925,680.1315587585923,246.8899813244334,0.0,0.0
41.45842871755266,100000000.0,680.4314561706967,680.4314561706968,247.18987873653774,0.0,0.0
41.45842871755266,100000000.0,680.508032760712,680.508032760712,247.26645532655286,0.0,0.0
41.45842871755266,100000000.0,680.705640136953,680.705640136953,247.46406270279408,0.0,0.0
41.45842871755266,100000000.0,681.2108073897036,681.2108073897039,247.96922995554476,0.0,0.0
41.45842871755266,100000000.0,682.1763490432952,682.1763490432951,248.93477160913605,0.0,0.0
41.45842871755266,100000000.0,682.3006327087849,682.3006327087851,249.05905527462593,0.0,0.0
41.45842871755266,100000000.0,682.6395775312925,682.6395775312923,249.39800009713323,0.0,0.0
41.45842871755266,100000000.0,682.8354853161303,682.8354853161303,249.59390788197115,0.0,0.0
41.45842871755266,100000000.0,683.3901501008285,683.3901501008285,250.14857266666934,0.0,0.0
41.45842871755266,100000000.0,683.4109671020952,683.4109671020954,250.16938966793617,0.0,0.0
41.45842871755266,100000000.0,683.4629348011354,683.4629348011352,250.22135736697624,0.0,0.0
41.45842871755266,100000000.0,683.9404090032435,683.9404090032434,250.69883156908443,0.0,0.0
41.45842871755266,100000000.0,684.5631074016839,684.5631074016839,251.3215299675247,0.0,0.0
41.45842871755266,100000000.0,684.881928109897,684.881928109897,251.64035067573798,0.0,0.0
41.45842871755266,100000000.0,685.021960010853,685.0219600108529,251.78038257669394,0.0,0.0
41.577905457372694,100000000.0,645.7078239574855,645.7078239574854,212.46624652332636,0.0,0.0
41.577905457372694,100000000.0,647.2090276951322,647.2090276951322,213.96745026097324,0.0,0.0
41.577905457372694,100000000.0,648.4676351438551,648.4676351438551,215.22605770969605,0.0,0.0
41.577905457372694,100000000.0,649.5170992862322,649.5170992862322,216.27552185207315,0.0,0.0
41.577905457372694,100000000.0,651.2006464336038,651.2006464336038,217.9590689994447,0.0,0.0
41.577905457372694,100000000.0,653.8789440195137,653.8789440195139,220.63736658535478,0.0,0.0
41.577905457372694,100000000.0,654.2522709251357,654.2522709251357,221.01069349097645,0.0,0.0
41.577905457372694,100000000.0,656.5871418729477,656.5871418729478,223.34556443878884,0.0,0.0
41.577905457372694,100000000.0,656.7814630883596,656.7814630883596,223.53988565420048,0.0,0.0
41.577905457372694,100000000.0,657.4388929489488,657.438892948949,224.1973155147899,0.0,0.0
41.577905457372694,100000000.0,657.9067455801853,657.9067455801853,224.66516814602616,0.0,0.0
41.577905457372694,100000000.0,658.9023762928038,658.9023762928035,225.66079885864463,0.0,0.0
41.577905457372694,100000000.0,660.5525109794168,660.5525109794168,227.31093354525783,0.0,0.0
41.577905457372694,100000000.0,660.9700385382042,660.9700385382042,227.7284611040453,0.0,0.0
41.577905457372694,100000000.0,661.8558651871011,661.8558651871014,228.61428775294223,0.0,0.0
41.577905457372694,100000000.0,662.2819349791572,662.2819349791572,229.0403575449981,0.0,0.0
41.577905457372694,100000000.0,663.9812733404664,663.9812733404664,230.7396959063074,0.0,0.0
41.577905457372694,100000000.0,664.1940769186837,664.1940769186835,230.95249948452468,0.0,0.0
41.577905457372694,100000000.0,664.4157602248843,664.4157602248844,231.17418279072535,0.0,0.0
41.577905457372694,100000000.0,665.0469714055704,665.0469714055706,231.8053939714114,0.0,0.0
41.577905457372694,100000000.0,665.1023109750581,665.102310975058,231.86073354089902,0.0,0.0
41.577905457372694,100000000.0,665.5394024750469,665.5394024750469,232.2978250408877,0.0,0.0
41.577905457372694,100000000.0,665.846251129666,665.846251129666,232.60467369550693,0.0,0.0
41.577905457372694,100000000.0,666.0173619232595,666.0173619232594,232.77578448910018,0.0,0.0
41.577905457372694,100000000.0,666.7589153239587,666.7589153239586,233.51733788979953,0.0,0.0
41.577905457372694,100000000.0,666.8356306255359,666.8356306255357,233.5940531913767,0.0,0.0
41.577905457372694,100000000.0,667.1699686831452,667.1699686831453,233.92839124898615,0.0,0.0
41.577905457372694,100000000.0,667.6187106771397,667.6187106771395,234.37713324298042,0.0,0.0
41.577905457372694,100000000.0,668.6347216961101,668.63472169611,235.39314426195094,0.0,0.0
41.577905457372694,100000000.0,668.9178642965348,668.9178642965348,235.67628686237583,0.0,0.0
41.577905457372694,100000000.0,669.2539672693532,669.2539672693531,236.01238983519406,0.0,0.0
41.577905457372694,100000000.0,669.4271043346349,669.4271043346349,236.18552690047582,0.0,0.0
41.577905457372694,100000000.0,669.5955367399794,669.5955367399795,236.35395930582027,0.0,0.0
41.577905457372694,100000000.0,669.8141090010281,669.8141090010281,236.572531566869,0.0,0.0
41.577905457372694,100000000.0,669.8688568584271,669.8688568584271,236.62727942426793,0.0,0.0
41.577905457372694,100000000.0,670.0678839904896,670.0678839904896,236.82630655633054,0.0,0.0
41.577905457372694,100000000.0,670.2296292142023,670.2296292142024,236.9880517800432,0.0,0.0
41.577905457372694,100000000.0,670.3717267655384,670.3717267655383,237.13014933137927,0.0,0.0
41.577905457372694,100000000.0,670.676755344175,670.676755344175,237.43517791001594,0.0,0.0
41.577905457372694,100000000.0,671.7739679795415,671.7739679795416,238.53239054538247,0.0,0.0
41.577905457372694,100000000.0,671.9608514471349,671.9608514471349,238.71927401297583,0.0,0.0
41.577905457372694,100000000.0,672.06854722635,672.06854722635,238.82696979219085,0.0,0.0
41.577905457372694,100000000.0,672.0715471047448,672.0715471047448,238.8299696705858,0.0,0.0
41.577905457372694,100000000.0,672.1011683577369,672.101168357737,238.85959092357788,0.0,0.0
41.577905457372694,100000000.0,672.2119138490585,672.2119138490585,238.9703364148994,0.0,0.0
41.577905457372694,100000000.0,672.2723036052844,672.2723036052845,239.0307261711254,0.0,0.0
41.577905457372694,100000000.0,672.5883435242708,672.5883435242708,239.34676609011171,0.0,0.0
41.577905457372694,100000000.0,672.766560669799,672.7665606697989,239.5249832356399,0.0,0.0
41.577905457372694,100000000.0,672.9690446907698,672.9690446907698,239.72746725661062,0.0,0.0
41.577905457372694,100000000.0,673.3046149155567,673.3046149155566,240.06303748139763,0.0,0.0
41.577905457372694,100000000.0,673.311175241513,673.3111752415132,240.06959780735406,0.0,0.0
41.577905457372694,100000000.0,673.5061394368402,673.5061394368402,240.26456200268117,0.0,0.0
41.577905457372694,100000000.0,673.5179282087306,673.5179282087307,240.27635077457157,0.0,0.0
41.577905457372694,100000000.0,673.7305130565322,673.7305130565321,240.48893562237313,0.0,0.0
41.577905457372694,100000000.0,674.0384382528008,674.0384382528008,240.79686081864182,0.0,0.0
41.577905457372694,100000000.0,674.0792746844053,674.0792746844054,240.8376972502462,0.0,0.0
41.577905457372694,100000000.0,674.1595370303558,674.1595370303559,240.9179595961967,0.0,0.0
41.577905457372694,100000000.0,674.2750723486141,674.2750723486142,241.03349491445513,0.0,0.0
41.577905457372694,100000000.0,674.4136543543775,674.4136543543774,241.1720769202183,0.0,0.0
41.577905457372694,100000000.0,674.6832023783753,674.6832023783753,241.44162494421633,0.0,0.0
41.577905457372694,100000000.0,674.9901657660322,674.9901657660323,241.7485883318733,0.0,0.0
41.577905457372694,100000000.0,675.6470697735023,675.6470697735023,242.40549233934314,0.0,0.0
41.577905457372694,100000000.0,675.7321674930058,675.7321674930058,242.4905900588467,0.0,0.0
41.577905457372694,100000000.0,675.805491280858,675.8054912808583,242.5639138466992,0.0,0.0
41.577905457372694,100000000.0,675.9196479699935,675.9196479699937,242.67807053583448,0.0,0.0
41.577905457372694,100000000.0,676.1110300966516,676.1110300966516,242.8694526624926,0.0,0.0
41.577905457372694,100000000.0,676.465666456365,676.4656664563648,243.22408902220585,0.0,0.0
41.577905457372694,100000000.0,676.5460180617256,676.5460180617257,243.30444062756666,0.0,0.0
41.577905457372694,100000000.0,677.0984996144296,677.0984996144294,243.85692218027037,0.0,0.0
41.577905457372694,100000000.0,677.3020513708458,677.3020513708458,244.06047393668672,0.0,0.0
41.577905457372694,100000000.0,677.3612651095173,677.3612651095175,244.1196876753584,0.0,0.0
41.577905457372694,100000000.0,677.361577613191,677.3615776131913,244.12000017903213,0.0,0.0
41.577905457372694,100000000.0,677.3833392291338,677.3833392291338,244.14176179497468,0.0,0.0
41.577905457372694,100000000.0,677.4058690011569,677.4058690011569,244.16429156699786,0.0,0.0
41.577905457372694,100000000.0,677.6581781323731,677.6581781323732,244.4166006982142,0.0,0.0
41.577905457372694,100000000.0,677.6762282783735,677.6762282783736,244.43465084421453,0.0,0.0
41.577905457372694,100000000.0,677.7698373796333,677.7698373796333,244.5282599454743,0.0,0.0
41.577905457372694,100000000.0,677.8944097184224,677.8944097184223,244.65283228426338,0.0,0.0
41.577905457372694,100000000.0,678.098254055151,678.098254055151,244.8566766209919,0.0,0.0
41.577905457372694,100000000.0,678.3032858079833,678.3032858079835,245.06170837382433,0.0,0.0
41.577905457372694,100000000.0,678.3477990244382,678.3477990244386,245.1062215902794,0.0,0.0
41.577905457372694,100000000.0,678.3526893839392,678.3526893839392,245.11111194978,0.0,0.0
41.577905457372694,100000000.0,678.4802321542973,678.480232154297,245.2386547201382,0.0,0.0
41.577905457372694,100000000.0,678.5149559751113,678.5149559751114,245.27337854095242,0.0,0.0
41.577905457372694,100000000.0,678.8946269720548,678.8946269720547,245.65304953789575,0.0,0.0
41.577905457372694,100000000.0,678.9341874807853,678.9341874807856,245.6926100466265,0.0,0.0
41.577905457372694,100000000.0,679.7729886783237,679.7729886783237,246.53141124416473,0.0,0.0
41.577905457372694,100000000.0,679.8220957084425,679.8220957084425,246.58051827428332,0.0,0.0
41.577905457372694,100000000.0,680.4625657904858,680.4625657904858,247.22098835632679,0.0,0.0
41.577905457372694,100000000.0,680.590637926769,680.5906379267687,247.34906049260982,0.0,0.0
41.577905457372694,100000000.0,680.8780704788958,680.8780704788961,247.63649304473674,0.0,0.0
41.577905457372694,100000000.0,680.903037820838,680.903037820838,247.66146038667887,0.0,0.0
41.577905457372694,100000000.0,681.0002668391028,681.0002668391028,247.75868940494362,0.0,0.0
41.577905457372694,100000000.0,681.4125829190031,681.4125829190031,248.17100548484404,0.0,0.0
41.577905457372694,100000000.0,681.8207087080845,681.8207087080845,248.5791312739254,0.0,0.0
41.577905457372694,100000000.0,682.3019207831683,682.3019207831683,249.06034334900937,0.0,0.0
41.577905457372694,100000000.0,682.5317320010606,682.5317320010606,249.29015456690166,0.0,0.0
41.577905457372694,100000000.0,682.7085285598148,682.7085285598147,249.46695112565573,0.0,0.0
41.577905457372694,100000000.0,683.0981567140675,683.0981567140673,249.85657927990837,0.0,0.0
41.577905457372694,100000000.0,683.1689657276961,683.1689657276959,249.9273882935369,0.0,0.0
41.577905457372694,100000000.0,683.1757554481826,683.1757554481826,249.93417801402342,0.0,0.0
41.577905457372694,100000000.0,683.2276833498902,683.2276833498901,249.9861059157311,0.0,0.0
41.577905457372694,100000000.0,683.5572464283517,683.557246428352,250.31566899419286,0.0,0.0
41.577905457372694,100000000.0,683.7314525186442,683.7314525186442,250.48987508448516,0.0,0.0
41.577905457372694,100000000.0,684.2575394941473,684.2575394941473,251.01596205998814,0.0,0.0
41.577905457372694,100000000.0,684.5194258052117,684.5194258052115,251.27784837105256,0.0,0.0
41.577905457372694,100000000.0,684.5610186667262,684.5610186667262,251.3194412325671,0.0,0.0
41.577905457372694,100000000.0,684.6010369977848,684.6010369977846,251.3594595636257,0.0,0.0
41.577905457372694,100000000.0,684.6321744053599,684.6321744053598,251.3905969712009,0.0,0.0
41.577905457372694,100000000.0,685.7669399630367,685.7669399630367,252.5253625288776,0.0,0.0
41.577905457372694,100000000.0,685.9135585095429,685.9135585095431,252.671981075384,0.0,0.0
41.577905457372694,100000000.0,686.0383004736095,686.0383004736096,252.79672303945063,0.0,0.0
41.577905457372694,100000000.0,686.1418926686858,686.1418926686861,252.90031523452694,0.0,0.0
41.577905457372694,100000000.0,686.2479955781997,686.2479955781996,253.00641814404065,0.0,0.0
41.577905457372694,100000000.0,686.6660774347026,686.6660774347026,253.42450000054353,0.0,0.0
41.577905457372694,100000000.0,686.7044852589289,686.7044852589289,253.46290782476987,0.0,0.0
41.577905457372694,100000000.0,686.8517598132049,686.8517598132048,253.6101823790459,0.0,0.0
41.577905457372694,100000000.0,687.1250818864085,687.1250818864083,253.8835044522493,0.0,0.0
41.577905457372694,100000000.0,687.5224732655292,687.522473265529,254.28089583137015,0.0,0.0
41.577905457372694,100000000.0,687.6716704898558,687.671670489856,254.43009305569677,0.0,0.0
41.577905457372694,100000000.0,687.9915651322345,687.9915651322344,254.74998769807544,0.0,0.0
41.577905457372694,100000000.0,688.244795349218,688.244795349218,255.0032179150589,0.0,0.0
41.577905457372694,100000000.0,688.8276296203893,688.8276296203894,255.58605218623035,0.0,0.0
41.577905457372694,100000000.0,689.7463935002286,689.7463935002288,256.50481606606957,0.0,0.0
41.577905457372694,100000000.0,690.0753034894527,690.0753034894526,256.83372605529365,0.0,0.0
41.577905457372694,100000000.0,691.4630430646675,691.4630430646677,258.2214656305086,0.0,0.0
41.577905457372694,100000000.0,691.9814700772226,691.9814700772228,258.73989264306374,0.0,0.0
41.577905457372694,100000000.0,697.1161864229886,697.1161864229883,263.8746089888293,0.0,0.0
41.69738219719273,100000000.0,645.0308039605724,645.0308039605723,211.78922652641322,0.0,0.0
41.69738219719273,100000000.0,652.1976559278411,652.1976559278411,218.9560784936822,0.0,0.0
41.69738219719273,100000000.0,653.4136385415518,653.4136385415518,220.17206110739272,0.0,0.0
41.69738219719273,100000000.0,653.8056632516297,653.8056632516294,220.56408581747053,0.0,0.0
41.69738219719273,100000000.0,655.0157853671188,655.015785367119,221.7742079329597,0.0,0.0
41.69738219719273,100000000.0,656.3161056582645,656.3161056582644,223.0745282241054,0.0,0.0
41.69738219719273,100000000.0,659.0655129861442,659.0655129861442,225.82393555198504,0.0,0.0
41.69738219719273,100000000.0,659.1284134225399,659.12841342254,225.88683598838094,0.0,0.0
41.69738219719273,100000000.0,660.0709034625842,660.070903462584,226.82932602842516,0.0,0.0
41.69738219719273,100000000.0,660.1171359668346,660.1171359668346,226.8755585326756,0.0,0.0
41.69738219719273,100000000.0,660.4385266418236,660.4385266418237,227.19694920766463,0.0,0.0
41.69738219719273,100000000.0,660.8340792786454,660.8340792786454,227.5925018444864,0.0,0.0
41.69738219719273,100000000.0,660.9964646835045,660.9964646835043,227.75488724934536,0.0,0.0
41.69738219719273,100000000.0,661.2443794722128,661.2443794722129,228.00280203805391,0.0,0.0
41.69738219719273,100000000.0,661.5334000582193,661.5334000582193,228.29182262406025,0.0,0.0
41.69738219719273,100000000.0,661.5342956829542,661.5342956829539,228.29271824879507,0.0,0.0
41.69738219719273,100000000.0,661.7336448149055,661.7336448149052,228.49206738074628,0.0,0.0
41.69738219719273,100000000.0,662.7135612451664,662.7135612451665,229.47198381100745,0.0,0.0
41.69738219719273,100000000.0,662.7639537251566,662.7639537251567,229.52237629099764,0.0,0.0
41.69738219719273,100000000.0,662.8173863381709,662.8173863381711,229.57580890401184,0.0,0.0
41.69738219719273,100000000.0,662.8461530426557,662.8461530426556,229.6045756084967,0.0,0.0
41.69738219719273,100000000.0,663.3894173314711,663.3894173314711,230.1478398973121,0.0,0.0
41.69738219719273,100000000.0,663.3959406931833,663.3959406931833,230.1543632590242,0.0,0.0
41.69738219719273,100000000.0,663.9007655093521,663.9007655093521,230.6591880751931,0.0,0.0
41.69738219719273,100000000.0,664.098738687222,664.098738687222,230.857161253063,0.0,0.0
41.69738219719273,100000000.0,664.7246162897151,664.7246162897152,231.48303885555592,0.0,0.0
41.69738219719273,100000000.0,664.9105779076918,664.910577907692,231.6690004735329,0.0,0.0
41.69738219719273,100000000.0,665.164942691085,665.164942691085,231.92336525692593,0.0,0.0
41.69738219719273,100000000.0,665.1980391156101,665.1980391156101,231.956461681451,0.0,0.0
41.69738219719273,100000000.0,666.3345499892446,666.3345499892447,233.09297255508557,0.0,0.0
41.69738219719273,100000000.0,666.5969666377248,666.5969666377248,233.35538920356564,0.0,0.0
41.69738219719273,100000000.0,666.6119193555447,666.6119193555447,233.37034192138566,0.0,0.0
41.69738219719273,100000000.0,666.7240245590189,666.7240245590192,233.48244712485996,0.0,0.0
41.69738219719273,100000000.0,666.7647483425628,666.7647483425628,233.52317090840378,0.0,0.0
41.69738219719273,100000000.0,667.2102186423401,667.21021864234,233.96864120818108,0.0,0.0
41.69738219719273,100000000.0,667.2717577740948,667.2717577740948,234.03018033993587,0.0,0.0
41.69738219719273,100000000.0,667.3203563140236,667.3203563140238,234.0787788798646,0.0,0.0
41.69738219719273,100000000.0,667.4102050444322,667.4102050444322,234.16862761027312,0.0,0.0
41.69738219719273,100000000.0,667.7718489793647,667.7718489793646,234.5302715452055,0.0,0.0
41.69738219719273,100000000.0,668.0521623560189,668.0521623560188,234.81058492185977,0.0,0.0
41.69738219719273,100000000.0,668.1564289666105,668.1564289666106,234.9148515324515,0.0,0.0
41.69738219719273,100000000.0,668.460456030512,668.4604560305121,235.21887859635294,0.0,0.0
41.69738219719273,100000000.0,668.8089543553857,668.8089543553858,235.56737692122667,0.0,0.0
41.69738219719273,100000000.0,668.8386519384347,668.8386519384349,235.59707450427587,0.0,0.0
41.69738219719273,100000000.0,669.0349648981128,669.0349648981127,235.79338746395348,0.0,0.0
41.69738219719273,100000000.0,669.3960552714226,669.3960552714226,236.1544778372636,0.0,0.0
41.69738219719273,100000000.0,669.5729809942611,669.572980994261,236.33140356010207,0.0,0.0
41.69738219719273,100000000.0,669.6608591335156,669.6608591335154,236.41928169935633,0.0,0.0
41.69738219719273,100000000.0,669.71089138131,669.7108913813099,236.46931394715105,0.0,0.0
41.69738219719273,100000000.0,669.9323779371298,669.9323779371299,236.6908005029709,0.0,0.0
41.69738219719273,100000000.0,669.9701453623155,669.9701453623157,236.7285679281565,0.0,0.0
41.69738219719273,100000000.0,670.213062489504,670.213062489504,236.9714850553451,0.0,0.0
41.69738219719273,100000000.0,670.3392570426313,670.3392570426313,237.09767960847222,0.0,0.0
41.69738219719273,100000000.0,670.4848915228085,670.4848915228085,237.2433140886494,0.0,0.0
41.69738219719273,100000000.0,670.7867343895026,670.7867343895026,237.54515695534363,0.0,0.0
41.69738219719273,100000000.0,670.7984318025901,670.79843180259,237.55685436843106,0.0,0.0
41.69738219719273,100000000.0,671.2208328783553,671.2208328783553,237.9792554441963,0.0,0.0
41.69738219719273,100000000.0,671.7141059962789,671.7141059962788,238.47252856211972,0.0,0.0
41.69738219719273,100000000.0,671.9343287875939,671.9343287875937,238.6927513534346,0.0,0.0
41.69738219719273,100000000.0,672.1049865013358,672.1049865013358,238.86340906717678,0.0,0.0
41.69738219719273,100000000.0,672.2813777978555,672.2813777978554,239.0398003636965,0.0,0.0
41.69738219719273,100000000.0,672.8458681102062,672.8458681102061,239.60429067604701,0.0,0.0
41.69738219719273,100000000.0,673.4539172743989,673.4539172743988,240.2123398402398,0.0,0.0
41.69738219719273,100000000.0,673.5624762484815,673.5624762484815,240.3208988143225,0.0,0.0
41.69738219719273,100000000.0,673.6797790034584,673.6797790034583,240.4382015692993,0.0,0.0
41.69738219719273,100000000.0,673.9359525414458,673.9359525414461,240.69437510728707,0.0,0.0
41.69738219719273,100000000.0,673.96893157793,673.9689315779301,240.7273541437712,0.0,0.0
41.69738219719273,100000000.0,674.2380399870386,674.2380399870386,240.99646255287962,0.0,0.0
41.69738219719273,100000000.0,674.7995360900472,674.7995360900472,241.5579586558883,0.0,0.0
41.69738219719273,100000000.0,675.1036899065406,675.1036899065404,241.86211247238137,0.0,0.0
41.69738219719273,100000000.0,675.2149951348373,675.214995134837,241.9734177006781,0.0,0.0
41.69738219719273,100000000.0,675.4687722421945,675.4687722421945,242.22719480803542,0.0,0.0
41.69738219719273,100000000.0,675.6406838264517,675.6406838264517,242.39910639229254,0.0,0.0
41.69738219719273,100000000.0,675.788123512927,675.7881235129271,242.54654607876805,0.0,0.0
41.69738219719273,100000000.0,675.8945115455299,675.8945115455297,242.6529341113708,0.0,0.0
41.69738219719273,100000000.0,675.9037450711734,675.9037450711736,242.6621676370144,0.0,0.0
41.69738219719273,100000000.0,676.0705749475057,676.0705749475057,242.8289975133466,0.0,0.0
41.69738219719273,100000000.0,676.2682928121792,676.2682928121791,243.02671537802019,0.0,0.0
41.69738219719273,100000000.0,676.5101338551895,676.5101338551896,243.26855642103052,0.0,0.0
41.69738219719273,100000000.0,676.8135760765534,676.8135760765534,243.57199864239442,0.0,0.0
41.69738219719273,100000000.0,677.0436751622675,677.0436751622675,243.8020977281085,0.0,0.0
41.69738219719273,100000000.0,677.1788191887911,677.1788191887911,243.93724175463197,0.0,0.0
41.69738219719273,100000000.0,677.526070057567,677.5260700575669,244.28449262340794,0.0,0.0
41.69738219719273,100000000.0,677.5436868449948,677.5436868449948,244.3021094108357,0.0,0.0
41.69738219719273,100000000.0,677.5551102199449,677.5551102199449,244.31353278578587,0.0,0.0
41.69738219719273,100000000.0,677.7158410050647,677.7158410050646,244.47426357090546,0.0,0.0
41.69738219719273,100000000.0,677.824809066014,677.8248090660138,244.5832316318549,0.0,0.0
41.69738219719273,100000000.0,677.9050773177498,677.9050773177498,244.66349988359073,0.0,0.0
41.69738219719273,100000000.0,678.140662603247,678.140662603247,244.89908516908798,0.0,0.0
41.69738219719273,100000000.0,678.2907350198589,678.290735019859,245.04915758569982,0.0,0.0
41.69738219719273,100000000.0,678.4517320073289,678.4517320073287,245.21015457316975,0.0,0.0
41.69738219719273,100000000.0,678.515814062855,678.5158140628547,245.27423662869577,0.0,0.0
41.69738219719273,100000000.0,678.537781477583,678.5377814775832,245.2962040434241,0.0,0.0
41.69738219719273,100000000.0,678.9944077733047,678.9944077733047,245.75283033914562,0.0,0.0
41.69738219719273,100000000.0,679.1402666257233,679.1402666257231,245.8986891915641,0.0,0.0
41.69738219719273,100000000.0,679.4970060614056,679.4970060614055,246.25542862724657,0.0,0.0
41.69738219719273,100000000.0,679.7941535506362,679.7941535506363,246.55257611647724,0.0,0.0
41.69738219719273,100000000.0,679.874957663643,679.874957663643,246.63338022948398,0.0,0.0
41.69738219719273,100000000.0,679.9102286809017,679.9102286809017,246.66865124674254,0.0,0.0
41.69738219719273,100000000.0,680.126271297202,680.126271297202,246.88469386304303,0.0,0.0
41.69738219719273,100000000.0,680.1693810707347,680.169381070735,246.92780363657576,0.0,0.0
41.69738219719273,100000000.0,680.2506807901782,680.2506807901782,247.00910335601918,0.0,0.0
41.69738219719273,100000000.0,680.2660215240325,680.2660215240323,247.02444408987333,0.0,0.0
41.69738219719273,100000000.0,680.3965372035476,680.3965372035477,247.1549597693886,0.0,0.0
41.69738219719273,100000000.0,680.4753001727871,680.4753001727871,247.23372273862816,0.0,0.0
41.69738219719273,100000000.0,680.5381303178137,680.5381303178135,247.29655288365456,0.0,0.0
41.69738219719273,100000000.0,680.5479408319329,680.5479408319329,247.30636339777394,0.0,0.0
41.69738219719273,100000000.0,680.8034720892017,680.8034720892015,247.5618946550425,0.0,0.0
41.69738219719273,100000000.0,680.8985637193925,680.8985637193925,247.6569862852336,0.0,0.0
41.69738219719273,100000000.0,681.0554082129431,681.055408212943,247.81383077878388,0.0,0.0
41.69738219719273,100000000.0,681.0774673800216,681.0774673800215,247.83588994586262,0.0,0.0
41.69738219719273,100000000.0,681.0962207160838,681.0962207160838,247.85464328192484,0.0,0.0
41.69738219719273,100000000.0,681.1788024187192,681.1788024187192,247.93722498456012,0.0,0.0
41.69738219719273,100000000.0,681.8517672599833,681.8517672599835,248.61018982582436,0.0,0.0
41.69738219719273,100000000.0,681.9343708367751,681.9343708367752,248.69279340261608,0.0,0.0
41.69738219719273,100000000.0,682.0397292603127,682.0397292603127,248.79815182615368,0.0,0.0
41.69738219719273,100000000.0,682.1366272604645,682.1366272604645,248.89504982630532,0.0,0.0
41.69738219719273,100000000.0,682.2935292814676,682.2935292814676,249.05195184730857,0.0,0.0
41.69738219719273,100000000.0,683.2402445642969,683.2402445642967,249.9986671301378,0.0,0.0
41.69738219719273,100000000.0,683.6286951993895,683.6286951993897,250.38711776523053,0.0,0.0
41.69738219719273,100000000.0,685.2903135175308,685.2903135175309,252.04873608337186,0.0,0.0
41.69738219719273,100000000.0,685.4674181332051,685.4674181332052,252.22584069904605,0.0,0.0
41.69738219719273,100000000.0,685.6992843600447,685.6992843600445,252.45770692588556,0.0,0.0
41.69738219719273,100000000.0,685.7410335376518,685.7410335376519,252.49945610349263,0.0,0.0
41.69738219719273,100000000.0,686.1274280008583,686.1274280008587,252.88585056669945,0.0,0.0
41.69738219719273,100000000.0,686.7695108216321,686.7695108216324,253.52793338747315,0.0,0.0
41.69738219719273,100000000.0,687.0667915928844,687.0667915928844,253.82521415872534,0.0,0.0
41.69738219719273,100000000.0,687.3258024105417,687.3258024105418,254.0842249763826,0.0,0.0
41.81685893701277,100000000.0,660.5140408261975,660.5140408261974,227.27246339203845,0.0,0.0
41.81685893701277,100000000.0,660.8041683121508,660.8041683121506,227.56259087799162,0.0,0.0
41.81685893701277,100000000.0,661.4101849609843,661.4101849609845,228.16860752682518,0.0,0.0
41.81685893701277,100000000.0,661.626392795033,661.626392795033,228.38481536087394,0.0,0.0
41.81685893701277,100000000.0,662.8735497045199,662.87354970452,229.63197227036088,0.0,0.0
41.81685893701277,100000000.0,663.7064552596762,663.7064552596764,230.46487782551728,0.0,0.0
41.81685893701277,100000000.0,664.6867888248703,664.6867888248702,231.44521139071117,0.0,0.0
41.81685893701277,100000000.0,665.7990035011851,665.7990035011852,232.55742606702617,0.0,0.0
41.81685893701277,100000000.0,665.8077174350218,665.8077174350218,232.56614000086265,0.0,0.0
41.81685893701277,100000000.0,666.1710460106366,666.1710460106368,232.92946857647772,0.0,0.0
41.81685893701277,100000000.0,666.2397925786951,666.239792578695,232.99821514453592,0.0,0.0
41.81685893701277,100000000.0,666.65145170758,666.65145170758,233.40987427342097,0.0,0.0
41.81685893701277,100000000.0,667.0823096441899,667.0823096441898,233.84073221003078,0.0,0.0
41.81685893701277,100000000.0,667.2784965251772,667.2784965251772,234.0369190910179,0.0,0.0
41.81685893701277,100000000.0,668.234750216883,668.234750216883,234.9931727827239,0.0,0.0
41.81685893701277,100000000.0,669.2878126933362,669.2878126933362,236.0462352591771,0.0,0.0
41.81685893701277,100000000.0,669.5782065694535,669.5782065694535,236.3366291352945,0.0,0.0
41.81685893701277,100000000.0,670.1727386562585,670.1727386562586,236.93116122209955,0.0,0.0
41.81685893701277,100000000.0,670.5435429877056,670.5435429877056,237.30196555354652,0.0,0.0
41.81685893701277,100000000.0,670.612193776711,670.6121937767111,237.370616342552,0.0,0.0
41.81685893701277,100000000.0,670.6644965930617,670.6644965930617,237.42291915890254,0.0,0.0
41.81685893701277,100000000.0,670.7295046320728,670.7295046320728,237.4879271979137,0.0,0.0
41.81685893701277,100000000.0,671.0157847360431,671.0157847360431,237.77420730188396,0.0,0.0
41.81685893701277,100000000.0,671.1562025314555,671.1562025314556,237.91462509729658,0.0,0.0
41.81685893701277,100000000.0,671.1585088149802,671.1585088149802,237.91693138082107,0.0,0.0
41.81685893701277,100000000.0,671.285937001604,671.285937001604,238.04435956744496,0.0,0.0
41.81685893701277,100000000.0,671.4713897426083,671.4713897426083,238.22981230844923,0.0,0.0
41.81685893701277,100000000.0,671.6630834449253,671.6630834449253,238.42150601076628,0.0,0.0
41.81685893701277,100000000.0,671.6752626153323,671.6752626153324,238.4336851811732,0.0,0.0
41.81685893701277,100000000.0,671.8994317699916,671.8994317699917,238.65785433583255,0.0,0.0
41.81685893701277,100000000.0,671.9063497671438,671.9063497671436,238.6647723329846,0.0,0.0
41.81685893701277,100000000.0,672.1313159131975,672.1313159131975,238.88973847903836,0.0,0.0
41.81685893701277,100000000.0,672.270946986698,672.2709469866983,239.029369552539,0.0,0.0
41.81685893701277,100000000.0,672.336345776899,672.336345776899,239.09476834273994,0.0,0.0
41.81685893701277,100000000.0,672.6401440749826,672.6401440749826,239.39856664082356,0.0,0.0
41.81685893701277,100000000.0,672.7356536152696,672.7356536152695,239.49407618111056,0.0,0.0
41.81685893701277,100000000.0,672.7774352837993,672.7774352837993,239.53585784964017,0.0,0.0
41.81685893701277,100000000.0,673.2145457566392,673.214545756639,239.9729683224801,0.0,0.0
41.81685893701277,100000000.0,673.7830286387313,673.7830286387314,240.5414512045724,0.0,0.0
41.81685893701277,100000000.0,674.0576757932181,674.0576757932182,240.816098359059,0.0,0.0
41.81685893701277,100000000.0,674.0784300159694,674.0784300159694,240.8368525818104,0.0,0.0
41.81685893701277,100000000.0,674.234368447146,674.234368447146,240.99279101298703,0.0,0.0
41.81685893701277,100000000.0,674.2695269124388,674.2695269124388,241.02794947827974,0.0,0.0
41.81685893701277,100000000.0,674.2998866524757,674.2998866524757,241.05830921831677,0.0,0.0
41.81685893701277,100000000.0,674.5220603635782,674.5220603635784,241.28048292941926,0.0,0.0
41.81685893701277,100000000.0,674.8293148544942,674.8293148544942,241.58773742033515,0.0,0.0
41.81685893701277,100000000.0,674.9649307013897,674.9649307013899,241.72335326723066,0.0,0.0
41.81685893701277,100000000.0,675.4375748870151,675.4375748870151,242.195997452856,0.0,0.0
41.81685893701277,100000000.0,676.0592784300479,676.0592784300479,242.81770099588894,0.0,0.0
41.81685893701277,100000000.0,676.2453906868109,676.2453906868109,243.00381325265184,0.0,0.0
41.81685893701277,100000000.0,676.8061806489462,676.8061806489465,243.5646032147873,0.0,0.0
41.81685893701277,100000000.0,676.985541231768,676.9855412317679,243.74396379760904,0.0,0.0
41.81685893701277,100000000.0,677.3295164797454,677.329516479745,244.08793904558607,0.0,0.0
41.81685893701277,100000000.0,677.3758474533861,677.3758474533861,244.13427001922693,0.0,0.0
41.81685893701277,100000000.0,677.5860262920577,677.5860262920576,244.34444885789867,0.0,0.0
41.81685893701277,100000000.0,677.9924724275841,677.992472427584,244.75089499342482,0.0,0.0
41.81685893701277,100000000.0,678.2037679914538,678.2037679914536,244.96219055729475,0.0,0.0
41.81685893701277,100000000.0,678.2312559715206,678.2312559715205,244.98967853736158,0.0,0.0
41.81685893701277,100000000.0,678.4529462243884,678.4529462243884,245.21136879022927,0.0,0.0
41.81685893701277,100000000.0,678.4773702568156,678.4773702568156,245.23579282265655,0.0,0.0
41.81685893701277,100000000.0,678.8914541011941,678.8914541011939,245.64987666703502,0.0,0.0
41.81685893701277,100000000.0,679.0520035306804,679.0520035306804,245.81042609652144,0.0,0.0
41.81685893701277,100000000.0,679.1027803207611,679.1027803207611,245.861202886602,0.0,0.0
41.81685893701277,100000000.0,679.1977669662176,679.1977669662175,245.95618953205854,0.0,0.0
41.81685893701277,100000000.0,679.2210170126868,679.2210170126868,245.97943957852775,0.0,0.0
41.81685893701277,100000000.0,679.3016548086334,679.3016548086333,246.06007737447422,0.0,0.0
41.81685893701277,100000000.0,679.4123926973829,679.4123926973829,246.17081526322377,0.0,0.0
41.81685893701277,100000000.0,679.4736928750925,679.4736928750924,246.23211544093343,0.0,0.0
41.81685893701277,100000000.0,679.5742008678296,679.5742008678296,246.33262343367053,0.0,0.0
41.81685893701277,100000000.0,679.8834025734756,679.8834025734758,246.64182513931647,0.0,0.0
41.81685893701277,100000000.0,680.2248674593588,680.2248674593587,246.98329002519978,0.0,0.0
41.81685893701277,100000000.0,680.3162505312561,680.3162505312562,247.074673097097,0.0,0.0
41.81685893701277,100000000.0,680.3766830449518,680.3766830449517,247.1351056107926,0.0,0.0
41.81685893701277,100000000.0,681.2835380176147,681.2835380176148,248.04196058345568,0.0,0.0
41.81685893701277,100000000.0,681.4571585215915,681.4571585215914,248.21558108743247,0.0,0.0
41.81685893701277,100000000.0,681.6320633679101,681.6320633679098,248.3904859337508,0.0,0.0
41.81685893701277,100000000.0,681.8213776166765,681.8213776166763,248.57980018251746,0.0,0.0
41.81685893701277,100000000.0,681.8306664445674,681.8306664445678,248.58908901040854,0.0,0.0
41.81685893701277,100000000.0,681.8373549783952,681.8373549783952,248.59577754423614,0.0,0.0
41.81685893701277,100000000.0,682.2469010923957,682.2469010923958,249.00532365823665,0.0,0.0
41.81685893701277,100000000.0,682.3629595282355,682.3629595282356,249.12138209407658,0.0,0.0
41.81685893701277,100000000.0,683.1285277437685,683.1285277437685,249.88695030960955,0.0,0.0
41.81685893701277,100000000.0,683.3938229363656,683.3938229363656,250.1522455022064,0.0,0.0
41.81685893701277,100000000.0,683.5933703736575,683.5933703736574,250.35179293949835,0.0,0.0
41.81685893701277,100000000.0,683.6346319473655,683.6346319473654,250.39305451320635,0.0,0.0
41.81685893701277,100000000.0,683.9001438080913,683.9001438080916,250.65856637393244,0.0,0.0
41.81685893701277,100000000.0,684.0261463708545,684.0261463708545,250.78456893669542,0.0,0.0
41.81685893701277,100000000.0,684.3900541057691,684.390054105769,251.14847667160996,0.0,0.0
41.81685893701277,100000000.0,684.8459170113554,684.8459170113554,251.60433957719633,0.0,0.0
41.81685893701277,100000000.0,684.8633233763395,684.8633233763396,251.6217459421805,0.0,0.0
41.81685893701277,100000000.0,684.8774556357703,684.8774556357702,251.6358782016111,0.0,0.0
41.81685893701277,100000000.0,685.4841260958555,685.4841260958555,252.24254866169645,0.0,0.0
41.81685893701277,100000000.0,685.8573698181476,685.8573698181475,252.6157923839884,0.0,0.0
41.81685893701277,100000000.0,685.9656120473298,685.96561204733,252.7240346131709,0.0,0.0
41.81685893701277,100000000.0,686.0712946143504,686.0712946143502,252.82971718019127,0.0,0.0
41.81685893701277,100000000.0,686.1007460302731,686.1007460302728,252.85916859611382,0.0,0.0
41.81685893701277,100000000.0,686.1796003923341,686.1796003923341,252.9380229581752,0.0,0.0
41.81685893701277,100000000.0,686.2112099406542,686.2112099406542,252.9696325064951,0.0,0.0
41.81685893701277,100000000.0,686.2896284325454,686.2896284325452,253.04805099838632,0.0,0.0
41.81685893701277,100000000.0,686.3831710660944,686.3831710660945,253.14159363193528,0.0,0.0
41.81685893701277,100000000.0,686.696915231277,686.696915231277,253.45533779711792,0.0,0.0
41.81685893701277,100000000.0,686.90151053127,686.90151053127,253.6599330971109,0.0,0.0
41.81685893701277,100000000.0,687.1361002364188,687.1361002364189,253.8945228022599,0.0,0.0
41.81685893701277,100000000.0,687.8093293186506,687.8093293186505,254.56775188449149,0.0,0.0
41.81685893701277,100000000.0,688.5023605084646,688.5023605084647,255.26078307430558,0.0,0.0
41.81685893701277,100000000.0,689.0641038648623,689.0641038648624,255.8225264307033,0.0,0.0
41.81685893701277,100000000.0,689.26776479422,689.26776479422,256.02618736006093,0.0,0.0
41.81685893701277,100000000.0,689.3801389159293,689.3801389159295,256.13856148177035,0.0,0.0
41.81685893701277,100000000.0,689.6102191608602,689.6102191608602,256.3686417267011,0.0,0.0
41.81685893701277,100000000.0,690.221376872408,690.2213768724079,256.9797994382488,0.0,0.0
41.81685893701277,100000000.0,690.6888227377304,690.6888227377303,257.4472453035713,0.0,0.0
41.81685893701277,100000000.0,690.8839995754429,690.8839995754429,257.6424221412839,0.0,0.0
41.81685893701277,100000000.0,691.5754387949593,691.5754387949592,258.33386136080014,0.0,0.0
41.81685893701277,100000000.0,691.6063608421516,691.6063608421517,258.3647834079927,0.0,0.0
41.81685893701277,100000000.0,693.250768441326,693.2507684413262,260.00919100716715,0.0,0.0
41.81685893701277,100000000.0,693.2629534300655,693.2629534300655,260.0213759959065,0.0,0.0
41.81685893701277,100000000.0,694.1316042789047,694.1316042789047,260.89002684474565,0.0,0.0
41.81685893701277,100000000.0,694.1887439162512,694.1887439162512,260.9471664820922,0.0,0.0
41.81685893701277,100000000.0,696.4868153178861,696.4868153178861,263.2452378837271,0.0,0.0
41.81685893701277,100000000.0,697.334447181742,697.3344471817421,264.09286974758294,0.0,0.0
41.81685893701277,100000000.0,697.6670103009556,697.6670103009553,264.42543286679637,0.0,0.0
41.81685893701277,100000000.0,698.0172209950952,698.0172209950952,264.7756435609361,0.0,0.0
41.81685893701277,100000000.0,698.0184143523221,698.0184143523219,264.7768369181629,0.0,0.0
41.81685893701277,100000000.0,698.1371868086662,698.1371868086662,264.8956093745071,0.0,0.0
41.81685893701277,100000000.0,698.3885035573645,698.3885035573646,265.14692612320556,0.0,0.0
41.81685893701277,100000000.0,699.451644782263,699.451644782263,266.2100673481039,0.0,0.0
41.81685893701277,100000000.0,699.9017043160198,699.9017043160198,266.66012688186083,0.0,0.0
41.81685893701277,100000000.0,699.9415221032523,699.9415221032522,266.69994466909316,0.0,0.0
41.9065533489073,100000000.0,648.5776257282695,648.5776257282694,215.33604829411024,0.0,0.0
41.9065533489073,100000000.0,661.949617874365,661.949617874365,228.708040440206,0.0,0.0
41.9065533489073,100000000.0,662.1716652181553,662.1716652181553,228.93008778399607,0.0,0.0
41.9065533489073,100000000.0,662.3661980927511,662.3661980927512,229.1246206585922,0.0,0.0
41.9065533489073,100000000.0,664.6424089559044,664.6424089559043,231.40083152174537,0.0,0.0
41.9065533489073,100000000.0,664.7976262883238,664.797626288324,231.55604885416486,0.0,0.0
41.9065533489073,100000000.0,667.334422793308,667.334422793308,234.09284535914904,0.0,0.0
41.9065533489073,100000000.0,667.7285191046433,667.7285191046432,234.48694167048413,0.0,0.0
41.9065533489073,100000000.0,668.0249941295574,668.0249941295574,234.78341669539824,0.0,0.0
41.9065533489073,100000000.0,668.3075761137153,668.3075761137153,235.06599867955632,0.0,0.0
41.9065533489073,100000000.0,668.3800049676362,668.3800049676364,235.13842753347728,0.0,0.0
41.9065533489073,100000000.0,668.4855909544044,668.4855909544044,235.2440135202454,0.0,0.0
41.9065533489073,100000000.0,669.2196595401413,669.2196595401415,235.97808210598228,0.0,0.0
41.9065533489073,100000000.0,669.2539170172134,669.2539170172134,236.01233958305454,0.0,0.0
41.9065533489073,100000000.0,669.4874128766602,669.4874128766603,236.24583544250117,0.0,0.0
41.9065533489073,100000000.0,670.310986917118,670.310986917118,237.06940948295886,0.0,0.0
41.9065533489073,100000000.0,671.2836418890536,671.2836418890535,238.04206445489436,0.0,0.0
41.9065533489073,100000000.0,671.3663752332013,671.3663752332016,238.12479779904228,0.0,0.0
41.9065533489073,100000000.0,671.7585793489079,671.7585793489079,238.51700191474885,0.0,0.0
41.9065533489073,100000000.0,672.3440129170898,672.3440129170899,239.10243548293076,0.0,0.0
41.9065533489073,100000000.0,672.4729265338505,672.4729265338503,239.23134909969147,0.0,0.0
41.9065533489073,100000000.0,672.8128031115026,672.8128031115027,239.5712256773436,0.0,0.0
41.9065533489073,100000000.0,673.2508212970599,673.2508212970598,240.00924386290092,0.0,0.0
41.9065533489073,100000000.0,673.2783915557334,673.2783915557336,240.03681412157448,0.0,0.0
41.9065533489073,100000000.0,673.6248558803233,673.6248558803233,240.38327844616424,0.0,0.0
41.9065533489073,100000000.0,673.9299774871731,673.929977487173,240.68840005301394,0.0,0.0
41.9065533489073,100000000.0,674.0558685853758,674.055868585376,240.81429115121688,0.0,0.0
41.9065533489073,100000000.0,674.2394071448191,674.239407144819,240.99782971066008,0.0,0.0
41.9065533489073,100000000.0,674.2412784835153,674.2412784835152,240.9997010493561,0.0,0.0
41.9065533489073,100000000.0,674.5199142103488,674.5199142103489,241.27833677618983,0.0,0.0
41.9065533489073,100000000.0,674.6234956053212,674.6234956053211,241.381918171162,0.0,0.0
41.9065533489073,100000000.0,674.7279491674977,674.7279491674977,241.48637173333876,0.0,0.0
41.9065533489073,100000000.0,674.8434731663848,674.8434731663846,241.60189573222564,0.0,0.0
41.9065533489073,100000000.0,675.519735830311,675.5197358303109,242.27815839615178,0.0,0.0
41.9065533489073,100000000.0,675.5644962468734,675.5644962468732,242.32291881271416,0.0,0.0
41.9065533489073,100000000.0,675.7942819662856,675.7942819662857,242.55270453212657,0.0,0.0
41.9065533489073,100000000.0,675.8415760541203,675.8415760541204,242.59999861996138,0.0,0.0
41.9065533489073,100000000.0,675.8432183425502,675.8432183425504,242.60164090839118,0.0,0.0
41.9065533489073,100000000.0,676.518268502507,676.5182685025071,243.27669106834807,0.0,0.0
41.9065533489073,100000000.0,676.6004190750668,676.6004190750668,243.35884164090783,0.0,0.0
41.9065533489073,100000000.0,676.7047779549149,676.7047779549149,243.46320052075586,0.0,0.0
41.9065533489073,100000000.0,676.8605825630341,676.8605825630339,243.6190051288749,0.0,0.0
41.9065533489073,100000000.0,676.9839197051544,676.9839197051544,243.74234227099547,0.0,0.0
41.9065533489073,100000000.0,677.1988187940211,677.1988187940212,243.95724135986222,0.0,0.0
41.9065533489073,100000000.0,677.2500374365562,677.2500374365563,244.00846000239724,0.0,0.0
41.9065533489073,100000000.0,677.2664911697268,677.2664911697269,244.02491373556788,0.0,0.0
41.9065533489073,100000000.0,677.3793019075204,677.3793019075204,244.13772447336143,0.0,0.0
41.9065533489073,100000000.0,677.7117106954187,677.7117106954186,244.47013326125958,0.0,0.0
41.9065533489073,100000000.0,677.7484024452061,677.7484024452062,244.50682501104708,0.0,0.0
41.9065533489073,100000000.0,677.8846843387943,677.8846843387943,244.64310690463523,0.0,0.0
41.9065533489073,100000000.0,677.9028031921194,677.9028031921193,244.6612257579604,0.0,0.0
41.9065533489073,100000000.0,678.0863809209585,678.0863809209585,244.84480348679946,0.0,0.0
41.9065533489073,100000000.0,678.1760869954825,678.1760869954823,244.93450956132324,0.0,0.0
41.9065533489073,100000000.0,678.2446202724786,678.2446202724786,245.00304283831954,0.0,0.0
41.9065533489073,100000000.0,678.3503450486177,678.3503450486176,245.1087676144585,0.0,0.0
41.9065533489073,100000000.0,678.8037002723066,678.8037002723067,245.5621228381477,0.0,0.0
41.9065533489073,100000000.0,678.8105561358807,678.8105561358806,245.56897870172176,0.0,0.0
41.9065533489073,100000000.0,678.936134264892,678.936134264892,245.6945568307329,0.0,0.0
41.9065533489073,100000000.0,679.650140210001,679.650140210001,246.40856277584197,0.0,0.0
41.9065533489073,100000000.0,679.7290590891423,679.7290590891425,246.48748165498333,0.0,0.0
41.9065533489073,100000000.0,679.9413903691075,679.9413903691074,246.69981293494834,0.0,0.0
41.9065533489073,100000000.0,680.0209214270478,680.0209214270478,246.77934399288876,0.0,0.0
41.9065533489073,100000000.0,680.1583233126568,680.1583233126568,246.91674587849772,0.0,0.0
41.9065533489073,100000000.0,680.2707389401899,680.2707389401899,247.0291615060308,0.0,0.0
41.9065533489073,100000000.0,680.3269037239841,680.3269037239838,247.0853262898249,0.0,0.0
41.9065533489073,100000000.0,680.3645183815497,680.3645183815498,247.12294094739065,0.0,0.0
41.9065533489073,100000000.0,680.5339295668532,680.5339295668532,247.29235213269428,0.0,0.0
41.9065533489073,100000000.0,680.5693147477257,680.5693147477257,247.32773731356662,0.0,0.0
41.9065533489073,100000000.0,680.9483890625514,680.9483890625515,247.70681162839236,0.0,0.0
41.9065533489073,100000000.0,681.3167249235702,681.3167249235704,248.0751474894112,0.0,0.0
41.9065533489073,100000000.0,681.345519265351,681.3455192653507,248.1039418311919,0.0,0.0
41.9065533489073,100000000.0,681.861789265346,681.861789265346,248.620211831187,0.0,0.0
41.9065533489073,100000000.0,681.9423111001339,681.942311100134,248.70073366597495,0.0,0.0
41.9065533489073,100000000.0,682.0183088359734,682.0183088359732,248.77673140181426,0.0,0.0
41.9065533489073,100000000.0,682.373240386276,682.3732403862759,249.13166295211693,0.0,0.0
41.9065533489073,100000000.0,682.3936075881845,682.3936075881846,249.1520301540255,0.0,0.0
41.9065533489073,100000000.0,682.7447354241931,682.7447354241931,249.50315799003403,0.0,0.0
41.9065533489073,100000000.0,682.7755474883447,682.775547488345,249.53397005418572,0.0,0.0
41.9065533489073,100000000.0,683.3933773097957,683.3933773097956,250.15179987563647,0.0,0.0
41.9065533489073,100000000.0,683.4810211984441,683.481021198444,250.239443764285,0.0,0.0
41.9065533489073,100000000.0,683.6226729920319,683.622672992032,250.38109555787287,0.0,0.0
41.9065533489073,100000000.0,683.694599680822,683.6945996808217,250.45302224666273,0.0,0.0
41.9065533489073,100000000.0,683.7967480708659,683.7967480708659,250.55517063670692,0.0,0.0
41.9065533489073,100000000.0,684.6533343981921,684.653334398192,251.41175696403303,0.0,0.0
41.9065533489073,100000000.0,684.8045812661625,684.8045812661625,251.56300383200357,0.0,0.0
41.9065533489073,100000000.0,685.29250970748,685.2925097074799,252.05093227332102,0.0,0.0
41.9065533489073,100000000.0,685.4434356330622,685.4434356330623,252.20185819890318,0.0,0.0
41.9065533489073,100000000.0,685.6866125178075,685.6866125178076,252.44503508364843,0.0,0.0
41.9065533489073,100000000.0,685.8077993041386,685.8077993041388,252.5662218699796,0.0,0.0
41.9065533489073,100000000.0,685.9313966303097,685.9313966303098,252.68981919615055,0.0,0.0
41.9065533489073,100000000.0,686.0717166712852,686.0717166712852,252.83013923712608,0.0,0.0
41.9065533489073,100000000.0,686.2614582491987,686.2614582491987,253.01988081503958,0.0,0.0
41.9065533489073,100000000.0,686.3360570927297,686.3360570927294,253.0944796585706,0.0,0.0
41.9065533489073,100000000.0,686.4723670612992,686.4723670612995,253.2307896271403,0.0,0.0
41.9065533489073,100000000.0,686.979494023006,686.9794940230063,253.73791658884707,0.0,0.0
41.9065533489073,100000000.0,686.9810949116641,686.9810949116642,253.73951747750502,0.0,0.0
41.9065533489073,100000000.0,687.0138392622881,687.0138392622882,253.772261828129,0.0,0.0
41.9065533489073,100000000.0,687.0656678432765,687.0656678432764,253.82409040911728,0.0,0.0
41.9065533489073,100000000.0,687.4547709302147,687.4547709302146,254.21319349605562,0.0,0.0
41.9065533489073,100000000.0,687.870437450535,687.870437450535,254.62886001637585,0.0,0.0
41.9065533489073,100000000.0,688.0476139389287,688.0476139389286,254.80603650476957,0.0,0.0
41.9065533489073,100000000.0,688.5588334139024,688.5588334139026,255.3172559797434,0.0,0.0
41.9065533489073,100000000.0,688.6128070232528,688.6128070232528,255.3712295890937,0.0,0.0
41.9065533489073,100000000.0,689.1696069021854,689.1696069021855,255.9280294680262,0.0,0.0
41.9065533489073,100000000.0,689.3954988502458,689.3954988502459,256.15392141608675,0.0,0.0
41.9065533489073,100000000.0,689.7065127848988,689.7065127848987,256.4649353507396,0.0,0.0
41.9065533489073,100000000.0,689.8804201819119,689.8804201819117,256.63884274775273,0.0,0.0
41.9065533489073,100000000.0,690.1379006163577,690.1379006163576,256.89632318219856,0.0,0.0
41.9065533489073,100000000.0,690.4308443548013,690.4308443548014,257.1892669206421,0.0,0.0
41.9065533489073,100000000.0,690.8266385006386,690.8266385006386,257.5850610664796,0.0,0.0
41.9065533489073,100000000.0,690.8499608377712,690.8499608377712,257.60838340361215,0.0,0.0
41.9065533489073,100000000.0,691.3406675960115,691.3406675960115,258.0990901618525,0.0,0.0
41.9065533489073,100000000.0,691.6346782392515,691.6346782392515,258.39310080509244,0.0,0.0
41.9065533489073,100000000.0,691.7625241539332,691.7625241539331,258.5209467197741,0.0,0.0
41.9065533489073,100000000.0,692.8615067961679,692.8615067961678,259.61992936200875,0.0,0.0
41.9065533489073,100000000.0,693.0185076090647,693.0185076090646,259.7769301749056,0.0,0.0
41.9065533489073,100000000.0,693.0398021592174,693.0398021592173,259.79822472505845,0.0,0.0
41.9065533489073,100000000.0,693.5030646169286,693.5030646169288,260.26148718276943,0.0,0.0
41.9065533489073,100000000.0,693.6140038152835,693.6140038152834,260.3724263811244,0.0,0.0
41.9065533489073,100000000.0,694.1174612183502,694.1174612183503,260.87588378419116,0.0,0.0
41.9065533489073,100000000.0,694.4853325029262,694.4853325029262,261.24375506876714,0.0,0.0
41.9065533489073,100000000.0,695.9134118186475,695.9134118186477,262.6718343844886,0.0,0.0
41.9065533489073,100000000.0,696.2202779867689,696.2202779867689,262.9787005526099,0.0,0.0
41.9065533489073,100000000.0,697.8215953401883,697.8215953401882,264.58001790602924,0.0,0.0
41.9065533489073,100000000.0,698.133090142312,698.1330901423122,264.891512708153,0.0,0.0
41.9065533489073,100000000.0,698.2453957308081,698.2453957308082,265.0038182966492,0.0,0.0
41.9065533489073,100000000.0,698.896592943842,698.8965929438422,265.65501550968304,0.0,0.0
41.9065533489073,100000000.0,699.3779573536508,699.3779573536508,266.13637991949173,0.0,0.0
40.54363348379976,100000000.0,640.7428062105823,640.7428062105822,207.50122877642326,0.0,0.0
40.54363348379976,100000000.0,649.3545316585687,649.3545316585684,216.11295422440946,0.0,0.0
40.54363348379976,100000000.0,650.722623436468,650.7226234364679,217.48104600230894,0.0,0.0
40.54363348379976,100000000.0,650.9919661446004,650.9919661446002,217.75038871044114,0.0,0.0
40.54363348379976,100000000.0,651.2422320256744,651.2422320256743,218.00065459151534,0.0,0.0
40.54363348379976,100000000.0,652.0710183759618,652.0710183759618,218.8294409418027,0.0,0.0
40.54363348379976,100000000.0,652.4361240583277,652.4361240583278,219.1945466241687,0.0,0.0
40.54363348379976,100000000.0,652.8686852320355,652.8686852320354,219.6271077978764,0.0,0.0
40.54363348379976,100000000.0,653.530566858553,653.5305668585531,220.2889894243941,0.0,0.0
40.54363348379976,100000000.0,653.8976688122953,653.8976688122953,220.65609137813632,0.0,0.0
40.54363348379976,100000000.0,654.0496007850201,654.0496007850202,220.80802335086108,0.0,0.0
40.54363348379976,100000000.0,654.1376776681709,654.1376776681709,220.89610023401184,0.0,0.0
40.54363348379976,100000000.0,654.3736565783227,654.3736565783227,221.13207914416364,0.0,0.0
40.54363348379976,100000000.0,654.5207791598664,654.5207791598663,221.27920172570745,0.0,0.0
40.54363348379976,100000000.0,654.5832914074904,654.5832914074905,221.34171397333142,0.0,0.0
40.54363348379976,100000000.0,654.6202421215751,654.6202421215753,221.37866468741615,0.0,0.0
40.54363348379976,100000000.0,654.9494994801403,654.9494994801403,221.70792204598123,0.0,0.0
40.54363348379976,100000000.0,655.4174667575994,655.4174667575995,222.17588932344054,0.0,0.0
40.54363348379976,100000000.0,655.9891185182572,655.9891185182573,222.74754108409806,0.0,0.0
40.54363348379976,100000000.0,656.2359445136325,656.2359445136326,222.99436707947362,0.0,0.0
40.54363348379976,100000000.0,656.7635351373947,656.7635351373945,223.52195770323544,0.0,0.0
40.54363348379976,100000000.0,656.7785835887661,656.7785835887661,223.53700615460707,0.0,0.0
40.54363348379976,100000000.0,657.3041730722372,657.3041730722373,224.06259563807816,0.0,0.0
40.54363348379976,100000000.0,657.7355270311872,657.7355270311872,224.49394959702818,0.0,0.0
40.54363348379976,100000000.0,658.0706579528642,658.0706579528642,224.82908051870496,0.0,0.0
40.54363348379976,100000000.0,658.1794453304732,658.1794453304731,224.937867896314,0.0,0.0
40.54363348379976,100000000.0,658.6001831258251,658.6001831258251,225.35860569166618,0.0,0.0
40.54363348379976,100000000.0,658.9878292343293,658.9878292343291,225.74625180017017,0.0,0.0
40.54363348379976,100000000.0,659.2108469060796,659.2108469060796,225.96926947192054,0.0,0.0
40.54363348379976,100000000.0,659.4307800460421,659.430780046042,226.18920261188296,0.0,0.0
40.54363348379976,100000000.0,659.61933733255,659.61933733255,226.37775989839102,0.0,0.0
40.54363348379976,100000000.0,659.8421618075798,659.8421618075798,226.60058437342067,0.0,0.0
40.54363348379976,100000000.0,660.2136799256068,660.2136799256068,226.97210249144774,0.0,0.0
40.54363348379976,100000000.0,660.314148960096,660.3141489600958,227.07257152593687,0.0,0.0
40.54363348379976,100000000.0,660.3790014312035,660.3790014312036,227.13742399704444,0.0,0.0
40.54363348379976,100000000.0,660.5428430879427,660.5428430879427,227.3012656537836,0.0,0.0
40.54363348379976,100000000.0,660.5895579343805,660.5895579343808,227.34798050022155,0.0,0.0
40.54363348379976,100000000.0,660.6229170561537,660.6229170561538,227.38133962199467,0.0,0.0
40.54363348379976,100000000.0,660.919416811618,660.9194168116182,227.6778393774591,0.0,0.0
40.54363348379976,100000000.0,661.2326086339427,661.2326086339427,227.99103119978366,0.0,0.0
40.54363348379976,100000000.0,661.2816020707087,661.2816020707087,228.04002463654967,0.0,0.0
40.54363348379976,100000000.0,661.3794243516534,661.3794243516533,228.13784691749422,0.0,0.0
40.54363348379976,100000000.0,661.5720301597829,661.572030159783,228.33045272562396,0.0,0.0
40.54363348379976,100000000.0,661.6223047529461,661.6223047529461,228.380727318787,0.0,0.0
40.54363348379976,100000000.0,662.1066467630336,662.1066467630335,228.8650693288743,0.0,0.0
40.54363348379976,100000000.0,662.2028801154244,662.2028801154243,228.96130268126527,0.0,0.0
40.54363348379976,100000000.0,662.3211911262279,662.3211911262276,229.07961369206885,0.0,0.0
40.54363348379976,100000000.0,662.6143456127406,662.6143456127405,229.37276817858157,0.0,0.0
40.54363348379976,100000000.0,662.7734578011693,662.7734578011693,229.5318803670103,0.0,0.0
40.54363348379976,100000000.0,663.0650646622995,663.0650646622994,229.82348722814044,0.0,0.0
40.54363348379976,100000000.0,663.0788948939851,663.0788948939851,229.837317459826,0.0,0.0
40.54363348379976,100000000.0,663.0866305549487,663.0866305549484,229.84505312078954,0.0,0.0
40.54363348379976,100000000.0,663.7189234721586,663.7189234721584,230.47734603799947,0.0,0.0
40.54363348379976,100000000.0,663.9989236765849,663.9989236765849,230.75734624242583,0.0,0.0
40.54363348379976,100000000.0,664.0264356468956,664.0264356468955,230.78485821273642,0.0,0.0
40.54363348379976,100000000.0,664.0740515846961,664.074051584696,230.83247415053714,0.0,0.0
40.54363348379976,100000000.0,664.4141331494274,664.4141331494274,231.17255571526835,0.0,0.0
40.54363348379976,100000000.0,664.5909983118671,664.5909983118672,231.349420877708,0.0,0.0
40.54363348379976,100000000.0,664.6679301439594,664.6679301439594,231.42635270980045,0.0,0.0
40.54363348379976,100000000.0,664.7572702040219,664.7572702040219,231.51569276986294,0.0,0.0
40.54363348379976,100000000.0,664.7629922889196,664.7629922889193,231.52141485476048,0.0,0.0
40.54363348379976,100000000.0,665.0581658564331,665.0581658564332,231.81658842227418,0.0,0.0
40.54363348379976,100000000.0,665.1691806675462,665.1691806675464,231.92760323338732,0.0,0.0
40.54363348379976,100000000.0,665.3591930325913,665.3591930325911,232.11761559843214,0.0,0.0
40.54363348379976,100000000.0,665.9466135230622,665.9466135230622,232.70503608890309,0.0,0.0
40.54363348379976,100000000.0,666.0193141165815,666.0193141165817,232.7777366824225,0.0,0.0
40.54363348379976,100000000.0,666.0391025219103,666.0391025219104,232.79752508775135,0.0,0.0
40.54363348379976,100000000.0,666.2234017079379,666.2234017079379,232.98182427377893,0.0,0.0
40.54363348379976,100000000.0,666.527061821811,666.5270618218109,233.28548438765193,0.0,0.0
40.54363348379976,100000000.0,666.804202071972,666.8042020719716,233.56262463781272,0.0,0.0
40.54363348379976,100000000.0,666.814100950641,666.814100950641,233.57252351648214,0.0,0.0
40.54363348379976,100000000.0,666.9298266043699,666.9298266043699,233.68824917021075,0.0,0.0
40.54363348379976,100000000.0,667.031645823945,667.0316458239454,233.79006838978614,0.0,0.0
40.54363348379976,100000000.0,667.3161789841554,667.3161789841555,234.07460154999646,0.0,0.0
40.54363348379976,100000000.0,667.3180780600078,667.3180780600078,234.07650062584878,0.0,0.0
40.54363348379976,100000000.0,667.3984885348374,667.3984885348374,234.1569111006783,0.0,0.0
40.54363348379976,100000000.0,667.5418104329486,667.5418104329486,234.3002329987896,0.0,0.0
40.54363348379976,100000000.0,667.6683099816421,667.6683099816422,234.42673254748317,0.0,0.0
40.54363348379976,100000000.0,667.8589005071746,667.8589005071747,234.61732307301543,0.0,0.0
40.54363348379976,100000000.0,667.8974838726288,667.8974838726288,234.6559064384697,0.0,0.0
40.54363348379976,100000000.0,668.5643259523515,668.5643259523515,235.3227485181924,0.0,0.0
40.54363348379976,100000000.0,668.6133676598544,668.6133676598541,235.3717902256951,0.0,0.0
40.54363348379976,100000000.0,668.9021444508558,668.9021444508559,235.6605670166968,0.0,0.0
40.54363348379976,100000000.0,668.9988912601874,668.9988912601873,235.75731382602828,0.0,0.0
40.54363348379976,100000000.0,669.0557284604388,669.0557284604389,235.8141510262798,0.0,0.0
40.54363348379976,100000000.0,669.2067917889384,669.2067917889383,235.96521435477925,0.0,0.0
40.54363348379976,100000000.0,669.3034663594335,669.3034663594334,236.06188892527445,0.0,0.0
40.54363348379976,100000000.0,669.3444467706153,669.3444467706154,236.10286933645637,0.0,0.0
40.54363348379976,100000000.0,669.6723549131586,669.6723549131586,236.43077747899966,0.0,0.0
40.54363348379976,100000000.0,669.7769540938928,669.776954093893,236.53537665973383,0.0,0.0
40.54363348379976,100000000.0,669.7805521348256,669.7805521348257,236.5389747006667,0.0,0.0
40.54363348379976,100000000.0,669.8794480014052,669.879448001405,236.6378705672461,0.0,0.0
40.54363348379976,100000000.0,669.9280315317699,669.9280315317699,236.6864540976107,0.0,0.0
40.54363348379976,100000000.0,670.3904816896516,670.3904816896516,237.14890425549257,0.0,0.0
40.54363348379976,100000000.0,670.5464034554512,670.5464034554512,237.30482602129226,0.0,0.0
40.54363348379976,100000000.0,670.8629207050416,670.8629207050416,237.62134327088256,0.0,0.0
40.54363348379976,100000000.0,671.1565172980953,671.1565172980952,237.91493986393624,0.0,0.0
40.54363348379976,100000000.0,671.4215849535627,671.4215849535628,238.18000751940386,0.0,0.0
40.54363348379976,100000000.0,671.8424703902938,671.8424703902937,238.60089295613471,0.0,0.0
40.54363348379976,100000000.0,672.0379513836183,672.0379513836184,238.7963739494593,0.0,0.0
40.54363348379976,100000000.0,672.1371890282189,672.1371890282189,238.89561159405991,0.0,0.0
40.54363348379976,100000000.0,672.8229554640297,672.8229554640299,239.5813780298708,0.0,0.0
40.54363348379976,100000000.0,673.502948820618,673.502948820618,240.26137138645902,0.0,0.0
40.54363348379976,100000000.0,673.6004483501267,673.6004483501265,240.3588709159675,0.0,0.0
40.54363348379976,100000000.0,673.7623421210466,673.7623421210467,240.5207646868875,0.0,0.0
40.54363348379976,100000000.0,673.7825465789499,673.7825465789499,240.54096914479078,0.0,0.0
40.54363348379976,100000000.0,674.2681456196136,674.2681456196134,241.0265681854545,0.0,0.0
40.54363348379976,100000000.0,674.615252552712,674.615252552712,241.37367511855302,0.0,0.0
40.54363348379976,100000000.0,674.8707464866725,674.8707464866723,241.62916905251325,0.0,0.0
40.54363348379976,100000000.0,675.0679309661053,675.0679309661051,241.82635353194624,0.0,0.0
40.54363348379976,100000000.0,675.1347010516125,675.1347010516125,241.8931236174534,0.0,0.0
40.54363348379976,100000000.0,675.4239891047205,675.4239891047206,242.18241167056138,0.0,0.0
40.54363348379976,100000000.0,675.670046180559,675.6700461805589,242.42846874639997,0.0,0.0
40.54363348379976,100000000.0,675.9482668079819,675.948266807982,242.7066893738228,0.0,0.0
40.54363348379976,100000000.0,675.963584925481,675.9635849254811,242.72200749132202,0.0,0.0
40.54363348379976,100000000.0,675.9681136218369,675.9681136218368,242.72653618767777,0.0,0.0
40.54363348379976,100000000.0,676.3026380835581,676.3026380835581,243.06106064939905,0.0,0.0
40.54363348379976,100000000.0,676.5481551684524,676.5481551684522,243.3065777342933,0.0,0.0
40.54363348379976,100000000.0,676.8760601017083,676.8760601017082,243.63448266754907,0.0,0.0
40.54363348379976,100000000.0,677.3954122279653,677.3954122279652,244.15383479380603,0.0,0.0
40.54363348379976,100000000.0,677.4983584899663,677.4983584899661,244.25678105580718,0.0,0.0
40.54363348379976,100000000.0,678.0962840038793,678.0962840038793,244.85470656972024,0.0,0.0
40.54363348379976,100000000.0,678.3953020635386,678.3953020635387,245.1537246293795,0.0,0.0
40.54363348379976,100000000.0,678.5689011144525,678.5689011144526,245.32732368029355,0.0,0.0
40.54363348379976,100000000.0,679.7915973516106,679.7915973516104,246.5500199174515,0.0,0.0
40.54363348379976,100000000.0,680.0627844988478,680.0627844988478,246.82120706468876,0.0,0.0
40.54363348379976,100000000.0,680.7769577558604,680.7769577558606,247.53538032170147,0.0,0.0
40.54363348379976,100000000.0,681.5637165265039,681.5637165265038,248.32213909234483,0.0,0.0
47.75511297307724,100000000.0,665.3875734633313,665.3875734633311,232.14599602917215,0.0,0.0
47.75511297307724,100000000.0,668.136043644757,668.1360436447571,234.89446621059813,0.0,0.0
47.75511297307724,100000000.0,669.5988324107599,669.5988324107598,236.35725497660084,0.0,0.0
47.75511297307724,100000000.0,670.6652337234154,670.6652337234154,237.42365628925637,0.0,0.0
47.75511297307724,100000000.0,672.511043143133,672.5110431431331,239.26946570897397,0.0,0.0
47.75511297307724,100000000.0,673.4539234148195,673.4539234148197,240.2123459806606,0.0,0.0
47.75511297307724,100000000.0,675.3899826328388,675.3899826328388,242.14840519867977,0.0,0.0
47.75511297307724,100000000.0,676.2106775806772,676.2106775806773,242.96910014651814,0.0,0.0
47.75511297307724,100000000.0,676.6527147827084,676.6527147827085,243.41113734854935,0.0,0.0
47.75511297307724,100000000.0,677.2663956197011,677.2663956197011,244.02481818554216,0.0,0.0
47.75511297307724,100000000.0,677.3567493495896,677.3567493495897,244.11517191543055,0.0,0.0
47.75511297307724,100000000.0,678.502336380917,678.5023363809169,245.26075894675785,0.0,0.0
47.75511297307724,100000000.0,678.6977776461755,678.6977776461754,245.45620021201637,0.0,0.0
47.75511297307724,100000000.0,680.6972032107165,680.6972032107165,247.4556257765572,0.0,0.0
47.75511297307724,100000000.0,680.9841419525078,680.9841419525077,247.74256451834873,0.0,0.0
47.75511297307724,100000000.0,683.4461190322028,683.4461190322029,250.2045415980438,0.0,0.0
47.75511297307724,100000000.0,683.5130603337126,683.5130603337125,250.27148289955335,0.0,0.0
47.75511297307724,100000000.0,683.7691308927854,683.7691308927853,250.52755345862624,0.0,0.0
47.75511297307724,100000000.0,683.8596988026262,683.8596988026262,250.61812136846714,0.0,0.0
47.75511297307724,100000000.0,684.0338966666,684.0338966666003,250.79231923244095,0.0,0.0
47.75511297307724,100000000.0,684.0589632957301,684.0589632957301,250.81738586157104,0.0,0.0
47.75511297307724,100000000.0,684.2129163062401,684.2129163062402,250.97133887208113,0.0,0.0
47.75511297307724,100000000.0,684.3082067351484,684.3082067351482,251.06662930098918,0.0,0.0
47.75511297307724,100000000.0,685.1761736735368,685.1761736735369,251.93459623937778,0.0,0.0
47.75511297307724,100000000.0,685.2045203538592,685.204520353859,251.96294291970008,0.0,0.0
47.75511297307724,100000000.0,685.5827664107958,685.582766410796,252.34118897663691,0.0,0.0
47.75511297307724,100000000.0,685.9041293996155,685.9041293996155,252.66255196545646,0.0,0.0
47.75511297307724,100000000.0,686.168288707761,686.168288707761,252.926711273602,0.0,0.0
47.75511297307724,100000000.0,686.5486294565591,686.5486294565591,253.30705202240011,0.0,0.0
47.75511297307724,100000000.0,687.0452014444879,687.0452014444878,253.80362401032895,0.0,0.0
47.75511297307724,100000000.0,687.147754366452,687.147754366452,253.90617693229296,0.0,0.0
47.75511297307724,100000000.0,687.5391669065147,687.5391669065149,254.29758947235578,0.0,0.0
47.75511297307724,100000000.0,687.5733633576741,687.573363357674,254.331785923515,0.0,0.0
47.75511297307724,100000000.0,687.808623492638,687.808623492638,254.567046058479,0.0,0.0
47.75511297307724,100000000.0,687.8246019089677,687.8246019089676,254.5830244748085,0.0,0.0
47.75511297307724,100000000.0,687.9349989903096,687.9349989903095,254.6934215561504,0.0,0.0
47.75511297307724,100000000.0,687.9390121900584,687.9390121900586,254.6974347558995,0.0,0.0
47.75511297307724,100000000.0,688.128531817395,688.128531817395,254.88695438323595,0.0,0.0
47.75511297307724,100000000.0,688.166919040519,688.166919040519,254.92534160635998,0.0,0.0
47.75511297307724,100000000.0,688.3291331674399,688.3291331674397,255.08755573328074,0.0,0.0
47.75511297307724,100000000.0,688.7236927881656,688.7236927881655,255.48211535400654,0.0,0.0
47.75511297307724,100000000.0,688.7477604297333,688.7477604297333,255.5061829955743,0.0,0.0
47.75511297307724,100000000.0,688.8645559040173,688.8645559040175,255.62297846985842,0.0,0.0
47.75511297307724,100000000.0,688.90082963178,688.9008296317801,255.65925219762104,0.0,0.0
47.75511297307724,100000000.0,689.1337774836948,689.1337774836948,255.89220004953583,0.0,0.0
47.75511297307724,100000000.0,689.1894142831079,689.189414283108,255.9478368489489,0.0,0.0
47.75511297307724,100000000.0,689.2714780360224,689.2714780360225,256.02990060186323,0.0,0.0
47.75511297307724,100000000.0,689.2831389756246,689.2831389756248,256.0415615414657,0.0,0.0
47.75511297307724,100000000.0,689.4659066451226,689.4659066451225,256.2243292109634,0.0,0.0
47.75511297307724,100000000.0,689.6469970038376,689.6469970038376,256.40541956967843,0.0,0.0
47.75511297307724,100000000.0,690.2454073348533,690.2454073348531,257.00382990069426,0.0,0.0
47.75511297307724,100000000.0,690.3246163725191,690.324616372519,257.08303893836006,0.0,0.0
47.75511297307724,100000000.0,690.8340763187233,690.8340763187233,257.5924988845643,0.0,0.0
47.75511297307724,100000000.0,691.0823585177206,691.0823585177205,257.8407810835614,0.0,0.0
47.75511297307724,100000000.0,691.5746076670168,691.574607667017,258.33303023285777,0.0,0.0
47.75511297307724,100000000.0,691.6858429047892,691.6858429047892,258.4442654706301,0.0,0.0
47.75511297307724,100000000.0,691.9124985271918,691.9124985271918,258.6709210930327,0.0,0.0
47.75511297307724,100000000.0,692.2442448308012,692.2442448308013,259.0026673966422,0.0,0.0
47.75511297307724,100000000.0,692.3961160330156,692.3961160330157,259.15453859885656,0.0,0.0
47.75511297307724,100000000.0,692.4147778091632,692.4147778091635,259.1732003750043,0.0,0.0
47.75511297307724,100000000.0,692.4211116055432,692.4211116055429,259.179534171384,0.0,0.0
47.75511297307724,100000000.0,692.6257237872147,692.6257237872147,259.3841463530556,0.0,0.0
47.75511297307724,100000000.0,692.6632501689054,692.6632501689052,259.4216727347462,0.0,0.0
47.75511297307724,100000000.0,692.6810410466959,692.6810410466959,259.4394636125369,0.0,0.0
47.75511297307724,100000000.0,692.7013972407175,692.7013972407177,259.4598198065586,0.0,0.0
47.75511297307724,100000000.0,692.8361955187792,692.836195518779,259.59461808462027,0.0,0.0
47.75511297307724,100000000.0,692.9913886916815,692.9913886916815,259.7498112575224,0.0,0.0
47.75511297307724,100000000.0,693.0959325025664,693.0959325025665,259.8543550684072,0.0,0.0
47.75511297307724,100000000.0,693.5809075374665,693.5809075374663,260.33933010330736,0.0,0.0
47.75511297307724,100000000.0,693.7384890929419,693.7384890929419,260.4969116587828,0.0,0.0
47.75511297307724,100000000.0,693.8234720489398,693.8234720489398,260.5818946147808,0.0,0.0
47.75511297307724,100000000.0,694.0601485150769,694.0601485150768,260.81857108091793,0.0,0.0
47.75511297307724,100000000.0,694.3284701146762,694.3284701146763,261.0868926805171,0.0,0.0
47.75511297307724,100000000.0,694.3885771493594,694.3885771493595,261.14699971520054,0.0,0.0
47.75511297307724,100000000.0,694.4562039140226,694.4562039140226,261.21462647986357,0.0,0.0
47.75511297307724,100000000.0,694.4628621769175,694.4628621769176,261.2212847427584,0.0,0.0
47.75511297307724,100000000.0,694.6637121254564,694.6637121254564,261.42213469129734,0.0,0.0
47.75511297307724,100000000.0,695.4226314008265,695.4226314008265,262.1810539666676,0.0,0.0
47.75511297307724,100000000.0,695.4995945608932,695.4995945608931,262.2580171267341,0.0,0.0
47.75511297307724,100000000.0,695.5582481084414,695.5582481084416,262.31667067428253,0.0,0.0
47.75511297307724,100000000.0,695.5717429561091,695.5717429561091,262.3301655219503,0.0,0.0
47.75511297307724,100000000.0,695.6244709638914,695.6244709638913,262.38289352973226,0.0,0.0
47.75511297307724,100000000.0,695.6837608870827,695.6837608870828,262.44218345292364,0.0,0.0
47.75511297307724,100000000.0,695.7675310355544,695.7675310355544,262.5259536013954,0.0,0.0
47.75511297307724,100000000.0,695.7827261494252,695.7827261494252,262.5411487152663,0.0,0.0
47.75511297307724,100000000.0,695.8804779086385,695.8804779086382,262.6389004744793,0.0,0.0
47.75511297307724,100000000.0,695.972646216199,695.9726462161989,262.7310687820399,0.0,0.0
47.75511297307724,100000000.0,696.0015521377951,696.0015521377951,262.7599747036359,0.0,0.0
47.75511297307724,100000000.0,696.1426916348233,696.1426916348232,262.9011142006643,0.0,0.0
47.75511297307724,100000000.0,696.50843740514,696.5084374051402,263.26685997098093,0.0,0.0
47.75511297307724,100000000.0,696.9434784935717,696.9434784935717,263.7019010594127,0.0,0.0
47.75511297307724,100000000.0,696.9707887940189,696.9707887940186,263.7292113598596,0.0,0.0
47.75511297307724,100000000.0,696.995374649979,696.9953746499792,263.75379721582,0.0,0.0
47.75511297307724,100000000.0,697.0019296596565,697.0019296596563,263.7603522254974,0.0,0.0
47.75511297307724,100000000.0,697.0605252536886,697.0605252536885,263.81894781952957,0.0,0.0
47.75511297307724,100000000.0,697.1265750646317,697.1265750646318,263.88499763047275,0.0,0.0
47.75511297307724,100000000.0,697.1548291183523,697.1548291183525,263.91325168419337,0.0,0.0
47.75511297307724,100000000.0,697.3135036862947,697.3135036862947,264.07192625213554,0.0,0.0
47.75511297307724,100000000.0,697.8048420935485,697.8048420935486,264.5632646593896,0.0,0.0
47.75511297307724,100000000.0,698.06086729804,698.06086729804,264.81928986388084,0.0,0.0
47.75511297307724,100000000.0,698.2123744672516,698.2123744672516,264.97079703309254,0.0,0.0
47.75511297307724,100000000.0,698.2402764982993,698.2402764982992,264.99869906414017,0.0,0.0
47.75511297307724,100000000.0,698.2664596888825,698.2664596888824,265.0248822547235,0.0,0.0
47.75511297307724,100000000.0,698.3956607253848,698.3956607253847,265.15408329122573,0.0,0.0
47.75511297307724,100000000.0,698.4125095335017,698.4125095335017,265.17093209934285,0.0,0.0
47.75511297307724,100000000.0,698.5832849353939,698.5832849353939,265.34170750123474,0.0,0.0
47.75511297307724,100000000.0,698.6059920966211,698.6059920966212,265.3644146624622,0.0,0.0
47.75511297307724,100000000.0,698.7734401209411,698.7734401209411,265.53186268678206,0.0,0.0
47.75511297307724,100000000.0,699.5640683525857,699.5640683525861,266.32249091842687,0.0,0.0
47.75511297307724,100000000.0,699.7989824941692,699.7989824941692,266.55740506001,0.0,0.0
47.75511297307724,100000000.0,699.93264090028,699.9326409002803,266.691063466121,0.0,0.0
47.75511297307724,100000000.0,700.1704067800631,700.170406780063,266.92882934590386,0.0,0.0
47.75511297307724,100000000.0,700.2488991526745,700.2488991526747,267.00732171851536,0.0,0.0
47.75511297307724,100000000.0,700.390013559667,700.390013559667,267.1484361255078,0.0,0.0
47.75511297307724,100000000.0,700.4750647797673,700.4750647797675,267.23348734560835,0.0,0.0
47.75511297307724,100000000.0,700.7638988825161,700.7638988825162,267.522321448357,0.0,0.0
47.75511297307724,100000000.0,701.4367876027117,701.4367876027118,268.1952101685527,0.0,0.0
47.75511297307724,100000000.0,701.4730079094677,701.4730079094676,268.2314304753087,0.0,0.0
47.75511297307724,100000000.0,701.5982777989456,701.5982777989457,268.3567003647866,0.0,0.0
47.75511297307724,100000000.0,701.8658258166546,701.8658258166546,268.62424838249564,0.0,0.0
47.75511297307724,100000000.0,701.9241364416575,701.9241364416575,268.6825590074984,0.0,0.0
47.75511297307724,100000000.0,702.2184937423651,702.2184937423651,268.97691630820606,0.0,0.0
47.75511297307724,100000000.0,702.3526128481099,702.3526128481099,269.11103541395084,0.0,0.0
47.75511297307724,100000000.0,702.5858208222504,702.5858208222502,269.34424338809123,0.0,0.0
47.75511297307724,100000000.0,702.6725577379012,702.6725577379013,269.43098030374233,0.0,0.0
47.75511297307724,100000000.0,702.6830436133215,702.6830436133217,269.44146617916266,0.0,0.0
47.75511297307724,100000000.0,703.1322428323513,703.1322428323513,269.89066539819214,0.0,0.0
47.75511297307724,100000000.0,703.1615639005539,703.161563900554,269.9199864663949,0.0,0.0
35.2323064862495,100000000.0,624.5175222632846,624.5175222632846,191.27594482912542,0.0,0.0
35.2323064862495,100000000.0,627.605298716829,627.6052987168288,194.3637212826699,0.0,0.0
35.2323064862495,100000000.0,628.7171353637972,628.7171353637974,195.47555792963826,0.0,0.0
35.2323064862495,100000000.0,632.898862229909,632.898862229909,199.65728479574992,0.0,0.0
35.2323064862495,100000000.0,632.9482240724407,632.9482240724406,199.7066466382817,0.0,0.0
35.2323064862495,100000000.0,633.1174570627472,633.1174570627473,199.87587962858834,0.0,0.0
35.2323064862495,100000000.0,633.822842471036,633.8228424710361,200.58126503687706,0.0,0.0
35.2323064862495,100000000.0,-1.0,563.6327877977274,182.3571737362097,1.0,1.0
35.2323064862495,100000000.0,634.4376905279671,634.437690527967,201.19611309380795,0.0,0.0
35.2323064862495,100000000.0,634.938111014367,634.9381110143669,201.6965335802077,0.0,0.0
35.2323064862495,100000000.0,-1.0,564.7858585851412,182.8902123521883,1.0,1.0
35.2323064862495,100000000.0,-1.0,565.813266321345,174.46196293896315,1.0,1.0
35.2323064862495,100000000.0,636.7491228855545,636.7491228855545,203.50754545139543,0.0,0.0
35.2323064862495,100000000.0,637.2712357717929,637.2712357717928,204.02965833763395,0.0,0.0
35.2323064862495,100000000.0,-1.0,567.2940362451191,188.68857199976233,1.0,1.0
35.2323064862495,100000000.0,638.7180079019781,638.718007901978,205.47643046781897,0.0,0.0
35.2323064862495,100000000.0,638.8422381867207,638.8422381867208,205.6006607525617,0.0,0.0
35.2323064862495,100000000.0,638.8969885164697,638.8969885164696,205.65541108231056,0.0,0.0
35.2323064862495,100000000.0,639.1867935636983,639.1867935636982,205.9452161295392,0.0,0.0
35.2323064862495,100000000.0,-1.0,568.8593055699963,181.23330542901425,1.0,1.0
35.2323064862495,100000000.0,639.7168116334899,639.7168116334898,206.47523419933083,0.0,0.0
35.2323064862495,100000000.0,639.7547622483216,639.7547622483215,206.51318481416249,0.0,0.0
35.2323064862495,100000000.0,639.8027840952252,639.8027840952253,206.56120666106628,0.0,0.0
35.2323064862495,100000000.0,-1.0,569.4417464997719,186.404932567374,1.0,1.0
35.2323064862495,100000000.0,640.106593679286,640.1065936792859,206.8650162451268,0.0,0.0
35.2323064862495,100000000.0,640.1551652330635,640.1551652330636,206.91358779890447,0.0,0.0
35.2323064862495,100000000.0,640.3749076089231,640.3749076089232,207.13333017476418,0.0,0.0
35.2323064862495,100000000.0,640.3866213882762,640.3866213882762,207.14504395411726,0.0,0.0
35.2323064862495,100000000.0,-1.0,570.0496328730684,183.90099769920437,1.0,1.0
35.2323064862495,100000000.0,-1.0,570.0963653970159,185.8291277544857,1.0,1.0
35.2323064862495,100000000.0,640.6235305439844,640.6235305439842,207.38195310982533,0.0,0.0
35.2323064862495,100000000.0,640.6912177062645,640.6912177062644,207.4496402721055,0.0,0.0
35.2323064862495,100000000.0,641.0496222405873,641.0496222405874,207.80804480642823,0.0,0.0
35.2323064862495,100000000.0,641.1577257466583,641.1577257466583,207.9161483124994,0.0,0.0
35.2323064862495,100000000.0,-1.0,570.8089865089752,178.6392211637141,1.0,1.0
35.2323064862495,100000000.0,641.3621410882073,641.3621410882073,208.1205636540483,0.0,0.0
35.2323064862495,100000000.0,641.5924646032653,641.5924646032653,208.35088716910613,0.0,0.0
35.2323064862495,100000000.0,641.8052352225591,641.805235222559,208.56365778839998,0.0,0.0
35.2323064862495,100000000.0,-1.0,571.345651676596,184.81228906036003,1.0,1.0
35.2323064862495,100000000.0,-1.0,571.4814661581764,187.70304338235388,1.0,1.0
35.2323064862495,100000000.0,642.1683575056355,642.1683575056355,208.9267800714765,0.0,0.0
35.2323064862495,100000000.0,-1.0,501.3489654318537,165.52540051616637,2.0,2.0
35.2323064862495,100000000.0,642.5646728919717,642.5646728919716,209.32309545781257,0.0,0.0
35.2323064862495,100000000.0,642.684326237645,642.684326237645,209.44274880348598,0.0,0.0
35.2323064862495,100000000.0,-1.0,572.2243232773775,180.59028600437586,1.0,1.0
35.2323064862495,100000000.0,642.8069976279934,642.8069976279934,209.56542019383434,0.0,0.0
35.2323064862495,100000000.0,642.9120421043449,642.9120421043451,209.6704646701859,0.0,0.0
35.2323064862495,100000000.0,643.0063649038871,643.006364903887,209.764787469728,0.0,0.0
35.2323064862495,100000000.0,643.0070995055762,643.0070995055762,209.7655220714171,0.0,0.0
35.2323064862495,100000000.0,-1.0,502.1335451466721,174.10419077346342,2.0,2.0
35.2323064862495,100000000.0,643.0693485922161,643.0693485922162,209.82777115805715,0.0,0.0
35.2323064862495,100000000.0,-1.0,572.6949588373772,188.87024925288122,1.0,1.0
35.2323064862495,100000000.0,-1.0,572.8298029042169,180.66003755895562,1.0,1.0
35.2323064862495,100000000.0,-1.0,573.053348188793,192.83193248704404,1.0,1.0
35.2323064862495,100000000.0,643.5267754309551,643.526775430955,210.285197996796,0.0,0.0
35.2323064862495,100000000.0,643.7788609812578,643.7788609812577,210.53728354709878,0.0,0.0
35.2323064862495,100000000.0,643.8181693907951,643.818169390795,210.5765919566361,0.0,0.0
35.2323064862495,100000000.0,-1.0,573.3572037425236,190.32038981012573,1.0,1.0
35.2323064862495,100000000.0,643.8595646319802,643.8595646319803,210.61798719782124,0.0,0.0
35.2323064862495,100000000.0,-1.0,573.401442862247,188.95357315948613,1.0,1.0
35.2323064862495,100000000.0,644.3842792635758,644.3842792635758,211.14270182941675,0.0,0.0
35.2323064862495,100000000.0,644.7853290192736,644.7853290192736,211.54375158511442,0.0,0.0
35.2323064862495,100000000.0,-1.0,574.3868547523049,188.39112529353508,1.0,1.0
35.2323064862495,100000000.0,644.9109045860924,644.9109045860924,211.66932715193337,0.0,0.0
35.2323064862495,100000000.0,644.9992310647116,644.9992310647117,211.7576536305525,0.0,0.0
35.2323064862495,100000000.0,645.0758306006688,645.0758306006688,211.8342531665098,0.0,0.0
35.2323064862495,100000000.0,645.1235913788532,645.1235913788532,211.88201394469417,0.0,0.0
35.2323064862495,100000000.0,-1.0,574.6703470208765,193.26828633236082,1.0,1.0
35.2323064862495,100000000.0,645.1411728678298,645.1411728678298,211.89959543367078,0.0,0.0
35.2323064862495,100000000.0,-1.0,574.7493350539171,178.73741148218983,1.0,1.0
35.2323064862495,100000000.0,645.2802919816083,645.2802919816081,212.03871454744916,0.0,0.0
35.2323064862495,100000000.0,645.5148720083785,645.5148720083786,212.27329457421945,0.0,0.0
35.2323064862495,100000000.0,645.768246151366,645.7682461513663,212.52666871720706,0.0,0.0
35.2323064862495,100000000.0,645.7847361143057,645.7847361143058,212.54315868014663,0.0,0.0
35.2323064862495,100000000.0,645.9879312330727,645.9879312330726,212.74635379891353,0.0,0.0
35.2323064862495,100000000.0,-1.0,575.6054757618967,197.05943087264401,1.0,1.0
35.2323064862495,100000000.0,646.1445798374068,646.1445798374068,212.90300240324785,0.0,0.0
35.2323064862495,100000000.0,-1.0,575.7746589440629,193.22526777793942,1.0,1.0
35.2323064862495,100000000.0,646.2841470244284,646.2841470244282,213.04256959026938,0.0,0.0
35.2323064862495,100000000.0,646.3182338366465,646.3182338366466,213.07665640248757,0.0,0.0
35.2323064862495,100000000.0,646.4509656719495,646.4509656719495,213.2093882377903,0.0,0.0
35.2323064862495,100000000.0,-1.0,576.0041904871972,191.171569351606,1.0,1.0
35.2323064862495,100000000.0,-1.0,576.0580117919981,189.55966535130716,1.0,1.0
35.2323064862495,100000000.0,646.819442206404,646.819442206404,213.577864772245,0.0,0.0
35.2323064862495,100000000.0,-1.0,576.611192800219,186.62546385877738,1.0,1.0
35.2323064862495,100000000.0,647.0973973867973,647.0973973867973,213.85581995263834,0.0,0.0
35.2323064862495,100000000.0,647.4701927456479,647.470192745648,214.2286153114889,0.0,0.0
35.2323064862495,100000000.0,647.5513227733414,647.5513227733414,214.3097453391823,0.0,0.0
35.2323064862495,100000000.0,-1.0,577.1348102863839,180.4523868415973,1.0,1.0
35.2323064862495,100000000.0,647.6384071915902,647.63840719159,214.39682975743096,0.0,0.0
35.2323064862495,100000000.0,647.8065734388833,647.8065734388834,214.56499600472438,0.0,0.0
35.2323064862495,100000000.0,-1.0,577.4610967328675,191.18172084381735,1.0,1.0
35.2323064862495,100000000.0,647.9291748598098,647.9291748598098,214.68759742565086,0.0,0.0
35.2323064862495,100000000.0,648.2098092427929,648.2098092427931,214.9682318086339,0.0,0.0
35.2323064862495,100000000.0,648.2544327586917,648.2544327586916,215.0128553245325,0.0,0.0
35.2323064862495,100000000.0,648.3040805700424,648.3040805700425,215.06250313588333,0.0,0.0
35.2323064862495,100000000.0,-1.0,578.1982855230656,190.092685927378,1.0,1.0
35.2323064862495,100000000.0,648.6882868860953,648.6882868860953,215.44670945193616,0.0,0.0
35.2323064862495,100000000.0,648.8972348960809,648.897234896081,215.65565746192195,0.0,0.0
35.2323064862495,100000000.0,-1.0,578.8231274883041,190.7719639027962,1.0,1.0
35.2323064862495,100000000.0,649.3799027224749,649.3799027224746,216.13832528831574,0.0,0.0
35.2323064862495,100000000.0,649.8636192905631,649.8636192905632,216.6220418564042,0.0,0.0
35.2323064862495,100000000.0,-1.0,579.4294659614693,194.91720461755762,1.0,1.0
35.2323064862495,100000000.0,-1.0,579.4894772433793,196.09893384721693,1.0,1.0
35.2323064862495,100000000.0,-1.0,579.5348051515595,178.81759518906026,1.0,1.0
35.2323064862495,100000000.0,-1.0,579.8415797284293,192.6683475357141,1.0,1.0
35.2323064862495,100000000.0,650.4828880749122,650.4828880749122,217.2413106407531,0.0,0.0
35.2323064862495,100000000.0,-1.0,580.0302427233698,196.5040348118027,1.0,1.0
35.2323064862495,100000000.0,-1.0,580.1156566827962,198.22001044984327,1.0,1.0
35.2323064862495,100000000.0,650.6046488977199,650.6046488977199,217.3630714635609,0.0,0.0
35.2323064862495,100000000.0,-1.0,580.2538883062947,195.57386581175876,1.0,1.0
35.2323064862495,100000000.0,-1.0,580.2635741817675,200.47632466835185,1.0,1.0
35.2323064862495,100000000.0,651.2413145423153,651.2413145423152,217.9997371081563,0.0,0.0
35.2323064862495,100000000.0,651.3182616049821,651.318261604982,218.0766841708229,0.0,0.0
35.2323064862495,100000000.0,651.387924575851,651.3879245758509,218.14634714169202,0.0,0.0
35.2323064862495,100000000.0,-1.0,581.1930444075132,191.98170236446524,1.0,1.0
35.2323064862495,100000000.0,652.2483581777745,652.2483581777748,219.00678074361568,0.0,0.0
35.2323064862495,100000000.0,652.5848182718626,652.5848182718626,219.3432408377034,0.0,0.0
35.2323064862495,100000000.0,654.115347451244,654.115347451244,220.87377001708487,0.0,0.0
35.2323064862495,100000000.0,654.1441158130219,654.1441158130218,220.90253837886274,0.0,0.0
35.2323064862495,100000000.0,-1.0,584.1157365593551,187.6160473068683,1.0,1.0
35.2323064862495,100000000.0,-1.0,584.7310030987727,198.4516272097226,1.0,1.0
35.2323064862495,100000000.0,-1.0,585.0150019222472,199.89950094836385,1.0,1.0
35.2323064862495,100000000.0,-1.0,585.3196028236309,199.61995597647933,1.0,1.0
35.2323064862495,100000000.0,-1.0,586.4177437661525,202.7057803415968,1.0,1.0
35.2323064862495,100000000.0,-1.0,588.9600694179705,204.40088338069754,1.0,1.0
35.2323064862495,100000000.0,-1.0,589.9312634122541,204.02451166679523,1.0,1.0
35.2323064862495,100000000.0,663.8040652569538,663.8040652569539,230.5624878227947,0.0,0.0
41.53962109133432,100000000.0,643.8281089421959,643.8281089421959,210.5865315080368,0.0,0.0
41.53962109133432,100000000.0,652.3386758687203,652.3386758687204,219.09709843456145,0.0,0.0
41.53962109133432,100000000.0,653.6559044962024,653.6559044962025,220.4143270620433,0.0,0.0
41.53962109133432,100000000.0,654.5481458888213,654.5481458888213,221.30656845466223,0.0,0.0
41.53962109133432,100000000.0,657.0529129365447,657.0529129365447,223.81133550238567,0.0,0.0
41.53962109133432,100000000.0,657.7732279738999,657.7732279738999,224.5316505397409,0.0,0.0
41.53962109133432,100000000.0,658.6680561868947,658.6680561868943,225.4264787527353,0.0,0.0
41.53962109133432,100000000.0,659.8587360096221,659.8587360096222,226.61715857546318,0.0,0.0
41.53962109133432,100000000.0,660.6905157613219,660.6905157613219,227.44893832716275,0.0,0.0
41.53962109133432,100000000.0,661.1697372866028,661.1697372866028,227.92815985244363,0.0,0.0
41.53962109133432,100000000.0,661.4426852204307,661.4426852204305,228.2011077862716,0.0,0.0
41.53962109133432,100000000.0,661.7378969451853,661.7378969451855,228.49631951102634,0.0,0.0
41.53962109133432,100000000.0,661.9058902647761,661.9058902647761,228.66431283061698,0.0,0.0
41.53962109133432,100000000.0,662.4256430105814,662.4256430105813,229.1840655764223,0.0,0.0
41.53962109133432,100000000.0,662.5094807906755,662.5094807906755,229.26790335651657,0.0,0.0
41.53962109133432,100000000.0,663.4342737588491,663.4342737588493,230.19269632469,0.0,0.0
41.53962109133432,100000000.0,663.9533262740433,663.9533262740433,230.71174883988434,0.0,0.0
41.53962109133432,100000000.0,664.5059881116094,664.5059881116093,231.26441067745012,0.0,0.0
41.53962109133432,100000000.0,664.9106838367586,664.9106838367586,231.66910640259948,0.0,0.0
41.53962109133432,100000000.0,665.1228566683104,665.1228566683103,231.8812792341512,0.0,0.0
41.53962109133432,100000000.0,665.3062567054797,665.3062567054797,232.0646792713206,0.0,0.0
41.53962109133432,100000000.0,665.5542850175517,665.5542850175516,232.31270758339264,0.0,0.0
41.53962109133432,100000000.0,666.1177054316353,666.1177054316353,232.87612799747615,0.0,0.0
41.53962109133432,100000000.0,666.8780156939553,666.8780156939551,233.6364382597962,0.0,0.0
41.53962109133432,100000000.0,667.5238450080255,667.5238450080255,234.28226757386642,0.0,0.0
41.53962109133432,100000000.0,668.2758036598606,668.2758036598607,235.03422622570147,0.0,0.0
41.53962109133432,100000000.0,668.334894249064,668.3348942490638,235.0933168149048,0.0,0.0
41.53962109133432,100000000.0,668.3986902156064,668.3986902156065,235.15711278144747,0.0,0.0
41.53962109133432,100000000.0,668.8206459108076,668.8206459108077,235.57906847664844,0.0,0.0
41.53962109133432,100000000.0,669.0687155351063,669.0687155351064,235.8271381009472,0.0,0.0
41.53962109133432,100000000.0,669.0951395808114,669.0951395808113,235.85356214665217,0.0,0.0
41.53962109133432,100000000.0,669.2258651769845,669.2258651769845,235.98428774282556,0.0,0.0
41.53962109133432,100000000.0,669.6139075800359,669.6139075800361,236.37233014587682,0.0,0.0
41.53962109133432,100000000.0,669.9705367631161,669.9705367631163,236.72895932895725,0.0,0.0
41.53962109133432,100000000.0,670.141962000476,670.141962000476,236.90038456631694,0.0,0.0
41.53962109133432,100000000.0,670.4779661570965,670.4779661570966,237.2363887229374,0.0,0.0
41.53962109133432,100000000.0,671.2645286289115,671.2645286289116,238.02295119475264,0.0,0.0
41.53962109133432,100000000.0,671.4812219626627,671.4812219626627,238.2396445285036,0.0,0.0
41.53962109133432,100000000.0,671.4872369979595,671.4872369979594,238.2456595638004,0.0,0.0
41.53962109133432,100000000.0,671.7167065152279,671.7167065152279,238.4751290810689,0.0,0.0
41.53962109133432,100000000.0,671.9434170546268,671.9434170546267,238.70183962046758,0.0,0.0
41.53962109133432,100000000.0,671.973669268145,671.973669268145,238.732091833986,0.0,0.0
41.53962109133432,100000000.0,672.0953893117509,672.0953893117509,238.8538118775918,0.0,0.0
41.53962109133432,100000000.0,672.3573743147525,672.3573743147524,239.11579688059345,0.0,0.0
41.53962109133432,100000000.0,672.4162650898131,672.416265089813,239.17468765565405,0.0,0.0
41.53962109133432,100000000.0,673.1146329410184,673.1146329410184,239.8730555068594,0.0,0.0
41.53962109133432,100000000.0,673.6867147408897,673.6867147408896,240.44513730673046,0.0,0.0
41.53962109133432,100000000.0,673.7281821182665,673.7281821182668,240.48660468410753,0.0,0.0
41.53962109133432,100000000.0,674.4005513834078,674.400551383408,241.15897394924886,0.0,0.0
41.53962109133432,100000000.0,674.8032774160549,674.803277416055,241.5616999818959,0.0,0.0
41.53962109133432,100000000.0,675.0713430918598,675.0713430918598,241.82976565770068,0.0,0.0
41.53962109133432,100000000.0,675.2577840605327,675.2577840605325,242.01620662637356,0.0,0.0
41.53962109133432,100000000.0,675.2735802889758,675.2735802889761,242.03200285481685,0.0,0.0
41.53962109133432,100000000.0,675.3065664944952,675.3065664944952,242.06498906033622,0.0,0.0
41.53962109133432,100000000.0,675.4570378564365,675.4570378564363,242.21546042227732,0.0,0.0
41.53962109133432,100000000.0,675.727402505843,675.7274025058431,242.4858250716838,0.0,0.0
41.53962109133432,100000000.0,676.2118196065784,676.2118196065784,242.97024217241932,0.0,0.0
41.53962109133432,100000000.0,676.4432884263705,676.4432884263706,243.20171099221164,0.0,0.0
41.53962109133432,100000000.0,676.686509698335,676.686509698335,243.444932264176,0.0,0.0
41.53962109133432,100000000.0,676.7350688873831,676.735068887383,243.493491453224,0.0,0.0
41.53962109133432,100000000.0,677.1390951818436,677.1390951818436,243.89751774768456,0.0,0.0
41.53962109133432,100000000.0,677.3606178890574,677.3606178890574,244.1190404548984,0.0,0.0
41.53962109133432,100000000.0,677.5154906690339,677.5154906690337,244.2739132348746,0.0,0.0
41.53962109133432,100000000.0,677.6415578415497,677.6415578415499,244.3999804073908,0.0,0.0
41.53962109133432,100000000.0,677.8490648992666,677.8490648992665,244.60748746510762,0.0,0.0
41.53962109133432,100000000.0,677.9630119101239,677.9630119101239,244.72143447596497,0.0,0.0
41.53962109133432,100000000.0,678.036097562461,678.0360975624609,244.79452012830188,0.0,0.0
41.53962109133432,100000000.0,678.6634026394491,678.6634026394491,245.42182520529008,0.0,0.0
41.53962109133432,100000000.0,679.2171856632772,679.2171856632772,245.97560822911805,0.0,0.0
41.53962109133432,100000000.0,679.7711010011244,679.7711010011243,246.52952356696548,0.0,0.0
41.53962109133432,100000000.0,679.9085565667368,679.9085565667369,246.66697913257778,0.0,0.0
41.53962109133432,100000000.0,680.0620306228823,680.0620306228825,246.82045318872323,0.0,0.0
41.53962109133432,100000000.0,680.1805117644674,680.1805117644674,246.93893433030834,0.0,0.0
41.53962109133432,100000000.0,680.2716021787325,680.2716021787327,247.0300247445736,0.0,0.0
41.53962109133432,100000000.0,680.4629436299463,680.4629436299463,247.22136619578723,0.0,0.0
41.53962109133432,100000000.0,680.6350777579992,680.6350777579989,247.39350032384,0.0,0.0
41.53962109133432,100000000.0,680.6741046905269,680.6741046905267,247.43252725636776,0.0,0.0
41.53962109133432,100000000.0,680.7800420134182,680.780042013418,247.53846457925906,0.0,0.0
41.53962109133432,100000000.0,680.8862140852854,680.8862140852856,247.64463665112643,0.0,0.0
41.53962109133432,100000000.0,680.9545842924476,680.9545842924479,247.71300685828868,0.0,0.0
41.53962109133432,100000000.0,680.9938179131786,680.9938179131786,247.7522404790195,0.0,0.0
41.53962109133432,100000000.0,681.0917908432142,681.091790843214,247.85021340905496,0.0,0.0
41.53962109133432,100000000.0,681.200487972093,681.2004879720929,247.9589105379339,0.0,0.0
41.53962109133432,100000000.0,681.2268026247821,681.226802624782,247.9852251906229,0.0,0.0
41.53962109133432,100000000.0,681.2884345800758,681.2884345800759,248.04685714591685,0.0,0.0
41.53962109133432,100000000.0,681.5535176940082,681.5535176940083,248.31194025984905,0.0,0.0
41.53962109133432,100000000.0,681.5779378966791,681.5779378966791,248.33636046252005,0.0,0.0
41.53962109133432,100000000.0,681.6964740046616,681.6964740046615,248.4548965705023,0.0,0.0
41.53962109133432,100000000.0,681.8491191948802,681.8491191948802,248.6075417607213,0.0,0.0
41.53962109133432,100000000.0,682.3166861888269,682.316686188827,249.07510875466795,0.0,0.0
41.53962109133432,100000000.0,682.6068824562733,682.6068824562733,249.36530502211426,0.0,0.0
41.53962109133432,100000000.0,683.3406343989411,683.340634398941,250.09905696478214,0.0,0.0
41.53962109133432,100000000.0,683.3566378746118,683.3566378746117,250.11506044045274,0.0,0.0
41.53962109133432,100000000.0,683.3761622885863,683.376162288586,250.13458485442712,0.0,0.0
41.53962109133432,100000000.0,684.1095688088718,684.1095688088716,250.86799137471252,0.0,0.0
41.53962109133432,100000000.0,684.511916472203,684.5119164722029,251.27033903804374,0.0,0.0
41.53962109133432,100000000.0,684.5325811552748,684.5325811552748,251.2910037211159,0.0,0.0
41.53962109133432,100000000.0,684.5520924160317,684.5520924160317,251.3105149818727,0.0,0.0
41.53962109133432,100000000.0,684.792797629962,684.7927976299617,251.55122019580276,0.0,0.0
41.53962109133432,100000000.0,685.049134775345,685.0491347753449,251.80755734118588,0.0,0.0
41.53962109133432,100000000.0,685.1542264550685,685.1542264550686,251.91264902090964,0.0,0.0
41.53962109133432,100000000.0,685.4163509848387,685.4163509848387,252.1747735506796,0.0,0.0
41.53962109133432,100000000.0,685.8813193325738,685.8813193325739,252.63974189841474,0.0,0.0
41.53962109133432,100000000.0,685.9740591855712,685.9740591855712,252.7324817514122,0.0,0.0
41.53962109133432,100000000.0,686.3727473658978,686.3727473658978,253.13116993173878,0.0,0.0
41.53962109133432,100000000.0,686.4619920366752,686.4619920366752,253.2204146025163,0.0,0.0
41.53962109133432,100000000.0,686.9603174067635,686.9603174067637,253.71873997260448,0.0,0.0
41.53962109133432,100000000.0,687.1201133999186,687.1201133999186,253.8785359657595,0.0,0.0
41.53962109133432,100000000.0,687.3490980123253,687.3490980123253,254.10752057816632,0.0,0.0
41.53962109133432,100000000.0,687.3755236848205,687.3755236848206,254.13394625066138,0.0,0.0
41.53962109133432,100000000.0,687.3846170766832,687.3846170766832,254.14303964252417,0.0,0.0
41.53962109133432,100000000.0,687.7106537356236,687.7106537356234,254.46907630146438,0.0,0.0
41.53962109133432,100000000.0,688.6728634294793,688.6728634294795,255.43128599532037,0.0,0.0
41.53962109133432,100000000.0,689.1591970859901,689.15919708599,255.9176196518311,0.0,0.0
41.53962109133432,100000000.0,689.8908314869002,689.8908314869002,256.6492540527411,0.0,0.0
41.53962109133432,100000000.0,690.0308703030346,690.0308703030346,256.78929286887546,0.0,0.0
41.53962109133432,100000000.0,690.701510267266,690.7015102672663,257.45993283310713,0.0,0.0
41.53962109133432,100000000.0,691.5058729572463,691.5058729572464,258.26429552308724,0.0,0.0
41.53962109133432,100000000.0,691.6255948112954,691.6255948112954,258.3840173771364,0.0,0.0
41.53962109133432,100000000.0,692.4836752603035,692.4836752603034,259.24209782614435,0.0,0.0
41.53962109133432,100000000.0,693.7819797261254,693.7819797261257,260.5404022919665,0.0,0.0
41.53962109133432,100000000.0,694.532547291309,694.532547291309,261.29096985715006,0.0,0.0
41.53962109133432,100000000.0,694.5578973729679,694.5578973729679,261.3163199388087,0.0,0.0
41.53962109133432,100000000.0,696.5078783384123,696.5078783384124,263.2663009042534,0.0,0.0
41.53962109133432,100000000.0,696.7626988986362,696.7626988986361,263.5211214644771,0.0,0.0
41.53962109133432,100000000.0,697.5800705361563,697.5800705361563,264.33849310199724,0.0,0.0
41.53962109133432,100000000.0,698.5009835937826,698.5009835937826,265.25940615962367,0.0,0.0
41.53962109133432,100000000.0,701.297820898587,701.2978208985868,268.0562434644279,0.0,0.0
44.43422658846452,100000000.0,659.8907471051349,659.8907471051351,226.64916967097588,0.0,0.0
44.43422658846452,100000000.0,662.7347120780971,662.7347120780971,229.4931346439381,0.0,0.0
44.43422658846452,100000000.0,662.856214509905,662.8562145099049,229.61463707574592,0.0,0.0
44.43422658846452,100000000.0,662.9796657949478,662.9796657949478,229.7380883607887,0.0,0.0
44.43422658846452,100000000.0,664.6289870489322,664.628987048932,231.38740961477313,0.0,0.0
44.43422658846452,100000000.0,667.8391563753833,667.8391563753833,234.59757894122424,0.0,0.0
44.43422658846452,100000000.0,668.7914852788065,668.7914852788065,235.54990784464758,0.0,0.0
44.43422658846452,100000000.0,668.8875029784349,668.8875029784348,235.64592554427583,0.0,0.0
44.43422658846452,100000000.0,669.2694852436291,669.2694852436291,236.02790780947012,0.0,0.0
44.43422658846452,100000000.0,671.9133812385595,671.9133812385595,238.67180380440053,0.0,0.0
44.43422658846452,100000000.0,672.2222562854201,672.22225628542,238.98067885126108,0.0,0.0
44.43422658846452,100000000.0,672.6706127634068,672.670612763407,239.42903532924777,0.0,0.0
44.43422658846452,100000000.0,672.8279881313283,672.8279881313281,239.58641069716907,0.0,0.0
44.43422658846452,100000000.0,672.9389219700013,672.9389219700013,239.69734453584235,0.0,0.0
44.43422658846452,100000000.0,673.6787764701049,673.6787764701049,240.4371990359459,0.0,0.0
44.43422658846452,100000000.0,673.7902991254233,673.7902991254233,240.54872169126426,0.0,0.0
44.43422658846452,100000000.0,673.91539915311,673.91539915311,240.67382171895105,0.0,0.0
44.43422658846452,100000000.0,674.359515206584,674.359515206584,241.11793777242494,0.0,0.0
44.43422658846452,100000000.0,675.3119566320357,675.3119566320356,242.07037919787663,0.0,0.0
44.43422658846452,100000000.0,675.7630851992152,675.763085199215,242.5215077650561,0.0,0.0
44.43422658846452,100000000.0,675.9092809854053,675.9092809854051,242.6677035512462,0.0,0.0
44.43422658846452,100000000.0,676.4237649269644,676.4237649269645,243.18218749280547,0.0,0.0
44.43422658846452,100000000.0,676.4821844343621,676.482184434362,243.2406070002031,0.0,0.0
44.43422658846452,100000000.0,677.6164856239959,677.616485623996,244.37490818983687,0.0,0.0
44.43422658846452,100000000.0,678.0700286982064,678.0700286982066,244.82845126404737,0.0,0.0
44.43422658846452,100000000.0,678.0860227468881,678.0860227468881,244.8444453127289,0.0,0.0
44.43422658846452,100000000.0,678.8351786260345,678.8351786260346,245.59360119187542,0.0,0.0
44.43422658846452,100000000.0,679.1483097055542,679.1483097055543,245.9067322713952,0.0,0.0
44.43422658846452,100000000.0,679.4743158163155,679.4743158163153,246.23273838215644,0.0,0.0
44.43422658846452,100000000.0,680.0491428189022,680.0491428189022,246.80756538474304,0.0,0.0
44.43422658846452,100000000.0,680.1098367906897,680.1098367906897,246.86825935653056,0.0,0.0
44.43422658846452,100000000.0,680.1115705903262,680.1115705903262,246.86999315616708,0.0,0.0
44.43422658846452,100000000.0,680.1870878907115,680.1870878907114,246.94551045655243,0.0,0.0
44.43422658846452,100000000.0,680.208140549428,680.2081405494281,246.96656311526885,0.0,0.0
44.43422658846452,100000000.0,680.3524340739347,680.3524340739347,247.11085663977568,0.0,0.0
44.43422658846452,100000000.0,680.6994366632664,680.6994366632662,247.45785922910713,0.0,0.0
44.43422658846452,100000000.0,681.0779884132031,681.0779884132032,247.8364109790441,0.0,0.0
44.43422658846452,100000000.0,681.1157783343047,681.1157783343049,247.8742009001457,0.0,0.0
44.43422658846452,100000000.0,681.1330371588454,681.1330371588451,247.8914597246861,0.0,0.0
44.43422658846452,100000000.0,681.1815518391285,681.1815518391284,247.93997440496923,0.0,0.0
44.43422658846452,100000000.0,681.1838951739536,681.1838951739537,247.94231773979465,0.0,0.0
44.43422658846452,100000000.0,681.3652077924471,681.3652077924471,248.1236303582881,0.0,0.0
44.43422658846452,100000000.0,682.1069431847216,682.1069431847217,248.8653657505625,0.0,0.0
44.43422658846452,100000000.0,682.3541783145486,682.3541783145484,249.11260088038955,0.0,0.0
44.43422658846452,100000000.0,682.4549612170936,682.4549612170938,249.21338378293464,0.0,0.0
44.43422658846452,100000000.0,682.5172928668466,682.5172928668464,249.27571543268743,0.0,0.0
44.43422658846452,100000000.0,683.0172851925416,683.0172851925417,249.7757077583827,0.0,0.0
44.43422658846452,100000000.0,683.0556916841568,683.0556916841566,249.8141142499977,0.0,0.0
44.43422658846452,100000000.0,683.1963155222795,683.1963155222794,249.95473808812028,0.0,0.0
44.43422658846452,100000000.0,683.3720099139134,683.3720099139134,250.13043247975438,0.0,0.0
44.43422658846452,100000000.0,683.4482901474688,683.4482901474687,250.2067127133097,0.0,0.0
44.43422658846452,100000000.0,683.6584894751754,683.6584894751757,250.41691204101647,0.0,0.0
44.43422658846452,100000000.0,683.6955775687825,683.6955775687826,250.45400013462333,0.0,0.0
44.43422658846452,100000000.0,683.9046844281307,683.9046844281307,250.66310699397164,0.0,0.0
44.43422658846452,100000000.0,683.9499081458051,683.9499081458052,250.70833071164606,0.0,0.0
44.43422658846452,100000000.0,684.4579725456275,684.4579725456274,251.21639511146844,0.0,0.0
44.43422658846452,100000000.0,684.6218263499811,684.6218263499811,251.38024891582208,0.0,0.0
44.43422658846452,100000000.0,684.785177301829,684.7851773018289,251.54359986766985,0.0,0.0
44.43422658846452,100000000.0,684.89207424611,684.8920742461102,251.65049681195092,0.0,0.0
44.43422658846452,100000000.0,685.0648149566897,685.0648149566897,251.82323752253063,0.0,0.0
44.43422658846452,100000000.0,685.3948890764402,685.3948890764403,252.15331164228127,0.0,0.0
44.43422658846452,100000000.0,685.434512636419,685.434512636419,252.19293520225992,0.0,0.0
44.43422658846452,100000000.0,685.8872300693519,685.8872300693517,252.64565263519273,0.0,0.0
44.43422658846452,100000000.0,686.3209718455398,686.32097184554,253.0793944113808,0.0,0.0
44.43422658846452,100000000.0,686.5217005635074,686.5217005635075,253.28012312934834,0.0,0.0
44.43422658846452,100000000.0,686.6054896656709,686.605489665671,253.36391223151202,0.0,0.0
44.43422658846452,100000000.0,686.6989876449251,686.6989876449253,253.45741021076614,0.0,0.0
44.43422658846452,100000000.0,686.827344847373,686.8273448473731,253.58576741321383,0.0,0.0
44.43422658846452,100000000.0,687.0202973037096,687.0202973037099,253.77871986955074,0.0,0.0
44.43422658846452,100000000.0,687.1188808345175,687.1188808345175,253.87730340035836,0.0,0.0
44.43422658846452,100000000.0,687.3582674340249,687.3582674340252,254.1166899998659,0.0,0.0
44.43422658846452,100000000.0,687.376098488986,687.376098488986,254.1345210548269,0.0,0.0
44.43422658846452,100000000.0,687.4338504384854,687.4338504384854,254.19227300432635,0.0,0.0
44.43422658846452,100000000.0,687.7284205365152,687.7284205365152,254.48684310235612,0.0,0.0
44.43422658846452,100000000.0,687.7357988961203,687.7357988961203,254.49422146196122,0.0,0.0
44.43422658846452,100000000.0,688.4420681791743,688.4420681791744,255.20049074501532,0.0,0.0
44.43422658846452,100000000.0,688.556190697965,688.5561906979648,255.31461326380577,0.0,0.0
44.43422658846452,100000000.0,688.7581506099007,688.7581506099003,255.51657317574157,0.0,0.0
44.43422658846452,100000000.0,689.1687515499588,689.1687515499588,255.92717411579974,0.0,0.0
44.43422658846452,100000000.0,689.4736591045369,689.4736591045369,256.2320816703778,0.0,0.0
44.43422658846452,100000000.0,689.8451428932435,689.8451428932437,256.60356545908445,0.0,0.0
44.43422658846452,100000000.0,689.9305682758649,689.930568275865,256.6889908417059,0.0,0.0
44.43422658846452,100000000.0,690.0455315799202,690.0455315799203,256.80395414576117,0.0,0.0
44.43422658846452,100000000.0,690.0541088713983,690.0541088713983,256.81253143723916,0.0,0.0
44.43422658846452,100000000.0,690.1139909869491,690.1139909869493,256.8724135527902,0.0,0.0
44.43422658846452,100000000.0,690.7612689099918,690.7612689099918,257.5196914758327,0.0,0.0
44.43422658846452,100000000.0,690.9348115383814,690.9348115383815,257.6932341042225,0.0,0.0
44.43422658846452,100000000.0,691.1439569876925,691.1439569876925,257.90237955353314,0.0,0.0
44.43422658846452,100000000.0,691.3402530963973,691.3402530963974,258.0986756622383,0.0,0.0
44.43422658846452,100000000.0,691.6106513973756,691.6106513973757,258.36907396321647,0.0,0.0
44.43422658846452,100000000.0,691.7527242717813,691.7527242717814,258.5111468376223,0.0,0.0
44.43422658846452,100000000.0,691.8765391752175,691.8765391752177,258.63496174105865,0.0,0.0
44.43422658846452,100000000.0,691.893993319536,691.8939933195359,258.6524158853769,0.0,0.0
44.43422658846452,100000000.0,692.0178786394252,692.0178786394251,258.77630120526607,0.0,0.0
44.43422658846452,100000000.0,692.0589757073415,692.0589757073415,258.81739827318245,0.0,0.0
44.43422658846452,100000000.0,692.305245728192,692.3052457281917,259.0636682940328,0.0,0.0
44.43422658846452,100000000.0,692.5169026927301,692.5169026927301,259.27532525857106,0.0,0.0
44.43422658846452,100000000.0,692.530438942947,692.5304389429471,259.28886150878793,0.0,0.0
44.43422658846452,100000000.0,692.5432011931169,692.5432011931168,259.3016237589579,0.0,0.0
44.43422658846452,100000000.0,692.6432849376165,692.6432849376165,259.40170750345743,0.0,0.0
44.43422658846452,100000000.0,692.8187203206356,692.8187203206357,259.5771428864766,0.0,0.0
44.43422658846452,100000000.0,692.9303374452611,692.9303374452612,259.6887600111019,0.0,0.0
44.43422658846452,100000000.0,693.1114255975677,693.1114255975676,259.86984816340885,0.0,0.0
44.43422658846452,100000000.0,693.1202353807408,693.1202353807408,259.87865794658165,0.0,0.0
44.43422658846452,100000000.0,693.3088995236002,693.3088995236003,260.0673220894413,0.0,0.0
44.43422658846452,100000000.0,693.4030524274534,693.4030524274535,260.1614749932944,0.0,0.0
44.43422658846452,100000000.0,694.1677859052606,694.1677859052609,260.9262084711017,0.0,0.0
44.43422658846452,100000000.0,694.1990857924766,694.1990857924765,260.9575083583174,0.0,0.0
44.43422658846452,100000000.0,694.2743870879959,694.2743870879959,261.03280965383703,0.0,0.0
44.43422658846452,100000000.0,694.5126589765971,694.5126589765971,261.27108154243797,0.0,0.0
44.43422658846452,100000000.0,694.6752048774975,694.6752048774973,261.43362744333837,0.0,0.0
44.43422658846452,100000000.0,694.7788835926833,694.7788835926834,261.5373061585245,0.0,0.0
44.43422658846452,100000000.0,694.9018171759973,694.9018171759974,261.6602397418383,0.0,0.0
44.43422658846452,100000000.0,695.6347446168123,695.6347446168124,262.3931671826534,0.0,0.0
44.43422658846452,100000000.0,695.829811327442,695.829811327442,262.5882338932829,0.0,0.0
44.43422658846452,100000000.0,696.8006443972005,696.8006443972005,263.55906696304135,0.0,0.0
44.43422658846452,100000000.0,696.9589981114077,696.9589981114077,263.7174206772487,0.0,0.0
44.43422658846452,100000000.0,697.083726377583,697.0837263775832,263.84214894342404,0.0,0.0
44.43422658846452,100000000.0,697.4979635236468,697.4979635236467,264.2563860894878,0.0,0.0
44.43422658846452,100000000.0,697.5575850002758,697.5575850002758,264.31600756611675,0.0,0.0
44.43422658846452,100000000.0,699.4572268066883,699.4572268066885,266.2156493725292,0.0,0.0
44.43422658846452,100000000.0,700.0785504564101,700.07855045641,266.8369730222509,0.0,0.0
44.43422658846452,100000000.0,700.1169697142321,700.1169697142324,266.87539228007313,0.0,0.0
44.43422658846452,100000000.0,700.1768213193408,700.1768213193409,266.93524388518176,0.0,0.0
44.43422658846452,100000000.0,700.3767034996251,700.3767034996254,267.1351260654662,0.0,0.0
44.43422658846452,100000000.0,700.6657212283203,700.6657212283201,267.4241437941611,0.0,0.0
44.43422658846452,100000000.0,701.3729488570937,701.3729488570934,268.1313714229345,0.0,0.0
44.43422658846452,100000000.0,701.6138022513469,701.6138022513469,268.3722248171878,0.0,0.0
33.99696567208978,100000000.0,-1.0,555.8015638918708,176.635486831183,1.0,1.0
33.99696567208978,100000000.0,627.7404714302053,627.7404714302053,194.4988939960461,0.0,0.0
33.99696567208978,100000000.0,628.364701217862,628.3647012178621,195.123123783703,0.0,0.0
33.99696567208978,100000000.0,-1.0,560.7687298177127,179.493115756195,1.0,1.0
33.99696567208978,100000000.0,-1.0,561.2494697728142,182.0833927121263,1.0,1.0
33.99696567208978,100000000.0,-1.0,561.9471953478889,178.3546385551681,1.0,1.0
33.99696567208978,100000000.0,-1.0,562.0843805629992,177.79380744658056,1.0,1.0
33.99696567208978,100000000.0,630.4048033051557,630.4048033051558,197.1632258709966,0.0,0.0
33.99696567208978,100000000.0,-1.0,494.5725115151914,165.49512156037713,2.0,2.0
33.99696567208978,100000000.0,630.5996514104235,630.5996514104235,197.35807397626445,0.0,0.0
33.99696567208978,100000000.0,-1.0,563.1553109550064,179.99692035061884,1.0,1.0
33.99696567208978,100000000.0,-1.0,563.537905698593,179.620400703023,1.0,1.0
33.99696567208978,100000000.0,631.592133565241,631.5921335652409,198.35055613108193,0.0,0.0
33.99696567208978,100000000.0,631.8987378970475,631.8987378970475,198.65716046288853,0.0,0.0
33.99696567208978,100000000.0,631.9310354035175,631.9310354035174,198.68945796935836,0.0,0.0
33.99696567208978,100000000.0,-1.0,496.0799967688736,161.27324292120935,2.0,2.0
33.99696567208978,100000000.0,632.2377902348567,632.2377902348567,198.9962128006976,0.0,0.0
33.99696567208978,100000000.0,-1.0,496.4737779951612,165.59944055586107,2.0,2.0
33.99696567208978,100000000.0,-1.0,564.9600899851334,179.69330266120878,1.0,1.0
33.99696567208978,100000000.0,-1.0,565.1054683505404,184.75760602179332,1.0,1.0
33.99696567208978,100000000.0,633.2844312080148,633.2844312080148,200.0428537738558,0.0,0.0
33.99696567208978,100000000.0,-1.0,565.5389752490624,186.52905449342435,1.0,1.0
33.99696567208978,100000000.0,633.5370638218417,633.5370638218416,200.2954863876824,0.0,0.0
33.99696567208978,100000000.0,633.7314007591343,633.7314007591344,200.4898233249753,0.0,0.0
33.99696567208978,100000000.0,-1.0,565.7394696358823,186.63453375569972,1.0,1.0
33.99696567208978,100000000.0,634.0312800151579,634.0312800151579,200.78970258099878,0.0,0.0
33.99696567208978,100000000.0,-1.0,566.0744469773664,181.5621856334547,1.0,1.0
33.99696567208978,100000000.0,634.1403292708397,634.1403292708399,200.89875183668067,0.0,0.0
33.99696567208978,100000000.0,-1.0,566.2580468188446,178.61966808534265,1.0,1.0
33.99696567208978,100000000.0,-1.0,566.2821116719869,183.7236095208688,1.0,1.0
33.99696567208978,100000000.0,-1.0,566.4512425572688,185.92788447653038,1.0,1.0
33.99696567208978,100000000.0,634.490853241979,634.4908532419792,201.2492758078201,0.0,0.0
33.99696567208978,100000000.0,634.5022156010925,634.5022156010924,201.26063816693338,0.0,0.0
33.99696567208978,100000000.0,-1.0,498.6307629043521,169.43179627754833,2.0,2.0
33.99696567208978,100000000.0,-1.0,566.6596673139512,184.79373075905028,1.0,1.0
33.99696567208978,100000000.0,-1.0,566.9266184933463,183.33406170062523,1.0,1.0
33.99696567208978,100000000.0,-1.0,567.2598019367057,179.5659187999793,1.0,1.0
33.99696567208978,100000000.0,635.3989319443783,635.3989319443782,202.15735451021916,0.0,0.0
33.99696567208978,100000000.0,635.5375359631504,635.5375359631504,202.2959585289914,0.0,0.0
33.99696567208978,100000000.0,635.6048531823932,635.6048531823932,202.36327574823406,0.0,0.0
33.99696567208978,100000000.0,-1.0,568.066991495257,182.16023974979814,1.0,1.0
33.99696567208978,100000000.0,-1.0,568.1676655967906,184.3766072282186,1.0,1.0
33.99696567208978,100000000.0,-1.0,568.4740843338594,188.25266863211021,1.0,1.0
33.99696567208978,100000000.0,-1.0,568.5011206057185,182.00277416502755,1.0,1.0
33.99696567208978,100000000.0,-1.0,500.7316937730057,166.66654876876615,2.0,2.0
33.99696567208978,100000000.0,-1.0,569.0868624980321,190.629996537622,1.0,1.0
33.99696567208978,100000000.0,-1.0,569.1282834822279,188.60492540148957,1.0,1.0
33.99696567208978,100000000.0,-1.0,569.287563873879,184.95556827788812,1.0,1.0
33.99696567208978,100000000.0,-1.0,569.3466681284713,190.3070376947812,1.0,1.0
33.99696567208978,100000000.0,-1.0,569.4894613272867,185.65105127573304,1.0,1.0
33.99696567208978,100000000.0,637.8076442284316,637.8076442284317,204.56606679427261,0.0,0.0
33.99696567208978,100000000.0,-1.0,569.8419643126477,185.13091984904602,1.0,1.0
33.99696567208978,100000000.0,637.9170971406601,637.9170971406602,204.67551970650115,0.0,0.0
33.99696567208978,100000000.0,-1.0,569.9696783731179,189.95027606792723,1.0,1.0
33.99696567208978,100000000.0,-1.0,570.044749906066,189.04714572783197,1.0,1.0
33.99696567208978,100000000.0,-1.0,502.10203898070125,173.12949117903523,2.0,2.0
33.99696567208978,100000000.0,-1.0,570.152853150699,188.8772390891814,1.0,1.0
33.99696567208978,100000000.0,-1.0,502.19513918827363,170.06999092812873,3.0,1.0
33.99696567208978,100000000.0,-1.0,570.3276284810751,185.57784875886725,1.0,1.0
33.99696567208978,100000000.0,-1.0,570.3580296863648,189.715488194166,1.0,1.0
33.99696567208978,100000000.0,638.4193195850447,638.4193195850446,205.17774215088562,0.0,0.0
33.99696567208978,100000000.0,638.4366430262502,638.4366430262502,205.1950655920911,0.0,0.0
33.99696567208978,100000000.0,-1.0,570.5546455771317,187.69618950241914,1.0,1.0
33.99696567208978,100000000.0,-1.0,570.805766842109,187.53680011793625,1.0,1.0
33.99696567208978,100000000.0,-1.0,570.9208206772416,192.38514601909938,1.0,1.0
33.99696567208978,100000000.0,638.949049842793,638.9490498427931,205.70747240863386,0.0,0.0
33.99696567208978,100000000.0,-1.0,571.4125749134348,183.38364593680208,1.0,1.0
33.99696567208978,100000000.0,-1.0,571.5295920230138,177.81061479145922,1.0,1.0
33.99696567208978,100000000.0,-1.0,571.550282795654,180.91499512601519,1.0,1.0
33.99696567208978,100000000.0,639.6018248261543,639.6018248261544,206.36024739199516,0.0,0.0
33.99696567208978,100000000.0,639.6679725671022,639.6679725671024,206.42639513294324,0.0,0.0
33.99696567208978,100000000.0,-1.0,571.6912496975192,184.0528709640174,1.0,1.0
33.99696567208978,100000000.0,-1.0,571.9096698481013,191.86661200403742,1.0,1.0
33.99696567208978,100000000.0,-1.0,572.3145132222426,182.56093707257608,1.0,1.0
33.99696567208978,100000000.0,-1.0,572.4741698136864,189.5448737442652,1.0,1.0
33.99696567208978,100000000.0,640.4875374984189,640.4875374984189,207.2459600642598,0.0,0.0
33.99696567208978,100000000.0,-1.0,572.5910013656334,192.06764328489507,1.0,1.0
33.99696567208978,100000000.0,-1.0,572.5991728764517,186.60197000030146,1.0,1.0
33.99696567208978,100000000.0,-1.0,572.656715825535,182.63050187503256,1.0,1.0
33.99696567208978,100000000.0,640.8291721502147,640.8291721502147,207.58759471605572,0.0,0.0
33.99696567208978,100000000.0,-1.0,572.9764574004732,190.43618350708277,1.0,1.0
33.99696567208978,100000000.0,-1.0,573.0142703966285,194.4785957384861,1.0,1.0
33.99696567208978,100000000.0,-1.0,573.4459638520038,188.97126374544516,1.0,1.0
33.99696567208978,100000000.0,-1.0,573.5520409976986,190.91138668049518,1.0,1.0
33.99696567208978,100000000.0,641.5623528112819,641.5623528112818,208.32077537712274,0.0,0.0
33.99696567208978,100000000.0,641.5960691697348,641.5960691697348,208.35449173557586,0.0,0.0
33.99696567208978,100000000.0,-1.0,573.7525786810975,189.37119781914197,1.0,1.0
33.99696567208978,100000000.0,-1.0,573.8053915945907,190.89715679651232,1.0,1.0
33.99696567208978,100000000.0,642.2520682586904,642.2520682586905,209.0104908245313,0.0,0.0
33.99696567208978,100000000.0,642.2852265291752,642.2852265291754,209.04364909501635,0.0,0.0
33.99696567208978,100000000.0,-1.0,574.4125430898038,190.63220485354293,1.0,1.0
33.99696567208978,100000000.0,-1.0,574.5287449654372,175.29017884053306,1.0,1.0
33.99696567208978,100000000.0,-1.0,574.553333189375,177.87641002069057,1.0,1.0
33.99696567208978,100000000.0,642.9527382580059,642.9527382580059,209.71116082384685,0.0,0.0
33.99696567208978,100000000.0,-1.0,575.5671647463544,187.5905206759041,1.0,1.0
33.99696567208978,100000000.0,-1.0,575.7041571028543,192.79592230477587,1.0,1.0
33.99696567208978,100000000.0,-1.0,576.0183427503827,195.79692704863362,1.0,1.0
33.99696567208978,100000000.0,-1.0,576.1066445973954,190.02469133584006,1.0,1.0
33.99696567208978,100000000.0,-1.0,508.15912706961274,173.2298681328224,2.0,2.0
33.99696567208978,100000000.0,-1.0,576.2104912076895,193.17367727529157,1.0,1.0
33.99696567208978,100000000.0,-1.0,576.302921196337,193.03395447216408,1.0,1.0
33.99696567208978,100000000.0,-1.0,508.43890021231755,171.1021922074249,2.0,2.0
33.99696567208978,100000000.0,-1.0,576.689769815828,194.45134591255058,1.0,1.0
33.99696567208978,100000000.0,-1.0,577.578392596415,194.92395776757525,1.0,1.0
33.99696567208978,100000000.0,-1.0,509.61839327102825,176.3782431875006,2.0,2.0
33.99696567208978,100000000.0,-1.0,509.67339797911046,169.44390617148483,2.0,2.0
33.99696567208978,100000000.0,645.7096199646778,645.7096199646778,212.46804253051866,0.0,0.0
33.99696567208978,100000000.0,-1.0,578.2767792610883,198.48952974767278,1.0,1.0
33.99696567208978,100000000.0,-1.0,510.3500083498993,171.12774379753668,2.0,2.0
33.99696567208978,100000000.0,-1.0,579.0109330133074,178.28671717635845,1.0,1.0
33.99696567208978,100000000.0,-1.0,579.012161512593,195.97534758019515,1.0,1.0
33.99696567208978,100000000.0,-1.0,579.2542213999648,198.80065290644077,1.0,1.0
33.99696567208978,100000000.0,-1.0,579.3528376860429,196.70181313772943,1.0,1.0
33.99696567208978,100000000.0,-1.0,579.5555595681601,196.05120977534392,1.0,1.0
33.99696567208978,100000000.0,-1.0,579.7696163967419,196.1770596040211,1.0,1.0
33.99696567208978,100000000.0,-1.0,580.8997547777601,197.28828087958743,1.0,1.0
33.99696567208978,100000000.0,-1.0,513.8608015308675,177.47532341309974,2.0,2.0
33.99696567208978,100000000.0,-1.0,581.8559463847641,195.3982126380289,1.0,1.0
33.99696567208978,100000000.0,-1.0,582.83367582477,198.06047404528255,1.0,1.0
33.99696567208978,100000000.0,-1.0,514.9402974256043,175.82880021710127,2.0,2.0
33.99696567208978,100000000.0,-1.0,584.593070373567,193.82592568141814,1.0,1.0
33.99696567208978,100000000.0,655.8324612357369,655.8324612357369,222.59088380157792,0.0,0.0
33.99696567208978,100000000.0,655.969970851478,655.9699708514779,222.72839341731907,0.0,0.0
33.99696567208978,100000000.0,657.0590688723156,657.0590688723156,223.8174914381565,0.0,0.0
33.99696567208978,100000000.0,-1.0,589.3529571221588,200.7868266558863,1.0,1.0
33.99696567208978,100000000.0,657.7895823846526,657.7895823846525,224.54800495049352,0.0,0.0
33.99696567208978,100000000.0,658.9973264509402,658.9973264509404,225.7557490167814,0.0,0.0
33.99696567208978,100000000.0,663.9671817055586,663.9671817055583,230.72560427139933,0.0,0.0
37.3531961777965,100000000.0,627.4971383373681,627.4971383373681,194.25556090320916,0.0,0.0
37.3531961777965,100000000.0,636.7786219304024,636.7786219304024,203.53704449624345,0.0,0.0
37.3531961777965,100000000.0,638.0867134877233,638.0867134877233,204.84513605356418,0.0,0.0
37.3531961777965,100000000.0,639.4800135357294,639.4800135357294,206.2384361015703,0.0,0.0
37.3531961777965,100000000.0,639.7314627305661,639.7314627305662,206.48988529640724,0.0,0.0
37.3531961777965,100000000.0,640.2163950044384,640.2163950044384,206.9748175702794,0.0,0.0
37.3531961777965,100000000.0,640.622490229197,640.6224902291968,207.38091279503783,0.0,0.0
37.3531961777965,100000000.0,640.7081009913317,640.7081009913315,207.4665235571725,0.0,0.0
37.3531961777965,100000000.0,640.8668477839876,640.8668477839875,207.6252703498285,0.0,0.0
37.3531961777965,100000000.0,642.1364570464538,642.1364570464538,208.89487961229463,0.0,0.0
37.3531961777965,100000000.0,642.6506699720599,642.65066997206,209.40909253790102,0.0,0.0
37.3531961777965,100000000.0,643.2057449282365,643.2057449282365,209.96416749407751,0.0,0.0
37.3531961777965,100000000.0,643.2416930584795,643.2416930584794,210.0001156243205,0.0,0.0
37.3531961777965,100000000.0,643.8060497177289,643.8060497177291,210.56447228356996,0.0,0.0
37.3531961777965,100000000.0,644.310866422576,644.310866422576,211.069288988417,0.0,0.0
37.3531961777965,100000000.0,644.6022185059514,644.6022185059517,211.3606410717925,0.0,0.0
37.3531961777965,100000000.0,645.1905266726045,645.1905266726046,211.94894923844558,0.0,0.0
37.3531961777965,100000000.0,645.2063735596897,645.2063735596897,211.96479612553077,0.0,0.0
37.3531961777965,100000000.0,645.7896549871723,645.7896549871723,212.5480775530133,0.0,0.0
37.3531961777965,100000000.0,645.8118291390289,645.811829139029,212.5702517048699,0.0,0.0
37.3531961777965,100000000.0,-1.0,571.1834535248353,188.55132247769572,1.0,1.0
37.3531961777965,100000000.0,646.8251238434431,646.825123843443,213.58354640928388,0.0,0.0
37.3531961777965,100000000.0,647.2884147852969,647.2884147852969,214.04683735113795,0.0,0.0
37.3531961777965,100000000.0,647.4647418613974,647.4647418613977,214.22316442723852,0.0,0.0
37.3531961777965,100000000.0,647.5873866279352,647.5873866279354,214.3458091937764,0.0,0.0
37.3531961777965,100000000.0,647.666632654853,647.666632654853,214.42505522069388,0.0,0.0
37.3531961777965,100000000.0,647.7176735973449,647.7176735973447,214.47609616318582,0.0,0.0
37.3531961777965,100000000.0,647.8074507095928,647.8074507095928,214.56587327543366,0.0,0.0
37.3531961777965,100000000.0,647.8573784350906,647.8573784350906,214.6158010009315,0.0,0.0
37.3531961777965,100000000.0,647.9116907192995,647.9116907192995,214.67011328514056,0.0,0.0
37.3531961777965,100000000.0,647.9426411588757,647.9426411588759,214.7010637247167,0.0,0.0
37.3531961777965,100000000.0,647.9872811368026,647.9872811368026,214.74570370264368,0.0,0.0
37.3531961777965,100000000.0,648.30063722769,648.3006372276901,215.0590597935311,0.0,0.0
37.3531961777965,100000000.0,648.5678487175469,648.5678487175469,215.32627128338785,0.0,0.0
37.3531961777965,100000000.0,-1.0,574.0063314180129,187.50267847982877,1.0,1.0
37.3531961777965,100000000.0,648.9607090766523,648.9607090766525,215.71913164249332,0.0,0.0
37.3531961777965,100000000.0,649.1375876050168,649.1375876050167,215.8960101708578,0.0,0.0
37.3531961777965,100000000.0,649.1609864608524,649.1609864608523,215.9194090266933,0.0,0.0
37.3531961777965,100000000.0,649.2133930644433,649.2133930644435,215.97181563028445,0.0,0.0
37.3531961777965,100000000.0,649.3758221481318,649.375822148132,216.13424471397286,0.0,0.0
37.3531961777965,100000000.0,649.5488156146738,649.5488156146739,216.30723818051473,0.0,0.0
37.3531961777965,100000000.0,649.9027758007734,649.9027758007733,216.66119836661426,0.0,0.0
37.3531961777965,100000000.0,649.9890750889673,649.9890750889675,216.7474976548083,0.0,0.0
37.3531961777965,100000000.0,650.2147901068934,650.2147901068931,216.97321267273415,0.0,0.0
37.3531961777965,100000000.0,650.4835442082144,650.4835442082142,217.2419667740553,0.0,0.0
37.3531961777965,100000000.0,650.6412276263472,650.6412276263474,217.3996501921882,0.0,0.0
37.3531961777965,100000000.0,650.8807737901403,650.8807737901406,217.63919635598123,0.0,0.0
37.3531961777965,100000000.0,650.9970816270096,650.9970816270096,217.7555041928505,0.0,0.0
37.3531961777965,100000000.0,651.1263533601186,651.1263533601185,217.88477592595953,0.0,0.0
37.3531961777965,100000000.0,651.4889164436819,651.4889164436818,218.2473390095227,0.0,0.0
37.3531961777965,100000000.0,651.7921203828129,651.7921203828128,218.55054294865374,0.0,0.0
37.3531961777965,100000000.0,651.9188883958576,651.9188883958575,218.67731096169868,0.0,0.0
37.3531961777965,100000000.0,652.2197931557815,652.2197931557818,218.97821572162263,0.0,0.0
37.3531961777965,100000000.0,652.319173326817,652.3191733268169,219.07759589265783,0.0,0.0
37.3531961777965,100000000.0,652.3654586247948,652.3654586247947,219.1238811906355,0.0,0.0
37.3531961777965,100000000.0,652.8350922376812,652.8350922376812,219.59351480352217,0.0,0.0
37.3531961777965,100000000.0,653.709611477628,653.7096114776278,220.4680340434689,0.0,0.0
37.3531961777965,100000000.0,653.8106083521365,653.8106083521365,220.56903091797733,0.0,0.0
37.3531961777965,100000000.0,653.8391334902403,653.8391334902403,220.5975560560813,0.0,0.0
37.3531961777965,100000000.0,654.1205754716775,654.1205754716775,220.8789980375184,0.0,0.0
37.3531961777965,100000000.0,654.5752934687974,654.5752934687974,221.33371603463834,0.0,0.0
37.3531961777965,100000000.0,654.7489442670922,654.748944267092,221.50736683293303,0.0,0.0
37.3531961777965,100000000.0,654.8259374629284,654.8259374629284,221.58436002876942,0.0,0.0
37.3531961777965,100000000.0,654.875286891393,654.8752868913928,221.63370945723378,0.0,0.0
37.3531961777965,100000000.0,654.9427528001589,654.9427528001588,221.70117536599983,0.0,0.0
37.3531961777965,100000000.0,655.0301877533557,655.0301877533554,221.7886103191966,0.0,0.0
37.3531961777965,100000000.0,655.0524505961615,655.0524505961616,221.81087316200257,0.0,0.0
37.3531961777965,100000000.0,655.1172404896776,655.1172404896776,221.87566305551843,0.0,0.0
37.3531961777965,100000000.0,655.3860299585615,655.3860299585615,222.14445252440254,0.0,0.0
37.3531961777965,100000000.0,655.3909737092538,655.3909737092538,222.14939627509474,0.0,0.0
37.3531961777965,100000000.0,655.3975029656691,655.3975029656691,222.15592553150995,0.0,0.0
37.3531961777965,100000000.0,655.5441112567971,655.5441112567972,222.30253382263814,0.0,0.0
37.3531961777965,100000000.0,655.5910698208496,655.5910698208495,222.3494923866906,0.0,0.0
37.3531961777965,100000000.0,655.6539393671931,655.6539393671932,222.41236193303402,0.0,0.0
37.3531961777965,100000000.0,655.7627289193431,655.7627289193432,222.52115148518422,0.0,0.0
37.3531961777965,100000000.0,655.9719600412479,655.9719600412478,222.73038260708873,0.0,0.0
37.3531961777965,100000000.0,656.0824600297817,656.0824600297814,222.8408825956225,0.0,0.0
37.3531961777965,100000000.0,656.0896436331058,656.0896436331057,222.8480661989467,0.0,0.0
37.3531961777965,100000000.0,656.0961083561875,656.0961083561872,222.85453092202837,0.0,0.0
37.3531961777965,100000000.0,656.2638152389409,656.2638152389409,223.0222378047817,0.0,0.0
37.3531961777965,100000000.0,656.3620003642054,656.3620003642056,223.12042293004652,0.0,0.0
37.3531961777965,100000000.0,656.3739818210676,656.3739818210677,223.1324043869085,0.0,0.0
37.3531961777965,100000000.0,656.5693146997071,656.569314699707,223.32773726554794,0.0,0.0
37.3531961777965,100000000.0,656.5962000216314,656.5962000216315,223.35462258747228,0.0,0.0
37.3531961777965,100000000.0,656.8476595553627,656.8476595553626,223.60608212120363,0.0,0.0
37.3531961777965,100000000.0,656.9304721832618,656.930472183262,223.68889474910284,0.0,0.0
37.3531961777965,100000000.0,657.0089594604545,657.0089594604544,223.76738202629542,0.0,0.0
37.3531961777965,100000000.0,657.0555940013548,657.0555940013547,223.8140165671959,0.0,0.0
37.3531961777965,100000000.0,657.4334281448051,657.4334281448052,224.19185071064612,0.0,0.0
37.3531961777965,100000000.0,657.7836171974368,657.7836171974368,224.54203976327776,0.0,0.0
37.3531961777965,100000000.0,657.9695911618111,657.969591161811,224.72801372765204,0.0,0.0
37.3531961777965,100000000.0,658.275973788075,658.275973788075,225.03439635391604,0.0,0.0
37.3531961777965,100000000.0,658.5069691312821,658.506969131282,225.265391697123,0.0,0.0
37.3531961777965,100000000.0,658.6931304066088,658.693130406609,225.45155297244992,0.0,0.0
37.3531961777965,100000000.0,658.7153549330278,658.715354933028,225.4737774988687,0.0,0.0
37.3531961777965,100000000.0,658.7890683026341,658.7890683026342,225.54749086847494,0.0,0.0
37.3531961777965,100000000.0,659.1538844245848,659.1538844245849,225.91230699042583,0.0,0.0
37.3531961777965,100000000.0,659.1778524260214,659.1778524260216,225.93627499186243,0.0,0.0
37.3531961777965,100000000.0,-1.0,584.6069554165473,199.09458932800638,1.0,1.0
37.3531961777965,100000000.0,659.3660006019039,659.3660006019038,226.12442316774488,0.0,0.0
37.3531961777965,100000000.0,659.409619833521,659.4096198335211,226.16804239936212,0.0,0.0
37.3531961777965,100000000.0,659.4619395107372,659.4619395107374,226.2203620765783,0.0,0.0
37.3531961777965,100000000.0,659.5211556552257,659.5211556552257,226.27957822106654,0.0,0.0
37.3531961777965,100000000.0,659.7969967630029,659.796996763003,226.55541932884384,0.0,0.0
37.3531961777965,100000000.0,659.7977318471013,659.7977318471012,226.55615441294222,0.0,0.0
37.3531961777965,100000000.0,660.0067332003109,660.0067332003111,226.7651557661519,0.0,0.0
37.3531961777965,100000000.0,660.0306215040945,660.0306215040945,226.78904406993541,0.0,0.0
37.3531961777965,100000000.0,660.0663192979736,660.0663192979737,226.82474186381464,0.0,0.0
37.3531961777965,100000000.0,660.2279455495808,660.227945549581,226.98636811542195,0.0,0.0
37.3531961777965,100000000.0,660.3223581866796,660.3223581866795,227.08078075252044,0.0,0.0
37.3531961777965,100000000.0,660.4061696515212,660.4061696515212,227.16459221736213,0.0,0.0
37.3531961777965,100000000.0,-1.0,586.008946481442,195.53445631333716,1.0,1.0
37.3531961777965,100000000.0,660.7741402951299,660.7741402951299,227.53256286097087,0.0,0.0
37.3531961777965,100000000.0,661.1872729692382,661.1872729692382,227.94569553507924,0.0,0.0
37.3531961777965,100000000.0,661.6451888805675,661.6451888805675,228.40361144640846,0.0,0.0
37.3531961777965,100000000.0,661.8703584343515,661.8703584343515,228.62878100019253,0.0,0.0
37.3531961777965,100000000.0,663.3388708823085,663.3388708823084,230.0972934481494,0.0,0.0
37.3531961777965,100000000.0,663.8941834376687,663.8941834376687,230.6526060035098,0.0,0.0
37.3531961777965,100000000.0,664.0689971504958,664.0689971504955,230.82741971633646,0.0,0.0
37.3531961777965,100000000.0,664.7638511315641,664.7638511315641,231.52227369740507,0.0,0.0
37.3531961777965,100000000.0,664.9476429776271,664.9476429776273,231.70606554346818,0.0,0.0
37.3531961777965,100000000.0,665.080668775205,665.080668775205,231.83909134104596,0.0,0.0
37.3531961777965,100000000.0,665.2693779448665,665.2693779448666,232.02780051070755,0.0,0.0
37.3531961777965,100000000.0,665.4129274405617,665.4129274405617,232.17135000640266,0.0,0.0
37.3531961777965,100000000.0,666.4259232240295,666.4259232240294,233.18434578987038,0.0,0.0
37.3531961777965,100000000.0,666.5087116489781,666.5087116489779,233.26713421481907,0.0,0.0
37.3531961777965,100000000.0,668.2373482977174,668.2373482977172,234.99577086355822,0.0,0.0
37.3531961777965,100000000.0,670.2092123413463,670.2092123413463,236.9676349071873,0.0,0.0
34.418500732969406,100000000.0,624.5268760260607,624.5268760260606,191.28529859190147,0.0,0.0
34.418500732969406,100000000.0,-1.0,560.010888860098,180.84481179941002,1.0,1.0
34.418500732969406,100000000.0,629.2442254018911,629.2442254018912,196.00264796773192,0.0,0.0
34.418500732969406,100000000.0,-1.0,560.6726517504379,179.2809612930326,1.0,1.0
34.418500732969406,100000000.0,629.7329367295793,629.7329367295795,196.4913592954203,0.0,0.0
34.418500732969406,100000000.0,630.0951187239866,630.0951187239867,196.85354128982766,0.0,0.0
34.418500732969406,100000000.0,-1.0,561.9161563212589,179.99705488059593,1.0,1.0
34.418500732969406,100000000.0,630.770094740343,630.770094740343,197.52851730618391,0.0,0.0
34.418500732969406,100000000.0,630.9917885501238,630.991788550124,197.750211115965,0.0,0.0
34.418500732969406,100000000.0,630.9927167143446,630.9927167143446,197.75113928018567,0.0,0.0
34.418500732969406,100000000.0,-1.0,562.2844830890301,179.3044503423279,1.0,1.0
34.418500732969406,100000000.0,631.4005346721765,631.4005346721766,198.1589572380175,0.0,0.0
34.418500732969406,100000000.0,-1.0,562.8836922827122,180.02523620799965,1.0,1.0
34.418500732969406,100000000.0,631.8379224457962,631.8379224457964,198.5963450116372,0.0,0.0
34.418500732969406,100000000.0,-1.0,563.1492509456024,178.7805056763965,1.0,1.0
34.418500732969406,100000000.0,631.9922330999618,631.9922330999619,198.75065566580287,0.0,0.0
34.418500732969406,100000000.0,-1.0,563.2810765077995,179.44599669219312,1.0,1.0
34.418500732969406,100000000.0,633.7322601734203,633.7322601734203,200.49068273926125,0.0,0.0
34.418500732969406,100000000.0,633.7895379462811,633.7895379462813,200.5479605121221,0.0,0.0
34.418500732969406,100000000.0,633.9408971860055,633.9408971860055,200.69931975184636,0.0,0.0
34.418500732969406,100000000.0,634.1059091478702,634.10590914787,200.86433171371098,0.0,0.0
34.418500732969406,100000000.0,634.3293962621785,634.3293962621785,201.08781882801946,0.0,0.0
34.418500732969406,100000000.0,634.4464650913818,634.446465091382,201.2048876572229,0.0,0.0
34.418500732969406,100000000.0,-1.0,565.7183035449282,181.93988076910566,1.0,1.0
34.418500732969406,100000000.0,634.5732391216254,634.5732391216255,201.33166168746627,0.0,0.0
34.418500732969406,100000000.0,634.7285536245365,634.7285536245367,201.48697619037753,0.0,0.0
34.418500732969406,100000000.0,-1.0,566.0111668774122,186.2239173639966,1.0,1.0
34.418500732969406,100000000.0,-1.0,566.241579493442,181.72931814953034,1.0,1.0
34.418500732969406,100000000.0,635.1548208231737,635.1548208231737,201.91324338901472,0.0,0.0
34.418500732969406,100000000.0,635.2884567227,635.2884567227001,202.04687928854094,0.0,0.0
34.418500732969406,100000000.0,-1.0,566.4591284536136,185.0674379962084,1.0,1.0
34.418500732969406,100000000.0,635.3232695676758,635.3232695676757,202.08169213351658,0.0,0.0
34.418500732969406,100000000.0,-1.0,566.7625372037786,183.46991494073254,1.0,1.0
34.418500732969406,100000000.0,-1.0,566.8363885730547,182.17860068739364,1.0,1.0
34.418500732969406,100000000.0,635.703594282274,635.7035942822741,202.46201684811496,0.0,0.0
34.418500732969406,100000000.0,-1.0,567.4805701843236,184.09002678816108,1.0,1.0
34.418500732969406,100000000.0,-1.0,567.6374794722229,182.979691586562,1.0,1.0
34.418500732969406,100000000.0,636.9818177456822,636.9818177456824,203.74024031152325,0.0,0.0
34.418500732969406,100000000.0,-1.0,568.2020130012704,181.92263711222012,1.0,1.0
34.418500732969406,100000000.0,637.0986533933701,637.0986533933701,203.85707595921113,0.0,0.0
34.418500732969406,100000000.0,-1.0,568.4091934076065,183.75140552194551,1.0,1.0
34.418500732969406,100000000.0,-1.0,568.4160852627094,188.19466956096045,1.0,1.0
34.418500732969406,100000000.0,-1.0,568.4371521092667,182.80863741973914,1.0,1.0
34.418500732969406,100000000.0,-1.0,568.5218905049478,182.0864605399126,1.0,1.0
34.418500732969406,100000000.0,-1.0,569.02745227358,185.86906166919258,1.0,1.0
34.418500732969406,100000000.0,-1.0,569.101585757207,188.64801726368296,1.0,1.0
34.418500732969406,100000000.0,-1.0,569.122754912341,182.04033046516233,1.0,1.0
34.418500732969406,100000000.0,638.1702818956526,638.1702818956526,204.92870446149345,0.0,0.0
34.418500732969406,100000000.0,638.3189401564485,638.3189401564485,205.0773627222896,0.0,0.0
34.418500732969406,100000000.0,638.3365743668303,638.3365743668304,205.09499693267136,0.0,0.0
34.418500732969406,100000000.0,638.3567746065405,638.3567746065404,205.1151971723814,0.0,0.0
34.418500732969406,100000000.0,-1.0,569.5864708004582,187.79381598679322,1.0,1.0
34.418500732969406,100000000.0,638.71236421267,638.7123642126701,205.47078677851107,0.0,0.0
34.418500732969406,100000000.0,-1.0,570.0631774249244,176.16157257772636,1.0,1.0
34.418500732969406,100000000.0,-1.0,570.127050597043,186.96865999265555,1.0,1.0
34.418500732969406,100000000.0,-1.0,570.4693856330035,191.51893412815608,1.0,1.0
34.418500732969406,100000000.0,639.3779843680877,639.3779843680877,206.13640693392867,0.0,0.0
34.418500732969406,100000000.0,-1.0,570.5906341340964,191.42455707340852,1.0,1.0
34.418500732969406,100000000.0,-1.0,571.0371349814902,188.7873403342947,1.0,1.0
34.418500732969406,100000000.0,-1.0,571.1440082158346,187.44087530332828,1.0,1.0
34.418500732969406,100000000.0,-1.0,571.2161048980234,182.216449117524,1.0,1.0
34.418500732969406,100000000.0,-1.0,571.2712208385444,187.35371584297448,1.0,1.0
34.418500732969406,100000000.0,640.1328197272771,640.1328197272771,206.89124229311818,0.0,0.0
34.418500732969406,100000000.0,640.1596296154912,640.1596296154912,206.91805218133206,0.0,0.0
34.418500732969406,100000000.0,-1.0,571.6178457427782,191.83059622936256,1.0,1.0
34.418500732969406,100000000.0,-1.0,571.6556159222042,188.56177677884816,1.0,1.0
34.418500732969406,100000000.0,-1.0,571.8099850915429,188.49123964400437,1.0,1.0
34.418500732969406,100000000.0,-1.0,572.0101095476792,192.2228600342637,1.0,1.0
34.418500732969406,100000000.0,-1.0,572.1206944593272,189.3501832346,1.0,1.0
34.418500732969406,100000000.0,-1.0,572.3371956295751,186.41666337247977,1.0,1.0
34.418500732969406,100000000.0,-1.0,572.5216581189693,187.75882657059216,1.0,1.0
34.418500732969406,100000000.0,-1.0,572.6819848554447,190.23280535133526,1.0,1.0
34.418500732969406,100000000.0,-1.0,504.6252651397518,170.55461985941017,2.0,2.0
34.418500732969406,100000000.0,642.3917706375042,642.3917706375042,209.15019320334522,0.0,0.0
34.418500732969406,100000000.0,-1.0,573.6059799299952,186.08917786848278,1.0,1.0
34.418500732969406,100000000.0,-1.0,573.625222261979,187.93728821634778,1.0,1.0
34.418500732969406,100000000.0,-1.0,573.6356305913886,191.7268993818361,1.0,1.0
34.418500732969406,100000000.0,642.6931760262931,642.693176026293,209.45159859213408,0.0,0.0
34.418500732969406,100000000.0,-1.0,573.8774906114121,189.21970272575118,1.0,1.0
34.418500732969406,100000000.0,-1.0,573.9881088440285,186.16412576524877,1.0,1.0
34.418500732969406,100000000.0,-1.0,574.1751521460577,192.8531092316329,1.0,1.0
34.418500732969406,100000000.0,643.0965194238266,643.0965194238269,209.85494198966768,0.0,0.0
34.418500732969406,100000000.0,643.1551503184558,643.1551503184556,209.91357288429668,0.0,0.0
34.418500732969406,100000000.0,643.369401404343,643.369401404343,210.12782397018395,0.0,0.0
34.418500732969406,100000000.0,-1.0,574.7263498447066,192.2102951934547,1.0,1.0
34.418500732969406,100000000.0,-1.0,574.806111210775,188.8993594653163,1.0,1.0
34.418500732969406,100000000.0,-1.0,574.8230330652607,188.91161808089825,1.0,1.0
34.418500732969406,100000000.0,-1.0,575.1549243073212,189.61730530483203,1.0,1.0
34.418500732969406,100000000.0,644.0333596252169,644.0333596252167,210.79178219105773,0.0,0.0
34.418500732969406,100000000.0,-1.0,575.3443556019669,192.69333105365322,1.0,1.0
34.418500732969406,100000000.0,-1.0,575.5023741347652,194.11068367736002,1.0,1.0
34.418500732969406,100000000.0,-1.0,575.5344739900148,191.1530931280594,1.0,1.0
34.418500732969406,100000000.0,-1.0,575.8097227230936,194.00795063669563,1.0,1.0
34.418500732969406,100000000.0,-1.0,575.8194619793495,197.36259601893943,1.0,1.0
34.418500732969406,100000000.0,-1.0,575.9702847278257,197.42423983857316,1.0,1.0
34.418500732969406,100000000.0,-1.0,507.2355936806055,164.8222419971498,2.0,2.0
34.418500732969406,100000000.0,-1.0,576.5256193478918,192.1442384859366,1.0,1.0
34.418500732969406,100000000.0,-1.0,576.6689110785874,191.52370042665225,1.0,1.0
34.418500732969406,100000000.0,645.8966555187776,645.8966555187777,212.65507808461865,0.0,0.0
34.418500732969406,100000000.0,645.9600327372102,645.9600327372102,212.71845530305126,0.0,0.0
34.418500732969406,100000000.0,-1.0,577.1605019888859,191.98567335107762,1.0,1.0
34.418500732969406,100000000.0,-1.0,577.371529548937,189.74017605074513,1.0,1.0
34.418500732969406,100000000.0,-1.0,508.6949487600493,169.64035957504555,2.0,2.0
34.418500732969406,100000000.0,-1.0,508.9716752142539,174.06807699967658,2.0,2.0
34.418500732969406,100000000.0,-1.0,577.8216129952423,192.04287120407432,1.0,1.0
34.418500732969406,100000000.0,-1.0,578.0464976251363,190.28467186224256,1.0,1.0
34.418500732969406,100000000.0,647.2277968929081,647.2277968929081,213.98621945874902,0.0,0.0
34.418500732969406,100000000.0,647.5222426930288,647.5222426930286,214.28066525886976,0.0,0.0
34.418500732969406,100000000.0,647.5962807916638,647.5962807916638,214.3547033575049,0.0,0.0
34.418500732969406,100000000.0,648.7592114472883,648.7592114472884,215.5176340131293,0.0,0.0
34.418500732969406,100000000.0,-1.0,580.107783928021,197.46528264977104,1.0,1.0
34.418500732969406,100000000.0,-1.0,580.2556761143001,200.03426041255096,1.0,1.0
34.418500732969406,100000000.0,-1.0,580.6881698020629,195.2991490845203,1.0,1.0
34.418500732969406,100000000.0,649.7111528424724,649.7111528424725,216.46957540831332,0.0,0.0
34.418500732969406,100000000.0,-1.0,581.8237637743109,200.84403725590644,1.0,1.0
34.418500732969406,100000000.0,651.6606023498966,651.6606023498966,218.41902491573762,0.0,0.0
34.418500732969406,100000000.0,651.7024218004627,651.7024218004628,218.46084436630383,0.0,0.0
34.418500732969406,100000000.0,-1.0,515.6671530991474,170.40611422790695,2.0,2.0
34.418500732969406,100000000.0,653.3507866425115,653.3507866425116,220.1092092083524,0.0,0.0
34.418500732969406,100000000.0,-1.0,585.0816604178596,201.25675205547483,1.0,1.0
34.418500732969406,100000000.0,653.9191048260875,653.9191048260877,220.67752739192858,0.0,0.0
34.418500732969406,100000000.0,-1.0,517.8667405628709,187.0457850684409,2.0,2.0
34.418500732969406,100000000.0,-1.0,587.3659816830138,203.02694609185986,1.0,1.0
34.418500732969406,100000000.0,656.6484898398345,656.6484898398347,223.40691240567554,0.0,0.0
34.418500732969406,100000000.0,-1.0,452.39719946323265,155.53198895631968,3.0,3.0
34.418500732969406,100000000.0,658.9586225877193,658.9586225877194,225.71704515356038,0.0,0.0
34.418500732969406,100000000.0,659.326296837277,659.326296837277,226.08471940311793,0.0,0.0
34.418500732969406,100000000.0,659.9161787941036,659.9161787941035,226.6746013599445,0.0,0.0
40.453560625105794,100000000.0,638.7754286032541,638.7754286032541,205.53385116909504,0.0,0.0
40.453560625105794,100000000.0,648.0684969157968,648.0684969157968,214.82691948163762,0.0,0.0
40.453560625105794,100000000.0,649.4786533606658,649.478653360666,216.23707592650698,0.0,0.0
40.453560625105794,100000000.0,649.8860201086882,649.8860201086882,216.64444267452905,0.0,0.0
40.453560625105794,100000000.0,651.3516946865107,651.3516946865108,218.11011725235173,0.0,0.0
40.453560625105794,100000000.0,652.4336439966562,652.4336439966563,219.19206656249725,0.0,0.0
40.453560625105794,100000000.0,653.9453974829444,653.9453974829445,220.70382004878542,0.0,0.0
40.453560625105794,100000000.0,654.8574958455392,654.8574958455391,221.61591841137997,0.0,0.0
40.453560625105794,100000000.0,654.8609518473421,654.8609518473421,221.6193744131832,0.0,0.0
40.453560625105794,100000000.0,654.999033231071,654.999033231071,221.75745579691196,0.0,0.0
40.453560625105794,100000000.0,655.1276781331337,655.1276781331338,221.88610069897464,0.0,0.0
40.453560625105794,100000000.0,655.3139219741714,655.3139219741715,222.07234454001255,0.0,0.0
40.453560625105794,100000000.0,655.4790240773639,655.4790240773639,222.23744664320483,0.0,0.0
40.453560625105794,100000000.0,655.8747182921966,655.8747182921969,222.63314085803773,0.0,0.0
40.453560625105794,100000000.0,655.8848883088975,655.8848883088973,222.64331087473823,0.0,0.0
40.453560625105794,100000000.0,656.9903881605233,656.9903881605231,223.74881072636416,0.0,0.0
40.453560625105794,100000000.0,657.1257236997609,657.125723699761,223.884146265602,0.0,0.0
40.453560625105794,100000000.0,657.1836820625481,657.1836820625483,223.942104628389,0.0,0.0
40.453560625105794,100000000.0,657.2893143342218,657.2893143342217,224.04773690006257,0.0,0.0
40.453560625105794,100000000.0,657.738617307471,657.738617307471,224.49703987331213,0.0,0.0
40.453560625105794,100000000.0,658.2437798433804,658.2437798433801,225.00220240922124,0.0,0.0
40.453560625105794,100000000.0,658.4528221998835,658.4528221998836,225.2112447657245,0.0,0.0
40.453560625105794,100000000.0,658.6647932464705,658.6647932464705,225.42321581231147,0.0,0.0
40.453560625105794,100000000.0,659.2312629874451,659.2312629874452,225.9896855532861,0.0,0.0
40.453560625105794,100000000.0,659.573057044963,659.573057044963,226.33147961080397,0.0,0.0
40.453560625105794,100000000.0,660.124492463268,660.1244924632679,226.8829150291088,0.0,0.0
40.453560625105794,100000000.0,660.1269145785925,660.1269145785924,226.88533714443338,0.0,0.0
40.453560625105794,100000000.0,660.6644335953881,660.664433595388,227.42285616122896,0.0,0.0
40.453560625105794,100000000.0,660.8015161213009,660.8015161213009,227.55993868714182,0.0,0.0
40.453560625105794,100000000.0,660.9360329384182,660.9360329384182,227.69445550425922,0.0,0.0
40.453560625105794,100000000.0,661.2259034481757,661.2259034481754,227.98432601401655,0.0,0.0
40.453560625105794,100000000.0,661.4609356117252,661.4609356117252,228.2193581775661,0.0,0.0
40.453560625105794,100000000.0,661.5364994283472,661.5364994283472,228.29492199418814,0.0,0.0
40.453560625105794,100000000.0,661.974530558477,661.9745305584771,228.73295312431804,0.0,0.0
40.453560625105794,100000000.0,662.0268309148138,662.0268309148138,228.78525348065472,0.0,0.0
40.453560625105794,100000000.0,662.5888430043123,662.5888430043123,229.34726557015318,0.0,0.0
40.453560625105794,100000000.0,662.6661595418789,662.6661595418789,229.42458210771977,0.0,0.0
40.453560625105794,100000000.0,663.4717676044437,663.4717676044436,230.23019017028463,0.0,0.0
40.453560625105794,100000000.0,663.5247086957128,663.5247086957129,230.2831312615536,0.0,0.0
40.453560625105794,100000000.0,663.8449105585029,663.8449105585028,230.6033331243438,0.0,0.0
40.453560625105794,100000000.0,663.8913103183816,663.8913103183816,230.64973288422252,0.0,0.0
40.453560625105794,100000000.0,664.0506103030245,664.0506103030245,230.80903286886544,0.0,0.0
40.453560625105794,100000000.0,664.1125378228852,664.1125378228852,230.87096038872616,0.0,0.0
40.453560625105794,100000000.0,664.1176461210184,664.1176461210185,230.87606868685955,0.0,0.0
40.453560625105794,100000000.0,664.3172571997608,664.3172571997608,231.0756797656018,0.0,0.0
40.453560625105794,100000000.0,664.4129881930807,664.4129881930808,231.17141075892175,0.0,0.0
40.453560625105794,100000000.0,664.6388523466156,664.6388523466156,231.39727491245645,0.0,0.0
40.453560625105794,100000000.0,665.2296160294541,665.2296160294542,231.98803859529505,0.0,0.0
40.453560625105794,100000000.0,665.3007974383645,665.3007974383645,232.05922000420554,0.0,0.0
40.453560625105794,100000000.0,665.315936361973,665.3159363619728,232.0743589278139,0.0,0.0
40.453560625105794,100000000.0,665.3674064371709,665.3674064371709,232.12582900301172,0.0,0.0
40.453560625105794,100000000.0,665.8553907146107,665.8553907146107,232.61381328045167,0.0,0.0
40.453560625105794,100000000.0,666.2012655238944,666.2012655238944,232.95968808973527,0.0,0.0
40.453560625105794,100000000.0,666.980260159929,666.9802601599289,233.73868272576982,0.0,0.0
40.453560625105794,100000000.0,666.9848782320848,666.984878232085,233.74330079792583,0.0,0.0
40.453560625105794,100000000.0,667.2544218015033,667.2544218015033,234.01284436734417,0.0,0.0
40.453560625105794,100000000.0,667.3850161219958,667.3850161219958,234.1434386878367,0.0,0.0
40.453560625105794,100000000.0,667.3970794584853,667.3970794584852,234.15550202432632,0.0,0.0
40.453560625105794,100000000.0,667.4961445876161,667.4961445876161,234.25456715345695,0.0,0.0
40.453560625105794,100000000.0,667.613174956664,667.613174956664,234.37159752250497,0.0,0.0
40.453560625105794,100000000.0,667.6827487355142,667.6827487355141,234.44117130135498,0.0,0.0
40.453560625105794,100000000.0,667.8251059574884,667.8251059574884,234.58352852332933,0.0,0.0
40.453560625105794,100000000.0,668.0799092532094,668.0799092532092,234.83833181905007,0.0,0.0
40.453560625105794,100000000.0,668.5491439745194,668.5491439745193,235.3075665403604,0.0,0.0
40.453560625105794,100000000.0,668.6090777871625,668.6090777871625,235.36750035300344,0.0,0.0
40.453560625105794,100000000.0,668.9979231553848,668.9979231553849,235.7563457212257,0.0,0.0
40.453560625105794,100000000.0,669.0643934976573,669.0643934976573,235.82281606349818,0.0,0.0
40.453560625105794,100000000.0,669.5080121224192,669.5080121224192,236.2664346882603,0.0,0.0
40.453560625105794,100000000.0,669.640691011831,669.6406910118307,236.39911357767187,0.0,0.0
40.453560625105794,100000000.0,670.0026918254907,670.0026918254908,236.76111439133163,0.0,0.0
40.453560625105794,100000000.0,670.0725876817336,670.0725876817334,236.8310102475744,0.0,0.0
40.453560625105794,100000000.0,670.1233379716774,670.1233379716772,236.88176053751843,0.0,0.0
40.453560625105794,100000000.0,670.1317896495144,670.1317896495146,236.89021221535543,0.0,0.0
40.453560625105794,100000000.0,670.4033367948048,670.4033367948048,237.16175936064573,0.0,0.0
40.453560625105794,100000000.0,670.7967730110121,670.7967730110121,237.555195576853,0.0,0.0
40.453560625105794,100000000.0,670.8394074599807,670.8394074599809,237.5978300258218,0.0,0.0
40.453560625105794,100000000.0,670.9131046268408,670.9131046268409,237.67152719268174,0.0,0.0
40.453560625105794,100000000.0,670.9709995062553,670.9709995062553,237.72942207209636,0.0,0.0
40.453560625105794,100000000.0,671.0042570881568,671.0042570881566,237.7626796539977,0.0,0.0
40.453560625105794,100000000.0,671.1572095052643,671.1572095052642,237.91563207110514,0.0,0.0
40.453560625105794,100000000.0,671.2365641597282,671.2365641597282,237.99498672556928,0.0,0.0
40.453560625105794,100000000.0,671.6902858360696,671.6902858360697,238.44870840191066,0.0,0.0
40.453560625105794,100000000.0,671.7176461515678,671.717646151568,238.4760687174089,0.0,0.0
40.453560625105794,100000000.0,671.9294125208819,671.9294125208818,238.6878350867228,0.0,0.0
40.453560625105794,100000000.0,-1.0,591.0307986102808,203.1432838527115,1.0,1.0
40.453560625105794,100000000.0,672.1376229484639,672.1376229484641,238.89604551430492,0.0,0.0
40.453560625105794,100000000.0,672.2990176755311,672.2990176755312,239.05744024137203,0.0,0.0
40.453560625105794,100000000.0,672.458451455779,672.458451455779,239.21687402161987,0.0,0.0
40.453560625105794,100000000.0,672.8292185218224,672.8292185218224,239.58764108766337,0.0,0.0
40.453560625105794,100000000.0,672.9697241423423,672.9697241423422,239.7281467081833,0.0,0.0
40.453560625105794,100000000.0,673.0028207214416,673.0028207214415,239.76124328728244,0.0,0.0
40.453560625105794,100000000.0,673.006834490459,673.0068344904591,239.76525705630002,0.0,0.0
40.453560625105794,100000000.0,673.0788789466167,673.0788789466167,239.83730151245766,0.0,0.0
40.453560625105794,100000000.0,673.9125675024534,673.9125675024534,240.67099006829432,0.0,0.0
40.453560625105794,100000000.0,674.1322169684552,674.1322169684552,240.89063953429613,0.0,0.0
40.453560625105794,100000000.0,674.1844434193425,674.1844434193424,240.9428659851834,0.0,0.0
40.453560625105794,100000000.0,674.3092310883521,674.3092310883521,241.06765365419307,0.0,0.0
40.453560625105794,100000000.0,674.4110078351229,674.4110078351229,241.1694304009638,0.0,0.0
40.453560625105794,100000000.0,674.5095565900799,674.5095565900801,241.2679791559209,0.0,0.0
40.453560625105794,100000000.0,674.5656848492913,674.5656848492912,241.32410741513212,0.0,0.0
40.453560625105794,100000000.0,-1.0,593.682751484955,197.31508759666704,1.0,1.0
40.453560625105794,100000000.0,675.0656022852186,675.0656022852186,241.82402485105948,0.0,0.0
40.453560625105794,100000000.0,675.2022075920993,675.2022075920994,241.96063015794033,0.0,0.0
40.453560625105794,100000000.0,675.4613025551612,675.4613025551612,242.21972512100223,0.0,0.0
40.453560625105794,100000000.0,676.0875286506613,676.0875286506613,242.8459512165022,0.0,0.0
40.453560625105794,100000000.0,676.4419524441603,676.4419524441603,243.20037501000135,0.0,0.0
40.453560625105794,100000000.0,676.4787500924007,676.4787500924008,243.23717265824175,0.0,0.0
40.453560625105794,100000000.0,677.4287056720461,677.428705672046,244.18712823788712,0.0,0.0
40.453560625105794,100000000.0,677.4738621533952,677.4738621533952,244.23228471923608,0.0,0.0
40.453560625105794,100000000.0,677.4940166458828,677.4940166458828,244.25243921172367,0.0,0.0
40.453560625105794,100000000.0,677.8920008711864,677.8920008711862,244.65042343702729,0.0,0.0
40.453560625105794,100000000.0,678.0275336615158,678.0275336615158,244.78595622735668,0.0,0.0
40.453560625105794,100000000.0,678.122512793372,678.122512793372,244.88093535921305,0.0,0.0
40.453560625105794,100000000.0,678.1854633354764,678.1854633354765,244.94388590131732,0.0,0.0
40.453560625105794,100000000.0,678.4675281800074,678.4675281800074,245.22595074584837,0.0,0.0
40.453560625105794,100000000.0,678.8933513674077,678.8933513674078,245.6517739332486,0.0,0.0
40.453560625105794,100000000.0,679.026241655159,679.026241655159,245.78466422099996,0.0,0.0
40.453560625105794,100000000.0,679.9007710093878,679.9007710093878,246.65919357522858,0.0,0.0
40.453560625105794,100000000.0,680.5220385141906,680.5220385141906,247.28046108003159,0.0,0.0
40.453560625105794,100000000.0,680.8568829240332,680.8568829240332,247.61530548987415,0.0,0.0
40.453560625105794,100000000.0,681.1606929444198,681.1606929444198,247.91911551026075,0.0,0.0
40.453560625105794,100000000.0,681.39818967823,681.3981896782298,248.15661224407074,0.0,0.0
40.453560625105794,100000000.0,681.5381349129798,681.5381349129798,248.29655747882077,0.0,0.0
40.453560625105794,100000000.0,681.6388548780579,681.638854878058,248.39727744389896,0.0,0.0
40.453560625105794,100000000.0,681.9334447773755,681.9334447773754,248.69186734321633,0.0,0.0
40.453560625105794,100000000.0,682.0088798069568,682.0088798069568,248.76730237279787,0.0,0.0
40.453560625105794,100000000.0,682.770038352125,682.7700383521251,249.528460917966,0.0,0.0
40.453560625105794,100000000.0,687.1789607126867,687.1789607126865,253.9373832785274,0.0,0.0
42.29265315942706,100000000.0,652.7335669327563,652.7335669327563,219.49198949859718,0.0,0.0
42.29265315942706,100000000.0,653.7215499005672,653.7215499005671,220.479972466408,0.0,0.0
42.29265315942706,100000000.0,655.6083820871997,655.6083820871996,222.36680465304062,0.0,0.0
42.29265315942706,100000000.0,655.8632195637636,655.8632195637636,222.62164212960457,0.0,0.0
42.29265315942706,100000000.0,656.7713852664713,656.7713852664713,223.52980783231234,0.0,0.0
42.29265315942706,100000000.0,660.4070792589614,660.4070792589614,227.16550182480222,0.0,0.0
42.29265315942706,100000000.0,662.1447168719659,662.144716871966,228.90313943780683,0.0,0.0
42.29265315942706,100000000.0,662.9772856073819,662.977285607382,229.73570817322283,0.0,0.0
42.29265315942706,100000000.0,663.1451286766187,663.1451286766187,229.90355124245977,0.0,0.0
42.29265315942706,100000000.0,663.2839762553914,663.2839762553912,230.0423988212323,0.0,0.0
42.29265315942706,100000000.0,663.4950301463577,663.4950301463577,230.25345271219877,0.0,0.0
42.29265315942706,100000000.0,665.6494821869699,665.64948218697,232.4079047528109,0.0,0.0
42.29265315942706,100000000.0,665.6872471769811,665.6872471769811,232.4456697428221,0.0,0.0
42.29265315942706,100000000.0,666.7579418713738,666.7579418713738,233.5163644372147,0.0,0.0
42.29265315942706,100000000.0,666.8569073688981,666.8569073688981,233.61532993473915,0.0,0.0
42.29265315942706,100000000.0,666.8682107806324,666.8682107806325,233.6266333464733,0.0,0.0
42.29265315942706,100000000.0,667.0395978798708,667.0395978798709,233.79802044571184,0.0,0.0
42.29265315942706,100000000.0,667.5219448275917,667.5219448275916,234.28036739343264,0.0,0.0
42.29265315942706,100000000.0,667.7676899478672,667.7676899478673,234.52611251370826,0.0,0.0
42.29265315942706,100000000.0,667.8648122234835,667.8648122234831,234.62323478932421,0.0,0.0
42.29265315942706,100000000.0,668.2796385069449,668.2796385069449,235.03806107278587,0.0,0.0
42.29265315942706,100000000.0,668.8378692899399,668.83786928994,235.59629185578112,0.0,0.0
42.29265315942706,100000000.0,669.3189627409633,669.3189627409635,236.07738530680442,0.0,0.0
42.29265315942706,100000000.0,669.5459602773053,669.5459602773053,236.30438284314633,0.0,0.0
42.29265315942706,100000000.0,669.6664067315997,669.6664067315997,236.42482929744068,0.0,0.0
42.29265315942706,100000000.0,669.7453329798686,669.7453329798686,236.50375554570948,0.0,0.0
42.29265315942706,100000000.0,669.7927188046174,669.7927188046175,236.5511413704584,0.0,0.0
42.29265315942706,100000000.0,669.8116179322377,669.8116179322377,236.57004049807878,0.0,0.0
42.29265315942706,100000000.0,670.0810888461733,670.0810888461735,236.83951141201436,0.0,0.0
42.29265315942706,100000000.0,670.1774033173245,670.1774033173244,236.9358258831655,0.0,0.0
42.29265315942706,100000000.0,670.458964059495,670.458964059495,237.21738662533585,0.0,0.0
42.29265315942706,100000000.0,670.6143688195602,670.6143688195602,237.3727913854011,0.0,0.0
42.29265315942706,100000000.0,670.8077564547992,670.8077564547992,237.56617902064025,0.0,0.0
42.29265315942706,100000000.0,670.9260652661873,670.9260652661873,237.68448783202825,0.0,0.0
42.29265315942706,100000000.0,670.9645996127383,670.9645996127384,237.72302217857936,0.0,0.0
42.29265315942706,100000000.0,671.3572566045252,671.3572566045251,238.11567917036612,0.0,0.0
42.29265315942706,100000000.0,671.4496844235229,671.449684423523,238.20810698936384,0.0,0.0
42.29265315942706,100000000.0,671.701898918706,671.701898918706,238.46032148454705,0.0,0.0
42.29265315942706,100000000.0,672.3837361122097,672.3837361122098,239.14215867805078,0.0,0.0
42.29265315942706,100000000.0,672.8691871210393,672.8691871210393,239.62760968688036,0.0,0.0
42.29265315942706,100000000.0,672.87407817692,672.8740781769202,239.63250074276104,0.0,0.0
42.29265315942706,100000000.0,673.1370355922912,673.137035592291,239.89545815813207,0.0,0.0
42.29265315942706,100000000.0,673.2079297072025,673.2079297072028,239.9663522730436,0.0,0.0
42.29265315942706,100000000.0,673.2472819185591,673.2472819185591,240.00570448440004,0.0,0.0
42.29265315942706,100000000.0,673.2490294228448,673.2490294228448,240.00745198868563,0.0,0.0
42.29265315942706,100000000.0,673.3020086286905,673.3020086286905,240.06043119453145,0.0,0.0
42.29265315942706,100000000.0,673.3675225951159,673.3675225951158,240.12594516095672,0.0,0.0
42.29265315942706,100000000.0,673.3738627183757,673.3738627183754,240.13228528421655,0.0,0.0
42.29265315942706,100000000.0,673.529408804354,673.5294088043541,240.2878313701951,0.0,0.0
42.29265315942706,100000000.0,673.6802832275584,673.6802832275586,240.4387057933995,0.0,0.0
42.29265315942706,100000000.0,673.8286504461773,673.8286504461772,240.5870730120182,0.0,0.0
42.29265315942706,100000000.0,673.9282146098192,673.9282146098192,240.68663717566014,0.0,0.0
42.29265315942706,100000000.0,673.9494272103955,673.9494272103956,240.70784977623643,0.0,0.0
42.29265315942706,100000000.0,674.4304282826956,674.4304282826955,241.18885084853653,0.0,0.0
42.29265315942706,100000000.0,674.4760085329276,674.4760085329276,241.23443109876854,0.0,0.0
42.29265315942706,100000000.0,674.7126529790845,674.7126529790842,241.47107554492518,0.0,0.0
42.29265315942706,100000000.0,675.4822063059686,675.4822063059687,242.24062887180955,0.0,0.0
42.29265315942706,100000000.0,675.5087177086934,675.5087177086934,242.2671402745345,0.0,0.0
42.29265315942706,100000000.0,675.6136401599101,675.6136401599102,242.37206272575114,0.0,0.0
42.29265315942706,100000000.0,676.1687913607592,676.1687913607594,242.9272139266004,0.0,0.0
42.29265315942706,100000000.0,676.3105525771728,676.3105525771725,243.06897514301363,0.0,0.0
42.29265315942706,100000000.0,677.0151289118335,677.0151289118335,243.77355147767443,0.0,0.0
42.29265315942706,100000000.0,677.263426908268,677.263426908268,244.02184947410888,0.0,0.0
42.29265315942706,100000000.0,677.3449031586623,677.3449031586622,244.10332572450326,0.0,0.0
42.29265315942706,100000000.0,677.3628320939181,677.3628320939181,244.12125465975905,0.0,0.0
42.29265315942706,100000000.0,677.4283079278478,677.4283079278479,244.1867304936887,0.0,0.0
42.29265315942706,100000000.0,677.7364983531578,677.7364983531577,244.49492091899862,0.0,0.0
42.29265315942706,100000000.0,678.0752674880505,678.0752674880504,244.83369005389142,0.0,0.0
42.29265315942706,100000000.0,678.1929313552373,678.1929313552372,244.9513539210781,0.0,0.0
42.29265315942706,100000000.0,678.2947467129497,678.2947467129497,245.05316927879062,0.0,0.0
42.29265315942706,100000000.0,678.3313578992518,678.3313578992517,245.0897804650926,0.0,0.0
42.29265315942706,100000000.0,678.342531126145,678.342531126145,245.10095369198612,0.0,0.0
42.29265315942706,100000000.0,678.3448212016381,678.344821201638,245.10324376747883,0.0,0.0
42.29265315942706,100000000.0,678.426246889095,678.4262468890948,245.1846694549358,0.0,0.0
42.29265315942706,100000000.0,678.4268880618681,678.4268880618683,245.18531062770916,0.0,0.0
42.29265315942706,100000000.0,678.4549646400687,678.4549646400687,245.21338720590973,0.0,0.0
42.29265315942706,100000000.0,678.9171128513358,678.9171128513358,245.6755354171767,0.0,0.0
42.29265315942706,100000000.0,679.5045538653402,679.5045538653401,246.2629764311811,0.0,0.0
42.29265315942706,100000000.0,679.5046527459388,679.504652745939,246.2630753117799,0.0,0.0
42.29265315942706,100000000.0,679.5497832456102,679.5497832456101,246.30820581145127,0.0,0.0
42.29265315942706,100000000.0,679.7004624626287,679.7004624626287,246.4588850284696,0.0,0.0
42.29265315942706,100000000.0,679.7476492930931,679.7476492930931,246.50607185893395,0.0,0.0
42.29265315942706,100000000.0,679.8447877338723,679.8447877338721,246.60321029971314,0.0,0.0
42.29265315942706,100000000.0,679.9768551194172,679.9768551194172,246.73527768525827,0.0,0.0
42.29265315942706,100000000.0,680.3739942083815,680.3739942083814,247.13241677422235,0.0,0.0
42.29265315942706,100000000.0,680.4636849038826,680.4636849038825,247.22210746972348,0.0,0.0
42.29265315942706,100000000.0,680.7078543156765,680.7078543156764,247.4662768815176,0.0,0.0
42.29265315942706,100000000.0,680.7098676395907,680.7098676395908,247.46829020543174,0.0,0.0
42.29265315942706,100000000.0,681.0150848916858,681.0150848916859,247.77350745752668,0.0,0.0
42.29265315942706,100000000.0,681.335685249779,681.3356852497791,248.09410781562002,0.0,0.0
42.29265315942706,100000000.0,681.4637566018752,681.4637566018753,248.22217916771615,0.0,0.0
42.29265315942706,100000000.0,681.7240325548166,681.7240325548169,248.48245512065762,0.0,0.0
42.29265315942706,100000000.0,682.3198958045479,682.3198958045477,249.07831837038867,0.0,0.0
42.29265315942706,100000000.0,682.4042441866976,682.4042441866977,249.16266675253874,0.0,0.0
42.29265315942706,100000000.0,682.479259323325,682.4792593233251,249.23768188916597,0.0,0.0
42.29265315942706,100000000.0,682.6649364671067,682.6649364671064,249.42335903294745,0.0,0.0
42.29265315942706,100000000.0,682.6744228358102,682.6744228358101,249.43284540165118,0.0,0.0
42.29265315942706,100000000.0,682.714145686768,682.7141456867679,249.4725682526088,0.0,0.0
42.29265315942706,100000000.0,683.1345011012332,683.1345011012334,249.89292366707423,0.0,0.0
42.29265315942706,100000000.0,683.8861413218193,683.8861413218194,250.6445638876603,0.0,0.0
42.29265315942706,100000000.0,684.1754123176376,684.1754123176374,250.93383488347854,0.0,0.0
42.29265315942706,100000000.0,684.5152979016032,684.515297901603,251.27372046744412,0.0,0.0
42.29265315942706,100000000.0,684.7775988818554,684.7775988818554,251.53602144769638,0.0,0.0
42.29265315942706,100000000.0,684.9933117060202,684.9933117060202,251.75173427186118,0.0,0.0
42.29265315942706,100000000.0,685.1527094927882,685.1527094927884,251.9111320586293,0.0,0.0
42.29265315942706,100000000.0,685.4112185454684,685.4112185454683,252.16964111130932,0.0,0.0
42.29265315942706,100000000.0,685.4600860271142,685.4600860271144,252.21850859295523,0.0,0.0
42.29265315942706,100000000.0,685.52318552459,685.5231855245901,252.28160809043092,0.0,0.0
42.29265315942706,100000000.0,685.6189382187023,685.6189382187024,252.37736078454336,0.0,0.0
42.29265315942706,100000000.0,685.7406667334061,685.740666733406,252.49908929924692,0.0,0.0
42.29265315942706,100000000.0,686.0391155592662,686.039115559266,252.79753812510705,0.0,0.0
42.29265315942706,100000000.0,686.1790887567093,686.1790887567091,252.93751132255028,0.0,0.0
42.29265315942706,100000000.0,687.3034479446987,687.3034479446987,254.0618705105398,0.0,0.0
42.29265315942706,100000000.0,687.5127867209442,687.5127867209442,254.2712092867852,0.0,0.0
42.29265315942706,100000000.0,687.949658042105,687.949658042105,254.70808060794604,0.0,0.0
42.29265315942706,100000000.0,688.3279019290982,688.327901929098,255.08632449493902,0.0,0.0
42.29265315942706,100000000.0,688.3388743851045,688.3388743851045,255.09729695094535,0.0,0.0
42.29265315942706,100000000.0,688.4061263064598,688.40612630646,255.16454887230074,0.0,0.0
42.29265315942706,100000000.0,688.5097236905606,688.5097236905607,255.2681462564016,0.0,0.0
42.29265315942706,100000000.0,688.8076690054106,688.8076690054107,255.56609157125158,0.0,0.0
42.29265315942706,100000000.0,-1.0,604.4152805463333,210.69689519930543,1.0,1.0
42.29265315942706,100000000.0,689.2245051709841,689.224505170984,255.98292773682502,0.0,0.0
42.29265315942706,100000000.0,689.7268383571857,689.7268383571858,256.48526092302654,0.0,0.0
42.29265315942706,100000000.0,689.9070332067853,689.9070332067852,256.6654557726262,0.0,0.0
42.29265315942706,100000000.0,690.8075005960877,690.8075005960878,257.5659231619288,0.0,0.0
42.29265315942706,100000000.0,691.1739043780605,691.1739043780606,257.93232694390144,0.0,0.0
42.29265315942706,100000000.0,692.8514698689236,692.8514698689235,259.60989243476456,0.0,0.0
42.29265315942706,100000000.0,693.6389919959199,693.6389919959198,260.39741456176074,0.0,0.0
42.40698367013953,100000000.0,646.739360050281,646.739360050281,213.49778261612198,0.0,0.0
42.40698367013953,100000000.0,661.1355292632759,661.1355292632758,227.89395182911667,0.0,0.0
42.40698367013953,100000000.0,663.4015808453743,663.4015808453743,230.1600034112153,0.0,0.0
42.40698367013953,100000000.0,664.5720837820862,664.5720837820862,231.33050634792724,0.0,0.0
42.40698367013953,100000000.0,665.3430594186418,665.3430594186417,232.1014819844827,0.0,0.0
42.40698367013953,100000000.0,665.6061186614774,665.6061186614772,232.36454122731826,0.0,0.0
42.40698367013953,100000000.0,665.884568898996,665.884568898996,232.64299146483697,0.0,0.0
42.40698367013953,100000000.0,666.0600080799966,666.0600080799968,232.81843064583768,0.0,0.0
42.40698367013953,100000000.0,666.6008349178492,666.6008349178492,233.35925748369,0.0,0.0
42.40698367013953,100000000.0,667.5913052035825,667.5913052035825,234.34972776942342,0.0,0.0
42.40698367013953,100000000.0,667.8460444816769,667.846044481677,234.60446704751797,0.0,0.0
42.40698367013953,100000000.0,667.8783146623598,667.87831466236,234.63673722820093,0.0,0.0
42.40698367013953,100000000.0,668.6948996853619,668.6948996853619,235.45332225120268,0.0,0.0
42.40698367013953,100000000.0,669.0328737076566,669.0328737076566,235.79129627349755,0.0,0.0
42.40698367013953,100000000.0,669.1825774217041,669.1825774217041,235.94099998754498,0.0,0.0
42.40698367013953,100000000.0,669.5230929724868,669.5230929724869,236.2815155383279,0.0,0.0
42.40698367013953,100000000.0,669.6189542997556,669.6189542997556,236.37737686559674,0.0,0.0
42.40698367013953,100000000.0,670.065085550356,670.065085550356,236.823508116197,0.0,0.0
42.40698367013953,100000000.0,670.4329973055944,670.4329973055944,237.19141987143541,0.0,0.0
42.40698367013953,100000000.0,670.5774359733742,670.5774359733742,237.3358585392152,0.0,0.0
42.40698367013953,100000000.0,670.6788867644311,670.6788867644309,237.43730933027203,0.0,0.0
42.40698367013953,100000000.0,670.6847704771524,670.6847704771526,237.44319304299327,0.0,0.0
42.40698367013953,100000000.0,671.1951571109901,671.1951571109901,237.953579676831,0.0,0.0
42.40698367013953,100000000.0,671.7792548191138,671.779254819114,238.53767738495486,0.0,0.0
42.40698367013953,100000000.0,671.8432649686952,671.843264968695,238.60168753453607,0.0,0.0
42.40698367013953,100000000.0,671.9797002585215,671.9797002585216,238.7381228243625,0.0,0.0
42.40698367013953,100000000.0,672.9751209256062,672.9751209256062,239.7335434914472,0.0,0.0
42.40698367013953,100000000.0,673.120588225483,673.120588225483,239.8790107913239,0.0,0.0
42.40698367013953,100000000.0,673.2946698224416,673.2946698224417,240.0530923882827,0.0,0.0
42.40698367013953,100000000.0,673.551585456917,673.551585456917,240.31000802275796,0.0,0.0
42.40698367013953,100000000.0,673.6887111359853,673.6887111359853,240.44713370182626,0.0,0.0
42.40698367013953,100000000.0,673.7743820505062,673.7743820505062,240.5328046163471,0.0,0.0
42.40698367013953,100000000.0,674.1035454742466,674.1035454742467,240.86196804008773,0.0,0.0
42.40698367013953,100000000.0,674.2315603650228,674.2315603650228,240.98998293086376,0.0,0.0
42.40698367013953,100000000.0,674.7518549534184,674.7518549534183,241.51027751925943,0.0,0.0
42.40698367013953,100000000.0,674.804255964617,674.8042559646169,241.56267853045796,0.0,0.0
42.40698367013953,100000000.0,674.8576174726959,674.8576174726959,241.61604003853685,0.0,0.0
42.40698367013953,100000000.0,674.9624334221717,674.9624334221718,241.72085598801266,0.0,0.0
42.40698367013953,100000000.0,675.0365959521713,675.0365959521713,241.79501851801234,0.0,0.0
42.40698367013953,100000000.0,675.0602047580101,675.0602047580102,241.8186273238512,0.0,0.0
42.40698367013953,100000000.0,675.5166685902454,675.5166685902456,242.27509115608646,0.0,0.0
42.40698367013953,100000000.0,675.8792043925251,675.879204392525,242.6376269583661,0.0,0.0
42.40698367013953,100000000.0,675.8842683896064,675.8842683896063,242.6426909554473,0.0,0.0
42.40698367013953,100000000.0,675.9558096692076,675.9558096692078,242.71423223504866,0.0,0.0
42.40698367013953,100000000.0,676.096029900625,676.0960299006254,242.85445246646617,0.0,0.0
42.40698367013953,100000000.0,676.1926981111927,676.1926981111926,242.95112067703374,0.0,0.0
42.40698367013953,100000000.0,676.6034037855295,676.6034037855294,243.36182635137033,0.0,0.0
42.40698367013953,100000000.0,676.6941058525847,676.6941058525847,243.4525284184257,0.0,0.0
42.40698367013953,100000000.0,676.7697280521139,676.7697280521139,243.52815061795505,0.0,0.0
42.40698367013953,100000000.0,676.939895155648,676.9398951556478,243.6983177214889,0.0,0.0
42.40698367013953,100000000.0,677.0432664148752,677.0432664148752,243.80168898071636,0.0,0.0
42.40698367013953,100000000.0,677.1346044253504,677.1346044253502,243.89302699119114,0.0,0.0
42.40698367013953,100000000.0,677.2686955771005,677.2686955771005,244.0271181429415,0.0,0.0
42.40698367013953,100000000.0,677.2854294502037,677.2854294502038,244.04385201604464,0.0,0.0
42.40698367013953,100000000.0,677.6475844908194,677.6475844908193,244.40600705666054,0.0,0.0
42.40698367013953,100000000.0,677.6880080366584,677.6880080366581,244.44643060249913,0.0,0.0
42.40698367013953,100000000.0,677.8524287746421,677.8524287746421,244.61085134048307,0.0,0.0
42.40698367013953,100000000.0,677.8862596374853,677.8862596374855,244.6446822033263,0.0,0.0
42.40698367013953,100000000.0,677.9345324884451,677.9345324884453,244.6929550542862,0.0,0.0
42.40698367013953,100000000.0,678.0771907412583,678.0771907412583,244.8356133070993,0.0,0.0
42.40698367013953,100000000.0,678.4392357209938,678.4392357209937,245.19765828683467,0.0,0.0
42.40698367013953,100000000.0,678.510208243448,678.5102082434481,245.26863080928916,0.0,0.0
42.40698367013953,100000000.0,679.0598899828017,679.0598899828019,245.8183125486428,0.0,0.0
42.40698367013953,100000000.0,679.2875690498123,679.2875690498124,246.04599161565324,0.0,0.0
42.40698367013953,100000000.0,679.3223522545522,679.3223522545524,246.08077482039317,0.0,0.0
42.40698367013953,100000000.0,679.6151208499048,679.6151208499049,246.37354341574584,0.0,0.0
42.40698367013953,100000000.0,679.7043431352673,679.7043431352673,246.46276570110822,0.0,0.0
42.40698367013953,100000000.0,680.2799536598823,680.2799536598824,247.0383762257233,0.0,0.0
42.40698367013953,100000000.0,680.3184465830069,680.3184465830069,247.0768691488479,0.0,0.0
42.40698367013953,100000000.0,680.3764335083379,680.376433508338,247.134856074179,0.0,0.0
42.40698367013953,100000000.0,680.7896540039828,680.7896540039827,247.54807656982362,0.0,0.0
42.40698367013953,100000000.0,680.8441878539669,680.844187853967,247.602610419808,0.0,0.0
42.40698367013953,100000000.0,681.0702858208205,681.0702858208203,247.82870838666125,0.0,0.0
42.40698367013953,100000000.0,681.2897664658334,681.2897664658335,248.0481890316744,0.0,0.0
42.40698367013953,100000000.0,681.8397868564402,681.8397868564401,248.59820942228131,0.0,0.0
42.40698367013953,100000000.0,681.9163123172126,681.9163123172125,248.6747348830537,0.0,0.0
42.40698367013953,100000000.0,682.6452927095585,682.6452927095585,249.4037152753996,0.0,0.0
42.40698367013953,100000000.0,683.0499435509108,683.0499435509109,249.80836611675187,0.0,0.0
42.40698367013953,100000000.0,683.7282406930434,683.7282406930435,250.48666325888433,0.0,0.0
42.40698367013953,100000000.0,683.825546973946,683.8255469739461,250.58396953978692,0.0,0.0
42.40698367013953,100000000.0,683.8665491053644,683.8665491053642,250.62497167120523,0.0,0.0
42.40698367013953,100000000.0,683.9446599789267,683.9446599789268,250.70308254476768,0.0,0.0
42.40698367013953,100000000.0,684.6716050768988,684.671605076899,251.43002764273984,0.0,0.0
42.40698367013953,100000000.0,684.7295491835371,684.7295491835371,251.48797174937795,0.0,0.0
42.40698367013953,100000000.0,684.8984470401386,684.8984470401386,251.65686960597955,0.0,0.0
42.40698367013953,100000000.0,685.0447751687218,685.0447751687216,251.80319773456267,0.0,0.0
42.40698367013953,100000000.0,685.0909479838012,685.0909479838012,251.84937054964212,0.0,0.0
42.40698367013953,100000000.0,685.1882566893369,685.1882566893369,251.9466792551777,0.0,0.0
42.40698367013953,100000000.0,685.3372537825528,685.3372537825531,252.095676348394,0.0,0.0
42.40698367013953,100000000.0,685.4396303127867,685.4396303127867,252.19805287862758,0.0,0.0
42.40698367013953,100000000.0,685.6709762197947,685.6709762197949,252.42939878563587,0.0,0.0
42.40698367013953,100000000.0,685.6836843292751,685.683684329275,252.44210689511596,0.0,0.0
42.40698367013953,100000000.0,685.7912596403168,685.7912596403169,252.5496822061579,0.0,0.0
42.40698367013953,100000000.0,686.0392762290563,686.0392762290566,252.79769879489731,0.0,0.0
42.40698367013953,100000000.0,686.2352832317222,686.2352832317223,252.99370579756317,0.0,0.0
42.40698367013953,100000000.0,686.3992303264482,686.3992303264482,253.15765289228926,0.0,0.0
42.40698367013953,100000000.0,686.4084880226669,686.4084880226668,253.16691058850793,0.0,0.0
42.40698367013953,100000000.0,686.7686744987622,686.768674498762,253.52709706460305,0.0,0.0
42.40698367013953,100000000.0,686.9150384143873,686.9150384143874,253.6734609802282,0.0,0.0
42.40698367013953,100000000.0,686.9340387079909,686.9340387079909,253.6924612738318,0.0,0.0
42.40698367013953,100000000.0,687.0189657917286,687.0189657917286,253.77738835756946,0.0,0.0
42.40698367013953,100000000.0,687.2744098650343,687.2744098650343,254.03283243087526,0.0,0.0
42.40698367013953,100000000.0,688.1108765192838,688.1108765192837,254.8692990851247,0.0,0.0
42.40698367013953,100000000.0,688.191820964096,688.191820964096,254.95024352993687,0.0,0.0
42.40698367013953,100000000.0,689.6005535333459,689.600553533346,256.358976099187,0.0,0.0
42.40698367013953,100000000.0,689.6599729435246,689.6599729435246,256.4183955093655,0.0,0.0
42.40698367013953,100000000.0,689.6750415769121,689.675041576912,256.433464142753,0.0,0.0
42.40698367013953,100000000.0,689.7409389886922,689.7409389886922,256.4993615545332,0.0,0.0
42.40698367013953,100000000.0,689.8124956734916,689.8124956734919,256.5709182393327,0.0,0.0
42.40698367013953,100000000.0,689.9096742463307,689.9096742463307,256.66809681217177,0.0,0.0
42.40698367013953,100000000.0,689.9368263667069,689.936826366707,256.695248932548,0.0,0.0
42.40698367013953,100000000.0,690.1548091495912,690.1548091495912,256.91323171543223,0.0,0.0
42.40698367013953,100000000.0,690.6759076853052,690.6759076853053,257.4343302511462,0.0,0.0
42.40698367013953,100000000.0,690.8922907816086,690.8922907816086,257.6507133474496,0.0,0.0
42.40698367013953,100000000.0,691.074862655086,691.074862655086,257.83328522092694,0.0,0.0
42.40698367013953,100000000.0,691.1670892515754,691.1670892515756,257.92551181741646,0.0,0.0
42.40698367013953,100000000.0,691.7176189721906,691.7176189721904,258.47604153803144,0.0,0.0
42.40698367013953,100000000.0,691.8354079825039,691.8354079825039,258.5938305483449,0.0,0.0
42.40698367013953,100000000.0,692.1294513198136,692.1294513198137,258.88787388565447,0.0,0.0
42.40698367013953,100000000.0,693.2159817813233,693.2159817813233,259.9744043471642,0.0,0.0
42.40698367013953,100000000.0,693.476317337279,693.476317337279,260.23473990312004,0.0,0.0
42.40698367013953,100000000.0,694.0755794478739,694.0755794478739,260.8340020137149,0.0,0.0
42.40698367013953,100000000.0,694.1121426715835,694.1121426715833,260.8705652374245,0.0,0.0
42.40698367013953,100000000.0,694.7658080068996,694.7658080068996,261.5242305727404,0.0,0.0
42.40698367013953,100000000.0,695.1550346058444,695.1550346058445,261.91345717168537,0.0,0.0
42.40698367013953,100000000.0,698.0264171752033,698.0264171752033,264.7848397410442,0.0,0.0
42.40698367013953,100000000.0,698.0461906718582,698.0461906718581,264.804613237699,0.0,0.0
42.40698367013953,100000000.0,698.7581612579256,698.7581612579256,265.5165838237666,0.0,0.0
44.217377005035665,100000000.0,653.7514502119045,653.7514502119046,220.5098727777456,0.0,0.0
44.217377005035665,100000000.0,659.053603078432,659.0536030784322,225.81202564427292,0.0,0.0
44.217377005035665,100000000.0,664.6275309090156,664.6275309090157,231.38595347485665,0.0,0.0
44.217377005035665,100000000.0,665.1367366807239,665.1367366807239,231.89515924656484,0.0,0.0
44.217377005035665,100000000.0,665.9299119148776,665.9299119148776,232.68833448071854,0.0,0.0
44.217377005035665,100000000.0,666.5147397566456,666.5147397566457,233.27316232248668,0.0,0.0
44.217377005035665,100000000.0,670.3096079049466,670.3096079049468,237.06803047078756,0.0,0.0
44.217377005035665,100000000.0,671.1257932414638,671.1257932414637,237.88421580730483,0.0,0.0
44.217377005035665,100000000.0,672.3254759775857,672.3254759775857,239.08389854342664,0.0,0.0
44.217377005035665,100000000.0,672.3726042121739,672.3726042121738,239.13102677801464,0.0,0.0
44.217377005035665,100000000.0,672.6997751061829,672.6997751061829,239.45819767202374,0.0,0.0
44.217377005035665,100000000.0,673.7511034767822,673.7511034767823,240.50952604262315,0.0,0.0
44.217377005035665,100000000.0,674.0001056329594,674.0001056329594,240.75852819880024,0.0,0.0
44.217377005035665,100000000.0,674.0358096193738,674.0358096193738,240.79423218521487,0.0,0.0
44.217377005035665,100000000.0,674.5868718711065,674.5868718711065,241.3452944369474,0.0,0.0
44.217377005035665,100000000.0,674.9973916964713,674.9973916964711,241.7558142623121,0.0,0.0
44.217377005035665,100000000.0,675.1648245958522,675.1648245958522,241.92324716169318,0.0,0.0
44.217377005035665,100000000.0,675.479350444518,675.479350444518,242.23777301035898,0.0,0.0
44.217377005035665,100000000.0,676.0044463251078,676.0044463251077,242.76286889094868,0.0,0.0
44.217377005035665,100000000.0,676.0196953222318,676.0196953222318,242.7781178880729,0.0,0.0
44.217377005035665,100000000.0,676.2338639530622,676.2338639530619,242.99228651890294,0.0,0.0
44.217377005035665,100000000.0,676.3077228502987,676.3077228502988,243.0661454161397,0.0,0.0
44.217377005035665,100000000.0,676.3622941542228,676.3622941542227,243.12071672006374,0.0,0.0
44.217377005035665,100000000.0,677.3008824326223,677.3008824326222,244.0593049984632,0.0,0.0
44.217377005035665,100000000.0,677.4031026086024,677.4031026086025,244.16152517444343,0.0,0.0
44.217377005035665,100000000.0,677.7963115622939,677.7963115622939,244.5547341281348,0.0,0.0
44.217377005035665,100000000.0,678.0978995996173,678.0978995996174,244.85632216545832,0.0,0.0
44.217377005035665,100000000.0,678.6027223093948,678.6027223093948,245.3611448752358,0.0,0.0
44.217377005035665,100000000.0,678.7331800476893,678.7331800476891,245.49160261353,0.0,0.0
44.217377005035665,100000000.0,678.8108073578697,678.8108073578699,245.56922992371076,0.0,0.0
44.217377005035665,100000000.0,679.1000997363511,679.1000997363509,245.85852230219214,0.0,0.0
44.217377005035665,100000000.0,679.3162542621667,679.3162542621667,246.0746768280076,0.0,0.0
44.217377005035665,100000000.0,679.3249837203756,679.3249837203756,246.08340628621633,0.0,0.0
44.217377005035665,100000000.0,679.9723164314603,679.9723164314604,246.73073899730127,0.0,0.0
44.217377005035665,100000000.0,680.2014469173325,680.2014469173326,246.95986948317352,0.0,0.0
44.217377005035665,100000000.0,680.2037262797899,680.2037262797899,246.96214884563088,0.0,0.0
44.217377005035665,100000000.0,680.2620378258381,680.2620378258381,247.02046039167905,0.0,0.0
44.217377005035665,100000000.0,680.5046310629455,680.5046310629455,247.26305362878628,0.0,0.0
44.217377005035665,100000000.0,681.0005770468009,681.0005770468009,247.7589996126419,0.0,0.0
44.217377005035665,100000000.0,681.3108005342306,681.3108005342306,248.06922310007138,0.0,0.0
44.217377005035665,100000000.0,681.7094211741924,681.7094211741925,248.4678437400335,0.0,0.0
44.217377005035665,100000000.0,681.7458743895306,681.7458743895305,248.50429695537161,0.0,0.0
44.217377005035665,100000000.0,681.7490679813316,681.7490679813316,248.5074905471725,0.0,0.0
44.217377005035665,100000000.0,681.8895008676059,681.889500867606,248.647923433447,0.0,0.0
44.217377005035665,100000000.0,682.261781990372,682.2617819903721,249.020204556213,0.0,0.0
44.217377005035665,100000000.0,682.270506146404,682.2705061464039,249.02892871224503,0.0,0.0
44.217377005035665,100000000.0,682.3483939965075,682.3483939965078,249.1068165623486,0.0,0.0
44.217377005035665,100000000.0,682.9895101001918,682.989510100192,249.74793266603285,0.0,0.0
44.217377005035665,100000000.0,683.5585392902397,683.5585392902398,250.31696185608064,0.0,0.0
44.217377005035665,100000000.0,683.711039458285,683.7110394582852,250.4694620241261,0.0,0.0
44.217377005035665,100000000.0,683.7748565540344,683.7748565540345,250.53327911987554,0.0,0.0
44.217377005035665,100000000.0,684.1210454812635,684.1210454812635,250.87946804710464,0.0,0.0
44.217377005035665,100000000.0,684.367546695839,684.3675466958391,251.12596926167998,0.0,0.0
44.217377005035665,100000000.0,684.7548105922667,684.7548105922667,251.51323315810762,0.0,0.0
44.217377005035665,100000000.0,684.7577006087117,684.7577006087118,251.51612317455275,0.0,0.0
44.217377005035665,100000000.0,684.8094325606563,684.8094325606563,251.56785512649745,0.0,0.0
44.217377005035665,100000000.0,684.9406996868538,684.9406996868539,251.69912225269485,0.0,0.0
44.217377005035665,100000000.0,685.2957906431091,685.2957906431092,252.05421320895007,0.0,0.0
44.217377005035665,100000000.0,685.311312289765,685.311312289765,252.069734855606,0.0,0.0
44.217377005035665,100000000.0,685.4509241595573,685.4509241595574,252.20934672539843,0.0,0.0
44.217377005035665,100000000.0,685.471896936205,685.4718969362049,252.23031950204594,0.0,0.0
44.217377005035665,100000000.0,685.5859703183805,685.5859703183804,252.34439288422143,0.0,0.0
44.217377005035665,100000000.0,685.6230173078043,685.6230173078043,252.38143987364512,0.0,0.0
44.217377005035665,100000000.0,686.2306435453245,686.2306435453245,252.98906611116536,0.0,0.0
44.217377005035665,100000000.0,686.5389328349321,686.5389328349321,253.29735540077306,0.0,0.0
44.217377005035665,100000000.0,686.8030538828103,686.8030538828104,253.56147644865135,0.0,0.0
44.217377005035665,100000000.0,686.8188863465323,686.8188863465324,253.57730891237338,0.0,0.0
44.217377005035665,100000000.0,687.024754833027,687.0247548330269,253.78317739886785,0.0,0.0
44.217377005035665,100000000.0,687.2667761067709,687.2667761067709,254.02519867261185,0.0,0.0
44.217377005035665,100000000.0,687.6191590496501,687.6191590496502,254.377581615491,0.0,0.0
44.217377005035665,100000000.0,687.7617463683131,687.7617463683131,254.52016893415407,0.0,0.0
44.217377005035665,100000000.0,688.1954474000598,688.19544740006,254.9538699659008,0.0,0.0
44.217377005035665,100000000.0,688.2077836725936,688.2077836725935,254.9662062384344,0.0,0.0
44.217377005035665,100000000.0,688.4071122467655,688.4071122467653,255.16553481260644,0.0,0.0
44.217377005035665,100000000.0,688.412024395433,688.412024395433,255.17044696127394,0.0,0.0
44.217377005035665,100000000.0,688.4614063887418,688.4614063887417,255.21982895458265,0.0,0.0
44.217377005035665,100000000.0,688.5707980016315,688.5707980016316,255.3292205674724,0.0,0.0
44.217377005035665,100000000.0,689.0214376548296,689.0214376548295,255.77986022067049,0.0,0.0
44.217377005035665,100000000.0,689.2480192711621,689.2480192711621,256.0064418370031,0.0,0.0
44.217377005035665,100000000.0,689.4204331792819,689.420433179282,256.17885574512286,0.0,0.0
44.217377005035665,100000000.0,689.475990978317,689.475990978317,256.23441354415786,0.0,0.0
44.217377005035665,100000000.0,689.5293971657134,689.5293971657134,256.28781973155435,0.0,0.0
44.217377005035665,100000000.0,689.5352321833163,689.5352321833163,256.2936547491573,0.0,0.0
44.217377005035665,100000000.0,689.5720654393201,689.5720654393202,256.33048800516116,0.0,0.0
44.217377005035665,100000000.0,689.9583407158901,689.9583407158904,256.7167632817313,0.0,0.0
44.217377005035665,100000000.0,690.0099123230412,690.0099123230412,256.768334888882,0.0,0.0
44.217377005035665,100000000.0,690.0443213458858,690.0443213458859,256.80274391172674,0.0,0.0
44.217377005035665,100000000.0,690.2117517846181,690.2117517846182,256.97017435045905,0.0,0.0
44.217377005035665,100000000.0,690.2124957639768,690.2124957639769,256.9709183298178,0.0,0.0
44.217377005035665,100000000.0,690.3054866517629,690.3054866517629,257.06390921760396,0.0,0.0
44.217377005035665,100000000.0,690.7152077622997,690.7152077622999,257.4736303281408,0.0,0.0
44.217377005035665,100000000.0,690.7334580272599,690.7334580272601,257.49188059310086,0.0,0.0
44.217377005035665,100000000.0,690.9251269187273,690.9251269187272,257.68354948456823,0.0,0.0
44.217377005035665,100000000.0,691.1241443113012,691.124144311301,257.88256687714215,0.0,0.0
44.217377005035665,100000000.0,691.7439957776528,691.7439957776529,258.5024183434939,0.0,0.0
44.217377005035665,100000000.0,691.9665131623873,691.9665131623873,258.72493572822833,0.0,0.0
44.217377005035665,100000000.0,692.3584047268627,692.3584047268627,259.1168272927034,0.0,0.0
44.217377005035665,100000000.0,692.6602331513843,692.6602331513841,259.41865571722514,0.0,0.0
44.217377005035665,100000000.0,692.6764951264273,692.6764951264275,259.4349176922684,0.0,0.0
44.217377005035665,100000000.0,692.8150878578172,692.8150878578173,259.57351042365804,0.0,0.0
44.217377005035665,100000000.0,693.0954681822376,693.0954681822377,259.8538907480786,0.0,0.0
44.217377005035665,100000000.0,693.4600622230026,693.4600622230029,260.21848478884385,0.0,0.0
44.217377005035665,100000000.0,693.4749368093183,693.4749368093181,260.2333593751591,0.0,0.0
44.217377005035665,100000000.0,693.5434974548411,693.5434974548411,260.3019200206821,0.0,0.0
44.217377005035665,100000000.0,693.643471611843,693.643471611843,260.4018941776838,0.0,0.0
44.217377005035665,100000000.0,693.8447790365077,693.8447790365077,260.6032016023486,0.0,0.0
44.217377005035665,100000000.0,693.8486081491076,693.8486081491076,260.6070307149485,0.0,0.0
44.217377005035665,100000000.0,694.0211953469892,694.021195346989,260.77961791282996,0.0,0.0
44.217377005035665,100000000.0,694.3491585056224,694.3491585056225,261.1075810714634,0.0,0.0
44.217377005035665,100000000.0,694.6709184119873,694.6709184119871,261.429340977828,0.0,0.0
44.217377005035665,100000000.0,695.2974324072346,695.2974324072347,262.0558549730758,0.0,0.0
44.217377005035665,100000000.0,695.319301579728,695.319301579728,262.07772414556894,0.0,0.0
44.217377005035665,100000000.0,695.44681761572,695.4468176157202,262.2052401815612,0.0,0.0
44.217377005035665,100000000.0,695.5292850277473,695.5292850277472,262.28770759358804,0.0,0.0
44.217377005035665,100000000.0,696.1856209465748,696.1856209465748,262.9440435124159,0.0,0.0
44.217377005035665,100000000.0,696.3974991871868,696.3974991871867,263.15592175302766,0.0,0.0
44.217377005035665,100000000.0,696.9106720058943,696.9106720058945,263.6690945717354,0.0,0.0
44.217377005035665,100000000.0,696.9841964977755,696.9841964977757,263.7426190636164,0.0,0.0
44.217377005035665,100000000.0,697.2977025877191,697.2977025877192,264.05612515356,0.0,0.0
44.217377005035665,100000000.0,698.4476749418488,698.4476749418488,265.20609750768983,0.0,0.0
44.217377005035665,100000000.0,698.6536976693336,698.6536976693334,265.4121202351743,0.0,0.0
44.217377005035665,100000000.0,698.8599317492858,698.8599317492859,265.6183543151268,0.0,0.0
44.217377005035665,100000000.0,699.0523035593047,699.0523035593047,265.8107261251456,0.0,0.0
44.217377005035665,100000000.0,700.0005739375786,700.0005739375786,266.75899650341944,0.0,0.0
44.217377005035665,100000000.0,700.3943786914182,700.3943786914183,267.15280125725917,0.0,0.0
44.217377005035665,100000000.0,700.5242914488238,700.5242914488238,267.2827140146648,0.0,0.0
44.217377005035665,100000000.0,700.5557393245294,700.5557393245294,267.3141618903703,0.0,0.0
44.217377005035665,100000000.0,700.6215858238684,700.6215858238684,267.38000838970925,0.0,0.0
29.73432857436937,100000000.0,-1.0,377.9391672440292,151.5954049787076,7.0,1.0
29.73432857436937,100000000.0,-1.0,319.245514546002,130.83464524320672,6.0,4.0
29.73432857436937,100000000.0,-1.0,378.8207327792597,147.23746411548802,4.0,4.0
29.73432857436937,100000000.0,-1.0,379.31393504005945,140.01802001761004,5.0,3.0
29.73432857436937,100000000.0,-1.0,379.45295552095894,152.9097544386535,6.0,2.0
29.73432857436937,100000000.0,-1.0,379.82286350507104,153.27966242276563,6.0,2.0
29.73432857436937,100000000.0,-1.0,380.02687577375553,151.84951422922,4.0,4.0
29.73432857436937,100000000.0,-1.0,320.6443246324009,122.95805966488598,5.0,5.0
29.73432857436937,100000000.0,-1.0,321.0727480093161,134.14298919682764,5.0,5.0
29.73432857436937,100000000.0,-1.0,440.22359772574885,164.0369084590746,3.0,3.0
29.73432857436937,100000000.0,-1.0,321.81815637324866,133.64571872750906,7.0,3.0
29.73432857436937,100000000.0,-1.0,381.6560971047759,150.07282844100425,4.0,4.0
29.73432857436937,100000000.0,-1.0,381.7285191942227,143.33108874466512,4.0,4.0
29.73432857436937,100000000.0,-1.0,381.865538313588,154.98237755434928,6.0,2.0
29.73432857436937,100000000.0,-1.0,382.2508717656577,150.80495639842871,4.0,4.0
29.73432857436937,100000000.0,-1.0,323.0456990058568,126.08503088020609,6.0,4.0
29.73432857436937,100000000.0,-1.0,323.1743786467709,128.60248998702988,6.0,4.0
29.73432857436937,100000000.0,-1.0,442.6975858624653,171.10939329989765,4.0,2.0
29.73432857436937,100000000.0,-1.0,323.84918211010563,124.39204138067129,7.0,3.0
29.73432857436937,100000000.0,-1.0,383.53321472587896,150.26387773934218,5.0,3.0
29.73432857436937,100000000.0,-1.0,383.8241156400195,149.95933303203464,4.0,4.0
29.73432857436937,100000000.0,-1.0,383.8374422525981,152.65514433128985,5.0,3.0
29.73432857436937,100000000.0,-1.0,324.44757940916827,129.8069174666821,7.0,3.0
29.73432857436937,100000000.0,-1.0,383.9432804537936,155.25682733317396,5.0,3.0
29.73432857436937,100000000.0,-1.0,383.9845899379835,153.5628064047844,5.0,3.0
29.73432857436937,100000000.0,-1.0,324.73793654151945,137.56750782845856,6.0,4.0
29.73432857436937,100000000.0,-1.0,384.23289492422805,148.7952160699442,5.0,3.0
29.73432857436937,100000000.0,-1.0,324.91022002175646,131.835540998159,5.0,5.0
29.73432857436937,100000000.0,-1.0,325.2531917245887,124.16704860153521,5.0,5.0
29.73432857436937,100000000.0,-1.0,384.85443234357905,142.20786032091613,4.0,4.0
29.73432857436937,100000000.0,-1.0,384.87437654133794,149.73883851118885,4.0,4.0
29.73432857436937,100000000.0,-1.0,444.4650591916887,171.12394699377535,3.0,3.0
29.73432857436937,100000000.0,-1.0,325.6778769014716,128.00627120676708,6.0,4.0
29.73432857436937,100000000.0,-1.0,325.95696553281306,121.5276476881862,6.0,4.0
29.73432857436937,100000000.0,-1.0,385.45380187112727,161.8202055308707,5.0,3.0
29.73432857436937,100000000.0,-1.0,326.0066412037833,125.56943038049558,6.0,4.0
29.73432857436937,100000000.0,-1.0,326.18230574715693,127.54378414911237,5.0,5.0
29.73432857436937,100000000.0,-1.0,326.2609294564237,134.6652886261589,6.0,4.0
29.73432857436937,100000000.0,-1.0,326.32778032368725,135.04619206680002,6.0,4.0
29.73432857436937,100000000.0,-1.0,385.800738693431,145.7033850531507,5.0,3.0
29.73432857436937,100000000.0,-1.0,385.848804320141,156.99586231892715,5.0,3.0
29.73432857436937,100000000.0,-1.0,385.8931546907985,148.77328907358927,5.0,3.0
29.73432857436937,100000000.0,-1.0,386.18537347810076,146.19285052126176,4.0,4.0
29.73432857436937,100000000.0,-1.0,386.2654093976193,145.55095102839348,5.0,3.0
29.73432857436937,100000000.0,-1.0,386.4524159918031,145.4345795539102,5.0,3.0
29.73432857436937,100000000.0,-1.0,445.9447458807235,176.64570183174544,3.0,3.0
29.73432857436937,100000000.0,-1.0,327.0279095855128,135.2435449861283,7.0,3.0
29.73432857436937,100000000.0,-1.0,386.5782306811805,159.338256393366,7.0,1.0
29.73432857436937,100000000.0,-1.0,327.1700202972885,125.86643844293162,5.0,5.0
29.73432857436937,100000000.0,-1.0,327.1721516025634,138.77884750847343,5.0,5.0
29.73432857436937,100000000.0,-1.0,327.2161326810853,138.33341876690395,6.0,4.0
29.73432857436937,100000000.0,-1.0,386.71381493090865,154.46830462963229,5.0,3.0
29.73432857436937,100000000.0,-1.0,327.37042524832634,131.4062335714499,7.0,3.0
29.73432857436937,100000000.0,-1.0,387.14808930423374,152.364378266044,4.0,4.0
29.73432857436937,100000000.0,-1.0,387.25698477214394,158.76892519569887,5.0,3.0
29.73432857436937,100000000.0,-1.0,387.645013812252,156.12374964377858,5.0,3.0
29.73432857436937,100000000.0,-1.0,387.64652374448184,158.00484985164243,4.0,4.0
29.73432857436937,100000000.0,-1.0,328.3325431084944,133.8684666943253,6.0,4.0
29.73432857436937,100000000.0,-1.0,328.54838619690196,128.00651937403558,5.0,5.0
29.73432857436937,100000000.0,-1.0,388.2651018190276,154.40601709830565,4.0,4.0
29.73432857436937,100000000.0,-1.0,328.80837581811465,137.09115831586027,6.0,4.0
29.73432857436937,100000000.0,-1.0,328.8590609766696,134.15188791748866,6.0,4.0
29.73432857436937,100000000.0,-1.0,388.56940345878456,144.77909599488828,4.0,4.0
29.73432857436937,100000000.0,-1.0,329.1162459566389,137.1073110542802,6.0,4.0
29.73432857436937,100000000.0,-1.0,329.1343198890034,126.5444896327049,6.0,4.0
29.73432857436937,100000000.0,-1.0,329.14637730582405,125.7995561921479,7.0,3.0
29.73432857436937,100000000.0,-1.0,329.18256949923784,134.5203243541356,5.0,5.0
29.73432857436937,100000000.0,-1.0,388.6685661420991,141.69753019601015,5.0,3.0
29.73432857436937,100000000.0,-1.0,329.33030652425447,128.89605389085204,7.0,3.0
29.73432857436937,100000000.0,-1.0,269.8821761791992,115.74123494583625,7.0,5.0
29.73432857436937,100000000.0,-1.0,388.8441900216399,156.27512463189768,5.0,3.0
29.73432857436937,100000000.0,-1.0,329.51127151231333,144.12636882785782,6.0,4.0
29.73432857436937,100000000.0,-1.0,389.1665260167907,158.7281611282859,5.0,3.0
29.73432857436937,100000000.0,-1.0,389.2108766748543,159.14372047690472,5.0,3.0
29.73432857436937,100000000.0,-1.0,329.8914624728707,124.44715849081572,5.0,5.0
29.73432857436937,100000000.0,-1.0,329.9276293233771,142.23697032671205,5.0,5.0
29.73432857436937,100000000.0,-1.0,329.98916165689553,138.39720285128433,5.0,5.0
29.73432857436937,100000000.0,-1.0,330.1139658171529,137.40679387395684,7.0,3.0
29.73432857436937,100000000.0,-1.0,330.13229011595496,128.6781593435058,6.0,4.0
29.73432857436937,100000000.0,-1.0,389.85258063017426,160.14613884932007,4.0,4.0
29.73432857436937,100000000.0,-1.0,330.76793358672074,120.8337465309338,7.0,3.0
29.73432857436937,100000000.0,-1.0,330.8325838789986,139.2936832905064,6.0,4.0
29.73432857436937,100000000.0,-1.0,330.8437233638477,141.30025207754517,5.0,5.0
29.73432857436937,100000000.0,-1.0,271.4249611987493,114.04470931670498,8.0,4.0
29.73432857436937,100000000.0,-1.0,330.92404568176653,137.7315791319551,6.0,4.0
29.73432857436937,100000000.0,-1.0,331.0556991744823,128.9005551941494,5.0,5.0
29.73432857436937,100000000.0,-1.0,331.0664209681872,139.35536893399302,5.0,5.0
29.73432857436937,100000000.0,-1.0,331.2404877594572,137.514146427955,7.0,3.0
29.73432857436937,100000000.0,-1.0,331.288399918118,134.12473196366636,5.0,5.0
29.73432857436937,100000000.0,-1.0,331.3111017839465,137.71528720474646,7.0,3.0
29.73432857436937,100000000.0,-1.0,331.32455909052027,131.96737935485515,6.0,4.0
29.73432857436937,100000000.0,-1.0,331.3829715794745,132.4856258589967,6.0,4.0
29.73432857436937,100000000.0,-1.0,390.94000260557345,150.08180704171056,5.0,3.0
29.73432857436937,100000000.0,-1.0,390.97335887229366,164.3085811179986,5.0,3.0
29.73432857436937,100000000.0,-1.0,331.5105825419419,144.55570050871498,6.0,4.0
29.73432857436937,100000000.0,-1.0,391.0659933709238,161.91933631008266,4.0,4.0
29.73432857436937,100000000.0,-1.0,331.65338660228207,140.28099059985811,5.0,5.0
29.73432857436937,100000000.0,-1.0,331.7329063432791,139.84554811291002,6.0,4.0
29.73432857436937,100000000.0,-1.0,331.9283713417601,136.15341606415882,7.0,3.0
29.73432857436937,100000000.0,-1.0,331.94106878610944,132.69220075240383,5.0,5.0
29.73432857436937,100000000.0,-1.0,391.41897863898026,155.96383731836292,4.0,4.0
29.73432857436937,100000000.0,-1.0,391.4391439675059,154.62224823178104,4.0,4.0
29.73432857436937,100000000.0,-1.0,391.5637796080894,154.49424059146102,5.0,3.0
29.73432857436937,100000000.0,-1.0,272.67208314965757,112.86287170774456,7.0,5.0
29.73432857436937,100000000.0,-1.0,391.6323413082744,149.9134627097468,4.0,4.0
29.73432857436937,100000000.0,-1.0,332.1637482357093,136.19955655883285,7.0,3.0
29.73432857436937,100000000.0,-1.0,391.66915310523643,151.94900000210652,5.0,3.0
29.73432857436937,100000000.0,-1.0,332.2062415070533,121.24619348885953,6.0,4.0
29.73432857436937,100000000.0,-1.0,332.21055924127825,138.5895288482012,5.0,5.0
29.73432857436937,100000000.0,-1.0,332.243209172294,130.69667262585796,5.0,5.0
29.73432857436937,100000000.0,-1.0,272.80334973247136,108.87437186723521,7.0,5.0
29.73432857436937,100000000.0,-1.0,391.77322229757516,139.32742476629454,5.0,3.0
29.73432857436937,100000000.0,-1.0,332.30562551750336,138.61513228900927,6.0,4.0
29.73432857436937,100000000.0,-1.0,391.8234847763012,158.6543594517785,4.0,4.0
29.73432857436937,100000000.0,-1.0,332.4006939557663,134.1453379752223,6.0,4.0
29.73432857436937,100000000.0,-1.0,391.88003908811703,156.63657936390132,5.0,3.0
29.73432857436937,100000000.0,-1.0,332.4455327037081,144.17174870660637,6.0,4.0
29.73432857436937,100000000.0,-1.0,273.008329016413,122.44603718547226,7.0,5.0
29.73432857436937,100000000.0,-1.0,391.9589631765151,151.5162579687352,5.0,3.0
29.73432857436937,100000000.0,-1.0,332.5119325352711,133.87287589361222,7.0,3.0
29.73432857436937,100000000.0,-1.0,451.62955492545586,178.13376655351783,4.0,2.0
29.73432857436937,100000000.0,-1.0,332.84411159099375,133.93814002527625,6.0,4.0
29.73432857436937,100000000.0,-1.0,332.9249222866771,120.51190287438466,5.0,5.0
29.73432857436937,100000000.0,-1.0,392.3987443458482,162.75707045300868,5.0,3.0
29.73432857436937,100000000.0,-1.0,392.46012491443014,163.06086415084323,4.0,4.0
29.73432857436937,100000000.0,-1.0,333.1227309343521,118.18806551606194,6.0,4.0
29.73432857436937,100000000.0,-1.0,333.1574488137543,139.07421170404928,5.0,5.0
29.73432857436937,100000000.0,-1.0,393.7920411386942,148.1046935465881,5.0,3.0
37.31638131401318,100000000.0,637.2805492597347,637.2805492597348,204.03897182557577,0.0,0.0
37.31638131401318,100000000.0,638.1754460010952,638.1754460010952,204.93386856693618,0.0,0.0
37.31638131401318,100000000.0,638.4366715732701,638.4366715732704,205.19509413911132,0.0,0.0
37.31638131401318,100000000.0,638.9860421834964,638.9860421834965,205.7444647493374,0.0,0.0
37.31638131401318,100000000.0,639.580003981162,639.580003981162,206.33842654700294,0.0,0.0
37.31638131401318,100000000.0,639.735776723298,639.7357767232979,206.49419928913892,0.0,0.0
37.31638131401318,100000000.0,639.9522672557175,639.9522672557175,206.71068982155853,0.0,0.0
37.31638131401318,100000000.0,642.2597107561726,642.2597107561729,209.01813332201365,0.0,0.0
37.31638131401318,100000000.0,642.6954576003094,642.6954576003093,209.45388016615033,0.0,0.0
37.31638131401318,100000000.0,643.0577067808147,643.0577067808147,209.81612934665546,0.0,0.0
37.31638131401318,100000000.0,643.1069120089518,643.1069120089518,209.8653345747927,0.0,0.0
37.31638131401318,100000000.0,643.741095466565,643.741095466565,210.4995180324058,0.0,0.0
37.31638131401318,100000000.0,643.8216548141362,643.8216548141362,210.5800773799771,0.0,0.0
37.31638131401318,100000000.0,643.9764647534809,643.976464753481,210.73488731932179,0.0,0.0
37.31638131401318,100000000.0,644.2590255912899,644.2590255912901,211.01744815713093,0.0,0.0
37.31638131401318,100000000.0,645.2139088890992,645.2139088890995,211.97233145494025,0.0,0.0
37.31638131401318,100000000.0,645.7284785551764,645.7284785551764,212.48690112101735,0.0,0.0
37.31638131401318,100000000.0,645.7970863772484,645.7970863772484,212.5555089430893,0.0,0.0
37.31638131401318,100000000.0,646.5030398833726,646.5030398833728,213.26146244921375,0.0,0.0
37.31638131401318,100000000.0,646.7271517776783,646.7271517776783,213.48557434351926,0.0,0.0
37.31638131401318,100000000.0,646.7499459479992,646.7499459479992,213.50836851384017,0.0,0.0
37.31638131401318,100000000.0,647.4078029522789,647.4078029522789,214.16622551811977,0.0,0.0
37.31638131401318,100000000.0,647.5389404176195,647.5389404176195,214.2973629834604,0.0,0.0
37.31638131401318,100000000.0,647.6298419456712,647.6298419456709,214.3882645115119,0.0,0.0
37.31638131401318,100000000.0,647.6622804106735,647.6622804106736,214.42070297651463,0.0,0.0
37.31638131401318,100000000.0,647.9458233052135,647.9458233052135,214.70424587105435,0.0,0.0
37.31638131401318,100000000.0,-1.0,573.8179411264747,183.79972586766797,1.0,1.0
37.31638131401318,100000000.0,648.5926478086838,648.5926478086838,215.35107037452474,0.0,0.0
37.31638131401318,100000000.0,648.6214259021874,648.6214259021876,215.37984846802846,0.0,0.0
37.31638131401318,100000000.0,648.6514506901368,648.6514506901367,215.40987325597757,0.0,0.0
37.31638131401318,100000000.0,648.9352103482347,648.9352103482347,215.69363291407555,0.0,0.0
37.31638131401318,100000000.0,648.9668638098553,648.9668638098555,215.7252863756964,0.0,0.0
37.31638131401318,100000000.0,649.1875364534346,649.1875364534346,215.94595901927553,0.0,0.0
37.31638131401318,100000000.0,649.3908592333294,649.3908592333294,216.14928179917018,0.0,0.0
37.31638131401318,100000000.0,649.6564941202812,649.6564941202811,216.41491668612193,0.0,0.0
37.31638131401318,100000000.0,649.7413443400707,649.7413443400706,216.4997669059115,0.0,0.0
37.31638131401318,100000000.0,649.9971051455501,649.9971051455499,216.75552771139093,0.0,0.0
37.31638131401318,100000000.0,650.0385866202222,650.0385866202222,216.79700918606315,0.0,0.0
37.31638131401318,100000000.0,650.2983853628775,650.2983853628773,217.05680792871834,0.0,0.0
37.31638131401318,100000000.0,650.3007860610347,650.3007860610347,217.05920862687574,0.0,0.0
37.31638131401318,100000000.0,650.3328363401959,650.3328363401959,217.09125890603687,0.0,0.0
37.31638131401318,100000000.0,650.473723805714,650.473723805714,217.23214637155502,0.0,0.0
37.31638131401318,100000000.0,650.4751638022536,650.4751638022535,217.23358636809454,0.0,0.0
37.31638131401318,100000000.0,650.5104686664847,650.5104686664846,217.26889123232561,0.0,0.0
37.31638131401318,100000000.0,650.571148162488,650.5711481624882,217.32957072832892,0.0,0.0
37.31638131401318,100000000.0,650.6472855919574,650.6472855919574,217.40570815779847,0.0,0.0
37.31638131401318,100000000.0,650.9286627367626,650.9286627367627,217.6870853026037,0.0,0.0
37.31638131401318,100000000.0,651.2977298475382,651.2977298475383,218.05615241337924,0.0,0.0
37.31638131401318,100000000.0,651.348633453455,651.348633453455,218.107056019296,0.0,0.0
37.31638131401318,100000000.0,-1.0,576.8521594782875,194.11529946948403,1.0,1.0
37.31638131401318,100000000.0,651.7146049038815,651.7146049038816,218.47302746972247,0.0,0.0
37.31638131401318,100000000.0,651.7148500555486,651.7148500555485,218.4732726213895,0.0,0.0
37.31638131401318,100000000.0,651.7915212164258,651.7915212164258,218.54994378226684,0.0,0.0
37.31638131401318,100000000.0,651.79382708889,651.7938270888901,218.55224965473093,0.0,0.0
37.31638131401318,100000000.0,652.2469268431817,652.246926843182,219.00534940902284,0.0,0.0
37.31638131401318,100000000.0,-1.0,577.6195736933767,195.15415349034072,1.0,1.0
37.31638131401318,100000000.0,652.4336361972038,652.4336361972038,219.1920587630447,0.0,0.0
37.31638131401318,100000000.0,652.4521429448645,652.4521429448645,219.21056551070546,0.0,0.0
37.31638131401318,100000000.0,652.5275238114039,652.527523811404,219.28594637724487,0.0,0.0
37.31638131401318,100000000.0,652.6089907734546,652.6089907734545,219.36741333929552,0.0,0.0
37.31638131401318,100000000.0,652.884825783846,652.884825783846,219.64324834968687,0.0,0.0
37.31638131401318,100000000.0,652.9416676619059,652.9416676619061,219.70009022774687,0.0,0.0
37.31638131401318,100000000.0,653.22448773991,653.2244877399102,219.982910305751,0.0,0.0
37.31638131401318,100000000.0,653.4722939078177,653.4722939078179,220.23071647365884,0.0,0.0
37.31638131401318,100000000.0,653.761648609382,653.7616486093818,220.52007117522285,0.0,0.0
37.31638131401318,100000000.0,653.7960750217093,653.7960750217095,220.55449758755032,0.0,0.0
37.31638131401318,100000000.0,653.8096082202884,653.8096082202882,220.56803078612919,0.0,0.0
37.31638131401318,100000000.0,654.0202098109128,654.020209810913,220.77863237675385,0.0,0.0
37.31638131401318,100000000.0,654.167910169849,654.1679101698489,220.92633273568995,0.0,0.0
37.31638131401318,100000000.0,654.2381523725289,654.2381523725287,220.99657493836992,0.0,0.0
37.31638131401318,100000000.0,654.2515076386896,654.2515076386898,221.00993020453075,0.0,0.0
37.31638131401318,100000000.0,654.283262613714,654.2832626137141,221.04168517955492,0.0,0.0
37.31638131401318,100000000.0,654.4560233422326,654.4560233422324,221.2144459080734,0.0,0.0
37.31638131401318,100000000.0,654.5704864269708,654.5704864269708,221.32890899281168,0.0,0.0
37.31638131401318,100000000.0,654.6395238986992,654.6395238986992,221.39794646454013,0.0,0.0
37.31638131401318,100000000.0,655.0518037030266,655.0518037030265,221.8102262688675,0.0,0.0
37.31638131401318,100000000.0,655.4258185446374,655.4258185446374,222.18424111047835,0.0,0.0
37.31638131401318,100000000.0,655.5768811464799,655.5768811464799,222.33530371232078,0.0,0.0
37.31638131401318,100000000.0,655.6184452615512,655.6184452615514,222.3768678273923,0.0,0.0
37.31638131401318,100000000.0,655.6953663369089,655.6953663369089,222.45378890274975,0.0,0.0
37.31638131401318,100000000.0,655.8904812245296,655.8904812245297,222.64890379037064,0.0,0.0
37.31638131401318,100000000.0,656.0148179389921,656.0148179389921,222.773240504833,0.0,0.0
37.31638131401318,100000000.0,656.0774993857244,656.0774993857245,222.83592195156547,0.0,0.0
37.31638131401318,100000000.0,656.2180451737934,656.2180451737931,222.9764677396343,0.0,0.0
37.31638131401318,100000000.0,656.5317331196882,656.5317331196882,223.29015568552913,0.0,0.0
37.31638131401318,100000000.0,-1.0,581.9603922135996,195.72114236570204,1.0,1.0
37.31638131401318,100000000.0,656.6868519091086,656.6868519091087,223.44527447494954,0.0,0.0
37.31638131401318,100000000.0,656.8289882362081,656.828988236208,223.58741080204902,0.0,0.0
37.31638131401318,100000000.0,657.011079742295,657.0110797422951,223.76950230813603,0.0,0.0
37.31638131401318,100000000.0,657.0142333517872,657.0142333517873,223.77265591762824,0.0,0.0
37.31638131401318,100000000.0,657.0688469127646,657.0688469127648,223.82726947860576,0.0,0.0
37.31638131401318,100000000.0,657.4650661627234,657.4650661627234,224.22348872856418,0.0,0.0
37.31638131401318,100000000.0,657.9211614410326,657.9211614410325,224.67958400687357,0.0,0.0
37.31638131401318,100000000.0,657.951500829701,657.9515008297012,224.70992339554206,0.0,0.0
37.31638131401318,100000000.0,658.1538844479508,658.1538844479508,224.91230701379175,0.0,0.0
37.31638131401318,100000000.0,658.2009883706571,658.200988370657,224.95941093649796,0.0,0.0
37.31638131401318,100000000.0,658.3370028898737,658.3370028898737,225.09542545571463,0.0,0.0
37.31638131401318,100000000.0,658.7484571227642,658.7484571227642,225.50687968860495,0.0,0.0
37.31638131401318,100000000.0,658.7577473777645,658.7577473777643,225.51616994360535,0.0,0.0
37.31638131401318,100000000.0,658.9873453687699,658.9873453687699,225.7457679346108,0.0,0.0
37.31638131401318,100000000.0,659.1234183649254,659.1234183649254,225.88184093076643,0.0,0.0
37.31638131401318,100000000.0,659.297125412937,659.2971254129369,226.05554797877778,0.0,0.0
37.31638131401318,100000000.0,-1.0,584.7303601252393,190.98019451331035,1.0,1.0
37.31638131401318,100000000.0,-1.0,584.8634208160427,190.1860606404382,1.0,1.0
37.31638131401318,100000000.0,659.5956716077155,659.5956716077158,226.35409417355663,0.0,0.0
37.31638131401318,100000000.0,660.2716641647701,660.2716641647701,227.03008673061092,0.0,0.0
37.31638131401318,100000000.0,660.3844971932843,660.3844971932842,227.14291975912516,0.0,0.0
37.31638131401318,100000000.0,661.6203192874135,661.6203192874134,228.37874185325433,0.0,0.0
37.31638131401318,100000000.0,661.650792415049,661.650792415049,228.40921498088983,0.0,0.0
37.31638131401318,100000000.0,661.8918245590482,661.8918245590482,228.65024712488903,0.0,0.0
37.31638131401318,100000000.0,662.0189591069753,662.0189591069752,228.77738167281615,0.0,0.0
37.31638131401318,100000000.0,662.0878388182174,662.0878388182173,228.8462613840581,0.0,0.0
37.31638131401318,100000000.0,662.1018384338702,662.10183843387,228.86026099971096,0.0,0.0
37.31638131401318,100000000.0,662.352935206073,662.3529352060729,229.11135777191384,0.0,0.0
37.31638131401318,100000000.0,662.4979760548604,662.4979760548601,229.25639862070136,0.0,0.0
37.31638131401318,100000000.0,662.6307246330722,662.6307246330722,229.38914719891315,0.0,0.0
37.31638131401318,100000000.0,663.372018103369,663.3720181033689,230.13044066920992,0.0,0.0
37.31638131401318,100000000.0,663.5063270191973,663.5063270191971,230.26474958503823,0.0,0.0
37.31638131401318,100000000.0,664.0460655798056,664.0460655798057,230.80448814564656,0.0,0.0
37.31638131401318,100000000.0,664.0674266666442,664.0674266666442,230.82584923248524,0.0,0.0
37.31638131401318,100000000.0,664.3949041960577,664.3949041960576,231.1533267618988,0.0,0.0
37.31638131401318,100000000.0,665.2436956396216,665.2436956396216,232.00211820546252,0.0,0.0
37.31638131401318,100000000.0,667.2533318679975,667.2533318679975,234.01175443383843,0.0,0.0
37.31638131401318,100000000.0,667.3385259953544,667.3385259953543,234.09694856119523,0.0,0.0
37.31638131401318,100000000.0,668.1209721420439,668.1209721420438,234.8793947078849,0.0,0.0
37.31638131401318,100000000.0,669.1316061729303,669.1316061729303,235.89002873877118,0.0,0.0
37.31638131401318,100000000.0,670.435971346012,670.4359713460121,237.19439391185298,0.0,0.0
37.31638131401318,100000000.0,671.6949642203441,671.6949642203441,238.45338678618512,0.0,0.0
32.57315171179495,100000000.0,-1.0,558.3809840822659,179.2149070215779,1.0,1.0
32.57315171179495,100000000.0,-1.0,428.19977655425646,149.06789255947666,3.0,3.0
32.57315171179495,100000000.0,-1.0,558.9235611743447,179.7574841136569,1.0,1.0
32.57315171179495,100000000.0,624.5175222632845,624.5175222632845,191.27594482912542,0.0,0.0
32.57315171179495,100000000.0,-1.0,560.000204657825,178.1045584248721,1.0,1.0
32.57315171179495,100000000.0,-1.0,494.8574267191857,170.92226948140515,2.0,2.0
32.57315171179495,100000000.0,-1.0,560.6425229797958,180.1889544862717,1.0,1.0
32.57315171179495,100000000.0,-1.0,560.7386443988728,178.8429981659199,1.0,1.0
32.57315171179495,100000000.0,-1.0,495.67867721156824,170.44117416911956,2.0,2.0
32.57315171179495,100000000.0,-1.0,496.12512189033276,167.04773193551864,2.0,2.0
32.57315171179495,100000000.0,-1.0,496.48565321496363,168.20384107826288,2.0,2.0
32.57315171179495,100000000.0,-1.0,496.68828097878065,172.18969871466172,2.0,2.0
32.57315171179495,100000000.0,-1.0,496.73432426848893,164.61102296939075,2.0,2.0
32.57315171179495,100000000.0,-1.0,561.9510651679169,180.05541893496405,1.0,1.0
32.57315171179495,100000000.0,-1.0,497.12126359846144,171.29343806262946,2.0,2.0
32.57315171179495,100000000.0,-1.0,562.3770938744209,184.0466745410087,1.0,1.0
32.57315171179495,100000000.0,-1.0,562.4361649648665,177.77837707920557,1.0,1.0
32.57315171179495,100000000.0,-1.0,497.3117314315747,170.00543310282228,2.0,2.0
32.57315171179495,100000000.0,-1.0,497.31446783168076,165.31274320457223,2.0,2.0
32.57315171179495,100000000.0,-1.0,497.37678756183266,168.76814342841212,2.0,2.0
32.57315171179495,100000000.0,-1.0,562.9921813205747,181.09653508762176,1.0,1.0
32.57315171179495,100000000.0,-1.0,498.1727785429281,161.85812876129947,2.0,2.0
32.57315171179495,100000000.0,-1.0,433.03918257649707,158.6887566690425,3.0,3.0
32.57315171179495,100000000.0,-1.0,563.460543291069,178.80275540540802,1.0,1.0
32.57315171179495,100000000.0,-1.0,563.5652804369265,182.24323752250197,1.0,1.0
32.57315171179495,100000000.0,-1.0,498.75084613163665,154.81204131217294,2.0,2.0
32.57315171179495,100000000.0,-1.0,498.8678005680048,170.2888661126362,2.0,2.0
32.57315171179495,100000000.0,-1.0,564.2468759442803,182.35122971132753,1.0,1.0
32.57315171179495,100000000.0,-1.0,564.2760461458781,179.57421064718832,1.0,1.0
32.57315171179495,100000000.0,-1.0,499.2629760387669,164.8673825555762,2.0,2.0
32.57315171179495,100000000.0,-1.0,499.4340273250648,168.04264913361746,2.0,2.0
32.57315171179495,100000000.0,-1.0,565.0752544616694,182.42422991335582,1.0,1.0
32.57315171179495,100000000.0,-1.0,565.1550975366883,183.25945130373543,1.0,1.0
32.57315171179495,100000000.0,-1.0,500.02164912505236,171.58783824156222,2.0,2.0
32.57315171179495,100000000.0,-1.0,500.12598968198114,168.04018255698887,2.0,2.0
32.57315171179495,100000000.0,-1.0,500.5543884086862,170.89321784521158,2.0,2.0
32.57315171179495,100000000.0,-1.0,565.775581280807,186.60950422011925,1.0,1.0
32.57315171179495,100000000.0,-1.0,500.8644101420021,159.37345683410734,2.0,2.0
32.57315171179495,100000000.0,-1.0,435.78205903847925,152.83652309631782,3.0,3.0
32.57315171179495,100000000.0,-1.0,566.1247356893651,187.58906103122277,1.0,1.0
32.57315171179495,100000000.0,-1.0,566.1372531065766,183.62119845532456,1.0,1.0
32.57315171179495,100000000.0,-1.0,501.0204230769949,167.9564903509078,2.0,2.0
32.57315171179495,100000000.0,-1.0,566.2296533323474,184.58193105776223,1.0,1.0
32.57315171179495,100000000.0,-1.0,501.13227077812735,167.16776555977572,2.0,2.0
32.57315171179495,100000000.0,-1.0,436.0240501584338,154.1859577256963,3.0,3.0
32.57315171179495,100000000.0,-1.0,566.4262339878976,185.1506199263799,1.0,1.0
32.57315171179495,100000000.0,-1.0,566.5347038685267,184.82211071097117,1.0,1.0
32.57315171179495,100000000.0,-1.0,501.45993797597697,167.63599004128898,2.0,2.0
32.57315171179495,100000000.0,-1.0,501.65607235575516,166.84931850809087,2.0,2.0
32.57315171179495,100000000.0,-1.0,566.9691782727797,175.3259790520455,1.0,1.0
32.57315171179495,100000000.0,-1.0,501.85041958506497,167.58322812802743,2.0,2.0
32.57315171179495,100000000.0,-1.0,567.0374870668335,183.130352302374,1.0,1.0
32.57315171179495,100000000.0,-1.0,567.1815133354022,183.2640083398322,1.0,1.0
32.57315171179495,100000000.0,-1.0,502.1397288514788,174.83343052272636,2.0,2.0
32.57315171179495,100000000.0,-1.0,502.15332148922727,174.7035070857691,2.0,2.0
32.57315171179495,100000000.0,-1.0,502.3086159309727,174.2792615577641,2.0,2.0
32.57315171179495,100000000.0,-1.0,502.3451121800665,165.8448580531604,2.0,2.0
32.57315171179495,100000000.0,-1.0,502.3946891055993,165.10203517028054,2.0,2.0
32.57315171179495,100000000.0,-1.0,567.5608973337269,186.2388544193021,1.0,1.0
32.57315171179495,100000000.0,-1.0,567.707281307961,181.88309860647303,1.0,1.0
32.57315171179495,100000000.0,-1.0,567.7815048742166,187.3279363806926,1.0,1.0
32.57315171179495,100000000.0,-1.0,567.8678566488244,189.26239240346774,1.0,1.0
32.57315171179495,100000000.0,-1.0,502.8262671800661,167.3098832816461,2.0,2.0
32.57315171179495,100000000.0,-1.0,437.7077083317304,158.82623103541908,3.0,3.0
32.57315171179495,100000000.0,-1.0,502.94672803130885,162.7732749285601,2.0,2.0
32.57315171179495,100000000.0,-1.0,502.9793033078521,171.03083525868428,2.0,2.0
32.57315171179495,100000000.0,-1.0,568.4235970616194,186.51486585206695,1.0,1.0
32.57315171179495,100000000.0,-1.0,438.38790887945635,159.25602488467655,3.0,3.0
32.57315171179495,100000000.0,-1.0,503.579466961615,167.14439314455603,2.0,2.0
32.57315171179495,100000000.0,-1.0,503.62688938570267,163.9676464339995,2.0,2.0
32.57315171179495,100000000.0,-1.0,503.7256267605712,167.61623230367277,2.0,2.0
32.57315171179495,100000000.0,-1.0,438.76452327557274,153.84333176571204,4.0,2.0
32.57315171179495,100000000.0,-1.0,503.9610241699453,162.17320493402676,2.0,2.0
32.57315171179495,100000000.0,-1.0,504.1947939075965,162.7777254769607,2.0,2.0
32.57315171179495,100000000.0,-1.0,569.3721099393134,192.09588896566973,1.0,1.0
32.57315171179495,100000000.0,-1.0,569.3830215137065,186.9612172558733,1.0,1.0
32.57315171179495,100000000.0,-1.0,569.5052678144916,179.56582568172345,1.0,1.0
32.57315171179495,100000000.0,-1.0,504.50499418111934,178.8036152722852,2.0,2.0
32.57315171179495,100000000.0,-1.0,504.55439823798355,163.06344493008888,2.0,2.0
32.57315171179495,100000000.0,-1.0,504.5723155165749,179.09955266677824,2.0,2.0
32.57315171179495,100000000.0,-1.0,505.3254970327866,172.86955025046015,2.0,2.0
32.57315171179495,100000000.0,-1.0,570.5177288016783,191.98205414353592,1.0,1.0
32.57315171179495,100000000.0,-1.0,570.5255478177145,188.62990158476168,1.0,1.0
32.57315171179495,100000000.0,-1.0,505.46839337204426,180.43614565432568,2.0,2.0
32.57315171179495,100000000.0,-1.0,570.8629973685254,190.4094288750013,1.0,1.0
32.57315171179495,100000000.0,-1.0,506.163731053419,176.71331609077663,2.0,2.0
32.57315171179495,100000000.0,-1.0,571.3446744425845,188.95257986280313,1.0,1.0
32.57315171179495,100000000.0,-1.0,571.3789282285479,190.9253597350237,1.0,1.0
32.57315171179495,100000000.0,-1.0,506.25248167849503,164.88310504258996,2.0,2.0
32.57315171179495,100000000.0,-1.0,441.12452992421305,154.0083091668647,3.0,3.0
32.57315171179495,100000000.0,-1.0,441.4970979736537,164.68448433708554,4.0,2.0
32.57315171179495,100000000.0,-1.0,506.93282503937894,175.08713065369358,2.0,2.0
32.57315171179495,100000000.0,-1.0,441.78991887633475,146.81906062392338,3.0,3.0
32.57315171179495,100000000.0,-1.0,506.9613102474111,172.4164188695738,2.0,2.0
32.57315171179495,100000000.0,-1.0,506.9923305734305,160.8364791122531,2.0,2.0
32.57315171179495,100000000.0,-1.0,507.39375967210907,177.8965892740985,2.0,2.0
32.57315171179495,100000000.0,-1.0,507.4271887650683,171.32058558792014,2.0,2.0
32.57315171179495,100000000.0,-1.0,508.3727605772173,167.00339870116488,2.0,2.0
32.57315171179495,100000000.0,-1.0,508.72618868052916,161.35767026987165,2.0,2.0
32.57315171179495,100000000.0,-1.0,573.8846628438076,192.60904878228988,1.0,1.0
32.57315171179495,100000000.0,-1.0,508.7786608702991,184.28007860618018,2.0,2.0
32.57315171179495,100000000.0,-1.0,574.3713448696758,186.46399256503258,1.0,1.0
32.57315171179495,100000000.0,-1.0,444.0966017383872,152.98431171126654,3.0,3.0
32.57315171179495,100000000.0,-1.0,444.2605617945983,157.21860560342563,3.0,3.0
32.57315171179495,100000000.0,-1.0,510.404333740639,176.13714228360155,2.0,2.0
32.57315171179495,100000000.0,-1.0,380.4773714312225,143.44098693648968,4.0,4.0
32.57315171179495,100000000.0,-1.0,511.26463021713147,179.14155539398402,2.0,2.0
32.57315171179495,100000000.0,-1.0,381.0654986963203,148.98149846667468,4.0,4.0
32.57315171179495,100000000.0,-1.0,446.31922961415444,148.75619257696565,3.0,3.0
32.57315171179495,100000000.0,-1.0,446.3581351630253,165.18793816465046,3.0,3.0
32.57315171179495,100000000.0,-1.0,511.55248264492906,173.6349401482126,3.0,1.0
32.57315171179495,100000000.0,-1.0,577.7394192857384,196.27756299425513,1.0,1.0
32.57315171179495,100000000.0,-1.0,513.269026956288,169.22008121419333,2.0,2.0
32.57315171179495,100000000.0,-1.0,383.0348665058508,143.6887410922096,5.0,3.0
32.57315171179495,100000000.0,-1.0,448.20426880520534,158.04143659141695,3.0,3.0
32.57315171179495,100000000.0,-1.0,513.8802875852008,176.5669202089743,2.0,2.0
32.57315171179495,100000000.0,-1.0,448.81609648775543,173.45910367976165,3.0,3.0
32.57315171179495,100000000.0,-1.0,448.8938678181254,163.52968577690535,3.0,3.0
32.57315171179495,100000000.0,-1.0,514.2615971290775,181.13745637819014,2.0,2.0
32.57315171179495,100000000.0,-1.0,514.7459886514249,181.8666444292711,2.0,2.0
32.57315171179495,100000000.0,-1.0,579.9527976021342,189.06446394841973,1.0,1.0
32.57315171179495,100000000.0,-1.0,385.5832514725073,146.06113234877196,5.0,3.0
32.57315171179495,100000000.0,-1.0,450.91652454146754,161.74194212841198,3.0,3.0
32.57315171179495,100000000.0,-1.0,581.6530031276772,197.8631713718191,1.0,1.0
32.57315171179495,100000000.0,-1.0,517.6435012653155,188.77271128578766,2.0,2.0
32.57315171179495,100000000.0,-1.0,387.9116391675779,150.6248479743764,5.0,3.0
32.57315171179495,100000000.0,-1.0,389.4452831042497,144.26983065306297,5.0,3.0
32.57315171179495,100000000.0,-1.0,455.1392915651095,165.9586296114369,4.0,2.0
34.38814221333063,100000000.0,622.7835156374164,622.7835156374164,189.5419382032574,0.0,0.0
34.38814221333063,100000000.0,624.7233276300906,624.7233276300906,191.4817501959315,0.0,0.0
34.38814221333063,100000000.0,626.4777419277826,626.4777419277827,193.23616449362362,0.0,0.0
34.38814221333063,100000000.0,630.5200390001859,630.520039000186,197.2784615660268,0.0,0.0
34.38814221333063,100000000.0,-1.0,561.8134622217873,176.54667489786243,1.0,1.0
34.38814221333063,100000000.0,-1.0,562.7505436204036,174.84319131576035,1.0,1.0
34.38814221333063,100000000.0,631.657354095409,631.657354095409,198.4157766612499,0.0,0.0
34.38814221333063,100000000.0,-1.0,563.3958301379591,178.9479604351983,1.0,1.0
34.38814221333063,100000000.0,632.3410385891137,632.3410385891139,199.0994611549548,0.0,0.0
34.38814221333063,100000000.0,-1.0,563.6094072815813,183.38799157983237,1.0,1.0
34.38814221333063,100000000.0,-1.0,563.8880070430474,184.7323002134697,1.0,1.0
34.38814221333063,100000000.0,632.8774829089751,632.8774829089753,199.63590547481613,0.0,0.0
34.38814221333063,100000000.0,633.0134757367588,633.0134757367588,199.7718983025997,0.0,0.0
34.38814221333063,100000000.0,-1.0,564.415169479389,181.43513673268689,1.0,1.0
34.38814221333063,100000000.0,-1.0,564.5844968223544,183.12301677773507,1.0,1.0
34.38814221333063,100000000.0,-1.0,564.6234619808992,179.79084084530788,1.0,1.0
34.38814221333063,100000000.0,-1.0,564.6477914219621,182.19274145003658,1.0,1.0
34.38814221333063,100000000.0,-1.0,564.9274547244223,181.45647460369102,1.0,1.0
34.38814221333063,100000000.0,633.743835230913,633.7438352309131,200.502257796754,0.0,0.0
34.38814221333063,100000000.0,-1.0,565.7660800482813,181.93938279824792,1.0,1.0
34.38814221333063,100000000.0,-1.0,565.8207892732913,178.647557080576,1.0,1.0
34.38814221333063,100000000.0,-1.0,565.9046147708817,178.81255479975286,1.0,1.0
34.38814221333063,100000000.0,634.8436063714689,634.8436063714689,201.6020289373098,0.0,0.0
34.38814221333063,100000000.0,-1.0,566.4663080510092,180.030878085974,1.0,1.0
34.38814221333063,100000000.0,635.2462362148208,635.2462362148208,202.0046587806618,0.0,0.0
34.38814221333063,100000000.0,-1.0,566.5253989883194,183.1348555921567,1.0,1.0
34.38814221333063,100000000.0,-1.0,566.6587195044181,178.751367199775,1.0,1.0
34.38814221333063,100000000.0,635.5465545069437,635.5465545069436,202.30497707278457,0.0,0.0
34.38814221333063,100000000.0,-1.0,567.3349011689351,179.3059721923024,1.0,1.0
34.38814221333063,100000000.0,-1.0,567.4194711966029,188.37984076291298,1.0,1.0
34.38814221333063,100000000.0,-1.0,567.4806673572318,183.14163176607786,1.0,1.0
34.38814221333063,100000000.0,636.768400758863,636.768400758863,203.52682332470405,0.0,0.0
34.38814221333063,100000000.0,636.9008795243487,636.9008795243486,203.65930209018958,0.0,0.0
34.38814221333063,100000000.0,-1.0,568.1434614992185,185.49243695090476,1.0,1.0
34.38814221333063,100000000.0,-1.0,568.4700238226166,182.5717953472212,1.0,1.0
34.38814221333063,100000000.0,637.390007273422,637.3900072734222,204.14842983926312,0.0,0.0
34.38814221333063,100000000.0,-1.0,568.9664419821798,186.19593075745254,1.0,1.0
34.38814221333063,100000000.0,637.7613935069578,637.7613935069578,204.51981607279882,0.0,0.0
34.38814221333063,100000000.0,637.7775372024896,637.7775372024896,204.53595976833057,0.0,0.0
34.38814221333063,100000000.0,-1.0,569.1564651439325,186.77348783688427,1.0,1.0
34.38814221333063,100000000.0,-1.0,569.1771881784343,186.83821460239625,1.0,1.0
34.38814221333063,100000000.0,-1.0,569.2698469840434,184.61205909838253,1.0,1.0
34.38814221333063,100000000.0,-1.0,569.4414463047552,181.55804386987174,1.0,1.0
34.38814221333063,100000000.0,638.3254500224377,638.3254500224378,205.08387258827872,0.0,0.0
34.38814221333063,100000000.0,-1.0,569.7320183059447,185.07423042028356,1.0,1.0
34.38814221333063,100000000.0,-1.0,569.7904180900733,183.63261887301275,1.0,1.0
34.38814221333063,100000000.0,-1.0,569.8296824505995,190.0424329371841,1.0,1.0
34.38814221333063,100000000.0,638.6209546669016,638.6209546669015,205.37937723274248,0.0,0.0
34.38814221333063,100000000.0,-1.0,569.8898489084455,188.49815845104024,1.0,1.0
34.38814221333063,100000000.0,-1.0,569.9165542401719,185.5962714457014,1.0,1.0
34.38814221333063,100000000.0,-1.0,501.14068319307626,162.6324127704454,2.0,2.0
34.38814221333063,100000000.0,-1.0,569.9411043185014,180.497563149705,1.0,1.0
34.38814221333063,100000000.0,-1.0,569.9610235457296,189.73960784398054,1.0,1.0
34.38814221333063,100000000.0,-1.0,570.0422516007125,185.52999025680083,1.0,1.0
34.38814221333063,100000000.0,-1.0,570.1182961583257,182.94506396561042,1.0,1.0
34.38814221333063,100000000.0,638.9207968061321,638.9207968061322,205.67921937197306,0.0,0.0
34.38814221333063,100000000.0,-1.0,570.1735805797606,188.16976204056456,1.0,1.0
34.38814221333063,100000000.0,-1.0,570.1995557010575,187.42712901589204,1.0,1.0
34.38814221333063,100000000.0,-1.0,570.4503949822441,177.6357127224759,1.0,1.0
34.38814221333063,100000000.0,-1.0,570.4928261178583,184.0350923711228,1.0,1.0
34.38814221333063,100000000.0,639.3124339356167,639.3124339356167,206.07085650145768,0.0,0.0
34.38814221333063,100000000.0,-1.0,570.9420031459811,187.52780421094553,1.0,1.0
34.38814221333063,100000000.0,-1.0,570.9539131929569,185.04716144749793,1.0,1.0
34.38814221333063,100000000.0,-1.0,571.1968485033768,186.54522339587902,1.0,1.0
34.38814221333063,100000000.0,640.0466607807263,640.0466607807261,206.8050833465672,0.0,0.0
34.38814221333063,100000000.0,640.1158326347812,640.1158326347813,206.87425520062217,0.0,0.0
34.38814221333063,100000000.0,-1.0,571.7110976878234,189.0789666406839,1.0,1.0
34.38814221333063,100000000.0,-1.0,502.99494173179994,169.0553404394114,2.0,2.0
34.38814221333063,100000000.0,640.9385396999974,640.9385396999976,207.6969622658385,0.0,0.0
34.38814221333063,100000000.0,-1.0,503.39913310988436,161.86048800725894,2.0,2.0
34.38814221333063,100000000.0,-1.0,572.2831377088607,189.51262648413345,1.0,1.0
34.38814221333063,100000000.0,-1.0,572.3873731936313,187.212544555823,1.0,1.0
34.38814221333063,100000000.0,-1.0,572.4772289799938,189.00624885926246,1.0,1.0
34.38814221333063,100000000.0,-1.0,572.5744617554902,187.92770660300064,1.0,1.0
34.38814221333063,100000000.0,-1.0,572.584425037087,182.7164009746172,1.0,1.0
34.38814221333063,100000000.0,-1.0,572.599314823198,190.8958389383757,1.0,1.0
34.38814221333063,100000000.0,-1.0,572.7219979483256,188.27412824556475,1.0,1.0
34.38814221333063,100000000.0,-1.0,572.8365637433953,185.66333155067994,1.0,1.0
34.38814221333063,100000000.0,-1.0,572.8895967025655,190.5506231265274,1.0,1.0
34.38814221333063,100000000.0,-1.0,573.1346176961217,194.80419836270957,1.0,1.0
34.38814221333063,100000000.0,-1.0,573.6029135113249,193.19563182647417,1.0,1.0
34.38814221333063,100000000.0,642.4130804528594,642.4130804528596,209.1715030187006,0.0,0.0
34.38814221333063,100000000.0,642.5753689056976,642.5753689056976,209.33379147153852,0.0,0.0
34.38814221333063,100000000.0,642.6557565897913,642.6557565897913,209.4141791556323,0.0,0.0
34.38814221333063,100000000.0,-1.0,573.9932945483498,186.91087010117118,1.0,1.0
34.38814221333063,100000000.0,-1.0,574.0217045583294,190.98489062593154,1.0,1.0
34.38814221333063,100000000.0,-1.0,574.4728215901947,187.29958939747934,1.0,1.0
34.38814221333063,100000000.0,643.2735745549921,643.2735745549923,210.031997120833,0.0,0.0
34.38814221333063,100000000.0,643.3253263823624,643.3253263823622,210.08374894820315,0.0,0.0
34.38814221333063,100000000.0,-1.0,574.67846171984,187.04008298633798,1.0,1.0
34.38814221333063,100000000.0,-1.0,575.5989449083684,185.77923122541284,1.0,1.0
34.38814221333063,100000000.0,-1.0,575.8311492131697,190.65632057536152,1.0,1.0
34.38814221333063,100000000.0,-1.0,575.9284307197272,194.03278448677435,1.0,1.0
34.38814221333063,100000000.0,-1.0,576.0153311305706,193.36430658225723,1.0,1.0
34.38814221333063,100000000.0,-1.0,576.1831290097708,192.36680199084788,1.0,1.0
34.38814221333063,100000000.0,644.9654114487648,644.9654114487649,211.7238340146058,0.0,0.0
34.38814221333063,100000000.0,644.9814895649702,644.9814895649703,211.73991213081123,0.0,0.0
34.38814221333063,100000000.0,-1.0,576.2443131783295,192.4658904025069,1.0,1.0
34.38814221333063,100000000.0,-1.0,576.5235896219457,188.9034319206893,1.0,1.0
34.38814221333063,100000000.0,-1.0,576.6430286851912,192.7255236896212,1.0,1.0
34.38814221333063,100000000.0,645.4729962286151,645.4729962286151,212.23141879445615,0.0,0.0
34.38814221333063,100000000.0,645.5362331834768,645.536233183477,212.29465574931774,0.0,0.0
34.38814221333063,100000000.0,-1.0,576.9289038979445,193.78429380519364,1.0,1.0
34.38814221333063,100000000.0,-1.0,577.0074416803525,192.77202266850753,1.0,1.0
34.38814221333063,100000000.0,-1.0,508.334326158746,175.50461966143138,2.0,2.0
34.38814221333063,100000000.0,645.901254180848,645.901254180848,212.65967674668886,0.0,0.0
34.38814221333063,100000000.0,645.9453045384153,645.9453045384151,212.7037271042561,0.0,0.0
34.38814221333063,100000000.0,-1.0,577.1851554005192,194.54450108331613,1.0,1.0
34.38814221333063,100000000.0,-1.0,577.489670255288,195.15069667925,1.0,1.0
34.38814221333063,100000000.0,-1.0,508.90682960605477,178.56739458765645,2.0,2.0
34.38814221333063,100000000.0,-1.0,508.9304300058372,168.01704556073415,2.0,2.0
34.38814221333063,100000000.0,-1.0,577.8864759036816,190.79441593255268,1.0,1.0
34.38814221333063,100000000.0,-1.0,578.3026539045616,193.32365389187336,1.0,1.0
34.38814221333063,100000000.0,647.2703488340453,647.2703488340452,214.02877139988632,0.0,0.0
34.38814221333063,100000000.0,-1.0,509.79701731389713,166.2465732979269,2.0,2.0
34.38814221333063,100000000.0,-1.0,441.09234021963056,157.3470167019103,3.0,3.0
34.38814221333063,100000000.0,648.3124891049733,648.3124891049735,215.07091167081427,0.0,0.0
34.38814221333063,100000000.0,-1.0,580.0128692098498,191.13479010133997,1.0,1.0
34.38814221333063,100000000.0,-1.0,580.1036927691417,196.50626602141247,1.0,1.0
34.38814221333063,100000000.0,-1.0,512.3884454908257,174.2826614567268,2.0,2.0
34.38814221333063,100000000.0,-1.0,581.6854372411726,190.26198062202045,1.0,1.0
34.38814221333063,100000000.0,651.5187180031267,651.5187180031267,218.2771405689676,0.0,0.0
34.38814221333063,100000000.0,-1.0,583.3414955834019,195.71014208521012,1.0,1.0
34.38814221333063,100000000.0,652.8832504164798,652.8832504164798,219.6416729823207,0.0,0.0
34.38814221333063,100000000.0,-1.0,586.2631596545119,194.1907253132039,1.0,1.0
34.38814221333063,100000000.0,-1.0,588.5245752431995,203.40907426931614,1.0,1.0
34.38814221333063,100000000.0,657.6335525219438,657.6335525219438,224.39197508778472,0.0,0.0
34.38814221333063,100000000.0,658.1962298973484,658.1962298973483,224.9546524631892,0.0,0.0
42.32036507606817,100000000.0,643.067950528756,643.067950528756,209.8263730945969,0.0,0.0
42.32036507606817,100000000.0,658.06991519502,658.0699151950199,224.82833776086107,0.0,0.0
42.32036507606817,100000000.0,659.367080351126,659.367080351126,226.125502916967,0.0,0.0
42.32036507606817,100000000.0,659.4645121359517,659.4645121359517,226.22293470179275,0.0,0.0
42.32036507606817,100000000.0,663.6208432249103,663.6208432249103,230.3792657907514,0.0,0.0
42.32036507606817,100000000.0,663.6891235031517,663.6891235031514,230.4475460689925,0.0,0.0
42.32036507606817,100000000.0,664.559550405717,664.559550405717,231.317972971558,0.0,0.0
42.32036507606817,100000000.0,666.1069601046806,666.1069601046805,232.8653826705214,0.0,0.0
42.32036507606817,100000000.0,666.5059553781458,666.5059553781458,233.26437794398677,0.0,0.0
42.32036507606817,100000000.0,666.5070512390313,666.5070512390312,233.26547380487213,0.0,0.0
42.32036507606817,100000000.0,667.2210104029039,667.2210104029037,233.97943296874482,0.0,0.0
42.32036507606817,100000000.0,668.2929944576898,668.2929944576897,235.0514170235307,0.0,0.0
42.32036507606817,100000000.0,668.7264549930092,668.7264549930092,235.4848775588501,0.0,0.0
42.32036507606817,100000000.0,669.80098486053,669.80098486053,236.55940742637088,0.0,0.0
42.32036507606817,100000000.0,670.4315250330907,670.4315250330907,237.1899475989317,0.0,0.0
42.32036507606817,100000000.0,670.4929451106954,670.4929451106954,237.25136767653635,0.0,0.0
42.32036507606817,100000000.0,670.7331652181351,670.7331652181351,237.49158778397614,0.0,0.0
42.32036507606817,100000000.0,671.4908516543584,671.4908516543585,238.24927422019934,0.0,0.0
42.32036507606817,100000000.0,671.9483507866358,671.9483507866358,238.7067733524768,0.0,0.0
42.32036507606817,100000000.0,671.9825174396449,671.9825174396449,238.74094000548575,0.0,0.0
42.32036507606817,100000000.0,672.6359268673535,672.6359268673535,239.39434943319455,0.0,0.0
42.32036507606817,100000000.0,673.0692348836405,673.0692348836404,239.8276574494813,0.0,0.0
42.32036507606817,100000000.0,673.3341365205406,673.3341365205407,240.0925590863816,0.0,0.0
42.32036507606817,100000000.0,673.7053992812232,673.7053992812232,240.4638218470641,0.0,0.0
42.32036507606817,100000000.0,673.9704694341782,673.9704694341784,240.72889200001927,0.0,0.0
42.32036507606817,100000000.0,674.3838640358624,674.3838640358625,241.14228660170338,0.0,0.0
42.32036507606817,100000000.0,674.5065514688857,674.5065514688858,241.26497403472678,0.0,0.0
42.32036507606817,100000000.0,675.168083136661,675.1680831366612,241.92650570250197,0.0,0.0
42.32036507606817,100000000.0,675.2261814446359,675.2261814446358,241.98460401047672,0.0,0.0
42.32036507606817,100000000.0,675.2488413279624,675.2488413279624,242.00726389380338,0.0,0.0
42.32036507606817,100000000.0,675.6947009335594,675.6947009335597,242.45312349940048,0.0,0.0
42.32036507606817,100000000.0,675.8387962428204,675.8387962428204,242.59721880866135,0.0,0.0
42.32036507606817,100000000.0,675.878656428967,675.8786564289672,242.63707899480806,0.0,0.0
42.32036507606817,100000000.0,676.3607106571396,676.3607106571395,243.1191332229805,0.0,0.0
42.32036507606817,100000000.0,676.5617340316337,676.5617340316338,243.32015659747466,0.0,0.0
42.32036507606817,100000000.0,676.9075508320269,676.907550832027,243.66597339786793,0.0,0.0
42.32036507606817,100000000.0,677.0049156602506,677.0049156602505,243.76333822609155,0.0,0.0
42.32036507606817,100000000.0,677.0921392573563,677.0921392573564,243.85056182319735,0.0,0.0
42.32036507606817,100000000.0,677.1990437890362,677.1990437890362,243.957466354877,0.0,0.0
42.32036507606817,100000000.0,677.2938613856027,677.2938613856029,244.05228395144368,0.0,0.0
42.32036507606817,100000000.0,677.3933022697955,677.3933022697958,244.1517248356366,0.0,0.0
42.32036507606817,100000000.0,677.4128173444799,677.4128173444798,244.17123991032076,0.0,0.0
42.32036507606817,100000000.0,677.7822267128224,677.7822267128224,244.54064927866338,0.0,0.0
42.32036507606817,100000000.0,677.7915778978524,677.7915778978524,244.55000046369344,0.0,0.0
42.32036507606817,100000000.0,677.9472422748269,677.9472422748269,244.7056648406678,0.0,0.0
42.32036507606817,100000000.0,678.0943985100324,678.0943985100325,244.85282107587346,0.0,0.0
42.32036507606817,100000000.0,678.1259010943877,678.1259010943877,244.8843236602285,0.0,0.0
42.32036507606817,100000000.0,678.1917976621929,678.1917976621929,244.9502202280337,0.0,0.0
42.32036507606817,100000000.0,678.4179553239068,678.4179553239068,245.17637788974776,0.0,0.0
42.32036507606817,100000000.0,678.5101654085681,678.5101654085679,245.26858797440883,0.0,0.0
42.32036507606817,100000000.0,678.9916050118835,678.9916050118835,245.75002757772455,0.0,0.0
42.32036507606817,100000000.0,679.8187298160842,679.8187298160843,246.5771523819252,0.0,0.0
42.32036507606817,100000000.0,680.1110325762994,680.1110325762994,246.86945514214037,0.0,0.0
42.32036507606817,100000000.0,680.2682631837376,680.2682631837376,247.0266857495787,0.0,0.0
42.32036507606817,100000000.0,680.4670500182485,680.4670500182486,247.2254725840894,0.0,0.0
42.32036507606817,100000000.0,680.6852991597113,680.6852991597113,247.44372172555222,0.0,0.0
42.32036507606817,100000000.0,681.2726295548458,681.272629554846,248.03105212068687,0.0,0.0
42.32036507606817,100000000.0,681.4297905741764,681.4297905741764,248.18821314001738,0.0,0.0
42.32036507606817,100000000.0,681.5266919462679,681.5266919462679,248.2851145121088,0.0,0.0
42.32036507606817,100000000.0,681.6019330993071,681.6019330993071,248.3603556651481,0.0,0.0
42.32036507606817,100000000.0,681.6079286408732,681.6079286408728,248.36635120671377,0.0,0.0
42.32036507606817,100000000.0,681.7329909662516,681.7329909662514,248.49141353209237,0.0,0.0
42.32036507606817,100000000.0,681.7558414197084,681.7558414197085,248.51426398554946,0.0,0.0
42.32036507606817,100000000.0,681.782312252674,681.7823122526742,248.54073481851515,0.0,0.0
42.32036507606817,100000000.0,681.8238872774396,681.8238872774397,248.58230984328063,0.0,0.0
42.32036507606817,100000000.0,682.1438018281334,682.1438018281334,248.90222439397428,0.0,0.0
42.32036507606817,100000000.0,682.2426140066626,682.2426140066625,249.0010365725035,0.0,0.0
42.32036507606817,100000000.0,682.2935538299721,682.2935538299718,249.05197639581291,0.0,0.0
42.32036507606817,100000000.0,682.6368462737105,682.6368462737104,249.3952688395515,0.0,0.0
42.32036507606817,100000000.0,682.8085467987731,682.8085467987731,249.56696936461418,0.0,0.0
42.32036507606817,100000000.0,682.8263771039326,682.8263771039326,249.58479966977356,0.0,0.0
42.32036507606817,100000000.0,682.896991546278,682.896991546278,249.65541411211885,0.0,0.0
42.32036507606817,100000000.0,682.9040268489338,682.9040268489339,249.66244941477484,0.0,0.0
42.32036507606817,100000000.0,683.3964764025948,683.396476402595,250.1548989684358,0.0,0.0
42.32036507606817,100000000.0,683.7774765879055,683.7774765879055,250.5358991537464,0.0,0.0
42.32036507606817,100000000.0,684.017181621548,684.0171816215482,250.77560418738912,0.0,0.0
42.32036507606817,100000000.0,684.0508348888508,684.0508348888505,250.80925745469153,0.0,0.0
42.32036507606817,100000000.0,684.1695700411867,684.1695700411867,250.9279926070277,0.0,0.0
42.32036507606817,100000000.0,684.2693901550288,684.2693901550286,251.0278127208696,0.0,0.0
42.32036507606817,100000000.0,684.4883498731873,684.4883498731872,251.24677243902823,0.0,0.0
42.32036507606817,100000000.0,685.2090502143287,685.2090502143288,251.96747278016966,0.0,0.0
42.32036507606817,100000000.0,685.3087646646644,685.3087646646644,252.06718723050525,0.0,0.0
42.32036507606817,100000000.0,685.4086943245674,685.4086943245674,252.1671168904083,0.0,0.0
42.32036507606817,100000000.0,685.5663754413906,685.5663754413907,252.32479800723158,0.0,0.0
42.32036507606817,100000000.0,686.1605980930625,686.1605980930625,252.91902065890355,0.0,0.0
42.32036507606817,100000000.0,686.2680997553246,686.2680997553246,253.02652232116546,0.0,0.0
42.32036507606817,100000000.0,686.3704143286868,686.3704143286868,253.12883689452775,0.0,0.0
42.32036507606817,100000000.0,686.7991432720688,686.7991432720688,253.5575658379097,0.0,0.0
42.32036507606817,100000000.0,686.9229249307066,686.9229249307067,253.6813474965476,0.0,0.0
42.32036507606817,100000000.0,687.0954555271229,687.095455527123,253.85387809296392,0.0,0.0
42.32036507606817,100000000.0,687.196029094865,687.1960290948654,253.95445166070618,0.0,0.0
42.32036507606817,100000000.0,687.3198102939039,687.319810293904,254.07823285974487,0.0,0.0
42.32036507606817,100000000.0,687.4359420536617,687.4359420536617,254.1943646195027,0.0,0.0
42.32036507606817,100000000.0,687.4759219490285,687.4759219490285,254.23434451486943,0.0,0.0
42.32036507606817,100000000.0,687.905763437229,687.9057634372291,254.66418600306994,0.0,0.0
42.32036507606817,100000000.0,688.1081078792106,688.1081078792106,254.86653044505144,0.0,0.0
42.32036507606817,100000000.0,688.2384140950494,688.2384140950493,254.99683666089035,0.0,0.0
42.32036507606817,100000000.0,688.6958293574455,688.6958293574457,255.45425192328665,0.0,0.0
42.32036507606817,100000000.0,688.6981233063157,688.6981233063157,255.45654587215657,0.0,0.0
42.32036507606817,100000000.0,688.7977249917084,688.7977249917085,255.5561475575494,0.0,0.0
42.32036507606817,100000000.0,688.9630102299647,688.9630102299645,255.72143279580555,0.0,0.0
42.32036507606817,100000000.0,689.0892279380229,689.0892279380229,255.84765050386378,0.0,0.0
42.32036507606817,100000000.0,689.2448185722346,689.2448185722345,256.00324113807545,0.0,0.0
42.32036507606817,100000000.0,689.7558464394979,689.7558464394976,256.5142690053387,0.0,0.0
42.32036507606817,100000000.0,690.465881132191,690.465881132191,257.2243036980319,0.0,0.0
42.32036507606817,100000000.0,690.734039388971,690.734039388971,257.492461954812,0.0,0.0
42.32036507606817,100000000.0,690.7857322415152,690.7857322415152,257.54415480735616,0.0,0.0
42.32036507606817,100000000.0,691.6180274384352,691.6180274384352,258.3764500042761,0.0,0.0
42.32036507606817,100000000.0,691.6829784670493,691.6829784670495,258.44140103289044,0.0,0.0
42.32036507606817,100000000.0,692.047862047468,692.0478620474684,258.8062846133091,0.0,0.0
42.32036507606817,100000000.0,692.125413492126,692.1254134921257,258.8838360579667,0.0,0.0
42.32036507606817,100000000.0,692.4677761950752,692.4677761950752,259.226198760916,0.0,0.0
42.32036507606817,100000000.0,693.0970587069612,693.0970587069613,259.8554812728023,0.0,0.0
42.32036507606817,100000000.0,693.6534078822743,693.6534078822743,260.4118304481153,0.0,0.0
42.32036507606817,100000000.0,693.7935765196287,693.7935765196288,260.55199908546973,0.0,0.0
42.32036507606817,100000000.0,693.945732839819,693.9457328398189,260.7041554056598,0.0,0.0
42.32036507606817,100000000.0,694.1405902046223,694.1405902046226,260.89901277046346,0.0,0.0
42.32036507606817,100000000.0,694.4733855891071,694.4733855891069,261.231808154948,0.0,0.0
42.32036507606817,100000000.0,695.0187911460278,695.0187911460278,261.77721371186874,0.0,0.0
42.32036507606817,100000000.0,695.6803542683081,695.6803542683081,262.4387768341491,0.0,0.0
42.32036507606817,100000000.0,695.7525013061195,695.7525013061195,262.5109238719604,0.0,0.0
42.32036507606817,100000000.0,696.2406473367859,696.2406473367859,262.9990699026267,0.0,0.0
42.32036507606817,100000000.0,697.7515676313787,697.7515676313786,264.5099901972197,0.0,0.0
42.32036507606817,100000000.0,698.4822973389734,698.4822973389732,265.2407199048142,0.0,0.0
42.32036507606817,100000000.0,699.3589099124692,699.3589099124691,266.1173324783101,0.0,0.0
42.32036507606817,100000000.0,699.983199893017,699.9831998930171,266.741622458858,0.0,0.0
42.32036507606817,100000000.0,701.2004538648164,701.2004538648164,267.9588764306575,0.0,0.0
42.32036507606817,100000000.0,704.255441485693,704.2554414856932,271.01386405153403,0.0,0.0
33.934556997425574,100000000.0,-1.0,556.5714411850655,174.6757949521126,1.0,1.0
33.934556997425574,100000000.0,624.7233276300906,624.7233276300906,191.4817501959315,0.0,0.0
33.934556997425574,100000000.0,-1.0,557.9600450429131,169.93111606628037,1.0,1.0
33.934556997425574,100000000.0,-1.0,558.2320031971956,173.9848345999793,1.0,1.0
33.934556997425574,100000000.0,626.4017203152054,626.4017203152054,193.16014288104643,0.0,0.0
33.934556997425574,100000000.0,626.536138846586,626.5361388465859,193.29456141242682,0.0,0.0
33.934556997425574,100000000.0,-1.0,558.7445827112101,174.82707771563997,1.0,1.0
33.934556997425574,100000000.0,-1.0,558.7747714711156,170.86741916647242,1.0,1.0
33.934556997425574,100000000.0,626.8540140204495,626.8540140204495,193.61243658629047,0.0,0.0
33.934556997425574,100000000.0,-1.0,559.1505441799626,177.75885372255752,1.0,1.0
33.934556997425574,100000000.0,627.0424993154928,627.0424993154927,193.80092188133364,0.0,0.0
33.934556997425574,100000000.0,-1.0,559.2715510012581,175.35404600568813,1.0,1.0
33.934556997425574,100000000.0,-1.0,559.4839314402279,179.07664975537696,1.0,1.0
33.934556997425574,100000000.0,-1.0,559.5790219498068,177.6833757168539,1.0,1.0
33.934556997425574,100000000.0,-1.0,559.8329571488932,180.2030042218199,1.0,1.0
33.934556997425574,100000000.0,-1.0,559.918365999243,171.8894370226102,1.0,1.0
33.934556997425574,100000000.0,-1.0,559.9749618884894,175.31717400282852,1.0,1.0
33.934556997425574,100000000.0,-1.0,560.0431674609217,172.01423848428894,1.0,1.0
33.934556997425574,100000000.0,-1.0,560.0579901865287,179.83657448477965,1.0,1.0
33.934556997425574,100000000.0,-1.0,560.1031012282945,180.9073144895545,1.0,1.0
33.934556997425574,100000000.0,628.1606616429997,628.1606616429997,194.9190842088407,0.0,0.0
33.934556997425574,100000000.0,-1.0,560.3062486677924,172.2773196911596,1.0,1.0
33.934556997425574,100000000.0,628.3551368312692,628.3551368312693,195.1135593971102,0.0,0.0
33.934556997425574,100000000.0,-1.0,560.5094886909327,182.17906935752043,1.0,1.0
33.934556997425574,100000000.0,628.4493063981798,628.4493063981798,195.20772896402084,0.0,0.0
33.934556997425574,100000000.0,-1.0,560.6423766546039,172.73502434996067,1.0,1.0
33.934556997425574,100000000.0,-1.0,560.6676794040228,177.5092887996353,1.0,1.0
33.934556997425574,100000000.0,628.5424265903368,628.5424265903367,195.3008491561777,0.0,0.0
33.934556997425574,100000000.0,-1.0,560.7620339041679,176.84452890859802,1.0,1.0
33.934556997425574,100000000.0,-1.0,560.9538277101317,173.04647540548854,1.0,1.0
33.934556997425574,100000000.0,-1.0,560.9666394151533,177.19371691543282,1.0,1.0
33.934556997425574,100000000.0,628.9333932383506,628.9333932383507,195.6918158041915,0.0,0.0
33.934556997425574,100000000.0,-1.0,561.1019094655046,173.1945571608614,1.0,1.0
33.934556997425574,100000000.0,-1.0,561.2813354142522,176.4487142786609,1.0,1.0
33.934556997425574,100000000.0,-1.0,561.5749642054469,181.55556190025624,1.0,1.0
33.934556997425574,100000000.0,-1.0,561.8789897754567,181.65757407370765,1.0,1.0
33.934556997425574,100000000.0,-1.0,561.8970878070634,180.00144157411043,1.0,1.0
33.934556997425574,100000000.0,-1.0,561.8970878070634,180.00144157411043,1.0,1.0
33.934556997425574,100000000.0,-1.0,561.9116956766868,179.9925942360238,1.0,1.0
33.934556997425574,100000000.0,-1.0,562.0301547848889,181.57658629136472,1.0,1.0
33.934556997425574,100000000.0,-1.0,562.2605605661594,177.9215249750053,1.0,1.0
33.934556997425574,100000000.0,-1.0,562.2670570358345,178.4886342600119,1.0,1.0
33.934556997425574,100000000.0,-1.0,562.2809444568156,177.51811290843864,1.0,1.0
33.934556997425574,100000000.0,630.1648709222028,630.1648709222029,196.9232934880438,0.0,0.0
33.934556997425574,100000000.0,630.2598922423101,630.25989224231,197.01831480815096,0.0,0.0
33.934556997425574,100000000.0,-1.0,562.4222625349324,178.1750939377161,1.0,1.0
33.934556997425574,100000000.0,-1.0,562.426467416337,175.25323522362174,1.0,1.0
33.934556997425574,100000000.0,-1.0,562.4523816143612,180.55673538140834,1.0,1.0
33.934556997425574,100000000.0,630.3618819695811,630.3618819695811,197.12030453542192,0.0,0.0
33.934556997425574,100000000.0,630.5624544822653,630.562454482265,197.32087704810615,0.0,0.0
33.934556997425574,100000000.0,630.5960796869535,630.5960796869537,197.35450225279453,0.0,0.0
33.934556997425574,100000000.0,-1.0,562.8923869131613,180.99674068020835,1.0,1.0
33.934556997425574,100000000.0,-1.0,562.9136158556556,181.01796962270276,1.0,1.0
33.934556997425574,100000000.0,630.8559058729426,630.8559058729427,197.6143284387836,0.0,0.0
33.934556997425574,100000000.0,-1.0,563.0206552673247,175.13725283244125,1.0,1.0
33.934556997425574,100000000.0,631.025583301682,631.0255833016819,197.78400586752275,0.0,0.0
33.934556997425574,100000000.0,-1.0,563.3155910706245,178.65780318496348,1.0,1.0
33.934556997425574,100000000.0,-1.0,563.3243696557543,179.5459468799317,1.0,1.0
33.934556997425574,100000000.0,631.2071583035229,631.207158303523,197.96558086936386,0.0,0.0
33.934556997425574,100000000.0,-1.0,563.36159422385,183.57434471043427,1.0,1.0
33.934556997425574,100000000.0,631.2618815563551,631.2618815563552,198.02030412219614,0.0,0.0
33.934556997425574,100000000.0,631.3561145896633,631.3561145896634,198.1145371555043,0.0,0.0
33.934556997425574,100000000.0,631.4005346721766,631.4005346721766,198.1589572380175,0.0,0.0
33.934556997425574,100000000.0,-1.0,563.5557878524345,175.64843554779134,1.0,1.0
33.934556997425574,100000000.0,631.6102935831427,631.6102935831427,198.36871614898362,0.0,0.0
33.934556997425574,100000000.0,-1.0,563.7864967780649,182.50299834426673,1.0,1.0
33.934556997425574,100000000.0,-1.0,563.852762821416,179.19497493575514,1.0,1.0
33.934556997425574,100000000.0,-1.0,564.0727331257017,179.24011199011042,1.0,1.0
33.934556997425574,100000000.0,-1.0,564.0813297073074,185.54565504916508,1.0,1.0
33.934556997425574,100000000.0,-1.0,564.2960327134717,175.29637693297252,1.0,1.0
33.934556997425574,100000000.0,-1.0,564.2968696971435,176.3895173925003,1.0,1.0
33.934556997425574,100000000.0,-1.0,564.2968696971434,176.38951739250024,1.0,1.0
33.934556997425574,100000000.0,-1.0,564.3150983439621,175.31544256346277,1.0,1.0
33.934556997425574,100000000.0,632.2553256137594,632.2553256137593,199.01374817960016,0.0,0.0
33.934556997425574,100000000.0,-1.0,564.4863268571128,179.31149821930447,1.0,1.0
33.934556997425574,100000000.0,-1.0,564.916367521446,180.25857963578488,1.0,1.0
33.934556997425574,100000000.0,632.786987631486,632.786987631486,199.54541019732685,0.0,0.0
33.934556997425574,100000000.0,-1.0,564.9647294175668,179.27679537193558,1.0,1.0
33.934556997425574,100000000.0,-1.0,565.0015476323008,177.0941953276575,1.0,1.0
33.934556997425574,100000000.0,-1.0,565.0916395575011,170.9016912239228,1.0,1.0
33.934556997425574,100000000.0,632.990835550105,632.990835550105,199.74925811594585,0.0,0.0
33.934556997425574,100000000.0,633.0525269167554,633.0525269167555,199.81094948259638,0.0,0.0
33.934556997425574,100000000.0,633.0532071440459,633.053207144046,199.81162970988694,0.0,0.0
33.934556997425574,100000000.0,633.0939080458274,633.0939080458277,199.85233061166852,0.0,0.0
33.934556997425574,100000000.0,-1.0,565.2387778973799,178.06554570466474,1.0,1.0
33.934556997425574,100000000.0,-1.0,565.2692682877513,180.6114804020904,1.0,1.0
33.934556997425574,100000000.0,-1.0,565.3039139365717,180.64612605091082,1.0,1.0
33.934556997425574,100000000.0,-1.0,565.3825487116992,177.35361973506645,1.0,1.0
33.934556997425574,100000000.0,633.2920739498716,633.2920739498717,200.05049651571255,0.0,0.0
33.934556997425574,100000000.0,633.3189265445129,633.3189265445129,200.07734911035396,0.0,0.0
33.934556997425574,100000000.0,633.435492347587,633.435492347587,200.19391491342796,0.0,0.0
33.934556997425574,100000000.0,633.4802841614921,633.4802841614922,200.23870672733315,0.0,0.0
33.934556997425574,100000000.0,633.4826136969928,633.4826136969929,200.24103626283372,0.0,0.0
33.934556997425574,100000000.0,633.5773130658997,633.5773130659,200.33573563174073,0.0,0.0
33.934556997425574,100000000.0,-1.0,565.7690008617889,182.11215475795586,1.0,1.0
33.934556997425574,100000000.0,-1.0,565.8225864899814,183.5496023475634,1.0,1.0
33.934556997425574,100000000.0,633.7050049964502,633.7050049964502,200.46342756229106,0.0,0.0
33.934556997425574,100000000.0,-1.0,565.8364880881243,182.36550796739309,1.0,1.0
33.934556997425574,100000000.0,-1.0,565.9600304596338,181.4477691157221,1.0,1.0
33.934556997425574,100000000.0,-1.0,566.2167196493697,184.80549780610235,1.0,1.0
33.934556997425574,100000000.0,634.095945308077,634.0959453080773,200.85436787391814,0.0,0.0
33.934556997425574,100000000.0,634.2381467285576,634.2381467285577,200.9965692943987,0.0,0.0
33.934556997425574,100000000.0,-1.0,566.4548062051047,183.80378165679105,1.0,1.0
33.934556997425574,100000000.0,634.3510835891436,634.3510835891436,201.10950615498462,0.0,0.0
33.934556997425574,100000000.0,634.3818344876494,634.3818344876493,201.14025705349027,0.0,0.0
33.934556997425574,100000000.0,-1.0,566.5795943864318,181.93833951004436,1.0,1.0
33.934556997425574,100000000.0,-1.0,566.800798825341,182.7602302034109,1.0,1.0
33.934556997425574,100000000.0,634.7954833476183,634.7954833476183,201.55390591345918,0.0,0.0
33.934556997425574,100000000.0,-1.0,566.9346504089964,179.76141821628119,1.0,1.0
33.934556997425574,100000000.0,634.8184637677552,634.8184637677552,201.57688633359612,0.0,0.0
33.934556997425574,100000000.0,-1.0,499.1648909446703,162.9718178350313,2.0,2.0
33.934556997425574,100000000.0,-1.0,567.4559348489449,181.8274201594174,1.0,1.0
33.934556997425574,100000000.0,-1.0,567.6239427045144,180.45071051179923,1.0,1.0
33.934556997425574,100000000.0,-1.0,567.8619825313443,180.7399381659099,1.0,1.0
33.934556997425574,100000000.0,-1.0,567.9845369039849,180.07718459934188,1.0,1.0
33.934556997425574,100000000.0,636.1934859132296,636.1934859132297,202.9519084790706,0.0,0.0
33.934556997425574,100000000.0,-1.0,568.4859601236001,184.56845512803008,1.0,1.0
33.934556997425574,100000000.0,-1.0,568.8125684807046,185.1233246337247,1.0,1.0
33.934556997425574,100000000.0,637.1047790234549,637.104779023455,203.86320158929584,0.0,0.0
33.934556997425574,100000000.0,-1.0,569.434733672634,184.67190212425683,1.0,1.0
33.934556997425574,100000000.0,637.6413306395375,637.6413306395375,204.3997532053785,0.0,0.0
33.934556997425574,100000000.0,638.0437903126601,638.0437903126602,204.80221287850108,0.0,0.0
33.934556997425574,100000000.0,638.369870104951,638.3698701049508,205.12829267079195,0.0,0.0
33.934556997425574,100000000.0,638.5546954424424,638.5546954424423,205.3131180082833,0.0,0.0
33.934556997425574,100000000.0,639.0457425495853,639.0457425495854,205.8041651154263,0.0,0.0
33.934556997425574,100000000.0,639.4111376926644,639.4111376926644,206.16956025850538,0.0,0.0
33.934556997425574,100000000.0,639.4882556194157,639.4882556194158,206.24667818525666,0.0,0.0
33.934556997425574,100000000.0,-1.0,571.6927638051658,187.0349759195049,1.0,1.0
37.41645323452154,100000000.0,627.8295808861902,627.8295808861903,194.5880034520311,0.0,0.0
37.41645323452154,100000000.0,630.3901285407161,630.3901285407162,197.14855110655702,0.0,0.0
37.41645323452154,100000000.0,632.8737138103669,632.8737138103668,199.63213637620782,0.0,0.0
37.41645323452154,100000000.0,-1.0,560.5199536407703,177.38386681808305,1.0,1.0
37.41645323452154,100000000.0,635.6356916267662,635.6356916267662,202.39411419260705,0.0,0.0
37.41645323452154,100000000.0,637.1129673601462,637.1129673601464,203.87138992598724,0.0,0.0
37.41645323452154,100000000.0,637.7021656352144,637.7021656352144,204.46058820105534,0.0,0.0
37.41645323452154,100000000.0,637.8308241586832,637.8308241586833,204.58924672452412,0.0,0.0
37.41645323452154,100000000.0,638.2942643542848,638.2942643542849,205.05268692012584,0.0,0.0
37.41645323452154,100000000.0,638.7835824085212,638.7835824085209,205.54200497436187,0.0,0.0
37.41645323452154,100000000.0,639.0192665441888,639.0192665441888,205.7776891100298,0.0,0.0
37.41645323452154,100000000.0,639.5571939227909,639.557193922791,206.31561648863195,0.0,0.0
37.41645323452154,100000000.0,639.79786770836,639.7978677083601,206.55629027420093,0.0,0.0
37.41645323452154,100000000.0,640.4379265720894,640.4379265720894,207.19634913793033,0.0,0.0
37.41645323452154,100000000.0,640.5810973132917,640.5810973132918,207.33951987913267,0.0,0.0
37.41645323452154,100000000.0,640.6750764610299,640.6750764610298,207.4334990268709,0.0,0.0
37.41645323452154,100000000.0,640.7209503972458,640.7209503972458,207.4793729630867,0.0,0.0
37.41645323452154,100000000.0,640.742678384647,640.7426783846469,207.50110095048797,0.0,0.0
37.41645323452154,100000000.0,640.7742225664159,640.7742225664159,207.53264513225687,0.0,0.0
37.41645323452154,100000000.0,641.048649239415,641.0486492394151,207.80707180525604,0.0,0.0
37.41645323452154,100000000.0,641.0563265449429,641.0563265449429,207.81474911078385,0.0,0.0
37.41645323452154,100000000.0,641.6136283394356,641.6136283394358,208.3720509052767,0.0,0.0
37.41645323452154,100000000.0,642.0840342044793,642.0840342044795,208.8424567703203,0.0,0.0
37.41645323452154,100000000.0,642.1672885879748,642.1672885879748,208.92571115381583,0.0,0.0
37.41645323452154,100000000.0,642.4687332224742,642.4687332224742,209.22715578831514,0.0,0.0
37.41645323452154,100000000.0,642.4993313429668,642.4993313429669,209.25775390880776,0.0,0.0
37.41645323452154,100000000.0,642.5451387749026,642.5451387749026,209.3035613407436,0.0,0.0
37.41645323452154,100000000.0,642.6827710317583,642.6827710317582,209.44119359759912,0.0,0.0
37.41645323452154,100000000.0,642.7271017111699,642.7271017111698,209.4855242770108,0.0,0.0
37.41645323452154,100000000.0,642.7769572584994,642.7769572584995,209.53537982434042,0.0,0.0
37.41645323452154,100000000.0,642.9451995287401,642.9451995287402,209.70362209458116,0.0,0.0
37.41645323452154,100000000.0,643.1686261810453,643.1686261810453,209.92704874688621,0.0,0.0
37.41645323452154,100000000.0,643.2628799802512,643.2628799802512,210.02130254609204,0.0,0.0
37.41645323452154,100000000.0,643.3566350886828,643.356635088683,210.1150576545237,0.0,0.0
37.41645323452154,100000000.0,643.4616787303322,643.4616787303323,210.22010129617317,0.0,0.0
37.41645323452154,100000000.0,643.549558949711,643.5495589497112,210.3079815155521,0.0,0.0
37.41645323452154,100000000.0,643.606186399279,643.606186399279,210.36460896511994,0.0,0.0
37.41645323452154,100000000.0,643.929424558084,643.929424558084,210.687847123925,0.0,0.0
37.41645323452154,100000000.0,643.9307618735605,643.9307618735605,210.68918443940152,0.0,0.0
37.41645323452154,100000000.0,643.9361366207011,643.9361366207011,210.69455918654197,0.0,0.0
37.41645323452154,100000000.0,644.3338402724182,644.3338402724181,211.09226283825907,0.0,0.0
37.41645323452154,100000000.0,644.7270833192458,644.7270833192459,211.4855058850868,0.0,0.0
37.41645323452154,100000000.0,644.7640740528286,644.7640740528286,211.52249661866955,0.0,0.0
37.41645323452154,100000000.0,644.8849520029584,644.8849520029585,211.64337456879932,0.0,0.0
37.41645323452154,100000000.0,644.9275545075889,644.9275545075888,211.68597707342977,0.0,0.0
37.41645323452154,100000000.0,645.3456491696119,645.3456491696119,212.10407173545275,0.0,0.0
37.41645323452154,100000000.0,645.8865423044639,645.8865423044639,212.64496487030488,0.0,0.0
37.41645323452154,100000000.0,645.8925793755561,645.892579375556,212.65100194139708,0.0,0.0
37.41645323452154,100000000.0,645.8974891019051,645.897489101905,212.65591166774587,0.0,0.0
37.41645323452154,100000000.0,645.9963802253278,645.9963802253278,212.7548027911687,0.0,0.0
37.41645323452154,100000000.0,646.0726431221402,646.0726431221402,212.83106568798112,0.0,0.0
37.41645323452154,100000000.0,646.0857234396068,646.0857234396068,212.84414600544787,0.0,0.0
37.41645323452154,100000000.0,646.2565239352335,646.2565239352335,213.0149465010744,0.0,0.0
37.41645323452154,100000000.0,646.4678822526099,646.4678822526098,213.22630481845076,0.0,0.0
37.41645323452154,100000000.0,646.4942357177849,646.4942357177848,213.2526582836259,0.0,0.0
37.41645323452154,100000000.0,646.5290525038884,646.5290525038881,213.28747506972923,0.0,0.0
37.41645323452154,100000000.0,646.5992364829937,646.5992364829935,213.35765904883456,0.0,0.0
37.41645323452154,100000000.0,646.609825687256,646.6098256872563,213.36824825309714,0.0,0.0
37.41645323452154,100000000.0,646.8159955338742,646.8159955338741,213.57441809971516,0.0,0.0
37.41645323452154,100000000.0,647.2933690929574,647.2933690929574,214.0517916587983,0.0,0.0
37.41645323452154,100000000.0,647.3767484914698,647.3767484914699,214.1351710573109,0.0,0.0
37.41645323452154,100000000.0,647.4531260885365,647.4531260885365,214.2115486543775,0.0,0.0
37.41645323452154,100000000.0,647.5373975207563,647.5373975207563,214.29582008659736,0.0,0.0
37.41645323452154,100000000.0,647.6388395490312,647.6388395490311,214.39726211487232,0.0,0.0
37.41645323452154,100000000.0,647.7439418267533,647.7439418267533,214.50236439259425,0.0,0.0
37.41645323452154,100000000.0,647.9740429518281,647.9740429518281,214.7324655176689,0.0,0.0
37.41645323452154,100000000.0,648.2580450563507,648.2580450563509,215.01646762219167,0.0,0.0
37.41645323452154,100000000.0,648.3136216129719,648.3136216129722,215.07204417881297,0.0,0.0
37.41645323452154,100000000.0,648.4957716297097,648.4957716297096,215.2541941955506,0.0,0.0
37.41645323452154,100000000.0,648.909864538512,648.909864538512,215.66828710435294,0.0,0.0
37.41645323452154,100000000.0,648.9337871401339,648.9337871401341,215.69220970597485,0.0,0.0
37.41645323452154,100000000.0,649.1693388729545,649.1693388729549,215.9277614387957,0.0,0.0
37.41645323452154,100000000.0,649.1845234922844,649.1845234922845,215.94294605812541,0.0,0.0
37.41645323452154,100000000.0,649.284109441132,649.2841094411319,216.04253200697292,0.0,0.0
37.41645323452154,100000000.0,649.4357973710128,649.4357973710128,216.19421993685373,0.0,0.0
37.41645323452154,100000000.0,649.5228112560122,649.5228112560122,216.28123382185316,0.0,0.0
37.41645323452154,100000000.0,649.594467000843,649.5944670008429,216.3528895666838,0.0,0.0
37.41645323452154,100000000.0,649.7055302982064,649.7055302982064,216.46395286404746,0.0,0.0
37.41645323452154,100000000.0,649.8551671537998,649.8551671537996,216.61358971964063,0.0,0.0
37.41645323452154,100000000.0,649.9966725341949,649.996672534195,216.75509510003596,0.0,0.0
37.41645323452154,100000000.0,650.221059469086,650.2210594690858,216.97948203492678,0.0,0.0
37.41645323452154,100000000.0,650.659869145261,650.659869145261,217.41829171110192,0.0,0.0
37.41645323452154,100000000.0,650.8125108414474,650.8125108414475,217.57093340728846,0.0,0.0
37.41645323452154,100000000.0,650.9167517225738,650.9167517225738,217.67517428841475,0.0,0.0
37.41645323452154,100000000.0,651.1319579931595,651.1319579931595,217.89038055900062,0.0,0.0
37.41645323452154,100000000.0,651.4169909896497,651.4169909896497,218.17541355549065,0.0,0.0
37.41645323452154,100000000.0,651.4759443542123,651.4759443542123,218.2343669200532,0.0,0.0
37.41645323452154,100000000.0,651.5444285899038,651.5444285899038,218.30285115574475,0.0,0.0
37.41645323452154,100000000.0,651.6143990057624,651.6143990057625,218.37282157160334,0.0,0.0
37.41645323452154,100000000.0,651.8584599872596,651.8584599872596,218.6168825531005,0.0,0.0
37.41645323452154,100000000.0,651.9296706583995,651.9296706583993,218.68809322424022,0.0,0.0
37.41645323452154,100000000.0,652.0506189878171,652.050618987817,218.80904155365783,0.0,0.0
37.41645323452154,100000000.0,652.1651105780084,652.1651105780084,218.92353314384923,0.0,0.0
37.41645323452154,100000000.0,652.2360515496945,652.2360515496945,218.99447411553555,0.0,0.0
37.41645323452154,100000000.0,652.2478521580703,652.2478521580701,219.00627472391122,0.0,0.0
37.41645323452154,100000000.0,652.4221375605404,652.4221375605401,219.18056012638115,0.0,0.0
37.41645323452154,100000000.0,652.445937619295,652.445937619295,219.20436018513607,0.0,0.0
37.41645323452154,100000000.0,652.9513410536715,652.9513410536716,219.7097636195126,0.0,0.0
37.41645323452154,100000000.0,653.0780921772724,653.0780921772723,219.83651474311327,0.0,0.0
37.41645323452154,100000000.0,653.187298038848,653.1872980388479,219.94572060468897,0.0,0.0
37.41645323452154,100000000.0,653.5237311313838,653.5237311313838,220.28215369722474,0.0,0.0
37.41645323452154,100000000.0,653.6139640008392,653.6139640008395,220.3723865666803,0.0,0.0
37.41645323452154,100000000.0,654.049058024383,654.049058024383,220.80748059022395,0.0,0.0
37.41645323452154,100000000.0,654.077475338583,654.0774753385832,220.83589790442394,0.0,0.0
37.41645323452154,100000000.0,654.4240414799067,654.4240414799068,221.18246404574765,0.0,0.0
37.41645323452154,100000000.0,654.5523706029,654.5523706029,221.31079316874096,0.0,0.0
37.41645323452154,100000000.0,-1.0,579.7536477590946,180.51508163419052,1.0,1.0
37.41645323452154,100000000.0,655.0301483974241,655.0301483974242,221.7885709632652,0.0,0.0
37.41645323452154,100000000.0,655.0468429851655,655.0468429851657,221.8052655510065,0.0,0.0
37.41645323452154,100000000.0,655.1861043457484,655.1861043457485,221.9445269115894,0.0,0.0
37.41645323452154,100000000.0,655.2283055237995,655.2283055237995,221.98672808964045,0.0,0.0
37.41645323452154,100000000.0,655.7320951233041,655.7320951233042,222.49051768914515,0.0,0.0
37.41645323452154,100000000.0,655.8673732676124,655.8673732676126,222.62579583345337,0.0,0.0
37.41645323452154,100000000.0,655.8949197985362,655.8949197985362,222.65334236437724,0.0,0.0
37.41645323452154,100000000.0,656.3015182625295,656.3015182625294,223.05994082837037,0.0,0.0
37.41645323452154,100000000.0,656.5111762092674,656.5111762092673,223.26959877510836,0.0,0.0
37.41645323452154,100000000.0,656.8623665993468,656.8623665993468,223.62078916518792,0.0,0.0
37.41645323452154,100000000.0,657.2410143235428,657.2410143235427,223.99943688938382,0.0,0.0
37.41645323452154,100000000.0,657.9707903160859,657.970790316086,224.7292128819269,0.0,0.0
37.41645323452154,100000000.0,657.9854489219917,657.9854489219917,224.74387148783262,0.0,0.0
37.41645323452154,100000000.0,659.0543511306282,659.0543511306283,225.81277369646924,0.0,0.0
37.41645323452154,100000000.0,660.3816610995564,660.3816610995563,227.14008366539738,0.0,0.0
37.41645323452154,100000000.0,660.6187121992108,660.6187121992109,227.37713476505178,0.0,0.0
37.41645323452154,100000000.0,661.3089741855295,661.3089741855295,228.06739675137047,0.0,0.0
37.41645323452154,100000000.0,661.3425799290188,661.3425799290189,228.10100249485996,0.0,0.0
37.41645323452154,100000000.0,661.7368817413284,661.7368817413284,228.49530430716933,0.0,0.0
37.41645323452154,100000000.0,661.958033420847,661.958033420847,228.71645598668792,0.0,0.0
37.41645323452154,100000000.0,662.5829321942521,662.5829321942521,229.341354760093,0.0,0.0
13.109081612252364,100000000.0,-1.0,21.13354831922637,18.60838699985623,17.0,7.0
13.109081612252364,100000000.0,-1.0,21.13354831922637,18.60838699985623,16.0,8.0
13.109081612252364,100000000.0,-1.0,21.13354831922637,18.60838699985623,16.0,8.0
13.109081612252364,100000000.0,-1.0,21.13354831922637,18.60838699985623,18.0,6.0
13.109081612252364,100000000.0,-1.0,21.13354831922637,18.60838699985623,16.0,8.0
13.109081612252364,100000000.0,-1.0,21.13354831922637,18.60838699985623,16.0,8.0
13.109081612252364,100000000.0,-1.0,21.13354831922637,18.60838699985623,17.0,7.0
13.109081612252364,100000000.0,-1.0,21.13354831922637,18.60838699985623,17.0,7.0
13.109081612252364,100000000.0,-1.0,21.13354831922637,18.60838699985623,15.0,9.0
13.109081612252364,100000000.0,-1.0,21.13354831922637,18.60838699985623,15.0,9.0
13.109081612252364,100000000.0,-1.0,21.13354831922637,18.60838699985623,17.0,7.0
13.109081612252364,100000000.0,-1.0,21.13354831922637,18.60838699985623,17.0,7.0
13.109081612252364,100000000.0,-1.0,21.13354831922637,18.60838699985623,17.0,7.0
13.109081612252364,100000000.0,-1.0,21.13354831922637,18.60838699985623,19.0,5.0
13.109081612252364,100000000.0,-1.0,21.13354831922637,18.60838699985623,16.0,8.0
13.109081612252364,100000000.0,-1.0,21.13354831922637,18.60838699985623,15.0,9.0
13.109081612252364,100000000.0,-1.0,21.13354831922637,18.60838699985623,17.0,7.0
13.109081612252364,100000000.0,-1.0,21.13354831922637,18.60838699985623,18.0,6.0
13.109081612252364,100000000.0,-1.0,21.13354831922637,18.60838699985623,17.0,7.0
13.109081612252364,100000000.0,-1.0,21.13354831922637,18.60838699985623,20.0,4.0
13.109081612252364,100000000.0,-1.0,21.13354831922637,18.60838699985623,16.0,8.0
13.109081612252364,100000000.0,-1.0,21.13354831922637,18.60838699985623,17.0,7.0
13.109081612252364,100000000.0,-1.0,21.13354831922637,18.60838699985623,21.0,3.0
13.109081612252364,100000000.0,-1.0,21.13354831922637,18.60838699985623,18.0,6.0
13.109081612252364,100000000.0,-1.0,21.13354831922637,18.60838699985623,16.0,8.0
13.109081612252364,100000000.0,-1.0,21.13354831922637,18.60838699985623,19.0,5.0
13.109081612252364,100000000.0,-1.0,21.13354831922637,18.60838699985623,15.0,9.0
13.109081612252364,100000000.0,-1.0,21.13354831922637,18.60838699985623,17.0,7.0
13.109081612252364,100000000.0,-1.0,21.13354831922637,18.60838699985623,18.0,6.0
13.109081612252364,100000000.0,-1.0,21.13354831922637,18.60838699985623,16.0,8.0
13.109081612252364,100000000.0,-1.0,21.13354831922637,18.60838699985623,17.0,7.0
13.109081612252364,100000000.0,-1.0,21.13354831922637,18.60838699985623,14.0,10.0
13.109081612252364,100000000.0,-1.0,21.13354831922637,18.60838699985623,17.0,7.0
13.109081612252364,100000000.0,-1.0,21.13354831922637,18.60838699985623,18.0,6.0
13.109081612252364,100000000.0,-1.0,21.13354831922637,18.60838699985623,19.0,5.0
13.109081612252364,100000000.0,-1.0,21.13354831922637,18.60838699985623,20.0,4.0
13.109081612252364,100000000.0,-1.0,21.13354831922637,18.60838699985623,17.0,7.0
13.109081612252364,100000000.0,-1.0,21.13354831922637,18.60838699985623,18.0,6.0
13.109081612252364,100000000.0,-1.0,21.13354831922637,18.60838699985623,18.0,6.0
13.109081612252364,100000000.0,-1.0,21.13354831922637,18.60838699985623,16.0,8.0
13.109081612252364,100000000.0,-1.0,21.13354831922637,18.60838699985623,16.0,8.0
13.109081612252364,100000000.0,-1.0,21.13354831922637,18.60838699985623,17.0,7.0
13.109081612252364,100000000.0,-1.0,21.13354831922637,18.60838699985623,17.0,7.0
13.109081612252364,100000000.0,-1.0,21.13354831922637,18.60838699985623,15.0,9.0
13.109081612252364,100000000.0,-1.0,21.13354831922637,18.60838699985623,18.0,6.0
13.109081612252364,100000000.0,-1.0,21.13354831922637,18.60838699985623,17.0,7.0
13.109081612252364,100000000.0,-1.0,21.13354831922637,18.60838699985623,16.0,8.0
13.109081612252364,100000000.0,-1.0,21.13354831922637,18.60838699985623,16.0,8.0
13.109081612252364,100000000.0,-1.0,21.13354831922637,18.60838699985623,18.0,6.0
13.109081612252364,100000000.0,-1.0,21.13354831922637,18.60838699985623,19.0,5.0
13.109081612252364,100000000.0,-1.0,21.13354831922637,18.60838699985623,19.0,5.0
13.109081612252364,100000000.0,-1.0,21.13354831922637,18.60838699985623,15.0,9.0
13.109081612252364,100000000.0,-1.0,21.13354831922637,18.60838699985623,15.0,9.0
13.109081612252364,100000000.0,-1.0,21.13354831922637,18.60838699985623,18.0,6.0
13.109081612252364,100000000.0,-1.0,21.13354831922637,18.60838699985623,15.0,9.0
13.109081612252364,100000000.0,-1.0,21.13354831922637,18.60838699985623,18.0,6.0
13.109081612252364,100000000.0,-1.0,21.13354831922637,18.60838699985623,18.0,6.0
13.109081612252364,100000000.0,-1.0,21.13354831922637,18.60838699985623,18.0,6.0
13.109081612252364,100000000.0,-1.0,21.13354831922637,18.60838699985623,16.0,8.0
13.109081612252364,100000000.0,-1.0,21.13354831922637,18.60838699985623,17.0,7.0
13.109081612252364,100000000.0,-1.0,21.13354831922637,18.60838699985623,17.0,7.0
13.109081612252364,100000000.0,-1.0,21.13354831922637,18.60838699985623,19.0,5.0
13.109081612252364,100000000.0,-1.0,21.13354831922637,18.60838699985623,18.0,6.0
13.109081612252364,100000000.0,-1.0,21.13354831922637,18.60838699985623,17.0,7.0
13.109081612252364,100000000.0,-1.0,21.13354831922637,18.60838699985623,14.0,10.0
13.109081612252364,100000000.0,-1.0,21.13354831922637,18.60838699985623,15.0,9.0
13.109081612252364,100000000.0,-1.0,21.13354831922637,18.60838699985623,19.0,5.0
13.109081612252364,100000000.0,-1.0,21.13354831922637,18.60838699985623,18.0,6.0
13.109081612252364,100000000.0,-1.0,21.13354831922637,18.60838699985623,16.0,8.0
13.109081612252364,100000000.0,-1.0,21.13354831922637,18.60838699985623,18.0,6.0
13.109081612252364,100000000.0,-1.0,21.13354831922637,18.60838699985623,17.0,7.0
13.109081612252364,100000000.0,-1.0,21.13354831922637,18.60838699985623,18.0,6.0
13.109081612252364,100000000.0,-1.0,21.13354831922637,18.60838699985623,18.0,6.0
13.109081612252364,100000000.0,-1.0,21.13354831922637,18.60838699985623,17.0,7.0
13.109081612252364,100000000.0,-1.0,21.13354831922637,18.60838699985623,19.0,5.0
13.109081612252364,100000000.0,-1.0,21.13354831922637,18.60838699985623,20.0,4.0
13.109081612252364,100000000.0,-1.0,21.13354831922637,18.60838699985623,18.0,6.0
13.109081612252364,100000000.0,-1.0,21.13354831922637,18.60838699985623,19.0,5.0
13.109081612252364,100000000.0,-1.0,21.13354831922637,18.60838699985623,18.0,6.0
13.109081612252364,100000000.0,-1.0,21.13354831922637,18.60838699985623,16.0,8.0
13.109081612252364,100000000.0,-1.0,21.13354831922637,18.60838699985623,19.0,5.0
13.109081612252364,100000000.0,-1.0,21.13354831922637,18.60838699985623,16.0,8.0
13.109081612252364,100000000.0,-1.0,21.13354831922637,18.60838699985623,18.0,6.0
13.109081612252364,100000000.0,-1.0,21.13354831922637,18.60838699985623,16.0,8.0
13.109081612252364,100000000.0,-1.0,21.13354831922637,18.60838699985623,18.0,6.0
13.109081612252364,100000000.0,-1.0,21.13354831922637,18.60838699985623,20.0,4.0
13.109081612252364,100000000.0,-1.0,21.13354831922637,18.60838699985623,17.0,7.0
13.109081612252364,100000000.0,-1.0,21.13354831922637,18.60838699985623,20.0,4.0
13.109081612252364,100000000.0,-1.0,21.13354831922637,18.60838699985623,16.0,8.0
13.109081612252364,100000000.0,-1.0,21.59476527689337,15.95405752046296,16.0,8.0
13.109081612252364,100000000.0,-1.0,21.59476527689337,15.95405752046296,17.0,7.0
13.109081612252364,100000000.0,-1.0,21.59476527689337,15.95405752046296,14.0,10.0
13.109081612252364,100000000.0,-1.0,21.59476527689337,15.95405752046296,17.0,7.0
13.109081612252364,100000000.0,-1.0,21.59476527689337,15.95405752046296,14.0,10.0
13.109081612252364,100000000.0,-1.0,21.59476527689337,15.95405752046296,15.0,9.0
13.109081612252364,100000000.0,-1.0,21.59476527689337,15.95405752046296,17.0,7.0
13.109081612252364,100000000.0,-1.0,21.59476527689337,15.95405752046296,15.0,9.0
13.109081612252364,100000000.0,-1.0,21.59476527689337,15.95405752046296,17.0,7.0
13.109081612252364,100000000.0,-1.0,21.59476527689337,15.95405752046296,20.0,4.0
13.109081612252364,100000000.0,-1.0,21.59476527689337,15.95405752046296,16.0,8.0
13.109081612252364,100000000.0,-1.0,21.59476527689337,15.95405752046296,18.0,6.0
13.109081612252364,100000000.0,-1.0,21.59476527689337,15.95405752046296,17.0,7.0
13.109081612252364,100000000.0,-1.0,21.59476527689337,15.95405752046296,17.0,7.0
13.109081612252364,100000000.0,-1.0,21.59476527689337,15.95405752046296,18.0,6.0
13.109081612252364,100000000.0,-1.0,21.59476527689337,15.95405752046296,16.0,8.0
13.109081612252364,100000000.0,-1.0,21.59476527689337,15.95405752046296,18.0,6.0
13.109081612252364,100000000.0,-1.0,21.59476527689337,15.95405752046296,18.0,6.0
13.109081612252364,100000000.0,-1.0,21.59476527689337,15.95405752046296,18.0,6.0
13.109081612252364,100000000.0,-1.0,21.59476527689337,15.95405752046296,20.0,4.0
13.109081612252364,100000000.0,-1.0,21.59476527689337,15.95405752046296,17.0,7.0
13.109081612252364,100000000.0,-1.0,21.59476527689337,15.95405752046296,18.0,6.0
13.109081612252364,100000000.0,-1.0,21.59476527689337,15.95405752046296,19.0,5.0
13.109081612252364,100000000.0,-1.0,21.59476527689337,15.95405752046296,15.0,9.0
13.109081612252364,100000000.0,-1.0,21.59476527689337,15.95405752046296,17.0,7.0
13.109081612252364,100000000.0,-1.0,21.59476527689337,15.95405752046296,17.0,7.0
13.109081612252364,100000000.0,-1.0,21.59476527689337,15.95405752046296,19.0,5.0
13.109081612252364,100000000.0,-1.0,22.117028948412226,22.65826262097712,18.0,6.0
13.109081612252364,100000000.0,-1.0,22.117028948412226,22.65826262097712,17.0,7.0
13.109081612252364,100000000.0,-1.0,22.117028948412226,22.65826262097712,18.0,6.0
13.109081612252364,100000000.0,-1.0,22.117028948412226,22.65826262097712,18.0,6.0
13.109081612252364,100000000.0,-1.0,22.117028948412226,22.65826262097712,18.0,6.0
13.109081612252364,100000000.0,-1.0,22.117028948412226,22.65826262097712,18.0,6.0
13.109081612252364,100000000.0,-1.0,22.578245906079225,20.00393314158385,15.0,9.0
13.109081612252364,100000000.0,-1.0,22.578245906079225,20.00393314158385,14.0,10.0
13.109081612252364,100000000.0,-1.0,22.578245906079225,20.00393314158385,15.0,9.0
13.109081612252364,100000000.0,-1.0,22.578245906079225,20.00393314158385,17.0,7.0
13.109081612252364,100000000.0,-1.0,22.578245906079225,20.00393314158385,18.0,6.0
13.109081612252364,100000000.0,-1.0,22.578245906079225,20.00393314158385,16.0,8.0
17.104077136516,100000000.0,-1.0,50.82930610632789,29.538358408294314,16.0,6.0
17.104077136516,100000000.0,-1.0,50.82930610632789,29.538358408294314,17.0,5.0
17.104077136516,100000000.0,-1.0,50.82930610632789,29.538358408294314,15.0,7.0
17.104077136516,100000000.0,-1.0,51.64632579721704,36.43933889470153,13.0,9.0
17.104077136516,100000000.0,-1.0,51.64632579721704,36.43933889470153,17.0,5.0
17.104077136516,100000000.0,-1.0,51.64632579721704,36.43933889470153,15.0,7.0
17.104077136516,100000000.0,-1.0,51.64632579721704,36.43933889470153,17.0,5.0
17.104077136516,100000000.0,-1.0,51.64632579721704,36.43933889470153,16.0,6.0
17.104077136516,100000000.0,-1.0,51.64632579721704,36.43933889470153,15.0,7.0
17.104077136516,100000000.0,-1.0,51.64632579721704,36.43933889470153,13.0,9.0
17.104077136516,100000000.0,-1.0,51.64632579721704,36.43933889470153,17.0,5.0
17.104077136516,100000000.0,-1.0,51.64632579721704,36.43933889470153,15.0,7.0
17.104077136516,100000000.0,-1.0,51.64632579721704,36.43933889470153,11.0,11.0
17.104077136516,100000000.0,-1.0,51.64632579721704,36.43933889470153,15.0,7.0
17.104077136516,100000000.0,-1.0,51.64632579721704,36.43933889470153,16.0,6.0
17.104077136516,100000000.0,-1.0,51.64632579721704,36.43933889470153,17.0,5.0
17.104077136516,100000000.0,-1.0,51.64632579721704,36.43933889470153,15.0,7.0
17.104077136516,100000000.0,-1.0,51.64632579721704,36.43933889470153,15.0,7.0
17.104077136516,100000000.0,-1.0,51.64632579721704,36.43933889470153,14.0,8.0
17.104077136516,100000000.0,-1.0,51.64632579721704,36.43933889470153,14.0,8.0
17.104077136516,100000000.0,-1.0,51.64632579721704,36.43933889470153,15.0,7.0
17.104077136516,100000000.0,-1.0,51.64632579721704,36.43933889470153,16.0,6.0
17.104077136516,100000000.0,-1.0,51.64632579721704,36.43933889470153,16.0,6.0
17.104077136516,100000000.0,-1.0,51.64632579721704,36.43933889470153,16.0,6.0
17.104077136516,100000000.0,-1.0,51.64632579721704,36.43933889470153,14.0,8.0
17.104077136516,100000000.0,-1.0,51.64632579721704,36.43933889470153,14.0,8.0
17.104077136516,100000000.0,-1.0,51.64632579721704,36.43933889470153,16.0,6.0
17.104077136516,100000000.0,-1.0,51.64632579721704,36.43933889470153,17.0,5.0
17.104077136516,100000000.0,-1.0,51.64632579721704,36.43933889470153,16.0,6.0
17.104077136516,100000000.0,-1.0,51.64632579721704,36.43933889470153,16.0,6.0
17.104077136516,100000000.0,-1.0,51.64632579721704,36.43933889470153,15.0,7.0
17.104077136516,100000000.0,-1.0,51.64632579721704,36.43933889470153,15.0,7.0
17.104077136516,100000000.0,-1.0,51.64632579721704,36.43933889470153,15.0,7.0
17.104077136516,100000000.0,-1.0,51.64632579721704,36.43933889470153,15.0,7.0
17.104077136516,100000000.0,-1.0,51.64632579721704,36.43933889470153,15.0,7.0
17.104077136516,100000000.0,-1.0,51.64632579721704,36.43933889470153,17.0,5.0
17.104077136516,100000000.0,-1.0,51.64632579721704,36.43933889470153,16.0,6.0
17.104077136516,100000000.0,-1.0,51.64632579721704,36.43933889470153,13.0,9.0
17.104077136516,100000000.0,-1.0,51.64632579721704,36.43933889470153,14.0,8.0
17.104077136516,100000000.0,-1.0,51.64632579721704,36.43933889470153,14.0,8.0
17.104077136516,100000000.0,-1.0,51.64632579721704,36.43933889470153,14.0,8.0
17.104077136516,100000000.0,-1.0,51.64632579721704,36.43933889470153,16.0,6.0
17.104077136516,100000000.0,-1.0,51.64632579721704,36.43933889470153,16.0,6.0
17.104077136516,100000000.0,-1.0,51.64632579721704,36.43933889470153,13.0,9.0
17.104077136516,100000000.0,-1.0,51.64632579721704,36.43933889470153,15.0,7.0
17.104077136516,100000000.0,-1.0,51.64632579721704,36.43933889470153,14.0,8.0
17.104077136516,100000000.0,-1.0,51.64632579721704,36.43933889470153,15.0,7.0
17.104077136516,100000000.0,-1.0,51.64632579721704,36.43933889470153,14.0,8.0
17.104077136516,100000000.0,-1.0,51.64632579721704,36.43933889470153,15.0,7.0
17.104077136516,100000000.0,-1.0,51.64632579721704,36.43933889470153,17.0,5.0
17.104077136516,100000000.0,-1.0,51.64632579721704,36.43933889470153,15.0,7.0
17.104077136516,100000000.0,-1.0,51.64632579721704,36.43933889470153,15.0,7.0
17.104077136516,100000000.0,-1.0,51.64632579721704,36.43933889470153,15.0,7.0
17.104077136516,100000000.0,-1.0,51.64632579721704,36.43933889470153,18.0,4.0
17.104077136516,100000000.0,-1.0,51.64632579721704,36.43933889470153,15.0,7.0
17.104077136516,100000000.0,-1.0,51.64632579721704,36.43933889470153,17.0,5.0
17.104077136516,100000000.0,-1.0,51.64632579721704,36.43933889470153,13.0,9.0
17.104077136516,100000000.0,-1.0,51.64632579721704,36.43933889470153,13.0,9.0
17.104077136516,100000000.0,-1.0,86.26450407698047,53.83444528065053,11.0,9.0
17.104077136516,100000000.0,-1.0,86.26450407698047,53.83444528065053,14.0,6.0
17.104077136516,100000000.0,-1.0,52.629806426402894,40.48921451582242,15.0,7.0
17.104077136516,100000000.0,-1.0,52.629806426402894,40.48921451582242,16.0,6.0
17.104077136516,100000000.0,-1.0,52.629806426402894,40.48921451582242,14.0,8.0
17.104077136516,100000000.0,-1.0,52.629806426402894,40.48921451582242,14.0,8.0
17.104077136516,100000000.0,-1.0,52.629806426402894,40.48921451582242,18.0,4.0
17.104077136516,100000000.0,-1.0,52.629806426402894,40.48921451582242,15.0,7.0
17.104077136516,100000000.0,-1.0,52.629806426402894,40.48921451582242,17.0,5.0
17.104077136516,100000000.0,-1.0,52.629806426402894,40.48921451582242,15.0,7.0
17.104077136516,100000000.0,-1.0,52.629806426402894,40.48921451582242,14.0,8.0
17.104077136516,100000000.0,-1.0,52.629806426402894,40.48921451582242,15.0,7.0
17.104077136516,100000000.0,-1.0,52.629806426402894,40.48921451582242,15.0,7.0
17.104077136516,100000000.0,-1.0,52.629806426402894,40.48921451582242,13.0,9.0
17.104077136516,100000000.0,-1.0,52.629806426402894,40.48921451582242,16.0,6.0
17.104077136516,100000000.0,-1.0,52.629806426402894,40.48921451582242,17.0,5.0
17.104077136516,100000000.0,-1.0,52.629806426402894,40.48921451582242,17.0,5.0
17.104077136516,100000000.0,-1.0,52.629806426402894,40.48921451582242,14.0,8.0
17.104077136516,100000000.0,-1.0,52.629806426402894,40.48921451582242,16.0,6.0
17.104077136516,100000000.0,-1.0,52.78467784820931,35.707406513449016,14.0,8.0
17.104077136516,100000000.0,-1.0,52.78467784820931,35.707406513449016,16.0,6.0
17.104077136516,100000000.0,-1.0,87.41490195315646,53.909085156126736,14.0,6.0
17.104077136516,100000000.0,-1.0,87.41490195315646,53.909085156126736,13.0,7.0
17.104077136516,100000000.0,-1.0,87.41490195315646,53.909085156126736,14.0,6.0
17.104077136516,100000000.0,-1.0,87.41490195315646,53.909085156126736,14.0,6.0
17.104077136516,100000000.0,-1.0,87.41490195315646,53.909085156126736,12.0,8.0
17.104077136516,100000000.0,-1.0,87.41490195315646,53.909085156126736,13.0,7.0
17.104077136516,100000000.0,-1.0,87.41490195315646,53.909085156126736,17.0,3.0
17.104077136516,100000000.0,-1.0,53.62989391881166,32.68555014593685,15.0,7.0
17.104077136516,100000000.0,-1.0,53.62989391881166,32.68555014593685,13.0,9.0
17.104077136516,100000000.0,-1.0,53.62989391881166,32.68555014593685,15.0,7.0
17.104077136516,100000000.0,-1.0,53.62989391881166,32.68555014593685,17.0,5.0
17.104077136516,100000000.0,-1.0,53.62989391881166,32.68555014593685,15.0,7.0
17.104077136516,100000000.0,-1.0,53.62989391881166,32.68555014593685,14.0,8.0
17.104077136516,100000000.0,-1.0,53.62989391881166,32.68555014593685,17.0,5.0
17.104077136516,100000000.0,-1.0,53.62989391881166,32.68555014593685,15.0,7.0
17.104077136516,100000000.0,-1.0,53.62989391881166,32.68555014593685,14.0,8.0
17.104077136516,100000000.0,-1.0,53.62989391881166,32.68555014593685,17.0,5.0
17.104077136516,100000000.0,-1.0,53.62989391881166,32.68555014593685,14.0,8.0
17.104077136516,100000000.0,-1.0,53.62989391881166,32.68555014593685,16.0,6.0
17.104077136516,100000000.0,-1.0,53.62989391881166,32.68555014593685,14.0,8.0
17.104077136516,100000000.0,-1.0,53.62989391881166,32.68555014593685,14.0,8.0
17.104077136516,100000000.0,-1.0,53.62989391881166,32.68555014593685,17.0,5.0
17.104077136516,100000000.0,-1.0,53.62989391881166,32.68555014593685,16.0,6.0
17.104077136516,100000000.0,-1.0,53.76815847739517,39.757282134569905,14.0,8.0
17.104077136516,100000000.0,-1.0,53.78020430257889,40.56385439129863,16.0,6.0
17.104077136516,100000000.0,-1.0,53.78020430257889,40.56385439129863,13.0,9.0
17.104077136516,100000000.0,-1.0,53.78020430257889,40.56385439129863,14.0,8.0
17.104077136516,100000000.0,-1.0,53.78020430257889,40.56385439129863,17.0,5.0
17.104077136516,100000000.0,-1.0,53.78020430257889,40.56385439129863,17.0,5.0
17.104077136516,100000000.0,-1.0,88.39838258234232,57.958960777247626,13.0,7.0
17.104077136516,100000000.0,-1.0,88.39838258234231,57.958960777247626,12.0,8.0
17.104077136516,100000000.0,-1.0,88.39838258234231,57.958960777247626,14.0,6.0
17.104077136516,100000000.0,-1.0,54.2498778430433,36.80865577155451,15.0,7.0
17.104077136516,100000000.0,-1.0,54.2498778430433,36.80865577155451,15.0,7.0
17.104077136516,100000000.0,-1.0,54.2498778430433,36.80865577155451,15.0,7.0
17.104077136516,100000000.0,-1.0,54.2498778430433,36.80865577155451,17.0,5.0
17.104077136516,100000000.0,-1.0,54.2498778430433,36.80865577155451,13.0,9.0
17.104077136516,100000000.0,-1.0,54.2498778430433,36.80865577155451,15.0,7.0
17.104077136516,100000000.0,-1.0,54.2498778430433,36.80865577155451,13.0,9.0
17.104077136516,100000000.0,-1.0,54.2498778430433,36.80865577155451,14.0,8.0
17.104077136516,100000000.0,-1.0,54.2498778430433,36.80865577155451,17.0,5.0
17.104077136516,100000000.0,-1.0,54.2498778430433,36.80865577155451,17.0,5.0
17.104077136516,100000000.0,-1.0,54.2498778430433,36.80865577155451,15.0,7.0
17.104077136516,100000000.0,-1.0,54.2498778430433,36.80865577155451,16.0,6.0
17.104077136516,100000000.0,-1.0,54.2498778430433,36.80865577155451,16.0,6.0
17.104077136516,100000000.0,-1.0,54.2498778430433,36.80865577155451,14.0,8.0
17.104077136516,100000000.0,-1.0,54.2498778430433,36.80865577155451,15.0,7.0
17.104077136516,100000000.0,-1.0,54.2498778430433,36.80865577155451,16.0,6.0
17.104077136516,100000000.0,-1.0,54.2498778430433,36.80865577155451,15.0,7.0
18.537149468123264,100000000.0,-1.0,85.90100737202624,53.90767528514729,14.0,6.0
18.537149468123264,100000000.0,-1.0,85.90100737202624,53.90767528514729,15.0,5.0
18.537149468123264,100000000.0,-1.0,85.90100737202624,53.9076752851473,13.0,7.0
18.537149468123264,100000000.0,-1.0,85.90100737202624,53.90767528514729,14.0,6.0
18.537149468123264,100000000.0,-1.0,85.90100737202624,53.90767528514729,14.0,6.0
18.537149468123264,100000000.0,-1.0,85.90100737202624,53.90767528514729,12.0,8.0
18.537149468123264,100000000.0,-1.0,85.90100737202624,53.9076752851473,13.0,7.0
18.537149468123264,100000000.0,-1.0,85.90100737202624,53.90767528514729,13.0,7.0
18.537149468123264,100000000.0,-1.0,85.90100737202624,53.9076752851473,16.0,4.0
18.537149468123264,100000000.0,-1.0,85.90100737202624,53.90767528514729,13.0,7.0
18.537149468123264,100000000.0,-1.0,85.90100737202624,53.90767528514729,15.0,5.0
18.537149468123264,100000000.0,-1.0,85.90100737202624,53.9076752851473,13.0,7.0
18.537149468123264,100000000.0,-1.0,85.90100737202624,53.9076752851473,10.0,10.0
18.537149468123264,100000000.0,-1.0,85.90100737202624,53.90767528514729,13.0,7.0
18.537149468123264,100000000.0,-1.0,85.90100737202624,53.90767528514729,13.0,7.0
18.537149468123264,100000000.0,-1.0,85.90100737202624,53.9076752851473,14.0,6.0
18.537149468123264,100000000.0,-1.0,85.90100737202624,53.9076752851473,17.0,3.0
18.537149468123264,100000000.0,-1.0,85.90100737202624,53.90767528514729,13.0,7.0
18.537149468123264,100000000.0,-1.0,85.90100737202624,53.90767528514729,13.0,7.0
18.537149468123264,100000000.0,-1.0,85.90100737202624,53.90767528514729,16.0,4.0
18.537149468123264,100000000.0,-1.0,85.90100737202624,53.9076752851473,16.0,4.0
18.537149468123264,100000000.0,-1.0,85.90100737202624,53.90767528514729,14.0,6.0
18.537149468123264,100000000.0,-1.0,85.90100737202624,53.90767528514729,13.0,7.0
18.537149468123264,100000000.0,-1.0,85.90100737202624,53.90767528514729,10.0,10.0
18.537149468123264,100000000.0,-1.0,85.90100737202624,53.90767528514729,13.0,7.0
18.537149468123264,100000000.0,-1.0,85.90100737202624,53.90767528514729,13.0,7.0
18.537149468123264,100000000.0,-1.0,86.8844880012121,57.95755090626818,15.0,5.0
18.537149468123264,100000000.0,-1.0,86.8844880012121,57.95755090626819,14.0,6.0
18.537149468123264,100000000.0,-1.0,86.8844880012121,57.95755090626818,14.0,6.0
18.537149468123264,100000000.0,-1.0,86.8844880012121,57.95755090626818,13.0,7.0
18.537149468123264,100000000.0,-1.0,86.8844880012121,57.95755090626819,15.0,5.0
18.537149468123264,100000000.0,-1.0,86.8844880012121,57.95755090626819,13.0,7.0
18.537149468123264,100000000.0,-1.0,86.8844880012121,57.95755090626818,12.0,8.0
18.537149468123264,100000000.0,-1.0,86.8844880012121,57.95755090626818,14.0,6.0
18.537149468123264,100000000.0,-1.0,86.8844880012121,57.95755090626819,14.0,6.0
18.537149468123264,100000000.0,-1.0,86.8844880012121,57.95755090626818,13.0,7.0
18.537149468123264,100000000.0,-1.0,86.8844880012121,57.95755090626819,15.0,5.0
18.537149468123264,100000000.0,-1.0,86.8844880012121,57.95755090626818,11.0,9.0
18.537149468123264,100000000.0,-1.0,86.8844880012121,57.95755090626819,13.0,7.0
18.537149468123264,100000000.0,-1.0,86.8844880012121,57.95755090626818,16.0,4.0
18.537149468123264,100000000.0,-1.0,86.8844880012121,57.95755090626819,13.0,7.0
18.537149468123264,100000000.0,-1.0,86.8844880012121,57.95755090626818,14.0,6.0
18.537149468123264,100000000.0,-1.0,86.8844880012121,57.95755090626819,14.0,6.0
18.537149468123264,100000000.0,-1.0,87.41490195315646,53.909085156126736,13.0,7.0
18.537149468123264,100000000.0,-1.0,87.41490195315646,53.909085156126736,15.0,5.0
18.537149468123264,100000000.0,-1.0,87.41490195315646,53.909085156126736,12.0,8.0
18.537149468123264,100000000.0,-1.0,87.41490195315646,53.909085156126736,13.0,7.0
18.537149468123264,100000000.0,-1.0,87.41490195315646,53.909085156126736,15.0,5.0
18.537149468123264,100000000.0,-1.0,87.41490195315646,53.909085156126736,15.0,5.0
18.537149468123264,100000000.0,-1.0,87.88457549362087,50.153886536382615,13.0,7.0
18.537149468123264,100000000.0,-1.0,87.88457549362087,50.153886536382615,16.0,4.0
18.537149468123264,100000000.0,-1.0,50.82930610632789,29.538358408294314,14.0,8.0
18.537149468123264,100000000.0,-1.0,88.39838258234231,57.958960777247626,15.0,5.0
18.537149468123264,100000000.0,-1.0,88.39838258234232,57.958960777247626,14.0,6.0
18.537149468123264,100000000.0,-1.0,88.39838258234231,57.958960777247626,12.0,8.0
18.537149468123264,100000000.0,-1.0,88.39838258234232,57.958960777247626,12.0,8.0
18.537149468123264,100000000.0,-1.0,88.39838258234232,57.958960777247626,14.0,6.0
18.537149468123264,100000000.0,-1.0,88.70159518451001,57.05486702278983,13.0,7.0
18.537149468123264,100000000.0,-1.0,88.71511791110443,52.71869829579326,13.0,7.0
18.537149468123264,100000000.0,-1.0,88.71511791110441,52.71869829579327,13.0,7.0
18.537149468123264,100000000.0,-1.0,88.71511791110441,52.71869829579327,12.0,8.0
18.537149468123264,100000000.0,-1.0,88.71511791110441,52.71869829579327,13.0,7.0
18.537149468123264,100000000.0,-1.0,88.71511791110441,52.71869829579327,13.0,7.0
18.537149468123264,100000000.0,-1.0,88.71511791110441,52.71869829579327,15.0,5.0
18.537149468123264,100000000.0,-1.0,88.71511791110441,52.71869829579327,12.0,8.0
18.537149468123264,100000000.0,-1.0,88.71511791110443,52.71869829579326,12.0,8.0
18.537149468123264,100000000.0,-1.0,88.71511791110443,52.71869829579326,15.0,5.0
18.537149468123264,100000000.0,-1.0,88.71511791110441,52.71869829579327,14.0,6.0
18.537149468123264,100000000.0,-1.0,88.71511791110441,52.71869829579327,15.0,5.0
18.537149468123264,100000000.0,-1.0,88.71511791110441,52.71869829579327,16.0,4.0
18.537149468123264,100000000.0,-1.0,88.71511791110441,52.71869829579327,12.0,8.0
18.537149468123264,100000000.0,-1.0,88.71511791110441,52.71869829579327,14.0,6.0
18.537149468123264,100000000.0,-1.0,51.64632579721704,36.43933889470153,14.0,8.0
18.537149468123264,100000000.0,-1.0,51.64632579721704,36.43933889470153,13.0,9.0
18.537149468123264,100000000.0,-1.0,51.64632579721704,36.43933889470153,12.0,10.0
18.537149468123264,100000000.0,-1.0,51.64632579721704,36.43933889470153,16.0,6.0
18.537149468123264,100000000.0,-1.0,51.64632579721704,36.43933889470153,15.0,7.0
18.537149468123264,100000000.0,-1.0,51.64632579721704,36.43933889470153,14.0,8.0
18.537149468123264,100000000.0,-1.0,51.64632579721704,36.43933889470153,14.0,8.0
18.537149468123264,100000000.0,-1.0,51.64632579721704,36.43933889470153,13.0,9.0
18.537149468123264,100000000.0,-1.0,51.64632579721704,36.43933889470153,18.0,4.0
18.537149468123264,100000000.0,-1.0,51.64632579721704,36.43933889470153,14.0,8.0
18.537149468123264,100000000.0,-1.0,51.64632579721704,36.43933889470153,15.0,7.0
18.537149468123264,100000000.0,-1.0,51.64632579721704,36.43933889470153,15.0,7.0
18.537149468123264,100000000.0,-1.0,51.64632579721704,36.43933889470153,13.0,9.0
18.537149468123264,100000000.0,-1.0,51.64632579721704,36.43933889470153,12.0,10.0
18.537149468123264,100000000.0,-1.0,88.72952266746472,60.66287390489141,12.0,8.0
18.537149468123264,100000000.0,-1.0,88.72952266746472,60.66287390489141,13.0,7.0
18.537149468123264,100000000.0,-1.0,51.81278673551375,33.588234029415204,15.0,7.0
18.537149468123264,100000000.0,-1.0,51.81278673551375,33.588234029415204,15.0,7.0
18.537149468123264,100000000.0,-1.0,51.81278673551375,33.588234029415204,14.0,8.0
18.537149468123264,100000000.0,-1.0,51.81278673551375,33.588234029415204,15.0,7.0
18.537149468123264,100000000.0,-1.0,89.07689238156979,54.14815527912999,12.0,8.0
18.537149468123264,100000000.0,-1.0,89.07689238156979,54.14815527912999,14.0,6.0
18.537149468123264,100000000.0,-1.0,89.07689238156979,54.14815527912998,13.0,7.0
18.537149468123264,100000000.0,-1.0,89.19919620792913,56.90767528514729,13.0,7.0
18.537149468123264,100000000.0,-1.0,89.5465659220342,50.392956659385874,15.0,5.0
18.537149468123264,100000000.0,-1.0,89.5465659220342,50.392956659385874,16.0,4.0
18.537149468123264,100000000.0,-1.0,89.69859854029029,56.76857391691415,14.0,6.0
18.537149468123264,100000000.0,-1.0,89.69859854029028,56.76857391691416,14.0,6.0
18.537149468123264,100000000.0,-1.0,89.69859854029028,56.76857391691416,16.0,4.0
18.537149468123264,100000000.0,-1.0,52.629806426402894,40.48921451582242,15.0,7.0
18.537149468123264,100000000.0,-1.0,52.629806426402894,40.48921451582242,17.0,5.0
18.537149468123264,100000000.0,-1.0,52.629806426402894,40.48921451582242,12.0,10.0
18.537149468123264,100000000.0,-1.0,52.629806426402894,40.48921451582242,16.0,6.0
18.537149468123264,100000000.0,-1.0,52.629806426402894,40.48921451582242,16.0,6.0
18.537149468123264,100000000.0,-1.0,52.629806426402894,40.48921451582242,17.0,5.0
18.537149468123264,100000000.0,-1.0,126.77988644637298,69.36498908731059,11.0,7.0
18.537149468123264,100000000.0,-1.0,126.779886446373,69.36498908731059,12.0,6.0
18.537149468123264,100000000.0,-1.0,126.77988644637298,69.36498908731058,13.0,5.0
18.537149468123264,100000000.0,-1.0,126.77988644637298,69.36498908731058,15.0,3.0
18.537149468123264,100000000.0,-1.0,89.72461705908003,48.7494609592223,13.0,7.0
18.537149468123264,100000000.0,-1.0,89.72461705908003,48.74946095922229,14.0,6.0
18.537149468123264,100000000.0,-1.0,89.72461705908002,48.74946095922229,12.0,8.0
18.537149468123264,100000000.0,-1.0,89.72461705908003,48.7494609592223,14.0,6.0
18.537149468123264,100000000.0,-1.0,89.83149065270487,57.42380378188817,15.0,5.0
18.537149468123264,100000000.0,-1.0,90.30116419316928,53.66860516214405,14.0,6.0
18.537149468123264,100000000.0,-1.0,90.30116419316928,53.66860516214405,14.0,6.0
18.537149468123264,100000000.0,-1.0,53.24589480587631,33.05307703405575,17.0,5.0
18.537149468123264,100000000.0,-1.0,90.53004655122007,54.442832280506764,12.0,8.0
18.537149468123264,100000000.0,-1.0,90.53004655122007,54.442832280506764,13.0,7.0
18.537149468123264,100000000.0,-1.0,127.76336707555885,73.41486470843147,12.0,6.0
18.537149468123264,100000000.0,-1.0,127.76336707555888,73.41486470843148,14.0,4.0
18.537149468123264,100000000.0,-1.0,127.76336707555885,73.41486470843147,13.0,5.0
18.537149468123264,100000000.0,-1.0,90.69868603269904,48.96490954702859,14.0,6.0
18.537149468123264,100000000.0,-1.0,53.62989391881166,32.68555014593685,17.0,5.0
18.537149468123264,100000000.0,-1.0,53.62989391881166,32.68555014593685,14.0,8.0
18.537149468123264,100000000.0,-1.0,53.62989391881166,32.68555014593685,15.0,7.0
20.703157505730655,100000000.0,-1.0,126.72134812225809,80.34589778123446,13.0,5.0
20.703157505730655,100000000.0,-1.0,127.20750684844774,71.15388653638261,12.0,6.0
20.703157505730655,100000000.0,-1.0,127.20750684844774,71.15388653638261,11.0,7.0
20.703157505730655,100000000.0,-1.0,85.90100737202624,53.90767528514729,14.0,6.0
20.703157505730655,100000000.0,-1.0,85.90100737202624,53.90767528514729,13.0,7.0
20.703157505730655,100000000.0,-1.0,128.09450716068127,76.11877783607527,13.0,5.0
20.703157505730655,100000000.0,-1.0,128.09450716068127,76.11877783607525,14.0,4.0
20.703157505730655,100000000.0,-1.0,86.8844880012121,57.95755090626818,14.0,6.0
20.703157505730655,100000000.0,-1.0,86.8844880012121,57.95755090626818,12.0,8.0
20.703157505730655,100000000.0,-1.0,128.66118492733779,70.69789028170014,12.0,6.0
20.703157505730655,100000000.0,-1.0,87.41490195315646,53.909085156126736,14.0,6.0
20.703157505730655,100000000.0,-1.0,87.41490195315646,53.909085156126736,14.0,6.0
20.703157505730655,100000000.0,-1.0,87.41490195315646,53.909085156126736,16.0,4.0
20.703157505730655,100000000.0,-1.0,87.41490195315646,53.909085156126736,15.0,5.0
20.703157505730655,100000000.0,-1.0,87.41490195315646,53.909085156126736,12.0,8.0
20.703157505730655,100000000.0,-1.0,87.41490195315646,53.909085156126736,15.0,5.0
20.703157505730655,100000000.0,-1.0,129.14272391197096,73.77115802189428,16.0,2.0
20.703157505730655,100000000.0,-1.0,87.88457549362087,50.153886536382615,14.0,6.0
20.703157505730655,100000000.0,-1.0,129.59399698545118,68.17601209795656,13.0,5.0
20.703157505730655,100000000.0,-1.0,129.64466555652365,74.74776590282103,13.0,5.0
20.703157505730655,100000000.0,-1.0,88.39838258234232,57.958960777247626,16.0,4.0
20.703157505730655,100000000.0,-1.0,88.70159518451001,57.05486702278983,12.0,8.0
20.703157505730655,100000000.0,-1.0,88.70159518451001,57.05486702278983,14.0,6.0
20.703157505730655,100000000.0,-1.0,88.71511791110441,52.71869829579327,12.0,8.0
20.703157505730655,100000000.0,-1.0,88.71511791110441,52.71869829579327,15.0,5.0
20.703157505730655,100000000.0,-1.0,130.1262045411568,77.82103364301517,16.0,2.0
20.703157505730655,100000000.0,-1.0,89.07689238156979,54.14815527912999,14.0,6.0
20.703157505730655,100000000.0,-1.0,130.5798434620213,71.59081813439533,9.0,9.0
20.703157505730655,100000000.0,-1.0,130.5798434620213,71.59081813439533,12.0,6.0
20.703157505730655,100000000.0,-1.0,89.27334398559981,54.34460688316001,15.0,5.0
20.703157505730655,100000000.0,-1.0,89.27334398559981,54.34460688316001,15.0,5.0
20.703157505730655,100000000.0,-1.0,130.8530653984557,67.63916791062118,12.0,6.0
20.703157505730655,100000000.0,-1.0,89.5465659220342,50.392956659385874,15.0,5.0
20.703157505730655,100000000.0,-1.0,89.68507581369587,61.10474264391072,13.0,7.0
20.703157505730655,100000000.0,-1.0,89.69859854029028,56.76857391691416,11.0,9.0
20.703157505730655,100000000.0,-1.0,89.72461705908003,48.7494609592223,14.0,6.0
20.703157505730655,100000000.0,-1.0,131.1357036891324,73.85179630644419,13.0,5.0
20.703157505730655,100000000.0,-1.0,89.83149065270487,57.42380378188817,14.0,6.0
20.703157505730655,100000000.0,-1.0,131.36687248717715,75.4442421514862,12.0,6.0
20.703157505730655,100000000.0,-1.0,90.06037301075565,58.19803090025088,13.0,7.0
20.703157505730655,100000000.0,-1.0,90.15223746115475,50.538358408294314,12.0,8.0
20.703157505730655,100000000.0,-1.0,90.23311395734305,58.06316970655081,13.0,7.0
20.703157505730655,100000000.0,-1.0,90.25682461478567,58.3944825042809,15.0,5.0
20.703157505730655,100000000.0,-1.0,131.74991120965728,82.00331977766183,13.0,5.0
20.703157505730655,100000000.0,-1.0,131.92901272257893,80.42146399512131,12.0,6.0
20.703157505730655,100000000.0,-1.0,131.96395062976325,73.43972754755255,13.0,5.0
20.703157505730655,100000000.0,-1.0,132.03352154091135,71.13482187971286,12.0,6.0
20.703157505730655,100000000.0,-1.0,90.81497128189073,61.47367940300906,13.0,7.0
20.703157505730655,100000000.0,-1.0,90.82342786468814,60.372810262658206,14.0,6.0
20.703157505730655,100000000.0,-1.0,90.84899641646626,56.843213792390365,14.0,6.0
20.703157505730655,100000000.0,-1.0,132.34634163667522,81.13930066474656,11.0,7.0
20.703157505730655,100000000.0,-1.0,132.58803101663818,82.65563316101792,11.0,7.0
20.703157505730655,100000000.0,-1.0,91.25691210719444,50.590818134395334,15.0,5.0
20.703157505730655,100000000.0,-1.0,91.25691210719444,50.590818134395334,12.0,8.0
20.703157505730655,100000000.0,-1.0,132.67883631467373,79.31219895190655,14.0,4.0
20.703157505730655,100000000.0,-1.0,91.28464482235515,57.71848078326494,12.0,8.0
20.703157505730655,100000000.0,-1.0,91.4934810811182,57.66287390489141,16.0,4.0
20.703157505730655,100000000.0,-1.0,91.5181520699162,63.44030751040765,12.0,8.0
20.703157505730655,100000000.0,-1.0,91.60591554004483,50.08236215361185,12.0,8.0
20.703157505730655,100000000.0,-1.0,133.19656445885246,69.19361888376797,11.0,7.0
20.703157505730655,100000000.0,-1.0,91.79995724032696,63.854885149743254,15.0,5.0
20.703157505730655,100000000.0,-1.0,91.81895431905772,65.22925814050781,11.0,9.0
20.703157505730655,100000000.0,-1.0,91.83247704565213,60.893089413511255,15.0,5.0
20.703157505730655,100000000.0,-1.0,91.83247704565213,60.89308941351125,12.0,8.0
20.703157505730655,100000000.0,-1.0,91.85849556444188,52.873976455819395,14.0,6.0
20.703157505730655,100000000.0,-1.0,91.85849556444188,52.87397645581939,12.0,8.0
20.703157505730655,100000000.0,-1.0,91.85849556444188,52.87397645581939,11.0,9.0
20.703157505730655,100000000.0,-1.0,91.96315462158262,53.90767528514729,13.0,7.0
20.703157505730655,100000000.0,-1.0,91.96315462158262,53.90767528514729,15.0,5.0
20.703157505730655,100000000.0,-1.0,133.55499670255065,73.48387204678401,12.0,6.0
20.703157505730655,100000000.0,-1.0,92.26963078079137,60.09968652999913,13.0,7.0
20.703157505730655,100000000.0,-1.0,133.68698086977324,79.87397645581937,12.0,6.0
20.703157505730655,100000000.0,-1.0,92.2861159665166,54.66287390489141,12.0,8.0
20.703157505730655,100000000.0,-1.0,92.2861159665166,54.66287390489141,15.0,5.0
20.703157505730655,100000000.0,-1.0,92.2861159665166,54.66287390489141,13.0,7.0
20.703157505730655,100000000.0,-1.0,92.2861159665166,54.66287390489141,15.0,5.0
20.703157505730655,100000000.0,-1.0,92.3281691049063,49.11877783607528,17.0,3.0
20.703157505730655,100000000.0,-1.0,92.3281691049063,49.11877783607528,13.0,7.0
20.703157505730655,100000000.0,-1.0,92.3281691049063,49.118777836075274,12.0,8.0
20.703157505730655,100000000.0,-1.0,92.35776978758585,58.538358408294314,16.0,4.0
20.703157505730655,100000000.0,-1.0,92.36067646111238,49.203979670031835,15.0,5.0
20.703157505730655,100000000.0,-1.0,133.79863223186604,69.02063763702944,11.0,7.0
20.703157505730655,100000000.0,-1.0,92.47696171030407,61.7127495260123,16.0,4.0
20.703157505730655,100000000.0,-1.0,92.47696171030407,61.7127495260123,13.0,7.0
20.703157505730655,100000000.0,-1.0,92.47696171030407,61.7127495260123,14.0,6.0
20.703157505730655,100000000.0,-1.0,92.4974641182852,61.418452642390186,13.0,7.0
20.703157505730655,100000000.0,-1.0,92.51367852428578,68.29675538825725,13.0,7.0
20.703157505730655,100000000.0,-1.0,92.58939616923068,54.13223777473274,16.0,4.0
20.703157505730655,100000000.0,-1.0,92.58939616923067,54.13223777473274,14.0,6.0
20.703157505730655,100000000.0,-1.0,134.0139379253311,74.52494677065896,13.0,5.0
20.703157505730655,100000000.0,-1.0,92.69391572231521,61.6149042464202,15.0,5.0
20.703157505730655,100000000.0,-1.0,134.23244673379017,74.23432962544236,12.0,6.0
20.703157505730655,100000000.0,-1.0,92.84197619362773,56.92385207694028,11.0,9.0
20.703157505730655,100000000.0,-1.0,92.84197619362774,56.923852076940285,13.0,7.0
20.703157505730655,100000000.0,-1.0,92.84197619362774,56.923852076940285,12.0,8.0
20.703157505730655,100000000.0,-1.0,134.25313472718997,75.2037621575035,13.0,5.0
20.703157505730655,100000000.0,-1.0,134.38053932931166,76.95444617331398,13.0,5.0
20.703157505730655,100000000.0,-1.0,134.47818539195362,82.02645802499705,10.0,8.0
20.703157505730655,100000000.0,-1.0,134.51587956988382,75.50155465158572,10.0,8.0
20.703157505730655,100000000.0,-1.0,134.51587956988382,75.50155465158572,13.0,5.0
20.703157505730655,100000000.0,-1.0,93.14518879579543,56.019758322482495,14.0,6.0
20.703157505730655,100000000.0,-1.0,134.56979815244225,76.78592494270782,12.0,6.0
20.703157505730655,100000000.0,-1.0,93.17613441085527,59.17035178677937,13.0,7.0
20.703157505730655,100000000.0,-1.0,93.17613441085527,59.17035178677936,14.0,6.0
20.703157505730655,100000000.0,-1.0,93.18401215359404,69.08866568955511,15.0,5.0
20.703157505730655,100000000.0,-1.0,93.20599027017062,51.67099655971342,11.0,9.0
20.703157505730655,100000000.0,-1.0,93.26959659570247,58.7127495260123,14.0,6.0
20.703157505730655,100000000.0,-1.0,134.70059248247185,75.63916791062117,13.0,5.0
20.703157505730655,100000000.0,-1.0,93.34125041677171,62.588234029415204,14.0,6.0
20.703157505730655,100000000.0,-1.0,93.34415709029825,53.25385529115272,14.0,6.0
20.703157505730655,100000000.0,-1.0,134.78744422389255,82.71453951474638,12.0,6.0
20.703157505730655,100000000.0,-1.0,134.8536167826739,77.01189880902585,14.0,4.0
20.703157505730655,100000000.0,-1.0,93.60733380849257,60.22309368345245,14.0,6.0
20.703157505730655,100000000.0,-1.0,93.60733380849257,60.22309368345245,13.0,7.0
20.703157505730655,100000000.0,-1.0,93.67350080674285,54.10553676015677,15.0,5.0
20.703157505730655,100000000.0,-1.0,93.67739635150107,65.66477986754109,14.0,6.0
20.703157505730655,100000000.0,-1.0,135.12970453897395,69.68904353174207,14.0,4.0
20.703157505730655,100000000.0,-1.0,135.1731742147101,73.954446173314,12.0,6.0
20.703157505730655,100000000.0,-1.0,135.23845675215017,67.20295023735292,12.0,6.0
20.703157505730655,100000000.0,-1.0,135.2520987697009,73.8534332814562,13.0,5.0
20.703157505730655,100000000.0,-1.0,135.25209876970086,73.85343328145619,11.0,7.0
20.703157505730655,100000000.0,-1.0,135.2520987697009,73.8534332814562,15.0,3.0
20.703157505730655,100000000.0,-1.0,135.2520987697009,73.8534332814562,11.0,7.0
20.703157505730655,100000000.0,-1.0,135.4821684291206,85.78203676249582,16.0,2.0
20.703157505730655,100000000.0,-1.0,94.07700734895698,56.46789506370834,15.0,5.0
20.703157505730655,100000000.0,-1.0,94.09875536143332,56.52950379391091,13.0,7.0
20.703157505730655,100000000.0,-1.0,94.12477388022307,48.510390836219045,15.0,5.0
20.703157505730655,100000000.0,-1.0,94.1596150400411,63.220227407900246,15.0,5.0
25.282666232947573,100000000.0,-1.0,267.5440812345072,108.47132812833273,7.0,5.0
25.282666232947573,100000000.0,-1.0,268.86567029014566,111.34298810770296,6.0,6.0
25.282666232947573,100000000.0,-1.0,319.93935455142645,120.04515284229522,5.0,5.0
25.282666232947573,100000000.0,-1.0,269.53577334656427,114.12291650896407,8.0,4.0
25.282666232947573,100000000.0,-1.0,219.4229263768952,100.78808962240518,8.0,6.0
25.282666232947573,100000000.0,-1.0,320.92283518061237,124.09502846341609,7.0,3.0
25.282666232947573,100000000.0,-1.0,320.9564441646111,131.46295356930682,6.0,4.0
25.282666232947573,100000000.0,-1.0,271.1090244324678,119.13544065681032,7.0,5.0
25.282666232947573,100000000.0,-1.0,272.99370607471144,112.55083784656313,7.0,5.0
25.282666232947573,100000000.0,-1.0,273.4952333785793,111.1274718470032,7.0,5.0
25.282666232947573,100000000.0,-1.0,324.20601017007766,129.77176472105637,6.0,4.0
25.282666232947573,100000000.0,-1.0,223.23209455297786,94.94128243506414,8.0,6.0
25.282666232947573,100000000.0,-1.0,273.82256412464005,105.41319181878112,8.0,4.0
25.282666232947573,100000000.0,-1.0,273.8820492905221,117.56584923990413,7.0,5.0
25.282666232947573,100000000.0,-1.0,224.21990294367242,106.58727555406531,9.0,5.0
25.282666232947573,100000000.0,-1.0,173.72808289784905,92.52048350871411,12.0,4.0
25.282666232947573,100000000.0,-1.0,275.2137994757176,126.36959663183526,7.0,5.0
25.282666232947573,100000000.0,-1.0,275.29684214565333,127.06298573743211,7.0,5.0
25.282666232947573,100000000.0,-1.0,275.3335403254523,100.82469080505643,6.0,6.0
25.282666232947573,100000000.0,-1.0,326.046023135021,134.9967010671293,6.0,4.0
25.282666232947573,100000000.0,-1.0,275.48176489486,122.13254300623224,7.0,5.0
25.282666232947573,100000000.0,-1.0,275.61961910601434,116.72872226684638,7.0,5.0
25.282666232947573,100000000.0,-1.0,275.92448926499935,117.10247918464523,6.0,6.0
25.282666232947573,100000000.0,-1.0,225.53153461426106,103.35184111950949,8.0,6.0
25.282666232947573,100000000.0,-1.0,276.8133777860219,122.24465137753873,7.0,5.0
25.282666232947573,100000000.0,-1.0,276.8603228522301,114.79826157308379,7.0,5.0
25.282666232947573,100000000.0,-1.0,276.9321936904108,108.99236173307068,9.0,3.0
25.282666232947573,100000000.0,-1.0,327.66146616502897,128.28524921004842,5.0,5.0
25.282666232947573,100000000.0,-1.0,226.53922826876976,103.95661682850508,9.0,5.0
25.282666232947573,100000000.0,-1.0,277.3143076767055,108.36511366927691,6.0,6.0
25.282666232947573,100000000.0,-1.0,277.3217898118657,115.58203724902688,8.0,4.0
25.282666232947573,100000000.0,-1.0,226.91640046062736,103.10776691099376,7.0,7.0
25.282666232947573,100000000.0,-1.0,277.5380617545654,122.96741594757319,8.0,4.0
25.282666232947573,100000000.0,-1.0,176.4141481541814,99.0627990021483,11.0,5.0
25.282666232947573,100000000.0,-1.0,328.4756080613178,134.1081926007229,7.0,3.0
25.282666232947573,100000000.0,-1.0,227.42226287341344,100.52938288744932,8.0,6.0
25.282666232947573,100000000.0,-1.0,278.26247017012963,112.1678146939789,9.0,3.0
25.282666232947573,100000000.0,-1.0,278.3016333533317,104.15502908463354,7.0,5.0
25.282666232947573,100000000.0,-1.0,329.02877546499144,132.10815996062487,5.0,5.0
25.282666232947573,100000000.0,-1.0,329.0736653120099,120.44362883103975,7.0,3.0
25.282666232947573,100000000.0,-1.0,278.8931059328342,109.72346314602672,6.0,6.0
25.282666232947573,100000000.0,-1.0,278.91357603194547,124.32742159124928,8.0,4.0
25.282666232947573,100000000.0,-1.0,228.4180740333647,93.5672846562225,9.0,5.0
25.282666232947573,100000000.0,-1.0,279.0775248751125,116.53458789568728,7.0,5.0
25.282666232947573,100000000.0,-1.0,228.53399163599488,82.74384287240352,9.0,5.0
25.282666232947573,100000000.0,-1.0,279.1210456630745,115.15690909852607,8.0,4.0
25.282666232947573,100000000.0,-1.0,228.5762823459862,103.18300756474851,8.0,6.0
25.282666232947573,100000000.0,-1.0,228.73608220331573,96.23583124918801,10.0,4.0
25.282666232947573,100000000.0,-1.0,228.80454248408233,97.13218533677221,9.0,5.0
25.282666232947573,100000000.0,-1.0,279.48361120495343,113.95054874246924,9.0,3.0
25.282666232947573,100000000.0,-1.0,229.00725560060042,96.31773118473997,9.0,5.0
25.282666232947573,100000000.0,-1.0,279.6493761161321,109.36086630074152,9.0,3.0
25.282666232947573,100000000.0,-1.0,229.2257262563229,98.75572885934093,10.0,4.0
25.282666232947573,100000000.0,-1.0,279.79317777725635,114.36558085444254,8.0,4.0
25.282666232947573,100000000.0,-1.0,279.816906832964,129.85310490380422,6.0,6.0
25.282666232947573,100000000.0,-1.0,229.26907684343786,109.84409320530494,10.0,4.0
25.282666232947573,100000000.0,-1.0,279.9441965400785,117.56584923990414,7.0,5.0
25.282666232947573,100000000.0,-1.0,280.2652058729565,119.39060965228126,7.0,5.0
25.282666232947573,100000000.0,-1.0,229.80247253850828,100.03509974834212,9.0,5.0
25.282666232947573,100000000.0,-1.0,229.81272935345675,92.5209954582315,9.0,5.0
25.282666232947573,100000000.0,-1.0,179.37439633707655,69.27941802446581,9.0,7.0
25.282666232947573,100000000.0,-1.0,280.55343194123,119.47911971324233,6.0,6.0
25.282666232947573,100000000.0,-1.0,230.0428060515173,95.18355241778093,8.0,6.0
25.282666232947573,100000000.0,-1.0,230.08141889564305,105.37009612073948,9.0,5.0
25.282666232947573,100000000.0,-1.0,331.5105825419419,144.55570050871495,7.0,3.0
25.282666232947573,100000000.0,-1.0,281.0253917201807,117.94955108557406,7.0,5.0
25.282666232947573,100000000.0,-1.0,179.91163626717605,86.56156099862524,12.0,4.0
25.282666232947573,100000000.0,-1.0,281.05445863544503,119.81365559620745,7.0,5.0
25.282666232947573,100000000.0,-1.0,230.5340204096813,92.86805243056737,7.0,7.0
25.282666232947573,100000000.0,-1.0,331.68437498994535,129.43372832182152,8.0,2.0
25.282666232947573,100000000.0,-1.0,179.9982835327596,89.65831538214476,11.0,5.0
25.282666232947573,100000000.0,-1.0,230.5648792457188,90.9668013546594,8.0,6.0
25.282666232947573,100000000.0,-1.0,230.57041877070097,92.98087320873175,9.0,5.0
25.282666232947573,100000000.0,-1.0,281.24940165682386,131.41849067666402,8.0,4.0
25.282666232947573,100000000.0,-1.0,230.8259857968704,81.9508149608656,8.0,6.0
25.282666232947573,100000000.0,-1.0,230.83975039923354,104.31594921191487,9.0,5.0
25.282666232947573,100000000.0,-1.0,281.4109496895867,112.27544733630309,8.0,4.0
25.282666232947573,100000000.0,-1.0,281.4765208080424,124.1927742923584,6.0,6.0
25.282666232947573,100000000.0,-1.0,230.93106195921894,92.8909087005518,8.0,6.0
25.282666232947573,100000000.0,-1.0,230.9445702397901,111.84240062108883,9.0,5.0
25.282666232947573,100000000.0,-1.0,281.5314858717448,124.93546738707403,7.0,5.0
25.282666232947573,100000000.0,-1.0,332.1236693261942,131.55543110887848,5.0,5.0
25.282666232947573,100000000.0,-1.0,231.00612381737446,96.5105135833845,9.0,5.0
25.282666232947573,100000000.0,-1.0,231.01938306496612,91.50362366531125,9.0,5.0
25.282666232947573,100000000.0,-1.0,231.07678784478063,94.07848528050025,9.0,5.0
25.282666232947573,100000000.0,-1.0,281.6636109699959,125.02129094062738,7.0,5.0
25.282666232947573,100000000.0,-1.0,281.6873994076875,114.68782724717175,7.0,5.0
25.282666232947573,100000000.0,-1.0,231.17185878027055,85.84775567453325,9.0,5.0
25.282666232947573,100000000.0,-1.0,231.22242138437528,88.21274135385325,7.0,7.0
25.282666232947573,100000000.0,-1.0,332.46471608675347,136.0938828206351,5.0,5.0
25.282666232947573,100000000.0,-1.0,281.92249214783317,134.71590885862773,9.0,3.0
25.282666232947573,100000000.0,-1.0,282.03790439296847,121.02621100107642,8.0,4.0
25.282666232947573,100000000.0,-1.0,282.4729786911813,108.28318019632285,7.0,5.0
25.282666232947573,100000000.0,-1.0,282.5107729776105,127.61986764215655,7.0,5.0
25.282666232947573,100000000.0,-1.0,231.96084792401928,88.34812097198879,8.0,6.0
25.282666232947573,100000000.0,-1.0,282.530438927488,122.76988774469251,8.0,4.0
25.282666232947573,100000000.0,-1.0,232.0112505596366,93.07026773372436,9.0,5.0
25.282666232947573,100000000.0,-1.0,282.72047356407177,106.59427813045578,9.0,3.0
25.282666232947573,100000000.0,-1.0,232.32661857358067,84.83861517904451,8.0,6.0
25.282666232947573,100000000.0,-1.0,282.9385914604559,122.01451628264368,7.0,5.0
25.282666232947573,100000000.0,-1.0,282.97552163001393,118.35226841934755,7.0,5.0
25.282666232947573,100000000.0,-1.0,232.41550109925393,99.2796096322068,9.0,5.0
25.282666232947573,100000000.0,-1.0,283.01200678907827,112.77588897870231,6.0,6.0
25.282666232947573,100000000.0,-1.0,232.45852035943193,94.12970967460717,7.0,7.0
25.282666232947573,100000000.0,-1.0,232.466393174999,93.77736167293581,9.0,5.0
25.282666232947573,100000000.0,-1.0,283.0951929782305,119.48444858809287,6.0,6.0
25.282666232947573,100000000.0,-1.0,283.11351256488723,124.43960048092531,7.0,5.0
25.282666232947573,100000000.0,-1.0,283.15593755612275,123.40224103521444,7.0,5.0
25.282666232947573,100000000.0,-1.0,283.1568666038234,131.9558199501435,8.0,4.0
25.282666232947573,100000000.0,-1.0,283.3729445428703,103.89421161521464,6.0,6.0
25.282666232947573,100000000.0,-1.0,283.41217977664263,128.52037647414582,8.0,4.0
25.282666232947573,100000000.0,-1.0,283.44167347754103,129.72282197743198,7.0,5.0
25.282666232947573,100000000.0,-1.0,283.4770896921047,115.79706976474014,8.0,4.0
25.282666232947573,100000000.0,-1.0,233.07467927339798,101.06574629868936,9.0,5.0
25.282666232947573,100000000.0,-1.0,233.0838996506727,106.73517952652477,9.0,5.0
25.282666232947573,100000000.0,-1.0,233.257193791786,103.71501100288599,9.0,5.0
25.282666232947573,100000000.0,-1.0,233.33203780400714,87.68652874472616,7.0,7.0
25.282666232947573,100000000.0,-1.0,233.42343364393767,97.32989009692088,8.0,6.0
25.282666232947573,100000000.0,-1.0,182.91356981063043,74.71474698336583,10.0,6.0
25.282666232947573,100000000.0,-1.0,284.1825071391816,119.41043226714588,7.0,5.0
25.282666232947573,100000000.0,-1.0,284.26653095776345,106.48665102821599,6.0,6.0
25.282666232947573,100000000.0,-1.0,233.73410416656537,110.53866284723284,7.0,7.0
25.282666232947573,100000000.0,-1.0,284.33871091438334,126.529612887072,8.0,4.0
25.282666232947573,100000000.0,-1.0,183.21501474545263,76.98762982139051,10.0,6.0
25.282666232947573,100000000.0,-1.0,284.4619115356285,119.1813979859115,8.0,4.0
25.282666232947573,100000000.0,-1.0,284.4839789275053,108.25402026579646,8.0,4.0
25.282666232947573,100000000.0,-1.0,234.01653669236646,110.07859491849132,8.0,6.0
25.282666232947573,100000000.0,-1.0,234.04245595403773,103.92958771663142,9.0,5.0
50.57872974884819,100000000.0,674.0184912229257,674.0184912229257,240.7769137887668,0.0,0.0
50.57872974884819,100000000.0,675.0097655085219,675.0097655085217,241.76818807436277,0.0,0.0
50.57872974884819,100000000.0,677.4685014847117,677.4685014847117,244.22692405055273,0.0,0.0
50.57872974884819,100000000.0,677.7255126631022,677.7255126631022,244.48393522894324,0.0,0.0
50.57872974884819,100000000.0,677.8871277545553,677.8871277545552,244.64555032039618,0.0,0.0
50.57872974884819,100000000.0,678.7867792003294,678.7867792003294,245.5452017661702,0.0,0.0
50.57872974884819,100000000.0,680.8731134877343,680.8731134877344,247.63153605357525,0.0,0.0
50.57872974884819,100000000.0,680.9552309854452,680.9552309854452,247.71365355128614,0.0,0.0
50.57872974884819,100000000.0,680.9714789953147,680.9714789953146,247.72990156115563,0.0,0.0
50.57872974884819,100000000.0,681.3168291051634,681.3168291051635,248.0752516710043,0.0,0.0
50.57872974884819,100000000.0,681.5389302153637,681.5389302153636,248.2973527812046,0.0,0.0
50.57872974884819,100000000.0,681.787357287345,681.787357287345,248.54577985318593,0.0,0.0
50.57872974884819,100000000.0,682.9271902003153,682.9271902003155,249.68561276615634,0.0,0.0
50.57872974884819,100000000.0,684.5521925666791,684.5521925666793,251.31061513252007,0.0,0.0
50.57872974884819,100000000.0,684.9894695909509,684.9894695909508,251.74789215679178,0.0,0.0
50.57872974884819,100000000.0,684.9940206923858,684.9940206923858,251.75244325822652,0.0,0.0
50.57872974884819,100000000.0,685.9058255999237,685.9058255999234,252.6642481657646,0.0,0.0
50.57872974884819,100000000.0,686.4349217002213,686.4349217002211,253.1933442660621,0.0,0.0
50.57872974884819,100000000.0,687.4404514431428,687.4404514431429,254.19887400898375,0.0,0.0
50.57872974884819,100000000.0,687.7660091696331,687.7660091696331,254.52443173547408,0.0,0.0
50.57872974884819,100000000.0,688.0596142668336,688.0596142668337,254.8180368326745,0.0,0.0
50.57872974884819,100000000.0,688.2119246232871,688.2119246232872,254.97034718912835,0.0,0.0
50.57872974884819,100000000.0,688.9450790083299,688.9450790083299,255.7035015741708,0.0,0.0
50.57872974884819,100000000.0,689.723133197036,689.7231331970361,256.48155576287706,0.0,0.0
50.57872974884819,100000000.0,690.33494089556,690.33494089556,257.093363461401,0.0,0.0
50.57872974884819,100000000.0,691.5964403486719,691.5964403486719,258.35486291451275,0.0,0.0
50.57872974884819,100000000.0,691.8755469469777,691.8755469469779,258.6339695128187,0.0,0.0
50.57872974884819,100000000.0,691.9749117276938,691.9749117276937,258.7333342935347,0.0,0.0
50.57872974884819,100000000.0,691.9923439682352,691.9923439682351,258.7507665340761,0.0,0.0
50.57872974884819,100000000.0,692.0096517268518,692.0096517268516,258.76807429269263,0.0,0.0
50.57872974884819,100000000.0,692.4007304754299,692.4007304754299,259.15915304127066,0.0,0.0
50.57872974884819,100000000.0,692.5799771777388,692.5799771777388,259.3383997435798,0.0,0.0
50.57872974884819,100000000.0,692.7325040714738,692.7325040714738,259.4909266373147,0.0,0.0
50.57872974884819,100000000.0,693.1042030970889,693.1042030970888,259.8626256629299,0.0,0.0
50.57872974884819,100000000.0,693.4858405322683,693.4858405322683,260.24426309810934,0.0,0.0
50.57872974884819,100000000.0,693.5147178315636,693.5147178315636,260.27314039740463,0.0,0.0
50.57872974884819,100000000.0,693.7489340541167,693.7489340541166,260.50735661995776,0.0,0.0
50.57872974884819,100000000.0,693.8786278576442,693.8786278576442,260.6370504234852,0.0,0.0
50.57872974884819,100000000.0,693.9225732899729,693.922573289973,260.68099585581405,0.0,0.0
50.57872974884819,100000000.0,694.3073497200111,694.3073497200111,261.065772285852,0.0,0.0
50.57872974884819,100000000.0,694.6056847740621,694.6056847740622,261.36410733990306,0.0,0.0
50.57872974884819,100000000.0,694.6744688852235,694.6744688852236,261.4328914510647,0.0,0.0
50.57872974884819,100000000.0,695.147767585366,695.1477675853662,261.90619015120694,0.0,0.0
50.57872974884819,100000000.0,695.1687975319238,695.168797531924,261.9272200977649,0.0,0.0
50.57872974884819,100000000.0,695.2855460121064,695.2855460121065,262.04396857794734,0.0,0.0
50.57872974884819,100000000.0,695.6204358712432,695.6204358712436,262.3788584370843,0.0,0.0
50.57872974884819,100000000.0,696.168084525212,696.168084525212,262.9265070910528,0.0,0.0
50.57872974884819,100000000.0,696.4564055758267,696.4564055758267,263.2148281416677,0.0,0.0
50.57872974884819,100000000.0,696.4983658016822,696.4983658016822,263.2567883675231,0.0,0.0
50.57872974884819,100000000.0,696.6565168749116,696.6565168749116,263.4149394407527,0.0,0.0
50.57872974884819,100000000.0,696.6630366677541,696.6630366677542,263.42145923359516,0.0,0.0
50.57872974884819,100000000.0,696.8640403764746,696.8640403764745,263.6224629423155,0.0,0.0
50.57872974884819,100000000.0,696.9067199136082,696.9067199136083,263.66514247944923,0.0,0.0
50.57872974884819,100000000.0,696.9472429022912,696.9472429022914,263.7056654681323,0.0,0.0
50.57872974884819,100000000.0,696.9749354104954,696.9749354104956,263.7333579763365,0.0,0.0
50.57872974884819,100000000.0,697.2849396688779,697.2849396688779,264.0433622347189,0.0,0.0
50.57872974884819,100000000.0,697.3478880585074,697.3478880585075,264.10631062434834,0.0,0.0
50.57872974884819,100000000.0,697.4269347318545,697.4269347318547,264.18535729769565,0.0,0.0
50.57872974884819,100000000.0,697.6711050237933,697.6711050237933,264.4295275896343,0.0,0.0
50.57872974884819,100000000.0,697.891165015678,697.8911650156779,264.6495875815188,0.0,0.0
50.57872974884819,100000000.0,697.9399378661492,697.9399378661491,264.69836043199,0.0,0.0
50.57872974884819,100000000.0,698.0029719616371,698.0029719616372,264.7613945274781,0.0,0.0
50.57872974884819,100000000.0,698.0642085439274,698.0642085439275,264.8226311097684,0.0,0.0
50.57872974884819,100000000.0,698.3381258733418,698.3381258733418,265.09654843918275,0.0,0.0
50.57872974884819,100000000.0,698.34208120781,698.3420812078101,265.1005037736511,0.0,0.0
50.57872974884819,100000000.0,698.5036087675993,698.5036087675992,265.2620313334403,0.0,0.0
50.57872974884819,100000000.0,698.7186647610649,698.718664761065,265.477087326906,0.0,0.0
50.57872974884819,100000000.0,698.9748952200314,698.9748952200312,265.7333177858723,0.0,0.0
50.57872974884819,100000000.0,698.978090528237,698.9780905282371,265.73651309407813,0.0,0.0
50.57872974884819,100000000.0,699.1032105960059,699.1032105960059,265.8616331618468,0.0,0.0
50.57872974884819,100000000.0,699.4714285879274,699.4714285879276,266.22985115376844,0.0,0.0
50.57872974884819,100000000.0,699.4906987844015,699.4906987844014,266.2491213502424,0.0,0.0
50.57872974884819,100000000.0,699.5516974032311,699.5516974032311,266.310119969072,0.0,0.0
50.57872974884819,100000000.0,699.5569133431329,699.5569133431329,266.31533590897385,0.0,0.0
50.57872974884819,100000000.0,699.6481878485886,699.6481878485885,266.4066104144296,0.0,0.0
50.57872974884819,100000000.0,699.6828815977883,699.6828815977884,266.4413041636293,0.0,0.0
50.57872974884819,100000000.0,699.7590445054437,699.7590445054441,266.51746707128484,0.0,0.0
50.57872974884819,100000000.0,699.8884736483124,699.8884736483125,266.64689621415334,0.0,0.0
50.57872974884819,100000000.0,699.9404877988061,699.9404877988062,266.6989103646471,0.0,0.0
50.57872974884819,100000000.0,700.0736564543138,700.0736564543138,266.8320790201548,0.0,0.0
50.57872974884819,100000000.0,700.139340452538,700.1393404525381,266.8977630183792,0.0,0.0
50.57872974884819,100000000.0,700.1979485747706,700.1979485747707,266.9563711406117,0.0,0.0
50.57872974884819,100000000.0,700.5625918814343,700.5625918814344,267.3210144472753,0.0,0.0
50.57872974884819,100000000.0,700.6670375838687,700.6670375838689,267.42546014970986,0.0,0.0
50.57872974884819,100000000.0,700.7492914818841,700.749291481884,267.5077140477251,0.0,0.0
50.57872974884819,100000000.0,700.8331179485401,700.8331179485401,267.5915405143811,0.0,0.0
50.57872974884819,100000000.0,700.936660171983,700.9366601719832,267.69508273782407,0.0,0.0
50.57872974884819,100000000.0,701.0025219511501,701.0025219511502,267.76094451699106,0.0,0.0
50.57872974884819,100000000.0,701.0871915407198,701.0871915407196,267.8456141065607,0.0,0.0
50.57872974884819,100000000.0,701.2663393760308,701.2663393760308,268.02476194187176,0.0,0.0
50.57872974884819,100000000.0,701.3017907677606,701.3017907677606,268.06021333360155,0.0,0.0
50.57872974884819,100000000.0,701.9470994180386,701.9470994180384,268.7055219838795,0.0,0.0
50.57872974884819,100000000.0,701.9736523794288,701.9736523794288,268.73207494526974,0.0,0.0
50.57872974884819,100000000.0,702.267518303569,702.267518303569,269.02594086940996,0.0,0.0
50.57872974884819,100000000.0,702.2852050388896,702.2852050388897,269.0436276047305,0.0,0.0
50.57872974884819,100000000.0,702.3356292697573,702.3356292697573,269.09405183559824,0.0,0.0
50.57872974884819,100000000.0,702.729339098266,702.729339098266,269.48776166410687,0.0,0.0
50.57872974884819,100000000.0,702.7371874780627,702.7371874780624,269.4956100439036,0.0,0.0
50.57872974884819,100000000.0,702.764451947627,702.7644519476269,269.52287451346774,0.0,0.0
50.57872974884819,100000000.0,702.7647669175949,702.764766917595,269.52318948343606,0.0,0.0
50.57872974884819,100000000.0,702.9585128883358,702.9585128883358,269.7169354541767,0.0,0.0
50.57872974884819,100000000.0,703.2039021252843,703.2039021252842,269.9623246911253,0.0,0.0
50.57872974884819,100000000.0,703.4385009717403,703.43850097174,270.19692353758114,0.0,0.0
50.57872974884819,100000000.0,703.7306774500707,703.7306774500706,270.48910001591156,0.0,0.0
50.57872974884819,100000000.0,703.8116563181741,703.8116563181742,270.5700788840151,0.0,0.0
50.57872974884819,100000000.0,703.9952331992044,703.9952331992046,270.75365576504544,0.0,0.0
50.57872974884819,100000000.0,704.1427165721284,704.1427165721285,270.90113913796944,0.0,0.0
50.57872974884819,100000000.0,704.4067355814,704.4067355814001,271.1651581472409,0.0,0.0
50.57872974884819,100000000.0,704.6683811003494,704.6683811003496,271.4268036661905,0.0,0.0
50.57872974884819,100000000.0,704.8707431700097,704.8707431700095,271.6291657358507,0.0,0.0
50.57872974884819,100000000.0,705.0486105588587,705.0486105588587,271.80703312469973,0.0,0.0
50.57872974884819,100000000.0,705.1061511732703,705.1061511732703,271.8645737391112,0.0,0.0
50.57872974884819,100000000.0,705.2000951686905,705.2000951686907,271.95851773453154,0.0,0.0
50.57872974884819,100000000.0,705.2706428810924,705.2706428810923,272.0290654469334,0.0,0.0
50.57872974884819,100000000.0,705.3429894379307,705.3429894379308,272.10141200377177,0.0,0.0
50.57872974884819,100000000.0,705.3642005708876,705.3642005708876,272.1226231367287,0.0,0.0
50.57872974884819,100000000.0,705.6607827116286,705.6607827116285,272.41920527746953,0.0,0.0
50.57872974884819,100000000.0,706.0806658785098,706.0806658785098,272.83908844435075,0.0,0.0
50.57872974884819,100000000.0,706.1918535337259,706.1918535337257,272.95027609956674,0.0,0.0
50.57872974884819,100000000.0,706.8612972357588,706.861297235759,273.6197198016,0.0,0.0
50.57872974884819,100000000.0,706.9089530435168,706.9089530435168,273.6673756093578,0.0,0.0
50.57872974884819,100000000.0,707.0985774436443,707.0985774436444,273.85700000948526,0.0,0.0
50.57872974884819,100000000.0,707.1536911210377,707.1536911210378,273.9121136868787,0.0,0.0
50.57872974884819,100000000.0,707.2582647920364,707.2582647920365,274.0166873578776,0.0,0.0
50.57872974884819,100000000.0,707.3288743890589,707.3288743890588,274.08729695489984,0.0,0.0
50.57872974884819,100000000.0,707.4654624955052,707.4654624955053,274.22388506134627,0.0,0.0
50.57872974884819,100000000.0,707.5731446744088,707.5731446744088,274.3315672402498,0.0,0.0
50.57872974884819,100000000.0,707.637892541192,707.637892541192,274.3963151070329,0.0,0.0
55.02778831837024,100000000.0,657.5612087943425,657.5612087943427,224.3196313601836,0.0,0.0
55.02778831837024,100000000.0,660.3164972391669,660.3164972391668,227.07491980500788,0.0,0.0
55.02778831837024,100000000.0,662.4508026279985,662.4508026279985,229.20922519383944,0.0,0.0
55.02778831837024,100000000.0,663.8416506644846,663.8416506644846,230.60007323032548,0.0,0.0
55.02778831837024,100000000.0,665.05017191955,665.0501719195502,231.80859448539107,0.0,0.0
55.02778831837024,100000000.0,666.5716530402657,666.5716530402656,233.33007560610665,0.0,0.0
55.02778831837024,100000000.0,667.4768072123433,667.4768072123431,234.23522977818428,0.0,0.0
55.02778831837024,100000000.0,670.2097703458762,670.2097703458763,236.96819291171732,0.0,0.0
55.02778831837024,100000000.0,672.2154342264761,672.2154342264761,238.97385679231704,0.0,0.0
55.02778831837024,100000000.0,672.9706114691497,672.9706114691497,239.72903403499066,0.0,0.0
55.02778831837024,100000000.0,673.6454110803911,673.6454110803911,240.40383364623202,0.0,0.0
55.02778831837024,100000000.0,674.8787557066727,674.8787557066727,241.63717827251364,0.0,0.0
55.02778831837024,100000000.0,675.4445425254537,675.4445425254538,242.20296509129471,0.0,0.0
55.02778831837024,100000000.0,675.8453661633065,675.8453661633065,242.60378872914742,0.0,0.0
55.02778831837024,100000000.0,675.9767473102663,675.9767473102663,242.73516987610728,0.0,0.0
55.02778831837024,100000000.0,676.2528233801767,676.2528233801767,243.01124594601762,0.0,0.0
55.02778831837024,100000000.0,676.4960888296746,676.4960888296745,243.2545113955155,0.0,0.0
55.02778831837024,100000000.0,676.5739511058597,676.5739511058597,243.3323736717008,0.0,0.0
55.02778831837024,100000000.0,676.7139988307283,676.7139988307284,243.47242139656925,0.0,0.0
55.02778831837024,100000000.0,677.942964870001,677.942964870001,244.7013874358418,0.0,0.0
55.02778831837024,100000000.0,678.0710356257897,678.0710356257897,244.8294581916306,0.0,0.0
55.02778831837024,100000000.0,679.2835414848598,679.2835414848598,246.04196405070059,0.0,0.0
55.02778831837024,100000000.0,679.4152987025907,679.4152987025908,246.17372126843168,0.0,0.0
55.02778831837024,100000000.0,679.57796019859,679.5779601985902,246.33638276443108,0.0,0.0
55.02778831837024,100000000.0,679.963934240497,679.9639342404969,246.7223568063379,0.0,0.0
55.02778831837024,100000000.0,680.2517294725956,680.2517294725958,247.01015203843673,0.0,0.0
55.02778831837024,100000000.0,680.8894373846975,680.8894373846975,247.64785995053833,0.0,0.0
55.02778831837024,100000000.0,681.0597389273117,681.0597389273119,247.81816149315276,0.0,0.0
55.02778831837024,100000000.0,681.0687096366615,681.0687096366613,247.82713220250238,0.0,0.0
55.02778831837024,100000000.0,681.264895740452,681.2648957404522,248.0233183062932,0.0,0.0
55.02778831837024,100000000.0,681.3227600738915,681.3227600738916,248.08118263973245,0.0,0.0
55.02778831837024,100000000.0,681.5471496264602,681.5471496264603,248.30557219230116,0.0,0.0
55.02778831837024,100000000.0,681.7537162767767,681.7537162767766,248.51213884261756,0.0,0.0
55.02778831837024,100000000.0,681.8157946929159,681.8157946929158,248.5742172587568,0.0,0.0
55.02778831837024,100000000.0,681.9023443135917,681.9023443135917,248.66076687943277,0.0,0.0
55.02778831837024,100000000.0,682.0376130111612,682.0376130111612,248.79603557700193,0.0,0.0
55.02778831837024,100000000.0,682.2840454811044,682.2840454811043,249.0424680469453,0.0,0.0
55.02778831837024,100000000.0,682.5915540065017,682.5915540065017,249.34997657234274,0.0,0.0
55.02778831837024,100000000.0,682.6870259248776,682.687025924878,249.44544849071863,0.0,0.0
55.02778831837024,100000000.0,682.7261465719909,682.7261465719909,249.48456913783167,0.0,0.0
55.02778831837024,100000000.0,682.9029342095646,682.9029342095645,249.66135677540547,0.0,0.0
55.02778831837024,100000000.0,683.6524059801017,683.6524059801014,250.4108285459425,0.0,0.0
55.02778831837024,100000000.0,683.867661179269,683.8676611792691,250.62608374510992,0.0,0.0
55.02778831837024,100000000.0,683.955045056381,683.9550450563809,250.71346762222197,0.0,0.0
55.02778831837024,100000000.0,684.2120152999812,684.2120152999812,250.9704378658222,0.0,0.0
55.02778831837024,100000000.0,684.2299023295021,684.2299023295022,250.9883248953432,0.0,0.0
55.02778831837024,100000000.0,684.4358305612495,684.4358305612495,251.19425312709038,0.0,0.0
55.02778831837024,100000000.0,684.6452124929509,684.6452124929511,251.403635058792,0.0,0.0
55.02778831837024,100000000.0,684.6753288176791,684.6753288176792,251.43375138352016,0.0,0.0
55.02778831837024,100000000.0,684.7520107948244,684.7520107948241,251.51043336066522,0.0,0.0
55.02778831837024,100000000.0,685.4186876127795,685.4186876127796,252.17711017862047,0.0,0.0
55.02778831837024,100000000.0,685.5426310343489,685.5426310343486,252.30105360018976,0.0,0.0
55.02778831837024,100000000.0,685.9001762945262,685.9001762945261,252.65859886036714,0.0,0.0
55.02778831837024,100000000.0,685.9228536581845,685.9228536581846,252.68127622402537,0.0,0.0
55.02778831837024,100000000.0,686.0178509658496,686.0178509658497,252.7762735316904,0.0,0.0
55.02778831837024,100000000.0,686.3115105536555,686.3115105536555,253.0699331194964,0.0,0.0
55.02778831837024,100000000.0,686.3498196238584,686.3498196238584,253.10824218969938,0.0,0.0
55.02778831837024,100000000.0,686.3952757472887,686.3952757472885,253.15369831312955,0.0,0.0
55.02778831837024,100000000.0,686.4419100717123,686.4419100717122,253.20033263755326,0.0,0.0
55.02778831837024,100000000.0,686.5057792124812,686.5057792124813,253.2642017783222,0.0,0.0
55.02778831837024,100000000.0,686.7228993341828,686.7228993341827,253.48132190002357,0.0,0.0
55.02778831837024,100000000.0,686.8571906513178,686.8571906513179,253.61561321715868,0.0,0.0
55.02778831837024,100000000.0,687.0301443486901,687.0301443486901,253.78856691453103,0.0,0.0
55.02778831837024,100000000.0,687.4990473374361,687.4990473374361,254.25746990327696,0.0,0.0
55.02778831837024,100000000.0,687.5768390430961,687.5768390430962,254.3352616089372,0.0,0.0
55.02778831837024,100000000.0,687.6093353407044,687.6093353407044,254.3677579065453,0.0,0.0
55.02778831837024,100000000.0,687.6374474011222,687.6374474011224,254.3958699669633,0.0,0.0
55.02778831837024,100000000.0,687.6956488502358,687.6956488502358,254.45407141607666,0.0,0.0
55.02778831837024,100000000.0,687.7034526142814,687.7034526142813,254.4618751801222,0.0,0.0
55.02778831837024,100000000.0,687.7204473119983,687.7204473119984,254.47886987783937,0.0,0.0
55.02778831837024,100000000.0,687.7315627564091,687.7315627564091,254.4899853222502,0.0,0.0
55.02778831837024,100000000.0,687.9641356621054,687.9641356621054,254.72255822794634,0.0,0.0
55.02778831837024,100000000.0,687.9939610987248,687.9939610987248,254.75238366456566,0.0,0.0
55.02778831837024,100000000.0,688.0694550344078,688.069455034408,254.82787760024888,0.0,0.0
55.02778831837024,100000000.0,688.1095073491044,688.1095073491044,254.86792991494542,0.0,0.0
55.02778831837024,100000000.0,688.4152140004566,688.4152140004563,255.17363656629743,0.0,0.0
55.02778831837024,100000000.0,688.4980805364501,688.4980805364501,255.25650310229105,0.0,0.0
55.02778831837024,100000000.0,688.5886597907046,688.5886597907044,255.34708235654543,0.0,0.0
55.02778831837024,100000000.0,688.8719933560714,688.8719933560712,255.6304159219123,0.0,0.0
55.02778831837024,100000000.0,689.0502459099228,689.0502459099228,255.8086684757637,0.0,0.0
55.02778831837024,100000000.0,689.1319411099964,689.1319411099963,255.8903636758372,0.0,0.0
55.02778831837024,100000000.0,689.2629956695935,689.2629956695935,256.02141823543434,0.0,0.0
55.02778831837024,100000000.0,689.6568579293131,689.6568579293131,256.415280495154,0.0,0.0
55.02778831837024,100000000.0,689.8262617320569,689.8262617320565,256.58468429789764,0.0,0.0
55.02778831837024,100000000.0,690.1336698326621,690.1336698326622,256.89209239850317,0.0,0.0
55.02778831837024,100000000.0,690.2505083630642,690.2505083630641,257.00893092890516,0.0,0.0
55.02778831837024,100000000.0,690.5634446916144,690.5634446916144,257.3218672574553,0.0,0.0
55.02778831837024,100000000.0,690.9303729118401,690.9303729118401,257.68879547768114,0.0,0.0
55.02778831837024,100000000.0,691.1446521728145,691.1446521728144,257.90307473865533,0.0,0.0
55.02778831837024,100000000.0,691.162882834385,691.162882834385,257.92130540022583,0.0,0.0
55.02778831837024,100000000.0,691.3338065099559,691.3338065099559,258.0922290757968,0.0,0.0
55.02778831837024,100000000.0,691.3760375328999,691.3760375328999,258.1344600987408,0.0,0.0
55.02778831837024,100000000.0,691.5471498118595,691.5471498118595,258.30557237770046,0.0,0.0
55.02778831837024,100000000.0,691.6480596806543,691.6480596806542,258.4064822464953,0.0,0.0
55.02778831837024,100000000.0,691.6538795586393,691.6538795586392,258.4123021244802,0.0,0.0
55.02778831837024,100000000.0,691.6547938304308,691.6547938304308,258.4132163962717,0.0,0.0
55.02778831837024,100000000.0,691.7379119536362,691.7379119536362,258.4963345194771,0.0,0.0
55.02778831837024,100000000.0,691.7769485779677,691.7769485779676,258.5353711438085,0.0,0.0
55.02778831837024,100000000.0,691.8585789690889,691.8585789690887,258.61700153492956,0.0,0.0
55.02778831837024,100000000.0,692.1020091301566,692.1020091301568,258.86043169599765,0.0,0.0
55.02778831837024,100000000.0,692.3117661381507,692.3117661381506,259.07018870399156,0.0,0.0
55.02778831837024,100000000.0,692.3161955802433,692.3161955802434,259.07461814608433,0.0,0.0
55.02778831837024,100000000.0,692.337901972262,692.337901972262,259.0963245381028,0.0,0.0
55.02778831837024,100000000.0,692.3651504333948,692.365150433395,259.1235729992358,0.0,0.0
55.02778831837024,100000000.0,692.8195305385847,692.8195305385848,259.5779531044257,0.0,0.0
55.02778831837024,100000000.0,693.3033751923872,693.3033751923872,260.06179775822824,0.0,0.0
55.02778831837024,100000000.0,693.3427049512607,693.3427049512607,260.10112751710165,0.0,0.0
55.02778831837024,100000000.0,693.4803753365039,693.4803753365037,260.2387979023448,0.0,0.0
55.02778831837024,100000000.0,693.659676770193,693.659676770193,260.41809933603395,0.0,0.0
55.02778831837024,100000000.0,693.7042173023315,693.7042173023312,260.4626398681723,0.0,0.0
55.02778831837024,100000000.0,694.1654123577571,694.1654123577568,260.92383492359795,0.0,0.0
55.02778831837024,100000000.0,694.2970941302186,694.2970941302187,261.0555166960596,0.0,0.0
55.02778831837024,100000000.0,694.3185235348808,694.3185235348808,261.0769461007218,0.0,0.0
55.02778831837024,100000000.0,694.5019712502334,694.5019712502336,261.2603938160745,0.0,0.0
55.02778831837024,100000000.0,694.7645176779349,694.7645176779348,261.52294024377585,0.0,0.0
55.02778831837024,100000000.0,694.8726373822759,694.8726373822758,261.6310599481169,0.0,0.0
55.02778831837024,100000000.0,694.9201476709852,694.920147670985,261.67857023682603,0.0,0.0
55.02778831837024,100000000.0,694.9251738091958,694.9251738091957,261.6835963750368,0.0,0.0
55.02778831837024,100000000.0,695.0001194886737,695.0001194886738,261.7585420545147,0.0,0.0
55.02778831837024,100000000.0,695.3913728207516,695.3913728207518,262.1497953865926,0.0,0.0
55.02778831837024,100000000.0,695.4669664301884,695.4669664301883,262.22538899602927,0.0,0.0
55.02778831837024,100000000.0,695.7467949962339,695.7467949962339,262.50521756207496,0.0,0.0
55.02778831837024,100000000.0,695.7529317106518,695.7529317106516,262.51135427649274,0.0,0.0
55.02778831837024,100000000.0,695.8366805143693,695.8366805143694,262.5951030802104,0.0,0.0
55.02778831837024,100000000.0,695.9327490687281,695.9327490687281,262.69117163456906,0.0,0.0
55.02778831837024,100000000.0,696.0668874899161,696.0668874899162,262.82531005575714,0.0,0.0
55.02778831837024,100000000.0,696.1498800782944,696.1498800782945,262.9083026441355,0.0,0.0
55.02778831837024,100000000.0,696.5787204030692,696.5787204030693,263.3371429689102,0.0,0.0
57.73623965375971,100000000.0,667.8617170660386,667.8617170660386,234.62013963187968,0.0,0.0
57.73623965375971,100000000.0,676.5212401792,676.5212401792002,243.279662745041,0.0,0.0
57.73623965375971,100000000.0,680.5755867545748,680.5755867545749,247.33400932041582,0.0,0.0
57.73623965375971,100000000.0,680.6789686399651,680.6789686399653,247.43739120580622,0.0,0.0
57.73623965375971,100000000.0,681.4341127279693,681.4341127279694,248.19253529381012,0.0,0.0
57.73623965375971,100000000.0,681.7037403343038,681.7037403343036,248.46216290014456,0.0,0.0
57.73623965375971,100000000.0,685.1960048987758,685.1960048987758,251.95442746461657,0.0,0.0
57.73623965375971,100000000.0,685.3632825724001,685.3632825724001,252.121705138241,0.0,0.0
57.73623965375971,100000000.0,686.1845837018427,686.1845837018427,252.94300626768367,0.0,0.0
57.73623965375971,100000000.0,689.8853274174589,689.885327417459,256.64374998329987,0.0,0.0
57.73623965375971,100000000.0,692.0136597765543,692.0136597765545,258.7720823423953,0.0,0.0
57.73623965375971,100000000.0,692.1037072568932,692.1037072568934,258.86212982273423,0.0,0.0
57.73623965375971,100000000.0,692.1960132513808,692.1960132513808,258.9544358172218,0.0,0.0
57.73623965375971,100000000.0,693.9169599599683,693.9169599599684,260.6753825258092,0.0,0.0
57.73623965375971,100000000.0,694.0714400200304,694.0714400200304,260.82986258587147,0.0,0.0
57.73623965375971,100000000.0,694.495273050956,694.495273050956,261.253695616797,0.0,0.0
57.73623965375971,100000000.0,695.3028156927774,695.3028156927776,262.06123825861846,0.0,0.0
57.73623965375971,100000000.0,695.5092945477853,695.5092945477851,262.26771711362625,0.0,0.0
57.73623965375971,100000000.0,696.2881989313533,696.2881989313536,263.0466214971944,0.0,0.0
57.73623965375971,100000000.0,696.7935261696617,696.7935261696618,263.5519487355028,0.0,0.0
57.73623965375971,100000000.0,696.9141495821693,696.9141495821691,263.6725721480104,0.0,0.0
57.73623965375971,100000000.0,696.9419041677163,696.9419041677163,263.70032673355723,0.0,0.0
57.73623965375971,100000000.0,697.3708354543713,697.3708354543714,264.12925802021226,0.0,0.0
57.73623965375971,100000000.0,697.3800087278804,697.3800087278805,264.13843129372145,0.0,0.0
57.73623965375971,100000000.0,697.4399774663408,697.4399774663411,264.1984000321819,0.0,0.0
57.73623965375971,100000000.0,698.158386041365,698.1583860413651,264.91680860720624,0.0,0.0
57.73623965375971,100000000.0,698.2076935663715,698.2076935663714,264.9661161322125,0.0,0.0
57.73623965375971,100000000.0,698.2937382042993,698.2937382042995,265.05216077014035,0.0,0.0
57.73623965375971,100000000.0,698.3751719723227,698.3751719723226,265.1335945381637,0.0,0.0
57.73623965375971,100000000.0,699.1188283669629,699.1188283669629,265.8772509328038,0.0,0.0
57.73623965375971,100000000.0,699.6018212059673,699.6018212059673,266.3602437718084,0.0,0.0
57.73623965375971,100000000.0,699.7331695815932,699.7331695815931,266.4915921474342,0.0,0.0
57.73623965375971,100000000.0,699.8687573289167,699.8687573289168,266.62717989475755,0.0,0.0
57.73623965375971,100000000.0,700.935100615058,700.9351006150579,267.69352318089886,0.0,0.0
57.73623965375971,100000000.0,701.0527088888496,701.0527088888495,267.8111314546904,0.0,0.0
57.73623965375971,100000000.0,701.1550696976988,701.1550696976988,267.91349226353975,0.0,0.0
57.73623965375971,100000000.0,701.4737507253444,701.4737507253443,268.23217329118535,0.0,0.0
57.73623965375971,100000000.0,701.7035503450248,701.7035503450246,268.46197291086565,0.0,0.0
57.73623965375971,100000000.0,701.7405786434015,701.7405786434017,268.4990012092425,0.0,0.0
57.73623965375971,100000000.0,701.9341255675181,701.934125567518,268.692548133359,0.0,0.0
57.73623965375971,100000000.0,702.1086852041984,702.1086852041985,268.86710777003935,0.0,0.0
57.73623965375971,100000000.0,702.2118247716913,702.2118247716912,268.97024733753216,0.0,0.0
57.73623965375971,100000000.0,702.8457313846761,702.8457313846762,269.6041539505171,0.0,0.0
57.73623965375971,100000000.0,702.9079748738342,702.9079748738343,269.66639743967505,0.0,0.0
57.73623965375971,100000000.0,703.1168136041126,703.1168136041127,269.87523616995367,0.0,0.0
57.73623965375971,100000000.0,703.1282407788372,703.1282407788372,269.8866633446782,0.0,0.0
57.73623965375971,100000000.0,704.4304300910658,704.4304300910659,271.1888526569069,0.0,0.0
57.73623965375971,100000000.0,704.5432018941262,704.5432018941264,271.30162445996723,0.0,0.0
57.73623965375971,100000000.0,704.7505117305079,704.750511730508,271.50893429634885,0.0,0.0
57.73623965375971,100000000.0,704.8686336408459,704.8686336408462,271.6270562066871,0.0,0.0
57.73623965375971,100000000.0,705.3998106288637,705.3998106288636,272.1582331947047,0.0,0.0
57.73623965375971,100000000.0,705.6966453441457,705.6966453441458,272.4550679099866,0.0,0.0
57.73623965375971,100000000.0,705.8610415307779,705.8610415307779,272.6194640966189,0.0,0.0
57.73623965375971,100000000.0,705.9439904021535,705.9439904021534,272.7024129679943,0.0,0.0
57.73623965375971,100000000.0,705.9817083284057,705.9817083284057,272.74013089424676,0.0,0.0
57.73623965375971,100000000.0,706.1236614418582,706.1236614418581,272.88208400769906,0.0,0.0
57.73623965375971,100000000.0,706.6082583828161,706.6082583828164,273.3666809486572,0.0,0.0
57.73623965375971,100000000.0,706.7641589004545,706.7641589004544,273.5225814662954,0.0,0.0
57.73623965375971,100000000.0,706.9248721488188,706.924872148819,273.68329471465995,0.0,0.0
57.73623965375971,100000000.0,707.0749476785827,707.0749476785827,273.8333702444238,0.0,0.0
57.73623965375971,100000000.0,707.1253244477505,707.1253244477506,273.8837470135915,0.0,0.0
57.73623965375971,100000000.0,707.1487980735786,707.1487980735784,273.90722063941956,0.0,0.0
57.73623965375971,100000000.0,707.3231196593446,707.3231196593446,274.0815422251855,0.0,0.0
57.73623965375971,100000000.0,707.5216994299954,707.5216994299956,274.28012199583634,0.0,0.0
57.73623965375971,100000000.0,707.7243851697633,707.7243851697633,274.48280773560424,0.0,0.0
57.73623965375971,100000000.0,707.7501707779481,707.7501707779479,274.508593343789,0.0,0.0
57.73623965375971,100000000.0,707.9205188743726,707.9205188743724,274.67894144021335,0.0,0.0
57.73623965375971,100000000.0,708.1358272148136,708.1358272148135,274.8942497806546,0.0,0.0
57.73623965375971,100000000.0,708.2035304666426,708.2035304666426,274.9619530324836,0.0,0.0
57.73623965375971,100000000.0,708.2476776756439,708.2476776756441,275.0061002414851,0.0,0.0
57.73623965375971,100000000.0,708.2965791348188,708.2965791348188,275.0550017006597,0.0,0.0
57.73623965375971,100000000.0,708.6272498003727,708.6272498003727,275.38567236621356,0.0,0.0
57.73623965375971,100000000.0,708.7084360194928,708.7084360194928,275.4668585853337,0.0,0.0
57.73623965375971,100000000.0,709.0151281106105,709.0151281106102,275.77355067645124,0.0,0.0
57.73623965375971,100000000.0,709.4715680645481,709.4715680645481,276.229990630389,0.0,0.0
57.73623965375971,100000000.0,709.8029445057896,709.8029445057896,276.56136707163057,0.0,0.0
57.73623965375971,100000000.0,710.0114081536071,710.0114081536075,276.7698307194482,0.0,0.0
57.73623965375971,100000000.0,710.0670993646859,710.0670993646859,276.8255219305269,0.0,0.0
57.73623965375971,100000000.0,710.6066814070808,710.6066814070808,277.3651039729219,0.0,0.0
57.73623965375971,100000000.0,710.7124507884387,710.7124507884388,277.4708733542798,0.0,0.0
57.73623965375971,100000000.0,711.2558724810349,711.2558724810351,278.014295046876,0.0,0.0
57.73623965375971,100000000.0,711.3319686891871,711.3319686891871,278.09039125502807,0.0,0.0
57.73623965375971,100000000.0,711.4075410965938,711.4075410965936,278.1659636624346,0.0,0.0
57.73623965375971,100000000.0,711.7032711939029,711.7032711939029,278.4616937597438,0.0,0.0
57.73623965375971,100000000.0,712.3109902663251,712.310990266325,279.0694128321661,0.0,0.0
57.73623965375971,100000000.0,712.3118502389174,712.3118502389173,279.07027280475813,0.0,0.0
57.73623965375971,100000000.0,712.4051617850183,712.4051617850183,279.1635843508592,0.0,0.0
57.73623965375971,100000000.0,712.4244495906482,712.4244495906481,279.1828721564892,0.0,0.0
57.73623965375971,100000000.0,712.4999872145686,712.4999872145686,279.2584097804094,0.0,0.0
57.73623965375971,100000000.0,712.5034779379417,712.5034779379415,279.26190050378256,0.0,0.0
57.73623965375971,100000000.0,712.5911127125275,712.5911127125274,279.34953527836853,0.0,0.0
57.73623965375971,100000000.0,712.5978807279373,712.5978807279372,279.35630329377807,0.0,0.0
57.73623965375971,100000000.0,712.8069128174274,712.8069128174274,279.56533538326835,0.0,0.0
57.73623965375971,100000000.0,712.8939853189977,712.8939853189975,279.65240788483857,0.0,0.0
57.73623965375971,100000000.0,713.2008664134681,713.2008664134681,279.959288979309,0.0,0.0
57.73623965375971,100000000.0,713.3280027961715,713.3280027961715,280.08642536201245,0.0,0.0
57.73623965375971,100000000.0,713.5236274913095,713.5236274913096,280.2820500571505,0.0,0.0
57.73623965375971,100000000.0,713.6285750622088,713.6285750622089,280.38699762805,0.0,0.0
57.73623965375971,100000000.0,713.8462088171666,713.8462088171666,280.6046313830076,0.0,0.0
57.73623965375971,100000000.0,714.2258005933468,714.2258005933467,280.9842231591877,0.0,0.0
57.73623965375971,100000000.0,714.367139604574,714.3671396045739,281.12556217041504,0.0,0.0
57.73623965375971,100000000.0,714.5310553310353,714.5310553310352,281.2894778968761,0.0,0.0
57.73623965375971,100000000.0,715.1264496233669,715.1264496233669,281.8848721892079,0.0,0.0
57.73623965375971,100000000.0,715.1778037567561,715.1778037567561,281.936226322597,0.0,0.0
57.73623965375971,100000000.0,715.3170339736528,715.3170339736528,282.07545653949387,0.0,0.0
57.73623965375971,100000000.0,715.5118841982758,715.511884198276,282.2703067641168,0.0,0.0
57.73623965375971,100000000.0,715.9996579239548,715.999657923955,282.758080489796,0.0,0.0
57.73623965375971,100000000.0,716.1677166263498,716.16771662635,282.92613919219093,0.0,0.0
57.73623965375971,100000000.0,716.3958078815801,716.39580788158,283.15423044742107,0.0,0.0
57.73623965375971,100000000.0,716.5950376751179,716.5950376751177,283.3534602409588,0.0,0.0
57.73623965375971,100000000.0,716.6254215561855,716.6254215561855,283.38384412202635,0.0,0.0
57.73623965375971,100000000.0,716.9882058759522,716.9882058759522,283.7466284417933,0.0,0.0
57.73623965375971,100000000.0,717.3359614725562,717.3359614725562,284.0943840383972,0.0,0.0
57.73623965375971,100000000.0,717.5739435899832,717.5739435899832,284.3323661558242,0.0,0.0
57.73623965375971,100000000.0,718.3596764434171,718.359676443417,285.11809900925806,0.0,0.0
57.73623965375971,100000000.0,718.5149034036157,718.5149034036159,285.27332596945666,0.0,0.0
57.73623965375971,100000000.0,718.6032129755599,718.6032129755597,285.36163554140074,0.0,0.0
57.73623965375971,100000000.0,718.7313082055767,718.731308205577,285.4897307714178,0.0,0.0
57.73623965375971,100000000.0,719.0034072203549,719.0034072203548,285.76182978619585,0.0,0.0
57.73623965375971,100000000.0,719.2250871772127,719.2250871772127,285.98350974305356,0.0,0.0
57.73623965375971,100000000.0,719.3739021477722,719.3739021477725,286.1323247136133,0.0,0.0
57.73623965375971,100000000.0,719.4275748925364,719.4275748925364,286.18599745837736,0.0,0.0
57.73623965375971,100000000.0,719.5546580737574,719.5546580737573,286.3130806395984,0.0,0.0
57.73623965375971,100000000.0,719.8162223441084,719.8162223441084,286.5746449099493,0.0,0.0
57.73623965375971,100000000.0,720.1598971372193,720.1598971372194,286.91831970306043,0.0,0.0
57.73623965375971,100000000.0,720.1992004097284,720.1992004097284,286.95762297556934,0.0,0.0
57.73623965375971,100000000.0,720.4801804812355,720.4801804812357,287.23860304707654,0.0,0.0
57.73623965375971,100000000.0,720.5157864608464,720.5157864608465,287.2742090266875,0.0,0.0
61.454769551209665,100000000.0,678.871425952698,678.871425952698,245.629848518539,0.0,0.0
61.454769551209665,100000000.0,682.2609488912389,682.2609488912391,249.01937145707976,0.0,0.0
61.454769551209665,100000000.0,682.4217130369057,682.4217130369055,249.18013560274653,0.0,0.0
61.454769551209665,100000000.0,685.3146508238558,685.3146508238557,252.0730733896967,0.0,0.0
61.454769551209665,100000000.0,687.5370375585159,687.537037558516,254.29546012435696,0.0,0.0
61.454769551209665,100000000.0,689.1478827781832,689.1478827781832,255.90630534402416,0.0,0.0
61.454769551209665,100000000.0,690.2049939373959,690.2049939373959,256.963416503237,0.0,0.0
61.454769551209665,100000000.0,690.2974947682684,690.2974947682685,257.05591733410927,0.0,0.0
61.454769551209665,100000000.0,692.6579598864623,692.6579598864623,259.4163824523032,0.0,0.0
61.454769551209665,100000000.0,693.0955805816627,693.0955805816627,259.8540031475036,0.0,0.0
61.454769551209665,100000000.0,694.7035943692929,694.7035943692929,261.4620169351339,0.0,0.0
61.454769551209665,100000000.0,695.3822485367001,695.3822485367002,262.14067110254115,0.0,0.0
61.454769551209665,100000000.0,695.6260365221701,695.6260365221702,262.3844590880112,0.0,0.0
61.454769551209665,100000000.0,695.9884047503604,695.9884047503605,262.74682731620135,0.0,0.0
61.454769551209665,100000000.0,696.7210661030533,696.7210661030533,263.4794886688944,0.0,0.0
61.454769551209665,100000000.0,697.1943979065509,697.1943979065509,263.95282047239186,0.0,0.0
61.454769551209665,100000000.0,697.7986945314192,697.7986945314192,264.55711709726023,0.0,0.0
61.454769551209665,100000000.0,698.3926797869868,698.3926797869867,265.1511023528278,0.0,0.0
61.454769551209665,100000000.0,698.6971910055231,698.6971910055231,265.45561357136404,0.0,0.0
61.454769551209665,100000000.0,699.7762160604639,699.7762160604636,266.53463862630485,0.0,0.0
61.454769551209665,100000000.0,699.9678825644427,699.9678825644427,266.72630513028366,0.0,0.0
61.454769551209665,100000000.0,700.050245565388,700.0502455653881,266.808668131229,0.0,0.0
61.454769551209665,100000000.0,700.3489765642555,700.3489765642556,267.1073991300964,0.0,0.0
61.454769551209665,100000000.0,700.6818142374968,700.6818142374967,267.4402368033378,0.0,0.0
61.454769551209665,100000000.0,701.1297916813049,701.129791681305,267.8882142471458,0.0,0.0
61.454769551209665,100000000.0,701.5883814305296,701.5883814305298,268.34680399637057,0.0,0.0
61.454769551209665,100000000.0,701.8532548614644,701.8532548614644,268.6116774273054,0.0,0.0
61.454769551209665,100000000.0,701.8541182697818,701.8541182697817,268.61254083562267,0.0,0.0
61.454769551209665,100000000.0,702.0935368067788,702.0935368067787,268.8519593726198,0.0,0.0
61.454769551209665,100000000.0,702.184674305673,702.1846743056728,268.9430968715139,0.0,0.0
61.454769551209665,100000000.0,702.3881663254807,702.3881663254806,269.1465888913216,0.0,0.0
61.454769551209665,100000000.0,702.4827307779494,702.4827307779495,269.2411533437904,0.0,0.0
61.454769551209665,100000000.0,703.3115471563889,703.3115471563889,270.0699697222298,0.0,0.0
61.454769551209665,100000000.0,703.4202300800881,703.4202300800881,270.17865264592905,0.0,0.0
61.454769551209665,100000000.0,703.4939810816634,703.4939810816635,270.25240364750437,0.0,0.0
61.454769551209665,100000000.0,703.5894192711734,703.5894192711734,270.3478418370143,0.0,0.0
61.454769551209665,100000000.0,703.6694059115916,703.6694059115915,270.42782847743246,0.0,0.0
61.454769551209665,100000000.0,703.7350915719866,703.7350915719865,270.4935141378275,0.0,0.0
61.454769551209665,100000000.0,703.8876367562532,703.887636756253,270.646059322094,0.0,0.0
61.454769551209665,100000000.0,704.223068519781,704.2230685197811,270.9814910856221,0.0,0.0
61.454769551209665,100000000.0,704.3251603950973,704.3251603950974,271.08358296093843,0.0,0.0
61.454769551209665,100000000.0,704.335169097672,704.3351690976721,271.0935916635128,0.0,0.0
61.454769551209665,100000000.0,704.6604917084348,704.6604917084348,271.4189142742758,0.0,0.0
61.454769551209665,100000000.0,704.7322521276797,704.7322521276794,271.49067469352053,0.0,0.0
61.454769551209665,100000000.0,704.8778326726183,704.8778326726184,271.6362552384593,0.0,0.0
61.454769551209665,100000000.0,706.4594661921935,706.4594661921935,273.21788875803463,0.0,0.0
61.454769551209665,100000000.0,706.5268451914885,706.5268451914886,273.2852677573294,0.0,0.0
61.454769551209665,100000000.0,706.6558044715707,706.6558044715708,273.41422703741176,0.0,0.0
61.454769551209665,100000000.0,706.8335328752335,706.8335328752337,273.59195544107456,0.0,0.0
61.454769551209665,100000000.0,707.1724703189823,707.1724703189825,273.9308928848234,0.0,0.0
61.454769551209665,100000000.0,707.5792115294349,707.579211529435,274.3376340952758,0.0,0.0
61.454769551209665,100000000.0,707.6243268052365,707.6243268052365,274.3827493710774,0.0,0.0
61.454769551209665,100000000.0,707.7815795263157,707.781579526316,274.54000209215695,0.0,0.0
61.454769551209665,100000000.0,707.8284251955826,707.8284251955827,274.5868477614237,0.0,0.0
61.454769551209665,100000000.0,708.2447208124099,708.2447208124099,275.003143378251,0.0,0.0
61.454769551209665,100000000.0,708.3745390496473,708.3745390496474,275.1329616154884,0.0,0.0
61.454769551209665,100000000.0,708.4050605213303,708.4050605213301,275.16348308717113,0.0,0.0
61.454769551209665,100000000.0,708.410937273864,708.4109372738639,275.1693598397049,0.0,0.0
61.454769551209665,100000000.0,708.5150192052631,708.5150192052631,275.2734417711041,0.0,0.0
61.454769551209665,100000000.0,708.5662258472112,708.5662258472113,275.3246484130522,0.0,0.0
61.454769551209665,100000000.0,708.6240777472607,708.6240777472607,275.3825003131016,0.0,0.0
61.454769551209665,100000000.0,708.7611790488231,708.761179048823,275.519601614664,0.0,0.0
61.454769551209665,100000000.0,708.9216876377402,708.9216876377404,275.68011020358136,0.0,0.0
61.454769551209665,100000000.0,708.9248412948465,708.9248412948466,275.6832638606875,0.0,0.0
61.454769551209665,100000000.0,709.0148393456861,709.0148393456863,275.7732619115271,0.0,0.0
61.454769551209665,100000000.0,709.3774582633929,709.3774582633931,276.135880829234,0.0,0.0
61.454769551209665,100000000.0,709.5927018330976,709.5927018330974,276.3511243989384,0.0,0.0
61.454769551209665,100000000.0,710.14037125224,710.1403712522401,276.8987938180809,0.0,0.0
61.454769551209665,100000000.0,710.3305083779712,710.3305083779713,277.0889309438122,0.0,0.0
61.454769551209665,100000000.0,710.4150073410533,710.4150073410534,277.1734299068944,0.0,0.0
61.454769551209665,100000000.0,710.6004840517123,710.6004840517122,277.3589066175534,0.0,0.0
61.454769551209665,100000000.0,710.6843564401,710.6843564401001,277.44277900594113,0.0,0.0
61.454769551209665,100000000.0,710.687548443106,710.687548443106,277.445971008947,0.0,0.0
61.454769551209665,100000000.0,710.688315937112,710.688315937112,277.4467385029528,0.0,0.0
61.454769551209665,100000000.0,710.7123132159866,710.7123132159866,277.4707357818274,0.0,0.0
61.454769551209665,100000000.0,710.9005423621754,710.9005423621754,277.65896492801636,0.0,0.0
61.454769551209665,100000000.0,711.1180163361349,711.1180163361348,277.87643890197586,0.0,0.0
61.454769551209665,100000000.0,711.4154206707127,711.4154206707126,278.1738432365536,0.0,0.0
61.454769551209665,100000000.0,711.7571116973268,711.7571116973269,278.5155342631678,0.0,0.0
61.454769551209665,100000000.0,711.9648842915237,711.9648842915237,278.7233068573646,0.0,0.0
61.454769551209665,100000000.0,712.4383058443918,712.4383058443917,279.19672841023265,0.0,0.0
61.454769551209665,100000000.0,712.6338681747579,712.6338681747578,279.39229074059887,0.0,0.0
61.454769551209665,100000000.0,712.8545997807325,712.8545997807324,279.6130223465735,0.0,0.0
61.454769551209665,100000000.0,713.4191449944074,713.4191449944074,280.17756756024806,0.0,0.0
61.454769551209665,100000000.0,713.4786912014081,713.4786912014083,280.2371137672492,0.0,0.0
61.454769551209665,100000000.0,713.6298371405745,713.6298371405744,280.3882597064155,0.0,0.0
61.454769551209665,100000000.0,713.700078880072,713.7000788800719,280.458501445913,0.0,0.0
61.454769551209665,100000000.0,713.7534212644657,713.7534212644659,280.51184383030676,0.0,0.0
61.454769551209665,100000000.0,713.8898311222185,713.8898311222184,280.6482536880595,0.0,0.0
61.454769551209665,100000000.0,715.0597709490135,715.0597709490135,281.8181935148545,0.0,0.0
61.454769551209665,100000000.0,715.4787654713912,715.478765471391,282.2371880372319,0.0,0.0
61.454769551209665,100000000.0,715.74142016118,715.7414201611798,282.499842727021,0.0,0.0
61.454769551209665,100000000.0,716.0530968737474,716.0530968737476,282.8115194395883,0.0,0.0
61.454769551209665,100000000.0,716.2523411053779,716.2523411053778,283.01076367121857,0.0,0.0
61.454769551209665,100000000.0,716.3416450755268,716.3416450755268,283.1000676413678,0.0,0.0
61.454769551209665,100000000.0,716.4460543406267,716.4460543406269,283.2044769064677,0.0,0.0
61.454769551209665,100000000.0,716.6469783395867,716.6469783395866,283.4054009054276,0.0,0.0
61.454769551209665,100000000.0,716.6756710244891,716.6756710244891,283.4340935903302,0.0,0.0
61.454769551209665,100000000.0,716.8335598052711,716.8335598052713,283.5919823711122,0.0,0.0
61.454769551209665,100000000.0,716.988869642659,716.988869642659,283.7472922085,0.0,0.0
61.454769551209665,100000000.0,717.6500880732774,717.6500880732774,284.4085106391183,0.0,0.0
61.454769551209665,100000000.0,717.7073512272269,717.7073512272268,284.4657737930678,0.0,0.0
61.454769551209665,100000000.0,718.146920226533,718.146920226533,284.90534279237403,0.0,0.0
61.454769551209665,100000000.0,718.4123402280819,718.4123402280818,285.17076279392285,0.0,0.0
61.454769551209665,100000000.0,718.4659792977915,718.4659792977915,285.2244018636324,0.0,0.0
61.454769551209665,100000000.0,718.6649608086883,718.6649608086882,285.42338337452907,0.0,0.0
61.454769551209665,100000000.0,718.7201052412207,718.7201052412207,285.4785278070618,0.0,0.0
61.454769551209665,100000000.0,718.7863049421039,718.7863049421039,285.5447275079447,0.0,0.0
61.454769551209665,100000000.0,718.886869786546,718.886869786546,285.6452923523869,0.0,0.0
61.454769551209665,100000000.0,718.9112559191226,718.9112559191228,285.66967848496375,0.0,0.0
61.454769551209665,100000000.0,719.2190131996472,719.2190131996471,285.9774357654882,0.0,0.0
61.454769551209665,100000000.0,719.4700680392624,719.4700680392625,286.2284906051033,0.0,0.0
61.454769551209665,100000000.0,719.8670314984854,719.8670314984854,286.6254540643265,0.0,0.0
61.454769551209665,100000000.0,720.3439294458276,720.3439294458277,287.1023520116686,0.0,0.0
61.454769551209665,100000000.0,720.9241808507591,720.9241808507591,287.68260341659993,0.0,0.0
61.454769551209665,100000000.0,721.1717382880618,721.1717382880619,287.9301608539028,0.0,0.0
61.454769551209665,100000000.0,721.190337740344,721.1903377403439,287.9487603061851,0.0,0.0
61.454769551209665,100000000.0,721.8140174907555,721.8140174907555,288.5724400565967,0.0,0.0
61.454769551209665,100000000.0,722.0331311332834,722.0331311332834,288.79155369912445,0.0,0.0
61.454769551209665,100000000.0,722.0982134383653,722.0982134383653,288.8566360042061,0.0,0.0
61.454769551209665,100000000.0,722.0995948318129,722.0995948318129,288.8580173976538,0.0,0.0
61.454769551209665,100000000.0,722.3301385942284,722.3301385942282,289.0885611600692,0.0,0.0
61.454769551209665,100000000.0,722.7813719527906,722.7813719527904,289.5397945186314,0.0,0.0
61.454769551209665,100000000.0,723.6324976953133,723.6324976953135,290.3909202611544,0.0,0.0
61.454769551209665,100000000.0,723.7900363568731,723.7900363568729,290.5484589227139,0.0,0.0
61.454769551209665,100000000.0,724.7888649428987,724.7888649428987,291.54728750873943,0.0,0.0
61.454769551209665,100000000.0,724.9043279254205,724.9043279254204,291.66275049126136,0.0,0.0
61.454769551209665,100000000.0,725.3178586150138,725.3178586150136,292.0762811808547,0.0,0.0
