0.000000000000000000e+00 4.501110973970759943e+01 1.972308292331602075e+01 3.584689665786984136e+01 1.627882059609970611e+01 4.000000000000000000e+01 2.118962010041709121e+01 2.507987240796890660e+01 2.563201123595259290e+01 1.802775637731994607e+01 3.008321791298264714e+01 6.324555320336759046e+00 4.123105625617660586e+00 3.310589071449369669e+01 3.517101079013794873e+01 3.383784863137726262e+01 3.401470270338990076e+01 2.435159132377184221e+01 2.376972864800942631e+01 7.810249675906653977e+00 2.720294101747088789e+01 8.062257748298549132e+00 4.875448697299562184e+01 2.022374841615668473e+01 2.517935662402834396e+01 4.275511665286389729e+01 5.099019513592784492e+00 4.741307836451878899e+01 1.044030650891055068e+01
4.501110973970759943e+01 0.000000000000000000e+00 3.935733730830885690e+01 2.360084744241189370e+01 4.531004303683676682e+01 5.099019513592784492e+00 4.341658669218482203e+01 2.022374841615668473e+01 4.382921400162225467e+01 2.844292530665578411e+01 4.468780594300866227e+01 4.328972164382672361e+01 4.428317965096906050e+01 2.121320343559642652e+01 1.486606874731850603e+01 1.769180601295413169e+01 1.100000000000000000e+01 2.376972864800942631e+01 2.435159132377184221e+01 3.920459156782531807e+01 2.102379604162863913e+01 3.832753579347360073e+01 2.202271554554523902e+01 4.695742752749558235e+01 4.939635614091387339e+01 9.486832980505138124e+00 4.004996878900157498e+01 2.319482700948640286e+01 3.522782990761707111e+01
1.972308292331602075e+01 3.935733730830885690e+01 0.000000000000000000e+00 2.102379604162863913e+01 7.071067811865475505e+00 3.448187929913333249e+01 4.242640687119284770e+00 2.121320343559642652e+01 7.071067811865475505e+00 2.404163056034261459e+01 1.104536101718726115e+01 2.435159132377184221e+01 1.581138830084189628e+01 2.022374841615668473e+01 2.529822128134703618e+01 2.280350850198275836e+01 3.000000000000000000e+01 1.581138830084189628e+01 2.863564212655270680e+01 2.236067977499789805e+01 1.835755975068581947e+01 1.334166406412633421e+01 3.423448553724738019e+01 7.615773105863908654e+00 1.063014581273464998e+01 3.324154027718932269e+01 1.676305461424021104e+01 3.238826948140329165e+01 1.400000000000000000e+01
3.584689665786984136e+01 2.360084744241189370e+01 2.102379604162863913e+01 0.000000000000000000e+00 2.807133769523639799e+01 2.012461179749810825e+01 2.408318915758459156e+01 1.708800749063506075e+01 2.280350850198275836e+01 2.778488797889960793e+01 2.236067977499789805e+01 3.764306044943742080e+01 3.310589071449369669e+01 4.123105625617660586e+00 9.486832980505138124e+00 7.071067811865475505e+00 1.923538406167134340e+01 1.280624847486569706e+01 2.846049894151541437e+01 3.397057550292606010e+01 1.118033988749894903e+01 2.778488797889960793e+01 1.334166406412633421e+01 2.807133769523639799e+01 2.886173937932362321e+01 1.486606874731850603e+01 3.106444913401813324e+01 1.170469991071962568e+01 2.580697580112788003e+01
1.627882059609970611e+01 4.531004303683676682e+01 7.071067811865475505e+00 2.807133769523639799e+01 0.000000000000000000e+00 4.031128874149274566e+01 5.656854249492380582e+00 2.607680962081059661e+01 1.000000000000000000e+01 2.607680962081059661e+01 1.442220510185595650e+01 2.202271554554523902e+01 1.216552506059643868e+01 2.707397274136176790e+01 3.178049716414140846e+01 2.942787793912432193e+01 3.535533905932737753e+01 2.154065922853801496e+01 3.140063693621516450e+01 2.121320343559642652e+01 2.435159132377184221e+01 1.264911064067351809e+01 4.130375285612676350e+01 4.000000000000000000e+00 9.000000000000000000e+00 3.981205847478876336e+01 1.513274595042155646e+01 3.945883931389771959e+01 1.476482306023340030e+01
4.000000000000000000e+01 5.099019513592784492e+00 3.448187929913333249e+01 2.012461179749810825e+01 4.031128874149274566e+01 0.000000000000000000e+00 3.858756276314947797e+01 1.513274595042155646e+01 3.920459156782531807e+01 2.376972864800942631e+01 4.031128874149274566e+01 3.847076812334268681e+01 3.920459156782531807e+01 1.720465053408525335e+01 1.081665382639196871e+01 1.360147050873544394e+01 6.082762530298219339e+00 1.878829422805593552e+01 2.012461179749810825e+01 3.436568055487916240e+01 1.612451549659709826e+01 3.324154027718932269e+01 2.137755832643194864e+01 4.205948168962618183e+01 4.465422712353221613e+01 8.246211251235321171e+00 3.501428280002319582e+01 2.209072203437452231e+01 3.014962686336266984e+01
2.118962010041709121e+01 4.341658669218482203e+01 4.242640687119284770e+00 2.408318915758459156e+01 5.656854249492380582e+00 3.858756276314947797e+01 0.000000000000000000e+00 2.545584412271571040e+01 4.472135954999579610e+00 2.785677655436823841e+01 8.944271909999159220e+00 2.647640458974745314e+01 1.708800749063506075e+01 2.376972864800942631e+01 2.915475947422650194e+01 2.657066051117284644e+01 3.420526275297414287e+01 2.000000000000000000e+01 3.264965543462901820e+01 2.501999200639360765e+01 2.247220505424423109e+01 1.600000000000000000e+01 3.701351104664349378e+01 4.000000000000000000e+00 6.403124237432848531e+00 3.700000000000000000e+01 1.910497317454279909e+01 3.505709628591620941e+01 1.726267650163206824e+01
2.507987240796890660e+01 2.022374841615668473e+01 2.121320343559642652e+01 1.708800749063506075e+01 2.607680962081059661e+01 1.513274595042155646e+01 2.545584412271571040e+01 0.000000000000000000e+00 2.720294101747088789e+01 1.131370849898476116e+01 2.952964612046680060e+01 2.435159132377184221e+01 2.408318915758459156e+01 1.300000000000000000e+01 1.140175425099137918e+01 1.140175425099137918e+01 9.486832980505138124e+00 6.324555320336759046e+00 1.140175425099137918e+01 2.024845673131658685e+01 6.082762530298219339e+00 1.811077027627483460e+01 2.687005768508880621e+01 2.842534080710379030e+01 3.182766092567909766e+01 1.802775637731994607e+01 2.002498439450078749e+01 2.624880949681337583e+01 1.503329637837290811e+01
2.563201123595259290e+01 4.382921400162225467e+01 7.071067811865475505e+00 2.280350850198275836e+01 1.000000000000000000e+01 3.920459156782531807e+01 4.472135954999579610e+00 2.720294101747088789e+01 0.000000000000000000e+00 3.104834939252004844e+01 4.472135954999579610e+00 3.080584360149872580e+01 2.154065922853801496e+01 2.325940669922601600e+01 2.915475947422650194e+01 2.641968962724581260e+01 3.535533905932737753e+01 2.126029162546929996e+01 3.546829570193639825e+01 2.915475947422650194e+01 2.334523505985750447e+01 2.009975124224177989e+01 3.512833614050059339e+01 7.211102550927978250e+00 6.082762530298219339e+00 3.667424164178449786e+01 2.334523505985750447e+01 3.306055050963308162e+01 2.102379604162863913e+01
1.802775637731994607e+01 2.844292530665578411e+01 2.404163056034261459e+01 2.778488797889960793e+01 2.607680962081059661e+01 2.376972864800942631e+01 2.785677655436823841e+01 1.131370849898476116e+01 3.104834939252004844e+01 0.000000000000000000e+00 3.452535300326413648e+01 1.500000000000000000e+01 1.886796226411320632e+01 2.385372088375312671e+01 2.267156809750926882e+01 2.267156809750926882e+01 1.772004514666934938e+01 1.523154621172781731e+01 5.830951894845300743e+00 1.104536101718726115e+01 1.664331697709323876e+01 1.414213562373095101e+01 3.818376618407356915e+01 2.952964612046680060e+01 3.401470270338990076e+01 2.865309756378880479e+01 1.389244398944980396e+01 3.753664875824691904e+01 1.140175425099137918e+01
3.008321791298264714e+01 4.468780594300866227e+01 1.104536101718726115e+01 2.236067977499789805e+01 1.442220510185595650e+01 4.031128874149274566e+01 8.944271909999159220e+00 2.952964612046680060e+01 4.472135954999579610e+00 3.452535300326413648e+01 0.000000000000000000e+00 3.517101079013794873e+01 2.600000000000000000e+01 2.360084744241189370e+01 2.983286778035259701e+01 2.701851217221259205e+01 3.701351104664349378e+01 2.332380757938120297e+01 3.860051813123756403e+01 3.337663853655727308e+01 2.500000000000000000e+01 2.433105012119287736e+01 3.373425558686599857e+01 1.131370849898476116e+01 8.544003745317530374e+00 3.689173349139343117e+01 2.765863337187866122e+01 3.157530680769388809e+01 2.501999200639360765e+01
6.324555320336759046e+00 4.328972164382672361e+01 2.435159132377184221e+01 3.764306044943742080e+01 2.202271554554523902e+01 3.847076812334268681e+01 2.647640458974745314e+01 2.435159132377184221e+01 3.080584360149872580e+01 1.500000000000000000e+01 3.517101079013794873e+01 0.000000000000000000e+00 1.004987562112088995e+01 3.440930106817050671e+01 3.534119409414458346e+01 3.448187929913333249e+01 3.238826948140329165e+01 2.523885892824792521e+01 2.022374841615668473e+01 4.123105625617660586e+00 2.778488797889960793e+01 1.118033988749894903e+01 4.992995093127971273e+01 2.601922366251537611e+01 3.101612483854164637e+01 4.237924020083418242e+01 7.615773105863908654e+00 4.882622246293480828e+01 1.204159457879229578e+01
4.123105625617660586e+00 4.428317965096906050e+01 1.581138830084189628e+01 3.310589071449369669e+01 1.216552506059643868e+01 3.920459156782531807e+01 1.708800749063506075e+01 2.408318915758459156e+01 2.154065922853801496e+01 1.886796226411320632e+01 2.600000000000000000e+01 1.004987562112088995e+01 0.000000000000000000e+00 3.067572330035593353e+01 3.337663853655727308e+01 3.178049716414140846e+01 3.337663853655727308e+01 2.236067977499789805e+01 2.469817807045693669e+01 1.029563014098700080e+01 2.531797780234432693e+01 6.000000000000000000e+00 4.623851208678756564e+01 1.612451549659709826e+01 2.109502310972898798e+01 4.119465984809195902e+01 5.000000000000000000e+00 4.477722635447621968e+01 9.055385138137417300e+00
3.310589071449369669e+01 2.121320343559642652e+01 2.022374841615668473e+01 4.123105625617660586e+00 2.707397274136176790e+01 1.720465053408525335e+01 2.376972864800942631e+01 1.300000000000000000e+01 2.325940669922601600e+01 2.385372088375312671e+01 2.360084744241189370e+01 3.440930106817050671e+01 3.067572330035593353e+01 0.000000000000000000e+00 6.403124237432848531e+00 3.605551275463989125e+00 1.552417469626002422e+01 9.219544457292887074e+00 2.435159132377184221e+01 3.061045573002793319e+01 7.211102550927978250e+00 2.507987240796890660e+01 1.565247584249852864e+01 2.765863337187866122e+01 2.915475947422650194e+01 1.341640786499873883e+01 2.817800560721074277e+01 1.442220510185595650e+01 2.282542442102665348e+01
3.517101079013794873e+01 1.486606874731850603e+01 2.529822128134703618e+01 9.486832980505138124e+00 3.178049716414140846e+01 1.081665382639196871e+01 2.915475947422650194e+01 1.140175425099137918e+01 2.915475947422650194e+01 2.267156809750926882e+01 2.983286778035259701e+01 3.534119409414458346e+01 3.337663853655727308e+01 6.403124237432848531e+00 0.000000000000000000e+00 2.828427124746190291e+00 1.000000000000000000e+01 1.104536101718726115e+01 2.163330765278393741e+01 3.130495168499705727e+01 8.062257748298549132e+00 2.745906043549196340e+01 1.562049935181330795e+01 3.289376840679705083e+01 3.488552708502481892e+01 8.062257748298549132e+00 3.008321791298264714e+01 1.526433752247374720e+01 2.473863375370596174e+01
3.383784863137726262e+01 1.769180601295413169e+01 2.280350850198275836e+01 7.071067811865475505e+00 2.942787793912432193e+01 1.360147050873544394e+01 2.657066051117284644e+01 1.140175425099137918e+01 2.641968962724581260e+01 2.267156809750926882e+01 2.701851217221259205e+01 3.448187929913333249e+01 3.178049716414140846e+01 3.605551275463989125e+00 2.828427124746190291e+00 0.000000000000000000e+00 1.216552506059643868e+01 9.486832980505138124e+00 2.236067977499789805e+01 3.052867504494749440e+01 6.708203932499369415e+00 2.596150997149434048e+01 1.562049935181330795e+01 3.036445290137795183e+01 3.220248437620923454e+01 1.044030650891055068e+01 2.879236009777593708e+01 1.486606874731850603e+01 2.340939982143925135e+01
3.401470270338990076e+01 1.100000000000000000e+01 3.000000000000000000e+01 1.923538406167134340e+01 3.535533905932737753e+01 6.082762530298219339e+00 3.420526275297414287e+01 9.486832980505138124e+00 3.535533905932737753e+01 1.772004514666934938e+01 3.701351104664349378e+01 3.238826948140329165e+01 3.337663853655727308e+01 1.552417469626002422e+01 1.000000000000000000e+01 1.216552506059643868e+01 0.000000000000000000e+00 1.421267040355189515e+01 1.442220510185595650e+01 2.828427124746190202e+01 1.204159457879229578e+01 2.745906043549196340e+01 2.416609194718914466e+01 3.744329045369811126e+01 4.045985664828781836e+01 1.204159457879229578e+01 2.906888370749726747e+01 2.435159132377184221e+01 2.433105012119287736e+01
2.435159132377184221e+01 2.376972864800942631e+01 1.581138830084189628e+01 1.280624847486569706e+01 2.154065922853801496e+01 1.878829422805593552e+01 2.000000000000000000e+01 6.324555320336759046e+00 2.126029162546929996e+01 1.523154621172781731e+01 2.332380757938120297e+01 2.523885892824792521e+01 2.236067977499789805e+01 9.219544457292887074e+00 1.104536101718726115e+01 9.486832980505138124e+00 1.421267040355189515e+01 0.000000000000000000e+00 1.702938636592640265e+01 2.140093455903269515e+01 3.000000000000000000e+00 1.649242250247064234e+01 2.469817807045693669e+01 2.332380757938120297e+01 2.624880949681337583e+01 1.900000000000000000e+01 1.931320791582796659e+01 2.360084744241189370e+01 1.392838827718411920e+01
2.376972864800942631e+01 2.435159132377184221e+01 2.863564212655270680e+01 2.846049894151541437e+01 3.140063693621516450e+01 2.012461179749810825e+01 3.264965543462901820e+01 1.140175425099137918e+01 3.546829570193639825e+01 5.830951894845300743e+00 3.860051813123756403e+01 2.022374841615668473e+01 2.469817807045693669e+01 2.435159132377184221e+01 2.163330765278393741e+01 2.236067977499789805e+01 1.442220510185595650e+01 1.702938636592640265e+01 0.000000000000000000e+00 1.649242250247064234e+01 1.746424919657297892e+01 1.984943324127920761e+01 3.720215047547655018e+01 3.466987164671942878e+01 3.894868418830089496e+01 2.624880949681337583e+01 1.972308292331602075e+01 3.689173349139343117e+01 1.697056274847713908e+01
7.810249675906653977e+00 3.920459156782531807e+01 2.236067977499789805e+01 3.397057550292606010e+01 2.121320343559642652e+01 3.436568055487916240e+01 2.501999200639360765e+01 2.024845673131658685e+01 2.915475947422650194e+01 1.104536101718726115e+01 3.337663853655727308e+01 4.123105625617660586e+00 1.029563014098700080e+01 3.061045573002793319e+01 3.130495168499705727e+01 3.052867504494749440e+01 2.828427124746190202e+01 2.140093455903269515e+01 1.649242250247064234e+01 0.000000000000000000e+00 2.385372088375312671e+01 9.055385138137417300e+00 4.604345773288535071e+01 2.517935662402834396e+01 3.014962686336266984e+01 3.827531841800927737e+01 6.082762530298219339e+00 4.500000000000000000e+01 8.944271909999159220e+00
2.720294101747088789e+01 2.102379604162863913e+01 1.835755975068581947e+01 1.118033988749894903e+01 2.435159132377184221e+01 1.612451549659709826e+01 2.247220505424423109e+01 6.082762530298219339e+00 2.334523505985750447e+01 1.664331697709323876e+01 2.500000000000000000e+01 2.778488797889960793e+01 2.531797780234432693e+01 7.211102550927978250e+00 8.062257748298549132e+00 6.708203932499369415e+00 1.204159457879229578e+01 3.000000000000000000e+00 1.746424919657297892e+01 2.385372088375312671e+01 0.000000000000000000e+00 1.941648783894759944e+01 2.220360331117451835e+01 2.594224354214569317e+01 2.860069929215018192e+01 1.600000000000000000e+01 2.213594362117865444e+01 2.126029162546929996e+01 1.676305461424021104e+01
8.062257748298549132e+00 3.832753579347360073e+01 1.334166406412633421e+01 2.778488797889960793e+01 1.264911064067351809e+01 3.324154027718932269e+01 1.600000000000000000e+01 1.811077027627483460e+01 2.009975124224177989e+01 1.414213562373095101e+01 2.433105012119287736e+01 1.118033988749894903e+01 6.000000000000000000e+00 2.507987240796890660e+01 2.745906043549196340e+01 2.596150997149434048e+01 2.745906043549196340e+01 1.649242250247064234e+01 1.984943324127920761e+01 9.055385138137417300e+00 1.941648783894759944e+01 0.000000000000000000e+00 4.071854614300466579e+01 1.649242250247064234e+01 2.137755832643194864e+01 3.522782990761707111e+01 3.605551275463989125e+00 3.935733730830885690e+01 3.162277660168379523e+00
4.875448697299562184e+01 2.202271554554523902e+01 3.423448553724738019e+01 1.334166406412633421e+01 4.130375285612676350e+01 2.137755832643194864e+01 3.701351104664349378e+01 2.687005768508880621e+01 3.512833614050059339e+01 3.818376618407356915e+01 3.373425558686599857e+01 4.992995093127971273e+01 4.623851208678756564e+01 1.565247584249852864e+01 1.562049935181330795e+01 1.562049935181330795e+01 2.416609194718914466e+01 2.469817807045693669e+01 3.720215047547655018e+01 4.604345773288535071e+01 2.220360331117451835e+01 4.071854614300466579e+01 0.000000000000000000e+00 4.101219330881975367e+01 4.119465984809195902e+01 1.315294643796590535e+01 4.382921400162225467e+01 2.236067977499789805e+00 3.847076812334268681e+01
2.022374841615668473e+01 4.695742752749558235e+01 7.615773105863908654e+00 2.807133769523639799e+01 4.000000000000000000e+00 4.205948168962618183e+01 4.000000000000000000e+00 2.842534080710379030e+01 7.211102550927978250e+00 2.952964612046680060e+01 1.131370849898476116e+01 2.601922366251537611e+01 1.612451549659709826e+01 2.765863337187866122e+01 3.289376840679705083e+01 3.036445290137795183e+01 3.744329045369811126e+01 2.332380757938120297e+01 3.466987164671942878e+01 2.517935662402834396e+01 2.594224354214569317e+01 1.649242250247064234e+01 4.101219330881975367e+01 0.000000000000000000e+00 5.000000000000000000e+00 4.080441152620633005e+01 1.910497317454279909e+01 3.905124837953326988e+01 1.838477631085023489e+01
2.517935662402834396e+01 4.939635614091387339e+01 1.063014581273464998e+01 2.886173937932362321e+01 9.000000000000000000e+00 4.465422712353221613e+01 6.403124237432848531e+00 3.182766092567909766e+01 6.082762530298219339e+00 3.401470270338990076e+01 8.544003745317530374e+00 3.101612483854164637e+01 2.109502310972898798e+01 2.915475947422650194e+01 3.488552708502481892e+01 3.220248437620923454e+01 4.045985664828781836e+01 2.624880949681337583e+01 3.894868418830089496e+01 3.014962686336266984e+01 2.860069929215018192e+01 2.137755832643194864e+01 4.119465984809195902e+01 5.000000000000000000e+00 0.000000000000000000e+00 4.254409477236529824e+01 2.408318915758459156e+01 3.911521443121588959e+01 2.308679276123039159e+01
4.275511665286389729e+01 9.486832980505138124e+00 3.324154027718932269e+01 1.486606874731850603e+01 3.981205847478876336e+01 8.246211251235321171e+00 3.700000000000000000e+01 1.802775637731994607e+01 3.667424164178449786e+01 2.865309756378880479e+01 3.689173349139343117e+01 4.237924020083418242e+01 4.119465984809195902e+01 1.341640786499873883e+01 8.062257748298549132e+00 1.044030650891055068e+01 1.204159457879229578e+01 1.900000000000000000e+01 2.624880949681337583e+01 3.827531841800927737e+01 1.600000000000000000e+01 3.522782990761707111e+01 1.315294643796590535e+01 4.080441152620633005e+01 4.254409477236529824e+01 0.000000000000000000e+00 3.765634076752546378e+01 1.400000000000000000e+01 3.238826948140329165e+01
5.099019513592784492e+00 4.004996878900157498e+01 1.676305461424021104e+01 3.106444913401813324e+01 1.513274595042155646e+01 3.501428280002319582e+01 1.910497317454279909e+01 2.002498439450078749e+01 2.334523505985750447e+01 1.389244398944980396e+01 2.765863337187866122e+01 7.615773105863908654e+00 5.000000000000000000e+00 2.817800560721074277e+01 3.008321791298264714e+01 2.879236009777593708e+01 2.906888370749726747e+01 1.931320791582796659e+01 1.972308292331602075e+01 6.082762530298219339e+00 2.213594362117865444e+01 3.605551275463989125e+00 4.382921400162225467e+01 1.910497317454279909e+01 2.408318915758459156e+01 3.765634076752546378e+01 0.000000000000000000e+00 4.254409477236529824e+01 5.385164807134503739e+00
4.741307836451878899e+01 2.319482700948640286e+01 3.238826948140329165e+01 1.170469991071962568e+01 3.945883931389771959e+01 2.209072203437452231e+01 3.505709628591620941e+01 2.624880949681337583e+01 3.306055050963308162e+01 3.753664875824691904e+01 3.157530680769388809e+01 4.882622246293480828e+01 4.477722635447621968e+01 1.442220510185595650e+01 1.526433752247374720e+01 1.486606874731850603e+01 2.435159132377184221e+01 2.360084744241189370e+01 3.689173349139343117e+01 4.500000000000000000e+01 2.126029162546929996e+01 3.935733730830885690e+01 2.236067977499789805e+00 3.905124837953326988e+01 3.911521443121588959e+01 1.400000000000000000e+01 4.254409477236529824e+01 0.000000000000000000e+00 3.721558813185679071e+01
1.044030650891055068e+01 3.522782990761707111e+01 1.400000000000000000e+01 2.580697580112788003e+01 1.476482306023340030e+01 3.014962686336266984e+01 1.726267650163206824e+01 1.503329637837290811e+01 2.102379604162863913e+01 1.140175425099137918e+01 2.501999200639360765e+01 1.204159457879229578e+01 9.055385138137417300e+00 2.282542442102665348e+01 2.473863375370596174e+01 2.340939982143925135e+01 2.433105012119287736e+01 1.392838827718411920e+01 1.697056274847713908e+01 8.944271909999159220e+00 1.676305461424021104e+01 3.162277660168379523e+00 3.847076812334268681e+01 1.838477631085023489e+01 2.308679276123039159e+01 3.238826948140329165e+01 5.385164807134503739e+00 3.721558813185679071e+01 0.000000000000000000e+00
