0.000000000000000000e+00 4.472135954999579610e+00 2.213594362117865444e+01 1.838477631085023489e+01 1.300000000000000000e+01 1.220655561573370207e+01 2.435159132377184221e+01 1.676305461424021104e+01 2.555386467836127551e+01 7.071067811865475505e+00 2.154065922853801496e+01 1.431782106327635340e+01 1.200000000000000000e+01 1.600000000000000000e+01 1.702938636592640265e+01 2.193171219946130890e+01 1.000000000000000000e+01 1.923538406167134340e+01 2.817800560721074277e+01 2.158703314492290204e+01 2.657066051117284644e+01 3.605551275463989125e+00 2.209072203437452231e+01
4.472135954999579610e+00 0.000000000000000000e+00 2.657066051117284644e+01 1.581138830084189628e+01 1.403566884761819900e+01 1.236931687685298087e+01 2.773084924772409465e+01 2.118962010041709121e+01 2.941088233970548416e+01 1.140175425099137918e+01 2.236067977499789805e+01 1.746424919657297892e+01 1.456021977856103611e+01 2.009975124224177989e+01 2.121320343559642652e+01 2.640075756488817049e+01 1.414213562373095101e+01 2.302172886644267535e+01 2.846049894151541437e+01 2.302172886644267535e+01 2.745906043549196340e+01 6.082762530298219339e+00 2.473863375370596174e+01
2.213594362117865444e+01 2.657066051117284644e+01 0.000000000000000000e+00 3.800000000000000000e+01 2.647640458974745314e+01 2.816025568065744622e+01 2.061552812808830382e+01 5.385164807134503739e+00 1.700000000000000000e+01 1.523154621172781731e+01 3.178049716414140846e+01 1.931320791582796659e+01 2.158703314492290204e+01 8.602325267042626677e+00 7.211102550927978250e+00 2.236067977499789805e+00 1.503329637837290811e+01 1.562049935181330795e+01 3.847076812334268681e+01 2.952964612046680060e+01 3.498571136907180090e+01 2.147091055358388800e+01 2.420743687382040932e+01
1.838477631085023489e+01 1.581138830084189628e+01 3.800000000000000000e+01 0.000000000000000000e+00 1.300000000000000000e+01 1.044030650891055068e+01 2.968164415931165934e+01 3.306055050963308162e+01 3.354101966249684352e+01 2.473863375370596174e+01 1.581138830084189628e+01 2.118962010041709121e+01 1.772004514666934938e+01 3.373425558686599857e+01 3.452535300326413648e+01 3.705401462729781059e+01 2.302172886644267535e+01 2.785677655436823841e+01 1.843908891458577415e+01 1.843908891458577415e+01 1.969771560359220786e+01 2.147091055358388800e+01 2.420743687382040932e+01
1.300000000000000000e+01 1.403566884761819900e+01 2.647640458974745314e+01 1.300000000000000000e+01 0.000000000000000000e+00 2.828427124746190291e+00 1.702938636592640265e+01 2.213594362117865444e+01 2.059126028197400160e+01 1.627882059609970611e+01 8.544003745317530374e+00 8.246211251235321171e+00 5.000000000000000000e+00 2.418677324489564739e+01 2.459674775249768786e+01 2.517935662402834396e+01 1.170469991071962568e+01 1.486606874731850603e+01 1.526433752247374720e+01 9.000000000000000000e+00 1.360147050873544394e+01 1.655294535724684835e+01 1.220655561573370207e+01
1.220655561573370207e+01 1.236931687685298087e+01 2.816025568065744622e+01 1.044030650891055068e+01 2.828427124746190291e+00 0.000000000000000000e+00 1.984943324127920761e+01 2.353720459187963954e+01 2.332380757938120297e+01 1.664331697709323876e+01 1.004987562112088995e+01 1.077032961426900748e+01 7.280109889280518054e+00 2.507987240796890660e+01 2.563201123595259290e+01 2.701851217221259205e+01 1.315294643796590535e+01 1.746424919657297892e+01 1.615549442140351033e+01 1.118033988749894903e+01 1.513274595042155646e+01 1.581138830084189628e+01 1.500000000000000000e+01
2.435159132377184221e+01 2.773084924772409465e+01 2.061552812808830382e+01 2.968164415931165934e+01 1.702938636592640265e+01 1.984943324127920761e+01 0.000000000000000000e+00 1.969771560359220786e+01 5.099019513592784492e+00 2.202271554554523902e+01 1.627882059609970611e+01 1.029563014098700080e+01 1.360147050873544394e+01 2.435159132377184221e+01 2.376972864800942631e+01 1.843908891458577415e+01 1.513274595042155646e+01 6.082762530298219339e+00 2.109502310972898798e+01 1.315294643796590535e+01 1.711724276862369010e+01 2.668332812825266842e+01 6.082762530298219339e+00
1.676305461424021104e+01 2.118962010041709121e+01 5.385164807134503739e+00 3.306055050963308162e+01 2.213594362117865444e+01 2.353720459187963954e+01 1.969771560359220786e+01 0.000000000000000000e+00 1.726267650163206824e+01 9.848857801796103928e+00 2.830194339616981125e+01 1.581138830084189628e+01 1.746424919657297892e+01 5.000000000000000000e+00 4.123105625617660586e+00 5.656854249492380582e+00 1.044030650891055068e+01 1.389244398944980396e+01 3.522782990761707111e+01 2.640075756488817049e+01 3.201562118716424266e+01 1.612451549659709826e+01 2.202271554554523902e+01
2.555386467836127551e+01 2.941088233970548416e+01 1.700000000000000000e+01 3.354101966249684352e+01 2.059126028197400160e+01 2.332380757938120297e+01 5.099019513592784492e+00 1.726267650163206824e+01 0.000000000000000000e+00 2.184032966784155505e+01 2.109502310972898798e+01 1.280624847486569706e+01 1.640121946685672683e+01 2.220360331117451835e+01 2.137755832643194864e+01 1.476482306023340030e+01 1.565247584249852864e+01 6.403124237432848531e+00 2.617250465660480074e+01 1.802775637731994607e+01 2.220360331117451835e+01 2.731300056749532601e+01 1.100000000000000000e+01
7.071067811865475505e+00 1.140175425099137918e+01 1.523154621172781731e+01 2.473863375370596174e+01 1.627882059609970611e+01 1.664331697709323876e+01 2.202271554554523902e+01 9.848857801796103928e+00 2.184032966784155505e+01 0.000000000000000000e+00 2.420743687382040932e+01 1.360147050873544394e+01 1.303840481040529831e+01 9.055385138137417300e+00 1.000000000000000000e+01 1.526433752247374720e+01 7.071067811865475505e+00 1.612451549659709826e+01 3.124099870362661591e+01 2.332380757938120297e+01 2.884441020371191300e+01 6.403124237432848531e+00 2.158703314492290204e+01
2.154065922853801496e+01 2.236067977499789805e+01 3.178049716414140846e+01 1.581138830084189628e+01 8.544003745317530374e+00 1.004987562112088995e+01 1.627882059609970611e+01 2.830194339616981125e+01 2.109502310972898798e+01 2.420743687382040932e+01 0.000000000000000000e+00 1.252996408614166768e+01 1.131370849898476116e+01 3.124099870362661591e+01 3.140063693621516450e+01 3.008321791298264714e+01 1.843908891458577415e+01 1.726267650163206824e+01 7.071067811865475505e+00 3.162277660168379523e+00 5.099019513592784492e+00 2.507987240796890660e+01 1.019803902718556898e+01
1.431782106327635340e+01 1.746424919657297892e+01 1.931320791582796659e+01 2.118962010041709121e+01 8.246211251235321171e+00 1.077032961426900748e+01 1.029563014098700080e+01 1.581138830084189628e+01 1.280624847486569706e+01 1.360147050873544394e+01 1.252996408614166768e+01 0.000000000000000000e+00 3.605551275463989125e+00 1.910497317454279909e+01 1.910497317454279909e+01 1.772004514666934938e+01 6.708203932499369415e+00 6.708203932499369415e+00 1.941648783894759944e+01 1.063014581273464998e+01 1.627882059609970611e+01 1.702938636592640265e+01 8.062257748298549132e+00
1.200000000000000000e+01 1.456021977856103611e+01 2.158703314492290204e+01 1.772004514666934938e+01 5.000000000000000000e+00 7.280109889280518054e+00 1.360147050873544394e+01 1.746424919657297892e+01 1.640121946685672683e+01 1.303840481040529831e+01 1.131370849898476116e+01 3.605551275463989125e+00 0.000000000000000000e+00 2.000000000000000000e+01 2.024845673131658685e+01 2.022374841615668473e+01 7.211102550927978250e+00 1.029563014098700080e+01 1.838477631085023489e+01 1.029563014098700080e+01 1.581138830084189628e+01 1.513274595042155646e+01 1.019803902718556898e+01
1.600000000000000000e+01 2.009975124224177989e+01 8.602325267042626677e+00 3.373425558686599857e+01 2.418677324489564739e+01 2.507987240796890660e+01 2.435159132377184221e+01 5.000000000000000000e+00 2.220360331117451835e+01 9.055385138137417300e+00 3.124099870362661591e+01 1.910497317454279909e+01 2.000000000000000000e+01 0.000000000000000000e+00 1.414213562373095145e+00 9.848857801796103928e+00 1.280624847486569706e+01 1.838477631085023489e+01 3.828837943815329226e+01 2.969848480983499428e+01 3.535533905932737753e+01 1.431782106327635340e+01 2.607680962081059661e+01
1.702938636592640265e+01 2.121320343559642652e+01 7.211102550927978250e+00 3.452535300326413648e+01 2.459674775249768786e+01 2.563201123595259290e+01 2.376972864800942631e+01 4.123105625617660586e+00 2.137755832643194864e+01 1.000000000000000000e+01 3.140063693621516450e+01 1.910497317454279909e+01 2.024845673131658685e+01 1.414213562373095145e+00 0.000000000000000000e+00 8.544003745317530374e+00 1.303840481040529831e+01 1.788854381999831844e+01 3.841874542459709119e+01 2.973213749463701205e+01 3.538361202590826338e+01 1.552417469626002422e+01 2.580697580112788003e+01
2.193171219946130890e+01 2.640075756488817049e+01 2.236067977499789805e+00 3.705401462729781059e+01 2.517935662402834396e+01 2.701851217221259205e+01 1.843908891458577415e+01 5.656854249492380582e+00 1.476482306023340030e+01 1.526433752247374720e+01 3.008321791298264714e+01 1.772004514666934938e+01 2.022374841615668473e+01 9.848857801796103928e+00 8.544003745317530374e+00 0.000000000000000000e+00 1.403566884761819900e+01 1.360147050873544394e+01 3.667424164178449786e+01 2.773084924772409465e+01 3.312099032335839155e+01 2.163330765278393741e+01 2.220360331117451835e+01
1.000000000000000000e+01 1.414213562373095101e+01 1.503329637837290811e+01 2.302172886644267535e+01 1.170469991071962568e+01 1.315294643796590535e+01 1.513274595042155646e+01 1.044030650891055068e+01 1.565247584249852864e+01 7.071067811865475505e+00 1.843908891458577415e+01 6.708203932499369415e+00 7.211102550927978250e+00 1.280624847486569706e+01 1.303840481040529831e+01 1.403566884761819900e+01 0.000000000000000000e+00 9.486832980505138124e+00 2.549509756796392423e+01 1.702938636592640265e+01 2.267156809750926882e+01 1.170469991071962568e+01 1.456021977856103611e+01
1.923538406167134340e+01 2.302172886644267535e+01 1.562049935181330795e+01 2.785677655436823841e+01 1.486606874731850603e+01 1.746424919657297892e+01 6.082762530298219339e+00 1.389244398944980396e+01 6.403124237432848531e+00 1.612451549659709826e+01 1.726267650163206824e+01 6.708203932499369415e+00 1.029563014098700080e+01 1.838477631085023489e+01 1.788854381999831844e+01 1.360147050873544394e+01 9.486832980505138124e+00 0.000000000000000000e+00 2.340939982143925135e+01 1.456021977856103611e+01 1.969771560359220786e+01 2.118962010041709121e+01 8.602325267042626677e+00
2.817800560721074277e+01 2.846049894151541437e+01 3.847076812334268681e+01 1.843908891458577415e+01 1.526433752247374720e+01 1.615549442140351033e+01 2.109502310972898798e+01 3.522782990761707111e+01 2.617250465660480074e+01 3.124099870362661591e+01 7.071067811865475505e+00 1.941648783894759944e+01 1.838477631085023489e+01 3.828837943815329226e+01 3.841874542459709119e+01 3.667424164178449786e+01 2.549509756796392423e+01 2.340939982143925135e+01 0.000000000000000000e+00 8.944271909999159220e+00 4.000000000000000000e+00 3.176476034853718033e+01 1.529705854077835525e+01
2.158703314492290204e+01 2.302172886644267535e+01 2.952964612046680060e+01 1.843908891458577415e+01 9.000000000000000000e+00 1.118033988749894903e+01 1.315294643796590535e+01 2.640075756488817049e+01 1.802775637731994607e+01 2.332380757938120297e+01 3.162277660168379523e+00 1.063014581273464998e+01 1.029563014098700080e+01 2.969848480983499428e+01 2.973213749463701205e+01 2.773084924772409465e+01 1.702938636592640265e+01 1.456021977856103611e+01 8.944271909999159220e+00 0.000000000000000000e+00 5.656854249492380582e+00 2.500000000000000000e+01 7.071067811865475505e+00
2.657066051117284644e+01 2.745906043549196340e+01 3.498571136907180090e+01 1.969771560359220786e+01 1.360147050873544394e+01 1.513274595042155646e+01 1.711724276862369010e+01 3.201562118716424266e+01 2.220360331117451835e+01 2.884441020371191300e+01 5.099019513592784492e+00 1.627882059609970611e+01 1.581138830084189628e+01 3.535533905932737753e+01 3.538361202590826338e+01 3.312099032335839155e+01 2.267156809750926882e+01 1.969771560359220786e+01 4.000000000000000000e+00 5.656854249492380582e+00 0.000000000000000000e+00 3.008321791298264714e+01 1.140175425099137918e+01
3.605551275463989125e+00 6.082762530298219339e+00 2.147091055358388800e+01 2.147091055358388800e+01 1.655294535724684835e+01 1.581138830084189628e+01 2.668332812825266842e+01 1.612451549659709826e+01 2.731300056749532601e+01 6.403124237432848531e+00 2.507987240796890660e+01 1.702938636592640265e+01 1.513274595042155646e+01 1.431782106327635340e+01 1.552417469626002422e+01 2.163330765278393741e+01 1.170469991071962568e+01 2.118962010041709121e+01 3.176476034853718033e+01 2.500000000000000000e+01 3.008321791298264714e+01 0.000000000000000000e+00 2.500000000000000000e+01
2.209072203437452231e+01 2.473863375370596174e+01 2.420743687382040932e+01 2.420743687382040932e+01 1.220655561573370207e+01 1.500000000000000000e+01 6.082762530298219339e+00 2.202271554554523902e+01 1.100000000000000000e+01 2.158703314492290204e+01 1.019803902718556898e+01 8.062257748298549132e+00 1.019803902718556898e+01 2.607680962081059661e+01 2.580697580112788003e+01 2.220360331117451835e+01 1.456021977856103611e+01 8.602325267042626677e+00 1.529705854077835525e+01 7.071067811865475505e+00 1.140175425099137918e+01 2.500000000000000000e+01 0.000000000000000000e+00
