0.000000000000000000e+00 2.061552812808830382e+01 5.385164807134503739e+00 2.952964612046680060e+01 6.403124237432848531e+00 1.029563014098700080e+01 2.256102834535695578e+01 2.140093455903269515e+01 9.219544457292887074e+00 2.451530134426252516e+01 3.606937759374286401e+01 1.886796226411320632e+01 4.464302857109942835e+01 2.915475947422650194e+01 4.123105625617660586e+00 3.162277660168379256e+01 4.386342439892261780e+01 2.523885892824792521e+01 1.612451549659709826e+01 7.280109889280518054e+00 2.282542442102665348e+01 1.300000000000000000e+01 8.062257748298549132e+00 4.522167621838005402e+01
2.061552812808830382e+01 0.000000000000000000e+00 1.726267650163206824e+01 1.868154169226940553e+01 1.529705854077835525e+01 1.044030650891055068e+01 2.778488797889960793e+01 1.081665382639196871e+01 2.102379604162863913e+01 2.884441020371191300e+01 1.838477631085023489e+01 1.204159457879229578e+01 2.433105012119287736e+01 1.118033988749894903e+01 2.404163056034261459e+01 1.802775637731994607e+01 2.325940669922601600e+01 6.324555320336759046e+00 6.708203932499369415e+00 1.341640786499873883e+01 1.442220510185595650e+01 1.456021977856103611e+01 1.800000000000000000e+01 2.545584412271571040e+01
5.385164807134503739e+00 1.726267650163206824e+01 0.000000000000000000e+00 2.418677324489564739e+01 2.000000000000000000e+00 7.000000000000000000e+00 1.838477631085023489e+01 1.627882059609970611e+01 5.656854249492380582e+00 2.024845673131658685e+01 3.124099870362661591e+01 1.360147050873544394e+01 4.159326868617084472e+01 2.707397274136176790e+01 7.211102550927978250e+00 2.640075756488817049e+01 4.016217125604640614e+01 2.102379604162863913e+01 1.431782106327635340e+01 5.830951894845300743e+00 1.749285568453590045e+01 7.615773105863908654e+00 3.162277660168379523e+00 4.081666326391709987e+01
2.952964612046680060e+01 1.868154169226940553e+01 2.418677324489564739e+01 0.000000000000000000e+00 2.325940669922601600e+01 2.158703314492290204e+01 1.941648783894759944e+01 9.055385138137417300e+00 2.334523505985750447e+01 1.910497317454279909e+01 1.204159457879229578e+01 1.077032961426900748e+01 3.220248437620923454e+01 2.745906043549196340e+01 3.080584360149872580e+01 4.000000000000000000e+00 2.720294101747088789e+01 1.389244398944980396e+01 2.408318915758459156e+01 2.500000000000000000e+01 6.708203932499369415e+00 1.664331697709323876e+01 2.220360331117451835e+01 2.300000000000000000e+01
6.403124237432848531e+00 1.529705854077835525e+01 2.000000000000000000e+00 2.325940669922601600e+01 0.000000000000000000e+00 5.000000000000000000e+00 1.923538406167134340e+01 1.500000000000000000e+01 7.211102550927978250e+00 2.102379604162863913e+01 2.973213749463701205e+01 1.252996408614166768e+01 3.962322551231790158e+01 2.507987240796890660e+01 8.944271909999159220e+00 2.523885892824792521e+01 3.827531841800927737e+01 1.923538406167134340e+01 1.236931687685298087e+01 4.242640687119284770e+00 1.655294535724684835e+01 7.071067811865475505e+00 4.242640687119284770e+00 3.911521443121588959e+01
1.029563014098700080e+01 1.044030650891055068e+01 7.000000000000000000e+00 2.158703314492290204e+01 5.000000000000000000e+00 0.000000000000000000e+00 2.202271554554523902e+01 1.264911064067351809e+01 1.170469991071962568e+01 2.360084744241189370e+01 2.624880949681337583e+01 1.104536101718726115e+01 3.471310991541956525e+01 2.009975124224177989e+01 1.360147050873544394e+01 2.284731931759172596e+01 3.361547262794321966e+01 1.500000000000000000e+01 7.615773105863908654e+00 3.605551275463989125e+00 1.513274595042155646e+01 8.062257748298549132e+00 8.544003745317530374e+00 3.500000000000000000e+01
2.256102834535695578e+01 2.778488797889960793e+01 1.838477631085023489e+01 1.941648783894759944e+01 1.923538406167134340e+01 2.202271554554523902e+01 0.000000000000000000e+00 1.868154169226940553e+01 1.334166406412633421e+01 2.000000000000000000e+00 3.114482300479487265e+01 1.615549442140351033e+01 4.903060268852505033e+01 3.894868418830089496e+01 2.102379604162863913e+01 2.334523505985750447e+01 4.517742799230607176e+01 2.720294101747088789e+01 2.900000000000000000e+01 2.332380757938120297e+01 1.612451549659709826e+01 1.414213562373095101e+01 1.523154621172781731e+01 4.219004621945797595e+01
2.140093455903269515e+01 1.081665382639196871e+01 1.627882059609970611e+01 9.055385138137417300e+00 1.500000000000000000e+01 1.264911064067351809e+01 1.868154169226940553e+01 0.000000000000000000e+00 1.700000000000000000e+01 1.931320791582796659e+01 1.526433752247374720e+01 3.162277660168379523e+00 3.041381265149109936e+01 2.126029162546929996e+01 2.334523505985750447e+01 1.029563014098700080e+01 2.701851217221259205e+01 8.544003745317530374e+00 1.529705854077835525e+01 1.615549442140351033e+01 3.605551275463989125e+00 9.433981132056603158e+00 1.500000000000000000e+01 2.563201123595259290e+01
9.219544457292887074e+00 2.102379604162863913e+01 5.656854249492380582e+00 2.334523505985750447e+01 7.211102550927978250e+00 1.170469991071962568e+01 1.334166406412633421e+01 1.700000000000000000e+01 0.000000000000000000e+00 1.529705854077835525e+01 3.224903099319419653e+01 1.389244398944980396e+01 4.509988913511872255e+01 3.157530680769388809e+01 8.246211251235321171e+00 2.624880949681337583e+01 4.295346318982905842e+01 2.353720459187963954e+01 1.931320791582796659e+01 1.140175425099137918e+01 1.702938636592640265e+01 7.615773105863908654e+00 3.162277660168379523e+00 4.254409477236529824e+01
2.451530134426252516e+01 2.884441020371191300e+01 2.024845673131658685e+01 1.910497317454279909e+01 2.102379604162863913e+01 2.360084744241189370e+01 2.000000000000000000e+00 1.931320791582796659e+01 1.529705854077835525e+01 0.000000000000000000e+00 3.101612483854164637e+01 1.700000000000000000e+01 4.947726750741192348e+01 3.996248240537617136e+01 2.302172886644267535e+01 2.308679276123039159e+01 4.539823785126466760e+01 2.785677655436823841e+01 3.041381265149109936e+01 2.505992817228333536e+01 1.649242250247064234e+01 1.562049935181330795e+01 1.708800749063506075e+01 4.204759208325727826e+01
3.606937759374286401e+01 1.838477631085023489e+01 3.124099870362661591e+01 1.204159457879229578e+01 2.973213749463701205e+01 2.624880949681337583e+01 3.114482300479487265e+01 1.526433752247374720e+01 3.224903099319419653e+01 3.101612483854164637e+01 0.000000000000000000e+00 1.835755975068581947e+01 2.140093455903269515e+01 2.220360331117451835e+01 3.841874542459709119e+01 8.062257748298549132e+00 1.565247584249852864e+01 1.208304597359457233e+01 2.507987240796890660e+01 2.983286778035259701e+01 1.581138830084189628e+01 2.469817807045693669e+01 3.023243291566194912e+01 1.104536101718726115e+01
1.886796226411320632e+01 1.204159457879229578e+01 1.360147050873544394e+01 1.077032961426900748e+01 1.252996408614166768e+01 1.104536101718726115e+01 1.615549442140351033e+01 3.162277660168379523e+00 1.389244398944980396e+01 1.700000000000000000e+01 1.835755975068581947e+01 0.000000000000000000e+00 3.324154027718932269e+01 2.302172886644267535e+01 2.051828452868319275e+01 1.280624847486569706e+01 3.006659275674581622e+01 1.118033988749894903e+01 1.523154621172781731e+01 1.431782106327635340e+01 4.123105625617660586e+00 6.403124237432848531e+00 1.204159457879229578e+01 2.879236009777593708e+01
4.464302857109942835e+01 2.433105012119287736e+01 4.159326868617084472e+01 3.220248437620923454e+01 3.962322551231790158e+01 3.471310991541956525e+01 4.903060268852505033e+01 3.041381265149109936e+01 4.509988913511872255e+01 4.947726750741192348e+01 2.140093455903269515e+01 3.324154027718932269e+01 0.000000000000000000e+00 1.664331697709323876e+01 4.827007354458868349e+01 2.865309756378880479e+01 6.708203932499369415e+00 2.209072203437452231e+01 2.879236009777593708e+01 3.736308338453881106e+01 3.298484500494128469e+01 3.800000000000000000e+01 4.219004621945797595e+01 1.523154621172781731e+01
2.915475947422650194e+01 1.118033988749894903e+01 2.707397274136176790e+01 2.745906043549196340e+01 2.507987240796890660e+01 2.009975124224177989e+01 3.894868418830089496e+01 2.126029162546929996e+01 3.157530680769388809e+01 3.996248240537617136e+01 2.220360331117451835e+01 2.302172886644267535e+01 1.664331697709323876e+01 0.000000000000000000e+00 3.306055050963308162e+01 2.549509756796392423e+01 1.860107523773827509e+01 1.360147050873544394e+01 1.303840481040529831e+01 2.202271554554523902e+01 2.475883680627989492e+01 2.563201123595259290e+01 2.844292530665578411e+01 2.435159132377184221e+01
4.123105625617660586e+00 2.404163056034261459e+01 7.211102550927978250e+00 3.080584360149872580e+01 8.944271909999159220e+00 1.360147050873544394e+01 2.102379604162863913e+01 2.334523505985750447e+01 8.246211251235321171e+00 2.302172886644267535e+01 3.841874542459709119e+01 2.051828452868319275e+01 4.827007354458868349e+01 3.306055050963308162e+01 0.000000000000000000e+00 3.330165161069342616e+01 4.716990566028302112e+01 2.817800560721074277e+01 2.002498439450078749e+01 1.104536101718726115e+01 2.420743687382040932e+01 1.421267040355189515e+01 8.602325267042626677e+00 4.802082881417187821e+01
3.162277660168379256e+01 1.802775637731994607e+01 2.640075756488817049e+01 4.000000000000000000e+00 2.523885892824792521e+01 2.284731931759172596e+01 2.334523505985750447e+01 1.029563014098700080e+01 2.624880949681337583e+01 2.308679276123039159e+01 8.062257748298549132e+00 1.280624847486569706e+01 2.865309756378880479e+01 2.549509756796392423e+01 3.330165161069342616e+01 0.000000000000000000e+00 2.340939982143925135e+01 1.236931687685298087e+01 2.408318915758459156e+01 2.640075756488817049e+01 9.219544457292887074e+00 1.910497317454279909e+01 2.475883680627989492e+01 1.900000000000000000e+01
4.386342439892261780e+01 2.325940669922601600e+01 4.016217125604640614e+01 2.720294101747088789e+01 3.827531841800927737e+01 3.361547262794321966e+01 4.517742799230607176e+01 2.701851217221259205e+01 4.295346318982905842e+01 4.539823785126466760e+01 1.565247584249852864e+01 3.006659275674581622e+01 6.708203932499369415e+00 1.860107523773827509e+01 4.716990566028302112e+01 2.340939982143925135e+01 0.000000000000000000e+00 1.941648783894759944e+01 2.884441020371191300e+01 3.667424164178449786e+01 2.906888370749726747e+01 3.551056180912940619e+01 4.026164427839479032e+01 8.544003745317530374e+00
2.523885892824792521e+01 6.324555320336759046e+00 2.102379604162863913e+01 1.389244398944980396e+01 1.923538406167134340e+01 1.500000000000000000e+01 2.720294101747088789e+01 8.544003745317530374e+00 2.353720459187963954e+01 2.785677655436823841e+01 1.208304597359457233e+01 1.118033988749894903e+01 2.209072203437452231e+01 1.360147050873544394e+01 2.817800560721074277e+01 1.236931687685298087e+01 1.941648783894759944e+01 0.000000000000000000e+00 1.300000000000000000e+01 1.843908891458577415e+01 1.166190378969060149e+01 1.612451549659709826e+01 2.088061301782110135e+01 2.000000000000000000e+01
1.612451549659709826e+01 6.708203932499369415e+00 1.431782106327635340e+01 2.408318915758459156e+01 1.236931687685298087e+01 7.615773105863908654e+00 2.900000000000000000e+01 1.529705854077835525e+01 1.931320791582796659e+01 3.041381265149109936e+01 2.507987240796890660e+01 1.523154621172781731e+01 2.879236009777593708e+01 1.303840481040529831e+01 2.002498439450078749e+01 2.408318915758459156e+01 2.884441020371191300e+01 1.300000000000000000e+01 0.000000000000000000e+00 9.000000000000000000e+00 1.868154169226940553e+01 1.486606874731850603e+01 1.615549442140351033e+01 3.189043743820394994e+01
7.280109889280518054e+00 1.341640786499873883e+01 5.830951894845300743e+00 2.500000000000000000e+01 4.242640687119284770e+00 3.605551275463989125e+00 2.332380757938120297e+01 1.615549442140351033e+01 1.140175425099137918e+01 2.505992817228333536e+01 2.983286778035259701e+01 1.431782106327635340e+01 3.736308338453881106e+01 2.202271554554523902e+01 1.104536101718726115e+01 2.640075756488817049e+01 3.667424164178449786e+01 1.843908891458577415e+01 9.000000000000000000e+00 0.000000000000000000e+00 1.843908891458577415e+01 1.019803902718556898e+01 8.485281374238569541e+00 3.841874542459709119e+01
2.282542442102665348e+01 1.442220510185595650e+01 1.749285568453590045e+01 6.708203932499369415e+00 1.655294535724684835e+01 1.513274595042155646e+01 1.612451549659709826e+01 3.605551275463989125e+00 1.702938636592640265e+01 1.649242250247064234e+01 1.581138830084189628e+01 4.123105625617660586e+00 3.298484500494128469e+01 2.475883680627989492e+01 2.420743687382040932e+01 9.219544457292887074e+00 2.906888370749726747e+01 1.166190378969060149e+01 1.868154169226940553e+01 1.843908891458577415e+01 0.000000000000000000e+00 1.000000000000000000e+01 1.562049935181330795e+01 2.668332812825266842e+01
1.300000000000000000e+01 1.456021977856103611e+01 7.615773105863908654e+00 1.664331697709323876e+01 7.071067811865475505e+00 8.062257748298549132e+00 1.414213562373095101e+01 9.433981132056603158e+00 7.615773105863908654e+00 1.562049935181330795e+01 2.469817807045693669e+01 6.403124237432848531e+00 3.800000000000000000e+01 2.563201123595259290e+01 1.421267040355189515e+01 1.910497317454279909e+01 3.551056180912940619e+01 1.612451549659709826e+01 1.486606874731850603e+01 1.019803902718556898e+01 1.000000000000000000e+01 0.000000000000000000e+00 5.656854249492380582e+00 3.492849839314595783e+01
8.062257748298549132e+00 1.800000000000000000e+01 3.162277660168379523e+00 2.220360331117451835e+01 4.242640687119284770e+00 8.544003745317530374e+00 1.523154621172781731e+01 1.500000000000000000e+01 3.162277660168379523e+00 1.708800749063506075e+01 3.023243291566194912e+01 1.204159457879229578e+01 4.219004621945797595e+01 2.844292530665578411e+01 8.602325267042626677e+00 2.475883680627989492e+01 4.026164427839479032e+01 2.088061301782110135e+01 1.615549442140351033e+01 8.485281374238569541e+00 1.562049935181330795e+01 5.656854249492380582e+00 0.000000000000000000e+00 4.024922359499621649e+01
4.522167621838005402e+01 2.545584412271571040e+01 4.081666326391709987e+01 2.300000000000000000e+01 3.911521443121588959e+01 3.500000000000000000e+01 4.219004621945797595e+01 2.563201123595259290e+01 4.254409477236529824e+01 4.204759208325727826e+01 1.104536101718726115e+01 2.879236009777593708e+01 1.523154621172781731e+01 2.435159132377184221e+01 4.802082881417187821e+01 1.900000000000000000e+01 8.544003745317530374e+00 2.000000000000000000e+01 3.189043743820394994e+01 3.841874542459709119e+01 2.668332812825266842e+01 3.492849839314595783e+01 4.024922359499621649e+01 0.000000000000000000e+00
