0.000000000000000000e+00 2.844292530665578411e+01 4.049691346263317371e+01 8.062257748298549132e+00 3.551056180912940619e+01 1.964688270438849926e+01 2.549509756796392423e+01 1.649242250247064234e+01 3.478505426185217431e+01 3.891015291668743714e+01 1.811077027627483460e+01 2.780287754891568852e+01 3.405877273185280529e+01 1.711724276862369010e+01 2.147091055358388800e+01 3.138470965295043058e+01 3.436568055487916240e+01 3.214031735997639316e+01 3.420526275297414287e+01 1.902629759044044633e+01 1.204159457879229578e+01 3.041381265149109936e+01 2.284731931759172596e+01 3.238826948140329165e+01 5.099019513592784492e+00 1.414213562373095101e+01
2.844292530665578411e+01 0.000000000000000000e+00 2.765863337187866122e+01 2.284731931759172596e+01 7.071067811865475505e+00 9.000000000000000000e+00 1.676305461424021104e+01 1.500000000000000000e+01 1.676305461424021104e+01 2.308679276123039159e+01 3.471310991541956525e+01 2.915475947422650194e+01 6.708203932499369415e+00 3.720215047547655018e+01 3.000000000000000000e+01 1.702938636592640265e+01 1.166190378969060149e+01 4.472135954999579610e+00 1.486606874731850603e+01 9.848857801796103928e+00 2.302172886644267535e+01 2.789265136196270589e+01 1.565247584249852864e+01 1.077032961426900748e+01 2.334523505985750447e+01 1.565247584249852864e+01
4.049691346263317371e+01 2.765863337187866122e+01 0.000000000000000000e+00 3.244996147917590434e+01 2.801785145224380003e+01 3.088689042296100240e+01 1.555634918610404505e+01 2.545584412271571040e+01 1.104536101718726115e+01 5.099019513592784492e+00 3.224903099319419653e+01 1.700000000000000000e+01 2.400000000000000000e+01 3.634556369077249371e+01 2.418677324489564739e+01 1.118033988749894903e+01 1.700000000000000000e+01 2.507987240796890660e+01 1.303840481040529831e+01 2.745906043549196340e+01 2.865309756378880479e+01 1.300000000000000000e+01 1.838477631085023489e+01 1.711724276862369010e+01 3.701351104664349378e+01 2.828427124746190202e+01
8.062257748298549132e+00 2.284731931759172596e+01 3.244996147917590434e+01 0.000000000000000000e+00 2.973213749463701205e+01 1.500000000000000000e+01 1.746424919657297892e+01 9.000000000000000000e+00 2.692582403567251959e+01 3.087069808086626210e+01 1.486606874731850603e+01 2.059126028197400160e+01 2.765863337187866122e+01 1.581138830084189628e+01 1.529705854077835525e+01 2.340939982143925135e+01 2.701851217221259205e+01 2.596150997149434048e+01 2.647640458974745314e+01 1.300000000000000000e+01 4.472135954999579610e+00 2.280350850198275836e+01 1.486606874731850603e+01 2.501999200639360765e+01 5.385164807134503739e+00 7.280109889280518054e+00
3.551056180912940619e+01 7.071067811865475505e+00 2.801785145224380003e+01 2.973213749463701205e+01 0.000000000000000000e+00 1.603121954188139853e+01 2.080865204668481283e+01 2.147091055358388800e+01 1.711724276862369010e+01 2.300000000000000000e+01 4.080441152620633005e+01 3.328663395418647752e+01 4.123105625617660586e+00 4.356604182158393002e+01 3.535533905932737753e+01 1.897366596101027625e+01 1.104536101718726115e+01 4.242640687119284770e+00 1.513274595042155646e+01 1.676305461424021104e+01 2.952964612046680060e+01 3.130495168499705727e+01 2.051828452868319275e+01 1.140175425099137918e+01 3.041381265149109936e+01 2.247220505424423109e+01
1.964688270438849926e+01 9.000000000000000000e+00 3.088689042296100240e+01 1.500000000000000000e+01 1.603121954188139853e+01 0.000000000000000000e+00 1.649242250247064234e+01 9.486832980505138124e+00 2.126029162546929996e+01 2.720294101747088789e+01 2.860069929215018192e+01 2.707397274136176790e+01 1.529705854077835525e+01 3.041381265149109936e+01 2.563201123595259290e+01 1.972308292331602075e+01 1.802775637731994607e+01 1.315294643796590535e+01 1.979898987322333070e+01 4.000000000000000000e+00 1.640121946685672683e+01 2.707397274136176790e+01 1.414213562373095101e+01 1.640121946685672683e+01 1.456021977856103611e+01 8.602325267042626677e+00
2.549509756796392423e+01 1.676305461424021104e+01 1.555634918610404505e+01 1.746424919657297892e+01 2.080865204668481283e+01 1.649242250247064234e+01 0.000000000000000000e+00 9.899494936611665352e+00 1.000000000000000000e+01 1.341640786499873883e+01 2.213594362117865444e+01 1.252996408614166768e+01 1.702938636592640265e+01 2.570992026436488231e+01 1.526433752247374720e+01 6.082762530298219339e+00 1.252996408614166768e+01 1.664331697709323876e+01 1.019803902718556898e+01 1.264911064067351809e+01 1.431782106327635340e+01 1.118033988749894903e+01 2.828427124746190291e+00 1.081665382639196871e+01 2.163330765278393741e+01 1.272792206135785520e+01
1.649242250247064234e+01 1.500000000000000000e+01 2.545584412271571040e+01 9.000000000000000000e+00 2.147091055358388800e+01 9.486832980505138124e+00 9.899494936611665352e+00 0.000000000000000000e+00 1.838477631085023489e+01 2.302172886644267535e+01 1.979898987322333070e+01 1.802775637731994607e+01 1.897366596101027625e+01 2.220360331117451835e+01 1.615549442140351033e+01 1.526433752247374720e+01 1.802775637731994607e+01 1.746424919657297892e+01 1.772004514666934938e+01 5.830951894845300743e+00 8.062257748298549132e+00 1.868154169226940553e+01 7.071067811865475505e+00 1.603121954188139853e+01 1.208304597359457233e+01 2.828427124746190291e+00
3.478505426185217431e+01 1.676305461424021104e+01 1.104536101718726115e+01 2.692582403567251959e+01 1.711724276862369010e+01 2.126029162546929996e+01 1.000000000000000000e+01 1.838477631085023489e+01 0.000000000000000000e+00 6.324555320336759046e+00 3.178049716414140846e+01 1.941648783894759944e+01 1.303840481040529831e+01 3.551056180912940619e+01 2.435159132377184221e+01 4.123105625617660586e+00 6.082762530298219339e+00 1.403566884761819900e+01 2.000000000000000000e+00 1.843908891458577415e+01 2.418677324489564739e+01 1.627882059609970611e+01 1.216552506059643868e+01 6.082762530298219339e+00 3.046309242345563462e+01 2.102379604162863913e+01
3.891015291668743714e+01 2.308679276123039159e+01 5.099019513592784492e+00 3.087069808086626210e+01 2.300000000000000000e+01 2.720294101747088789e+01 1.341640786499873883e+01 2.302172886644267535e+01 6.324555320336759046e+00 0.000000000000000000e+00 3.301514803843835466e+01 1.868154169226940553e+01 1.902629759044044633e+01 3.700000000000000000e+01 2.507987240796890660e+01 7.810249675906653977e+00 1.204159457879229578e+01 2.022374841615668473e+01 8.246211251235321171e+00 2.408318915758459156e+01 2.751363298439520833e+01 1.486606874731850603e+01 1.612451549659709826e+01 1.236931687685298087e+01 3.498571136907180090e+01 2.580697580112788003e+01
1.811077027627483460e+01 3.471310991541956525e+01 3.224903099319419653e+01 1.486606874731850603e+01 4.080441152620633005e+01 2.860069929215018192e+01 2.213594362117865444e+01 1.979898987322333070e+01 3.178049716414140846e+01 3.301514803843835466e+01 0.000000000000000000e+00 1.552417469626002422e+01 3.773592452822641263e+01 4.123105625617660586e+00 8.062257748298549132e+00 2.765863337187866122e+01 3.453983207834108526e+01 3.661966684720110976e+01 3.228002478313794654e+01 2.549509756796392423e+01 1.220655561573370207e+01 1.941648783894759944e+01 2.102379604162863913e+01 3.269556544854363267e+01 1.923538406167134340e+01 2.000000000000000000e+01
2.780287754891568852e+01 2.915475947422650194e+01 1.700000000000000000e+01 2.059126028197400160e+01 3.328663395418647752e+01 2.707397274136176790e+01 1.252996408614166768e+01 1.802775637731994607e+01 1.941648783894759944e+01 1.868154169226940553e+01 1.552417469626002422e+01 0.000000000000000000e+00 2.941088233970548416e+01 1.964688270438849926e+01 7.615773105863908654e+00 1.562049935181330795e+01 2.404163056034261459e+01 2.915475947422650194e+01 2.061552812808830382e+01 2.308679276123039159e+01 1.612451549659709826e+01 4.000000000000000000e+00 1.360147050873544394e+01 2.267156809750926882e+01 2.594224354214569317e+01 2.022374841615668473e+01
3.405877273185280529e+01 6.708203932499369415e+00 2.400000000000000000e+01 2.765863337187866122e+01 4.123105625617660586e+00 1.529705854077835525e+01 1.702938636592640265e+01 1.897366596101027625e+01 1.303840481040529831e+01 1.902629759044044633e+01 3.773592452822641263e+01 2.941088233970548416e+01 0.000000000000000000e+00 4.070626487409523975e+01 3.189043743820394994e+01 1.486606874731850603e+01 7.000000000000000000e+00 2.236067977499789805e+00 1.104536101718726115e+01 1.503329637837290811e+01 2.692582403567251959e+01 2.729468812791236232e+01 1.702938636592640265e+01 7.280109889280518054e+00 2.901723625709381693e+01 2.039607805437113797e+01
1.711724276862369010e+01 3.720215047547655018e+01 3.634556369077249371e+01 1.581138830084189628e+01 4.356604182158393002e+01 3.041381265149109936e+01 2.570992026436488231e+01 2.220360331117451835e+01 3.551056180912940619e+01 3.700000000000000000e+01 4.123105625617660586e+00 1.964688270438849926e+01 4.070626487409523975e+01 0.000000000000000000e+00 1.216552506059643868e+01 3.140063693621516450e+01 3.794733192202055250e+01 3.944616584663204151e+01 3.590264614203248072e+01 2.765863337187866122e+01 1.421267040355189515e+01 2.353720459187963954e+01 2.435159132377184221e+01 3.605551275463989214e+01 1.931320791582796659e+01 2.193171219946130890e+01
2.147091055358388800e+01 3.000000000000000000e+01 2.418677324489564739e+01 1.529705854077835525e+01 3.535533905932737753e+01 2.563201123595259290e+01 1.526433752247374720e+01 1.615549442140351033e+01 2.435159132377184221e+01 2.507987240796890660e+01 8.062257748298549132e+00 7.615773105863908654e+00 3.189043743820394994e+01 1.216552506059643868e+01 0.000000000000000000e+00 2.024845673131658685e+01 2.778488797889960793e+01 3.111269837220809009e+01 2.507987240796890660e+01 2.193171219946130890e+01 1.104536101718726115e+01 1.140175425099137918e+01 1.486606874731850603e+01 2.607680962081059661e+01 2.061552812808830382e+01 1.746424919657297892e+01
3.138470965295043058e+01 1.702938636592640265e+01 1.118033988749894903e+01 2.340939982143925135e+01 1.897366596101027625e+01 1.972308292331602075e+01 6.082762530298219339e+00 1.526433752247374720e+01 4.123105625617660586e+00 7.810249675906653977e+00 2.765863337187866122e+01 1.562049935181330795e+01 1.486606874731850603e+01 3.140063693621516450e+01 2.024845673131658685e+01 0.000000000000000000e+00 8.602325267042626677e+00 1.529705854077835525e+01 5.000000000000000000e+00 1.640121946685672683e+01 2.039607805437113797e+01 1.280624847486569706e+01 8.544003745317530374e+00 7.615773105863908654e+00 2.729468812791236232e+01 1.802775637731994607e+01
3.436568055487916240e+01 1.166190378969060149e+01 1.700000000000000000e+01 2.701851217221259205e+01 1.104536101718726115e+01 1.802775637731994607e+01 1.252996408614166768e+01 1.802775637731994607e+01 6.082762530298219339e+00 1.204159457879229578e+01 3.453983207834108526e+01 2.404163056034261459e+01 7.000000000000000000e+00 3.794733192202055250e+01 2.778488797889960793e+01 8.602325267042626677e+00 0.000000000000000000e+00 8.246211251235321171e+00 4.123105625617660586e+00 1.615549442140351033e+01 2.517935662402834396e+01 2.140093455903269515e+01 1.360147050873544394e+01 2.000000000000000000e+00 2.961418578992169515e+01 2.022374841615668473e+01
3.214031735997639316e+01 4.472135954999579610e+00 2.507987240796890660e+01 2.596150997149434048e+01 4.242640687119284770e+00 1.315294643796590535e+01 1.664331697709323876e+01 1.746424919657297892e+01 1.403566884761819900e+01 2.022374841615668473e+01 3.661966684720110976e+01 2.915475947422650194e+01 2.236067977499789805e+00 3.944616584663204151e+01 3.111269837220809009e+01 1.529705854077835525e+01 8.246211251235321171e+00 0.000000000000000000e+00 1.204159457879229578e+01 1.315294643796590535e+01 2.549509756796392423e+01 2.731300056749532601e+01 1.627882059609970611e+01 8.000000000000000000e+00 2.707397274136176790e+01 1.868154169226940553e+01
3.420526275297414287e+01 1.486606874731850603e+01 1.303840481040529831e+01 2.647640458974745314e+01 1.513274595042155646e+01 1.979898987322333070e+01 1.019803902718556898e+01 1.772004514666934938e+01 2.000000000000000000e+00 8.246211251235321171e+00 3.228002478313794654e+01 2.061552812808830382e+01 1.104536101718726115e+01 3.590264614203248072e+01 2.507987240796890660e+01 5.000000000000000000e+00 4.123105625617660586e+00 1.204159457879229578e+01 0.000000000000000000e+00 1.720465053408525335e+01 2.402082429892862692e+01 1.769180601295413169e+01 1.200000000000000000e+01 4.123105625617660586e+00 2.973213749463701205e+01 2.024845673131658685e+01
1.902629759044044633e+01 9.848857801796103928e+00 2.745906043549196340e+01 1.300000000000000000e+01 1.676305461424021104e+01 4.000000000000000000e+00 1.264911064067351809e+01 5.830951894845300743e+00 1.843908891458577415e+01 2.408318915758459156e+01 2.549509756796392423e+01 2.308679276123039159e+01 1.503329637837290811e+01 2.765863337187866122e+01 2.193171219946130890e+01 1.640121946685672683e+01 1.615549442140351033e+01 1.315294643796590535e+01 1.720465053408525335e+01 0.000000000000000000e+00 1.345362404707370985e+01 2.308679276123039159e+01 1.019803902718556898e+01 1.431782106327635340e+01 1.400000000000000000e+01 5.830951894845300743e+00
1.204159457879229578e+01 2.302172886644267535e+01 2.865309756378880479e+01 4.472135954999579610e+00 2.952964612046680060e+01 1.640121946685672683e+01 1.431782106327635340e+01 8.062257748298549132e+00 2.418677324489564739e+01 2.751363298439520833e+01 1.220655561573370207e+01 1.612451549659709826e+01 2.692582403567251959e+01 1.421267040355189515e+01 1.104536101718726115e+01 2.039607805437113797e+01 2.517935662402834396e+01 2.549509756796392423e+01 2.402082429892862692e+01 1.345362404707370985e+01 0.000000000000000000e+00 1.843908891458577415e+01 1.204159457879229578e+01 2.319482700948640286e+01 9.848857801796103928e+00 7.810249675906653977e+00
3.041381265149109936e+01 2.789265136196270589e+01 1.300000000000000000e+01 2.280350850198275836e+01 3.130495168499705727e+01 2.707397274136176790e+01 1.118033988749894903e+01 1.868154169226940553e+01 1.627882059609970611e+01 1.486606874731850603e+01 1.941648783894759944e+01 4.000000000000000000e+00 2.729468812791236232e+01 2.353720459187963954e+01 1.140175425099137918e+01 1.280624847486569706e+01 2.140093455903269515e+01 2.731300056749532601e+01 1.769180601295413169e+01 2.308679276123039159e+01 1.843908891458577415e+01 0.000000000000000000e+00 1.300000000000000000e+01 2.024845673131658685e+01 2.801785145224380003e+01 2.118962010041709121e+01
2.284731931759172596e+01 1.565247584249852864e+01 1.838477631085023489e+01 1.486606874731850603e+01 2.051828452868319275e+01 1.414213562373095101e+01 2.828427124746190291e+00 7.071067811865475505e+00 1.216552506059643868e+01 1.612451549659709826e+01 2.102379604162863913e+01 1.360147050873544394e+01 1.702938636592640265e+01 2.435159132377184221e+01 1.486606874731850603e+01 8.544003745317530374e+00 1.360147050873544394e+01 1.627882059609970611e+01 1.200000000000000000e+01 1.019803902718556898e+01 1.204159457879229578e+01 1.300000000000000000e+01 0.000000000000000000e+00 1.170469991071962568e+01 1.886796226411320632e+01 9.899494936611665352e+00
3.238826948140329165e+01 1.077032961426900748e+01 1.711724276862369010e+01 2.501999200639360765e+01 1.140175425099137918e+01 1.640121946685672683e+01 1.081665382639196871e+01 1.603121954188139853e+01 6.082762530298219339e+00 1.236931687685298087e+01 3.269556544854363267e+01 2.267156809750926882e+01 7.280109889280518054e+00 3.605551275463989214e+01 2.607680962081059661e+01 7.615773105863908654e+00 2.000000000000000000e+00 8.000000000000000000e+00 4.123105625617660586e+00 1.431782106327635340e+01 2.319482700948640286e+01 2.024845673131658685e+01 1.170469991071962568e+01 0.000000000000000000e+00 2.765863337187866122e+01 1.824828759089465890e+01
5.099019513592784492e+00 2.334523505985750447e+01 3.701351104664349378e+01 5.385164807134503739e+00 3.041381265149109936e+01 1.456021977856103611e+01 2.163330765278393741e+01 1.208304597359457233e+01 3.046309242345563462e+01 3.498571136907180090e+01 1.923538406167134340e+01 2.594224354214569317e+01 2.901723625709381693e+01 1.931320791582796659e+01 2.061552812808830382e+01 2.729468812791236232e+01 2.961418578992169515e+01 2.707397274136176790e+01 2.973213749463701205e+01 1.400000000000000000e+01 9.848857801796103928e+00 2.801785145224380003e+01 1.886796226411320632e+01 2.765863337187866122e+01 0.000000000000000000e+00 9.486832980505138124e+00
1.414213562373095101e+01 1.565247584249852864e+01 2.828427124746190202e+01 7.280109889280518054e+00 2.247220505424423109e+01 8.602325267042626677e+00 1.272792206135785520e+01 2.828427124746190291e+00 2.102379604162863913e+01 2.580697580112788003e+01 2.000000000000000000e+01 2.022374841615668473e+01 2.039607805437113797e+01 2.193171219946130890e+01 1.746424919657297892e+01 1.802775637731994607e+01 2.022374841615668473e+01 1.868154169226940553e+01 2.024845673131658685e+01 5.830951894845300743e+00 7.810249675906653977e+00 2.118962010041709121e+01 9.899494936611665352e+00 1.824828759089465890e+01 9.486832980505138124e+00 0.000000000000000000e+00
