0.000000000000000000e+00 3.395585369269929288e+01 1.200000000000000000e+01 3.324154027718932269e+01 2.334523505985750447e+01 1.529705854077835525e+01 3.310589071449369669e+01 1.615549442140351033e+01 1.655294535724684835e+01 1.802775637731994607e+01 3.006659275674581622e+01 1.923538406167134340e+01 3.905124837953326988e+01 5.656854249492380582e+00 2.816025568065744622e+01 3.231098884280702066e+01 7.071067811865475505e+00 1.843908891458577415e+01 1.063014581273464998e+01 7.211102550927978250e+00
3.395585369269929288e+01 0.000000000000000000e+00 3.858756276314947797e+01 1.414213562373095145e+00 3.023243291566194912e+01 3.080584360149872580e+01 6.708203932499369415e+00 3.546829570193639825e+01 2.692582403567251959e+01 1.655294535724684835e+01 4.904079934095691584e+01 4.036087214122112954e+01 3.313608305156178346e+01 2.927456233660889495e+01 5.091168824543142080e+01 2.022374841615668473e+01 3.201562118716424266e+01 1.552417469626002422e+01 2.501999200639360765e+01 3.220248437620923454e+01
1.200000000000000000e+01 3.858756276314947797e+01 0.000000000000000000e+00 3.827531841800927737e+01 1.676305461424021104e+01 2.716615541441224835e+01 3.969886648255841521e+01 6.708203932499369415e+00 2.789265136196270589e+01 2.220360331117451835e+01 1.811077027627483460e+01 7.615773105863908654e+00 3.269556544854363267e+01 1.649242250247064234e+01 1.627882059609970611e+01 3.000000000000000000e+01 1.902629759044044633e+01 2.408318915758459156e+01 2.061552812808830382e+01 7.211102550927978250e+00
3.324154027718932269e+01 1.414213562373095145e+00 3.827531841800927737e+01 0.000000000000000000e+00 3.052867504494749440e+01 2.961418578992169515e+01 5.385164807134503739e+00 3.538361202590826338e+01 2.570992026436488231e+01 1.612451549659709826e+01 4.920365840057017692e+01 4.031128874149274566e+01 3.405877273185280529e+01 2.844292530665578411e+01 5.093132631298737323e+01 2.109502310972898798e+01 3.106444913401813324e+01 1.486606874731850603e+01 2.408318915758459156e+01 3.176476034853718033e+01
2.334523505985750447e+01 3.023243291566194912e+01 1.676305461424021104e+01 3.052867504494749440e+01 0.000000000000000000e+00 3.453983207834108526e+01 3.401470270338990076e+01 1.019803902718556898e+01 3.324154027718932269e+01 1.811077027627483460e+01 1.910497317454279909e+01 1.315294643796590535e+01 1.612451549659709826e+01 2.418677324489564739e+01 2.195449840010014952e+01 1.486606874731850603e+01 2.830194339616981125e+01 2.109502310972898798e+01 2.529822128134703618e+01 1.627882059609970611e+01
1.529705854077835525e+01 3.080584360149872580e+01 2.716615541441224835e+01 2.961418578992169515e+01 3.453983207834108526e+01 0.000000000000000000e+00 2.701851217221259205e+01 3.014962686336266984e+01 4.000000000000000000e+00 2.051828452868319275e+01 4.501110973970759943e+01 3.400000000000000000e+01 4.825971404805461873e+01 1.104536101718726115e+01 4.341658669218482203e+01 3.818376618407356915e+01 8.246211251235321171e+00 1.860107523773827509e+01 9.433981132056603158e+00 2.102379604162863913e+01
3.310589071449369669e+01 6.708203932499369415e+00 3.969886648255841521e+01 5.385164807134503739e+00 3.401470270338990076e+01 2.701851217221259205e+01 0.000000000000000000e+00 3.764306044943742080e+01 2.302172886644267535e+01 1.769180601295413169e+01 5.215361924162119323e+01 4.263801121065568367e+01 3.900000000000000000e+01 2.785677655436823841e+01 5.341348144429456823e+01 2.600000000000000000e+01 2.983286778035259701e+01 1.562049935181330795e+01 2.308679276123039159e+01 3.280243893371345365e+01
1.615549442140351033e+01 3.546829570193639825e+01 6.708203932499369415e+00 3.538361202590826338e+01 1.019803902718556898e+01 3.014962686336266984e+01 3.764306044943742080e+01 0.000000000000000000e+00 3.001666203960726875e+01 2.000000000000000000e+01 1.552417469626002422e+01 5.000000000000000000e+00 2.600000000000000000e+01 1.910497317454279909e+01 1.581138830084189628e+01 2.418677324489564739e+01 2.256102834535695578e+01 2.247220505424423109e+01 2.209072203437452231e+01 9.219544457292887074e+00
1.655294535724684835e+01 2.692582403567251959e+01 2.789265136196270589e+01 2.570992026436488231e+01 3.324154027718932269e+01 4.000000000000000000e+00 2.302172886644267535e+01 3.001666203960726875e+01 0.000000000000000000e+00 1.780449381476485726e+01 4.527692569068708650e+01 3.423448553724738019e+01 4.614108798023730884e+01 1.140175425099137918e+01 4.414748010928823163e+01 3.546829570193639825e+01 1.000000000000000000e+01 1.555634918610404505e+01 8.062257748298549132e+00 2.121320343559642652e+01
1.802775637731994607e+01 1.655294535724684835e+01 2.220360331117451835e+01 1.612451549659709826e+01 1.811077027627483460e+01 2.051828452868319275e+01 1.769180601295413169e+01 2.000000000000000000e+01 1.780449381476485726e+01 0.000000000000000000e+00 3.488552708502481892e+01 2.500000000000000000e+01 2.863564212655270680e+01 1.431782106327635340e+01 3.580502757993631491e+01 1.769180601295413169e+01 1.802775637731994607e+01 3.000000000000000000e+00 1.166190378969060149e+01 1.565247584249852864e+01
3.006659275674581622e+01 4.904079934095691584e+01 1.811077027627483460e+01 4.920365840057017692e+01 1.910497317454279909e+01 4.501110973970759943e+01 5.215361924162119323e+01 1.552417469626002422e+01 4.527692569068708650e+01 3.488552708502481892e+01 0.000000000000000000e+00 1.104536101718726115e+01 2.844292530665578411e+01 3.405877273185280529e+01 5.385164807134503739e+00 3.328663395418647752e+01 3.701351104664349378e+01 3.757658845611187104e+01 3.748332962798262713e+01 2.408318915758459156e+01
1.923538406167134340e+01 4.036087214122112954e+01 7.615773105863908654e+00 4.031128874149274566e+01 1.315294643796590535e+01 3.400000000000000000e+01 4.263801121065568367e+01 5.000000000000000000e+00 3.423448553724738019e+01 2.500000000000000000e+01 1.104536101718726115e+01 0.000000000000000000e+00 2.765863337187866122e+01 2.302172886644267535e+01 1.081665382639196871e+01 2.789265136196270589e+01 2.607680962081059661e+01 2.745906043549196340e+01 2.647640458974745314e+01 1.303840481040529831e+01
3.905124837953326988e+01 3.313608305156178346e+01 3.269556544854363267e+01 3.405877273185280529e+01 1.612451549659709826e+01 4.825971404805461873e+01 3.900000000000000000e+01 2.600000000000000000e+01 4.614108798023730884e+01 2.863564212655270680e+01 2.844292530665578411e+01 2.765863337187866122e+01 0.000000000000000000e+00 3.894868418830089496e+01 3.313608305156178346e+01 1.300000000000000000e+01 4.318564576337836769e+01 3.138470965295043058e+01 3.883297567789519888e+01 3.220248437620923454e+01
5.656854249492380582e+00 2.927456233660889495e+01 1.649242250247064234e+01 2.844292530665578411e+01 2.418677324489564739e+01 1.104536101718726115e+01 2.785677655436823841e+01 1.910497317454279909e+01 1.140175425099137918e+01 1.431782106327635340e+01 3.405877273185280529e+01 2.302172886644267535e+01 3.894868418830089496e+01 0.000000000000000000e+00 3.275667870831839679e+01 3.052867504494749440e+01 4.242640687119284770e+00 1.400000000000000000e+01 5.000000000000000000e+00 1.000000000000000000e+01
2.816025568065744622e+01 5.091168824543142080e+01 1.627882059609970611e+01 5.093132631298737323e+01 2.195449840010014952e+01 4.341658669218482203e+01 5.341348144429456823e+01 1.581138830084189628e+01 4.414748010928823163e+01 3.580502757993631491e+01 5.385164807134503739e+00 1.081665382639196871e+01 3.313608305156178346e+01 3.275667870831839679e+01 0.000000000000000000e+00 3.667424164178449786e+01 3.522782990761707111e+01 3.827531841800927737e+01 3.668787265568828104e+01 2.308679276123039159e+01
3.231098884280702066e+01 2.022374841615668473e+01 3.000000000000000000e+01 2.109502310972898798e+01 1.486606874731850603e+01 3.818376618407356915e+01 2.600000000000000000e+01 2.418677324489564739e+01 3.546829570193639825e+01 1.769180601295413169e+01 3.328663395418647752e+01 2.789265136196270589e+01 1.300000000000000000e+01 3.052867504494749440e+01 3.667424164178449786e+01 0.000000000000000000e+00 3.466987164671942878e+01 2.000000000000000000e+01 2.906888370749726747e+01 2.668332812825266842e+01
7.071067811865475505e+00 3.201562118716424266e+01 1.902629759044044633e+01 3.106444913401813324e+01 2.830194339616981125e+01 8.246211251235321171e+00 2.983286778035259701e+01 2.256102834535695578e+01 1.000000000000000000e+01 1.802775637731994607e+01 3.701351104664349378e+01 2.607680962081059661e+01 4.318564576337836769e+01 4.242640687119284770e+00 3.522782990761707111e+01 3.466987164671942878e+01 0.000000000000000000e+00 1.726267650163206824e+01 7.000000000000000000e+00 1.334166406412633421e+01
1.843908891458577415e+01 1.552417469626002422e+01 2.408318915758459156e+01 1.486606874731850603e+01 2.109502310972898798e+01 1.860107523773827509e+01 1.562049935181330795e+01 2.247220505424423109e+01 1.555634918610404505e+01 3.000000000000000000e+00 3.757658845611187104e+01 2.745906043549196340e+01 3.138470965295043058e+01 1.400000000000000000e+01 3.827531841800927737e+01 2.000000000000000000e+01 1.726267650163206824e+01 0.000000000000000000e+00 1.044030650891055068e+01 1.720465053408525335e+01
1.063014581273464998e+01 2.501999200639360765e+01 2.061552812808830382e+01 2.408318915758459156e+01 2.529822128134703618e+01 9.433981132056603158e+00 2.308679276123039159e+01 2.209072203437452231e+01 8.062257748298549132e+00 1.166190378969060149e+01 3.748332962798262713e+01 2.647640458974745314e+01 3.883297567789519888e+01 5.000000000000000000e+00 3.668787265568828104e+01 2.906888370749726747e+01 7.000000000000000000e+00 1.044030650891055068e+01 0.000000000000000000e+00 1.360147050873544394e+01
7.211102550927978250e+00 3.220248437620923454e+01 7.211102550927978250e+00 3.176476034853718033e+01 1.627882059609970611e+01 2.102379604162863913e+01 3.280243893371345365e+01 9.219544457292887074e+00 2.121320343559642652e+01 1.565247584249852864e+01 2.408318915758459156e+01 1.303840481040529831e+01 3.220248437620923454e+01 1.000000000000000000e+01 2.308679276123039159e+01 2.668332812825266842e+01 1.334166406412633421e+01 1.720465053408525335e+01 1.360147050873544394e+01 0.000000000000000000e+00
