0.000000000000000000e+00 2.789265136196270589e+01 1.788854381999831844e+01 3.162277660168379523e+00 4.472135954999579610e+00 1.004987562112088995e+01 1.581138830084189628e+01 1.523154621172781731e+01 2.473863375370596174e+01 1.403566884761819900e+01 2.402082429892862692e+01 2.692582403567251959e+01 1.992485884517127559e+01 9.486832980505138124e+00 1.315294643796590535e+01 5.099019513592784492e+00 1.345362404707370985e+01 1.360147050873544394e+01 1.931320791582796659e+01 9.219544457292887074e+00 4.242640687119284770e+00 1.612451549659709826e+01 1.708800749063506075e+01 2.236067977499789805e+00 1.204159457879229578e+01 1.910497317454279909e+01 2.657066051117284644e+01
2.789265136196270589e+01 0.000000000000000000e+00 1.104536101718726115e+01 2.529822128134703618e+01 2.731300056749532601e+01 3.785498646149540036e+01 4.204759208325727826e+01 3.373425558686599857e+01 3.162277660168379523e+00 2.886173937932362321e+01 6.708203932499369415e+00 3.605551275463989125e+00 8.062257748298549132e+00 2.059126028197400160e+01 2.961418578992169515e+01 3.255764119219941222e+01 2.334523505985750447e+01 3.801315561749642313e+01 1.664331697709323876e+01 1.868154169226940553e+01 2.433105012119287736e+01 3.569313659514949677e+01 1.104536101718726115e+01 2.961418578992169515e+01 1.910497317454279909e+01 3.138470965295043058e+01 1.612451549659709826e+01
1.788854381999831844e+01 1.104536101718726115e+01 0.000000000000000000e+00 1.581138830084189628e+01 1.843908891458577415e+01 2.751363298439520833e+01 3.114482300479487265e+01 2.280350850198275836e+01 8.246211251235321171e+00 1.802775637731994607e+01 1.063014581273464998e+01 9.219544457292887074e+00 3.605551275463989125e+00 1.303840481040529831e+01 1.868154169226940553e+01 2.213594362117865444e+01 1.802775637731994607e+01 2.700000000000000000e+01 1.513274595042155646e+01 9.219544457292887074e+00 1.392838827718411920e+01 2.473863375370596174e+01 2.000000000000000000e+00 1.931320791582796659e+01 8.062257748298549132e+00 2.109502310972898798e+01 1.923538406167134340e+01
3.162277660168379523e+00 2.529822128134703618e+01 1.581138830084189628e+01 0.000000000000000000e+00 3.162277660168379523e+00 1.300000000000000000e+01 1.897366596101027625e+01 1.749285568453590045e+01 2.213594362117865444e+01 1.552417469626002422e+01 2.109502310972898798e+01 2.459674775249768786e+01 1.746424919657297892e+01 6.324555320336759046e+00 1.486606874731850603e+01 8.246211251235321171e+00 1.063014581273464998e+01 1.664331697709323876e+01 1.615549442140351033e+01 6.708203932499369415e+00 4.000000000000000000e+00 1.860107523773827509e+01 1.476482306023340030e+01 5.385164807134503739e+00 1.118033988749894903e+01 2.061552812808830382e+01 2.340939982143925135e+01
4.472135954999579610e+00 2.731300056749532601e+01 1.843908891458577415e+01 3.162277660168379523e+00 0.000000000000000000e+00 1.236931687685298087e+01 1.923538406167134340e+01 1.969771560359220786e+01 2.416609194718914466e+01 1.824828759089465890e+01 2.256102834535695578e+01 2.692582403567251959e+01 1.972308292331602075e+01 7.071067811865475505e+00 1.746424919657297892e+01 8.602325267042626677e+00 9.433981132056603158e+00 1.769180601295413169e+01 1.627882059609970611e+01 9.219544457292887074e+00 7.071067811865475505e+00 2.059126028197400160e+01 1.720465053408525335e+01 6.403124237432848531e+00 1.431782106327635340e+01 2.334523505985750447e+01 2.353720459187963954e+01
1.004987562112088995e+01 3.785498646149540036e+01 2.751363298439520833e+01 1.300000000000000000e+01 1.236931687685298087e+01 0.000000000000000000e+00 7.810249675906653977e+00 1.552417469626002422e+01 3.471310991541956525e+01 1.749285568453590045e+01 3.405877273185280529e+01 3.668787265568828104e+01 2.983286778035259701e+01 1.910497317454279909e+01 1.612451549659709826e+01 5.385164807134503739e+00 2.154065922853801496e+01 9.055385138137417300e+00 2.863564212655270680e+01 1.923538406167134340e+01 1.360147050873544394e+01 1.513274595042155646e+01 2.692582403567251959e+01 8.246211251235321171e+00 2.059126028197400160e+01 2.154065922853801496e+01 3.590264614203248072e+01
1.581138830084189628e+01 4.204759208325727826e+01 3.114482300479487265e+01 1.897366596101027625e+01 1.923538406167134340e+01 7.810249675906653977e+00 0.000000000000000000e+00 1.272792206135785520e+01 3.901281840626231912e+01 1.664331697709323876e+01 3.920459156782531807e+01 4.031128874149274566e+01 3.401470270338990076e+01 2.529822128134703618e+01 1.526433752247374720e+01 1.077032961426900748e+01 2.865309756378880479e+01 5.000000000000000000e+00 3.511409973215887703e+01 2.418677324489564739e+01 1.811077027627483460e+01 1.140175425099137918e+01 3.101612483854164637e+01 1.360147050873544394e+01 2.334523505985750447e+01 1.910497317454279909e+01 4.237924020083418242e+01
1.523154621172781731e+01 3.373425558686599857e+01 2.280350850198275836e+01 1.749285568453590045e+01 1.969771560359220786e+01 1.552417469626002422e+01 1.272792206135785520e+01 0.000000000000000000e+00 3.104834939252004844e+01 5.000000000000000000e+00 3.269556544854363267e+01 3.125699921617556853e+01 2.624880949681337583e+01 2.267156809750926882e+01 4.123105625617660586e+00 1.303840481040529831e+01 2.801785145224380003e+01 7.810249675906653977e+00 3.189043743820394994e+01 1.920937271229854559e+01 1.421267040355189515e+01 2.000000000000000000e+00 2.340939982143925135e+01 1.360147050873544394e+01 1.486606874731850603e+01 6.403124237432848531e+00 3.860051813123756403e+01
2.473863375370596174e+01 3.162277660168379523e+00 8.246211251235321171e+00 2.213594362117865444e+01 2.416609194718914466e+01 3.471310991541956525e+01 3.901281840626231912e+01 3.104834939252004844e+01 0.000000000000000000e+00 2.624880949681337583e+01 5.000000000000000000e+00 4.123105625617660586e+00 5.000000000000000000e+00 1.749285568453590045e+01 2.692582403567251959e+01 2.942787793912432193e+01 2.051828452868319275e+01 3.505709628591620941e+01 1.431782106327635340e+01 1.552417469626002422e+01 2.121320343559642652e+01 3.298484500494128469e+01 8.000000000000000000e+00 2.647640458974745314e+01 1.627882059609970611e+01 2.906888370749726747e+01 1.503329637837290811e+01
1.403566884761819900e+01 2.886173937932362321e+01 1.802775637731994607e+01 1.552417469626002422e+01 1.824828759089465890e+01 1.749285568453590045e+01 1.664331697709323876e+01 5.000000000000000000e+00 2.624880949681337583e+01 0.000000000000000000e+00 2.817800560721074277e+01 2.630589287593181069e+01 2.154065922853801496e+01 1.972308292331602075e+01 1.414213562373095145e+00 1.360147050873544394e+01 2.549509756796392423e+01 1.166190378969060149e+01 2.831960451701259274e+01 1.562049935181330795e+01 1.170469991071962568e+01 7.000000000000000000e+00 1.878829422805593552e+01 1.303840481040529831e+01 1.029563014098700080e+01 5.099019513592784492e+00 3.471310991541956525e+01
2.402082429892862692e+01 6.708203932499369415e+00 1.063014581273464998e+01 2.109502310972898798e+01 2.256102834535695578e+01 3.405877273185280529e+01 3.920459156782531807e+01 3.269556544854363267e+01 5.000000000000000000e+00 2.817800560721074277e+01 0.000000000000000000e+00 9.055385138137417300e+00 7.071067811865475505e+00 1.552417469626002422e+01 2.863564212655270680e+01 2.900000000000000000e+01 1.720465053408525335e+01 3.569313659514949677e+01 1.000000000000000000e+01 1.503329637837290811e+01 2.109502310972898798e+01 3.453983207834108526e+01 9.433981132056603158e+00 2.600000000000000000e+01 1.788854381999831844e+01 3.162277660168379256e+01 1.004987562112088995e+01
2.692582403567251959e+01 3.605551275463989125e+00 9.219544457292887074e+00 2.459674775249768786e+01 2.692582403567251959e+01 3.668787265568828104e+01 4.031128874149274566e+01 3.125699921617556853e+01 4.123105625617660586e+00 2.630589287593181069e+01 9.055385138137417300e+00 0.000000000000000000e+00 7.211102550927978250e+00 2.061552812808830382e+01 2.716615541441224835e+01 3.132091952673165025e+01 2.420743687382040932e+01 3.605551275463989214e+01 1.838477631085023489e+01 1.788854381999831844e+01 2.308679276123039159e+01 3.324154027718932269e+01 9.848857801796103928e+00 2.846049894151541437e+01 1.702938636592640265e+01 2.846049894151541437e+01 1.900000000000000000e+01
1.992485884517127559e+01 8.062257748298549132e+00 3.605551275463989125e+00 1.746424919657297892e+01 1.972308292331602075e+01 2.983286778035259701e+01 3.401470270338990076e+01 2.624880949681337583e+01 5.000000000000000000e+00 2.154065922853801496e+01 7.071067811865475505e+00 7.211102550927978250e+00 0.000000000000000000e+00 1.345362404707370985e+01 2.213594362117865444e+01 2.451530134426252516e+01 1.749285568453590045e+01 3.006659275674581622e+01 1.303840481040529831e+01 1.077032961426900748e+01 1.627882059609970611e+01 2.816025568065744622e+01 3.000000000000000000e+00 2.158703314492290204e+01 1.140175425099137918e+01 2.469817807045693669e+01 1.615549442140351033e+01
9.486832980505138124e+00 2.059126028197400160e+01 1.303840481040529831e+01 6.324555320336759046e+00 7.071067811865475505e+00 1.910497317454279909e+01 2.529822128134703618e+01 2.267156809750926882e+01 1.749285568453590045e+01 1.972308292331602075e+01 1.552417469626002422e+01 2.061552812808830382e+01 1.345362404707370985e+01 0.000000000000000000e+00 1.941648783894759944e+01 1.456021977856103611e+01 6.082762530298219339e+00 2.282542442102665348e+01 9.848857801796103928e+00 5.000000000000000000e+00 8.485281374238569541e+00 2.404163056034261459e+01 1.140175425099137918e+01 1.170469991071962568e+01 1.204159457879229578e+01 2.459674775249768786e+01 1.708800749063506075e+01
1.315294643796590535e+01 2.961418578992169515e+01 1.868154169226940553e+01 1.486606874731850603e+01 1.746424919657297892e+01 1.612451549659709826e+01 1.526433752247374720e+01 4.123105625617660586e+00 2.692582403567251959e+01 1.414213562373095145e+00 2.863564212655270680e+01 2.716615541441224835e+01 2.213594362117865444e+01 1.941648783894759944e+01 0.000000000000000000e+00 1.236931687685298087e+01 2.505992817228333536e+01 1.029563014098700080e+01 2.828427124746190202e+01 1.555634918610404505e+01 1.118033988749894903e+01 6.082762530298219339e+00 1.931320791582796659e+01 1.200000000000000000e+01 1.077032961426900748e+01 6.000000000000000000e+00 3.482814953453599571e+01
5.099019513592784492e+00 3.255764119219941222e+01 2.213594362117865444e+01 8.246211251235321171e+00 8.602325267042626677e+00 5.385164807134503739e+00 1.077032961426900748e+01 1.303840481040529831e+01 2.942787793912432193e+01 1.360147050873544394e+01 2.900000000000000000e+01 3.132091952673165025e+01 2.451530134426252516e+01 1.456021977856103611e+01 1.236931687685298087e+01 0.000000000000000000e+00 1.802775637731994607e+01 9.219544457292887074e+00 2.435159132377184221e+01 1.403566884761819900e+01 8.246211251235321171e+00 1.334166406412633421e+01 2.158703314492290204e+01 3.000000000000000000e+00 1.526433752247374720e+01 1.824828759089465890e+01 3.162277660168379256e+01
1.345362404707370985e+01 2.334523505985750447e+01 1.802775637731994607e+01 1.063014581273464998e+01 9.433981132056603158e+00 2.154065922853801496e+01 2.865309756378880479e+01 2.801785145224380003e+01 2.051828452868319275e+01 2.549509756796392423e+01 1.720465053408525335e+01 2.420743687382040932e+01 1.749285568453590045e+01 6.082762530298219339e+00 2.505992817228333536e+01 1.802775637731994607e+01 0.000000000000000000e+00 2.701851217221259205e+01 8.246211251235321171e+00 1.104536101718726115e+01 1.389244398944980396e+01 2.920616373302046753e+01 1.615549442140351033e+01 1.562049935181330795e+01 1.811077027627483460e+01 3.046309242345563462e+01 1.500000000000000000e+01
1.360147050873544394e+01 3.801315561749642313e+01 2.700000000000000000e+01 1.664331697709323876e+01 1.769180601295413169e+01 9.055385138137417300e+00 5.000000000000000000e+00 7.810249675906653977e+00 3.505709628591620941e+01 1.166190378969060149e+01 3.569313659514949677e+01 3.605551275463989214e+01 3.006659275674581622e+01 2.282542442102665348e+01 1.029563014098700080e+01 9.219544457292887074e+00 2.701851217221259205e+01 0.000000000000000000e+00 3.264965543462901820e+01 2.088061301782110135e+01 1.486606874731850603e+01 6.708203932499369415e+00 2.707397274136176790e+01 1.140175425099137918e+01 1.902629759044044633e+01 1.421267040355189515e+01 3.981205847478876336e+01
1.931320791582796659e+01 1.664331697709323876e+01 1.513274595042155646e+01 1.615549442140351033e+01 1.627882059609970611e+01 2.863564212655270680e+01 3.511409973215887703e+01 3.189043743820394994e+01 1.431782106327635340e+01 2.831960451701259274e+01 1.000000000000000000e+01 1.838477631085023489e+01 1.303840481040529831e+01 9.848857801796103928e+00 2.828427124746190202e+01 2.435159132377184221e+01 8.246211251235321171e+00 3.264965543462901820e+01 0.000000000000000000e+00 1.272792206135785520e+01 1.802775637731994607e+01 3.342154993413680586e+01 1.315294643796590535e+01 2.154065922853801496e+01 1.886796226411320632e+01 3.280243893371345365e+01 7.280109889280518054e+00
9.219544457292887074e+00 1.868154169226940553e+01 9.219544457292887074e+00 6.708203932499369415e+00 9.219544457292887074e+00 1.923538406167134340e+01 2.418677324489564739e+01 1.920937271229854559e+01 1.552417469626002422e+01 1.562049935181330795e+01 1.503329637837290811e+01 1.788854381999831844e+01 1.077032961426900748e+01 5.000000000000000000e+00 1.555634918610404505e+01 1.403566884761819900e+01 1.104536101718726115e+01 2.088061301782110135e+01 1.272792206135785520e+01 0.000000000000000000e+00 6.082762530298219339e+00 2.080865204668481283e+01 8.062257748298549132e+00 1.104536101718726115e+01 7.071067811865475505e+00 2.024845673131658685e+01 1.941648783894759944e+01
4.242640687119284770e+00 2.433105012119287736e+01 1.392838827718411920e+01 4.000000000000000000e+00 7.071067811865475505e+00 1.360147050873544394e+01 1.811077027627483460e+01 1.421267040355189515e+01 2.121320343559642652e+01 1.170469991071962568e+01 2.109502310972898798e+01 2.308679276123039159e+01 1.627882059609970611e+01 8.485281374238569541e+00 1.118033988749894903e+01 8.246211251235321171e+00 1.389244398944980396e+01 1.486606874731850603e+01 1.802775637731994607e+01 6.082762530298219339e+00 0.000000000000000000e+00 1.555634918610404505e+01 1.334166406412633421e+01 5.385164807134503739e+00 7.810249675906653977e+00 1.676305461424021104e+01 2.505992817228333536e+01
1.612451549659709826e+01 3.569313659514949677e+01 2.473863375370596174e+01 1.860107523773827509e+01 2.059126028197400160e+01 1.513274595042155646e+01 1.140175425099137918e+01 2.000000000000000000e+00 3.298484500494128469e+01 7.000000000000000000e+00 3.453983207834108526e+01 3.324154027718932269e+01 2.816025568065744622e+01 2.404163056034261459e+01 6.082762530298219339e+00 1.334166406412633421e+01 2.920616373302046753e+01 6.708203932499369415e+00 3.342154993413680586e+01 2.080865204668481283e+01 1.555634918610404505e+01 0.000000000000000000e+00 2.529822128134703618e+01 1.431782106327635340e+01 1.676305461424021104e+01 7.810249675906653977e+00 4.022437072223753063e+01
1.708800749063506075e+01 1.104536101718726115e+01 2.000000000000000000e+00 1.476482306023340030e+01 1.720465053408525335e+01 2.692582403567251959e+01 3.101612483854164637e+01 2.340939982143925135e+01 8.000000000000000000e+00 1.878829422805593552e+01 9.433981132056603158e+00 9.848857801796103928e+00 3.000000000000000000e+00 1.140175425099137918e+01 1.931320791582796659e+01 2.158703314492290204e+01 1.615549442140351033e+01 2.707397274136176790e+01 1.315294643796590535e+01 8.062257748298549132e+00 1.334166406412633421e+01 2.529822128134703618e+01 0.000000000000000000e+00 1.868154169226940553e+01 8.544003745317530374e+00 2.220360331117451835e+01 1.749285568453590045e+01
2.236067977499789805e+00 2.961418578992169515e+01 1.931320791582796659e+01 5.385164807134503739e+00 6.403124237432848531e+00 8.246211251235321171e+00 1.360147050873544394e+01 1.360147050873544394e+01 2.647640458974745314e+01 1.303840481040529831e+01 2.600000000000000000e+01 2.846049894151541437e+01 2.158703314492290204e+01 1.170469991071962568e+01 1.200000000000000000e+01 3.000000000000000000e+00 1.562049935181330795e+01 1.140175425099137918e+01 2.154065922853801496e+01 1.104536101718726115e+01 5.385164807134503739e+00 1.431782106327635340e+01 1.868154169226940553e+01 0.000000000000000000e+00 1.280624847486569706e+01 1.800000000000000000e+01 2.879236009777593708e+01
1.204159457879229578e+01 1.910497317454279909e+01 8.062257748298549132e+00 1.118033988749894903e+01 1.431782106327635340e+01 2.059126028197400160e+01 2.334523505985750447e+01 1.486606874731850603e+01 1.627882059609970611e+01 1.029563014098700080e+01 1.788854381999831844e+01 1.702938636592640265e+01 1.140175425099137918e+01 1.204159457879229578e+01 1.077032961426900748e+01 1.526433752247374720e+01 1.811077027627483460e+01 1.902629759044044633e+01 1.886796226411320632e+01 7.071067811865475505e+00 7.810249675906653977e+00 1.676305461424021104e+01 8.544003745317530374e+00 1.280624847486569706e+01 0.000000000000000000e+00 1.414213562373095101e+01 2.475883680627989492e+01
1.910497317454279909e+01 3.138470965295043058e+01 2.109502310972898798e+01 2.061552812808830382e+01 2.334523505985750447e+01 2.154065922853801496e+01 1.910497317454279909e+01 6.403124237432848531e+00 2.906888370749726747e+01 5.099019513592784492e+00 3.162277660168379256e+01 2.846049894151541437e+01 2.469817807045693669e+01 2.459674775249768786e+01 6.000000000000000000e+00 1.824828759089465890e+01 3.046309242345563462e+01 1.421267040355189515e+01 3.280243893371345365e+01 2.024845673131658685e+01 1.676305461424021104e+01 7.810249675906653977e+00 2.220360331117451835e+01 1.800000000000000000e+01 1.414213562373095101e+01 0.000000000000000000e+00 3.889730067755344578e+01
2.657066051117284644e+01 1.612451549659709826e+01 1.923538406167134340e+01 2.340939982143925135e+01 2.353720459187963954e+01 3.590264614203248072e+01 4.237924020083418242e+01 3.860051813123756403e+01 1.503329637837290811e+01 3.471310991541956525e+01 1.004987562112088995e+01 1.900000000000000000e+01 1.615549442140351033e+01 1.708800749063506075e+01 3.482814953453599571e+01 3.162277660168379256e+01 1.500000000000000000e+01 3.981205847478876336e+01 7.280109889280518054e+00 1.941648783894759944e+01 2.505992817228333536e+01 4.022437072223753063e+01 1.749285568453590045e+01 2.879236009777593708e+01 2.475883680627989492e+01 3.889730067755344578e+01 0.000000000000000000e+00
