0.000000000000000000e+00 4.244997055358224713e+01 9.219544457292887074e+00 5.685068161420758059e+01 1.442220510185595650e+01 3.106444913401813324e+01 4.429446918070020445e+01 4.341658669218482203e+01 4.741307836451878899e+01 3.224903099319419653e+01 3.649657518178931781e+01 2.690724809414741969e+01 3.206243908376279705e+01 4.509988913511872255e+01 3.008321791298264714e+01 3.354101966249684352e+01 4.052159917870962147e+01 2.906888370749726747e+01 2.000000000000000000e+01 3.310589071449369669e+01 3.360059523282288296e+01 1.300000000000000000e+01 5.093132631298737323e+01 1.503329637837290811e+01 1.603121954188139853e+01
4.244997055358224713e+01 0.000000000000000000e+00 3.801315561749642313e+01 1.476482306023340030e+01 2.831960451701259274e+01 1.300000000000000000e+01 1.131370849898476116e+01 2.594224354214569317e+01 1.303840481040529831e+01 1.334166406412633421e+01 2.353720459187963954e+01 1.581138830084189628e+01 2.701851217221259205e+01 3.492849839314595783e+01 2.300000000000000000e+01 2.308679276123039159e+01 1.969771560359220786e+01 1.824828759089465890e+01 2.302172886644267535e+01 1.503329637837290811e+01 1.118033988749894903e+01 3.894868418830089496e+01 8.485281374238569541e+00 3.492849839314595783e+01 3.354101966249684352e+01
9.219544457292887074e+00 3.801315561749642313e+01 0.000000000000000000e+00 5.166236541235795698e+01 1.044030650891055068e+01 2.549509756796392423e+01 3.780211634287159939e+01 3.492849839314595783e+01 4.080441152620633005e+01 2.617250465660480074e+01 2.816025568065744622e+01 2.376972864800942631e+01 2.334523505985750447e+01 3.601388621073821383e+01 3.101612483854164637e+01 2.529822128134703618e+01 3.269556544854363267e+01 2.828427124746190202e+01 1.824828759089465890e+01 2.640075756488817049e+01 3.101612483854164637e+01 4.242640687119284770e+00 4.640043103248072498e+01 1.972308292331602075e+01 7.071067811865475505e+00
5.685068161420758059e+01 1.476482306023340030e+01 5.166236541235795698e+01 0.000000000000000000e+00 4.252058325093859992e+01 2.617250465660480074e+01 1.581138830084189628e+01 3.001666203960726875e+01 1.414213562373095101e+01 2.561249694973139412e+01 3.104834939252004844e+01 3.052867504494749440e+01 3.605551275463989214e+01 3.901281840626231912e+01 3.667424164178449786e+01 3.195309061734091571e+01 2.549509756796392423e+01 3.257299494980465937e+01 3.773592452822641263e+01 2.607680962081059661e+01 2.563201123595259290e+01 5.200961449578337437e+01 7.071067811865475505e+00 4.965883607174054504e+01 4.640043103248072498e+01
1.442220510185595650e+01 2.831960451701259274e+01 1.044030650891055068e+01 4.252058325093859992e+01 0.000000000000000000e+00 1.664331697709323876e+01 2.996664812754339380e+01 3.106444913401813324e+01 3.310589071449369669e+01 1.788854381999831844e+01 2.408318915758459156e+01 1.341640786499873883e+01 2.088061301782110135e+01 3.478505426185217431e+01 2.137755832643194864e+01 2.109502310972898798e+01 2.716615541441224835e+01 1.802775637731994607e+01 8.000000000000000000e+00 1.897366596101027625e+01 2.061552812808830382e+01 1.300000000000000000e+01 3.679673898594819548e+01 1.476482306023340030e+01 9.848857801796103928e+00
3.106444913401813324e+01 1.300000000000000000e+01 2.549509756796392423e+01 2.617250465660480074e+01 1.664331697709323876e+01 0.000000000000000000e+00 1.360147050873544394e+01 2.024845673131658685e+01 1.676305461424021104e+01 2.236067977499789805e+00 1.486606874731850603e+01 8.544003745317530374e+00 1.615549442140351033e+01 2.758622844826744469e+01 2.163330765278393741e+01 1.303840481040529831e+01 1.431782106327635340e+01 1.581138830084189628e+01 1.403566884761819900e+01 5.000000000000000000e+00 1.166190378969060149e+01 2.607680962081059661e+01 2.109502310972898798e+01 2.707397274136176790e+01 2.059126028197400160e+01
4.429446918070020445e+01 1.131370849898476116e+01 3.780211634287159939e+01 1.581138830084189628e+01 2.996664812754339380e+01 1.360147050873544394e+01 0.000000000000000000e+00 1.552417469626002422e+01 3.162277660168379523e+00 1.208304597359457233e+01 1.529705854077835525e+01 2.102379604162863913e+01 2.024845673131658685e+01 2.473863375370596174e+01 3.201562118716424266e+01 1.615549442140351033e+01 1.000000000000000000e+01 2.647640458974745314e+01 2.745906043549196340e+01 1.140175425099137918e+01 1.992485884517127559e+01 3.748332962798262713e+01 1.414213562373095101e+01 4.044749683231336945e+01 3.182766092567909766e+01
4.341658669218482203e+01 2.594224354214569317e+01 3.492849839314595783e+01 3.001666203960726875e+01 3.106444913401813324e+01 2.024845673131658685e+01 1.552417469626002422e+01 0.000000000000000000e+00 1.603121954188139853e+01 1.802775637731994607e+01 7.000000000000000000e+00 2.865309756378880479e+01 1.170469991071962568e+01 9.219544457292887074e+00 4.188078318274384770e+01 1.000000000000000000e+01 6.403124237432848531e+00 3.605551275463989214e+01 3.257299494980465937e+01 1.526433752247374720e+01 3.114482300479487265e+01 3.289376840679705083e+01 2.961418578992169515e+01 4.491102314577123877e+01 2.789265136196270589e+01
4.741307836451878899e+01 1.303840481040529831e+01 4.080441152620633005e+01 1.414213562373095101e+01 3.310589071449369669e+01 1.676305461424021104e+01 3.162277660168379523e+00 1.603121954188139853e+01 0.000000000000000000e+00 1.523154621172781731e+01 1.708800749063506075e+01 2.408318915758459156e+01 2.236067977499789805e+01 2.517935662402834396e+01 3.471310991541956525e+01 1.835755975068581947e+01 1.140175425099137918e+01 2.927456233660889495e+01 3.059411708155671050e+01 1.442220510185595650e+01 2.256102834535695578e+01 4.036087214122112954e+01 1.392838827718411920e+01 4.356604182158393002e+01 3.471310991541956525e+01
3.224903099319419653e+01 1.334166406412633421e+01 2.617250465660480074e+01 2.561249694973139412e+01 1.788854381999831844e+01 2.236067977499789805e+00 1.208304597359457233e+01 1.802775637731994607e+01 1.523154621172781731e+01 0.000000000000000000e+00 1.280624847486569706e+01 1.077032961426900748e+01 1.456021977856103611e+01 2.549509756796392423e+01 2.385372088375312671e+01 1.118033988749894903e+01 1.208304597359457233e+01 1.802775637731994607e+01 1.600000000000000000e+01 2.828427124746190291e+00 1.360147050873544394e+01 2.640075756488817049e+01 2.102379604162863913e+01 2.901723625709381693e+01 2.080865204668481283e+01
3.649657518178931781e+01 2.353720459187963954e+01 2.816025568065744622e+01 3.104834939252004844e+01 2.408318915758459156e+01 1.486606874731850603e+01 1.529705854077835525e+01 7.000000000000000000e+00 1.708800749063506075e+01 1.280624847486569706e+01 0.000000000000000000e+00 2.280350850198275836e+01 5.656854249492380582e+00 1.272792206135785520e+01 3.623534186398687496e+01 3.000000000000000000e+00 5.830951894845300743e+00 3.047950130825634218e+01 2.600000000000000000e+01 1.000000000000000000e+01 2.640075756488817049e+01 2.640075756488817049e+01 2.901723625709381693e+01 3.807886552931954327e+01 2.118962010041709121e+01
2.690724809414741969e+01 1.581138830084189628e+01 2.376972864800942631e+01 3.052867504494749440e+01 1.341640786499873883e+01 8.544003745317530374e+00 2.102379604162863913e+01 2.865309756378880479e+01 2.408318915758459156e+01 1.077032961426900748e+01 2.280350850198275836e+01 0.000000000000000000e+00 2.280350850198275836e+01 3.546829570193639825e+01 1.345362404707370985e+01 2.051828452868319275e+01 2.284731931759172596e+01 7.810249675906653977e+00 7.211102550927978250e+00 1.341640786499873883e+01 7.280109889280518054e+00 2.570992026436488231e+01 2.420743687382040932e+01 1.964688270438849926e+01 2.109502310972898798e+01
3.206243908376279705e+01 2.701851217221259205e+01 2.334523505985750447e+01 3.605551275463989214e+01 2.088061301782110135e+01 1.615549442140351033e+01 2.024845673131658685e+01 1.170469991071962568e+01 2.236067977499789805e+01 1.456021977856103611e+01 5.656854249492380582e+00 2.280350850198275836e+01 0.000000000000000000e+00 1.392838827718411920e+01 3.612478373637688378e+01 4.123105625617660586e+00 1.140175425099137918e+01 3.061045573002793319e+01 2.441311123146740414e+01 1.216552506059643868e+01 2.773084924772409465e+01 2.118962010041709121e+01 3.337663853655727308e+01 3.546829570193639825e+01 1.627882059609970611e+01
4.509988913511872255e+01 3.492849839314595783e+01 3.601388621073821383e+01 3.901281840626231912e+01 3.478505426185217431e+01 2.758622844826744469e+01 2.473863375370596174e+01 9.219544457292887074e+00 2.517935662402834396e+01 2.549509756796392423e+01 1.272792206135785520e+01 3.546829570193639825e+01 1.392838827718411920e+01 0.000000000000000000e+00 4.891829923454003648e+01 1.500000000000000000e+01 1.523154621172781731e+01 4.318564576337836769e+01 3.807886552931954327e+01 2.267156809750926882e+01 3.905124837953326988e+01 3.306055050963308162e+01 3.883297567789519888e+01 4.939635614091387339e+01 2.906888370749726747e+01
3.008321791298264714e+01 2.300000000000000000e+01 3.101612483854164637e+01 3.667424164178449786e+01 2.137755832643194864e+01 2.163330765278393741e+01 3.201562118716424266e+01 4.188078318274384770e+01 3.471310991541956525e+01 2.385372088375312671e+01 3.623534186398687496e+01 1.345362404707370985e+01 3.612478373637688378e+01 4.891829923454003648e+01 0.000000000000000000e+00 3.397057550292606010e+01 3.584689665786984136e+01 5.830951894845300743e+00 1.360147050873544394e+01 2.662705391138869615e+01 1.216552506059643868e+01 3.423448553724738019e+01 2.961418578992169515e+01 1.664331697709323876e+01 3.104834939252004844e+01
3.354101966249684352e+01 2.308679276123039159e+01 2.529822128134703618e+01 3.195309061734091571e+01 2.109502310972898798e+01 1.303840481040529831e+01 1.615549442140351033e+01 1.000000000000000000e+01 1.835755975068581947e+01 1.118033988749894903e+01 3.000000000000000000e+00 2.051828452868319275e+01 4.123105625617660586e+00 1.500000000000000000e+01 3.397057550292606010e+01 0.000000000000000000e+00 7.810249675906653977e+00 2.828427124746190202e+01 2.325940669922601600e+01 8.544003745317530374e+00 2.469817807045693669e+01 2.370653918225939449e+01 2.927456233660889495e+01 3.517101079013794873e+01 1.838477631085023489e+01
4.052159917870962147e+01 1.969771560359220786e+01 3.269556544854363267e+01 2.549509756796392423e+01 2.716615541441224835e+01 1.431782106327635340e+01 1.000000000000000000e+01 6.403124237432848531e+00 1.140175425099137918e+01 1.208304597359457233e+01 5.830951894845300743e+00 2.284731931759172596e+01 1.140175425099137918e+01 1.523154621172781731e+01 3.584689665786984136e+01 7.810249675906653977e+00 0.000000000000000000e+00 3.001666203960726875e+01 2.745906043549196340e+01 9.486832980505138124e+00 2.483948469674844262e+01 3.138470965295043058e+01 2.408318915758459156e+01 4.019950248448355978e+01 2.594224354214569317e+01
2.906888370749726747e+01 1.824828759089465890e+01 2.828427124746190202e+01 3.257299494980465937e+01 1.802775637731994607e+01 1.581138830084189628e+01 2.647640458974745314e+01 3.605551275463989214e+01 2.927456233660889495e+01 1.802775637731994607e+01 3.047950130825634218e+01 7.810249675906653977e+00 3.061045573002793319e+01 4.318564576337836769e+01 5.830951894845300743e+00 2.828427124746190202e+01 3.001666203960726875e+01 0.000000000000000000e+00 1.004987562112088995e+01 2.080865204668481283e+01 7.071067811865475505e+00 3.101612483854164637e+01 2.563201123595259290e+01 1.780449381476485726e+01 2.716615541441224835e+01
2.000000000000000000e+01 2.302172886644267535e+01 1.824828759089465890e+01 3.773592452822641263e+01 8.000000000000000000e+00 1.403566884761819900e+01 2.745906043549196340e+01 3.257299494980465937e+01 3.059411708155671050e+01 1.600000000000000000e+01 2.600000000000000000e+01 7.211102550927978250e+00 2.441311123146740414e+01 3.807886552931954327e+01 1.360147050873544394e+01 2.325940669922601600e+01 2.745906043549196340e+01 1.004987562112088995e+01 0.000000000000000000e+00 1.811077027627483460e+01 1.360147050873544394e+01 2.100000000000000000e+01 3.140063693621516450e+01 1.303840481040529831e+01 1.746424919657297892e+01
3.310589071449369669e+01 1.503329637837290811e+01 2.640075756488817049e+01 2.607680962081059661e+01 1.897366596101027625e+01 5.000000000000000000e+00 1.140175425099137918e+01 1.526433752247374720e+01 1.442220510185595650e+01 2.828427124746190291e+00 1.000000000000000000e+01 1.341640786499873883e+01 1.216552506059643868e+01 2.267156809750926882e+01 2.662705391138869615e+01 8.544003745317530374e+00 9.486832980505138124e+00 2.080865204668481283e+01 1.811077027627483460e+01 0.000000000000000000e+00 1.640121946685672683e+01 2.617250465660480074e+01 2.213594362117865444e+01 3.101612483854164637e+01 2.051828452868319275e+01
3.360059523282288296e+01 1.118033988749894903e+01 3.101612483854164637e+01 2.563201123595259290e+01 2.061552812808830382e+01 1.166190378969060149e+01 1.992485884517127559e+01 3.114482300479487265e+01 2.256102834535695578e+01 1.360147050873544394e+01 2.640075756488817049e+01 7.280109889280518054e+00 2.773084924772409465e+01 3.905124837953326988e+01 1.216552506059643868e+01 2.469817807045693669e+01 2.483948469674844262e+01 7.071067811865475505e+00 1.360147050873544394e+01 1.640121946685672683e+01 0.000000000000000000e+00 3.298484500494128469e+01 1.878829422805593552e+01 2.418677324489564739e+01 2.828427124746190202e+01
1.300000000000000000e+01 3.894868418830089496e+01 4.242640687119284770e+00 5.200961449578337437e+01 1.300000000000000000e+01 2.607680962081059661e+01 3.748332962798262713e+01 3.289376840679705083e+01 4.036087214122112954e+01 2.640075756488817049e+01 2.640075756488817049e+01 2.570992026436488231e+01 2.118962010041709121e+01 3.306055050963308162e+01 3.423448553724738019e+01 2.370653918225939449e+01 3.138470965295043058e+01 3.101612483854164637e+01 2.100000000000000000e+01 2.617250465660480074e+01 3.298484500494128469e+01 0.000000000000000000e+00 4.716990566028302112e+01 2.385372088375312671e+01 5.656854249492380582e+00
5.093132631298737323e+01 8.485281374238569541e+00 4.640043103248072498e+01 7.071067811865475505e+00 3.679673898594819548e+01 2.109502310972898798e+01 1.414213562373095101e+01 2.961418578992169515e+01 1.392838827718411920e+01 2.102379604162863913e+01 2.901723625709381693e+01 2.420743687382040932e+01 3.337663853655727308e+01 3.883297567789519888e+01 2.961418578992169515e+01 2.927456233660889495e+01 2.408318915758459156e+01 2.563201123595259290e+01 3.140063693621516450e+01 2.213594362117865444e+01 1.878829422805593552e+01 4.716990566028302112e+01 0.000000000000000000e+00 4.294182110716777601e+01 4.167733196834941367e+01
1.503329637837290811e+01 3.492849839314595783e+01 1.972308292331602075e+01 4.965883607174054504e+01 1.476482306023340030e+01 2.707397274136176790e+01 4.044749683231336945e+01 4.491102314577123877e+01 4.356604182158393002e+01 2.901723625709381693e+01 3.807886552931954327e+01 1.964688270438849926e+01 3.546829570193639825e+01 4.939635614091387339e+01 1.664331697709323876e+01 3.517101079013794873e+01 4.019950248448355978e+01 1.780449381476485726e+01 1.303840481040529831e+01 3.101612483854164637e+01 2.418677324489564739e+01 2.385372088375312671e+01 4.294182110716777601e+01 0.000000000000000000e+00 2.334523505985750447e+01
1.603121954188139853e+01 3.354101966249684352e+01 7.071067811865475505e+00 4.640043103248072498e+01 9.848857801796103928e+00 2.059126028197400160e+01 3.182766092567909766e+01 2.789265136196270589e+01 3.471310991541956525e+01 2.080865204668481283e+01 2.118962010041709121e+01 2.109502310972898798e+01 1.627882059609970611e+01 2.906888370749726747e+01 3.104834939252004844e+01 1.838477631085023489e+01 2.594224354214569317e+01 2.716615541441224835e+01 1.746424919657297892e+01 2.051828452868319275e+01 2.828427124746190202e+01 5.656854249492380582e+00 4.167733196834941367e+01 2.334523505985750447e+01 0.000000000000000000e+00
