0.000000000000000000e+00 8.602325267042626677e+00 1.555634918610404505e+01 3.920459156782531807e+01 1.456021977856103611e+01 2.570992026436488231e+01 3.206243908376279705e+01 3.765634076752546378e+01 3.400000000000000000e+01 8.062257748298549132e+00 1.503329637837290811e+01 3.605551275463989125e+00 1.280624847486569706e+01 1.170469991071962568e+01 2.773084924772409465e+01 4.049691346263317371e+01 2.500000000000000000e+01 1.104536101718726115e+01 2.500000000000000000e+01 2.195449840010014952e+01 2.000000000000000000e+01 2.353720459187963954e+01 3.501428280002319582e+01 1.886796226411320632e+01 1.456021977856103611e+01
8.602325267042626677e+00 0.000000000000000000e+00 1.649242250247064234e+01 3.324154027718932269e+01 1.140175425099137918e+01 2.109502310972898798e+01 2.596150997149434048e+01 3.006659275674581622e+01 3.114482300479487265e+01 8.544003745317530374e+00 2.088061301782110135e+01 9.219544457292887074e+00 4.242640687119284770e+00 1.627882059609970611e+01 2.475883680627989492e+01 3.635931792539568619e+01 1.711724276862369010e+01 1.000000000000000000e+01 1.868154169226940553e+01 2.433105012119287736e+01 2.596150997149434048e+01 2.807133769523639799e+01 2.828427124746190202e+01 1.749285568453590045e+01 1.923538406167134340e+01
1.555634918610404505e+01 1.649242250247064234e+01 0.000000000000000000e+00 2.886173937932362321e+01 7.615773105863908654e+00 1.486606874731850603e+01 2.284731931759172596e+01 3.162277660168379256e+01 1.964688270438849926e+01 2.247220505424423109e+01 1.077032961426900748e+01 1.910497317454279909e+01 1.902629759044044633e+01 7.000000000000000000e+00 1.403566884761819900e+01 2.716615541441224835e+01 2.220360331117451835e+01 2.505992817228333536e+01 1.780449381476485726e+01 8.000000000000000000e+00 1.421267040355189515e+01 1.341640786499873883e+01 2.683281572999747766e+01 5.099019513592784492e+00 7.615773105863908654e+00
3.920459156782531807e+01 3.324154027718932269e+01 2.886173937932362321e+01 0.000000000000000000e+00 2.500000000000000000e+01 1.414213562373095101e+01 7.280109889280518054e+00 1.118033988749894903e+01 1.500000000000000000e+01 4.176122603564220270e+01 3.956008088970496317e+01 4.159326868617084472e+01 3.138470965295043058e+01 3.569313659514949677e+01 1.612451549659709826e+01 1.004987562112088995e+01 1.860107523773827509e+01 4.272001872658765365e+01 1.456021977856103611e+01 3.176476034853718033e+01 4.215447781671598193e+01 3.894868418830089496e+01 6.403124237432848531e+00 2.376972864800942631e+01 3.640054944640259293e+01
1.456021977856103611e+01 1.140175425099137918e+01 7.615773105863908654e+00 2.500000000000000000e+01 0.000000000000000000e+00 1.118033988749894903e+01 1.811077027627483460e+01 2.549509756796392423e+01 2.000000000000000000e+01 1.920937271229854559e+01 1.702938636592640265e+01 1.746424919657297892e+01 1.264911064067351809e+01 1.220655561573370207e+01 1.360147050873544394e+01 2.600000000000000000e+01 1.486606874731850603e+01 2.121320343559642652e+01 1.170469991071962568e+01 1.529705854077835525e+01 2.126029162546929996e+01 2.102379604162863913e+01 2.158703314492290204e+01 6.324555320336759046e+00 1.414213562373095101e+01
2.570992026436488231e+01 2.109502310972898798e+01 1.486606874731850603e+01 1.414213562373095101e+01 1.118033988749894903e+01 0.000000000000000000e+00 8.062257748298549132e+00 1.769180601295413169e+01 1.118033988749894903e+01 2.952964612046680060e+01 2.563201123595259290e+01 2.846049894151541437e+01 2.051828452868319275e+01 2.158703314492290204e+01 6.000000000000000000e+00 1.526433752247374720e+01 1.303840481040529831e+01 3.106444913401813324e+01 6.000000000000000000e+00 1.910497317454279909e+01 2.865309756378880479e+01 2.624880949681337583e+01 1.220655561573370207e+01 9.848857801796103928e+00 2.247220505424423109e+01
3.206243908376279705e+01 2.596150997149434048e+01 2.284731931759172596e+01 7.280109889280518054e+00 1.811077027627483460e+01 8.062257748298549132e+00 0.000000000000000000e+00 1.029563014098700080e+01 1.414213562373095101e+01 3.448187929913333249e+01 3.361547262794321966e+01 3.436568055487916240e+01 2.416609194718914466e+01 2.941088233970548416e+01 1.220655561573370207e+01 1.341640786499873883e+01 1.204159457879229578e+01 3.546829570193639825e+01 7.280109889280518054e+00 2.701851217221259205e+01 3.671511950137163893e+01 3.420526275297414287e+01 4.242640687119284770e+00 1.788854381999831844e+01 3.046309242345563462e+01
3.765634076752546378e+01 3.006659275674581622e+01 3.162277660168379256e+01 1.118033988749894903e+01 2.549509756796392423e+01 1.769180601295413169e+01 1.029563014098700080e+01 0.000000000000000000e+00 2.404163056034261459e+01 3.801315561749642313e+01 4.219004621945797595e+01 3.920459156782531807e+01 2.701851217221259205e+01 3.758989225842500304e+01 2.247220505424423109e+01 2.102379604162863913e+01 1.300000000000000000e+01 3.820994634908559817e+01 1.389244398944980396e+01 3.676955262170046979e+01 4.580392996239514503e+01 4.386342439892261780e+01 6.324555320336759046e+00 2.701851217221259205e+01 3.911521443121588959e+01
3.400000000000000000e+01 3.114482300479487265e+01 1.964688270438849926e+01 1.500000000000000000e+01 2.000000000000000000e+01 1.118033988749894903e+01 1.414213562373095101e+01 2.404163056034261459e+01 0.000000000000000000e+00 3.920459156782531807e+01 2.901723625709381693e+01 3.721558813185679071e+01 3.124099870362661591e+01 2.647640458974745314e+01 6.403124237432848531e+00 8.246211251235321171e+00 2.376972864800942631e+01 4.110960958218893069e+01 1.676305461424021104e+01 1.923538406167134340e+01 3.026549190084311292e+01 2.596150997149434048e+01 1.772004514666934938e+01 1.523154621172781731e+01 2.607680962081059661e+01
8.062257748298549132e+00 8.544003745317530374e+00 2.247220505424423109e+01 4.176122603564220270e+01 1.920937271229854559e+01 2.952964612046680060e+01 3.448187929913333249e+01 3.801315561749642313e+01 3.920459156782531807e+01 0.000000000000000000e+00 2.308679276123039159e+01 5.099019513592784492e+00 1.100000000000000000e+01 1.964688270438849926e+01 3.280243893371345365e+01 4.477722635447621968e+01 2.501999200639360765e+01 3.000000000000000000e+00 2.720294101747088789e+01 2.954657340538831534e+01 2.801785145224380003e+01 3.157530680769388809e+01 3.667424164178449786e+01 2.475883680627989492e+01 2.256102834535695578e+01
1.503329637837290811e+01 2.088061301782110135e+01 1.077032961426900748e+01 3.956008088970496317e+01 1.702938636592640265e+01 2.563201123595259290e+01 3.361547262794321966e+01 4.219004621945797595e+01 2.901723625709381693e+01 2.308679276123039159e+01 0.000000000000000000e+00 1.824828759089465890e+01 2.469817807045693669e+01 5.000000000000000000e+00 2.418677324489564739e+01 3.701351104664349378e+01 3.182766092567909766e+01 2.607680962081059661e+01 2.830194339616981125e+01 1.077032961426900748e+01 5.099019513592784492e+00 8.944271909999159220e+00 3.757658845611187104e+01 1.581138830084189628e+01 3.162277660168379523e+00
3.605551275463989125e+00 9.219544457292887074e+00 1.910497317454279909e+01 4.159326868617084472e+01 1.746424919657297892e+01 2.846049894151541437e+01 3.436568055487916240e+01 3.920459156782531807e+01 3.721558813185679071e+01 5.099019513592784492e+00 1.824828759089465890e+01 0.000000000000000000e+00 1.300000000000000000e+01 1.523154621172781731e+01 3.088689042296100240e+01 4.346262762420145975e+01 2.630589287593181069e+01 8.062257748298549132e+00 2.716615541441224835e+01 2.555386467836127551e+01 2.308679276123039159e+01 2.692582403567251959e+01 3.705401462729781059e+01 2.220360331117451835e+01 1.802775637731994607e+01
1.280624847486569706e+01 4.242640687119284770e+00 1.902629759044044633e+01 3.138470965295043058e+01 1.264911064067351809e+01 2.051828452868319275e+01 2.416609194718914466e+01 2.701851217221259205e+01 3.124099870362661591e+01 1.100000000000000000e+01 2.469817807045693669e+01 1.300000000000000000e+01 0.000000000000000000e+00 1.992485884517127559e+01 2.500000000000000000e+01 3.560898762952971452e+01 1.403566884761819900e+01 1.140175425099137918e+01 1.700000000000000000e+01 2.701851217221259205e+01 2.973213749463701205e+01 3.140063693621516450e+01 2.596150997149434048e+01 1.897366596101027625e+01 2.280350850198275836e+01
1.170469991071962568e+01 1.627882059609970611e+01 7.000000000000000000e+00 3.569313659514949677e+01 1.220655561573370207e+01 2.158703314492290204e+01 2.941088233970548416e+01 3.758989225842500304e+01 2.647640458974745314e+01 1.964688270438849926e+01 5.000000000000000000e+00 1.523154621172781731e+01 1.992485884517127559e+01 0.000000000000000000e+00 2.102379604162863913e+01 3.413209633175202384e+01 2.690724809414741969e+01 2.256102834535695578e+01 2.370653918225939449e+01 1.063014581273464998e+01 9.848857801796103928e+00 1.204159457879229578e+01 3.324154027718932269e+01 1.204159457879229578e+01 3.000000000000000000e+00
2.773084924772409465e+01 2.475883680627989492e+01 1.403566884761819900e+01 1.612451549659709826e+01 1.360147050873544394e+01 6.000000000000000000e+00 1.220655561573370207e+01 2.247220505424423109e+01 6.403124237432848531e+00 3.280243893371345365e+01 2.418677324489564739e+01 3.088689042296100240e+01 2.500000000000000000e+01 2.102379604162863913e+01 0.000000000000000000e+00 1.315294643796590535e+01 1.902629759044044633e+01 3.471310991541956525e+01 1.200000000000000000e+01 1.565247584249852864e+01 2.624880949681337583e+01 2.282542442102665348e+01 1.640121946685672683e+01 9.219544457292887074e+00 2.109502310972898798e+01
4.049691346263317371e+01 3.635931792539568619e+01 2.716615541441224835e+01 1.004987562112088995e+01 2.600000000000000000e+01 1.526433752247374720e+01 1.341640786499873883e+01 2.102379604162863913e+01 8.246211251235321171e+00 4.477722635447621968e+01 3.701351104664349378e+01 4.346262762420145975e+01 3.560898762952971452e+01 3.413209633175202384e+01 1.315294643796590535e+01 0.000000000000000000e+00 2.523885892824792521e+01 4.632493928760187885e+01 1.910497317454279909e+01 2.745906043549196340e+01 3.847076812334268681e+01 3.420526275297414287e+01 1.529705854077835525e+01 2.236067977499789805e+01 3.400000000000000000e+01
2.500000000000000000e+01 1.711724276862369010e+01 2.220360331117451835e+01 1.860107523773827509e+01 1.486606874731850603e+01 1.303840481040529831e+01 1.204159457879229578e+01 1.300000000000000000e+01 2.376972864800942631e+01 2.501999200639360765e+01 3.182766092567909766e+01 2.630589287593181069e+01 1.403566884761819900e+01 2.690724809414741969e+01 1.902629759044044633e+01 2.523885892824792521e+01 0.000000000000000000e+00 2.531797780234432693e+01 7.071067811865475505e+00 2.906888370749726747e+01 3.612478373637688378e+01 3.551056180912940619e+01 1.252996408614166768e+01 1.878829422805593552e+01 2.900000000000000000e+01
1.104536101718726115e+01 1.000000000000000000e+01 2.505992817228333536e+01 4.272001872658765365e+01 2.121320343559642652e+01 3.106444913401813324e+01 3.546829570193639825e+01 3.820994634908559817e+01 4.110960958218893069e+01 3.000000000000000000e+00 2.607680962081059661e+01 8.062257748298549132e+00 1.140175425099137918e+01 2.256102834535695578e+01 3.471310991541956525e+01 4.632493928760187885e+01 2.531797780234432693e+01 0.000000000000000000e+00 2.823118842698620767e+01 3.231098884280702066e+01 3.101612483854164637e+01 3.452535300326413648e+01 3.736308338453881106e+01 2.701851217221259205e+01 2.549509756796392423e+01
2.500000000000000000e+01 1.868154169226940553e+01 1.780449381476485726e+01 1.456021977856103611e+01 1.170469991071962568e+01 6.000000000000000000e+00 7.280109889280518054e+00 1.389244398944980396e+01 1.676305461424021104e+01 2.720294101747088789e+01 2.830194339616981125e+01 2.716615541441224835e+01 1.700000000000000000e+01 2.370653918225939449e+01 1.200000000000000000e+01 1.910497317454279909e+01 7.071067811865475505e+00 2.823118842698620767e+01 0.000000000000000000e+00 2.360084744241189370e+01 3.201562118716424266e+01 3.047950130825634218e+01 1.004987562112088995e+01 1.345362404707370985e+01 2.523885892824792521e+01
2.195449840010014952e+01 2.433105012119287736e+01 8.000000000000000000e+00 3.176476034853718033e+01 1.529705854077835525e+01 1.910497317454279909e+01 2.701851217221259205e+01 3.676955262170046979e+01 1.923538406167134340e+01 2.954657340538831534e+01 1.077032961426900748e+01 2.555386467836127551e+01 2.701851217221259205e+01 1.063014581273464998e+01 1.565247584249852864e+01 2.745906043549196340e+01 2.906888370749726747e+01 3.231098884280702066e+01 2.360084744241189370e+01 0.000000000000000000e+00 1.104536101718726115e+01 7.211102550927978250e+00 3.124099870362661591e+01 1.029563014098700080e+01 8.602325267042626677e+00
2.000000000000000000e+01 2.596150997149434048e+01 1.421267040355189515e+01 4.215447781671598193e+01 2.126029162546929996e+01 2.865309756378880479e+01 3.671511950137163893e+01 4.580392996239514503e+01 3.026549190084311292e+01 2.801785145224380003e+01 5.099019513592784492e+00 2.308679276123039159e+01 2.973213749463701205e+01 9.848857801796103928e+00 2.624880949681337583e+01 3.847076812334268681e+01 3.612478373637688378e+01 3.101612483854164637e+01 3.201562118716424266e+01 1.104536101718726115e+01 0.000000000000000000e+00 5.830951894845300743e+00 4.081666326391709987e+01 1.886796226411320632e+01 7.211102550927978250e+00
2.353720459187963954e+01 2.807133769523639799e+01 1.341640786499873883e+01 3.894868418830089496e+01 2.102379604162863913e+01 2.624880949681337583e+01 3.420526275297414287e+01 4.386342439892261780e+01 2.596150997149434048e+01 3.157530680769388809e+01 8.944271909999159220e+00 2.692582403567251959e+01 3.140063693621516450e+01 1.204159457879229578e+01 2.282542442102665348e+01 3.420526275297414287e+01 3.551056180912940619e+01 3.452535300326413648e+01 3.047950130825634218e+01 7.211102550927978250e+00 5.830951894845300743e+00 0.000000000000000000e+00 3.841874542459709119e+01 1.702938636592640265e+01 9.055385138137417300e+00
3.501428280002319582e+01 2.828427124746190202e+01 2.683281572999747766e+01 6.403124237432848531e+00 2.158703314492290204e+01 1.220655561573370207e+01 4.242640687119284770e+00 6.324555320336759046e+00 1.772004514666934938e+01 3.667424164178449786e+01 3.757658845611187104e+01 3.705401462729781059e+01 2.596150997149434048e+01 3.324154027718932269e+01 1.640121946685672683e+01 1.529705854077835525e+01 1.252996408614166768e+01 3.736308338453881106e+01 1.004987562112088995e+01 3.124099870362661591e+01 4.081666326391709987e+01 3.841874542459709119e+01 0.000000000000000000e+00 2.195449840010014952e+01 3.443835071544512516e+01
1.886796226411320632e+01 1.749285568453590045e+01 5.099019513592784492e+00 2.376972864800942631e+01 6.324555320336759046e+00 9.848857801796103928e+00 1.788854381999831844e+01 2.701851217221259205e+01 1.523154621172781731e+01 2.475883680627989492e+01 1.581138830084189628e+01 2.220360331117451835e+01 1.897366596101027625e+01 1.204159457879229578e+01 9.219544457292887074e+00 2.236067977499789805e+01 1.878829422805593552e+01 2.701851217221259205e+01 1.345362404707370985e+01 1.029563014098700080e+01 1.886796226411320632e+01 1.702938636592640265e+01 2.195449840010014952e+01 0.000000000000000000e+00 1.264911064067351809e+01
1.456021977856103611e+01 1.923538406167134340e+01 7.615773105863908654e+00 3.640054944640259293e+01 1.414213562373095101e+01 2.247220505424423109e+01 3.046309242345563462e+01 3.911521443121588959e+01 2.607680962081059661e+01 2.256102834535695578e+01 3.162277660168379523e+00 1.802775637731994607e+01 2.280350850198275836e+01 3.000000000000000000e+00 2.109502310972898798e+01 3.400000000000000000e+01 2.900000000000000000e+01 2.549509756796392423e+01 2.523885892824792521e+01 8.602325267042626677e+00 7.211102550927978250e+00 9.055385138137417300e+00 3.443835071544512516e+01 1.264911064067351809e+01 0.000000000000000000e+00
