0.000000000000000000e+00 3.944616584663204151e+01 3.352610922848042208e+01 3.511409973215887703e+01 3.512833614050059339e+01 9.055385138137417300e+00 1.555634918610404505e+01 2.256102834535695578e+01 2.906888370749726747e+01 1.303840481040529831e+01 1.513274595042155646e+01 8.000000000000000000e+00 1.923538406167134340e+01 1.000000000000000000e+01 2.402082429892862692e+01 2.507987240796890660e+01 2.600000000000000000e+01 3.705401462729781059e+01 1.118033988749894903e+01 2.549509756796392423e+01 2.308679276123039159e+01 3.501428280002319582e+01 3.306055050963308162e+01
3.944616584663204151e+01 0.000000000000000000e+00 1.019803902718556898e+01 8.062257748298549132e+00 2.302172886644267535e+01 3.478505426185217431e+01 2.469817807045693669e+01 2.906888370749726747e+01 1.063014581273464998e+01 2.969848480983499428e+01 2.906888370749726747e+01 3.605551275463989214e+01 3.361547262794321966e+01 3.046309242345563462e+01 2.147091055358388800e+01 3.195309061734091571e+01 2.433105012119287736e+01 1.824828759089465890e+01 3.710795063055894616e+01 1.421267040355189515e+01 2.459674775249768786e+01 1.902629759044044633e+01 2.202271554554523902e+01
3.352610922848042208e+01 1.019803902718556898e+01 0.000000000000000000e+00 2.236067977499789805e+00 1.334166406412633421e+01 3.101612483854164637e+01 2.102379604162863913e+01 2.954657340538831534e+01 6.708203932499369415e+00 2.195449840010014952e+01 2.080865204668481283e+01 3.206243908376279705e+01 2.420743687382040932e+01 2.607680962081059661e+01 1.204159457879229578e+01 2.193171219946130890e+01 2.607680962081059661e+01 9.433981132056603158e+00 3.401470270338990076e+01 9.055385138137417300e+00 1.500000000000000000e+01 9.486832980505138124e+00 1.204159457879229578e+01
3.511409973215887703e+01 8.062257748298549132e+00 2.236067977499789805e+00 0.000000000000000000e+00 1.513274595042155646e+01 3.214031735997639316e+01 2.202271554554523902e+01 2.973213749463701205e+01 7.071067811865475505e+00 2.385372088375312671e+01 2.280350850198275836e+01 3.324154027718932269e+01 2.640075756488817049e+01 2.729468812791236232e+01 1.421267040355189515e+01 2.416609194718914466e+01 2.594224354214569317e+01 1.077032961426900748e+01 3.501428280002319582e+01 1.004987562112088995e+01 1.720465053408525335e+01 1.118033988749894903e+01 1.400000000000000000e+01
3.512833614050059339e+01 2.302172886644267535e+01 1.334166406412633421e+01 1.513274595042155646e+01 0.000000000000000000e+00 3.605551275463989214e+01 2.778488797889960793e+01 3.905124837953326988e+01 1.835755975068581947e+01 2.209072203437452231e+01 2.002498439450078749e+01 3.668787265568828104e+01 1.897366596101027625e+01 3.101612483854164637e+01 1.170469991071962568e+01 1.389244398944980396e+01 3.679673898594819548e+01 5.385164807134503739e+00 3.956008088970496317e+01 1.843908891458577415e+01 1.204159457879229578e+01 4.000000000000000000e+00 2.236067977499789805e+00
9.055385138137417300e+00 3.478505426185217431e+01 3.101612483854164637e+01 3.214031735997639316e+01 3.605551275463989214e+01 0.000000000000000000e+00 1.019803902718556898e+01 1.360147050873544394e+01 2.531797780234432693e+01 1.562049935181330795e+01 1.780449381476485726e+01 1.414213562373095145e+00 2.408318915758459156e+01 5.099019513592784492e+00 2.435159132377184221e+01 2.906888370749726747e+01 1.749285568453590045e+01 3.667424164178449786e+01 3.605551275463989125e+00 2.209072203437452231e+01 2.459674775249768786e+01 3.492849839314595783e+01 3.383784863137726262e+01
1.555634918610404505e+01 2.469817807045693669e+01 2.102379604162863913e+01 2.202271554554523902e+01 2.778488797889960793e+01 1.019803902718556898e+01 0.000000000000000000e+00 1.252996408614166768e+01 1.513274595042155646e+01 1.216552506059643868e+01 1.360147050873544394e+01 1.140175425099137918e+01 2.088061301782110135e+01 5.830951894845300743e+00 1.640121946685672683e+01 2.418677324489564739e+01 1.303840481040529831e+01 2.751363298439520833e+01 1.300000000000000000e+01 1.200000000000000000e+01 1.769180601295413169e+01 2.600000000000000000e+01 2.555386467836127551e+01
2.256102834535695578e+01 2.906888370749726747e+01 2.954657340538831534e+01 2.973213749463701205e+01 3.905124837953326988e+01 1.360147050873544394e+01 1.252996408614166768e+01 0.000000000000000000e+00 2.284731931759172596e+01 2.435159132377184221e+01 2.600000000000000000e+01 1.486606874731850603e+01 3.324154027718932269e+01 1.403566884761819900e+01 2.831960451701259274e+01 3.671511950137163893e+01 5.385164807134503739e+00 3.773592452822641263e+01 1.303840481040529831e+01 2.109502310972898798e+01 3.000000000000000000e+01 3.661966684720110976e+01 3.687817782917154830e+01
2.906888370749726747e+01 1.063014581273464998e+01 6.708203932499369415e+00 7.071067811865475505e+00 1.835755975068581947e+01 2.531797780234432693e+01 1.513274595042155646e+01 2.284731931759172596e+01 0.000000000000000000e+00 1.910497317454279909e+01 1.860107523773827509e+01 2.647640458974745314e+01 2.376972864800942631e+01 2.061552812808830382e+01 1.216552506059643868e+01 2.319482700948640286e+01 1.941648783894759944e+01 1.555634918610404505e+01 2.807133769523639799e+01 3.605551275463989125e+00 1.529705854077835525e+01 1.500000000000000000e+01 1.655294535724684835e+01
1.303840481040529831e+01 2.969848480983499428e+01 2.195449840010014952e+01 2.385372088375312671e+01 2.209072203437452231e+01 1.562049935181330795e+01 1.216552506059643868e+01 2.435159132377184221e+01 1.910497317454279909e+01 0.000000000000000000e+00 2.236067977499789805e+00 1.581138830084189628e+01 8.944271909999159220e+00 1.140175425099137918e+01 1.118033988749894903e+01 1.345362404707370985e+01 2.517935662402834396e+01 2.418677324489564739e+01 1.920937271229854559e+01 1.562049935181330795e+01 1.004987562112088995e+01 2.209072203437452231e+01 2.002498439450078749e+01
1.513274595042155646e+01 2.906888370749726747e+01 2.080865204668481283e+01 2.280350850198275836e+01 2.002498439450078749e+01 1.780449381476485726e+01 1.360147050873544394e+01 2.600000000000000000e+01 1.860107523773827509e+01 2.236067977499789805e+00 0.000000000000000000e+00 1.802775637731994607e+01 7.280109889280518054e+00 1.345362404707370985e+01 9.486832980505138124e+00 1.131370849898476116e+01 2.647640458974745314e+01 2.236067977499789805e+01 2.140093455903269515e+01 1.526433752247374720e+01 8.000000000000000000e+00 2.022374841615668473e+01 1.800000000000000000e+01
8.000000000000000000e+00 3.605551275463989214e+01 3.206243908376279705e+01 3.324154027718932269e+01 3.668787265568828104e+01 1.414213562373095145e+00 1.140175425099137918e+01 1.486606874731850603e+01 2.647640458974745314e+01 1.581138830084189628e+01 1.802775637731994607e+01 0.000000000000000000e+00 2.404163056034261459e+01 6.000000000000000000e+00 2.500000000000000000e+01 2.920616373302046753e+01 1.886796226411320632e+01 3.748332962798262713e+01 3.605551275463989125e+00 2.319482700948640286e+01 2.507987240796890660e+01 3.569313659514949677e+01 3.448187929913333249e+01
1.923538406167134340e+01 3.361547262794321966e+01 2.420743687382040932e+01 2.640075756488817049e+01 1.897366596101027625e+01 2.408318915758459156e+01 2.088061301782110135e+01 3.324154027718932269e+01 2.376972864800942631e+01 8.944271909999159220e+00 7.280109889280518054e+00 2.404163056034261459e+01 0.000000000000000000e+00 2.024845673131658685e+01 1.220655561573370207e+01 6.082762530298219339e+00 3.373425558686599857e+01 2.282542442102665348e+01 2.758622844826744469e+01 2.088061301782110135e+01 9.219544457292887074e+00 2.059126028197400160e+01 1.746424919657297892e+01
1.000000000000000000e+01 3.046309242345563462e+01 2.607680962081059661e+01 2.729468812791236232e+01 3.101612483854164637e+01 5.099019513592784492e+00 5.830951894845300743e+00 1.403566884761819900e+01 2.061552812808830382e+01 1.140175425099137918e+01 1.345362404707370985e+01 6.000000000000000000e+00 2.024845673131658685e+01 0.000000000000000000e+00 1.931320791582796659e+01 2.475883680627989492e+01 1.649242250247064234e+01 3.157530680769388809e+01 8.544003745317530374e+00 1.726267650163206824e+01 1.972308292331602075e+01 2.983286778035259701e+01 2.879236009777593708e+01
2.402082429892862692e+01 2.147091055358388800e+01 1.204159457879229578e+01 1.421267040355189515e+01 1.170469991071962568e+01 2.435159132377184221e+01 1.640121946685672683e+01 2.831960451701259274e+01 1.216552506059643868e+01 1.118033988749894903e+01 9.486832980505138124e+00 2.500000000000000000e+01 1.220655561573370207e+01 1.931320791582796659e+01 0.000000000000000000e+00 1.104536101718726115e+01 2.692582403567251959e+01 1.303840481040529831e+01 2.785677655436823841e+01 1.004987562112088995e+01 3.162277660168379523e+00 1.100000000000000000e+01 9.486832980505138124e+00
2.507987240796890660e+01 3.195309061734091571e+01 2.193171219946130890e+01 2.416609194718914466e+01 1.389244398944980396e+01 2.906888370749726747e+01 2.418677324489564739e+01 3.671511950137163893e+01 2.319482700948640286e+01 1.345362404707370985e+01 1.131370849898476116e+01 2.920616373302046753e+01 6.082762530298219339e+00 2.475883680627989492e+01 1.104536101718726115e+01 0.000000000000000000e+00 3.640054944640259293e+01 1.843908891458577415e+01 3.264965543462901820e+01 2.100000000000000000e+01 8.000000000000000000e+00 1.627882059609970611e+01 1.280624847486569706e+01
2.600000000000000000e+01 2.433105012119287736e+01 2.607680962081059661e+01 2.594224354214569317e+01 3.679673898594819548e+01 1.749285568453590045e+01 1.303840481040529831e+01 5.385164807134503739e+00 1.941648783894759944e+01 2.517935662402834396e+01 2.647640458974745314e+01 1.886796226411320632e+01 3.373425558686599857e+01 1.649242250247064234e+01 2.692582403567251959e+01 3.640054944640259293e+01 0.000000000000000000e+00 3.482814953453599571e+01 1.769180601295413169e+01 1.838477631085023489e+01 2.906888370749726747e+01 3.397057550292606010e+01 3.471310991541956525e+01
3.705401462729781059e+01 1.824828759089465890e+01 9.433981132056603158e+00 1.077032961426900748e+01 5.385164807134503739e+00 3.667424164178449786e+01 2.751363298439520833e+01 3.773592452822641263e+01 1.555634918610404505e+01 2.418677324489564739e+01 2.236067977499789805e+01 3.748332962798262713e+01 2.282542442102665348e+01 3.157530680769388809e+01 1.303840481040529831e+01 1.843908891458577415e+01 3.482814953453599571e+01 0.000000000000000000e+00 4.002499219237900263e+01 1.664331697709323876e+01 1.456021977856103611e+01 2.236067977499789805e+00 5.656854249492380582e+00
1.118033988749894903e+01 3.710795063055894616e+01 3.401470270338990076e+01 3.501428280002319582e+01 3.956008088970496317e+01 3.605551275463989125e+00 1.300000000000000000e+01 1.303840481040529831e+01 2.807133769523639799e+01 1.920937271229854559e+01 2.140093455903269515e+01 3.605551275463989125e+00 2.758622844826744469e+01 8.544003745317530374e+00 2.785677655436823841e+01 3.264965543462901820e+01 1.769180601295413169e+01 4.002499219237900263e+01 0.000000000000000000e+00 2.500000000000000000e+01 2.817800560721074277e+01 3.832753579347360073e+01 3.733630940518894192e+01
2.549509756796392423e+01 1.421267040355189515e+01 9.055385138137417300e+00 1.004987562112088995e+01 1.843908891458577415e+01 2.209072203437452231e+01 1.200000000000000000e+01 2.109502310972898798e+01 3.605551275463989125e+00 1.562049935181330795e+01 1.526433752247374720e+01 2.319482700948640286e+01 2.088061301782110135e+01 1.726267650163206824e+01 1.004987562112088995e+01 2.100000000000000000e+01 1.838477631085023489e+01 1.664331697709323876e+01 2.500000000000000000e+01 0.000000000000000000e+00 1.300000000000000000e+01 1.562049935181330795e+01 1.640121946685672683e+01
2.308679276123039159e+01 2.459674775249768786e+01 1.500000000000000000e+01 1.720465053408525335e+01 1.204159457879229578e+01 2.459674775249768786e+01 1.769180601295413169e+01 3.000000000000000000e+01 1.529705854077835525e+01 1.004987562112088995e+01 8.000000000000000000e+00 2.507987240796890660e+01 9.219544457292887074e+00 1.972308292331602075e+01 3.162277660168379523e+00 8.000000000000000000e+00 2.906888370749726747e+01 1.456021977856103611e+01 2.817800560721074277e+01 1.300000000000000000e+01 0.000000000000000000e+00 1.236931687685298087e+01 1.000000000000000000e+01
3.501428280002319582e+01 1.902629759044044633e+01 9.486832980505138124e+00 1.118033988749894903e+01 4.000000000000000000e+00 3.492849839314595783e+01 2.600000000000000000e+01 3.661966684720110976e+01 1.500000000000000000e+01 2.209072203437452231e+01 2.022374841615668473e+01 3.569313659514949677e+01 2.059126028197400160e+01 2.983286778035259701e+01 1.100000000000000000e+01 1.627882059609970611e+01 3.397057550292606010e+01 2.236067977499789805e+00 3.832753579347360073e+01 1.562049935181330795e+01 1.236931687685298087e+01 0.000000000000000000e+00 3.605551275463989125e+00
3.306055050963308162e+01 2.202271554554523902e+01 1.204159457879229578e+01 1.400000000000000000e+01 2.236067977499789805e+00 3.383784863137726262e+01 2.555386467836127551e+01 3.687817782917154830e+01 1.655294535724684835e+01 2.002498439450078749e+01 1.800000000000000000e+01 3.448187929913333249e+01 1.746424919657297892e+01 2.879236009777593708e+01 9.486832980505138124e+00 1.280624847486569706e+01 3.471310991541956525e+01 5.656854249492380582e+00 3.733630940518894192e+01 1.640121946685672683e+01 1.000000000000000000e+01 3.605551275463989125e+00 0.000000000000000000e+00
