0.000000000000000000e+00 3.087069808086626210e+01 6.403124237432848531e+00 3.255764119219941222e+01 3.440930106817050671e+01 3.522782990761707111e+01 2.758622844826744469e+01 2.860069929215018192e+01 2.209072203437452231e+01 2.334523505985750447e+01 3.006659275674581622e+01 3.023243291566194912e+01 3.807886552931954327e+01 3.006659275674581622e+01 1.992485884517127559e+01 2.641968962724581260e+01 3.238826948140329165e+01 4.024922359499621649e+01 1.334166406412633421e+01 1.252996408614166768e+01 4.049691346263317371e+01 3.006659275674581622e+01 6.708203932499369415e+00 4.263801121065568367e+01 3.712142238654116966e+01
3.087069808086626210e+01 0.000000000000000000e+00 2.529822128134703618e+01 9.848857801796103928e+00 7.000000000000000000e+00 1.788854381999831844e+01 1.000000000000000000e+01 1.486606874731850603e+01 2.751363298439520833e+01 1.264911064067351809e+01 3.106444913401813324e+01 1.627882059609970611e+01 7.810249675906653977e+00 1.118033988749894903e+01 2.280350850198275836e+01 1.802775637731994607e+01 8.944271909999159220e+00 2.507987240796890660e+01 2.500000000000000000e+01 2.209072203437452231e+01 2.184032966784155505e+01 3.448187929913333249e+01 2.416609194718914466e+01 2.002498439450078749e+01 2.282542442102665348e+01
6.403124237432848531e+00 2.529822128134703618e+01 0.000000000000000000e+00 2.624880949681337583e+01 2.830194339616981125e+01 2.884441020371191300e+01 2.126029162546929996e+01 2.220360331117451835e+01 1.711724276862369010e+01 1.697056274847713908e+01 2.507987240796890660e+01 2.385372088375312671e+01 3.220248437620923454e+01 2.617250465660480074e+01 1.414213562373095101e+01 2.012461179749810825e+01 2.800000000000000000e+01 3.401470270338990076e+01 8.062257748298549132e+00 6.324555320336759046e+00 3.413209633175202384e+01 2.570992026436488231e+01 2.828427124746190291e+00 3.623534186398687496e+01 3.087069808086626210e+01
3.255764119219941222e+01 9.848857801796103928e+00 2.624880949681337583e+01 0.000000000000000000e+00 4.472135954999579610e+00 8.062257748298549132e+00 5.000000000000000000e+00 7.071067811865475505e+00 2.200000000000000000e+01 9.433981132056603158e+00 2.340939982143925135e+01 7.615773105863908654e+00 9.486832980505138124e+00 2.088061301782110135e+01 1.824828759089465890e+01 1.104536101718726115e+01 1.878829422805593552e+01 1.523154621172781731e+01 2.284731931759172596e+01 2.109502310972898798e+01 1.216552506059643868e+01 2.720294101747088789e+01 2.617250465660480074e+01 1.140175425099137918e+01 1.303840481040529831e+01
3.440930106817050671e+01 7.000000000000000000e+00 2.830194339616981125e+01 4.472135954999579610e+00 0.000000000000000000e+00 1.204159457879229578e+01 8.062257748298549132e+00 1.140175425099137918e+01 2.607680962081059661e+01 1.236931687685298087e+01 2.785677655436823841e+01 1.208304597359457233e+01 5.099019513592784492e+00 1.811077027627483460e+01 2.202271554554523902e+01 1.529705854077835525e+01 1.552417469626002422e+01 1.886796226411320632e+01 2.596150997149434048e+01 2.376972864800942631e+01 1.523154621172781731e+01 3.162277660168379256e+01 2.780287754891568852e+01 1.303840481040529831e+01 1.702938636592640265e+01
3.522782990761707111e+01 1.788854381999831844e+01 2.884441020371191300e+01 8.062257748298549132e+00 1.204159457879229578e+01 0.000000000000000000e+00 1.000000000000000000e+01 6.708203932499369415e+00 1.931320791582796659e+01 1.264911064067351809e+01 1.802775637731994607e+01 5.000000000000000000e+00 1.640121946685672683e+01 2.879236009777593708e+01 1.720465053408525335e+01 9.219544457292887074e+00 2.683281572999747766e+01 7.280109889280518054e+00 2.334523505985750447e+01 2.280350850198275836e+01 5.385164807134503739e+00 2.202271554554523902e+01 2.952964612046680060e+01 8.062257748298549132e+00 5.000000000000000000e+00
2.758622844826744469e+01 1.000000000000000000e+01 2.126029162546929996e+01 5.000000000000000000e+00 8.062257748298549132e+00 1.000000000000000000e+01 0.000000000000000000e+00 5.000000000000000000e+00 1.824828759089465890e+01 4.472135954999579610e+00 2.109502310972898798e+01 6.708203932499369415e+00 1.300000000000000000e+01 1.972308292331602075e+01 1.400000000000000000e+01 8.062257748298549132e+00 1.843908891458577415e+01 1.711724276862369010e+01 1.802775637731994607e+01 1.612451549659709826e+01 1.513274595042155646e+01 2.459674775249768786e+01 2.126029162546929996e+01 1.565247584249852864e+01 1.431782106327635340e+01
2.860069929215018192e+01 1.486606874731850603e+01 2.220360331117451835e+01 7.071067811865475505e+00 1.140175425099137918e+01 6.708203932499369415e+00 5.000000000000000000e+00 0.000000000000000000e+00 1.503329637837290811e+01 6.082762530298219339e+00 1.655294535724684835e+01 2.000000000000000000e+00 1.649242250247064234e+01 2.469817807045693669e+01 1.170469991071962568e+01 4.000000000000000000e+00 2.343074902771996193e+01 1.303840481040529831e+01 1.720465053408525335e+01 1.627882059609970611e+01 1.208304597359457233e+01 2.024845673131658685e+01 2.282542442102665348e+01 1.414213562373095101e+01 1.000000000000000000e+01
2.209072203437452231e+01 2.751363298439520833e+01 1.711724276862369010e+01 2.200000000000000000e+01 2.607680962081059661e+01 1.931320791582796659e+01 1.824828759089465890e+01 1.503329637837290811e+01 0.000000000000000000e+00 1.486606874731850603e+01 8.000000000000000000e+00 1.529705854077835525e+01 3.114482300479487265e+01 3.440930106817050671e+01 5.000000000000000000e+00 1.104536101718726115e+01 3.448187929913333249e+01 2.126029162546929996e+01 9.055385138137417300e+00 1.170469991071962568e+01 2.332380757938120297e+01 8.944271909999159220e+00 1.941648783894759944e+01 2.731300056749532601e+01 1.860107523773827509e+01
2.334523505985750447e+01 1.264911064067351809e+01 1.697056274847713908e+01 9.433981132056603158e+00 1.236931687685298087e+01 1.264911064067351809e+01 4.472135954999579610e+00 6.082762530298219339e+00 1.486606874731850603e+01 0.000000000000000000e+00 1.910497317454279909e+01 8.062257748298549132e+00 1.711724276862369010e+01 2.051828452868319275e+01 1.019803902718556898e+01 6.708203932499369415e+00 2.000000000000000000e+01 1.910497317454279909e+01 1.360147050873544394e+01 1.166190378969060149e+01 1.802775637731994607e+01 2.220360331117451835e+01 1.720465053408525335e+01 1.941648783894759944e+01 1.603121954188139853e+01
3.006659275674581622e+01 3.106444913401813324e+01 2.507987240796890660e+01 2.340939982143925135e+01 2.785677655436823841e+01 1.802775637731994607e+01 2.109502310972898798e+01 1.655294535724684835e+01 8.000000000000000000e+00 1.910497317454279909e+01 0.000000000000000000e+00 1.581138830084189628e+01 3.289376840679705083e+01 3.959797974644666141e+01 1.170469991071962568e+01 1.303840481040529831e+01 3.905124837953326988e+01 1.708800749063506075e+01 1.702938636592640265e+01 1.941648783894759944e+01 2.039607805437113797e+01 4.000000000000000000e+00 2.729468812791236232e+01 2.517935662402834396e+01 1.529705854077835525e+01
3.023243291566194912e+01 1.627882059609970611e+01 2.385372088375312671e+01 7.615773105863908654e+00 1.208304597359457233e+01 5.000000000000000000e+00 6.708203932499369415e+00 2.000000000000000000e+00 1.529705854077835525e+01 8.062257748298549132e+00 1.581138830084189628e+01 0.000000000000000000e+00 1.708800749063506075e+01 2.641968962724581260e+01 1.252996408614166768e+01 4.472135954999579610e+00 2.500000000000000000e+01 1.104536101718726115e+01 1.843908891458577415e+01 1.780449381476485726e+01 1.029563014098700080e+01 1.964688270438849926e+01 2.459674775249768786e+01 1.280624847486569706e+01 8.000000000000000000e+00
3.807886552931954327e+01 7.810249675906653977e+00 3.220248437620923454e+01 9.486832980505138124e+00 5.099019513592784492e+00 1.640121946685672683e+01 1.300000000000000000e+01 1.649242250247064234e+01 3.114482300479487265e+01 1.711724276862369010e+01 3.289376840679705083e+01 1.708800749063506075e+01 0.000000000000000000e+00 1.726267650163206824e+01 2.700000000000000000e+01 2.039607805437113797e+01 1.403566884761819900e+01 2.267156809750926882e+01 3.059411708155671050e+01 2.816025568065744622e+01 1.860107523773827509e+01 3.668787265568828104e+01 3.138470965295043058e+01 1.523154621172781731e+01 2.126029162546929996e+01
3.006659275674581622e+01 1.118033988749894903e+01 2.617250465660480074e+01 2.088061301782110135e+01 1.811077027627483460e+01 2.879236009777593708e+01 1.972308292331602075e+01 2.469817807045693669e+01 3.440930106817050671e+01 2.051828452868319275e+01 3.959797974644666141e+01 2.641968962724581260e+01 1.726267650163206824e+01 0.000000000000000000e+00 2.941088233970548416e+01 2.701851217221259205e+01 3.605551275463989125e+00 3.605551275463989214e+01 2.915475947422650194e+01 2.563201123595259290e+01 3.298484500494128469e+01 4.252058325093859992e+01 2.402082429892862692e+01 3.114482300479487265e+01 3.361547262794321966e+01
1.992485884517127559e+01 2.280350850198275836e+01 1.414213562373095101e+01 1.824828759089465890e+01 2.202271554554523902e+01 1.720465053408525335e+01 1.400000000000000000e+01 1.170469991071962568e+01 5.000000000000000000e+00 1.019803902718556898e+01 1.170469991071962568e+01 1.252996408614166768e+01 2.700000000000000000e+01 2.941088233970548416e+01 0.000000000000000000e+00 8.062257748298549132e+00 2.952964612046680060e+01 2.080865204668481283e+01 6.708203932499369415e+00 8.000000000000000000e+00 2.193171219946130890e+01 1.360147050873544394e+01 1.600000000000000000e+01 2.523885892824792521e+01 1.780449381476485726e+01
2.641968962724581260e+01 1.802775637731994607e+01 2.012461179749810825e+01 1.104536101718726115e+01 1.529705854077835525e+01 9.219544457292887074e+00 8.062257748298549132e+00 4.000000000000000000e+00 1.104536101718726115e+01 6.708203932499369415e+00 1.303840481040529831e+01 4.472135954999579610e+00 2.039607805437113797e+01 2.701851217221259205e+01 8.062257748298549132e+00 0.000000000000000000e+00 2.617250465660480074e+01 1.392838827718411920e+01 1.414213562373095101e+01 1.389244398944980396e+01 1.421267040355189515e+01 1.655294535724684835e+01 2.118962010041709121e+01 1.720465053408525335e+01 1.077032961426900748e+01
3.238826948140329165e+01 8.944271909999159220e+00 2.800000000000000000e+01 1.878829422805593552e+01 1.552417469626002422e+01 2.683281572999747766e+01 1.843908891458577415e+01 2.343074902771996193e+01 3.448187929913333249e+01 2.000000000000000000e+01 3.905124837953326988e+01 2.500000000000000000e+01 1.403566884761819900e+01 3.605551275463989125e+00 2.952964612046680060e+01 2.617250465660480074e+01 0.000000000000000000e+00 3.401470270338990076e+01 3.008321791298264714e+01 2.668332812825266842e+01 3.067572330035593353e+01 4.220189569201838253e+01 2.607680962081059661e+01 2.844292530665578411e+01 3.176476034853718033e+01
4.024922359499621649e+01 2.507987240796890660e+01 3.401470270338990076e+01 1.523154621172781731e+01 1.886796226411320632e+01 7.280109889280518054e+00 1.711724276862369010e+01 1.303840481040529831e+01 2.126029162546929996e+01 1.910497317454279909e+01 1.708800749063506075e+01 1.104536101718726115e+01 2.267156809750926882e+01 3.605551275463989214e+01 2.080865204668481283e+01 1.392838827718411920e+01 3.401470270338990076e+01 0.000000000000000000e+00 2.745906043549196340e+01 2.773084924772409465e+01 4.472135954999579610e+00 2.088061301782110135e+01 3.511409973215887703e+01 9.486832980505138124e+00 3.162277660168379523e+00
1.334166406412633421e+01 2.500000000000000000e+01 8.062257748298549132e+00 2.284731931759172596e+01 2.596150997149434048e+01 2.334523505985750447e+01 1.802775637731994607e+01 1.720465053408525335e+01 9.055385138137417300e+00 1.360147050873544394e+01 1.702938636592640265e+01 1.843908891458577415e+01 3.059411708155671050e+01 2.915475947422650194e+01 6.708203932499369415e+00 1.414213562373095101e+01 3.008321791298264714e+01 2.745906043549196340e+01 0.000000000000000000e+00 3.605551275463989125e+00 2.831960451701259274e+01 1.772004514666934938e+01 1.044030650891055068e+01 3.124099870362661591e+01 2.441311123146740414e+01
1.252996408614166768e+01 2.209072203437452231e+01 6.324555320336759046e+00 2.109502310972898798e+01 2.376972864800942631e+01 2.280350850198275836e+01 1.612451549659709826e+01 1.627882059609970611e+01 1.170469991071962568e+01 1.166190378969060149e+01 1.941648783894759944e+01 1.780449381476485726e+01 2.816025568065744622e+01 2.563201123595259290e+01 8.000000000000000000e+00 1.389244398944980396e+01 2.668332812825266842e+01 2.773084924772409465e+01 3.605551275463989125e+00 0.000000000000000000e+00 2.801785145224380003e+01 2.061552812808830382e+01 8.000000000000000000e+00 3.041381265149109936e+01 2.459674775249768786e+01
4.049691346263317371e+01 2.184032966784155505e+01 3.413209633175202384e+01 1.216552506059643868e+01 1.523154621172781731e+01 5.385164807134503739e+00 1.513274595042155646e+01 1.208304597359457233e+01 2.332380757938120297e+01 1.802775637731994607e+01 2.039607805437113797e+01 1.029563014098700080e+01 1.860107523773827509e+01 3.298484500494128469e+01 2.193171219946130890e+01 1.421267040355189515e+01 3.067572330035593353e+01 4.472135954999579610e+00 2.831960451701259274e+01 2.801785145224380003e+01 0.000000000000000000e+00 2.433105012119287736e+01 3.488552708502481892e+01 5.099019513592784492e+00 5.099019513592784492e+00
3.006659275674581622e+01 3.448187929913333249e+01 2.570992026436488231e+01 2.720294101747088789e+01 3.162277660168379256e+01 2.202271554554523902e+01 2.459674775249768786e+01 2.024845673131658685e+01 8.944271909999159220e+00 2.220360331117451835e+01 4.000000000000000000e+00 1.964688270438849926e+01 3.668787265568828104e+01 4.252058325093859992e+01 1.360147050873544394e+01 1.655294535724684835e+01 4.220189569201838253e+01 2.088061301782110135e+01 1.772004514666934938e+01 2.061552812808830382e+01 2.433105012119287736e+01 0.000000000000000000e+00 2.816025568065744622e+01 2.915475947422650194e+01 1.923538406167134340e+01
6.708203932499369415e+00 2.416609194718914466e+01 2.828427124746190291e+00 2.617250465660480074e+01 2.780287754891568852e+01 2.952964612046680060e+01 2.126029162546929996e+01 2.282542442102665348e+01 1.941648783894759944e+01 1.720465053408525335e+01 2.729468812791236232e+01 2.459674775249768786e+01 3.138470965295043058e+01 2.402082429892862692e+01 1.600000000000000000e+01 2.118962010041709121e+01 2.607680962081059661e+01 3.511409973215887703e+01 1.044030650891055068e+01 8.000000000000000000e+00 3.488552708502481892e+01 2.816025568065744622e+01 0.000000000000000000e+00 3.661966684720110976e+01 3.195309061734091571e+01
4.263801121065568367e+01 2.002498439450078749e+01 3.623534186398687496e+01 1.140175425099137918e+01 1.303840481040529831e+01 8.062257748298549132e+00 1.565247584249852864e+01 1.414213562373095101e+01 2.731300056749532601e+01 1.941648783894759944e+01 2.517935662402834396e+01 1.280624847486569706e+01 1.523154621172781731e+01 3.114482300479487265e+01 2.523885892824792521e+01 1.720465053408525335e+01 2.844292530665578411e+01 9.486832980505138124e+00 3.124099870362661591e+01 3.041381265149109936e+01 5.099019513592784492e+00 2.915475947422650194e+01 3.661966684720110976e+01 0.000000000000000000e+00 1.000000000000000000e+01
3.712142238654116966e+01 2.282542442102665348e+01 3.087069808086626210e+01 1.303840481040529831e+01 1.702938636592640265e+01 5.000000000000000000e+00 1.431782106327635340e+01 1.000000000000000000e+01 1.860107523773827509e+01 1.603121954188139853e+01 1.529705854077835525e+01 8.000000000000000000e+00 2.126029162546929996e+01 3.361547262794321966e+01 1.780449381476485726e+01 1.077032961426900748e+01 3.176476034853718033e+01 3.162277660168379523e+00 2.441311123146740414e+01 2.459674775249768786e+01 5.099019513592784492e+00 1.923538406167134340e+01 3.195309061734091571e+01 1.000000000000000000e+01 0.000000000000000000e+00
