0.000000000000000000e+00 1.140175425099137918e+01 1.612451549659709826e+01 1.431782106327635340e+01 1.603121954188139853e+01 1.972308292331602075e+01 2.220360331117451835e+01 1.964688270438849926e+01 4.242640687119284770e+00 1.264911064067351809e+01 2.009975124224177989e+01 1.166190378969060149e+01 2.121320343559642652e+01 1.664331697709323876e+01 1.749285568453590045e+01 5.000000000000000000e+00 1.749285568453590045e+01 1.746424919657297892e+01 1.104536101718726115e+01 2.247220505424423109e+01 1.414213562373095101e+01 1.886796226411320632e+01
1.140175425099137918e+01 0.000000000000000000e+00 1.421267040355189515e+01 6.708203932499369415e+00 1.063014581273464998e+01 3.106444913401813324e+01 1.081665382639196871e+01 2.807133769523639799e+01 1.264911064067351809e+01 1.140175425099137918e+01 3.036445290137795183e+01 2.267156809750926882e+01 1.264911064067351809e+01 7.000000000000000000e+00 1.969771560359220786e+01 8.062257748298549132e+00 2.408318915758459156e+01 2.617250465660480074e+01 6.324555320336759046e+00 1.118033988749894903e+01 3.162277660168379523e+00 2.517935662402834396e+01
1.612451549659709826e+01 1.421267040355189515e+01 0.000000000000000000e+00 8.544003745317530374e+00 2.475883680627989492e+01 3.001666203960726875e+01 2.022374841615668473e+01 2.024845673131658685e+01 1.303840481040529831e+01 2.441311123146740414e+01 2.545584412271571040e+01 2.630589287593181069e+01 2.641968962724581260e+01 1.118033988749894903e+01 7.071067811865475505e+00 1.746424919657297892e+01 1.476482306023340030e+01 1.920937271229854559e+01 1.984943324127920761e+01 2.137755832643194864e+01 1.341640786499873883e+01 1.523154621172781731e+01
1.431782106327635340e+01 6.708203932499369415e+00 8.544003745317530374e+00 0.000000000000000000e+00 1.720465053408525335e+01 3.252691193458118590e+01 1.200000000000000000e+01 2.624880949681337583e+01 1.345362404707370985e+01 1.802775637731994607e+01 3.001666203960726875e+01 2.594224354214569317e+01 1.802775637731994607e+01 3.162277660168379523e+00 1.513274595042155646e+01 1.303840481040529831e+01 2.137755832643194864e+01 2.469817807045693669e+01 1.300000000000000000e+01 1.303840481040529831e+01 5.000000000000000000e+00 2.220360331117451835e+01
1.603121954188139853e+01 1.063014581273464998e+01 2.475883680627989492e+01 1.720465053408525335e+01 0.000000000000000000e+00 3.420526275297414287e+01 1.414213562373095101e+01 3.551056180912940619e+01 1.941648783894759944e+01 5.000000000000000000e+00 3.601388621073821383e+01 2.376972864800942631e+01 6.403124237432848531e+00 1.655294535724684835e+01 2.968164415931165934e+01 1.104536101718726115e+01 3.257299494980465937e+01 3.337663853655727308e+01 5.385164807134503739e+00 1.334166406412633421e+01 1.252996408614166768e+01 3.383784863137726262e+01
1.972308292331602075e+01 3.106444913401813324e+01 3.001666203960726875e+01 3.252691193458118590e+01 3.420526275297414287e+01 0.000000000000000000e+00 4.188078318274384770e+01 1.513274595042155646e+01 1.910497317454279909e+01 2.961418578992169515e+01 8.544003745317530374e+00 1.100000000000000000e+01 4.016217125604640614e+01 3.538361202590826338e+01 2.624880949681337583e+01 2.416609194718914466e+01 1.910497317454279909e+01 1.400000000000000000e+01 3.008321791298264714e+01 4.219004621945797595e+01 3.360059523282288296e+01 2.002498439450078749e+01
2.220360331117451835e+01 1.081665382639196871e+01 2.022374841615668473e+01 1.200000000000000000e+01 1.414213562373095101e+01 4.188078318274384770e+01 0.000000000000000000e+00 3.785498646149540036e+01 2.325940669922601600e+01 1.802775637731994607e+01 4.085339643163099055e+01 3.324154027718932269e+01 1.044030650891055068e+01 9.055385138137417300e+00 2.707397274136176790e+01 1.838477631085023489e+01 3.324154027718932269e+01 3.613862199918530393e+01 1.389244398944980396e+01 1.414213562373095145e+00 8.544003745317530374e+00 3.413209633175202384e+01
1.964688270438849926e+01 2.807133769523639799e+01 2.024845673131658685e+01 2.624880949681337583e+01 3.551056180912940619e+01 1.513274595042155646e+01 3.785498646149540036e+01 0.000000000000000000e+00 1.612451549659709826e+01 3.228002478313794654e+01 7.071067811865475505e+00 1.984943324127920761e+01 4.004996878900157498e+01 2.941088233970548416e+01 1.414213562373095101e+01 2.451530134426252516e+01 5.656854249492380582e+00 2.236067977499789805e+00 3.026549190084311292e+01 3.863935817272331263e+01 2.942787793912432193e+01 5.830951894845300743e+00
4.242640687119284770e+00 1.264911064067351809e+01 1.303840481040529831e+01 1.345362404707370985e+01 1.941648783894759944e+01 1.910497317454279909e+01 2.325940669922601600e+01 1.612451549659709826e+01 0.000000000000000000e+00 1.655294535724684835e+01 1.772004514666934938e+01 1.334166406412633421e+01 2.400000000000000000e+01 1.627882059609970611e+01 1.341640786499873883e+01 8.544003745317530374e+00 1.341640786499873883e+01 1.403566884761819900e+01 1.414213562373095101e+01 2.376972864800942631e+01 1.476482306023340030e+01 1.476482306023340030e+01
1.264911064067351809e+01 1.140175425099137918e+01 2.441311123146740414e+01 1.802775637731994607e+01 5.000000000000000000e+00 2.961418578992169515e+01 1.802775637731994607e+01 3.228002478313794654e+01 1.655294535724684835e+01 0.000000000000000000e+00 3.206243908376279705e+01 1.897366596101027625e+01 1.140175425099137918e+01 1.824828759089465890e+01 2.831960451701259274e+01 8.062257748298549132e+00 2.996664812754339380e+01 3.008321791298264714e+01 5.099019513592784492e+00 1.746424919657297892e+01 1.414213562373095101e+01 3.130495168499705727e+01
2.009975124224177989e+01 3.036445290137795183e+01 2.545584412271571040e+01 3.001666203960726875e+01 3.601388621073821383e+01 8.544003745317530374e+00 4.085339643163099055e+01 7.071067811865475505e+00 1.772004514666934938e+01 3.206243908376279705e+01 0.000000000000000000e+00 1.612451549659709826e+01 4.130375285612676350e+01 3.312099032335839155e+01 2.024845673131658685e+01 2.507987240796890660e+01 1.208304597359457233e+01 6.708203932499369415e+00 3.114482300479487265e+01 4.143669871020131978e+01 3.231098884280702066e+01 1.264911064067351809e+01
1.166190378969060149e+01 2.267156809750926882e+01 2.630589287593181069e+01 2.594224354214569317e+01 2.376972864800942631e+01 1.100000000000000000e+01 3.324154027718932269e+01 1.984943324127920761e+01 1.334166406412633421e+01 1.897366596101027625e+01 1.612451549659709826e+01 0.000000000000000000e+00 2.996664812754339380e+01 2.830194339616981125e+01 2.517935662402834396e+01 1.486606874731850603e+01 2.102379604162863913e+01 1.780449381476485726e+01 2.024845673131658685e+01 3.330165161069342616e+01 2.561249694973139412e+01 2.236067977499789805e+01
2.121320343559642652e+01 1.264911064067351809e+01 2.641968962724581260e+01 1.802775637731994607e+01 6.403124237432848531e+00 4.016217125604640614e+01 1.044030650891055068e+01 4.004996878900157498e+01 2.400000000000000000e+01 1.140175425099137918e+01 4.130375285612676350e+01 2.996664812754339380e+01 0.000000000000000000e+00 1.627882059609970611e+01 3.231098884280702066e+01 1.627882059609970611e+01 3.649657518178931781e+01 3.801315561749642313e+01 1.019803902718556898e+01 9.219544457292887074e+00 1.303840481040529831e+01 3.765634076752546378e+01
1.664331697709323876e+01 7.000000000000000000e+00 1.118033988749894903e+01 3.162277660168379523e+00 1.655294535724684835e+01 3.538361202590826338e+01 9.055385138137417300e+00 2.941088233970548416e+01 1.627882059609970611e+01 1.824828759089465890e+01 3.312099032335839155e+01 2.830194339616981125e+01 1.627882059609970611e+01 0.000000000000000000e+00 1.802775637731994607e+01 1.456021977856103611e+01 2.451530134426252516e+01 2.785677655436823841e+01 1.315294643796590535e+01 1.019803902718556898e+01 4.123105625617660586e+00 2.531797780234432693e+01
1.749285568453590045e+01 1.969771560359220786e+01 7.071067811865475505e+00 1.513274595042155646e+01 2.968164415931165934e+01 2.624880949681337583e+01 2.707397274136176790e+01 1.414213562373095101e+01 1.341640786499873883e+01 2.831960451701259274e+01 2.024845673131658685e+01 2.517935662402834396e+01 3.231098884280702066e+01 1.802775637731994607e+01 0.000000000000000000e+00 2.051828452868319275e+01 8.485281374238569541e+00 1.360147050873544394e+01 2.441311123146740414e+01 2.816025568065744622e+01 1.964688270438849926e+01 8.602325267042626677e+00
5.000000000000000000e+00 8.062257748298549132e+00 1.746424919657297892e+01 1.303840481040529831e+01 1.104536101718726115e+01 2.416609194718914466e+01 1.838477631085023489e+01 2.451530134426252516e+01 8.544003745317530374e+00 8.062257748298549132e+00 2.507987240796890660e+01 1.486606874731850603e+01 1.627882059609970611e+01 1.456021977856103611e+01 2.051828452868319275e+01 0.000000000000000000e+00 2.193171219946130890e+01 2.236067977499789805e+01 6.082762530298219339e+00 1.843908891458577415e+01 1.118033988749894903e+01 2.325940669922601600e+01
1.749285568453590045e+01 2.408318915758459156e+01 1.476482306023340030e+01 2.137755832643194864e+01 3.257299494980465937e+01 1.910497317454279909e+01 3.324154027718932269e+01 5.656854249492380582e+00 1.341640786499873883e+01 2.996664812754339380e+01 1.208304597359457233e+01 2.102379604162863913e+01 3.649657518178931781e+01 2.451530134426252516e+01 8.485281374238569541e+00 2.193171219946130890e+01 0.000000000000000000e+00 5.385164807134503739e+00 2.720294101747088789e+01 3.413209633175202384e+01 2.501999200639360765e+01 1.414213562373095145e+00
1.746424919657297892e+01 2.617250465660480074e+01 1.920937271229854559e+01 2.469817807045693669e+01 3.337663853655727308e+01 1.400000000000000000e+01 3.613862199918530393e+01 2.236067977499789805e+00 1.403566884761819900e+01 3.008321791298264714e+01 6.708203932499369415e+00 1.780449381476485726e+01 3.801315561749642313e+01 2.785677655436823841e+01 1.360147050873544394e+01 2.236067977499789805e+01 5.385164807134503739e+00 0.000000000000000000e+00 2.816025568065744622e+01 3.687817782917154830e+01 2.765863337187866122e+01 6.082762530298219339e+00
1.104536101718726115e+01 6.324555320336759046e+00 1.984943324127920761e+01 1.300000000000000000e+01 5.385164807134503739e+00 3.008321791298264714e+01 1.389244398944980396e+01 3.026549190084311292e+01 1.414213562373095101e+01 5.099019513592784492e+00 3.114482300479487265e+01 2.024845673131658685e+01 1.019803902718556898e+01 1.315294643796590535e+01 2.441311123146740414e+01 6.082762530298219339e+00 2.720294101747088789e+01 2.816025568065744622e+01 0.000000000000000000e+00 1.360147050873544394e+01 9.055385138137417300e+00 2.846049894151541437e+01
2.247220505424423109e+01 1.118033988749894903e+01 2.137755832643194864e+01 1.303840481040529831e+01 1.334166406412633421e+01 4.219004621945797595e+01 1.414213562373095145e+00 3.863935817272331263e+01 2.376972864800942631e+01 1.746424919657297892e+01 4.143669871020131978e+01 3.330165161069342616e+01 9.219544457292887074e+00 1.019803902718556898e+01 2.816025568065744622e+01 1.843908891458577415e+01 3.413209633175202384e+01 3.687817782917154830e+01 1.360147050873544394e+01 0.000000000000000000e+00 9.219544457292887074e+00 3.505709628591620941e+01
1.414213562373095101e+01 3.162277660168379523e+00 1.341640786499873883e+01 5.000000000000000000e+00 1.252996408614166768e+01 3.360059523282288296e+01 8.544003745317530374e+00 2.942787793912432193e+01 1.476482306023340030e+01 1.414213562373095101e+01 3.231098884280702066e+01 2.561249694973139412e+01 1.303840481040529831e+01 4.123105625617660586e+00 1.964688270438849926e+01 1.118033988749894903e+01 2.501999200639360765e+01 2.765863337187866122e+01 9.055385138137417300e+00 9.219544457292887074e+00 0.000000000000000000e+00 2.600000000000000000e+01
1.886796226411320632e+01 2.517935662402834396e+01 1.523154621172781731e+01 2.220360331117451835e+01 3.383784863137726262e+01 2.002498439450078749e+01 3.413209633175202384e+01 5.830951894845300743e+00 1.476482306023340030e+01 3.130495168499705727e+01 1.264911064067351809e+01 2.236067977499789805e+01 3.765634076752546378e+01 2.531797780234432693e+01 8.602325267042626677e+00 2.325940669922601600e+01 1.414213562373095145e+00 6.082762530298219339e+00 2.846049894151541437e+01 3.505709628591620941e+01 2.600000000000000000e+01 0.000000000000000000e+00
