0.000000000000000000e+00 1.552417469626002422e+01 2.451530134426252516e+01 2.193171219946130890e+01 2.408318915758459156e+01 9.219544457292887074e+00 1.552417469626002422e+01 1.565247584249852864e+01 9.055385138137417300e+00 6.082762530298219339e+00 5.000000000000000000e+00 1.403566884761819900e+01 2.549509756796392423e+01 2.236067977499789805e+01 1.910497317454279909e+01 7.280109889280518054e+00 7.211102550927978250e+00 2.690724809414741969e+01 8.544003745317530374e+00 3.324154027718932269e+01 2.000000000000000000e+00 8.602325267042626677e+00 1.886796226411320632e+01 2.720294101747088789e+01
1.552417469626002422e+01 0.000000000000000000e+00 3.440930106817050671e+01 3.605551275463989214e+01 3.087069808086626210e+01 2.473863375370596174e+01 3.104834939252004844e+01 1.969771560359220786e+01 2.418677324489564739e+01 1.414213562373095101e+01 1.969771560359220786e+01 2.408318915758459156e+01 2.729468812791236232e+01 2.451530134426252516e+01 2.860069929215018192e+01 2.280350850198275836e+01 1.486606874731850603e+01 4.134005321718877468e+01 1.697056274847713908e+01 4.720169488482378739e+01 1.360147050873544394e+01 2.022374841615668473e+01 2.061552812808830382e+01 4.205948168962618183e+01
2.451530134426252516e+01 3.440930106817050671e+01 0.000000000000000000e+00 1.280624847486569706e+01 7.000000000000000000e+00 2.236067977499789805e+01 2.236067977499789805e+01 1.562049935181330795e+01 2.531797780234432693e+01 3.059411708155671050e+01 2.009975124224177989e+01 1.077032961426900748e+01 1.603121954188139853e+01 1.552417469626002422e+01 5.830951894845300743e+00 2.209072203437452231e+01 2.012461179749810825e+01 1.615549442140351033e+01 1.788854381999831844e+01 1.800000000000000000e+01 2.500000000000000000e+01 3.100000000000000000e+01 1.700000000000000000e+01 1.878829422805593552e+01
2.193171219946130890e+01 3.605551275463989214e+01 1.280624847486569706e+01 0.000000000000000000e+00 1.878829422805593552e+01 1.523154621172781731e+01 1.200000000000000000e+01 2.209072203437452231e+01 1.802775637731994607e+01 2.720294101747088789e+01 1.697056274847713908e+01 1.414213562373095101e+01 2.692582403567251959e+01 2.531797780234432693e+01 1.334166406412633421e+01 1.612451549659709826e+01 2.147091055358388800e+01 5.385164807134503739e+00 1.969771560359220786e+01 1.131370849898476116e+01 2.334523505985750447e+01 2.507987240796890660e+01 2.500000000000000000e+01 7.000000000000000000e+00
2.408318915758459156e+01 3.087069808086626210e+01 7.000000000000000000e+00 1.878829422805593552e+01 0.000000000000000000e+00 2.459674775249768786e+01 2.624880949681337583e+01 1.118033988749894903e+01 2.731300056749532601e+01 3.001666203960726875e+01 2.061552812808830382e+01 1.044030650891055068e+01 9.055385138137417300e+00 8.944271909999159220e+00 6.403124237432848531e+00 2.376972864800942631e+01 1.811077027627483460e+01 2.280350850198275836e+01 1.603121954188139853e+01 2.500000000000000000e+01 2.400000000000000000e+01 3.178049716414140846e+01 1.131370849898476116e+01 2.529822128134703618e+01
9.219544457292887074e+00 2.473863375370596174e+01 2.236067977499789805e+01 1.523154621172781731e+01 2.459674775249768786e+01 0.000000000000000000e+00 6.324555320336759046e+00 2.000000000000000000e+01 3.000000000000000000e+00 1.280624847486569706e+01 6.324555320336759046e+00 1.442220510185595650e+01 2.900000000000000000e+01 2.617250465660480074e+01 1.838477631085023489e+01 2.000000000000000000e+00 1.360147050873544394e+01 1.941648783894759944e+01 1.341640786499873883e+01 2.607680962081059661e+01 1.118033988749894903e+01 9.848857801796103928e+00 2.360084744241189370e+01 1.910497317454279909e+01
1.552417469626002422e+01 3.104834939252004844e+01 2.236067977499789805e+01 1.200000000000000000e+01 2.624880949681337583e+01 6.324555320336759046e+00 0.000000000000000000e+00 2.416609194718914466e+01 7.810249675906653977e+00 1.886796226411320632e+01 1.200000000000000000e+01 1.720465053408525335e+01 3.220248437620923454e+01 2.968164415931165934e+01 1.984943324127920761e+01 8.246211251235321171e+00 1.910497317454279909e+01 1.486606874731850603e+01 1.843908891458577415e+01 2.154065922853801496e+01 1.746424919657297892e+01 1.486606874731850603e+01 2.773084924772409465e+01 1.389244398944980396e+01
1.565247584249852864e+01 1.969771560359220786e+01 1.562049935181330795e+01 2.209072203437452231e+01 1.118033988749894903e+01 2.000000000000000000e+01 2.416609194718914466e+01 0.000000000000000000e+00 2.193171219946130890e+01 2.088061301782110135e+01 1.414213562373095101e+01 8.000000000000000000e+00 9.848857801796103928e+00 6.708203932499369415e+00 1.029563014098700080e+01 1.843908891458577415e+01 8.544003745317530374e+00 2.729468812791236232e+01 7.211102550927978250e+00 3.162277660168379256e+01 1.486606874731850603e+01 2.418677324489564739e+01 3.605551275463989125e+00 2.906888370749726747e+01
9.055385138137417300e+00 2.418677324489564739e+01 2.531797780234432693e+01 1.802775637731994607e+01 2.731300056749532601e+01 3.000000000000000000e+00 7.810249675906653977e+00 2.193171219946130890e+01 0.000000000000000000e+00 1.118033988749894903e+01 7.810249675906653977e+00 1.700000000000000000e+01 3.124099870362661591e+01 2.831960451701259274e+01 2.118962010041709121e+01 3.605551275463989125e+00 1.476482306023340030e+01 2.195449840010014952e+01 1.500000000000000000e+01 2.865309756378880479e+01 1.104536101718726115e+01 7.211102550927978250e+00 2.549509756796392423e+01 2.140093455903269515e+01
6.082762530298219339e+00 1.414213562373095101e+01 3.059411708155671050e+01 2.720294101747088789e+01 3.001666203960726875e+01 1.280624847486569706e+01 1.886796226411320632e+01 2.088061301782110135e+01 1.118033988749894903e+01 0.000000000000000000e+00 1.077032961426900748e+01 2.009975124224177989e+01 3.067572330035593353e+01 2.751363298439520833e+01 2.517935662402834396e+01 1.131370849898476116e+01 1.236931687685298087e+01 3.189043743820394994e+01 1.414213562373095101e+01 3.841874542459709119e+01 6.082762530298219339e+00 6.082762530298219339e+00 2.376972864800942631e+01 3.182766092567909766e+01
5.000000000000000000e+00 1.969771560359220786e+01 2.009975124224177989e+01 1.697056274847713908e+01 2.061552812808830382e+01 6.324555320336759046e+00 1.200000000000000000e+01 1.414213562373095101e+01 7.810249675906653977e+00 1.077032961426900748e+01 0.000000000000000000e+00 1.019803902718556898e+01 2.360084744241189370e+01 2.061552812808830382e+01 1.503329637837290811e+01 4.472135954999579610e+00 7.280109889280518054e+00 2.202271554554523902e+01 7.211102550927978250e+00 2.828427124746190202e+01 6.403124237432848531e+00 1.118033988749894903e+01 1.769180601295413169e+01 2.247220505424423109e+01
1.403566884761819900e+01 2.408318915758459156e+01 1.077032961426900748e+01 1.414213562373095101e+01 1.044030650891055068e+01 1.442220510185595650e+01 1.720465053408525335e+01 8.000000000000000000e+00 1.700000000000000000e+01 2.009975124224177989e+01 1.019803902718556898e+01 0.000000000000000000e+00 1.500000000000000000e+01 1.252996408614166768e+01 5.099019513592784492e+00 1.341640786499873883e+01 9.433981132056603158e+00 1.941648783894759944e+01 7.211102550927978250e+00 2.416609194718914466e+01 1.431782106327635340e+01 2.137755832643194864e+01 1.118033988749894903e+01 2.109502310972898798e+01
2.549509756796392423e+01 2.729468812791236232e+01 1.603121954188139853e+01 2.692582403567251959e+01 9.055385138137417300e+00 2.900000000000000000e+01 3.220248437620923454e+01 9.848857801796103928e+00 3.124099870362661591e+01 3.067572330035593353e+01 2.360084744241189370e+01 1.500000000000000000e+01 0.000000000000000000e+00 3.162277660168379523e+00 1.360147050873544394e+01 2.765863337187866122e+01 1.838477631085023489e+01 3.140063693621516450e+01 1.700000000000000000e+01 3.401470270338990076e+01 2.469817807045693669e+01 3.400000000000000000e+01 7.071067811865475505e+00 3.373425558686599857e+01
2.236067977499789805e+01 2.451530134426252516e+01 1.552417469626002422e+01 2.531797780234432693e+01 8.944271909999159220e+00 2.617250465660480074e+01 2.968164415931165934e+01 6.708203932499369415e+00 2.831960451701259274e+01 2.751363298439520833e+01 2.061552812808830382e+01 1.252996408614166768e+01 3.162277660168379523e+00 0.000000000000000000e+00 1.204159457879229578e+01 2.475883680627989492e+01 1.523154621172781731e+01 3.006659275674581622e+01 1.389244398944980396e+01 3.324154027718932269e+01 2.154065922853801496e+01 3.088689042296100240e+01 4.000000000000000000e+00 3.224903099319419653e+01
1.910497317454279909e+01 2.860069929215018192e+01 5.830951894845300743e+00 1.334166406412633421e+01 6.403124237432848531e+00 1.838477631085023489e+01 1.984943324127920761e+01 1.029563014098700080e+01 2.118962010041709121e+01 2.517935662402834396e+01 1.503329637837290811e+01 5.099019513592784492e+00 1.360147050873544394e+01 1.204159457879229578e+01 0.000000000000000000e+00 1.772004514666934938e+01 1.431782106327635340e+01 1.802775637731994607e+01 1.208304597359457233e+01 2.158703314492290204e+01 1.941648783894759944e+01 2.617250465660480074e+01 1.236931687685298087e+01 2.022374841615668473e+01
7.280109889280518054e+00 2.280350850198275836e+01 2.209072203437452231e+01 1.612451549659709826e+01 2.376972864800942631e+01 2.000000000000000000e+00 8.246211251235321171e+00 1.843908891458577415e+01 3.605551275463989125e+00 1.131370849898476116e+01 4.472135954999579610e+00 1.341640786499873883e+01 2.765863337187866122e+01 2.475883680627989492e+01 1.772004514666934938e+01 0.000000000000000000e+00 1.170469991071962568e+01 2.061552812808830382e+01 1.166190378969060149e+01 2.720294101747088789e+01 9.219544457292887074e+00 9.219544457292887074e+00 2.202271554554523902e+01 2.051828452868319275e+01
7.211102550927978250e+00 1.486606874731850603e+01 2.012461179749810825e+01 2.147091055358388800e+01 1.811077027627483460e+01 1.360147050873544394e+01 1.910497317454279909e+01 8.544003745317530374e+00 1.476482306023340030e+01 1.236931687685298087e+01 7.280109889280518054e+00 9.433981132056603158e+00 1.838477631085023489e+01 1.523154621172781731e+01 1.431782106327635340e+01 1.170469991071962568e+01 0.000000000000000000e+00 2.683281572999747766e+01 2.236067977499789805e+00 3.244996147917590434e+01 6.324555320336759046e+00 1.581138830084189628e+01 1.166190378969060149e+01 2.785677655436823841e+01
2.690724809414741969e+01 4.134005321718877468e+01 1.615549442140351033e+01 5.385164807134503739e+00 2.280350850198275836e+01 1.941648783894759944e+01 1.486606874731850603e+01 2.729468812791236232e+01 2.195449840010014952e+01 3.189043743820394994e+01 2.202271554554523902e+01 1.941648783894759944e+01 3.140063693621516450e+01 3.006659275674581622e+01 1.802775637731994607e+01 2.061552812808830382e+01 2.683281572999747766e+01 0.000000000000000000e+00 2.507987240796890660e+01 6.708203932499369415e+00 2.842534080710379030e+01 2.915475947422650194e+01 3.006659275674581622e+01 2.828427124746190291e+00
8.544003745317530374e+00 1.697056274847713908e+01 1.788854381999831844e+01 1.969771560359220786e+01 1.603121954188139853e+01 1.341640786499873883e+01 1.843908891458577415e+01 7.211102550927978250e+00 1.500000000000000000e+01 1.414213562373095101e+01 7.211102550927978250e+00 7.211102550927978250e+00 1.700000000000000000e+01 1.389244398944980396e+01 1.208304597359457233e+01 1.166190378969060149e+01 2.236067977499789805e+00 2.507987240796890660e+01 0.000000000000000000e+00 3.052867504494749440e+01 8.062257748298549132e+00 1.700000000000000000e+01 1.063014581273464998e+01 2.624880949681337583e+01
3.324154027718932269e+01 4.720169488482378739e+01 1.800000000000000000e+01 1.131370849898476116e+01 2.500000000000000000e+01 2.607680962081059661e+01 2.154065922853801496e+01 3.162277660168379256e+01 2.865309756378880479e+01 3.841874542459709119e+01 2.828427124746190202e+01 2.416609194718914466e+01 3.401470270338990076e+01 3.324154027718932269e+01 2.158703314492290204e+01 2.720294101747088789e+01 3.244996147917590434e+01 6.708203932499369415e+00 3.052867504494749440e+01 0.000000000000000000e+00 3.465544690232691494e+01 3.584689665786984136e+01 3.395585369269929288e+01 8.062257748298549132e+00
2.000000000000000000e+00 1.360147050873544394e+01 2.500000000000000000e+01 2.334523505985750447e+01 2.400000000000000000e+01 1.118033988749894903e+01 1.746424919657297892e+01 1.486606874731850603e+01 1.104536101718726115e+01 6.082762530298219339e+00 6.403124237432848531e+00 1.431782106327635340e+01 2.469817807045693669e+01 2.154065922853801496e+01 1.941648783894759944e+01 9.219544457292887074e+00 6.324555320336759046e+00 2.842534080710379030e+01 8.062257748298549132e+00 3.465544690232691494e+01 0.000000000000000000e+00 9.899494936611665352e+00 1.788854381999831844e+01 2.884441020371191300e+01
8.602325267042626677e+00 2.022374841615668473e+01 3.100000000000000000e+01 2.507987240796890660e+01 3.178049716414140846e+01 9.848857801796103928e+00 1.486606874731850603e+01 2.418677324489564739e+01 7.211102550927978250e+00 6.082762530298219339e+00 1.118033988749894903e+01 2.137755832643194864e+01 3.400000000000000000e+01 3.088689042296100240e+01 2.617250465660480074e+01 9.219544457292887074e+00 1.581138830084189628e+01 2.915475947422650194e+01 1.700000000000000000e+01 3.584689665786984136e+01 9.899494936611665352e+00 0.000000000000000000e+00 2.745906043549196340e+01 2.860069929215018192e+01
1.886796226411320632e+01 2.061552812808830382e+01 1.700000000000000000e+01 2.500000000000000000e+01 1.131370849898476116e+01 2.360084744241189370e+01 2.773084924772409465e+01 3.605551275463989125e+00 2.549509756796392423e+01 2.376972864800942631e+01 1.769180601295413169e+01 1.118033988749894903e+01 7.071067811865475505e+00 4.000000000000000000e+00 1.236931687685298087e+01 2.202271554554523902e+01 1.166190378969060149e+01 3.006659275674581622e+01 1.063014581273464998e+01 3.395585369269929288e+01 1.788854381999831844e+01 2.745906043549196340e+01 0.000000000000000000e+00 3.200000000000000000e+01
2.720294101747088789e+01 4.205948168962618183e+01 1.878829422805593552e+01 7.000000000000000000e+00 2.529822128134703618e+01 1.910497317454279909e+01 1.389244398944980396e+01 2.906888370749726747e+01 2.140093455903269515e+01 3.182766092567909766e+01 2.247220505424423109e+01 2.109502310972898798e+01 3.373425558686599857e+01 3.224903099319419653e+01 2.022374841615668473e+01 2.051828452868319275e+01 2.785677655436823841e+01 2.828427124746190291e+00 2.624880949681337583e+01 8.062257748298549132e+00 2.884441020371191300e+01 2.860069929215018192e+01 3.200000000000000000e+01 0.000000000000000000e+00
