0.000000000000000000e+00 2.334523505985750447e+01 7.071067811865475505e+00 2.302172886644267535e+01 1.788854381999831844e+01 5.385164807134503739e+00 2.385372088375312671e+01 9.486832980505138124e+00 7.280109889280518054e+00 1.208304597359457233e+01 1.835755975068581947e+01 1.523154621172781731e+01 1.581138830084189628e+01 1.513274595042155646e+01 3.605551275463989125e+00 1.843908891458577415e+01 1.838477631085023489e+01 2.267156809750926882e+01 2.147091055358388800e+01 1.513274595042155646e+01 1.920937271229854559e+01
2.334523505985750447e+01 0.000000000000000000e+00 2.920616373302046753e+01 1.931320791582796659e+01 2.500000000000000000e+01 2.163330765278393741e+01 2.915475947422650194e+01 2.118962010041709121e+01 2.102379604162863913e+01 2.256102834535695578e+01 4.123105625617660763e+01 3.195309061734091571e+01 1.118033988749894903e+01 1.811077027627483460e+01 2.302172886644267535e+01 5.000000000000000000e+00 3.014962686336266984e+01 3.100000000000000000e+01 7.615773105863908654e+00 1.414213562373095101e+01 2.807133769523639799e+01
7.071067811865475505e+00 2.920616373302046753e+01 0.000000000000000000e+00 3.000000000000000000e+01 2.404163056034261459e+01 7.810249675906653977e+00 2.184032966784155505e+01 1.612451549659709826e+01 1.403566884761819900e+01 1.843908891458577415e+01 1.204159457879229578e+01 9.899494936611665352e+00 2.000000000000000000e+01 1.676305461424021104e+01 1.004987562112088995e+01 2.420743687382040932e+01 2.332380757938120297e+01 1.969771560359220786e+01 2.823118842698620767e+01 1.835755975068581947e+01 1.676305461424021104e+01
2.302172886644267535e+01 1.931320791582796659e+01 3.000000000000000000e+01 0.000000000000000000e+00 9.899494936611665352e+00 2.570992026436488231e+01 4.167733196834941367e+01 1.414213562373095101e+01 1.603121954188139853e+01 1.264911064067351809e+01 3.981205847478876336e+01 3.765634076752546378e+01 2.408318915758459156e+01 2.968164415931165934e+01 2.002498439450078749e+01 1.860107523773827509e+01 1.562049935181330795e+01 4.204759208325727826e+01 1.170469991071962568e+01 2.640075756488817049e+01 3.848376280978771291e+01
1.788854381999831844e+01 2.500000000000000000e+01 2.404163056034261459e+01 9.899494936611665352e+00 0.000000000000000000e+00 2.220360331117451835e+01 4.031128874149274566e+01 8.602325267042626677e+00 1.081665382639196871e+01 5.830951894845300743e+00 3.201562118716424266e+01 3.310589071449369669e+01 2.549509756796392423e+01 2.920616373302046753e+01 1.431782106327635340e+01 2.236067977499789805e+01 5.830951894845300743e+00 3.982461550347975532e+01 1.824828759089465890e+01 2.692582403567251959e+01 3.623534186398687496e+01
5.385164807134503739e+00 2.163330765278393741e+01 7.810249675906653977e+00 2.570992026436488231e+01 2.220360331117451835e+01 0.000000000000000000e+00 1.860107523773827509e+01 1.360147050873544394e+01 1.140175425099137918e+01 1.640121946685672683e+01 1.979898987322333070e+01 1.204159457879229578e+01 1.220655561573370207e+01 1.000000000000000000e+01 8.602325267042626677e+00 1.664331697709323876e+01 2.343074902771996193e+01 1.769180601295413169e+01 2.158703314492290204e+01 1.077032961426900748e+01 1.414213562373095101e+01
2.385372088375312671e+01 2.915475947422650194e+01 2.184032966784155505e+01 4.167733196834941367e+01 4.031128874149274566e+01 1.860107523773827509e+01 0.000000000000000000e+00 3.182766092567909766e+01 2.973213749463701205e+01 3.465544690232691494e+01 2.915475947422650194e+01 1.403566884761819900e+01 1.868154169226940553e+01 1.208304597359457233e+01 2.720294101747088789e+01 2.570992026436488231e+01 4.201190307520000999e+01 3.605551275463989125e+00 3.352610922848042208e+01 1.581138830084189628e+01 5.099019513592784492e+00
9.486832980505138124e+00 2.118962010041709121e+01 1.612451549659709826e+01 1.414213562373095101e+01 8.602325267042626677e+00 1.360147050873544394e+01 3.182766092567909766e+01 0.000000000000000000e+00 2.236067977499789805e+00 2.828427124746190291e+00 2.570992026436488231e+01 2.469817807045693669e+01 1.843908891458577415e+01 2.109502310972898798e+01 6.082762530298219339e+00 1.726267650163206824e+01 1.077032961426900748e+01 3.124099870362661591e+01 1.640121946685672683e+01 1.931320791582796659e+01 2.765863337187866122e+01
7.280109889280518054e+00 2.102379604162863913e+01 1.403566884761819900e+01 1.603121954188139853e+01 1.081665382639196871e+01 1.140175425099137918e+01 2.973213749463701205e+01 2.236067977499789805e+00 0.000000000000000000e+00 5.000000000000000000e+00 2.404163056034261459e+01 2.247220505424423109e+01 1.711724276862369010e+01 1.923538406167134340e+01 4.000000000000000000e+00 1.676305461424021104e+01 1.252996408614166768e+01 2.906888370749726747e+01 1.697056274847713908e+01 1.772004514666934938e+01 2.549509756796392423e+01
1.208304597359457233e+01 2.256102834535695578e+01 1.843908891458577415e+01 1.264911064067351809e+01 5.830951894845300743e+00 1.640121946685672683e+01 3.465544690232691494e+01 2.828427124746190291e+00 5.000000000000000000e+00 0.000000000000000000e+00 2.729468812791236232e+01 2.731300056749532601e+01 2.088061301782110135e+01 2.385372088375312671e+01 8.544003745317530374e+00 1.902629759044044633e+01 8.246211251235321171e+00 3.405877273185280529e+01 1.700000000000000000e+01 2.193171219946130890e+01 3.047950130825634218e+01
1.835755975068581947e+01 4.123105625617660763e+01 1.204159457879229578e+01 3.981205847478876336e+01 3.201562118716424266e+01 1.979898987322333070e+01 2.915475947422650194e+01 2.570992026436488231e+01 2.404163056034261459e+01 2.729468812791236232e+01 0.000000000000000000e+00 1.513274595042155646e+01 3.189043743820394994e+01 2.778488797889960793e+01 2.024845673131658685e+01 3.623534186398687496e+01 2.927456233660889495e+01 2.601922366251537611e+01 3.982461550347975532e+01 3.000000000000000000e+01 2.433105012119287736e+01
1.523154621172781731e+01 3.195309061734091571e+01 9.899494936611665352e+00 3.765634076752546378e+01 3.310589071449369669e+01 1.204159457879229578e+01 1.403566884761819900e+01 2.469817807045693669e+01 2.247220505424423109e+01 2.731300056749532601e+01 1.513274595042155646e+01 0.000000000000000000e+00 2.102379604162863913e+01 1.500000000000000000e+01 1.878829422805593552e+01 2.720294101747088789e+01 3.301514803843835466e+01 1.104536101718726115e+01 3.324154027718932269e+01 1.835755975068581947e+01 9.219544457292887074e+00
1.581138830084189628e+01 1.118033988749894903e+01 2.000000000000000000e+01 2.408318915758459156e+01 2.549509756796392423e+01 1.220655561573370207e+01 1.868154169226940553e+01 1.843908891458577415e+01 1.711724276862369010e+01 2.088061301782110135e+01 3.189043743820394994e+01 2.102379604162863913e+01 0.000000000000000000e+00 7.000000000000000000e+00 1.711724276862369010e+01 7.071067811865475505e+00 2.912043955712207222e+01 2.009975124224177989e+01 1.486606874731850603e+01 3.000000000000000000e+00 1.700000000000000000e+01
1.513274595042155646e+01 1.811077027627483460e+01 1.676305461424021104e+01 2.968164415931165934e+01 2.920616373302046753e+01 1.000000000000000000e+01 1.208304597359457233e+01 2.109502310972898798e+01 1.923538406167134340e+01 2.385372088375312671e+01 2.778488797889960793e+01 1.500000000000000000e+01 7.000000000000000000e+00 0.000000000000000000e+00 1.772004514666934938e+01 1.403566884761819900e+01 3.176476034853718033e+01 1.315294643796590535e+01 2.158703314492290204e+01 4.000000000000000000e+00 1.000000000000000000e+01
3.605551275463989125e+00 2.302172886644267535e+01 1.004987562112088995e+01 2.002498439450078749e+01 1.431782106327635340e+01 8.602325267042626677e+00 2.720294101747088789e+01 6.082762530298219339e+00 4.000000000000000000e+00 8.544003745317530374e+00 2.024845673131658685e+01 1.878829422805593552e+01 1.711724276862369010e+01 1.772004514666934938e+01 0.000000000000000000e+00 1.835755975068581947e+01 1.486606874731850603e+01 2.617250465660480074e+01 2.000000000000000000e+01 1.702938636592640265e+01 2.267156809750926882e+01
1.843908891458577415e+01 5.000000000000000000e+00 2.420743687382040932e+01 1.860107523773827509e+01 2.236067977499789805e+01 1.664331697709323876e+01 2.570992026436488231e+01 1.726267650163206824e+01 1.676305461424021104e+01 1.902629759044044633e+01 3.623534186398687496e+01 2.720294101747088789e+01 7.071067811865475505e+00 1.403566884761819900e+01 1.835755975068581947e+01 0.000000000000000000e+00 2.701851217221259205e+01 2.716615541441224835e+01 8.062257748298549132e+00 1.004987562112088995e+01 2.402082429892862692e+01
1.838477631085023489e+01 3.014962686336266984e+01 2.332380757938120297e+01 1.562049935181330795e+01 5.830951894845300743e+00 2.343074902771996193e+01 4.201190307520000999e+01 1.077032961426900748e+01 1.252996408614166768e+01 8.246211251235321171e+00 2.927456233660889495e+01 3.301514803843835466e+01 2.912043955712207222e+01 3.176476034853718033e+01 1.486606874731850603e+01 2.701851217221259205e+01 0.000000000000000000e+00 4.103656905736638549e+01 2.376972864800942631e+01 3.008321791298264714e+01 3.753664875824691904e+01
2.267156809750926882e+01 3.100000000000000000e+01 1.969771560359220786e+01 4.204759208325727826e+01 3.982461550347975532e+01 1.769180601295413169e+01 3.605551275463989125e+00 3.124099870362661591e+01 2.906888370749726747e+01 3.405877273185280529e+01 2.601922366251537611e+01 1.104536101718726115e+01 2.009975124224177989e+01 1.315294643796590535e+01 2.617250465660480074e+01 2.716615541441224835e+01 4.103656905736638549e+01 0.000000000000000000e+00 3.471310991541956525e+01 1.711724276862369010e+01 3.605551275463989125e+00
2.147091055358388800e+01 7.615773105863908654e+00 2.823118842698620767e+01 1.170469991071962568e+01 1.824828759089465890e+01 2.158703314492290204e+01 3.352610922848042208e+01 1.640121946685672683e+01 1.697056274847713908e+01 1.700000000000000000e+01 3.982461550347975532e+01 3.324154027718932269e+01 1.486606874731850603e+01 2.158703314492290204e+01 2.000000000000000000e+01 8.062257748298549132e+00 2.376972864800942631e+01 3.471310991541956525e+01 0.000000000000000000e+00 1.772004514666934938e+01 3.140063693621516450e+01
1.513274595042155646e+01 1.414213562373095101e+01 1.835755975068581947e+01 2.640075756488817049e+01 2.692582403567251959e+01 1.077032961426900748e+01 1.581138830084189628e+01 1.931320791582796659e+01 1.772004514666934938e+01 2.193171219946130890e+01 3.000000000000000000e+01 1.835755975068581947e+01 3.000000000000000000e+00 4.000000000000000000e+00 1.702938636592640265e+01 1.004987562112088995e+01 3.008321791298264714e+01 1.711724276862369010e+01 1.772004514666934938e+01 0.000000000000000000e+00 1.400000000000000000e+01
1.920937271229854559e+01 2.807133769523639799e+01 1.676305461424021104e+01 3.848376280978771291e+01 3.623534186398687496e+01 1.414213562373095101e+01 5.099019513592784492e+00 2.765863337187866122e+01 2.549509756796392423e+01 3.047950130825634218e+01 2.433105012119287736e+01 9.219544457292887074e+00 1.700000000000000000e+01 1.000000000000000000e+01 2.267156809750926882e+01 2.402082429892862692e+01 3.753664875824691904e+01 3.605551275463989125e+00 3.140063693621516450e+01 1.400000000000000000e+01 0.000000000000000000e+00
