0.000000000000000000e+00 2.102379604162863913e+01 3.828837943815329226e+01 2.247220505424423109e+01 1.392838827718411920e+01 2.158703314492290204e+01 2.920616373302046753e+01 1.421267040355189515e+01 1.923538406167134340e+01 1.969771560359220786e+01 2.765863337187866122e+01 2.817800560721074277e+01 1.118033988749894903e+01 2.418677324489564739e+01 1.581138830084189628e+01 2.961418578992169515e+01 1.029563014098700080e+01 3.280243893371345365e+01 1.910497317454279909e+01 8.062257748298549132e+00 1.824828759089465890e+01 6.082762530298219339e+00 2.469817807045693669e+01 1.431782106327635340e+01 1.000000000000000000e+01 3.538361202590826338e+01 2.061552812808830382e+01 3.041381265149109936e+01 2.088061301782110135e+01
2.102379604162863913e+01 0.000000000000000000e+00 1.886796226411320632e+01 3.000000000000000000e+00 2.607680962081059661e+01 1.843908891458577415e+01 1.403566884761819900e+01 2.236067977499789805e+01 1.811077027627483460e+01 2.846049894151541437e+01 3.080584360149872580e+01 1.708800749063506075e+01 1.063014581273464998e+01 2.109502310972898798e+01 1.077032961426900748e+01 1.044030650891055068e+01 1.077032961426900748e+01 1.303840481040529831e+01 7.000000000000000000e+00 2.906888370749726747e+01 6.082762530298219339e+00 1.526433752247374720e+01 4.000000000000000000e+00 2.256102834535695578e+01 2.140093455903269515e+01 1.772004514666934938e+01 5.000000000000000000e+00 1.236931687685298087e+01 2.731300056749532601e+01
3.828837943815329226e+01 1.886796226411320632e+01 0.000000000000000000e+00 1.640121946685672683e+01 4.494441010848846219e+01 2.433105012119287736e+01 1.118033988749894903e+01 4.118252056394800320e+01 3.605551275463989214e+01 3.765634076752546378e+01 3.505709628591620941e+01 1.600000000000000000e+01 2.920616373302046753e+01 3.785498646149540036e+01 2.332380757938120297e+01 1.900000000000000000e+01 2.828427124746190202e+01 5.830951894845300743e+00 2.507987240796890660e+01 4.622769732530488085e+01 2.459674775249768786e+01 3.324154027718932269e+01 1.708800749063506075e+01 3.383784863137726262e+01 4.022437072223753063e+01 5.099019513592784492e+00 1.769180601295413169e+01 8.062257748298549132e+00 3.535533905932737753e+01
2.247220505424423109e+01 3.000000000000000000e+00 1.640121946685672683e+01 0.000000000000000000e+00 2.865309756378880479e+01 1.664331697709323876e+01 1.104536101718726115e+01 2.507987240796890660e+01 2.109502310972898798e+01 2.765863337187866122e+01 2.915475947422650194e+01 1.431782106327635340e+01 1.280624847486569706e+01 2.408318915758459156e+01 1.004987562112088995e+01 1.166190378969060149e+01 1.220655561573370207e+01 1.063014581273464998e+01 1.000000000000000000e+01 3.052867504494749440e+01 9.055385138137417300e+00 1.702938636592640265e+01 5.000000000000000000e+00 2.209072203437452231e+01 2.385372088375312671e+01 1.486606874731850603e+01 3.162277660168379523e+00 9.486832980505138124e+00 2.624880949681337583e+01
1.392838827718411920e+01 2.607680962081059661e+01 4.494441010848846219e+01 2.865309756378880479e+01 0.000000000000000000e+00 3.400000000000000000e+01 3.827531841800927737e+01 4.472135954999579610e+00 1.264911064067351809e+01 3.361547262794321966e+01 4.148493702538308270e+01 3.883297567789519888e+01 1.615549442140351033e+01 1.603121954188139853e+01 2.630589287593181069e+01 3.061045573002793319e+01 1.843908891458577415e+01 3.911521443121588959e+01 2.051828452868319275e+01 1.500000000000000000e+01 2.061552812808830382e+01 1.403566884761819900e+01 2.842534080710379030e+01 2.816025568065744622e+01 5.099019513592784492e+00 4.338202392696772591e+01 2.823118842698620767e+01 3.801315561749642313e+01 3.478505426185217431e+01
2.158703314492290204e+01 1.843908891458577415e+01 2.433105012119287736e+01 1.664331697709323876e+01 3.400000000000000000e+01 0.000000000000000000e+00 1.315294643796590535e+01 3.224903099319419653e+01 3.231098884280702066e+01 1.334166406412633421e+01 1.252996408614166768e+01 8.944271909999159220e+00 1.992485884517127559e+01 3.667424164178449786e+01 8.944271909999159220e+00 2.830194339616981125e+01 1.649242250247064234e+01 2.102379604162863913e+01 2.360084744241189370e+01 2.773084924772409465e+01 2.220360331117451835e+01 2.002498439450078749e+01 2.163330765278393741e+01 1.063014581273464998e+01 2.901723625709381693e+01 1.964688270438849926e+01 1.360147050873544394e+01 1.700000000000000000e+01 1.104536101718726115e+01
2.920616373302046753e+01 1.403566884761819900e+01 1.118033988749894903e+01 1.104536101718726115e+01 3.827531841800927737e+01 1.315294643796590535e+01 0.000000000000000000e+00 3.517101079013794873e+01 3.201562118716424266e+01 2.647640458974745314e+01 2.433105012119287736e+01 5.385164807134503739e+00 2.213594362117865444e+01 3.512833614050059339e+01 1.345362404707370985e+01 2.024845673131658685e+01 2.012461179749810825e+01 8.544003745317530374e+00 2.102379604162863913e+01 3.679673898594819548e+01 2.000000000000000000e+01 2.505992817228333536e+01 1.486606874731850603e+01 2.284731931759172596e+01 3.324154027718932269e+01 6.708203932499369415e+00 1.019803902718556898e+01 4.472135954999579610e+00 2.418677324489564739e+01
1.421267040355189515e+01 2.236067977499789805e+01 4.118252056394800320e+01 2.507987240796890660e+01 4.472135954999579610e+00 3.224903099319419653e+01 3.517101079013794873e+01 0.000000000000000000e+00 8.246211251235321171e+00 3.361547262794321966e+01 4.085339643163099055e+01 3.622154055254966920e+01 1.315294643796590535e+01 1.204159457879229578e+01 2.400000000000000000e+01 2.624880949681337583e+01 1.600000000000000000e+01 3.535533905932737753e+01 1.640121946685672683e+01 1.746424919657297892e+01 1.664331697709323876e+01 1.236931687685298087e+01 2.441311123146740414e+01 2.773084924772409465e+01 4.242640687119284770e+00 3.992492955535426091e+01 2.500000000000000000e+01 3.453983207834108526e+01 3.443835071544512516e+01
1.923538406167134340e+01 1.811077027627483460e+01 3.605551275463989214e+01 2.109502310972898798e+01 1.264911064067351809e+01 3.231098884280702066e+01 3.201562118716424266e+01 8.246211251235321171e+00 0.000000000000000000e+00 3.679673898594819548e+01 4.272001872658765365e+01 3.423448553724738019e+01 1.252996408614166768e+01 5.000000000000000000e+00 2.340939982143925135e+01 1.920937271229854559e+01 1.612451549659709826e+01 3.036445290137795183e+01 1.118033988749894903e+01 2.451530134426252516e+01 1.204159457879229578e+01 1.486606874731850603e+01 1.897366596101027625e+01 3.047950130825634218e+01 1.104536101718726115e+01 3.569313659514949677e+01 2.202271554554523902e+01 3.041381265149109936e+01 3.701351104664349378e+01
1.969771560359220786e+01 2.846049894151541437e+01 3.765634076752546378e+01 2.765863337187866122e+01 3.361547262794321966e+01 1.334166406412633421e+01 2.647640458974745314e+01 3.361547262794321966e+01 3.679673898594819548e+01 0.000000000000000000e+00 9.219544457292887074e+00 2.213594362117865444e+01 2.483948469674844262e+01 4.172529209005013229e+01 1.772004514666934938e+01 3.889730067755344578e+01 2.140093455903269515e+01 3.405877273185280529e+01 3.138470965295043058e+01 2.202271554554523902e+01 3.001666203960726875e+01 2.202271554554523902e+01 3.228002478313794654e+01 6.403124237432848531e+00 2.952964612046680060e+01 3.298484500494128469e+01 2.451530134426252516e+01 3.014962686336266984e+01 2.828427124746190291e+00
2.765863337187866122e+01 3.080584360149872580e+01 3.505709628591620941e+01 2.915475947422650194e+01 4.148493702538308270e+01 1.252996408614166768e+01 2.433105012119287736e+01 4.085339643163099055e+01 4.272001872658765365e+01 9.219544457292887074e+00 0.000000000000000000e+00 1.910497317454279909e+01 3.023243291566194912e+01 4.743416490252568707e+01 2.051828452868319275e+01 4.081666326391709987e+01 2.662705391138869615e+01 3.275667870831839679e+01 3.535533905932737753e+01 3.101612483854164637e+01 3.394112549695427816e+01 2.863564212655270680e+01 3.413209633175202384e+01 1.334166406412633421e+01 3.700000000000000000e+01 3.001666203960726875e+01 2.607680962081059661e+01 2.863564212655270680e+01 7.000000000000000000e+00
2.817800560721074277e+01 1.708800749063506075e+01 1.600000000000000000e+01 1.431782106327635340e+01 3.883297567789519888e+01 8.944271909999159220e+00 5.385164807134503739e+00 3.622154055254966920e+01 3.423448553724738019e+01 2.213594362117865444e+01 1.910497317454279909e+01 0.000000000000000000e+00 2.308679276123039159e+01 3.785498646149540036e+01 1.264911064067351809e+01 2.483948469674844262e+01 2.039607805437113797e+01 1.392838827718411920e+01 2.376972864800942631e+01 3.522782990761707111e+01 2.256102834535695578e+01 2.500000000000000000e+01 1.886796226411320632e+01 1.941648783894759944e+01 3.373425558686599857e+01 1.104536101718726115e+01 1.236931687685298087e+01 9.848857801796103928e+00 1.964688270438849926e+01
1.118033988749894903e+01 1.063014581273464998e+01 2.920616373302046753e+01 1.280624847486569706e+01 1.615549442140351033e+01 1.992485884517127559e+01 2.213594362117865444e+01 1.315294643796590535e+01 1.252996408614166768e+01 2.483948469674844262e+01 3.023243291566194912e+01 2.308679276123039159e+01 0.000000000000000000e+00 1.720465053408525335e+01 1.118033988749894903e+01 1.843908891458577415e+01 3.605551275463989125e+00 2.343074902771996193e+01 8.000000000000000000e+00 1.897366596101027625e+01 7.071067811865475505e+00 5.099019513592784492e+00 1.389244398944980396e+01 1.843908891458577415e+01 1.118033988749894903e+01 2.729468812791236232e+01 1.208304597359457233e+01 2.195449840010014952e+01 2.475883680627989492e+01
2.418677324489564739e+01 2.109502310972898798e+01 3.785498646149540036e+01 2.408318915758459156e+01 1.603121954188139853e+01 3.667424164178449786e+01 3.512833614050059339e+01 1.204159457879229578e+01 5.000000000000000000e+00 4.172529209005013229e+01 4.743416490252568707e+01 3.785498646149540036e+01 1.720465053408525335e+01 0.000000000000000000e+00 2.773084924772409465e+01 1.969771560359220786e+01 2.080865204668481283e+01 3.238826948140329165e+01 1.414213562373095101e+01 2.912043955712207222e+01 1.529705854077835525e+01 1.984943324127920761e+01 2.109502310972898798e+01 3.538361202590826338e+01 1.552417469626002422e+01 3.811823710509183627e+01 2.549509756796392423e+01 3.301514803843835466e+01 4.186884283091664116e+01
1.581138830084189628e+01 1.077032961426900748e+01 2.332380757938120297e+01 1.004987562112088995e+01 2.630589287593181069e+01 8.944271909999159220e+00 1.345362404707370985e+01 2.400000000000000000e+01 2.340939982143925135e+01 1.772004514666934938e+01 2.051828452868319275e+01 1.264911064067351809e+01 1.118033988749894903e+01 2.773084924772409465e+01 0.000000000000000000e+00 2.118962010041709121e+01 8.000000000000000000e+00 1.838477631085023489e+01 1.486606874731850603e+01 2.334523505985750447e+01 1.345362404707370985e+01 1.236931687685298087e+01 1.456021977856103611e+01 1.204159457879229578e+01 2.121320343559642652e+01 1.984943324127920761e+01 7.000000000000000000e+00 1.526433752247374720e+01 1.655294535724684835e+01
2.961418578992169515e+01 1.044030650891055068e+01 1.900000000000000000e+01 1.166190378969060149e+01 3.061045573002793319e+01 2.830194339616981125e+01 2.024845673131658685e+01 2.624880949681337583e+01 1.920937271229854559e+01 3.889730067755344578e+01 4.081666326391709987e+01 2.483948469674844262e+01 1.843908891458577415e+01 1.969771560359220786e+01 2.118962010041709121e+01 0.000000000000000000e+00 2.002498439450078749e+01 1.431782106327635340e+01 1.077032961426900748e+01 3.736308338453881106e+01 1.140175425099137918e+01 2.353720459187963954e+01 6.708203932499369415e+00 3.298484500494128469e+01 2.692582403567251959e+01 2.061552812808830382e+01 1.476482306023340030e+01 1.655294535724684835e+01 3.769615364994152884e+01
1.029563014098700080e+01 1.077032961426900748e+01 2.828427124746190202e+01 1.220655561573370207e+01 1.843908891458577415e+01 1.649242250247064234e+01 2.012461179749810825e+01 1.600000000000000000e+01 1.612451549659709826e+01 2.140093455903269515e+01 2.662705391138869615e+01 2.039607805437113797e+01 3.605551275463989125e+00 2.080865204668481283e+01 8.000000000000000000e+00 2.002498439450078749e+01 0.000000000000000000e+00 2.267156809750926882e+01 1.044030650891055068e+01 1.835755975068581947e+01 9.219544457292887074e+00 5.000000000000000000e+00 1.456021977856103611e+01 1.500000000000000000e+01 1.334166406412633421e+01 2.580697580112788003e+01 1.063014581273464998e+01 2.061552812808830382e+01 2.121320343559642652e+01
3.280243893371345365e+01 1.303840481040529831e+01 5.830951894845300743e+00 1.063014581273464998e+01 3.911521443121588959e+01 2.102379604162863913e+01 8.544003745317530374e+00 3.535533905932737753e+01 3.036445290137795183e+01 3.405877273185280529e+01 3.275667870831839679e+01 1.392838827718411920e+01 2.343074902771996193e+01 3.238826948140329165e+01 1.838477631085023489e+01 1.431782106327635340e+01 2.267156809750926882e+01 0.000000000000000000e+00 1.931320791582796659e+01 4.080441152620633005e+01 1.878829422805593552e+01 2.758622844826744469e+01 1.140175425099137918e+01 2.961418578992169515e+01 3.440930106817050671e+01 6.324555320336759046e+00 1.220655561573370207e+01 4.123105625617660586e+00 3.200000000000000000e+01
1.910497317454279909e+01 7.000000000000000000e+00 2.507987240796890660e+01 1.000000000000000000e+01 2.051828452868319275e+01 2.360084744241189370e+01 2.102379604162863913e+01 1.640121946685672683e+01 1.118033988749894903e+01 3.138470965295043058e+01 3.535533905932737753e+01 2.376972864800942631e+01 8.000000000000000000e+00 1.414213562373095101e+01 1.486606874731850603e+01 1.077032961426900748e+01 1.044030650891055068e+01 1.931320791582796659e+01 0.000000000000000000e+00 2.668332812825266842e+01 1.414213562373095145e+00 1.303840481040529831e+01 8.062257748298549132e+00 2.505992817228333536e+01 1.640121946685672683e+01 2.451530134426252516e+01 1.140175425099137918e+01 1.923538406167134340e+01 3.080584360149872580e+01
8.062257748298549132e+00 2.906888370749726747e+01 4.622769732530488085e+01 3.052867504494749440e+01 1.500000000000000000e+01 2.773084924772409465e+01 3.679673898594819548e+01 1.746424919657297892e+01 2.451530134426252516e+01 2.202271554554523902e+01 3.101612483854164637e+01 3.522782990761707111e+01 1.897366596101027625e+01 2.912043955712207222e+01 2.334523505985750447e+01 3.736308338453881106e+01 1.835755975068581947e+01 4.080441152620633005e+01 2.668332812825266842e+01 0.000000000000000000e+00 2.596150997149434048e+01 1.392838827718411920e+01 3.269556544854363267e+01 1.843908891458577415e+01 1.360147050873544394e+01 4.313930922024598402e+01 2.860069929215018192e+01 3.828837943815329226e+01 2.402082429892862692e+01
1.824828759089465890e+01 6.082762530298219339e+00 2.459674775249768786e+01 9.055385138137417300e+00 2.061552812808830382e+01 2.220360331117451835e+01 2.000000000000000000e+01 1.664331697709323876e+01 1.204159457879229578e+01 3.001666203960726875e+01 3.394112549695427816e+01 2.256102834535695578e+01 7.071067811865475505e+00 1.529705854077835525e+01 1.345362404707370985e+01 1.140175425099137918e+01 9.219544457292887074e+00 1.878829422805593552e+01 1.414213562373095145e+00 2.596150997149434048e+01 0.000000000000000000e+00 1.216552506059643868e+01 7.810249675906653977e+00 2.370653918225939449e+01 1.627882059609970611e+01 2.376972864800942631e+01 1.019803902718556898e+01 1.843908891458577415e+01 2.941088233970548416e+01
6.082762530298219339e+00 1.526433752247374720e+01 3.324154027718932269e+01 1.702938636592640265e+01 1.403566884761819900e+01 2.002498439450078749e+01 2.505992817228333536e+01 1.236931687685298087e+01 1.486606874731850603e+01 2.202271554554523902e+01 2.863564212655270680e+01 2.500000000000000000e+01 5.099019513592784492e+00 1.984943324127920761e+01 1.236931687685298087e+01 2.353720459187963954e+01 5.000000000000000000e+00 2.758622844826744469e+01 1.303840481040529831e+01 1.392838827718411920e+01 1.216552506059643868e+01 0.000000000000000000e+00 1.878829422805593552e+01 1.581138830084189628e+01 9.000000000000000000e+00 3.080584360149872580e+01 1.562049935181330795e+01 2.561249694973139412e+01 2.247220505424423109e+01
2.469817807045693669e+01 4.000000000000000000e+00 1.708800749063506075e+01 5.000000000000000000e+00 2.842534080710379030e+01 2.163330765278393741e+01 1.486606874731850603e+01 2.441311123146740414e+01 1.897366596101027625e+01 3.228002478313794654e+01 3.413209633175202384e+01 1.886796226411320632e+01 1.389244398944980396e+01 2.109502310972898798e+01 1.456021977856103611e+01 6.708203932499369415e+00 1.456021977856103611e+01 1.140175425099137918e+01 8.062257748298549132e+00 3.269556544854363267e+01 7.810249675906653977e+00 1.878829422805593552e+01 0.000000000000000000e+00 2.647640458974745314e+01 2.404163056034261459e+01 1.702938636592640265e+01 8.062257748298549132e+00 1.204159457879229578e+01 3.101612483854164637e+01
1.431782106327635340e+01 2.256102834535695578e+01 3.383784863137726262e+01 2.209072203437452231e+01 2.816025568065744622e+01 1.063014581273464998e+01 2.284731931759172596e+01 2.773084924772409465e+01 3.047950130825634218e+01 6.403124237432848531e+00 1.334166406412633421e+01 1.941648783894759944e+01 1.843908891458577415e+01 3.538361202590826338e+01 1.204159457879229578e+01 3.298484500494128469e+01 1.500000000000000000e+01 2.961418578992169515e+01 2.505992817228333536e+01 1.843908891458577415e+01 2.370653918225939449e+01 1.581138830084189628e+01 2.647640458974745314e+01 0.000000000000000000e+00 2.376972864800942631e+01 2.954657340538831534e+01 1.902629759044044633e+01 2.596150997149434048e+01 6.708203932499369415e+00
1.000000000000000000e+01 2.140093455903269515e+01 4.022437072223753063e+01 2.385372088375312671e+01 5.099019513592784492e+00 2.901723625709381693e+01 3.324154027718932269e+01 4.242640687119284770e+00 1.104536101718726115e+01 2.952964612046680060e+01 3.700000000000000000e+01 3.373425558686599857e+01 1.118033988749894903e+01 1.552417469626002422e+01 2.121320343559642652e+01 2.692582403567251959e+01 1.334166406412633421e+01 3.440930106817050671e+01 1.640121946685672683e+01 1.360147050873544394e+01 1.627882059609970611e+01 9.000000000000000000e+00 2.404163056034261459e+01 2.376972864800942631e+01 0.000000000000000000e+00 3.847076812334268681e+01 2.325940669922601600e+01 3.312099032335839155e+01 3.046309242345563462e+01
3.538361202590826338e+01 1.772004514666934938e+01 5.099019513592784492e+00 1.486606874731850603e+01 4.338202392696772591e+01 1.964688270438849926e+01 6.708203932499369415e+00 3.992492955535426091e+01 3.569313659514949677e+01 3.298484500494128469e+01 3.001666203960726875e+01 1.104536101718726115e+01 2.729468812791236232e+01 3.811823710509183627e+01 1.984943324127920761e+01 2.061552812808830382e+01 2.580697580112788003e+01 6.324555320336759046e+00 2.451530134426252516e+01 4.313930922024598402e+01 2.376972864800942631e+01 3.080584360149872580e+01 1.702938636592640265e+01 2.954657340538831534e+01 3.847076812334268681e+01 0.000000000000000000e+00 1.526433752247374720e+01 5.385164807134503739e+00 3.059411708155671050e+01
2.061552812808830382e+01 5.000000000000000000e+00 1.769180601295413169e+01 3.162277660168379523e+00 2.823118842698620767e+01 1.360147050873544394e+01 1.019803902718556898e+01 2.500000000000000000e+01 2.202271554554523902e+01 2.451530134426252516e+01 2.607680962081059661e+01 1.236931687685298087e+01 1.208304597359457233e+01 2.549509756796392423e+01 7.000000000000000000e+00 1.476482306023340030e+01 1.063014581273464998e+01 1.220655561573370207e+01 1.140175425099137918e+01 2.860069929215018192e+01 1.019803902718556898e+01 1.562049935181330795e+01 8.062257748298549132e+00 1.902629759044044633e+01 2.325940669922601600e+01 1.526433752247374720e+01 0.000000000000000000e+00 1.000000000000000000e+01 2.308679276123039159e+01
3.041381265149109936e+01 1.236931687685298087e+01 8.062257748298549132e+00 9.486832980505138124e+00 3.801315561749642313e+01 1.700000000000000000e+01 4.472135954999579610e+00 3.453983207834108526e+01 3.041381265149109936e+01 3.014962686336266984e+01 2.863564212655270680e+01 9.848857801796103928e+00 2.195449840010014952e+01 3.301514803843835466e+01 1.526433752247374720e+01 1.655294535724684835e+01 2.061552812808830382e+01 4.123105625617660586e+00 1.923538406167134340e+01 3.828837943815329226e+01 1.843908891458577415e+01 2.561249694973139412e+01 1.204159457879229578e+01 2.596150997149434048e+01 3.312099032335839155e+01 5.385164807134503739e+00 1.000000000000000000e+01 0.000000000000000000e+00 2.801785145224380003e+01
2.088061301782110135e+01 2.731300056749532601e+01 3.535533905932737753e+01 2.624880949681337583e+01 3.478505426185217431e+01 1.104536101718726115e+01 2.418677324489564739e+01 3.443835071544512516e+01 3.701351104664349378e+01 2.828427124746190291e+00 7.000000000000000000e+00 1.964688270438849926e+01 2.475883680627989492e+01 4.186884283091664116e+01 1.655294535724684835e+01 3.769615364994152884e+01 2.121320343559642652e+01 3.200000000000000000e+01 3.080584360149872580e+01 2.402082429892862692e+01 2.941088233970548416e+01 2.247220505424423109e+01 3.101612483854164637e+01 6.708203932499369415e+00 3.046309242345563462e+01 3.059411708155671050e+01 2.308679276123039159e+01 2.801785145224380003e+01 0.000000000000000000e+00
