0.000000000000000000e+00 3.482814953453599571e+01 3.436568055487916240e+01 1.811077027627483460e+01 1.104536101718726115e+01 5.000000000000000000e+00 5.830951894845300743e+00 2.690724809414741969e+01 4.022437072223753063e+01 2.408318915758459156e+01 2.118962010041709121e+01 3.000000000000000000e+00 4.308131845707602992e+01 1.886796226411320632e+01 2.789265136196270589e+01 2.360084744241189370e+01 2.220360331117451835e+01 4.341658669218482203e+01 1.170469991071962568e+01 3.701351104664349378e+01 2.022374841615668473e+01 1.627882059609970611e+01 3.466987164671942878e+01 1.769180601295413169e+01 2.823118842698620767e+01 3.354101966249684352e+01
3.482814953453599571e+01 0.000000000000000000e+00 2.789265136196270589e+01 2.531797780234432693e+01 2.640075756488817049e+01 3.818376618407356915e+01 3.330165161069342616e+01 9.219544457292887074e+00 6.082762530298219339e+00 1.081665382639196871e+01 2.983286778035259701e+01 3.255764119219941222e+01 1.431782106327635340e+01 1.802775637731994607e+01 2.900000000000000000e+01 1.334166406412633421e+01 2.400000000000000000e+01 1.104536101718726115e+01 2.549509756796392423e+01 2.236067977499789805e+00 2.408318915758459156e+01 1.886796226411320632e+01 3.605551275463989125e+00 1.749285568453590045e+01 1.649242250247064234e+01 1.708800749063506075e+01
3.436568055487916240e+01 2.789265136196270589e+01 0.000000000000000000e+00 3.940812099047606409e+01 2.376972864800942631e+01 3.400000000000000000e+01 2.906888370749726747e+01 2.968164415931165934e+01 2.801785145224380003e+01 2.640075756488817049e+01 1.414213562373095101e+01 3.140063693621516450e+01 2.184032966784155505e+01 3.189043743820394994e+01 7.280109889280518054e+00 3.124099870362661591e+01 4.110960958218893069e+01 2.630589287593181069e+01 3.400000000000000000e+01 2.844292530665578411e+01 3.982461550347975532e+01 2.860069929215018192e+01 2.451530134426252516e+01 2.842534080710379030e+01 3.860051813123756403e+01 1.104536101718726115e+01
1.811077027627483460e+01 2.531797780234432693e+01 3.940812099047606409e+01 0.000000000000000000e+00 1.923538406167134340e+01 2.308679276123039159e+01 2.121320343559642652e+01 1.612451549659709826e+01 3.140063693621516450e+01 1.612451549659709826e+01 3.080584360149872580e+01 1.802775637731994607e+01 3.805259518088089266e+01 8.246211251235321171e+00 3.535533905932737753e+01 1.204159457879229578e+01 4.123105625617660586e+00 3.612478373637688378e+01 7.280109889280518054e+00 2.745906043549196340e+01 2.236067977499789805e+00 1.081665382639196871e+01 2.701851217221259205e+01 1.118033988749894903e+01 1.204159457879229578e+01 3.324154027718932269e+01
1.104536101718726115e+01 2.640075756488817049e+01 2.376972864800942631e+01 1.923538406167134340e+01 0.000000000000000000e+00 1.252996408614166768e+01 7.211102550927978250e+00 2.024845673131658685e+01 3.111269837220809009e+01 1.655294535724684835e+01 1.204159457879229578e+01 8.062257748298549132e+00 3.264965543462901820e+01 1.503329637837290811e+01 1.788854381999831844e+01 1.824828759089465890e+01 2.247220505424423109e+01 3.360059523282288296e+01 1.220655561573370207e+01 2.842534080710379030e+01 2.061552812808830382e+01 1.100000000000000000e+01 2.545584412271571040e+01 1.204159457879229578e+01 2.500000000000000000e+01 2.256102834535695578e+01
5.000000000000000000e+00 3.818376618407356915e+01 3.400000000000000000e+01 2.308679276123039159e+01 1.252996408614166768e+01 0.000000000000000000e+00 5.385164807134503739e+00 3.080584360149872580e+01 4.327817001676480402e+01 2.765863337187866122e+01 2.009975124224177989e+01 5.830951894845300743e+00 4.517742799230607176e+01 2.325940669922601600e+01 2.707397274136176790e+01 2.778488797889960793e+01 2.716615541441224835e+01 4.604345773288535071e+01 1.649242250247064234e+01 4.031128874149274566e+01 2.517935662402834396e+01 2.024845673131658685e+01 3.764306044943742080e+01 2.163330765278393741e+01 3.289376840679705083e+01 3.478505426185217431e+01
5.830951894845300743e+00 3.330165161069342616e+01 2.906888370749726747e+01 2.121320343559642652e+01 7.211102550927978250e+00 5.385164807134503739e+00 0.000000000000000000e+00 2.641968962724581260e+01 3.820994634908559817e+01 2.302172886644267535e+01 1.552417469626002422e+01 3.605551275463989125e+00 3.982461550347975532e+01 1.964688270438849926e+01 2.236067977499789805e+01 2.376972864800942631e+01 2.507987240796890660e+01 4.080441152620633005e+01 1.403566884761819900e+01 3.538361202590826338e+01 2.308679276123039159e+01 1.615549442140351033e+01 3.255764119219941222e+01 1.746424919657297892e+01 2.961418578992169515e+01 2.941088233970548416e+01
2.690724809414741969e+01 9.219544457292887074e+00 2.968164415931165934e+01 1.612451549659709826e+01 2.024845673131658685e+01 3.080584360149872580e+01 2.641968962724581260e+01 0.000000000000000000e+00 1.529705854077835525e+01 4.000000000000000000e+00 2.707397274136176790e+01 2.500000000000000000e+01 2.236067977499789805e+01 8.944271909999159220e+00 2.846049894151541437e+01 4.123105625617660586e+00 1.513274595042155646e+01 2.002498439450078749e+01 1.664331697709323876e+01 1.140175425099137918e+01 1.500000000000000000e+01 1.063014581273464998e+01 1.104536101718726115e+01 9.219544457292887074e+00 9.219544457292887074e+00 2.051828452868319275e+01
4.022437072223753063e+01 6.082762530298219339e+00 2.801785145224380003e+01 3.140063693621516450e+01 3.111269837220809009e+01 4.327817001676480402e+01 3.820994634908559817e+01 1.529705854077835525e+01 0.000000000000000000e+00 1.655294535724684835e+01 3.269556544854363267e+01 3.780211634287159939e+01 9.899494936611665352e+00 2.404163056034261459e+01 3.059411708155671050e+01 1.941648783894759944e+01 3.001666203960726875e+01 5.385164807134503739e+00 3.138470965295043058e+01 4.000000000000000000e+00 3.014962686336266984e+01 2.459674775249768786e+01 5.656854249492380582e+00 2.325940669922601600e+01 2.220360331117451835e+01 1.700000000000000000e+01
2.408318915758459156e+01 1.081665382639196871e+01 2.640075756488817049e+01 1.612451549659709826e+01 1.655294535724684835e+01 2.765863337187866122e+01 2.302172886644267535e+01 4.000000000000000000e+00 1.655294535724684835e+01 0.000000000000000000e+00 2.308679276123039159e+01 2.193171219946130890e+01 2.200000000000000000e+01 8.000000000000000000e+00 2.469817807045693669e+01 5.000000000000000000e+00 1.615549442140351033e+01 2.061552812808830382e+01 1.486606874731850603e+01 1.303840481040529831e+01 1.552417469626002422e+01 8.062257748298549132e+00 1.140175425099137918e+01 6.708203932499369415e+00 1.220655561573370207e+01 1.802775637731994607e+01
2.118962010041709121e+01 2.983286778035259701e+01 1.414213562373095101e+01 3.080584360149872580e+01 1.204159457879229578e+01 2.009975124224177989e+01 1.552417469626002422e+01 2.707397274136176790e+01 3.269556544854363267e+01 2.308679276123039159e+01 0.000000000000000000e+00 1.838477631085023489e+01 3.047950130825634218e+01 2.507987240796890660e+01 7.000000000000000000e+00 2.668332812825266842e+01 3.361547262794321966e+01 3.328663395418647752e+01 2.408318915758459156e+01 3.132091952673165025e+01 3.190611226708763226e+01 2.102379604162863913e+01 2.751363298439520833e+01 2.154065922853801496e+01 3.420526275297414287e+01 1.838477631085023489e+01
3.000000000000000000e+00 3.255764119219941222e+01 3.140063693621516450e+01 1.802775637731994607e+01 8.062257748298549132e+00 5.830951894845300743e+00 3.605551275463989125e+00 2.500000000000000000e+01 3.780211634287159939e+01 2.193171219946130890e+01 1.838477631085023489e+01 0.000000000000000000e+00 4.031128874149274566e+01 1.746424919657297892e+01 2.500000000000000000e+01 2.195449840010014952e+01 2.200000000000000000e+01 4.081666326391709987e+01 1.104536101718726115e+01 3.471310991541956525e+01 2.000000000000000000e+01 1.442220510185595650e+01 3.220248437620923454e+01 1.581138830084189628e+01 2.720294101747088789e+01 3.059411708155671050e+01
4.308131845707602992e+01 1.431782106327635340e+01 2.184032966784155505e+01 3.805259518088089266e+01 3.264965543462901820e+01 4.517742799230607176e+01 3.982461550347975532e+01 2.236067977499789805e+01 9.899494936611665352e+00 2.200000000000000000e+01 3.047950130825634218e+01 4.031128874149274566e+01 0.000000000000000000e+00 3.000000000000000000e+01 2.641968962724581260e+01 2.617250465660480074e+01 3.748332962798262713e+01 5.385164807134503739e+00 3.634556369077249371e+01 1.303840481040529831e+01 3.721558813185679071e+01 2.927456233660889495e+01 1.140175425099137918e+01 2.816025568065744622e+01 3.067572330035593353e+01 1.220655561573370207e+01
1.886796226411320632e+01 1.802775637731994607e+01 3.189043743820394994e+01 8.246211251235321171e+00 1.503329637837290811e+01 2.325940669922601600e+01 1.964688270438849926e+01 8.944271909999159220e+00 2.404163056034261459e+01 8.000000000000000000e+00 2.507987240796890660e+01 1.746424919657297892e+01 3.000000000000000000e+01 0.000000000000000000e+00 2.860069929215018192e+01 5.000000000000000000e+00 9.219544457292887074e+00 2.844292530665578411e+01 7.810249675906653977e+00 2.024845673131658685e+01 8.062257748298549132e+00 4.123105625617660586e+00 1.923538406167134340e+01 3.605551275463989125e+00 1.004987562112088995e+01 2.507987240796890660e+01
2.789265136196270589e+01 2.900000000000000000e+01 7.280109889280518054e+00 3.535533905932737753e+01 1.788854381999831844e+01 2.707397274136176790e+01 2.236067977499789805e+01 2.846049894151541437e+01 3.059411708155671050e+01 2.469817807045693669e+01 7.000000000000000000e+00 2.500000000000000000e+01 2.641968962724581260e+01 2.860069929215018192e+01 0.000000000000000000e+00 2.906888370749726747e+01 3.764306044943742080e+01 3.008321791298264714e+01 2.920616373302046753e+01 3.006659275674581622e+01 3.612478373637688378e+01 2.483948469674844262e+01 2.607680962081059661e+01 2.500000000000000000e+01 3.667424164178449786e+01 1.431782106327635340e+01
2.360084744241189370e+01 1.334166406412633421e+01 3.124099870362661591e+01 1.204159457879229578e+01 1.824828759089465890e+01 2.778488797889960793e+01 2.376972864800942631e+01 4.123105625617660586e+00 1.941648783894759944e+01 5.000000000000000000e+00 2.668332812825266842e+01 2.195449840010014952e+01 2.617250465660480074e+01 5.000000000000000000e+00 2.906888370749726747e+01 0.000000000000000000e+00 1.140175425099137918e+01 2.408318915758459156e+01 1.280624847486569706e+01 1.552417469626002422e+01 1.104536101718726115e+01 7.615773105863908654e+00 1.500000000000000000e+01 6.324555320336759046e+00 7.615773105863908654e+00 2.302172886644267535e+01
2.220360331117451835e+01 2.400000000000000000e+01 4.110960958218893069e+01 4.123105625617660586e+00 2.247220505424423109e+01 2.716615541441224835e+01 2.507987240796890660e+01 1.513274595042155646e+01 3.001666203960726875e+01 1.615549442140351033e+01 3.361547262794321966e+01 2.200000000000000000e+01 3.748332962798262713e+01 9.219544457292887074e+00 3.764306044943742080e+01 1.140175425099137918e+01 0.000000000000000000e+00 3.501428280002319582e+01 1.104536101718726115e+01 2.601922366251537611e+01 2.000000000000000000e+00 1.280624847486569706e+01 2.617250465660480074e+01 1.272792206135785520e+01 8.944271909999159220e+00 3.400000000000000000e+01
4.341658669218482203e+01 1.104536101718726115e+01 2.630589287593181069e+01 3.612478373637688378e+01 3.360059523282288296e+01 4.604345773288535071e+01 4.080441152620633005e+01 2.002498439450078749e+01 5.385164807134503739e+00 2.061552812808830382e+01 3.328663395418647752e+01 4.081666326391709987e+01 5.385164807134503739e+00 2.844292530665578411e+01 3.008321791298264714e+01 2.408318915758459156e+01 3.501428280002319582e+01 0.000000000000000000e+00 3.544009029333869876e+01 9.219544457292887074e+00 3.501428280002319582e+01 2.846049894151541437e+01 9.219544457292887074e+00 2.720294101747088789e+01 2.745906043549196340e+01 1.581138830084189628e+01
1.170469991071962568e+01 2.549509756796392423e+01 3.400000000000000000e+01 7.280109889280518054e+00 1.220655561573370207e+01 1.649242250247064234e+01 1.403566884761819900e+01 1.664331697709323876e+01 3.138470965295043058e+01 1.486606874731850603e+01 2.408318915758459156e+01 1.104536101718726115e+01 3.634556369077249371e+01 7.810249675906653977e+00 2.920616373302046753e+01 1.280624847486569706e+01 1.104536101718726115e+01 3.544009029333869876e+01 0.000000000000000000e+00 2.773084924772409465e+01 9.055385138137417300e+00 7.071067811865475505e+00 2.624880949681337583e+01 8.246211251235321171e+00 1.655294535724684835e+01 2.942787793912432193e+01
3.701351104664349378e+01 2.236067977499789805e+00 2.844292530665578411e+01 2.745906043549196340e+01 2.842534080710379030e+01 4.031128874149274566e+01 3.538361202590826338e+01 1.140175425099137918e+01 4.000000000000000000e+00 1.303840481040529831e+01 3.132091952673165025e+01 3.471310991541956525e+01 1.303840481040529831e+01 2.024845673131658685e+01 3.006659275674581622e+01 1.552417469626002422e+01 2.601922366251537611e+01 9.219544457292887074e+00 2.773084924772409465e+01 0.000000000000000000e+00 2.617250465660480074e+01 2.109502310972898798e+01 4.000000000000000000e+00 1.972308292331602075e+01 1.824828759089465890e+01 1.746424919657297892e+01
2.022374841615668473e+01 2.408318915758459156e+01 3.982461550347975532e+01 2.236067977499789805e+00 2.061552812808830382e+01 2.517935662402834396e+01 2.308679276123039159e+01 1.500000000000000000e+01 3.014962686336266984e+01 1.552417469626002422e+01 3.190611226708763226e+01 2.000000000000000000e+01 3.721558813185679071e+01 8.062257748298549132e+00 3.612478373637688378e+01 1.104536101718726115e+01 2.000000000000000000e+00 3.501428280002319582e+01 9.055385138137417300e+00 2.617250465660480074e+01 0.000000000000000000e+00 1.131370849898476116e+01 2.601922366251537611e+01 1.140175425099137918e+01 1.000000000000000000e+01 3.310589071449369669e+01
1.627882059609970611e+01 1.886796226411320632e+01 2.860069929215018192e+01 1.081665382639196871e+01 1.100000000000000000e+01 2.024845673131658685e+01 1.615549442140351033e+01 1.063014581273464998e+01 2.459674775249768786e+01 8.062257748298549132e+00 2.102379604162863913e+01 1.442220510185595650e+01 2.927456233660889495e+01 4.123105625617660586e+00 2.483948469674844262e+01 7.615773105863908654e+00 1.280624847486569706e+01 2.846049894151541437e+01 7.071067811865475505e+00 2.109502310972898798e+01 1.131370849898476116e+01 0.000000000000000000e+00 1.931320791582796659e+01 1.414213562373095145e+00 1.400000000000000000e+01 2.280350850198275836e+01
3.466987164671942878e+01 3.605551275463989125e+00 2.451530134426252516e+01 2.701851217221259205e+01 2.545584412271571040e+01 3.764306044943742080e+01 3.255764119219941222e+01 1.104536101718726115e+01 5.656854249492380582e+00 1.140175425099137918e+01 2.751363298439520833e+01 3.220248437620923454e+01 1.140175425099137918e+01 1.923538406167134340e+01 2.607680962081059661e+01 1.500000000000000000e+01 2.617250465660480074e+01 9.219544457292887074e+00 2.624880949681337583e+01 4.000000000000000000e+00 2.601922366251537611e+01 1.931320791582796659e+01 0.000000000000000000e+00 1.802775637731994607e+01 1.931320791582796659e+01 1.360147050873544394e+01
1.769180601295413169e+01 1.749285568453590045e+01 2.842534080710379030e+01 1.118033988749894903e+01 1.204159457879229578e+01 2.163330765278393741e+01 1.746424919657297892e+01 9.219544457292887074e+00 2.325940669922601600e+01 6.708203932499369415e+00 2.154065922853801496e+01 1.581138830084189628e+01 2.816025568065744622e+01 3.605551275463989125e+00 2.500000000000000000e+01 6.324555320336759046e+00 1.272792206135785520e+01 2.720294101747088789e+01 8.246211251235321171e+00 1.972308292331602075e+01 1.140175425099137918e+01 1.414213562373095145e+00 1.802775637731994607e+01 0.000000000000000000e+00 1.303840481040529831e+01 2.213594362117865444e+01
2.823118842698620767e+01 1.649242250247064234e+01 3.860051813123756403e+01 1.204159457879229578e+01 2.500000000000000000e+01 3.289376840679705083e+01 2.961418578992169515e+01 9.219544457292887074e+00 2.220360331117451835e+01 1.220655561573370207e+01 3.420526275297414287e+01 2.720294101747088789e+01 3.067572330035593353e+01 1.004987562112088995e+01 3.667424164178449786e+01 7.615773105863908654e+00 8.944271909999159220e+00 2.745906043549196340e+01 1.655294535724684835e+01 1.824828759089465890e+01 1.000000000000000000e+01 1.400000000000000000e+01 1.931320791582796659e+01 1.303840481040529831e+01 0.000000000000000000e+00 2.973213749463701205e+01
3.354101966249684352e+01 1.708800749063506075e+01 1.104536101718726115e+01 3.324154027718932269e+01 2.256102834535695578e+01 3.478505426185217431e+01 2.941088233970548416e+01 2.051828452868319275e+01 1.700000000000000000e+01 1.802775637731994607e+01 1.838477631085023489e+01 3.059411708155671050e+01 1.220655561573370207e+01 2.507987240796890660e+01 1.431782106327635340e+01 2.302172886644267535e+01 3.400000000000000000e+01 1.581138830084189628e+01 2.942787793912432193e+01 1.746424919657297892e+01 3.310589071449369669e+01 2.280350850198275836e+01 1.360147050873544394e+01 2.213594362117865444e+01 2.973213749463701205e+01 0.000000000000000000e+00
