0.000000000000000000e+00 1.581138830084189628e+01 3.649657518178931781e+01 7.280109889280518054e+00 1.941648783894759944e+01 4.684015371452147747e+01 2.505992817228333536e+01 2.952964612046680060e+01 1.140175425099137918e+01 3.006659275674581622e+01 1.500000000000000000e+01 3.649657518178931781e+01 5.656854249492380582e+00 1.726267650163206824e+01 3.710795063055894616e+01 3.905124837953326988e+01 1.341640786499873883e+01 2.942787793912432193e+01 6.708203932499369415e+00 3.046309242345563462e+01 3.847076812334268681e+01 1.843908891458577415e+01 3.640054944640259293e+01 2.751363298439520833e+01 2.236067977499789805e+00 9.219544457292887074e+00
1.581138830084189628e+01 0.000000000000000000e+00 2.370653918225939449e+01 1.063014581273464998e+01 6.082762530298219339e+00 3.104834939252004844e+01 9.899494936611665352e+00 2.195449840010014952e+01 1.341640786499873883e+01 1.655294535724684835e+01 2.500000000000000000e+01 2.102379604162863913e+01 1.421267040355189515e+01 2.828427124746190291e+00 2.137755832643194864e+01 2.692582403567251959e+01 3.162277660168379523e+00 1.400000000000000000e+01 9.219544457292887074e+00 1.476482306023340030e+01 2.549509756796392423e+01 1.702938636592640265e+01 2.061552812808830382e+01 1.780449381476485726e+01 1.431782106327635340e+01 1.746424919657297892e+01
3.649657518178931781e+01 2.370653918225939449e+01 0.000000000000000000e+00 2.927456233660889495e+01 2.624880949681337583e+01 2.102379604162863913e+01 2.280350850198275836e+01 1.280624847486569706e+01 3.712142238654116966e+01 7.211102550927978250e+00 3.710795063055894616e+01 1.200000000000000000e+01 3.206243908376279705e+01 2.102379604162863913e+01 1.500000000000000000e+01 3.605551275463989125e+00 2.683281572999747766e+01 1.303840481040529831e+01 3.132091952673165025e+01 1.969771560359220786e+01 2.000000000000000000e+00 2.280350850198275836e+01 1.603121954188139853e+01 1.044030650891055068e+01 3.436568055487916240e+01 4.085339643163099055e+01
7.280109889280518054e+00 1.063014581273464998e+01 2.927456233660889495e+01 0.000000000000000000e+00 1.581138830084189628e+01 4.085339643163099055e+01 2.051828452868319275e+01 2.247220505424423109e+01 1.360147050873544394e+01 2.300000000000000000e+01 1.476482306023340030e+01 3.008321791298264714e+01 3.605551275463989125e+00 1.118033988749894903e+01 3.101612483854164637e+01 3.178049716414140846e+01 9.433981132056603158e+00 2.308679276123039159e+01 5.099019513592784492e+00 2.523885892824792521e+01 3.125699921617556853e+01 1.220655561573370207e+01 3.046309242345563462e+01 2.024845673131658685e+01 5.099019513592784492e+00 1.421267040355189515e+01
1.941648783894759944e+01 6.082762530298219339e+00 2.624880949681337583e+01 1.581138830084189628e+01 0.000000000000000000e+00 2.906888370749726747e+01 6.082762530298219339e+00 2.692582403567251959e+01 1.300000000000000000e+01 1.910497317454279909e+01 3.052867504494749440e+01 2.061552812808830382e+01 1.920937271229854559e+01 8.062257748298549132e+00 2.009975124224177989e+01 2.973213749463701205e+01 6.403124237432848531e+00 1.431782106327635340e+01 1.280624847486569706e+01 1.204159457879229578e+01 2.780287754891568852e+01 2.308679276123039159e+01 1.902629759044044633e+01 2.236067977499789805e+01 1.843908891458577415e+01 1.811077027627483460e+01
4.684015371452147747e+01 3.104834939252004844e+01 2.102379604162863913e+01 4.085339643163099055e+01 2.906888370749726747e+01 0.000000000000000000e+00 2.302172886644267535e+01 3.301514803843835466e+01 4.204759208325727826e+01 2.121320343559642652e+01 5.300000000000000000e+01 1.140175425099137918e+01 4.438468204234429493e+01 2.973213749463701205e+01 9.848857801796103928e+00 2.308679276123039159e+01 3.373425558686599857e+01 1.788854381999831844e+01 4.026164427839479032e+01 1.702938636592640265e+01 2.024845673131658685e+01 3.982461550347975532e+01 1.044030650891055068e+01 2.906888370749726747e+01 4.522167621838005402e+01 4.716990566028302112e+01
2.505992817228333536e+01 9.899494936611665352e+00 2.280350850198275836e+01 2.051828452868319275e+01 6.082762530298219339e+00 2.302172886644267535e+01 0.000000000000000000e+00 2.630589287593181069e+01 1.902629759044044633e+01 1.612451549659709826e+01 3.482814953453599571e+01 1.523154621172781731e+01 2.408318915758459156e+01 1.029563014098700080e+01 1.431782106327635340e+01 2.640075756488817049e+01 1.166190378969060149e+01 9.899494936611665352e+00 1.835755975068581947e+01 6.000000000000000000e+00 2.408318915758459156e+01 2.529822128134703618e+01 1.315294643796590535e+01 2.137755832643194864e+01 2.385372088375312671e+01 2.418677324489564739e+01
2.952964612046680060e+01 2.195449840010014952e+01 1.280624847486569706e+01 2.247220505424423109e+01 2.692582403567251959e+01 3.301514803843835466e+01 2.630589287593181069e+01 0.000000000000000000e+00 3.397057550292606010e+01 1.264911064067351809e+01 2.601922366251537611e+01 2.236067977499789805e+01 2.416609194718914466e+01 1.923538406167134340e+01 2.507987240796890660e+01 1.300000000000000000e+01 2.441311123146740414e+01 1.923538406167134340e+01 2.624880949681337583e+01 2.607680962081059661e+01 1.442220510185595650e+01 1.216552506059643868e+01 2.563201123595259290e+01 5.000000000000000000e+00 2.729468812791236232e+01 3.623534186398687496e+01
1.140175425099137918e+01 1.341640786499873883e+01 3.712142238654116966e+01 1.360147050873544394e+01 1.300000000000000000e+01 4.204759208325727826e+01 1.902629759044044633e+01 3.397057550292606010e+01 0.000000000000000000e+00 2.996664812754339380e+01 2.617250465660480074e+01 3.337663853655727308e+01 1.503329637837290811e+01 1.612451549659709826e+01 3.306055050963308162e+01 4.031128874149274566e+01 1.029563014098700080e+01 2.668332812825266842e+01 8.544003745317530374e+00 2.501999200639360765e+01 3.891015291668743714e+01 2.549509756796392423e+01 3.201562118716424266e+01 3.047950130825634218e+01 1.204159457879229578e+01 5.385164807134503739e+00
3.006659275674581622e+01 1.655294535724684835e+01 7.211102550927978250e+00 2.300000000000000000e+01 1.910497317454279909e+01 2.121320343559642652e+01 1.612451549659709826e+01 1.264911064067351809e+01 2.996664812754339380e+01 0.000000000000000000e+00 3.269556544854363267e+01 1.000000000000000000e+01 2.607680962081059661e+01 1.392838827718411920e+01 1.252996408614166768e+01 1.063014581273464998e+01 1.969771560359220786e+01 7.071067811865475505e+00 2.451530134426252516e+01 1.414213562373095101e+01 8.944271909999159220e+00 1.886796226411320632e+01 1.300000000000000000e+01 8.062257748298549132e+00 2.801785145224380003e+01 3.383784863137726262e+01
1.500000000000000000e+01 2.500000000000000000e+01 3.710795063055894616e+01 1.476482306023340030e+01 3.052867504494749440e+01 5.300000000000000000e+01 3.482814953453599571e+01 2.601922366251537611e+01 2.617250465660480074e+01 3.269556544854363267e+01 0.000000000000000000e+00 4.167733196834941367e+01 1.170469991071962568e+01 2.475883680627989492e+01 4.326661530556787483e+01 3.847076812334268681e+01 2.418677324489564739e+01 3.522782990761707111e+01 1.897366596101027625e+01 3.889730067755344578e+01 3.905124837953326988e+01 1.431782106327635340e+01 4.301162633521313694e+01 2.668332812825266842e+01 1.414213562373095101e+01 2.408318915758459156e+01
3.649657518178931781e+01 2.102379604162863913e+01 1.200000000000000000e+01 3.008321791298264714e+01 2.061552812808830382e+01 1.140175425099137918e+01 1.523154621172781731e+01 2.236067977499789805e+01 3.337663853655727308e+01 1.000000000000000000e+01 4.167733196834941367e+01 0.000000000000000000e+00 3.352610922848042208e+01 1.923538406167134340e+01 3.000000000000000000e+00 1.513274595042155646e+01 2.400000000000000000e+01 7.071067811865475505e+00 3.014962686336266984e+01 1.000000000000000000e+01 1.216552506059643868e+01 2.842534080710379030e+01 4.123105625617660586e+00 1.802775637731994607e+01 3.471310991541956525e+01 3.811823710509183627e+01
5.656854249492380582e+00 1.421267040355189515e+01 3.206243908376279705e+01 3.605551275463989125e+00 1.920937271229854559e+01 4.438468204234429493e+01 2.408318915758459156e+01 2.416609194718914466e+01 1.503329637837290811e+01 2.607680962081059661e+01 1.170469991071962568e+01 3.352610922848042208e+01 0.000000000000000000e+00 1.476482306023340030e+01 3.453983207834108526e+01 3.436568055487916240e+01 1.280624847486569706e+01 2.657066051117284644e+01 7.280109889280518054e+00 2.884441020371191300e+01 3.405877273185280529e+01 1.280624847486569706e+01 3.401470270338990076e+01 2.256102834535695578e+01 3.605551275463989125e+00 1.431782106327635340e+01
1.726267650163206824e+01 2.828427124746190291e+00 2.102379604162863913e+01 1.118033988749894903e+01 8.062257748298549132e+00 2.973213749463701205e+01 1.029563014098700080e+01 1.923538406167134340e+01 1.612451549659709826e+01 1.392838827718411920e+01 2.475883680627989492e+01 1.923538406167134340e+01 1.476482306023340030e+01 0.000000000000000000e+00 1.992485884517127559e+01 2.418677324489564739e+01 5.830951894845300743e+00 1.216552506059643868e+01 1.100000000000000000e+01 1.421267040355189515e+01 2.284731931759172596e+01 1.529705854077835525e+01 1.931320791582796659e+01 1.500000000000000000e+01 1.552417469626002422e+01 1.992485884517127559e+01
3.710795063055894616e+01 2.137755832643194864e+01 1.500000000000000000e+01 3.101612483854164637e+01 2.009975124224177989e+01 9.848857801796103928e+00 1.431782106327635340e+01 2.507987240796890660e+01 3.306055050963308162e+01 1.252996408614166768e+01 4.326661530556787483e+01 3.000000000000000000e+00 3.453983207834108526e+01 1.992485884517127559e+01 0.000000000000000000e+00 1.811077027627483460e+01 2.418677324489564739e+01 8.062257748298549132e+00 3.059411708155671050e+01 8.544003745317530374e+00 1.513274595042155646e+01 3.041381265149109936e+01 1.414213562373095145e+00 2.059126028197400160e+01 3.544009029333869876e+01 3.800000000000000000e+01
3.905124837953326988e+01 2.692582403567251959e+01 3.605551275463989125e+00 3.178049716414140846e+01 2.973213749463701205e+01 2.308679276123039159e+01 2.640075756488817049e+01 1.300000000000000000e+01 4.031128874149274566e+01 1.063014581273464998e+01 3.847076812334268681e+01 1.513274595042155646e+01 3.436568055487916240e+01 2.418677324489564739e+01 1.811077027627483460e+01 0.000000000000000000e+00 3.001666203960726875e+01 1.664331697709323876e+01 3.417601498127012150e+01 2.325940669922601600e+01 3.000000000000000000e+00 2.418677324489564739e+01 1.923538406167134340e+01 1.200000000000000000e+01 3.687817782917154830e+01 4.386342439892261780e+01
1.341640786499873883e+01 3.162277660168379523e+00 2.683281572999747766e+01 9.433981132056603158e+00 6.403124237432848531e+00 3.373425558686599857e+01 1.166190378969060149e+01 2.441311123146740414e+01 1.029563014098700080e+01 1.969771560359220786e+01 2.418677324489564739e+01 2.400000000000000000e+01 1.280624847486569706e+01 5.830951894845300743e+00 2.418677324489564739e+01 3.001666203960726875e+01 0.000000000000000000e+00 1.702938636592640265e+01 6.708203932499369415e+00 1.708800749063506075e+01 2.863564212655270680e+01 1.811077027627483460e+01 2.334523505985750447e+01 2.051828452868319275e+01 1.220655561573370207e+01 1.431782106327635340e+01
2.942787793912432193e+01 1.400000000000000000e+01 1.303840481040529831e+01 2.308679276123039159e+01 1.431782106327635340e+01 1.788854381999831844e+01 9.899494936611665352e+00 1.923538406167134340e+01 2.668332812825266842e+01 7.071067811865475505e+00 3.522782990761707111e+01 7.071067811865475505e+00 2.657066051117284644e+01 1.216552506059643868e+01 8.062257748298549132e+00 1.664331697709323876e+01 1.702938636592640265e+01 0.000000000000000000e+00 2.308679276123039159e+01 7.071067811865475505e+00 1.421267040355189515e+01 2.267156809750926882e+01 7.810249675906653977e+00 1.431782106327635340e+01 2.765863337187866122e+01 3.125699921617556853e+01
6.708203932499369415e+00 9.219544457292887074e+00 3.132091952673165025e+01 5.099019513592784492e+00 1.280624847486569706e+01 4.026164427839479032e+01 1.835755975068581947e+01 2.624880949681337583e+01 8.544003745317530374e+00 2.451530134426252516e+01 1.897366596101027625e+01 3.014962686336266984e+01 7.280109889280518054e+00 1.100000000000000000e+01 3.059411708155671050e+01 3.417601498127012150e+01 6.708203932499369415e+00 2.308679276123039159e+01 0.000000000000000000e+00 2.376972864800942631e+01 3.324154027718932269e+01 1.700000000000000000e+01 2.983286778035259701e+01 2.332380757938120297e+01 5.656854249492380582e+00 1.000000000000000000e+01
3.046309242345563462e+01 1.476482306023340030e+01 1.969771560359220786e+01 2.523885892824792521e+01 1.204159457879229578e+01 1.702938636592640265e+01 6.000000000000000000e+00 2.607680962081059661e+01 2.501999200639360765e+01 1.414213562373095101e+01 3.889730067755344578e+01 1.000000000000000000e+01 2.884441020371191300e+01 1.421267040355189515e+01 8.544003745317530374e+00 2.325940669922601600e+01 1.708800749063506075e+01 7.071067811865475505e+00 2.376972864800942631e+01 0.000000000000000000e+00 2.059126028197400160e+01 2.778488797889960793e+01 7.280109889280518054e+00 2.109502310972898798e+01 2.906888370749726747e+01 3.014962686336266984e+01
3.847076812334268681e+01 2.549509756796392423e+01 2.000000000000000000e+00 3.125699921617556853e+01 2.780287754891568852e+01 2.024845673131658685e+01 2.408318915758459156e+01 1.442220510185595650e+01 3.891015291668743714e+01 8.944271909999159220e+00 3.905124837953326988e+01 1.216552506059643868e+01 3.405877273185280529e+01 2.284731931759172596e+01 1.513274595042155646e+01 3.000000000000000000e+00 2.863564212655270680e+01 1.421267040355189515e+01 3.324154027718932269e+01 2.059126028197400160e+01 0.000000000000000000e+00 2.473863375370596174e+01 1.627882059609970611e+01 1.236931687685298087e+01 3.634556369077249371e+01 4.272001872658765365e+01
1.843908891458577415e+01 1.702938636592640265e+01 2.280350850198275836e+01 1.220655561573370207e+01 2.308679276123039159e+01 3.982461550347975532e+01 2.529822128134703618e+01 1.216552506059643868e+01 2.549509756796392423e+01 1.886796226411320632e+01 1.431782106327635340e+01 2.842534080710379030e+01 1.280624847486569706e+01 1.529705854077835525e+01 3.041381265149109936e+01 2.418677324489564739e+01 1.811077027627483460e+01 2.267156809750926882e+01 1.700000000000000000e+01 2.778488797889960793e+01 2.473863375370596174e+01 0.000000000000000000e+00 3.041381265149109936e+01 1.236931687685298087e+01 1.627882059609970611e+01 2.640075756488817049e+01
3.640054944640259293e+01 2.061552812808830382e+01 1.603121954188139853e+01 3.046309242345563462e+01 1.902629759044044633e+01 1.044030650891055068e+01 1.315294643796590535e+01 2.563201123595259290e+01 3.201562118716424266e+01 1.300000000000000000e+01 4.301162633521313694e+01 4.123105625617660586e+00 3.401470270338990076e+01 1.931320791582796659e+01 1.414213562373095145e+00 1.923538406167134340e+01 2.334523505985750447e+01 7.810249675906653977e+00 2.983286778035259701e+01 7.280109889280518054e+00 1.627882059609970611e+01 3.041381265149109936e+01 0.000000000000000000e+00 2.102379604162863913e+01 3.478505426185217431e+01 3.701351104664349378e+01
2.751363298439520833e+01 1.780449381476485726e+01 1.044030650891055068e+01 2.024845673131658685e+01 2.236067977499789805e+01 2.906888370749726747e+01 2.137755832643194864e+01 5.000000000000000000e+00 3.047950130825634218e+01 8.062257748298549132e+00 2.668332812825266842e+01 1.802775637731994607e+01 2.256102834535695578e+01 1.500000000000000000e+01 2.059126028197400160e+01 1.200000000000000000e+01 2.051828452868319275e+01 1.431782106327635340e+01 2.332380757938120297e+01 2.109502310972898798e+01 1.236931687685298087e+01 1.236931687685298087e+01 2.102379604162863913e+01 0.000000000000000000e+00 2.529822128134703618e+01 3.328663395418647752e+01
2.236067977499789805e+00 1.431782106327635340e+01 3.436568055487916240e+01 5.099019513592784492e+00 1.843908891458577415e+01 4.522167621838005402e+01 2.385372088375312671e+01 2.729468812791236232e+01 1.204159457879229578e+01 2.801785145224380003e+01 1.414213562373095101e+01 3.471310991541956525e+01 3.605551275463989125e+00 1.552417469626002422e+01 3.544009029333869876e+01 3.687817782917154830e+01 1.220655561573370207e+01 2.765863337187866122e+01 5.656854249492380582e+00 2.906888370749726747e+01 3.634556369077249371e+01 1.627882059609970611e+01 3.478505426185217431e+01 2.529822128134703618e+01 0.000000000000000000e+00 1.077032961426900748e+01
9.219544457292887074e+00 1.746424919657297892e+01 4.085339643163099055e+01 1.421267040355189515e+01 1.811077027627483460e+01 4.716990566028302112e+01 2.418677324489564739e+01 3.623534186398687496e+01 5.385164807134503739e+00 3.383784863137726262e+01 2.408318915758459156e+01 3.811823710509183627e+01 1.431782106327635340e+01 1.992485884517127559e+01 3.800000000000000000e+01 4.386342439892261780e+01 1.431782106327635340e+01 3.125699921617556853e+01 1.000000000000000000e+01 3.014962686336266984e+01 4.272001872658765365e+01 2.640075756488817049e+01 3.701351104664349378e+01 3.328663395418647752e+01 1.077032961426900748e+01 0.000000000000000000e+00
