0.000000000000000000e+00 1.063014581273464998e+01 1.220655561573370207e+01 1.166190378969060149e+01 2.863564212655270680e+01 1.941648783894759944e+01 3.269556544854363267e+01 1.910497317454279909e+01 1.200000000000000000e+01 1.476482306023340030e+01 3.201562118716424266e+01 2.202271554554523902e+01 1.029563014098700080e+01 5.830951894845300743e+00 2.024845673131658685e+01 2.906888370749726747e+01 1.216552506059643868e+01 4.123105625617660586e+00 1.456021977856103611e+01 2.088061301782110135e+01 4.123105625617660586e+00 2.607680962081059661e+01 1.280624847486569706e+01 2.828427124746190291e+00 3.500000000000000000e+01 1.166190378969060149e+01
1.063014581273464998e+01 0.000000000000000000e+00 1.529705854077835525e+01 1.802775637731994607e+01 2.523885892824792521e+01 2.102379604162863913e+01 2.353720459187963954e+01 8.485281374238569541e+00 2.118962010041709121e+01 2.100000000000000000e+01 2.657066051117284644e+01 1.655294535724684835e+01 2.236067977499789805e+00 5.385164807134503739e+00 2.700000000000000000e+01 2.416609194718914466e+01 2.061552812808830382e+01 1.442220510185595650e+01 6.708203932499369415e+00 1.315294643796590535e+01 8.944271909999159220e+00 2.147091055358388800e+01 2.236067977499789805e+00 7.810249675906653977e+00 3.580502757993631491e+01 1.315294643796590535e+01
1.220655561573370207e+01 1.529705854077835525e+01 0.000000000000000000e+00 5.000000000000000000e+00 1.802775637731994607e+01 7.211102550927978250e+00 2.828427124746190202e+01 2.121320343559642652e+01 1.118033988749894903e+01 6.708203932499369415e+00 2.280350850198275836e+01 1.442220510185595650e+01 1.676305461424021104e+01 1.118033988749894903e+01 1.236931687685298087e+01 1.964688270438849926e+01 9.433981132056603158e+00 1.140175425099137918e+01 2.184032966784155505e+01 1.640121946685672683e+01 1.555634918610404505e+01 1.676305461424021104e+01 1.711724276862369010e+01 1.204159457879229578e+01 2.280350850198275836e+01 2.334523505985750447e+01
1.166190378969060149e+01 1.802775637731994607e+01 5.000000000000000000e+00 0.000000000000000000e+00 2.236067977499789805e+01 1.004987562112088995e+01 3.324154027718932269e+01 2.500000000000000000e+01 6.324555320336759046e+00 3.162277660168379523e+00 2.751363298439520833e+01 1.941648783894759944e+01 1.902629759044044633e+01 1.303840481040529831e+01 9.055385138137417300e+00 2.435159132377184221e+01 4.472135954999579610e+00 9.219544457292887074e+00 2.408318915758459156e+01 2.126029162546929996e+01 1.565247584249852864e+01 2.154065922853801496e+01 2.009975124224177989e+01 1.264911064067351809e+01 2.459674775249768786e+01 2.332380757938120297e+01
2.863564212655270680e+01 2.523885892824792521e+01 1.802775637731994607e+01 2.236067977499789805e+01 0.000000000000000000e+00 1.300000000000000000e+01 1.910497317454279909e+01 2.500000000000000000e+01 2.863564212655270680e+01 2.213594362117865444e+01 6.403124237432848531e+00 9.219544457292887074e+00 2.745906043549196340e+01 2.469817807045693669e+01 2.469817807045693669e+01 4.123105625617660586e+00 2.668332812825266842e+01 2.906888370749726747e+01 3.124099870362661591e+01 1.442220510185595650e+01 3.067572330035593353e+01 4.472135954999579610e+00 2.561249694973139412e+01 2.720294101747088789e+01 1.500000000000000000e+01 3.757658845611187104e+01
1.941648783894759944e+01 2.102379604162863913e+01 7.211102550927978250e+00 1.004987562112088995e+01 1.300000000000000000e+01 0.000000000000000000e+00 2.778488797889960793e+01 2.517935662402834396e+01 1.603121954188139853e+01 9.219544457292887074e+00 1.886796226411320632e+01 1.341640786499873883e+01 2.282542442102665348e+01 1.780449381476485726e+01 1.204159457879229578e+01 1.581138830084189628e+01 1.403566884761819900e+01 1.838477631085023489e+01 2.773084924772409465e+01 1.746424919657297892e+01 2.267156809750926882e+01 1.345362404707370985e+01 2.247220505424423109e+01 1.910497317454279909e+01 1.562049935181330795e+01 3.041381265149109936e+01
3.269556544854363267e+01 2.353720459187963954e+01 2.828427124746190202e+01 3.324154027718932269e+01 1.910497317454279909e+01 2.778488797889960793e+01 0.000000000000000000e+00 1.702938636592640265e+01 3.905124837953326988e+01 3.471310991541956525e+01 1.414213562373095101e+01 1.442220510185595650e+01 2.531797780234432693e+01 2.692582403567251959e+01 3.940812099047606409e+01 1.503329637837290811e+01 3.753664875824691904e+01 3.535533905932737753e+01 2.601922366251537611e+01 1.220655561573370207e+01 3.228002478313794654e+01 1.552417469626002422e+01 2.220360331117451835e+01 3.008321791298264714e+01 3.405877273185280529e+01 3.612478373637688378e+01
1.910497317454279909e+01 8.485281374238569541e+00 2.121320343559642652e+01 2.500000000000000000e+01 2.500000000000000000e+01 2.517935662402834396e+01 1.702938636592640265e+01 0.000000000000000000e+00 2.906888370749726747e+01 2.765863337187866122e+01 2.420743687382040932e+01 1.581138830084189628e+01 9.433981132056603158e+00 1.360147050873544394e+01 3.354101966249684352e+01 2.262741699796952233e+01 2.823118842698620767e+01 2.280350850198275836e+01 9.000000000000000000e+00 1.063014581273464998e+01 1.720465053408525335e+01 2.061552812808830382e+01 6.403124237432848531e+00 1.627882059609970611e+01 3.807886552931954327e+01 1.941648783894759944e+01
1.200000000000000000e+01 2.118962010041709121e+01 1.118033988749894903e+01 6.324555320336759046e+00 2.863564212655270680e+01 1.603121954188139853e+01 3.905124837953326988e+01 2.906888370749726747e+01 0.000000000000000000e+00 7.071067811865475505e+00 3.383784863137726262e+01 2.555386467836127551e+01 2.158703314492290204e+01 1.581138830084189628e+01 9.899494936611665352e+00 3.067572330035593353e+01 2.000000000000000000e+00 8.062257748298549132e+00 2.630589287593181069e+01 2.690724809414741969e+01 1.603121954188139853e+01 2.785677655436823841e+01 2.340939982143925135e+01 1.414213562373095101e+01 2.941088233970548416e+01 2.280350850198275836e+01
1.476482306023340030e+01 2.100000000000000000e+01 6.708203932499369415e+00 3.162277660168379523e+00 2.213594362117865444e+01 9.219544457292887074e+00 3.471310991541956525e+01 2.765863337187866122e+01 7.071067811865475505e+00 0.000000000000000000e+00 2.773084924772409465e+01 2.051828452868319275e+01 2.209072203437452231e+01 1.612451549659709826e+01 6.000000000000000000e+00 2.459674775249768786e+01 5.099019513592784492e+00 1.204159457879229578e+01 2.716615541441224835e+01 2.302172886644267535e+01 1.878829422805593552e+01 2.195449840010014952e+01 2.302172886644267535e+01 1.581138830084189628e+01 2.247220505424423109e+01 2.641968962724581260e+01
3.201562118716424266e+01 2.657066051117284644e+01 2.280350850198275836e+01 2.751363298439520833e+01 6.403124237432848531e+00 1.886796226411320632e+01 1.414213562373095101e+01 2.420743687382040932e+01 3.383784863137726262e+01 2.773084924772409465e+01 0.000000000000000000e+00 1.019803902718556898e+01 2.879236009777593708e+01 2.729468812791236232e+01 3.080584360149872580e+01 3.162277660168379523e+00 3.195309061734091571e+01 3.313608305156178346e+01 3.176476034853718033e+01 1.389244398944980396e+01 3.337663853655727308e+01 6.082762530298219339e+00 2.640075756488817049e+01 3.014962686336266984e+01 2.039607805437113797e+01 3.956008088970496317e+01
2.202271554554523902e+01 1.655294535724684835e+01 1.442220510185595650e+01 1.941648783894759944e+01 9.219544457292887074e+00 1.341640786499873883e+01 1.442220510185595650e+01 1.581138830084189628e+01 2.555386467836127551e+01 2.051828452868319275e+01 1.019803902718556898e+01 0.000000000000000000e+00 1.878829422805593552e+01 1.711724276862369010e+01 2.500000000000000000e+01 7.615773105863908654e+00 2.385372088375312671e+01 2.353720459187963954e+01 2.220360331117451835e+01 5.385164807134503739e+00 2.319482700948640286e+01 5.000000000000000000e+00 1.664331697709323876e+01 2.002498439450078749e+01 2.280350850198275836e+01 2.941088233970548416e+01
1.029563014098700080e+01 2.236067977499789805e+00 1.676305461424021104e+01 1.902629759044044633e+01 2.745906043549196340e+01 2.282542442102665348e+01 2.531797780234432693e+01 9.433981132056603158e+00 2.158703314492290204e+01 2.209072203437452231e+01 2.879236009777593708e+01 1.878829422805593552e+01 0.000000000000000000e+00 6.000000000000000000e+00 2.807133769523639799e+01 2.640075756488817049e+01 2.121320343559642652e+01 1.431782106327635340e+01 5.099019513592784492e+00 1.529705854077835525e+01 7.810249675906653977e+00 2.370653918225939449e+01 3.162277660168379523e+00 7.615773105863908654e+00 3.780211634287159939e+01 1.104536101718726115e+01
5.830951894845300743e+00 5.385164807134503739e+00 1.118033988749894903e+01 1.303840481040529831e+01 2.469817807045693669e+01 1.780449381476485726e+01 2.692582403567251959e+01 1.360147050873544394e+01 1.581138830084189628e+01 1.612451549659709826e+01 2.729468812791236232e+01 1.711724276862369010e+01 6.000000000000000000e+00 0.000000000000000000e+00 2.209072203437452231e+01 2.451530134426252516e+01 1.529705854077835525e+01 9.219544457292887074e+00 1.104536101718726115e+01 1.529705854077835525e+01 6.082762530298219339e+00 2.158703314492290204e+01 7.615773105863908654e+00 3.162277660168379523e+00 3.324154027718932269e+01 1.303840481040529831e+01
2.024845673131658685e+01 2.700000000000000000e+01 1.236931687685298087e+01 9.055385138137417300e+00 2.469817807045693669e+01 1.204159457879229578e+01 3.940812099047606409e+01 3.354101966249684352e+01 9.899494936611665352e+00 6.000000000000000000e+00 3.080584360149872580e+01 2.500000000000000000e+01 2.807133769523639799e+01 2.209072203437452231e+01 0.000000000000000000e+00 2.780287754891568852e+01 8.602325267042626677e+00 1.700000000000000000e+01 3.313608305156178346e+01 2.817800560721074277e+01 2.435159132377184221e+01 2.549509756796392423e+01 2.901723625709381693e+01 2.158703314492290204e+01 2.109502310972898798e+01 3.178049716414140846e+01
2.906888370749726747e+01 2.416609194718914466e+01 1.964688270438849926e+01 2.435159132377184221e+01 4.123105625617660586e+00 1.581138830084189628e+01 1.503329637837290811e+01 2.262741699796952233e+01 3.067572330035593353e+01 2.459674775249768786e+01 3.162277660168379523e+00 7.615773105863908654e+00 2.640075756488817049e+01 2.451530134426252516e+01 2.780287754891568852e+01 0.000000000000000000e+00 2.879236009777593708e+01 3.006659275674581622e+01 2.968164415931165934e+01 1.204159457879229578e+01 3.059411708155671050e+01 3.000000000000000000e+00 2.418677324489564739e+01 2.729468812791236232e+01 1.902629759044044633e+01 3.700000000000000000e+01
1.216552506059643868e+01 2.061552812808830382e+01 9.433981132056603158e+00 4.472135954999579610e+00 2.668332812825266842e+01 1.403566884761819900e+01 3.753664875824691904e+01 2.823118842698620767e+01 2.000000000000000000e+00 5.099019513592784492e+00 3.195309061734091571e+01 2.385372088375312671e+01 2.121320343559642652e+01 1.529705854077835525e+01 8.602325267042626677e+00 2.879236009777593708e+01 0.000000000000000000e+00 8.544003745317530374e+00 2.607680962081059661e+01 2.545584412271571040e+01 1.627882059609970611e+01 2.600000000000000000e+01 2.280350850198275836e+01 1.400000000000000000e+01 2.751363298439520833e+01 2.340939982143925135e+01
4.123105625617660586e+00 1.442220510185595650e+01 1.140175425099137918e+01 9.219544457292887074e+00 2.906888370749726747e+01 1.838477631085023489e+01 3.535533905932737753e+01 2.280350850198275836e+01 8.062257748298549132e+00 1.204159457879229578e+01 3.313608305156178346e+01 2.353720459187963954e+01 1.431782106327635340e+01 9.219544457292887074e+00 1.700000000000000000e+01 3.006659275674581622e+01 8.544003745317530374e+00 0.000000000000000000e+00 1.868154169226940553e+01 2.325940669922601600e+01 8.000000000000000000e+00 2.707397274136176790e+01 1.664331697709323876e+01 6.708203932499369415e+00 3.361547262794321966e+01 1.486606874731850603e+01
1.456021977856103611e+01 6.708203932499369415e+00 2.184032966784155505e+01 2.408318915758459156e+01 3.124099870362661591e+01 2.773084924772409465e+01 2.601922366251537611e+01 9.000000000000000000e+00 2.630589287593181069e+01 2.716615541441224835e+01 3.176476034853718033e+01 2.220360331117451835e+01 5.099019513592784492e+00 1.104536101718726115e+01 3.313608305156178346e+01 2.968164415931165934e+01 2.607680962081059661e+01 1.868154169226940553e+01 0.000000000000000000e+00 1.788854381999831844e+01 1.118033988749894903e+01 2.720294101747088789e+01 5.656854249492380582e+00 1.216552506059643868e+01 4.243819034784588951e+01 1.077032961426900748e+01
2.088061301782110135e+01 1.315294643796590535e+01 1.640121946685672683e+01 2.126029162546929996e+01 1.442220510185595650e+01 1.746424919657297892e+01 1.220655561573370207e+01 1.063014581273464998e+01 2.690724809414741969e+01 2.302172886644267535e+01 1.389244398944980396e+01 5.385164807134503739e+00 1.529705854077835525e+01 1.529705854077835525e+01 2.817800560721074277e+01 1.204159457879229578e+01 2.545584412271571040e+01 2.325940669922601600e+01 1.788854381999831844e+01 0.000000000000000000e+00 2.109502310972898798e+01 1.000000000000000000e+01 1.264911064067351809e+01 1.843908891458577415e+01 2.816025568065744622e+01 2.630589287593181069e+01
4.123105625617660586e+00 8.944271909999159220e+00 1.555634918610404505e+01 1.565247584249852864e+01 3.067572330035593353e+01 2.267156809750926882e+01 3.228002478313794654e+01 1.720465053408525335e+01 1.603121954188139853e+01 1.878829422805593552e+01 3.337663853655727308e+01 2.319482700948640286e+01 7.810249675906653977e+00 6.082762530298219339e+00 2.435159132377184221e+01 3.059411708155671050e+01 1.627882059609970611e+01 8.000000000000000000e+00 1.118033988749894903e+01 2.109502310972898798e+01 0.000000000000000000e+00 2.765863337187866122e+01 1.081665382639196871e+01 3.605551275463989125e+00 3.828837943815329226e+01 7.810249675906653977e+00
2.607680962081059661e+01 2.147091055358388800e+01 1.676305461424021104e+01 2.154065922853801496e+01 4.472135954999579610e+00 1.345362404707370985e+01 1.552417469626002422e+01 2.061552812808830382e+01 2.785677655436823841e+01 2.195449840010014952e+01 6.082762530298219339e+00 5.000000000000000000e+00 2.370653918225939449e+01 2.158703314492290204e+01 2.549509756796392423e+01 3.000000000000000000e+00 2.600000000000000000e+01 2.707397274136176790e+01 2.720294101747088789e+01 1.000000000000000000e+01 2.765863337187866122e+01 0.000000000000000000e+00 2.163330765278393741e+01 2.433105012119287736e+01 1.910497317454279909e+01 3.417601498127012150e+01
1.280624847486569706e+01 2.236067977499789805e+00 1.711724276862369010e+01 2.009975124224177989e+01 2.561249694973139412e+01 2.247220505424423109e+01 2.220360331117451835e+01 6.403124237432848531e+00 2.340939982143925135e+01 2.302172886644267535e+01 2.640075756488817049e+01 1.664331697709323876e+01 3.162277660168379523e+00 7.615773105863908654e+00 2.901723625709381693e+01 2.418677324489564739e+01 2.280350850198275836e+01 1.664331697709323876e+01 5.656854249492380582e+00 1.264911064067351809e+01 1.081665382639196871e+01 2.163330765278393741e+01 0.000000000000000000e+00 1.000000000000000000e+01 3.689173349139343117e+01 1.400000000000000000e+01
2.828427124746190291e+00 7.810249675906653977e+00 1.204159457879229578e+01 1.264911064067351809e+01 2.720294101747088789e+01 1.910497317454279909e+01 3.008321791298264714e+01 1.627882059609970611e+01 1.414213562373095101e+01 1.581138830084189628e+01 3.014962686336266984e+01 2.002498439450078749e+01 7.615773105863908654e+00 3.162277660168379523e+00 2.158703314492290204e+01 2.729468812791236232e+01 1.400000000000000000e+01 6.708203932499369415e+00 1.216552506059643868e+01 1.843908891458577415e+01 3.605551275463989125e+00 2.433105012119287736e+01 1.000000000000000000e+01 0.000000000000000000e+00 3.471310991541956525e+01 1.131370849898476116e+01
3.500000000000000000e+01 3.580502757993631491e+01 2.280350850198275836e+01 2.459674775249768786e+01 1.500000000000000000e+01 1.562049935181330795e+01 3.405877273185280529e+01 3.807886552931954327e+01 2.941088233970548416e+01 2.247220505424423109e+01 2.039607805437113797e+01 2.280350850198275836e+01 3.780211634287159939e+01 3.324154027718932269e+01 2.109502310972898798e+01 1.902629759044044633e+01 2.751363298439520833e+01 3.361547262794321966e+01 4.243819034784588951e+01 2.816025568065744622e+01 3.828837943815329226e+01 1.910497317454279909e+01 3.689173349139343117e+01 3.471310991541956525e+01 0.000000000000000000e+00 4.601086828130936368e+01
1.166190378969060149e+01 1.315294643796590535e+01 2.334523505985750447e+01 2.332380757938120297e+01 3.757658845611187104e+01 3.041381265149109936e+01 3.612478373637688378e+01 1.941648783894759944e+01 2.280350850198275836e+01 2.641968962724581260e+01 3.956008088970496317e+01 2.941088233970548416e+01 1.104536101718726115e+01 1.303840481040529831e+01 3.178049716414140846e+01 3.700000000000000000e+01 2.340939982143925135e+01 1.486606874731850603e+01 1.077032961426900748e+01 2.630589287593181069e+01 7.810249675906653977e+00 3.417601498127012150e+01 1.400000000000000000e+01 1.131370849898476116e+01 4.601086828130936368e+01 0.000000000000000000e+00
