0.000000000000000000e+00 1.200000000000000000e+01 2.402082429892862692e+01 4.123105625617660586e+00 1.941648783894759944e+01 9.055385138137417300e+00 1.300000000000000000e+01 2.600000000000000000e+01 1.118033988749894903e+01 1.442220510185595650e+01 2.624880949681337583e+01 1.140175425099137918e+01 2.140093455903269515e+01 6.403124237432848531e+00 9.486832980505138124e+00 4.000000000000000000e+00 3.006659275674581622e+01 1.118033988749894903e+01 1.170469991071962568e+01 9.219544457292887074e+00 3.400000000000000000e+01 1.523154621172781731e+01 2.080865204668481283e+01 8.000000000000000000e+00
1.200000000000000000e+01 0.000000000000000000e+00 2.640075756488817049e+01 1.603121954188139853e+01 3.008321791298264714e+01 1.581138830084189628e+01 2.451530134426252516e+01 3.255764119219941222e+01 1.972308292331602075e+01 2.529822128134703618e+01 2.531797780234432693e+01 1.029563014098700080e+01 1.702938636592640265e+01 8.062257748298549132e+00 4.242640687119284770e+00 1.264911064067351809e+01 3.310589071449369669e+01 1.220655561573370207e+01 2.334523505985750447e+01 3.605551275463989125e+00 4.103656905736638549e+01 6.324555320336759046e+00 3.138470965295043058e+01 1.442220510185595650e+01
2.402082429892862692e+01 2.640075756488817049e+01 0.000000000000000000e+00 2.353720459187963954e+01 2.140093455903269515e+01 1.513274595042155646e+01 2.302172886644267535e+01 1.100000000000000000e+01 1.523154621172781731e+01 2.061552812808830382e+01 7.071067811865475505e+00 3.354101966249684352e+01 1.389244398944980396e+01 2.039607805437113797e+01 2.816025568065744622e+01 2.002498439450078749e+01 6.708203932499369415e+00 1.456021977856103611e+01 3.046309242345563462e+01 2.340939982143925135e+01 1.802775637731994607e+01 2.220360331117451835e+01 2.163330765278393741e+01 1.603121954188139853e+01
4.123105625617660586e+00 1.603121954188139853e+01 2.353720459187963954e+01 0.000000000000000000e+00 1.562049935181330795e+01 8.544003745317530374e+00 8.944271909999159220e+00 2.376972864800942631e+01 9.055385138137417300e+00 1.063014581273464998e+01 2.683281572999747766e+01 1.486606874731850603e+01 2.334523505985750447e+01 9.486832980505138124e+00 1.360147050873544394e+01 5.000000000000000000e+00 2.906888370749726747e+01 1.272792206135785520e+01 8.602325267042626677e+00 1.303840481040529831e+01 3.138470965295043058e+01 1.868154169226940553e+01 1.702938636592640265e+01 8.062257748298549132e+00
1.941648783894759944e+01 3.008321791298264714e+01 2.140093455903269515e+01 1.562049935181330795e+01 0.000000000000000000e+00 1.513274595042155646e+01 7.211102550927978250e+00 1.431782106327635340e+01 1.104536101718726115e+01 5.000000000000000000e+00 2.778488797889960793e+01 3.047950130825634218e+01 2.961418578992169515e+01 2.213594362117865444e+01 2.865309756378880479e+01 1.746424919657297892e+01 2.360084744241189370e+01 2.102379604162863913e+01 1.581138830084189628e+01 2.657066051117284644e+01 1.900000000000000000e+01 3.041381265149109936e+01 1.414213562373095145e+00 1.627882059609970611e+01
9.055385138137417300e+00 1.581138830084189628e+01 1.513274595042155646e+01 8.544003745317530374e+00 1.513274595042155646e+01 0.000000000000000000e+00 1.170469991071962568e+01 1.749285568453590045e+01 4.123105625617660586e+00 1.104536101718726115e+01 1.835755975068581947e+01 1.969771560359220786e+01 1.612451549659709826e+01 7.810249675906653977e+00 1.562049935181330795e+01 5.099019513592784492e+00 2.102379604162863913e+01 6.082762530298219339e+00 1.640121946685672683e+01 1.220655561573370207e+01 2.580697580112788003e+01 1.529705854077835525e+01 1.627882059609970611e+01 1.414213562373095145e+00
1.300000000000000000e+01 2.451530134426252516e+01 2.302172886644267535e+01 8.944271909999159220e+00 7.211102550927978250e+00 1.170469991071962568e+01 0.000000000000000000e+00 1.910497317454279909e+01 8.602325267042626677e+00 3.000000000000000000e+00 2.828427124746190202e+01 2.360084744241189370e+01 2.773084924772409465e+01 1.702938636592640265e+01 2.247220505424423109e+01 1.204159457879229578e+01 2.692582403567251959e+01 1.772004514666934938e+01 9.055385138137417300e+00 2.121320343559642652e+01 2.531797780234432693e+01 2.601922366251537611e+01 8.602325267042626677e+00 1.236931687685298087e+01
2.600000000000000000e+01 3.255764119219941222e+01 1.100000000000000000e+01 2.376972864800942631e+01 1.431782106327635340e+01 1.749285568453590045e+01 1.910497317454279909e+01 0.000000000000000000e+00 1.486606874731850603e+01 1.612451549659709826e+01 1.802775637731994607e+01 3.712142238654116966e+01 2.404163056034261459e+01 2.500000000000000000e+01 3.301514803843835466e+01 2.236067977499789805e+01 1.000000000000000000e+01 2.051828452868319275e+01 2.801785145224380003e+01 2.906888370749726747e+01 8.485281374238569541e+00 3.000000000000000000e+01 1.389244398944980396e+01 1.886796226411320632e+01
1.118033988749894903e+01 1.972308292331602075e+01 1.523154621172781731e+01 9.055385138137417300e+00 1.104536101718726115e+01 4.123105625617660586e+00 8.602325267042626677e+00 1.486606874731850603e+01 0.000000000000000000e+00 7.280109889280518054e+00 1.984943324127920761e+01 2.247220505424423109e+01 1.931320791582796659e+01 1.166190378969060149e+01 1.910497317454279909e+01 7.810249675906653977e+00 2.022374841615668473e+01 1.000000000000000000e+01 1.523154621172781731e+01 1.612451549659709826e+01 2.282542442102665348e+01 1.941648783894759944e+01 1.216552506059643868e+01 5.385164807134503739e+00
1.442220510185595650e+01 2.529822128134703618e+01 2.061552812808830382e+01 1.063014581273464998e+01 5.000000000000000000e+00 1.104536101718726115e+01 3.000000000000000000e+00 1.612451549659709826e+01 7.280109889280518054e+00 0.000000000000000000e+00 2.624880949681337583e+01 2.549509756796392423e+01 2.657066051117284644e+01 1.746424919657297892e+01 2.370653918225939449e+01 1.264911064067351809e+01 2.416609194718914466e+01 1.711724276862369010e+01 1.204159457879229578e+01 2.184032966784155505e+01 2.236067977499789805e+01 2.607680962081059661e+01 6.403124237432848531e+00 1.200000000000000000e+01
2.624880949681337583e+01 2.531797780234432693e+01 7.071067811865475505e+00 2.683281572999747766e+01 2.778488797889960793e+01 1.835755975068581947e+01 2.828427124746190202e+01 1.802775637731994607e+01 1.984943324127920761e+01 2.624880949681337583e+01 0.000000000000000000e+00 3.401470270338990076e+01 9.433981132056603158e+00 2.121320343559642652e+01 2.801785145224380003e+01 2.247220505424423109e+01 1.118033988749894903e+01 1.529705854077835525e+01 3.466987164671942878e+01 2.302172886644267535e+01 2.451530134426252516e+01 1.992485884517127559e+01 2.817800560721074277e+01 1.878829422805593552e+01
1.140175425099137918e+01 1.029563014098700080e+01 3.354101966249684352e+01 1.486606874731850603e+01 3.047950130825634218e+01 1.969771560359220786e+01 2.360084744241189370e+01 3.712142238654116966e+01 2.247220505424423109e+01 2.549509756796392423e+01 3.401470270338990076e+01 0.000000000000000000e+00 2.668332812825266842e+01 1.315294643796590535e+01 6.324555320336759046e+00 1.476482306023340030e+01 4.002499219237900263e+01 1.910497317454279909e+01 1.868154169226940553e+01 1.118033988749894903e+01 4.527692569068708650e+01 1.655294535724684835e+01 3.189043743820394994e+01 1.838477631085023489e+01
2.140093455903269515e+01 1.702938636592640265e+01 1.389244398944980396e+01 2.334523505985750447e+01 2.961418578992169515e+01 1.612451549659709826e+01 2.773084924772409465e+01 2.404163056034261459e+01 1.931320791582796659e+01 2.657066051117284644e+01 9.433981132056603158e+00 2.668332812825266842e+01 0.000000000000000000e+00 1.526433752247374720e+01 2.039607805437113797e+01 1.838477631085023489e+01 1.984943324127920761e+01 1.063014581273464998e+01 3.189043743820394994e+01 1.552417469626002422e+01 3.178049716414140846e+01 1.104536101718726115e+01 3.041381265149109936e+01 1.581138830084189628e+01
6.403124237432848531e+00 8.062257748298549132e+00 2.039607805437113797e+01 9.486832980505138124e+00 2.213594362117865444e+01 7.810249675906653977e+00 1.702938636592640265e+01 2.500000000000000000e+01 1.166190378969060149e+01 1.746424919657297892e+01 2.121320343559642652e+01 1.315294643796590535e+01 1.526433752247374720e+01 0.000000000000000000e+00 8.062257748298549132e+00 5.000000000000000000e+00 2.692582403567251959e+01 6.000000000000000000e+00 1.788854381999831844e+01 4.472135954999579610e+00 3.342154993413680586e+01 9.219544457292887074e+00 2.340939982143925135e+01 6.403124237432848531e+00
9.486832980505138124e+00 4.242640687119284770e+00 2.816025568065744622e+01 1.360147050873544394e+01 2.865309756378880479e+01 1.562049935181330795e+01 2.247220505424423109e+01 3.301514803843835466e+01 1.910497317454279909e+01 2.370653918225939449e+01 2.801785145224380003e+01 6.324555320336759046e+00 2.039607805437113797e+01 8.062257748298549132e+00 0.000000000000000000e+00 1.140175425099137918e+01 3.478505426185217431e+01 1.360147050873544394e+01 2.002498439450078749e+01 5.000000000000000000e+00 4.140048308896890461e+01 1.029563014098700080e+01 3.001666203960726875e+01 1.421267040355189515e+01
4.000000000000000000e+00 1.264911064067351809e+01 2.002498439450078749e+01 5.000000000000000000e+00 1.746424919657297892e+01 5.099019513592784492e+00 1.204159457879229578e+01 2.236067977499789805e+01 7.810249675906653977e+00 1.264911064067351809e+01 2.247220505424423109e+01 1.476482306023340030e+01 1.838477631085023489e+01 5.000000000000000000e+00 1.140175425099137918e+01 0.000000000000000000e+00 2.607680962081059661e+01 7.810249675906653977e+00 1.360147050873544394e+01 9.219544457292887074e+00 3.052867504494749440e+01 1.414213562373095101e+01 1.878829422805593552e+01 4.000000000000000000e+00
3.006659275674581622e+01 3.310589071449369669e+01 6.708203932499369415e+00 2.906888370749726747e+01 2.360084744241189370e+01 2.102379604162863913e+01 2.692582403567251959e+01 1.000000000000000000e+01 2.022374841615668473e+01 2.416609194718914466e+01 1.118033988749894903e+01 4.002499219237900263e+01 1.984943324127920761e+01 2.692582403567251959e+01 3.478505426185217431e+01 2.607680962081059661e+01 0.000000000000000000e+00 2.118962010041709121e+01 3.517101079013794873e+01 3.008321791298264714e+01 1.400000000000000000e+01 2.884441020371191300e+01 2.343074902771996193e+01 2.209072203437452231e+01
1.118033988749894903e+01 1.220655561573370207e+01 1.456021977856103611e+01 1.272792206135785520e+01 2.102379604162863913e+01 6.082762530298219339e+00 1.772004514666934938e+01 2.051828452868319275e+01 1.000000000000000000e+01 1.711724276862369010e+01 1.529705854077835525e+01 1.910497317454279909e+01 1.063014581273464998e+01 6.000000000000000000e+00 1.360147050873544394e+01 7.810249675906653977e+00 2.118962010041709121e+01 0.000000000000000000e+00 2.126029162546929996e+01 8.944271909999159220e+00 2.900000000000000000e+01 9.848857801796103928e+00 2.209072203437452231e+01 5.385164807134503739e+00
1.170469991071962568e+01 2.334523505985750447e+01 3.046309242345563462e+01 8.602325267042626677e+00 1.581138830084189628e+01 1.640121946685672683e+01 9.055385138137417300e+00 2.801785145224380003e+01 1.523154621172781731e+01 1.204159457879229578e+01 3.466987164671942878e+01 1.868154169226940553e+01 3.189043743820394994e+01 1.788854381999831844e+01 2.002498439450078749e+01 1.360147050873544394e+01 3.517101079013794873e+01 2.126029162546929996e+01 0.000000000000000000e+00 2.088061301782110135e+01 3.436568055487916240e+01 2.692582403567251959e+01 1.708800749063506075e+01 1.627882059609970611e+01
9.219544457292887074e+00 3.605551275463989125e+00 2.340939982143925135e+01 1.303840481040529831e+01 2.657066051117284644e+01 1.220655561573370207e+01 2.121320343559642652e+01 2.906888370749726747e+01 1.612451549659709826e+01 2.184032966784155505e+01 2.302172886644267535e+01 1.118033988749894903e+01 1.552417469626002422e+01 4.472135954999579610e+00 5.000000000000000000e+00 9.219544457292887074e+00 3.008321791298264714e+01 8.944271909999159220e+00 2.088061301782110135e+01 0.000000000000000000e+00 3.753664875824691904e+01 6.403124237432848531e+00 2.785677655436823841e+01 1.081665382639196871e+01
3.400000000000000000e+01 4.103656905736638549e+01 1.802775637731994607e+01 3.138470965295043058e+01 1.900000000000000000e+01 2.580697580112788003e+01 2.531797780234432693e+01 8.485281374238569541e+00 2.282542442102665348e+01 2.236067977499789805e+01 2.451530134426252516e+01 4.527692569068708650e+01 3.178049716414140846e+01 3.342154993413680586e+01 4.140048308896890461e+01 3.052867504494749440e+01 1.400000000000000000e+01 2.900000000000000000e+01 3.436568055487916240e+01 3.753664875824691904e+01 0.000000000000000000e+00 3.841874542459709119e+01 1.802775637731994607e+01 2.720294101747088789e+01
1.523154621172781731e+01 6.324555320336759046e+00 2.220360331117451835e+01 1.868154169226940553e+01 3.041381265149109936e+01 1.529705854077835525e+01 2.601922366251537611e+01 3.000000000000000000e+01 1.941648783894759944e+01 2.607680962081059661e+01 1.992485884517127559e+01 1.655294535724684835e+01 1.104536101718726115e+01 9.219544457292887074e+00 1.029563014098700080e+01 1.414213562373095101e+01 2.884441020371191300e+01 9.848857801796103928e+00 2.692582403567251959e+01 6.403124237432848531e+00 3.841874542459709119e+01 0.000000000000000000e+00 3.157530680769388809e+01 1.414213562373095101e+01
2.080865204668481283e+01 3.138470965295043058e+01 2.163330765278393741e+01 1.702938636592640265e+01 1.414213562373095145e+00 1.627882059609970611e+01 8.602325267042626677e+00 1.389244398944980396e+01 1.216552506059643868e+01 6.403124237432848531e+00 2.817800560721074277e+01 3.189043743820394994e+01 3.041381265149109936e+01 2.340939982143925135e+01 3.001666203960726875e+01 1.878829422805593552e+01 2.343074902771996193e+01 2.209072203437452231e+01 1.708800749063506075e+01 2.785677655436823841e+01 1.802775637731994607e+01 3.157530680769388809e+01 0.000000000000000000e+00 1.746424919657297892e+01
8.000000000000000000e+00 1.442220510185595650e+01 1.603121954188139853e+01 8.062257748298549132e+00 1.627882059609970611e+01 1.414213562373095145e+00 1.236931687685298087e+01 1.886796226411320632e+01 5.385164807134503739e+00 1.200000000000000000e+01 1.878829422805593552e+01 1.838477631085023489e+01 1.581138830084189628e+01 6.403124237432848531e+00 1.421267040355189515e+01 4.000000000000000000e+00 2.209072203437452231e+01 5.385164807134503739e+00 1.627882059609970611e+01 1.081665382639196871e+01 2.720294101747088789e+01 1.414213562373095101e+01 1.746424919657297892e+01 0.000000000000000000e+00
