0.000000000000000000e+00 2.801785145224380003e+01 2.900000000000000000e+01 3.306055050963308162e+01 1.702938636592640265e+01 5.000000000000000000e+01 1.843908891458577415e+01 2.983286778035259701e+01 4.167733196834941367e+01 3.883297567789519888e+01 2.830194339616981125e+01 2.334523505985750447e+01 4.837354648979129479e+01 3.138470965295043058e+01 8.944271909999159220e+00 4.242640687119284770e+00 4.604345773288535071e+01 3.624913792078371699e+01 2.701851217221259205e+01 1.746424919657297892e+01 4.420407221060068537e+01 4.753945729601885262e+01 1.868154169226940553e+01 2.692582403567251959e+01
2.801785145224380003e+01 0.000000000000000000e+00 1.414213562373095145e+00 4.123105625617660763e+01 3.138470965295043058e+01 3.905124837953326988e+01 1.044030650891055068e+01 1.868154169226940553e+01 3.569313659514949677e+01 5.162363799656122865e+01 2.641968962724581260e+01 5.830951894845300743e+00 4.119465984809195902e+01 3.224903099319419653e+01 3.612478373637688378e+01 2.507987240796890660e+01 5.197114584074513033e+01 1.486606874731850603e+01 3.748332962798262713e+01 2.884441020371191300e+01 2.692582403567251959e+01 4.414748010928823163e+01 3.712142238654116966e+01 2.607680962081059661e+01
2.900000000000000000e+01 1.414213562373095145e+00 0.000000000000000000e+00 4.263801121065568367e+01 3.275667870831839679e+01 4.001249804748510996e+01 1.170469991071962568e+01 1.992485884517127559e+01 3.687817782917154830e+01 5.303772242470447651e+01 2.778488797889960793e+01 7.211102550927978250e+00 4.229657196511320194e+01 3.361547262794321966e+01 3.721558813185679071e+01 2.617250465660480074e+01 5.333854141237834767e+01 1.552417469626002422e+01 3.889730067755344578e+01 3.023243291566194912e+01 2.765863337187866122e+01 4.535416188179426911e+01 3.847076812334268681e+01 2.745906043549196340e+01
3.306055050963308162e+01 4.123105625617660763e+01 4.263801121065568367e+01 0.000000000000000000e+00 1.603121954188139853e+01 2.886173937932362321e+01 3.312099032335839155e+01 2.523885892824792521e+01 1.923538406167134340e+01 1.118033988749894903e+01 1.581138830084189628e+01 3.580502757993631491e+01 2.376972864800942631e+01 1.077032961426900748e+01 3.067572330035593353e+01 3.001666203960726875e+01 1.300000000000000000e+01 3.584689665786984136e+01 6.082762530298219339e+00 1.612451549659709826e+01 3.354101966249684352e+01 1.941648783894759944e+01 1.655294535724684835e+01 1.562049935181330795e+01
1.702938636592640265e+01 3.138470965295043058e+01 3.275667870831839679e+01 1.603121954188139853e+01 0.000000000000000000e+00 3.701351104664349378e+01 2.140093455903269515e+01 2.209072203437452231e+01 2.758622844826744469e+01 2.284731931759172596e+01 1.565247584249852864e+01 2.555386467836127551e+01 3.397057550292606010e+01 1.627882059609970611e+01 1.581138830084189628e+01 1.414213562373095101e+01 2.901723625709381693e+01 3.206243908376279705e+01 1.000000000000000000e+01 3.000000000000000000e+00 3.544009029333869876e+01 3.190611226708763226e+01 6.082762530298219339e+00 1.431782106327635340e+01
5.000000000000000000e+01 3.905124837953326988e+01 4.001249804748510996e+01 2.886173937932362321e+01 3.701351104664349378e+01 0.000000000000000000e+00 3.794733192202055250e+01 2.213594362117865444e+01 9.848857801796103928e+00 3.805259518088089266e+01 2.193171219946130890e+01 3.667424164178449786e+01 6.324555320336759046e+00 2.109502310972898798e+01 5.234500931320960149e+01 4.580392996239514503e+01 2.863564212655270680e+01 2.517935662402834396e+01 3.178049716414140846e+01 3.471310991541956525e+01 1.392838827718411920e+01 1.264911064067351809e+01 4.134005321718877468e+01 2.334523505985750447e+01
1.843908891458577415e+01 1.044030650891055068e+01 1.170469991071962568e+01 3.312099032335839155e+01 2.140093455903269515e+01 3.794733192202055250e+01 0.000000000000000000e+00 1.581138830084189628e+01 3.214031735997639316e+01 4.280186911806539030e+01 2.022374841615668473e+01 5.000000000000000000e+00 3.847076812334268681e+01 2.570992026436488231e+01 2.600000000000000000e+01 1.503329637837290811e+01 4.494441010848846219e+01 1.860107523773827509e+01 2.860069929215018192e+01 1.910497317454279909e+01 2.860069929215018192e+01 4.000000000000000000e+01 2.692582403567251959e+01 1.941648783894759944e+01
2.983286778035259701e+01 1.868154169226940553e+01 1.992485884517127559e+01 2.523885892824792521e+01 2.209072203437452231e+01 2.213594362117865444e+01 1.581138830084189628e+01 0.000000000000000000e+00 1.711724276862369010e+01 3.635931792539568619e+01 9.433981132056603158e+00 1.500000000000000000e+01 2.302172886644267535e+01 1.486606874731850603e+01 3.443835071544512516e+01 2.561249694973139412e+01 3.420526275297414287e+01 1.077032961426900748e+01 2.340939982143925135e+01 1.910497317454279909e+01 1.442220510185595650e+01 2.549509756796392423e+01 2.801785145224380003e+01 9.848857801796103928e+00
4.167733196834941367e+01 3.569313659514949677e+01 3.687817782917154830e+01 1.923538406167134340e+01 2.758622844826744469e+01 9.848857801796103928e+00 3.214031735997639316e+01 1.711724276862369010e+01 0.000000000000000000e+00 2.906888370749726747e+01 1.341640786499873883e+01 3.206243908376279705e+01 6.708203932499369415e+00 1.140175425099137918e+01 4.318564576337836769e+01 3.758989225842500304e+01 2.147091055358388800e+01 2.418677324489564739e+01 2.193171219946130890e+01 2.549509756796392423e+01 1.664331697709323876e+01 8.544003745317530374e+00 3.162277660168379256e+01 1.476482306023340030e+01
3.883297567789519888e+01 5.162363799656122865e+01 5.303772242470447651e+01 1.118033988749894903e+01 2.284731931759172596e+01 3.805259518088089266e+01 4.280186911806539030e+01 3.635931792539568619e+01 2.906888370749726747e+01 0.000000000000000000e+00 2.692582403567251959e+01 4.601086828130936368e+01 3.224903099319419653e+01 2.193171219946130890e+01 3.400000000000000000e+01 3.668787265568828104e+01 1.280624847486569706e+01 4.701063709417263681e+01 1.421267040355189515e+01 2.418677324489564739e+01 4.438468204234429493e+01 2.668332812825266842e+01 2.022374841615668473e+01 2.662705391138869615e+01
2.830194339616981125e+01 2.641968962724581260e+01 2.778488797889960793e+01 1.581138830084189628e+01 1.565247584249852864e+01 2.193171219946130890e+01 2.022374841615668473e+01 9.433981132056603158e+00 1.341640786499873883e+01 2.692582403567251959e+01 0.000000000000000000e+00 2.154065922853801496e+01 2.012461179749810825e+01 5.830951894845300743e+00 3.047950130825634218e+01 2.418677324489564739e+01 2.555386467836127551e+01 2.012461179749810825e+01 1.431782106327635340e+01 1.303840481040529831e+01 2.022374841615668473e+01 2.022374841615668473e+01 2.088061301782110135e+01 1.414213562373095145e+00
2.334523505985750447e+01 5.830951894845300743e+00 7.211102550927978250e+00 3.580502757993631491e+01 2.555386467836127551e+01 3.667424164178449786e+01 5.000000000000000000e+00 1.500000000000000000e+01 3.206243908376279705e+01 4.601086828130936368e+01 2.154065922853801496e+01 0.000000000000000000e+00 3.801315561749642313e+01 2.731300056749532601e+01 3.100000000000000000e+01 2.002498439450078749e+01 4.695742752749558235e+01 1.486606874731850603e+01 3.182766092567909766e+01 2.302172886644267535e+01 2.594224354214569317e+01 4.031128874149274566e+01 3.130495168499705727e+01 2.102379604162863913e+01
4.837354648979129479e+01 4.119465984809195902e+01 4.229657196511320194e+01 2.376972864800942631e+01 3.397057550292606010e+01 6.324555320336759046e+00 3.847076812334268681e+01 2.302172886644267535e+01 6.708203932499369415e+00 3.224903099319419653e+01 2.012461179749810825e+01 3.801315561749642313e+01 0.000000000000000000e+00 1.769180601295413169e+01 4.967896939349688523e+01 4.429446918070020445e+01 2.236067977499789805e+01 2.846049894151541437e+01 2.745906043549196340e+01 3.201562118716424266e+01 1.860107523773827509e+01 6.324555320336759046e+00 3.764306044943742080e+01 2.147091055358388800e+01
3.138470965295043058e+01 3.224903099319419653e+01 3.361547262794321966e+01 1.077032961426900748e+01 1.627882059609970611e+01 2.109502310972898798e+01 2.570992026436488231e+01 1.486606874731850603e+01 1.140175425099137918e+01 2.193171219946130890e+01 5.830951894845300743e+00 2.731300056749532601e+01 1.769180601295413169e+01 0.000000000000000000e+00 3.201562118716424266e+01 2.751363298439520833e+01 1.972308292331602075e+01 2.523885892824792521e+01 1.118033988749894903e+01 1.442220510185595650e+01 2.308679276123039159e+01 1.615549442140351033e+01 2.024845673131658685e+01 6.324555320336759046e+00
8.944271909999159220e+00 3.612478373637688378e+01 3.721558813185679071e+01 3.067572330035593353e+01 1.581138830084189628e+01 5.234500931320960149e+01 2.600000000000000000e+01 3.443835071544512516e+01 4.318564576337836769e+01 3.400000000000000000e+01 3.047950130825634218e+01 3.100000000000000000e+01 4.967896939349688523e+01 3.201562118716424266e+01 0.000000000000000000e+00 1.104536101718726115e+01 4.317406628984580408e+01 4.244997055358224713e+01 2.469817807045693669e+01 1.769180601295413169e+01 4.876474136094643796e+01 4.770744176750625343e+01 1.431782106327635340e+01 2.906888370749726747e+01
4.242640687119284770e+00 2.507987240796890660e+01 2.617250465660480074e+01 3.001666203960726875e+01 1.414213562373095101e+01 4.580392996239514503e+01 1.503329637837290811e+01 2.561249694973139412e+01 3.758989225842500304e+01 3.668787265568828104e+01 2.418677324489564739e+01 2.002498439450078749e+01 4.429446918070020445e+01 2.751363298439520833e+01 1.104536101718726115e+01 0.000000000000000000e+00 4.301162633521313694e+01 3.231098884280702066e+01 2.408318915758459156e+01 1.403566884761819900e+01 4.000000000000000000e+01 4.365775990588614519e+01 1.700000000000000000e+01 2.282542442102665348e+01
4.604345773288535071e+01 5.197114584074513033e+01 5.333854141237834767e+01 1.300000000000000000e+01 2.901723625709381693e+01 2.863564212655270680e+01 4.494441010848846219e+01 3.420526275297414287e+01 2.147091055358388800e+01 1.280624847486569706e+01 2.555386467836127551e+01 4.695742752749558235e+01 2.236067977499789805e+01 1.972308292331602075e+01 4.317406628984580408e+01 4.301162633521313694e+01 0.000000000000000000e+00 4.384062043356594529e+01 1.902629759044044633e+01 2.906888370749726747e+01 3.807886552931954327e+01 1.612451549659709826e+01 2.886173937932362321e+01 2.594224354214569317e+01
3.624913792078371699e+01 1.486606874731850603e+01 1.552417469626002422e+01 3.584689665786984136e+01 3.206243908376279705e+01 2.517935662402834396e+01 1.860107523773827509e+01 1.077032961426900748e+01 2.418677324489564739e+01 4.701063709417263681e+01 2.012461179749810825e+01 1.486606874731850603e+01 2.846049894151541437e+01 2.523885892824792521e+01 4.244997055358224713e+01 3.231098884280702066e+01 4.384062043356594529e+01 0.000000000000000000e+00 3.417601498127012150e+01 2.906888370749726747e+01 1.216552506059643868e+01 3.264965543462901820e+01 3.811823710509183627e+01 2.061552812808830382e+01
2.701851217221259205e+01 3.748332962798262713e+01 3.889730067755344578e+01 6.082762530298219339e+00 1.000000000000000000e+01 3.178049716414140846e+01 2.860069929215018192e+01 2.340939982143925135e+01 2.193171219946130890e+01 1.421267040355189515e+01 1.431782106327635340e+01 3.182766092567909766e+01 2.745906043549196340e+01 1.118033988749894903e+01 2.469817807045693669e+01 2.408318915758459156e+01 1.902629759044044633e+01 3.417601498127012150e+01 0.000000000000000000e+00 1.044030650891055068e+01 3.400000000000000000e+01 2.404163056034261459e+01 1.081665382639196871e+01 1.360147050873544394e+01
1.746424919657297892e+01 2.884441020371191300e+01 3.023243291566194912e+01 1.612451549659709826e+01 3.000000000000000000e+00 3.471310991541956525e+01 1.910497317454279909e+01 1.910497317454279909e+01 2.549509756796392423e+01 2.418677324489564739e+01 1.303840481040529831e+01 2.302172886644267535e+01 3.201562118716424266e+01 1.442220510185595650e+01 1.769180601295413169e+01 1.403566884761819900e+01 2.906888370749726747e+01 2.906888370749726747e+01 1.044030650891055068e+01 0.000000000000000000e+00 3.257299494980465937e+01 3.041381265149109936e+01 9.055385138137417300e+00 1.166190378969060149e+01
4.420407221060068537e+01 2.692582403567251959e+01 2.765863337187866122e+01 3.354101966249684352e+01 3.544009029333869876e+01 1.392838827718411920e+01 2.860069929215018192e+01 1.442220510185595650e+01 1.664331697709323876e+01 4.438468204234429493e+01 2.022374841615668473e+01 2.594224354214569317e+01 1.860107523773827509e+01 2.308679276123039159e+01 4.876474136094643796e+01 4.000000000000000000e+01 3.807886552931954327e+01 1.216552506059643868e+01 3.400000000000000000e+01 3.257299494980465937e+01 0.000000000000000000e+00 2.404163056034261459e+01 4.100000000000000000e+01 2.137755832643194864e+01
4.753945729601885262e+01 4.414748010928823163e+01 4.535416188179426911e+01 1.941648783894759944e+01 3.190611226708763226e+01 1.264911064067351809e+01 4.000000000000000000e+01 2.549509756796392423e+01 8.544003745317530374e+00 2.668332812825266842e+01 2.022374841615668473e+01 4.031128874149274566e+01 6.324555320336759046e+00 1.615549442140351033e+01 4.770744176750625343e+01 4.365775990588614519e+01 1.612451549659709826e+01 3.264965543462901820e+01 2.404163056034261459e+01 3.041381265149109936e+01 2.404163056034261459e+01 0.000000000000000000e+00 3.471310991541956525e+01 2.137755832643194864e+01
1.868154169226940553e+01 3.712142238654116966e+01 3.847076812334268681e+01 1.655294535724684835e+01 6.082762530298219339e+00 4.134005321718877468e+01 2.692582403567251959e+01 2.801785145224380003e+01 3.162277660168379256e+01 2.022374841615668473e+01 2.088061301782110135e+01 3.130495168499705727e+01 3.764306044943742080e+01 2.024845673131658685e+01 1.431782106327635340e+01 1.700000000000000000e+01 2.886173937932362321e+01 3.811823710509183627e+01 1.081665382639196871e+01 9.055385138137417300e+00 4.100000000000000000e+01 3.471310991541956525e+01 0.000000000000000000e+00 1.964688270438849926e+01
2.692582403567251959e+01 2.607680962081059661e+01 2.745906043549196340e+01 1.562049935181330795e+01 1.431782106327635340e+01 2.334523505985750447e+01 1.941648783894759944e+01 9.848857801796103928e+00 1.476482306023340030e+01 2.662705391138869615e+01 1.414213562373095145e+00 2.102379604162863913e+01 2.147091055358388800e+01 6.324555320336759046e+00 2.906888370749726747e+01 2.282542442102665348e+01 2.594224354214569317e+01 2.061552812808830382e+01 1.360147050873544394e+01 1.166190378969060149e+01 2.137755832643194864e+01 2.137755832643194864e+01 1.964688270438849926e+01 0.000000000000000000e+00
