0.000000000000000000e+00 1.920937271229854559e+01 1.529705854077835525e+01 2.061552812808830382e+01 1.615549442140351033e+01 5.000000000000000000e+00 2.385372088375312671e+01 1.526433752247374720e+01 1.931320791582796659e+01 2.863564212655270680e+01 1.802775637731994607e+01 1.140175425099137918e+01 1.603121954188139853e+01 1.920937271229854559e+01 2.319482700948640286e+01 9.433981132056603158e+00 1.565247584249852864e+01 1.802775637731994607e+01 7.615773105863908654e+00 3.605551275463989125e+00 1.720465053408525335e+01 2.236067977499789805e+00 1.216552506059643868e+01 1.649242250247064234e+01 1.204159457879229578e+01
1.920937271229854559e+01 0.000000000000000000e+00 1.824828759089465890e+01 1.414213562373095145e+00 9.486832980505138124e+00 1.421267040355189515e+01 3.501428280002319582e+01 3.397057550292606010e+01 3.337663853655727308e+01 4.100000000000000000e+01 3.546829570193639825e+01 3.001666203960726875e+01 1.649242250247064234e+01 3.000000000000000000e+01 3.905124837953326988e+01 2.860069929215018192e+01 8.246211251235321171e+00 3.671511950137163893e+01 1.868154169226940553e+01 2.059126028197400160e+01 2.202271554554523902e+01 1.720465053408525335e+01 2.941088233970548416e+01 1.603121954188139853e+01 2.915475947422650194e+01
1.529705854077835525e+01 1.824828759089465890e+01 0.000000000000000000e+00 1.910497317454279909e+01 9.000000000000000000e+00 1.389244398944980396e+01 1.711724276862369010e+01 2.844292530665578411e+01 1.700000000000000000e+01 2.319482700948640286e+01 2.193171219946130890e+01 1.969771560359220786e+01 2.236067977499789805e+00 1.236931687685298087e+01 2.332380757938120297e+01 2.061552812808830382e+01 1.004987562112088995e+01 2.523885892824792521e+01 8.000000000000000000e+00 1.300000000000000000e+01 3.023243291566194912e+01 1.360147050873544394e+01 2.701851217221259205e+01 2.687005768508880621e+01 1.664331697709323876e+01
2.061552812808830382e+01 1.414213562373095145e+00 1.910497317454279909e+01 0.000000000000000000e+00 1.019803902718556898e+01 1.562049935181330795e+01 3.600000000000000000e+01 3.538361202590826338e+01 3.452535300326413648e+01 4.201190307520000999e+01 3.676955262170046979e+01 3.138470965295043058e+01 1.726267650163206824e+01 3.101612483854164637e+01 4.026164427839479032e+01 3.000000000000000000e+01 9.055385138137417300e+00 3.807886552931954327e+01 1.992485884517127559e+01 2.195449840010014952e+01 2.308679276123039159e+01 1.860107523773827509e+01 3.080584360149872580e+01 1.700000000000000000e+01 3.046309242345563462e+01
1.615549442140351033e+01 9.486832980505138124e+00 9.000000000000000000e+00 1.019803902718556898e+01 0.000000000000000000e+00 1.216552506059643868e+01 2.607680962081059661e+01 3.130495168499705727e+01 2.529822128134703618e+01 3.214031735997639316e+01 2.884441020371191300e+01 2.475883680627989492e+01 7.071067811865475505e+00 2.121320343559642652e+01 3.138470965295043058e+01 2.441311123146740414e+01 1.414213562373095145e+00 3.114482300479487265e+01 1.204159457879229578e+01 1.581138830084189628e+01 2.624880949681337583e+01 1.392838827718411920e+01 2.816025568065744622e+01 2.147091055358388800e+01 2.280350850198275836e+01
5.000000000000000000e+00 1.421267040355189515e+01 1.389244398944980396e+01 1.562049935181330795e+01 1.216552506059643868e+01 0.000000000000000000e+00 2.600000000000000000e+01 2.000000000000000000e+01 2.236067977499789805e+01 3.132091952673165025e+01 2.236067977499789805e+01 1.615549442140351033e+01 1.392838827718411920e+01 2.102379604162863913e+01 2.700000000000000000e+01 1.442220510185595650e+01 1.140175425099137918e+01 2.284731931759172596e+01 8.062257748298549132e+00 7.071067811865475505e+00 1.640121946685672683e+01 3.162277660168379523e+00 1.615549442140351033e+01 1.389244398944980396e+01 1.612451549659709826e+01
2.385372088375312671e+01 3.501428280002319582e+01 1.711724276862369010e+01 3.600000000000000000e+01 2.607680962081059661e+01 2.600000000000000000e+01 0.000000000000000000e+00 2.863564212655270680e+01 6.324555320336759046e+00 6.082762530298219339e+00 1.414213562373095101e+01 1.835755975068581947e+01 1.923538406167134340e+01 5.099019513592784492e+00 1.044030650891055068e+01 2.163330765278393741e+01 2.701851217221259205e+01 1.923538406167134340e+01 1.802775637731994607e+01 2.024845673131658685e+01 4.104875150354758517e+01 2.370653918225939449e+01 3.080584360149872580e+01 3.981205847478876336e+01 1.442220510185595650e+01
1.526433752247374720e+01 3.397057550292606010e+01 2.844292530665578411e+01 3.538361202590826338e+01 3.130495168499705727e+01 2.000000000000000000e+01 2.863564212655270680e+01 0.000000000000000000e+00 2.236067977499789805e+01 3.080584360149872580e+01 1.562049935181330795e+01 1.044030650891055068e+01 2.983286778035259701e+01 2.596150997149434048e+01 2.193171219946130890e+01 8.000000000000000000e+00 3.088689042296100240e+01 1.140175425099137918e+01 2.061552812808830382e+01 1.581138830084189628e+01 2.220360331117451835e+01 1.749285568453590045e+01 6.082762530298219339e+00 2.563201123595259290e+01 1.456021977856103611e+01
1.931320791582796659e+01 3.337663853655727308e+01 1.700000000000000000e+01 3.452535300326413648e+01 2.529822128134703618e+01 2.236067977499789805e+01 6.324555320336759046e+00 2.236067977499789805e+01 0.000000000000000000e+00 9.433981132056603158e+00 8.000000000000000000e+00 1.220655561573370207e+01 1.923538406167134340e+01 5.830951894845300743e+00 6.403124237432848531e+00 1.562049935181330795e+01 2.596150997149434048e+01 1.303840481040529831e+01 1.500000000000000000e+01 1.581138830084189628e+01 3.623534186398687496e+01 1.964688270438849926e+01 2.483948469674844262e+01 3.573513677041127323e+01 8.485281374238569541e+00
2.863564212655270680e+01 4.100000000000000000e+01 2.319482700948640286e+01 4.201190307520000999e+01 3.214031735997639316e+01 3.132091952673165025e+01 6.082762530298219339e+00 3.080584360149872580e+01 9.433981132056603158e+00 0.000000000000000000e+00 1.526433752247374720e+01 2.121320343559642652e+01 2.531797780234432693e+01 1.100000000000000000e+01 9.486832980505138124e+00 2.475883680627989492e+01 3.306055050963308162e+01 2.012461179749810825e+01 2.353720459187963954e+01 2.507987240796890660e+01 4.565084884205330695e+01 2.879236009777593708e+01 3.394112549695427816e+01 4.494441010848846219e+01 1.780449381476485726e+01
1.802775637731994607e+01 3.546829570193639825e+01 2.193171219946130890e+01 3.676955262170046979e+01 2.884441020371191300e+01 2.236067977499789805e+01 1.414213562373095101e+01 1.562049935181330795e+01 8.000000000000000000e+00 1.526433752247374720e+01 0.000000000000000000e+00 7.280109889280518054e+00 2.404163056034261459e+01 1.334166406412633421e+01 6.403124237432848531e+00 1.077032961426900748e+01 2.915475947422650194e+01 5.099019513592784492e+00 1.700000000000000000e+01 1.529705854077835525e+01 3.324154027718932269e+01 1.923538406167134340e+01 1.941648783894759944e+01 3.413209633175202384e+01 6.324555320336759046e+00
1.140175425099137918e+01 3.001666203960726875e+01 1.969771560359220786e+01 3.138470965295043058e+01 2.475883680627989492e+01 1.615549442140351033e+01 1.835755975068581947e+01 1.044030650891055068e+01 1.220655561573370207e+01 2.121320343559642652e+01 7.280109889280518054e+00 0.000000000000000000e+00 2.147091055358388800e+01 1.552417469626002422e+01 1.341640786499873883e+01 3.605551275463989125e+00 2.475883680627989492e+01 6.708203932499369415e+00 1.280624847486569706e+01 9.433981132056603158e+00 2.596150997149434048e+01 1.300000000000000000e+01 1.272792206135785520e+01 2.701851217221259205e+01 4.123105625617660586e+00
1.603121954188139853e+01 1.649242250247064234e+01 2.236067977499789805e+00 1.726267650163206824e+01 7.071067811865475505e+00 1.392838827718411920e+01 1.923538406167134340e+01 2.983286778035259701e+01 1.923538406167134340e+01 2.531797780234432693e+01 2.404163056034261459e+01 2.147091055358388800e+01 0.000000000000000000e+00 1.456021977856103611e+01 2.555386467836127551e+01 2.213594362117865444e+01 8.246211251235321171e+00 2.720294101747088789e+01 9.219544457292887074e+00 1.414213562373095101e+01 3.001666203960726875e+01 1.414213562373095101e+01 2.801785145224380003e+01 2.624880949681337583e+01 1.860107523773827509e+01
1.920937271229854559e+01 3.000000000000000000e+01 1.236931687685298087e+01 3.101612483854164637e+01 2.121320343559642652e+01 2.102379604162863913e+01 5.099019513592784492e+00 2.596150997149434048e+01 5.830951894845300743e+00 1.100000000000000000e+01 1.334166406412633421e+01 1.552417469626002422e+01 1.456021977856103611e+01 0.000000000000000000e+00 1.204159457879229578e+01 1.838477631085023489e+01 2.209072203437452231e+01 1.811077027627483460e+01 1.300000000000000000e+01 1.562049935181330795e+01 3.640054944640259293e+01 1.886796226411320632e+01 2.729468812791236232e+01 3.488552708502481892e+01 1.140175425099137918e+01
2.319482700948640286e+01 3.905124837953326988e+01 2.332380757938120297e+01 4.026164427839479032e+01 3.138470965295043058e+01 2.700000000000000000e+01 1.044030650891055068e+01 2.193171219946130890e+01 6.403124237432848531e+00 9.486832980505138124e+00 6.403124237432848531e+00 1.341640786499873883e+01 2.555386467836127551e+01 1.204159457879229578e+01 0.000000000000000000e+00 1.700000000000000000e+01 3.195309061734091571e+01 1.081665382639196871e+01 2.039607805437113797e+01 2.002498439450078749e+01 3.921734310225515685e+01 2.402082429892862692e+01 2.580697580112788003e+01 3.962322551231790158e+01 1.118033988749894903e+01
9.433981132056603158e+00 2.860069929215018192e+01 2.061552812808830382e+01 3.000000000000000000e+01 2.441311123146740414e+01 1.442220510185595650e+01 2.163330765278393741e+01 8.000000000000000000e+00 1.562049935181330795e+01 2.475883680627989492e+01 1.077032961426900748e+01 3.605551275463989125e+00 2.213594362117865444e+01 1.838477631085023489e+01 1.700000000000000000e+01 0.000000000000000000e+00 2.420743687382040932e+01 9.055385138137417300e+00 1.300000000000000000e+01 8.602325267042626677e+00 2.256102834535695578e+01 1.140175425099137918e+01 9.219544457292887074e+00 2.402082429892862692e+01 7.211102550927978250e+00
1.565247584249852864e+01 8.246211251235321171e+00 1.004987562112088995e+01 9.055385138137417300e+00 1.414213562373095145e+00 1.140175425099137918e+01 2.701851217221259205e+01 3.088689042296100240e+01 2.596150997149434048e+01 3.306055050963308162e+01 2.915475947422650194e+01 2.475883680627989492e+01 8.246211251235321171e+00 2.209072203437452231e+01 3.195309061734091571e+01 2.420743687382040932e+01 0.000000000000000000e+00 3.124099870362661591e+01 1.220655561573370207e+01 1.562049935181330795e+01 2.500000000000000000e+01 1.341640786499873883e+01 2.751363298439520833e+01 2.012461179749810825e+01 2.302172886644267535e+01
1.802775637731994607e+01 3.671511950137163893e+01 2.523885892824792521e+01 3.807886552931954327e+01 3.114482300479487265e+01 2.284731931759172596e+01 1.923538406167134340e+01 1.140175425099137918e+01 1.303840481040529831e+01 2.012461179749810825e+01 5.099019513592784492e+00 6.708203932499369415e+00 2.720294101747088789e+01 1.811077027627483460e+01 1.081665382639196871e+01 9.055385138137417300e+00 3.124099870362661591e+01 0.000000000000000000e+00 1.910497317454279909e+01 1.612451549659709826e+01 3.125699921617556853e+01 1.969771560359220786e+01 1.615549442140351033e+01 3.306055050963308162e+01 8.602325267042626677e+00
7.615773105863908654e+00 1.868154169226940553e+01 8.000000000000000000e+00 1.992485884517127559e+01 1.204159457879229578e+01 8.062257748298549132e+00 1.802775637731994607e+01 2.061552812808830382e+01 1.500000000000000000e+01 2.353720459187963954e+01 1.700000000000000000e+01 1.280624847486569706e+01 9.219544457292887074e+00 1.300000000000000000e+01 2.039607805437113797e+01 1.300000000000000000e+01 1.220655561573370207e+01 1.910497317454279909e+01 0.000000000000000000e+00 5.000000000000000000e+00 2.404163056034261459e+01 6.403124237432848531e+00 1.902629759044044633e+01 2.195449840010014952e+01 1.081665382639196871e+01
3.605551275463989125e+00 2.059126028197400160e+01 1.300000000000000000e+01 2.195449840010014952e+01 1.581138830084189628e+01 7.071067811865475505e+00 2.024845673131658685e+01 1.581138830084189628e+01 1.581138830084189628e+01 2.507987240796890660e+01 1.529705854077835525e+01 9.433981132056603158e+00 1.414213562373095101e+01 1.562049935181330795e+01 2.002498439450078749e+01 8.602325267042626677e+00 1.562049935181330795e+01 1.612451549659709826e+01 5.000000000000000000e+00 0.000000000000000000e+00 2.080865204668481283e+01 4.000000000000000000e+00 1.403566884761819900e+01 1.992485884517127559e+01 9.055385138137417300e+00
1.720465053408525335e+01 2.202271554554523902e+01 3.023243291566194912e+01 2.308679276123039159e+01 2.624880949681337583e+01 1.640121946685672683e+01 4.104875150354758517e+01 2.220360331117451835e+01 3.623534186398687496e+01 4.565084884205330695e+01 3.324154027718932269e+01 2.596150997149434048e+01 3.001666203960726875e+01 3.640054944640259293e+01 3.921734310225515685e+01 2.256102834535695578e+01 2.500000000000000000e+01 3.125699921617556853e+01 2.404163056034261459e+01 2.080865204668481283e+01 0.000000000000000000e+00 1.769180601295413169e+01 1.612451549659709826e+01 6.324555320336759046e+00 2.823118842698620767e+01
2.236067977499789805e+00 1.720465053408525335e+01 1.360147050873544394e+01 1.860107523773827509e+01 1.392838827718411920e+01 3.162277660168379523e+00 2.370653918225939449e+01 1.749285568453590045e+01 1.964688270438849926e+01 2.879236009777593708e+01 1.923538406167134340e+01 1.300000000000000000e+01 1.414213562373095101e+01 1.886796226411320632e+01 2.402082429892862692e+01 1.140175425099137918e+01 1.341640786499873883e+01 1.969771560359220786e+01 6.403124237432848531e+00 4.000000000000000000e+00 1.769180601295413169e+01 0.000000000000000000e+00 1.431782106327635340e+01 1.615549442140351033e+01 1.303840481040529831e+01
1.216552506059643868e+01 2.941088233970548416e+01 2.701851217221259205e+01 3.080584360149872580e+01 2.816025568065744622e+01 1.615549442140351033e+01 3.080584360149872580e+01 6.082762530298219339e+00 2.483948469674844262e+01 3.394112549695427816e+01 1.941648783894759944e+01 1.272792206135785520e+01 2.801785145224380003e+01 2.729468812791236232e+01 2.580697580112788003e+01 9.219544457292887074e+00 2.751363298439520833e+01 1.615549442140351033e+01 1.902629759044044633e+01 1.403566884761819900e+01 1.612451549659709826e+01 1.431782106327635340e+01 0.000000000000000000e+00 1.969771560359220786e+01 1.640121946685672683e+01
1.649242250247064234e+01 1.603121954188139853e+01 2.687005768508880621e+01 1.700000000000000000e+01 2.147091055358388800e+01 1.389244398944980396e+01 3.981205847478876336e+01 2.563201123595259290e+01 3.573513677041127323e+01 4.494441010848846219e+01 3.413209633175202384e+01 2.701851217221259205e+01 2.624880949681337583e+01 3.488552708502481892e+01 3.962322551231790158e+01 2.402082429892862692e+01 2.012461179749810825e+01 3.306055050963308162e+01 2.195449840010014952e+01 1.992485884517127559e+01 6.324555320336759046e+00 1.615549442140351033e+01 1.969771560359220786e+01 0.000000000000000000e+00 2.844292530665578411e+01
1.204159457879229578e+01 2.915475947422650194e+01 1.664331697709323876e+01 3.046309242345563462e+01 2.280350850198275836e+01 1.612451549659709826e+01 1.442220510185595650e+01 1.456021977856103611e+01 8.485281374238569541e+00 1.780449381476485726e+01 6.324555320336759046e+00 4.123105625617660586e+00 1.860107523773827509e+01 1.140175425099137918e+01 1.118033988749894903e+01 7.211102550927978250e+00 2.302172886644267535e+01 8.602325267042626677e+00 1.081665382639196871e+01 9.055385138137417300e+00 2.823118842698620767e+01 1.303840481040529831e+01 1.640121946685672683e+01 2.844292530665578411e+01 0.000000000000000000e+00
