0.000000000000000000e+00 2.308679276123039159e+01 2.325940669922601600e+01 2.451530134426252516e+01 4.404543109109047805e+01 2.213594362117865444e+01 1.562049935181330795e+01 1.920937271229854559e+01 4.455333881989092504e+01 3.047950130825634218e+01 3.178049716414140846e+01 3.264965543462901820e+01 4.103656905736638549e+01 2.828427124746190202e+01 3.354101966249684352e+01 2.751363298439520833e+01 3.505709628591620941e+01 3.255764119219941222e+01 4.103656905736638549e+01 1.140175425099137918e+01 4.123105625617660586e+00 3.255764119219941222e+01 1.389244398944980396e+01 2.202271554554523902e+01 2.408318915758459156e+01
2.308679276123039159e+01 0.000000000000000000e+00 3.046309242345563462e+01 4.110960958218893069e+01 4.143669871020131978e+01 3.176476034853718033e+01 1.972308292331602075e+01 2.024845673131658685e+01 3.929376540877699853e+01 2.701851217221259205e+01 1.664331697709323876e+01 3.667424164178449786e+01 3.748332962798262713e+01 4.360045871318327926e+01 2.340939982143925135e+01 3.546829570193639825e+01 4.651881339845203200e+01 1.640121946685672683e+01 3.590264614203248072e+01 1.513274595042155646e+01 1.969771560359220786e+01 3.100000000000000000e+01 2.420743687382040932e+01 2.529822128134703618e+01 2.334523505985750447e+01
2.325940669922601600e+01 3.046309242345563462e+01 0.000000000000000000e+00 1.529705854077835525e+01 2.220360331117451835e+01 3.000000000000000000e+00 1.118033988749894903e+01 1.029563014098700080e+01 2.416609194718914466e+01 1.303840481040529831e+01 2.523885892824792521e+01 9.433981132056603158e+00 2.012461179749810825e+01 1.565247584249852864e+01 2.088061301782110135e+01 5.099019513592784492e+00 1.612451549659709826e+01 2.662705391138869615e+01 2.118962010041709121e+01 3.014962686336266984e+01 2.088061301782110135e+01 1.236931687685298087e+01 9.486832980505138124e+00 5.656854249492380582e+00 9.433981132056603158e+00
2.451530134426252516e+01 4.110960958218893069e+01 1.529705854077835525e+01 0.000000000000000000e+00 3.448187929913333249e+01 1.236931687685298087e+01 2.202271554554523902e+01 2.332380757938120297e+01 3.765634076752546378e+01 2.828427124746190202e+01 3.981205847478876336e+01 2.061552812808830382e+01 3.354101966249684352e+01 4.123105625617660586e+00 3.613862199918530393e+01 1.414213562373095101e+01 1.303840481040529831e+01 4.114608122288196768e+01 3.522782990761707111e+01 3.511409973215887703e+01 2.469817807045693669e+01 2.700000000000000000e+01 1.697056274847713908e+01 2.024845673131658685e+01 2.435159132377184221e+01
4.404543109109047805e+01 4.143669871020131978e+01 2.220360331117451835e+01 3.448187929913333249e+01 0.000000000000000000e+00 2.469817807045693669e+01 2.884441020371191300e+01 2.555386467836127551e+01 5.000000000000000000e+00 1.486606874731850603e+01 2.716615541441224835e+01 1.392838827718411920e+01 4.000000000000000000e+00 3.255764119219941222e+01 1.910497317454279909e+01 2.061552812808830382e+01 2.601922366251537611e+01 2.828427124746190202e+01 6.324555320336759046e+00 4.785394445602159408e+01 4.080441152620633005e+01 1.166190378969060149e+01 3.041381265149109936e+01 2.202271554554523902e+01 2.059126028197400160e+01
2.213594362117865444e+01 3.176476034853718033e+01 3.000000000000000000e+00 1.236931687685298087e+01 2.469817807045693669e+01 0.000000000000000000e+00 1.208304597359457233e+01 1.204159457879229578e+01 2.692582403567251959e+01 1.603121954188139853e+01 2.778488797889960793e+01 1.131370849898476116e+01 2.284731931759172596e+01 1.303840481040529831e+01 2.376972864800942631e+01 5.385164807134503739e+00 1.486606874731850603e+01 2.915475947422650194e+01 2.404163056034261459e+01 3.000000000000000000e+01 2.022374841615668473e+01 1.529705854077835525e+01 9.000000000000000000e+00 8.062257748298549132e+00 1.208304597359457233e+01
1.562049935181330795e+01 1.972308292331602075e+01 1.118033988749894903e+01 2.202271554554523902e+01 2.884441020371191300e+01 1.208304597359457233e+01 0.000000000000000000e+00 3.605551275463989125e+00 2.900000000000000000e+01 1.486606874731850603e+01 1.923538406167134340e+01 1.923538406167134340e+01 2.561249694973139412e+01 2.408318915758459156e+01 1.868154169226940553e+01 1.627882059609970611e+01 2.692582403567251959e+01 2.039607805437113797e+01 2.545584412271571040e+01 1.964688270438849926e+01 1.204159457879229578e+01 1.720465053408525335e+01 5.385164807134503739e+00 7.280109889280518054e+00 8.485281374238569541e+00
1.920937271229854559e+01 2.024845673131658685e+01 1.029563014098700080e+01 2.332380757938120297e+01 2.555386467836127551e+01 1.204159457879229578e+01 3.605551275463989125e+00 0.000000000000000000e+00 2.549509756796392423e+01 1.131370849898476116e+01 1.676305461424021104e+01 1.700000000000000000e+01 2.220360331117451835e+01 2.483948469674844262e+01 1.529705854077835525e+01 1.523154621172781731e+01 2.641968962724581260e+01 1.802775637731994607e+01 2.193171219946130890e+01 2.247220505424423109e+01 1.555634918610404505e+01 1.389244398944980396e+01 8.000000000000000000e+00 5.099019513592784492e+00 5.000000000000000000e+00
4.455333881989092504e+01 3.929376540877699853e+01 2.416609194718914466e+01 3.765634076752546378e+01 5.000000000000000000e+00 2.692582403567251959e+01 2.900000000000000000e+01 2.549509756796392423e+01 0.000000000000000000e+00 1.421267040355189515e+01 2.402082429892862692e+01 1.711724276862369010e+01 4.123105625617660586e+00 3.612478373637688378e+01 1.612451549659709826e+01 2.353720459187963954e+01 3.026549190084311292e+01 2.500000000000000000e+01 3.605551275463989125e+00 4.716990566028302112e+01 4.103656905736638549e+01 1.220655561573370207e+01 3.140063693621516450e+01 2.280350850198275836e+01 2.051828452868319275e+01
3.047950130825634218e+01 2.701851217221259205e+01 1.303840481040529831e+01 2.828427124746190202e+01 1.486606874731850603e+01 1.603121954188139853e+01 1.486606874731850603e+01 1.131370849898476116e+01 1.421267040355189515e+01 0.000000000000000000e+00 1.526433752247374720e+01 1.204159457879229578e+01 1.118033988749894903e+01 2.816025568065744622e+01 8.602325267042626677e+00 1.523154621172781731e+01 2.580697580112788003e+01 1.664331697709323876e+01 1.063014581273464998e+01 3.312099032335839155e+01 2.687005768508880621e+01 4.123105625617660586e+00 1.788854381999831844e+01 9.486832980505138124e+00 6.403124237432848531e+00
3.178049716414140846e+01 1.664331697709323876e+01 2.523885892824792521e+01 3.981205847478876336e+01 2.716615541441224835e+01 2.778488797889960793e+01 1.923538406167134340e+01 1.676305461424021104e+01 2.402082429892862692e+01 1.526433752247374720e+01 0.000000000000000000e+00 2.720294101747088789e+01 2.319482700948640286e+01 4.081666326391709987e+01 8.062257748298549132e+00 2.906888370749726747e+01 4.031128874149274566e+01 1.414213562373095145e+00 2.102379604162863913e+01 2.884441020371191300e+01 2.765863337187866122e+01 1.923538406167134340e+01 2.451530134426252516e+01 1.972308292331602075e+01 1.581138830084189628e+01
3.264965543462901820e+01 3.667424164178449786e+01 9.433981132056603158e+00 2.061552812808830382e+01 1.392838827718411920e+01 1.131370849898476116e+01 1.923538406167134340e+01 1.700000000000000000e+01 1.711724276862369010e+01 1.204159457879229578e+01 2.720294101747088789e+01 0.000000000000000000e+00 1.303840481040529831e+01 1.902629759044044633e+01 2.051828452868319275e+01 6.708203932499369415e+00 1.431782106327635340e+01 2.860069929215018192e+01 1.503329637837290811e+01 3.883297567789519888e+01 3.008321791298264714e+01 8.602325267042626677e+00 1.878829422805593552e+01 1.204159457879229578e+01 1.334166406412633421e+01
4.103656905736638549e+01 3.748332962798262713e+01 2.012461179749810825e+01 3.354101966249684352e+01 4.000000000000000000e+00 2.284731931759172596e+01 2.561249694973139412e+01 2.220360331117451835e+01 4.123105625617660586e+00 1.118033988749894903e+01 2.319482700948640286e+01 1.303840481040529831e+01 0.000000000000000000e+00 3.206243908376279705e+01 1.513274595042155646e+01 1.941648783894759944e+01 2.647640458974745314e+01 2.433105012119287736e+01 2.828427124746190291e+00 4.429446918070020445e+01 3.764306044943742080e+01 8.485281374238569541e+00 2.765863337187866122e+01 1.910497317454279909e+01 1.720465053408525335e+01
2.828427124746190202e+01 4.360045871318327926e+01 1.565247584249852864e+01 4.123105625617660586e+00 3.255764119219941222e+01 1.303840481040529831e+01 2.408318915758459156e+01 2.483948469674844262e+01 3.612478373637688378e+01 2.816025568065744622e+01 4.081666326391709987e+01 1.902629759044044633e+01 3.206243908376279705e+01 0.000000000000000000e+00 3.640054944640259293e+01 1.315294643796590535e+01 9.219544457292887074e+00 4.219004621945797595e+01 3.400000000000000000e+01 3.860051813123756403e+01 2.816025568065744622e+01 2.630589287593181069e+01 1.941648783894759944e+01 2.109502310972898798e+01 2.505992817228333536e+01
3.354101966249684352e+01 2.340939982143925135e+01 2.088061301782110135e+01 3.613862199918530393e+01 1.910497317454279909e+01 2.376972864800942631e+01 1.868154169226940553e+01 1.529705854077835525e+01 1.612451549659709826e+01 8.602325267042626677e+00 8.062257748298549132e+00 2.051828452868319275e+01 1.513274595042155646e+01 3.640054944640259293e+01 0.000000000000000000e+00 2.370653918225939449e+01 3.440930106817050671e+01 9.219544457292887074e+00 1.300000000000000000e+01 3.324154027718932269e+01 2.952964612046680060e+01 1.204159457879229578e+01 2.319482700948640286e+01 1.612451549659709826e+01 1.204159457879229578e+01
2.751363298439520833e+01 3.546829570193639825e+01 5.099019513592784492e+00 1.414213562373095101e+01 2.061552812808830382e+01 5.385164807134503739e+00 1.627882059609970611e+01 1.523154621172781731e+01 2.353720459187963954e+01 1.523154621172781731e+01 2.906888370749726747e+01 6.708203932499369415e+00 1.941648783894759944e+01 1.315294643796590535e+01 2.370653918225939449e+01 0.000000000000000000e+00 1.140175425099137918e+01 3.047950130825634218e+01 2.109502310972898798e+01 3.505709628591620941e+01 2.549509756796392423e+01 1.315294643796590535e+01 1.414213562373095101e+01 1.029563014098700080e+01 1.345362404707370985e+01
3.505709628591620941e+01 4.651881339845203200e+01 1.612451549659709826e+01 1.303840481040529831e+01 2.601922366251537611e+01 1.486606874731850603e+01 2.692582403567251959e+01 2.641968962724581260e+01 3.026549190084311292e+01 2.580697580112788003e+01 4.031128874149274566e+01 1.431782106327635340e+01 2.647640458974745314e+01 9.219544457292887074e+00 3.440930106817050671e+01 1.140175425099137918e+01 0.000000000000000000e+00 4.172529209005013229e+01 2.886173937932362321e+01 4.428317965096906050e+01 3.405877273185280529e+01 2.282542442102665348e+01 2.353720459187963954e+01 2.163330765278393741e+01 2.483948469674844262e+01
3.255764119219941222e+01 1.640121946685672683e+01 2.662705391138869615e+01 4.114608122288196768e+01 2.828427124746190202e+01 2.915475947422650194e+01 2.039607805437113797e+01 1.802775637731994607e+01 2.500000000000000000e+01 1.664331697709323876e+01 1.414213562373095145e+00 2.860069929215018192e+01 2.433105012119287736e+01 4.219004621945797595e+01 9.219544457292887074e+00 3.047950130825634218e+01 4.172529209005013229e+01 0.000000000000000000e+00 2.209072203437452231e+01 2.915475947422650194e+01 2.844292530665578411e+01 2.059126028197400160e+01 2.570992026436488231e+01 2.109502310972898798e+01 1.720465053408525335e+01
4.103656905736638549e+01 3.590264614203248072e+01 2.118962010041709121e+01 3.522782990761707111e+01 6.324555320336759046e+00 2.404163056034261459e+01 2.545584412271571040e+01 2.193171219946130890e+01 3.605551275463989125e+00 1.063014581273464998e+01 2.102379604162863913e+01 1.503329637837290811e+01 2.828427124746190291e+00 3.400000000000000000e+01 1.300000000000000000e+01 2.109502310972898798e+01 2.886173937932362321e+01 2.209072203437452231e+01 0.000000000000000000e+00 4.356604182158393002e+01 3.748332962798262713e+01 8.944271909999159220e+00 2.801785145224380003e+01 1.941648783894759944e+01 1.697056274847713908e+01
1.140175425099137918e+01 1.513274595042155646e+01 3.014962686336266984e+01 3.511409973215887703e+01 4.785394445602159408e+01 3.000000000000000000e+01 1.964688270438849926e+01 2.247220505424423109e+01 4.716990566028302112e+01 3.312099032335839155e+01 2.884441020371191300e+01 3.883297567789519888e+01 4.429446918070020445e+01 3.860051813123756403e+01 3.324154027718932269e+01 3.505709628591620941e+01 4.428317965096906050e+01 2.915475947422650194e+01 4.356604182158393002e+01 0.000000000000000000e+00 1.044030650891055068e+01 3.624913792078371699e+01 2.100000000000000000e+01 2.692582403567251959e+01 2.731300056749532601e+01
4.123105625617660586e+00 1.969771560359220786e+01 2.088061301782110135e+01 2.469817807045693669e+01 4.080441152620633005e+01 2.022374841615668473e+01 1.204159457879229578e+01 1.555634918610404505e+01 4.103656905736638549e+01 2.687005768508880621e+01 2.765863337187866122e+01 3.008321791298264714e+01 3.764306044943742080e+01 2.816025568065744622e+01 2.952964612046680060e+01 2.549509756796392423e+01 3.405877273185280529e+01 2.844292530665578411e+01 3.748332962798262713e+01 1.044030650891055068e+01 0.000000000000000000e+00 2.920616373302046753e+01 1.140175425099137918e+01 1.886796226411320632e+01 2.051828452868319275e+01
3.255764119219941222e+01 3.100000000000000000e+01 1.236931687685298087e+01 2.700000000000000000e+01 1.166190378969060149e+01 1.529705854077835525e+01 1.720465053408525335e+01 1.389244398944980396e+01 1.220655561573370207e+01 4.123105625617660586e+00 1.923538406167134340e+01 8.602325267042626677e+00 8.485281374238569541e+00 2.630589287593181069e+01 1.204159457879229578e+01 1.315294643796590535e+01 2.282542442102665348e+01 2.059126028197400160e+01 8.944271909999159220e+00 3.624913792078371699e+01 2.920616373302046753e+01 0.000000000000000000e+00 1.920937271229854559e+01 1.063014581273464998e+01 8.944271909999159220e+00
1.389244398944980396e+01 2.420743687382040932e+01 9.486832980505138124e+00 1.697056274847713908e+01 3.041381265149109936e+01 9.000000000000000000e+00 5.385164807134503739e+00 8.000000000000000000e+00 3.140063693621516450e+01 1.788854381999831844e+01 2.451530134426252516e+01 1.878829422805593552e+01 2.765863337187866122e+01 1.941648783894759944e+01 2.319482700948640286e+01 1.414213562373095101e+01 2.353720459187963954e+01 2.570992026436488231e+01 2.801785145224380003e+01 2.100000000000000000e+01 1.140175425099137918e+01 1.920937271229854559e+01 0.000000000000000000e+00 8.602325267042626677e+00 1.170469991071962568e+01
2.202271554554523902e+01 2.529822128134703618e+01 5.656854249492380582e+00 2.024845673131658685e+01 2.202271554554523902e+01 8.062257748298549132e+00 7.280109889280518054e+00 5.099019513592784492e+00 2.280350850198275836e+01 9.486832980505138124e+00 1.972308292331602075e+01 1.204159457879229578e+01 1.910497317454279909e+01 2.109502310972898798e+01 1.612451549659709826e+01 1.029563014098700080e+01 2.163330765278393741e+01 2.109502310972898798e+01 1.941648783894759944e+01 2.692582403567251959e+01 1.886796226411320632e+01 1.063014581273464998e+01 8.602325267042626677e+00 0.000000000000000000e+00 4.123105625617660586e+00
2.408318915758459156e+01 2.334523505985750447e+01 9.433981132056603158e+00 2.435159132377184221e+01 2.059126028197400160e+01 1.208304597359457233e+01 8.485281374238569541e+00 5.000000000000000000e+00 2.051828452868319275e+01 6.403124237432848531e+00 1.581138830084189628e+01 1.334166406412633421e+01 1.720465053408525335e+01 2.505992817228333536e+01 1.204159457879229578e+01 1.345362404707370985e+01 2.483948469674844262e+01 1.720465053408525335e+01 1.697056274847713908e+01 2.731300056749532601e+01 2.051828452868319275e+01 8.944271909999159220e+00 1.170469991071962568e+01 4.123105625617660586e+00 0.000000000000000000e+00
