0.000000000000000000e+00 1.769180601295413169e+01 3.590264614203248072e+01 2.941088233970548416e+01 3.605551275463989214e+01 2.302172886644267535e+01 2.668332812825266842e+01 3.138470965295043058e+01 8.602325267042626677e+00 3.088689042296100240e+01 1.077032961426900748e+01 3.443835071544512516e+01 2.473863375370596174e+01 2.332380757938120297e+01 1.300000000000000000e+01 1.442220510185595650e+01 3.522782990761707111e+01 1.000000000000000000e+01 7.211102550927978250e+00 2.785677655436823841e+01
1.769180601295413169e+01 0.000000000000000000e+00 2.973213749463701205e+01 2.580697580112788003e+01 3.189043743820394994e+01 7.000000000000000000e+00 2.220360331117451835e+01 1.600000000000000000e+01 1.868154169226940553e+01 1.431782106327635340e+01 8.544003745317530374e+00 1.824828759089465890e+01 1.252996408614166768e+01 8.062257748298549132e+00 1.200000000000000000e+01 5.000000000000000000e+00 2.720294101747088789e+01 1.236931687685298087e+01 2.012461179749810825e+01 2.555386467836127551e+01
3.590264614203248072e+01 2.973213749463701205e+01 0.000000000000000000e+00 7.071067811865475505e+00 4.123105625617660586e+00 3.482814953453599571e+01 9.219544457292887074e+00 2.088061301782110135e+01 4.272001872658765365e+01 2.435159132377184221e+01 2.773084924772409465e+01 2.334523505985750447e+01 1.780449381476485726e+01 3.623534186398687496e+01 2.340939982143925135e+01 3.360059523282288296e+01 4.000000000000000000e+00 2.624880949681337583e+01 3.106444913401813324e+01 9.219544457292887074e+00
2.941088233970548416e+01 2.580697580112788003e+01 7.071067811865475505e+00 0.000000000000000000e+00 6.708203932499369415e+00 3.176476034853718033e+01 3.605551275463989125e+00 2.102379604162863913e+01 3.667424164178449786e+01 2.402082429892862692e+01 2.220360331117451835e+01 2.418677324489564739e+01 1.552417469626002422e+01 3.312099032335839155e+01 1.749285568453590045e+01 2.900000000000000000e+01 8.602325267042626677e+00 2.012461179749810825e+01 2.418677324489564739e+01 2.236067977499789805e+00
3.605551275463989214e+01 3.189043743820394994e+01 4.123105625617660586e+00 6.708203932499369415e+00 0.000000000000000000e+00 3.744329045369811126e+01 1.000000000000000000e+01 2.451530134426252516e+01 4.338202392696772591e+01 2.789265136196270589e+01 2.884441020371191300e+01 2.716615541441224835e+01 2.059126028197400160e+01 3.883297567789519888e+01 2.418677324489564739e+01 3.538361202590826338e+01 8.062257748298549132e+00 2.683281572999747766e+01 3.059411708155671050e+01 8.246211251235321171e+00
2.302172886644267535e+01 7.000000000000000000e+00 3.482814953453599571e+01 3.176476034853718033e+01 3.744329045369811126e+01 0.000000000000000000e+00 2.817800560721074277e+01 1.746424919657297892e+01 2.163330765278393741e+01 1.456021977856103611e+01 1.529705854077835525e+01 1.843908891458577415e+01 1.702938636592640265e+01 1.414213562373095145e+00 1.900000000000000000e+01 8.602325267042626677e+00 3.182766092567909766e+01 1.923538406167134340e+01 2.657066051117284644e+01 3.178049716414140846e+01
2.668332812825266842e+01 2.220360331117451835e+01 9.219544457292887074e+00 3.605551275463989125e+00 1.000000000000000000e+01 2.817800560721074277e+01 0.000000000000000000e+00 1.824828759089465890e+01 3.361547262794321966e+01 2.102379604162863913e+01 1.886796226411320632e+01 2.158703314492290204e+01 1.216552506059643868e+01 2.952964612046680060e+01 1.431782106327635340e+01 2.545584412271571040e+01 9.219544457292887074e+00 1.708800749063506075e+01 2.200000000000000000e+01 4.000000000000000000e+00
3.138470965295043058e+01 1.600000000000000000e+01 2.088061301782110135e+01 2.102379604162863913e+01 2.451530134426252516e+01 1.746424919657297892e+01 1.824828759089465890e+01 0.000000000000000000e+00 3.436568055487916240e+01 3.605551275463989125e+00 2.061552812808830382e+01 3.605551275463989125e+00 7.810249675906653977e+00 1.878829422805593552e+01 2.000000000000000000e+01 2.100000000000000000e+01 1.708800749063506075e+01 2.247220505424423109e+01 3.080584360149872580e+01 2.220360331117451835e+01
8.602325267042626677e+00 1.868154169226940553e+01 4.272001872658765365e+01 3.667424164178449786e+01 4.338202392696772591e+01 2.163330765278393741e+01 3.361547262794321966e+01 3.436568055487916240e+01 0.000000000000000000e+00 3.298484500494128469e+01 1.529705854077835525e+01 3.687817782917154830e+01 2.901723625709381693e+01 2.140093455903269515e+01 1.931320791582796659e+01 1.392838827718411920e+01 4.148493702538308270e+01 1.655294535724684835e+01 1.581138830084189628e+01 3.535533905932737753e+01
3.088689042296100240e+01 1.431782106327635340e+01 2.435159132377184221e+01 2.402082429892862692e+01 2.789265136196270589e+01 1.456021977856103611e+01 2.102379604162863913e+01 3.605551275463989125e+00 3.298484500494128469e+01 0.000000000000000000e+00 2.024845673131658685e+01 4.000000000000000000e+00 9.486832980505138124e+00 1.581138830084189628e+01 2.051828452868319275e+01 1.923538406167134340e+01 2.061552812808830382e+01 2.267156809750926882e+01 3.114482300479487265e+01 2.501999200639360765e+01
1.077032961426900748e+01 8.544003745317530374e+00 2.773084924772409465e+01 2.220360331117451835e+01 2.884441020371191300e+01 1.529705854077835525e+01 1.886796226411320632e+01 2.061552812808830382e+01 1.529705854077835525e+01 2.024845673131658685e+01 0.000000000000000000e+00 2.370653918225939449e+01 1.414213562373095101e+01 1.612451549659709826e+01 5.000000000000000000e+00 8.246211251235321171e+00 2.624880949681337583e+01 4.000000000000000000e+00 1.166190378969060149e+01 2.126029162546929996e+01
3.443835071544512516e+01 1.824828759089465890e+01 2.334523505985750447e+01 2.418677324489564739e+01 2.716615541441224835e+01 1.843908891458577415e+01 2.158703314492290204e+01 3.605551275463989125e+00 3.687817782917154830e+01 4.000000000000000000e+00 2.370653918225939449e+01 0.000000000000000000e+00 1.140175425099137918e+01 1.964688270438849926e+01 2.343074902771996193e+01 2.319482700948640286e+01 1.941648783894759944e+01 2.580697580112788003e+01 3.420526275297414287e+01 2.549509756796392423e+01
2.473863375370596174e+01 1.252996408614166768e+01 1.780449381476485726e+01 1.552417469626002422e+01 2.059126028197400160e+01 1.702938636592640265e+01 1.216552506059643868e+01 7.810249675906653977e+00 2.901723625709381693e+01 9.486832980505138124e+00 1.414213562373095101e+01 1.140175425099137918e+01 0.000000000000000000e+00 1.843908891458577415e+01 1.252996408614166768e+01 1.708800749063506075e+01 1.486606874731850603e+01 1.523154621172781731e+01 2.332380757938120297e+01 1.612451549659709826e+01
2.332380757938120297e+01 8.062257748298549132e+00 3.623534186398687496e+01 3.312099032335839155e+01 3.883297567789519888e+01 1.414213562373095145e+00 2.952964612046680060e+01 1.878829422805593552e+01 2.140093455903269515e+01 1.581138830084189628e+01 1.612451549659709826e+01 1.964688270438849926e+01 1.843908891458577415e+01 0.000000000000000000e+00 2.002498439450078749e+01 8.944271909999159220e+00 3.324154027718932269e+01 2.009975124224177989e+01 2.720294101747088789e+01 3.310589071449369669e+01
1.300000000000000000e+01 1.200000000000000000e+01 2.340939982143925135e+01 1.749285568453590045e+01 2.418677324489564739e+01 1.900000000000000000e+01 1.431782106327635340e+01 2.000000000000000000e+01 1.931320791582796659e+01 2.051828452868319275e+01 5.000000000000000000e+00 2.343074902771996193e+01 1.252996408614166768e+01 2.002498439450078749e+01 0.000000000000000000e+00 1.300000000000000000e+01 2.236067977499789805e+01 3.000000000000000000e+00 1.081665382639196871e+01 1.640121946685672683e+01
1.442220510185595650e+01 5.000000000000000000e+00 3.360059523282288296e+01 2.900000000000000000e+01 3.538361202590826338e+01 8.602325267042626677e+00 2.545584412271571040e+01 2.100000000000000000e+01 1.392838827718411920e+01 1.923538406167134340e+01 8.246211251235321171e+00 2.319482700948640286e+01 1.708800749063506075e+01 8.944271909999159220e+00 1.300000000000000000e+01 0.000000000000000000e+00 3.138470965295043058e+01 1.216552506059643868e+01 1.843908891458577415e+01 2.842534080710379030e+01
3.522782990761707111e+01 2.720294101747088789e+01 4.000000000000000000e+00 8.602325267042626677e+00 8.062257748298549132e+00 3.182766092567909766e+01 9.219544457292887074e+00 1.708800749063506075e+01 4.148493702538308270e+01 2.061552812808830382e+01 2.624880949681337583e+01 1.941648783894759944e+01 1.486606874731850603e+01 3.324154027718932269e+01 2.236067977499789805e+01 3.138470965295043058e+01 0.000000000000000000e+00 2.531797780234432693e+01 3.106444913401813324e+01 1.081665382639196871e+01
1.000000000000000000e+01 1.236931687685298087e+01 2.624880949681337583e+01 2.012461179749810825e+01 2.683281572999747766e+01 1.923538406167134340e+01 1.708800749063506075e+01 2.247220505424423109e+01 1.655294535724684835e+01 2.267156809750926882e+01 4.000000000000000000e+00 2.580697580112788003e+01 1.523154621172781731e+01 2.009975124224177989e+01 3.000000000000000000e+00 1.216552506059643868e+01 2.531797780234432693e+01 0.000000000000000000e+00 8.485281374238569541e+00 1.886796226411320632e+01
7.211102550927978250e+00 2.012461179749810825e+01 3.106444913401813324e+01 2.418677324489564739e+01 3.059411708155671050e+01 2.657066051117284644e+01 2.200000000000000000e+01 3.080584360149872580e+01 1.581138830084189628e+01 3.114482300479487265e+01 1.166190378969060149e+01 3.420526275297414287e+01 2.332380757938120297e+01 2.720294101747088789e+01 1.081665382639196871e+01 1.843908891458577415e+01 3.106444913401813324e+01 8.485281374238569541e+00 0.000000000000000000e+00 2.236067977499789805e+01
2.785677655436823841e+01 2.555386467836127551e+01 9.219544457292887074e+00 2.236067977499789805e+00 8.246211251235321171e+00 3.178049716414140846e+01 4.000000000000000000e+00 2.220360331117451835e+01 3.535533905932737753e+01 2.501999200639360765e+01 2.126029162546929996e+01 2.549509756796392423e+01 1.612451549659709826e+01 3.310589071449369669e+01 1.640121946685672683e+01 2.842534080710379030e+01 1.081665382639196871e+01 1.886796226411320632e+01 2.236067977499789805e+01 0.000000000000000000e+00
