0.000000000000000000e+00 1.019803902718556898e+01 1.746424919657297892e+01 3.220248437620923454e+01 2.640075756488817049e+01 1.204159457879229578e+01 1.526433752247374720e+01 2.500000000000000000e+01 1.392838827718411920e+01 7.615773105863908654e+00 2.319482700948640286e+01 2.701851217221259205e+01 1.552417469626002422e+01 9.055385138137417300e+00 2.163330765278393741e+01 2.000000000000000000e+01 1.204159457879229578e+01 1.627882059609970611e+01 1.565247584249852864e+01 1.236931687685298087e+01 2.370653918225939449e+01 6.000000000000000000e+00 1.972308292331602075e+01
1.019803902718556898e+01 0.000000000000000000e+00 7.810249675906653977e+00 4.167733196834941367e+01 3.517101079013794873e+01 1.486606874731850603e+01 1.118033988749894903e+01 3.106444913401813324e+01 2.121320343559642652e+01 1.581138830084189628e+01 3.337663853655727308e+01 3.635931792539568619e+01 5.385164807134503739e+00 1.140175425099137918e+01 1.612451549659709826e+01 2.842534080710379030e+01 7.280109889280518054e+00 1.315294643796590535e+01 2.451530134426252516e+01 2.202271554554523902e+01 3.228002478313794654e+01 4.472135954999579610e+00 1.389244398944980396e+01
1.746424919657297892e+01 7.810249675906653977e+00 0.000000000000000000e+00 4.939635614091387339e+01 4.019950248448355978e+01 1.772004514666934938e+01 1.000000000000000000e+01 3.860051813123756403e+01 2.900000000000000000e+01 2.360084744241189370e+01 4.026164427839479032e+01 4.410215414239988974e+01 3.162277660168379523e+00 1.513274595042155646e+01 1.910497317454279909e+01 3.623534186398687496e+01 8.246211251235321171e+00 1.843908891458577415e+01 3.000000000000000000e+01 2.828427124746190202e+01 3.721558813185679071e+01 1.220655561573370207e+01 1.702938636592640265e+01
3.220248437620923454e+01 4.167733196834941367e+01 4.939635614091387339e+01 0.000000000000000000e+00 3.006659275674581622e+01 3.982461550347975532e+01 4.669047011971500893e+01 1.964688270438849926e+01 2.184032966784155505e+01 2.594224354214569317e+01 1.627882059609970611e+01 5.385164807134503739e+00 4.701063709417263681e+01 3.889730067755344578e+01 4.455333881989092504e+01 1.431782106327635340e+01 4.404543109109047805e+01 3.883297567789519888e+01 2.863564212655270680e+01 2.607680962081059661e+01 3.041381265149109936e+01 3.721558813185679071e+01 4.393176527297759293e+01
2.640075756488817049e+01 3.517101079013794873e+01 4.019950248448355978e+01 3.006659275674581622e+01 0.000000000000000000e+00 2.302172886644267535e+01 3.206243908376279705e+01 3.891015291668743714e+01 3.061045573002793319e+01 2.765863337187866122e+01 1.403566884761819900e+01 2.816025568065744622e+01 3.962322551231790158e+01 2.507987240796890660e+01 4.788527957525151635e+01 2.954657340538831534e+01 3.206243908376279705e+01 4.219004621945797595e+01 1.077032961426900748e+01 1.442220510185595650e+01 3.000000000000000000e+00 3.195309061734091571e+01 4.606517122512408235e+01
1.204159457879229578e+01 1.486606874731850603e+01 1.772004514666934938e+01 3.982461550347975532e+01 2.302172886644267535e+01 0.000000000000000000e+00 9.055385138137417300e+00 3.649657518178931781e+01 2.531797780234432693e+01 1.910497317454279909e+01 2.662705391138869615e+01 3.522782990761707111e+01 1.788854381999831844e+01 3.605551275463989125e+00 3.061045573002793319e+01 3.008321791298264714e+01 9.486832980505138124e+00 2.641968962724581260e+01 1.392838827718411920e+01 1.421267040355189515e+01 2.002498439450078749e+01 1.389244398944980396e+01 2.842534080710379030e+01
1.526433752247374720e+01 1.118033988749894903e+01 1.000000000000000000e+01 4.669047011971500893e+01 3.206243908376279705e+01 9.055385138137417300e+00 0.000000000000000000e+00 3.992492955535426091e+01 2.906888370749726747e+01 2.282542442102665348e+01 3.488552708502481892e+01 4.172529209005013229e+01 1.140175425099137918e+01 8.062257748298549132e+00 2.692582403567251959e+01 3.522782990761707111e+01 4.000000000000000000e+00 2.433105012119287736e+01 2.280350850198275836e+01 2.236067977499789805e+01 2.906888370749726747e+01 1.315294643796590535e+01 2.469817807045693669e+01
2.500000000000000000e+01 3.106444913401813324e+01 3.860051813123756403e+01 1.964688270438849926e+01 3.891015291668743714e+01 3.649657518178931781e+01 3.992492955535426091e+01 0.000000000000000000e+00 1.118033988749894903e+01 1.746424919657297892e+01 2.640075756488817049e+01 1.565247584249852864e+01 3.560898762952971452e+01 3.395585369269929288e+01 2.773084924772409465e+01 9.433981132056603158e+00 3.624913792078371699e+01 2.302172886644267535e+01 3.178049716414140846e+01 2.745906043549196340e+01 3.769615364994152884e+01 2.729468812791236232e+01 2.778488797889960793e+01
1.392838827718411920e+01 2.121320343559642652e+01 2.900000000000000000e+01 2.184032966784155505e+01 3.061045573002793319e+01 2.531797780234432693e+01 2.906888370749726747e+01 1.118033988749894903e+01 0.000000000000000000e+00 6.324555320336759046e+00 2.059126028197400160e+01 1.649242250247064234e+01 2.624880949681337583e+01 2.280350850198275836e+01 2.302172886644267535e+01 7.615773105863908654e+00 2.555386467836127551e+01 1.711724276862369010e+01 2.193171219946130890e+01 1.746424919657297892e+01 2.884441020371191300e+01 1.702938636592640265e+01 2.220360331117451835e+01
7.615773105863908654e+00 1.581138830084189628e+01 2.360084744241189370e+01 2.594224354214569317e+01 2.765863337187866122e+01 1.910497317454279909e+01 2.282542442102665348e+01 1.746424919657297892e+01 6.324555320336759046e+00 0.000000000000000000e+00 2.039607805437113797e+01 2.059126028197400160e+01 2.109502310972898798e+01 1.649242250247064234e+01 2.158703314492290204e+01 1.272792206135785520e+01 1.941648783894759944e+01 1.552417469626002422e+01 1.780449381476485726e+01 1.345362404707370985e+01 2.545584412271571040e+01 1.140175425099137918e+01 2.022374841615668473e+01
2.319482700948640286e+01 3.337663853655727308e+01 4.026164427839479032e+01 1.627882059609970611e+01 1.403566884761819900e+01 2.662705391138869615e+01 3.488552708502481892e+01 2.640075756488817049e+01 2.059126028197400160e+01 2.039607805437113797e+01 0.000000000000000000e+00 1.414213562373095101e+01 3.863935817272331263e+01 2.683281572999747766e+01 4.197618372363071160e+01 1.702938636592640265e+01 3.324154027718932269e+01 3.590264614203248072e+01 1.345362404707370985e+01 1.252996408614166768e+01 1.414213562373095101e+01 2.915475947422650194e+01 4.060788100849390503e+01
2.701851217221259205e+01 3.635931792539568619e+01 4.410215414239988974e+01 5.385164807134503739e+00 2.816025568065744622e+01 3.522782990761707111e+01 4.172529209005013229e+01 1.565247584249852864e+01 1.649242250247064234e+01 2.059126028197400160e+01 1.414213562373095101e+01 0.000000000000000000e+00 4.167733196834941367e+01 3.405877273185280529e+01 3.931920650267500150e+01 9.055385138137417300e+00 3.894868418830089496e+01 3.354101966249684352e+01 2.500000000000000000e+01 2.193171219946130890e+01 2.800000000000000000e+01 3.190611226708763226e+01 3.863935817272331263e+01
1.552417469626002422e+01 5.385164807134503739e+00 3.162277660168379523e+00 4.701063709417263681e+01 3.962322551231790158e+01 1.788854381999831844e+01 1.140175425099137918e+01 3.560898762952971452e+01 2.624880949681337583e+01 2.109502310972898798e+01 3.863935817272331263e+01 4.167733196834941367e+01 0.000000000000000000e+00 1.486606874731850603e+01 1.627882059609970611e+01 3.360059523282288296e+01 8.602325267042626677e+00 1.529705854077835525e+01 2.915475947422650194e+01 2.701851217221259205e+01 3.667424164178449786e+01 9.848857801796103928e+00 1.414213562373095101e+01
9.055385138137417300e+00 1.140175425099137918e+01 1.513274595042155646e+01 3.889730067755344578e+01 2.507987240796890660e+01 3.605551275463989125e+00 8.062257748298549132e+00 3.395585369269929288e+01 2.280350850198275836e+01 1.649242250247064234e+01 2.683281572999747766e+01 3.405877273185280529e+01 1.486606874731850603e+01 0.000000000000000000e+00 2.701851217221259205e+01 2.817800560721074277e+01 7.000000000000000000e+00 2.282542442102665348e+01 1.513274595042155646e+01 1.431782106327635340e+01 2.209072203437452231e+01 1.029563014098700080e+01 2.483948469674844262e+01
2.163330765278393741e+01 1.612451549659709826e+01 1.910497317454279909e+01 4.455333881989092504e+01 4.788527957525151635e+01 3.061045573002793319e+01 2.692582403567251959e+01 2.773084924772409465e+01 2.302172886644267535e+01 2.158703314492290204e+01 4.197618372363071160e+01 3.931920650267500150e+01 1.627882059609970611e+01 2.701851217221259205e+01 0.000000000000000000e+00 3.026549190084311292e+01 2.325940669922601600e+01 6.082762530298219339e+00 3.721558813185679071e+01 3.354101966249684352e+01 4.527692569068708650e+01 1.697056274847713908e+01 2.236067977499789805e+00
2.000000000000000000e+01 2.842534080710379030e+01 3.623534186398687496e+01 1.431782106327635340e+01 2.954657340538831534e+01 3.008321791298264714e+01 3.522782990761707111e+01 9.433981132056603158e+00 7.615773105863908654e+00 1.272792206135785520e+01 1.702938636592640265e+01 9.055385138137417300e+00 3.360059523282288296e+01 2.817800560721074277e+01 3.026549190084311292e+01 0.000000000000000000e+00 3.201562118716424266e+01 2.451530134426252516e+01 2.308679276123039159e+01 1.900000000000000000e+01 2.846049894151541437e+01 2.408318915758459156e+01 2.961418578992169515e+01
1.204159457879229578e+01 7.280109889280518054e+00 8.246211251235321171e+00 4.404543109109047805e+01 3.206243908376279705e+01 9.486832980505138124e+00 4.000000000000000000e+00 3.624913792078371699e+01 2.555386467836127551e+01 1.941648783894759944e+01 3.324154027718932269e+01 3.894868418830089496e+01 8.602325267042626677e+00 7.000000000000000000e+00 2.325940669922601600e+01 3.201562118716424266e+01 0.000000000000000000e+00 2.039607805437113797e+01 2.209072203437452231e+01 2.088061301782110135e+01 2.906888370749726747e+01 9.219544457292887074e+00 2.102379604162863913e+01
1.627882059609970611e+01 1.315294643796590535e+01 1.843908891458577415e+01 3.883297567789519888e+01 4.219004621945797595e+01 2.641968962724581260e+01 2.433105012119287736e+01 2.302172886644267535e+01 1.711724276862369010e+01 1.552417469626002422e+01 3.590264614203248072e+01 3.354101966249684352e+01 1.529705854077835525e+01 2.282542442102665348e+01 6.082762530298219339e+00 2.451530134426252516e+01 2.039607805437113797e+01 0.000000000000000000e+00 3.162277660168379256e+01 2.778488797889960793e+01 3.966106403010387993e+01 1.252996408614166768e+01 5.099019513592784492e+00
1.565247584249852864e+01 2.451530134426252516e+01 3.000000000000000000e+01 2.863564212655270680e+01 1.077032961426900748e+01 1.392838827718411920e+01 2.280350850198275836e+01 3.178049716414140846e+01 2.193171219946130890e+01 1.780449381476485726e+01 1.345362404707370985e+01 2.500000000000000000e+01 2.915475947422650194e+01 1.513274595042155646e+01 3.721558813185679071e+01 2.308679276123039159e+01 2.209072203437452231e+01 3.162277660168379256e+01 0.000000000000000000e+00 4.472135954999579610e+00 8.062257748298549132e+00 2.118962010041709121e+01 3.535533905932737753e+01
1.236931687685298087e+01 2.202271554554523902e+01 2.828427124746190202e+01 2.607680962081059661e+01 1.442220510185595650e+01 1.421267040355189515e+01 2.236067977499789805e+01 2.745906043549196340e+01 1.746424919657297892e+01 1.345362404707370985e+01 1.252996408614166768e+01 2.193171219946130890e+01 2.701851217221259205e+01 1.431782106327635340e+01 3.354101966249684352e+01 1.900000000000000000e+01 2.088061301782110135e+01 2.778488797889960793e+01 4.472135954999579610e+00 0.000000000000000000e+00 1.204159457879229578e+01 1.824828759089465890e+01 3.178049716414140846e+01
2.370653918225939449e+01 3.228002478313794654e+01 3.721558813185679071e+01 3.041381265149109936e+01 3.000000000000000000e+00 2.002498439450078749e+01 2.906888370749726747e+01 3.769615364994152884e+01 2.884441020371191300e+01 2.545584412271571040e+01 1.414213562373095101e+01 2.800000000000000000e+01 3.667424164178449786e+01 2.209072203437452231e+01 4.527692569068708650e+01 2.846049894151541437e+01 2.906888370749726747e+01 3.966106403010387993e+01 8.062257748298549132e+00 1.204159457879229578e+01 0.000000000000000000e+00 2.915475947422650194e+01 4.341658669218482203e+01
6.000000000000000000e+00 4.472135954999579610e+00 1.220655561573370207e+01 3.721558813185679071e+01 3.195309061734091571e+01 1.389244398944980396e+01 1.315294643796590535e+01 2.729468812791236232e+01 1.702938636592640265e+01 1.140175425099137918e+01 2.915475947422650194e+01 3.190611226708763226e+01 9.848857801796103928e+00 1.029563014098700080e+01 1.697056274847713908e+01 2.408318915758459156e+01 9.219544457292887074e+00 1.252996408614166768e+01 2.118962010041709121e+01 1.824828759089465890e+01 2.915475947422650194e+01 0.000000000000000000e+00 1.486606874731850603e+01
1.972308292331602075e+01 1.389244398944980396e+01 1.702938636592640265e+01 4.393176527297759293e+01 4.606517122512408235e+01 2.842534080710379030e+01 2.469817807045693669e+01 2.778488797889960793e+01 2.220360331117451835e+01 2.022374841615668473e+01 4.060788100849390503e+01 3.863935817272331263e+01 1.414213562373095101e+01 2.483948469674844262e+01 2.236067977499789805e+00 2.961418578992169515e+01 2.102379604162863913e+01 5.099019513592784492e+00 3.535533905932737753e+01 3.178049716414140846e+01 4.341658669218482203e+01 1.486606874731850603e+01 0.000000000000000000e+00
