0.000000000000000000e+00 1.523154621172781731e+01 1.000000000000000000e+01 2.000000000000000000e+01 2.523885892824792521e+01 2.334523505985750447e+01 2.879236009777593708e+01 2.641968962724581260e+01 1.612451549659709826e+01 7.211102550927978250e+00 3.201562118716424266e+01 2.059126028197400160e+01 9.219544457292887074e+00 7.000000000000000000e+00 3.257299494980465937e+01 2.209072203437452231e+01 3.394112549695427816e+01 1.131370849898476116e+01 3.178049716414140846e+01 1.500000000000000000e+01 3.228002478313794654e+01 3.269556544854363267e+01 1.063014581273464998e+01 3.162277660168379256e+01
1.523154621172781731e+01 0.000000000000000000e+00 7.211102550927978250e+00 2.952964612046680060e+01 2.118962010041709121e+01 1.345362404707370985e+01 3.324154027718932269e+01 2.102379604162863913e+01 2.088061301782110135e+01 1.800000000000000000e+01 3.748332962798262713e+01 2.433105012119287736e+01 7.000000000000000000e+00 1.403566884761819900e+01 3.721558813185679071e+01 1.131370849898476116e+01 3.162277660168379256e+01 2.209072203437452231e+01 3.501428280002319582e+01 6.082762530298219339e+00 4.356604182158393002e+01 4.500000000000000000e+01 1.565247584249852864e+01 3.224903099319419653e+01
1.000000000000000000e+01 7.211102550927978250e+00 0.000000000000000000e+00 2.236067977499789805e+01 1.780449381476485726e+01 1.360147050873544394e+01 2.700000000000000000e+01 1.838477631085023489e+01 1.414213562373095101e+01 1.523154621172781731e+01 3.106444913401813324e+01 1.800000000000000000e+01 6.708203932499369415e+00 1.220655561573370207e+01 3.100000000000000000e+01 1.216552506059643868e+01 2.778488797889960793e+01 1.969771560359220786e+01 2.915475947422650194e+01 5.000000000000000000e+00 3.635931792539568619e+01 3.780211634287159939e+01 8.544003745317530374e+00 2.720294101747088789e+01
2.000000000000000000e+01 2.952964612046680060e+01 2.236067977499789805e+01 0.000000000000000000e+00 2.184032966784155505e+01 2.801785145224380003e+01 1.220655561573370207e+01 2.404163056034261459e+01 1.000000000000000000e+01 2.630589287593181069e+01 1.360147050873544394e+01 1.019803902718556898e+01 2.692582403567251959e+01 2.700000000000000000e+01 1.486606874731850603e+01 2.842534080710379030e+01 2.433105012119287736e+01 2.912043955712207222e+01 1.581138830084189628e+01 2.500000000000000000e+01 1.421267040355189515e+01 1.640121946685672683e+01 1.389244398944980396e+01 1.897366596101027625e+01
2.523885892824792521e+01 2.118962010041709121e+01 1.780449381476485726e+01 2.184032966784155505e+01 0.000000000000000000e+00 1.019803902718556898e+01 1.702938636592640265e+01 2.236067977499789805e+00 1.300000000000000000e+01 3.201562118716424266e+01 2.140093455903269515e+01 1.170469991071962568e+01 2.441311123146740414e+01 2.969848480983499428e+01 2.024845673131658685e+01 1.204159457879229578e+01 1.044030650891055068e+01 3.640054944640259293e+01 1.700000000000000000e+01 1.523154621172781731e+01 3.448187929913333249e+01 3.757658845611187104e+01 1.523154621172781731e+01 1.236931687685298087e+01
2.334523505985750447e+01 1.345362404707370985e+01 1.360147050873544394e+01 2.801785145224380003e+01 1.019803902718556898e+01 0.000000000000000000e+00 2.641968962724581260e+01 9.000000000000000000e+00 1.802775637731994607e+01 2.879236009777593708e+01 3.088689042296100240e+01 1.910497317454279909e+01 1.886796226411320632e+01 2.549509756796392423e+01 2.996664812754339380e+01 2.236067977499789805e+00 2.002498439450078749e+01 3.324154027718932269e+01 2.692582403567251959e+01 8.944271909999159220e+00 4.186884283091664116e+01 4.440720662234903671e+01 1.649242250247064234e+01 2.256102834535695578e+01
2.879236009777593708e+01 3.324154027718932269e+01 2.700000000000000000e+01 1.220655561573370207e+01 1.702938636592640265e+01 2.641968962724581260e+01 0.000000000000000000e+00 1.910497317454279909e+01 1.315294643796590535e+01 3.584689665786984136e+01 4.472135954999579610e+00 9.000000000000000000e+00 3.313608305156178346e+01 3.544009029333869876e+01 4.000000000000000000e+00 2.773084924772409465e+01 1.431782106327635340e+01 3.935733730830885690e+01 3.605551275463989125e+00 2.745906043549196340e+01 1.941648783894759944e+01 2.319482700948640286e+01 1.923538406167134340e+01 8.062257748298549132e+00
2.641968962724581260e+01 2.102379604162863913e+01 1.838477631085023489e+01 2.404163056034261459e+01 2.236067977499789805e+00 9.000000000000000000e+00 1.910497317454279909e+01 0.000000000000000000e+00 1.503329637837290811e+01 3.301514803843835466e+01 2.343074902771996193e+01 1.392838827718411920e+01 2.483948469674844262e+01 3.047950130825634218e+01 2.220360331117451835e+01 1.104536101718726115e+01 1.104536101718726115e+01 3.744329045369811126e+01 1.886796226411320632e+01 1.526433752247374720e+01 3.671511950137163893e+01 3.981205847478876336e+01 1.676305461424021104e+01 1.392838827718411920e+01
1.612451549659709826e+01 2.088061301782110135e+01 1.414213562373095101e+01 1.000000000000000000e+01 1.300000000000000000e+01 1.802775637731994607e+01 1.315294643796590535e+01 1.503329637837290811e+01 0.000000000000000000e+00 2.332380757938120297e+01 1.700000000000000000e+01 4.472135954999579610e+00 2.002498439450078749e+01 2.247220505424423109e+01 1.711724276862369010e+01 1.843908891458577415e+01 1.886796226411320632e+01 2.720294101747088789e+01 1.581138830084189628e+01 1.565247584249852864e+01 2.404163056034261459e+01 2.640075756488817049e+01 6.082762530298219339e+00 1.562049935181330795e+01
7.211102550927978250e+00 1.800000000000000000e+01 1.523154621172781731e+01 2.630589287593181069e+01 3.201562118716424266e+01 2.879236009777593708e+01 3.584689665786984136e+01 3.301514803843835466e+01 2.332380757938120297e+01 0.000000000000000000e+00 3.889730067755344578e+01 2.778488797889960793e+01 1.100000000000000000e+01 4.123105625617660586e+00 3.956008088970496317e+01 2.720294101747088789e+01 4.103656905736638549e+01 4.472135954999579610e+00 3.891015291668743714e+01 1.992485884517127559e+01 3.733630940518894192e+01 3.710795063055894616e+01 1.780449381476485726e+01 3.883297567789519888e+01
3.201562118716424266e+01 3.748332962798262713e+01 3.106444913401813324e+01 1.360147050873544394e+01 2.140093455903269515e+01 3.088689042296100240e+01 4.472135954999579610e+00 2.343074902771996193e+01 1.700000000000000000e+01 3.889730067755344578e+01 0.000000000000000000e+00 1.315294643796590535e+01 3.701351104664349378e+01 3.883297567789519888e+01 2.000000000000000000e+00 3.220248437620923454e+01 1.746424919657297892e+01 4.215447781671598193e+01 5.385164807134503739e+00 3.178049716414140846e+01 1.700000000000000000e+01 2.102379604162863913e+01 2.302172886644267535e+01 1.118033988749894903e+01
2.059126028197400160e+01 2.433105012119287736e+01 1.800000000000000000e+01 1.019803902718556898e+01 1.170469991071962568e+01 1.910497317454279909e+01 9.000000000000000000e+00 1.392838827718411920e+01 4.472135954999579610e+00 2.778488797889960793e+01 1.315294643796590535e+01 0.000000000000000000e+00 2.418677324489564739e+01 2.692582403567251959e+01 1.300000000000000000e+01 2.000000000000000000e+01 1.523154621172781731e+01 3.162277660168379256e+01 1.140175425099137918e+01 1.868154169226940553e+01 2.302172886644267535e+01 2.594224354214569317e+01 1.044030650891055068e+01 1.131370849898476116e+01
9.219544457292887074e+00 7.000000000000000000e+00 6.708203932499369415e+00 2.692582403567251959e+01 2.441311123146740414e+01 1.886796226411320632e+01 3.313608305156178346e+01 2.483948469674844262e+01 2.002498439450078749e+01 1.100000000000000000e+01 3.701351104664349378e+01 2.418677324489564739e+01 0.000000000000000000e+00 7.071067811865475505e+00 3.712142238654116966e+01 1.700000000000000000e+01 3.448187929913333249e+01 1.513274595042155646e+01 3.551056180912940619e+01 1.000000000000000000e+01 4.031128874149274566e+01 4.118252056394800320e+01 1.400000000000000000e+01 3.383784863137726262e+01
7.000000000000000000e+00 1.403566884761819900e+01 1.220655561573370207e+01 2.700000000000000000e+01 2.969848480983499428e+01 2.549509756796392423e+01 3.544009029333869876e+01 3.047950130825634218e+01 2.247220505424423109e+01 4.123105625617660586e+00 3.883297567789519888e+01 2.692582403567251959e+01 7.071067811865475505e+00 0.000000000000000000e+00 3.929376540877699853e+01 2.376972864800942631e+01 3.920459156782531807e+01 8.062257748298549132e+00 3.827531841800927737e+01 1.655294535724684835e+01 3.905124837953326988e+01 3.921734310225515685e+01 1.655294535724684835e+01 3.758989225842500304e+01
3.257299494980465937e+01 3.721558813185679071e+01 3.100000000000000000e+01 1.486606874731850603e+01 2.024845673131658685e+01 2.996664812754339380e+01 4.000000000000000000e+00 2.220360331117451835e+01 1.711724276862369010e+01 3.956008088970496317e+01 2.000000000000000000e+00 1.300000000000000000e+01 3.712142238654116966e+01 3.929376540877699853e+01 0.000000000000000000e+00 3.138470965295043058e+01 1.565247584249852864e+01 4.295346318982905842e+01 3.605551275463989125e+00 3.140063693621516450e+01 1.900000000000000000e+01 2.302172886644267535e+01 2.319482700948640286e+01 9.433981132056603158e+00
2.209072203437452231e+01 1.131370849898476116e+01 1.216552506059643868e+01 2.842534080710379030e+01 1.204159457879229578e+01 2.236067977499789805e+00 2.773084924772409465e+01 1.104536101718726115e+01 1.843908891458577415e+01 2.720294101747088789e+01 3.220248437620923454e+01 2.000000000000000000e+01 1.700000000000000000e+01 2.376972864800942631e+01 3.138470965295043058e+01 0.000000000000000000e+00 2.209072203437452231e+01 3.162277660168379256e+01 2.846049894151541437e+01 7.280109889280518054e+00 4.244997055358224713e+01 4.482186966202993972e+01 1.615549442140351033e+01 2.433105012119287736e+01
3.394112549695427816e+01 3.162277660168379256e+01 2.778488797889960793e+01 2.433105012119287736e+01 1.044030650891055068e+01 2.002498439450078749e+01 1.431782106327635340e+01 1.104536101718726115e+01 1.886796226411320632e+01 4.103656905736638549e+01 1.746424919657297892e+01 1.523154621172781731e+01 3.448187929913333249e+01 3.920459156782531807e+01 1.565247584249852864e+01 2.209072203437452231e+01 0.000000000000000000e+00 4.525483399593904466e+01 1.208304597359457233e+01 2.563201123595259290e+01 3.373425558686599857e+01 3.748332962798262713e+01 2.334523505985750447e+01 6.324555320336759046e+00
1.131370849898476116e+01 2.209072203437452231e+01 1.969771560359220786e+01 2.912043955712207222e+01 3.640054944640259293e+01 3.324154027718932269e+01 3.935733730830885690e+01 3.744329045369811126e+01 2.720294101747088789e+01 4.472135954999579610e+00 4.215447781671598193e+01 3.162277660168379256e+01 1.513274595042155646e+01 8.062257748298549132e+00 4.295346318982905842e+01 3.162277660168379256e+01 4.525483399593904466e+01 0.000000000000000000e+00 4.254409477236529824e+01 2.435159132377184221e+01 3.901281840626231912e+01 3.832753579347360073e+01 2.193171219946130890e+01 4.280186911806539030e+01
3.178049716414140846e+01 3.501428280002319582e+01 2.915475947422650194e+01 1.581138830084189628e+01 1.700000000000000000e+01 2.692582403567251959e+01 3.605551275463989125e+00 1.886796226411320632e+01 1.581138830084189628e+01 3.891015291668743714e+01 5.385164807134503739e+00 1.140175425099137918e+01 3.551056180912940619e+01 3.827531841800927737e+01 3.605551275463989125e+00 2.846049894151541437e+01 1.208304597359457233e+01 4.254409477236529824e+01 0.000000000000000000e+00 2.906888370749726747e+01 2.209072203437452231e+01 2.601922366251537611e+01 2.184032966784155505e+01 5.830951894845300743e+00
1.500000000000000000e+01 6.082762530298219339e+00 5.000000000000000000e+00 2.500000000000000000e+01 1.523154621172781731e+01 8.944271909999159220e+00 2.745906043549196340e+01 1.526433752247374720e+01 1.565247584249852864e+01 1.992485884517127559e+01 3.178049716414140846e+01 1.868154169226940553e+01 1.000000000000000000e+01 1.655294535724684835e+01 3.140063693621516450e+01 7.280109889280518054e+00 2.563201123595259290e+01 2.435159132377184221e+01 2.906888370749726747e+01 0.000000000000000000e+00 3.920459156782531807e+01 4.103656905736638549e+01 1.131370849898476116e+01 2.617250465660480074e+01
3.228002478313794654e+01 4.356604182158393002e+01 3.635931792539568619e+01 1.421267040355189515e+01 3.448187929913333249e+01 4.186884283091664116e+01 1.941648783894759944e+01 3.671511950137163893e+01 2.404163056034261459e+01 3.733630940518894192e+01 1.700000000000000000e+01 2.302172886644267535e+01 4.031128874149274566e+01 3.905124837953326988e+01 1.900000000000000000e+01 4.244997055358224713e+01 3.373425558686599857e+01 3.901281840626231912e+01 2.209072203437452231e+01 3.920459156782531807e+01 0.000000000000000000e+00 4.123105625617660586e+00 2.801785145224380003e+01 2.745906043549196340e+01
3.269556544854363267e+01 4.500000000000000000e+01 3.780211634287159939e+01 1.640121946685672683e+01 3.757658845611187104e+01 4.440720662234903671e+01 2.319482700948640286e+01 3.981205847478876336e+01 2.640075756488817049e+01 3.710795063055894616e+01 2.102379604162863913e+01 2.594224354214569317e+01 4.118252056394800320e+01 3.921734310225515685e+01 2.302172886644267535e+01 4.482186966202993972e+01 3.748332962798262713e+01 3.832753579347360073e+01 2.601922366251537611e+01 4.103656905736638549e+01 4.123105625617660586e+00 0.000000000000000000e+00 2.973213749463701205e+01 3.125699921617556853e+01
1.063014581273464998e+01 1.565247584249852864e+01 8.544003745317530374e+00 1.389244398944980396e+01 1.523154621172781731e+01 1.649242250247064234e+01 1.923538406167134340e+01 1.676305461424021104e+01 6.082762530298219339e+00 1.780449381476485726e+01 2.302172886644267535e+01 1.044030650891055068e+01 1.400000000000000000e+01 1.655294535724684835e+01 2.319482700948640286e+01 1.615549442140351033e+01 2.334523505985750447e+01 2.193171219946130890e+01 2.184032966784155505e+01 1.131370849898476116e+01 2.801785145224380003e+01 2.973213749463701205e+01 0.000000000000000000e+00 2.109502310972898798e+01
3.162277660168379256e+01 3.224903099319419653e+01 2.720294101747088789e+01 1.897366596101027625e+01 1.236931687685298087e+01 2.256102834535695578e+01 8.062257748298549132e+00 1.392838827718411920e+01 1.562049935181330795e+01 3.883297567789519888e+01 1.118033988749894903e+01 1.131370849898476116e+01 3.383784863137726262e+01 3.758989225842500304e+01 9.433981132056603158e+00 2.433105012119287736e+01 6.324555320336759046e+00 4.280186911806539030e+01 5.830951894845300743e+00 2.617250465660480074e+01 2.745906043549196340e+01 3.125699921617556853e+01 2.109502310972898798e+01 0.000000000000000000e+00
