0.000000000000000000e+00 1.118033988749894903e+01 1.513274595042155646e+01 4.100000000000000000e+01 2.308679276123039159e+01 2.731300056749532601e+01 1.802775637731994607e+01 9.219544457292887074e+00 2.118962010041709121e+01 2.731300056749532601e+01 3.162277660168379256e+01 3.492849839314595783e+01 2.163330765278393741e+01 3.640054944640259293e+01 3.138470965295043058e+01 1.315294643796590535e+01 2.580697580112788003e+01 4.011234224026316042e+01 9.055385138137417300e+00 1.900000000000000000e+01 3.929376540877699853e+01 1.140175425099137918e+01 2.158703314492290204e+01
1.118033988749894903e+01 0.000000000000000000e+00 2.154065922853801496e+01 3.026549190084311292e+01 2.716615541441224835e+01 2.193171219946130890e+01 2.000000000000000000e+01 1.140175425099137918e+01 1.562049935181330795e+01 3.001666203960726875e+01 2.801785145224380003e+01 2.418677324489564739e+01 1.878829422805593552e+01 2.915475947422650194e+01 2.024845673131658685e+01 7.615773105863908654e+00 2.282542442102665348e+01 3.006659275674581622e+01 4.123105625617660586e+00 2.600000000000000000e+01 2.844292530665578411e+01 1.431782106327635340e+01 3.001666203960726875e+01
1.513274595042155646e+01 2.154065922853801496e+01 0.000000000000000000e+00 4.494441010848846219e+01 8.602325267042626677e+00 2.334523505985750447e+01 8.000000000000000000e+00 1.029563014098700080e+01 1.969771560359220786e+01 1.345362404707370985e+01 2.418677324489564739e+01 3.940812099047606409e+01 1.627882059609970611e+01 3.337663853655727308e+01 3.818376618407356915e+01 1.702938636592640265e+01 1.900000000000000000e+01 4.204759208325727826e+01 1.746424919657297892e+01 4.472135954999579610e+00 4.382921400162225467e+01 2.647640458974745314e+01 9.219544457292887074e+00
4.100000000000000000e+01 3.026549190084311292e+01 4.494441010848846219e+01 0.000000000000000000e+00 4.527692569068708650e+01 2.500000000000000000e+01 3.841874542459709119e+01 3.624913792078371699e+01 2.561249694973139412e+01 4.468780594300866227e+01 3.041381265149109936e+01 6.082762530298219339e+00 3.041381265149109936e+01 1.964688270438849926e+01 1.140175425099137918e+01 2.915475947422650194e+01 3.061045573002793319e+01 6.000000000000000000e+00 3.201562118716424266e+01 4.882622246293480828e+01 2.236067977499789805e+00 4.304648650006176780e+01 5.408326913195983821e+01
2.308679276123039159e+01 2.716615541441224835e+01 8.602325267042626677e+00 4.527692569068708650e+01 0.000000000000000000e+00 2.109502310972898798e+01 7.615773105863908654e+00 1.600000000000000000e+01 1.984943324127920761e+01 5.000000000000000000e+00 1.941648783894759944e+01 4.036087214122112954e+01 1.486606874731850603e+01 3.046309242345563462e+01 4.049691346263317371e+01 2.088061301782110135e+01 1.565247584249852864e+01 4.140048308896890461e+01 2.308679276123039159e+01 7.615773105863908654e+00 4.455333881989092504e+01 3.448187929913333249e+01 1.204159457879229578e+01
2.731300056749532601e+01 2.193171219946130890e+01 2.334523505985750447e+01 2.500000000000000000e+01 2.109502310972898798e+01 0.000000000000000000e+00 1.552417469626002422e+01 1.868154169226940553e+01 6.403124237432848531e+00 1.979898987322333070e+01 7.071067811865475505e+00 2.102379604162863913e+01 7.071067811865475505e+00 1.004987562112088995e+01 2.334523505985750447e+01 1.500000000000000000e+01 5.656854249492380582e+00 2.051828452868319275e+01 2.000000000000000000e+01 2.624880949681337583e+01 2.469817807045693669e+01 3.560898762952971452e+01 3.162277660168379256e+01
1.802775637731994607e+01 2.000000000000000000e+01 8.000000000000000000e+00 3.841874542459709119e+01 7.615773105863908654e+00 1.552417469626002422e+01 0.000000000000000000e+00 9.486832980505138124e+00 1.280624847486569706e+01 1.004987562112088995e+01 1.627882059609970611e+01 3.324154027718932269e+01 8.544003745317530374e+00 2.549509756796392423e+01 3.301514803843835466e+01 1.334166406412633421e+01 1.100000000000000000e+01 3.498571136907180090e+01 1.603121954188139853e+01 1.077032961426900748e+01 3.753664875824691904e+01 2.906888370749726747e+01 1.615549442140351033e+01
9.219544457292887074e+00 1.140175425099137918e+01 1.029563014098700080e+01 3.624913792078371699e+01 1.600000000000000000e+01 1.868154169226940553e+01 9.486832980505138124e+00 0.000000000000000000e+00 1.303840481040529831e+01 1.941648783894759944e+01 2.247220505424423109e+01 3.041381265149109936e+01 1.252996408614166768e+01 2.828427124746190202e+01 2.842534080710379030e+01 7.211102550927978250e+00 1.664331697709323876e+01 3.420526275297414287e+01 7.280109889280518054e+00 1.476482306023340030e+01 3.488552708502481892e+01 1.972308292331602075e+01 1.920937271229854559e+01
2.118962010041709121e+01 1.562049935181330795e+01 1.969771560359220786e+01 2.561249694973139412e+01 1.984943324127920761e+01 6.403124237432848531e+00 1.280624847486569706e+01 1.303840481040529831e+01 0.000000000000000000e+00 2.012461179749810825e+01 1.252996408614166768e+01 2.051828452868319275e+01 5.385164807134503739e+00 1.529705854077835525e+01 2.102379604162863913e+01 8.602325267042626677e+00 8.062257748298549132e+00 2.236067977499789805e+01 1.360147050873544394e+01 2.332380757938120297e+01 2.475883680627989492e+01 2.920616373302046753e+01 2.865309756378880479e+01
2.731300056749532601e+01 3.001666203960726875e+01 1.345362404707370985e+01 4.468780594300866227e+01 5.000000000000000000e+00 1.979898987322333070e+01 1.004987562112088995e+01 1.941648783894759944e+01 2.012461179749810825e+01 0.000000000000000000e+00 1.655294535724684835e+01 4.022437072223753063e+01 1.476482306023340030e+01 2.830194339616981125e+01 4.114608122288196768e+01 2.308679276123039159e+01 1.414213562373095101e+01 4.031128874149274566e+01 2.607680962081059661e+01 1.252996408614166768e+01 4.420407221060068537e+01 3.862641583165593318e+01 1.649242250247064234e+01
3.162277660168379256e+01 2.801785145224380003e+01 2.418677324489564739e+01 3.041381265149109936e+01 1.941648783894759944e+01 7.071067811865475505e+00 1.627882059609970611e+01 2.247220505424423109e+01 1.252996408614166768e+01 1.655294535724684835e+01 0.000000000000000000e+00 2.720294101747088789e+01 1.000000000000000000e+01 1.204159457879229578e+01 3.014962686336266984e+01 2.061552812808830382e+01 5.830951894845300743e+00 2.523885892824792521e+01 2.549509756796392423e+01 2.601922366251537611e+01 3.046309242345563462e+01 4.101219330881975367e+01 3.114482300479487265e+01
3.492849839314595783e+01 2.418677324489564739e+01 3.940812099047606409e+01 6.082762530298219339e+00 4.036087214122112954e+01 2.102379604162863913e+01 3.324154027718932269e+01 3.041381265149109936e+01 2.051828452868319275e+01 4.022437072223753063e+01 2.720294101747088789e+01 0.000000000000000000e+00 2.561249694973139412e+01 1.802775637731994607e+01 6.403124237432848531e+00 2.325940669922601600e+01 2.641968962724581260e+01 7.810249675906653977e+00 2.596150997149434048e+01 4.341658669218482203e+01 4.472135954999579610e+00 3.712142238654116966e+01 4.860041152089146976e+01
2.163330765278393741e+01 1.878829422805593552e+01 1.627882059609970611e+01 3.041381265149109936e+01 1.486606874731850603e+01 7.071067811865475505e+00 8.544003745317530374e+00 1.252996408614166768e+01 5.385164807134503739e+00 1.476482306023340030e+01 1.000000000000000000e+01 2.561249694973139412e+01 0.000000000000000000e+00 1.711724276862369010e+01 2.640075756488817049e+01 1.118033988749894903e+01 4.242640687119284770e+00 2.662705391138869615e+01 1.581138830084189628e+01 1.931320791582796659e+01 2.973213749463701205e+01 3.114482300479487265e+01 2.469817807045693669e+01
3.640054944640259293e+01 2.915475947422650194e+01 3.337663853655727308e+01 1.964688270438849926e+01 3.046309242345563462e+01 1.004987562112088995e+01 2.549509756796392423e+01 2.828427124746190202e+01 1.529705854077835525e+01 2.830194339616981125e+01 1.204159457879229578e+01 1.802775637731994607e+01 1.711724276862369010e+01 0.000000000000000000e+00 2.280350850198275836e+01 2.340939982143925135e+01 1.486606874731850603e+01 1.392838827718411920e+01 2.823118842698620767e+01 3.613862199918530393e+01 2.022374841615668473e+01 4.341658669218482203e+01 4.148493702538308270e+01
3.138470965295043058e+01 2.024845673131658685e+01 3.818376618407356915e+01 1.140175425099137918e+01 4.049691346263317371e+01 2.334523505985750447e+01 3.301514803843835466e+01 2.842534080710379030e+01 2.102379604162863913e+01 4.114608122288196768e+01 3.014962686336266984e+01 6.403124237432848531e+00 2.640075756488817049e+01 2.280350850198275836e+01 0.000000000000000000e+00 2.126029162546929996e+01 2.816025568065744622e+01 1.421267040355189515e+01 2.282542442102665348e+01 4.244997055358224713e+01 9.219544457292887074e+00 3.201562118716424266e+01 4.738143096192853676e+01
1.315294643796590535e+01 7.615773105863908654e+00 1.702938636592640265e+01 2.915475947422650194e+01 2.088061301782110135e+01 1.500000000000000000e+01 1.334166406412633421e+01 7.211102550927978250e+00 8.602325267042626677e+00 2.308679276123039159e+01 2.061552812808830382e+01 2.325940669922601600e+01 1.118033988749894903e+01 2.340939982143925135e+01 2.126029162546929996e+01 0.000000000000000000e+00 1.526433752247374720e+01 2.745906043549196340e+01 5.000000000000000000e+00 2.140093455903269515e+01 2.773084924772409465e+01 2.061552812808830382e+01 2.617250465660480074e+01
2.580697580112788003e+01 2.282542442102665348e+01 1.900000000000000000e+01 3.061045573002793319e+01 1.565247584249852864e+01 5.656854249492380582e+00 1.100000000000000000e+01 1.664331697709323876e+01 8.062257748298549132e+00 1.414213562373095101e+01 5.830951894845300743e+00 2.641968962724581260e+01 4.242640687119284770e+00 1.486606874731850603e+01 2.816025568065744622e+01 1.526433752247374720e+01 0.000000000000000000e+00 2.617250465660480074e+01 2.000000000000000000e+01 2.137755832643194864e+01 3.023243291566194912e+01 3.538361202590826338e+01 2.668332812825266842e+01
4.011234224026316042e+01 3.006659275674581622e+01 4.204759208325727826e+01 6.000000000000000000e+00 4.140048308896890461e+01 2.051828452868319275e+01 3.498571136907180090e+01 3.420526275297414287e+01 2.236067977499789805e+01 4.031128874149274566e+01 2.523885892824792521e+01 7.810249675906653977e+00 2.662705391138869615e+01 1.392838827718411920e+01 1.421267040355189515e+01 2.745906043549196340e+01 2.617250465660480074e+01 0.000000000000000000e+00 3.106444913401813324e+01 4.565084884205330695e+01 7.280109889280518054e+00 4.373785545725807822e+01 5.100000000000000000e+01
9.055385138137417300e+00 4.123105625617660586e+00 1.746424919657297892e+01 3.201562118716424266e+01 2.308679276123039159e+01 2.000000000000000000e+01 1.603121954188139853e+01 7.280109889280518054e+00 1.360147050873544394e+01 2.607680962081059661e+01 2.549509756796392423e+01 2.596150997149434048e+01 1.581138830084189628e+01 2.823118842698620767e+01 2.282542442102665348e+01 5.000000000000000000e+00 2.000000000000000000e+01 3.106444913401813324e+01 0.000000000000000000e+00 2.193171219946130890e+01 3.036445290137795183e+01 1.562049935181330795e+01 2.607680962081059661e+01
1.900000000000000000e+01 2.600000000000000000e+01 4.472135954999579610e+00 4.882622246293480828e+01 7.615773105863908654e+00 2.624880949681337583e+01 1.077032961426900748e+01 1.476482306023340030e+01 2.332380757938120297e+01 1.252996408614166768e+01 2.601922366251537611e+01 4.341658669218482203e+01 1.931320791582796659e+01 3.613862199918530393e+01 4.244997055358224713e+01 2.140093455903269515e+01 2.137755832643194864e+01 4.565084884205330695e+01 2.193171219946130890e+01 0.000000000000000000e+00 4.780167361086847677e+01 3.014962686336266984e+01 5.385164807134503739e+00
3.929376540877699853e+01 2.844292530665578411e+01 4.382921400162225467e+01 2.236067977499789805e+00 4.455333881989092504e+01 2.469817807045693669e+01 3.753664875824691904e+01 3.488552708502481892e+01 2.475883680627989492e+01 4.420407221060068537e+01 3.046309242345563462e+01 4.472135954999579610e+00 2.973213749463701205e+01 2.022374841615668473e+01 9.219544457292887074e+00 2.773084924772409465e+01 3.023243291566194912e+01 7.280109889280518054e+00 3.036445290137795183e+01 4.780167361086847677e+01 0.000000000000000000e+00 4.101219330881975367e+01 5.300943312279428454e+01
1.140175425099137918e+01 1.431782106327635340e+01 2.647640458974745314e+01 4.304648650006176780e+01 3.448187929913333249e+01 3.560898762952971452e+01 2.906888370749726747e+01 1.972308292331602075e+01 2.920616373302046753e+01 3.862641583165593318e+01 4.101219330881975367e+01 3.712142238654116966e+01 3.114482300479487265e+01 4.341658669218482203e+01 3.201562118716424266e+01 2.061552812808830382e+01 3.538361202590826338e+01 4.373785545725807822e+01 1.562049935181330795e+01 3.014962686336266984e+01 4.101219330881975367e+01 0.000000000000000000e+00 3.206243908376279705e+01
2.158703314492290204e+01 3.001666203960726875e+01 9.219544457292887074e+00 5.408326913195983821e+01 1.204159457879229578e+01 3.162277660168379256e+01 1.615549442140351033e+01 1.920937271229854559e+01 2.865309756378880479e+01 1.649242250247064234e+01 3.114482300479487265e+01 4.860041152089146976e+01 2.469817807045693669e+01 4.148493702538308270e+01 4.738143096192853676e+01 2.617250465660480074e+01 2.668332812825266842e+01 5.100000000000000000e+01 2.607680962081059661e+01 5.385164807134503739e+00 5.300943312279428454e+01 3.206243908376279705e+01 0.000000000000000000e+00
