0.000000000000000000e+00 1.414213562373095101e+01 4.123105625617660586e+00 1.972308292331602075e+01 2.745906043549196340e+01 3.014962686336266984e+01 2.404163056034261459e+01 4.242640687119284770e+00 2.701851217221259205e+01 3.400000000000000000e+01 3.413209633175202384e+01 3.059411708155671050e+01 2.549509756796392423e+01 1.640121946685672683e+01 2.000000000000000000e+00 1.264911064067351809e+01 5.000000000000000000e+00 2.247220505424423109e+01 1.838477631085023489e+01 3.100000000000000000e+01
1.414213562373095101e+01 0.000000000000000000e+00 1.252996408614166768e+01 2.118962010041709121e+01 2.817800560721074277e+01 2.385372088375312671e+01 2.140093455903269515e+01 1.476482306023340030e+01 1.303840481040529831e+01 2.088061301782110135e+01 3.383784863137726262e+01 2.561249694973139412e+01 1.303840481040529831e+01 2.300000000000000000e+01 1.280624847486569706e+01 6.324555320336759046e+00 1.802775637731994607e+01 3.106444913401813324e+01 2.319482700948640286e+01 2.325940669922601600e+01
4.123105625617660586e+00 1.252996408614166768e+01 0.000000000000000000e+00 2.280350850198275836e+01 3.061045573002793319e+01 3.178049716414140846e+01 2.640075756488817049e+01 8.062257748298549132e+00 2.555386467836127551e+01 3.324154027718932269e+01 3.720215047547655018e+01 3.257299494980465937e+01 2.500000000000000000e+01 2.024845673131658685e+01 5.000000000000000000e+00 1.300000000000000000e+01 9.055385138137417300e+00 2.657066051117284644e+01 2.202271554554523902e+01 3.224903099319419653e+01
1.972308292331602075e+01 2.118962010041709121e+01 2.280350850198275836e+01 0.000000000000000000e+00 7.810249675906653977e+00 1.476482306023340030e+01 6.708203932499369415e+00 1.565247584249852864e+01 2.729468812791236232e+01 2.906888370749726747e+01 1.442220510185595650e+01 1.360147050873544394e+01 2.184032966784155505e+01 7.615773105863908654e+00 1.802775637731994607e+01 1.486606874731850603e+01 1.772004514666934938e+01 1.421267040355189515e+01 5.000000000000000000e+00 1.720465053408525335e+01
2.745906043549196340e+01 2.817800560721074277e+01 3.061045573002793319e+01 7.810249675906653977e+00 0.000000000000000000e+00 1.389244398944980396e+01 8.000000000000000000e+00 2.332380757938120297e+01 3.206243908376279705e+01 3.178049716414140846e+01 6.708203932499369415e+00 1.140175425099137918e+01 2.600000000000000000e+01 1.315294643796590535e+01 2.580697580112788003e+01 2.195449840010014952e+01 2.507987240796890660e+01 1.615549442140351033e+01 1.019803902718556898e+01 1.700000000000000000e+01
3.014962686336266984e+01 2.385372088375312671e+01 3.178049716414140846e+01 1.476482306023340030e+01 1.389244398944980396e+01 0.000000000000000000e+00 8.062257748298549132e+00 2.700000000000000000e+01 2.193171219946130890e+01 1.900000000000000000e+01 1.503329637837290811e+01 3.000000000000000000e+00 1.565247584249852864e+01 2.236067977499789805e+01 2.816025568065744622e+01 1.931320791582796659e+01 3.006659275674581622e+01 2.842534080710379030e+01 1.972308292331602075e+01 3.162277660168379523e+00
2.404163056034261459e+01 2.140093455903269515e+01 2.640075756488817049e+01 6.708203932499369415e+00 8.000000000000000000e+00 8.062257748298549132e+00 0.000000000000000000e+00 2.039607805437113797e+01 2.408318915758459156e+01 2.404163056034261459e+01 1.252996408614166768e+01 7.071067811865475505e+00 1.800000000000000000e+01 1.431782106327635340e+01 2.213594362117865444e+01 1.555634918610404505e+01 2.308679276123039159e+01 2.051828452868319275e+01 1.166190378969060149e+01 1.063014581273464998e+01
4.242640687119284770e+00 1.476482306023340030e+01 8.062257748298549132e+00 1.565247584249852864e+01 2.332380757938120297e+01 2.700000000000000000e+01 2.039607805437113797e+01 0.000000000000000000e+00 2.690724809414741969e+01 3.301514803843835466e+01 3.001666203960726875e+01 2.716615541441224835e+01 2.441311123146740414e+01 1.220655561573370207e+01 3.162277660168379523e+00 1.140175425099137918e+01 3.605551275463989125e+00 1.868154169226940553e+01 1.414213562373095101e+01 2.816025568065744622e+01
2.701851217221259205e+01 1.303840481040529831e+01 2.555386467836127551e+01 2.729468812791236232e+01 3.206243908376279705e+01 2.193171219946130890e+01 2.408318915758459156e+01 2.690724809414741969e+01 0.000000000000000000e+00 9.055385138137417300e+00 3.590264614203248072e+01 2.469817807045693669e+01 6.324555320336759046e+00 3.195309061734091571e+01 2.549509756796392423e+01 1.581138830084189628e+01 3.041381265149109936e+01 4.016217125604640614e+01 3.104834939252004844e+01 1.972308292331602075e+01
3.400000000000000000e+01 2.088061301782110135e+01 3.324154027718932269e+01 2.906888370749726747e+01 3.178049716414140846e+01 1.900000000000000000e+01 2.404163056034261459e+01 3.301514803843835466e+01 9.055385138137417300e+00 0.000000000000000000e+00 3.401470270338990076e+01 2.200000000000000000e+01 8.602325267042626677e+00 3.522782990761707111e+01 3.224903099319419653e+01 2.163330765278393741e+01 3.661966684720110976e+01 4.304648650006176780e+01 3.361547262794321966e+01 1.603121954188139853e+01
3.413209633175202384e+01 3.383784863137726262e+01 3.720215047547655018e+01 1.442220510185595650e+01 6.708203932499369415e+00 1.503329637837290811e+01 1.252996408614166768e+01 3.001666203960726875e+01 3.590264614203248072e+01 3.401470270338990076e+01 0.000000000000000000e+00 1.204159457879229578e+01 2.961418578992169515e+01 1.964688270438849926e+01 3.244996147917590434e+01 2.780287754891568852e+01 3.178049716414140846e+01 2.121320343559642652e+01 1.676305461424021104e+01 1.811077027627483460e+01
3.059411708155671050e+01 2.561249694973139412e+01 3.257299494980465937e+01 1.360147050873544394e+01 1.140175425099137918e+01 3.000000000000000000e+00 7.071067811865475505e+00 2.716615541441224835e+01 2.469817807045693669e+01 2.200000000000000000e+01 1.204159457879229578e+01 0.000000000000000000e+00 1.838477631085023489e+01 2.118962010041709121e+01 2.863564212655270680e+01 2.059126028197400160e+01 3.001666203960726875e+01 2.662705391138869615e+01 1.838477631085023489e+01 6.082762530298219339e+00
2.549509756796392423e+01 1.303840481040529831e+01 2.500000000000000000e+01 2.184032966784155505e+01 2.600000000000000000e+01 1.565247584249852864e+01 1.800000000000000000e+01 2.441311123146740414e+01 6.324555320336759046e+00 8.602325267042626677e+00 2.961418578992169515e+01 1.838477631085023489e+01 0.000000000000000000e+00 2.729468812791236232e+01 2.370653918225939449e+01 1.303840481040529831e+01 2.801785145224380003e+01 3.534119409414458346e+01 2.600000000000000000e+01 1.360147050873544394e+01
1.640121946685672683e+01 2.300000000000000000e+01 2.024845673131658685e+01 7.615773105863908654e+00 1.315294643796590535e+01 2.236067977499789805e+01 1.431782106327635340e+01 1.220655561573370207e+01 3.195309061734091571e+01 3.522782990761707111e+01 1.964688270438849926e+01 2.118962010041709121e+01 2.729468812791236232e+01 0.000000000000000000e+00 1.526433752247374720e+01 1.711724276862369010e+01 1.280624847486569706e+01 8.246211251235321171e+00 3.000000000000000000e+00 2.469817807045693669e+01
2.000000000000000000e+00 1.280624847486569706e+01 5.000000000000000000e+00 1.802775637731994607e+01 2.580697580112788003e+01 2.816025568065744622e+01 2.213594362117865444e+01 3.162277660168379523e+00 2.549509756796392423e+01 3.224903099319419653e+01 3.244996147917590434e+01 2.863564212655270680e+01 2.370653918225939449e+01 1.526433752247374720e+01 0.000000000000000000e+00 1.077032961426900748e+01 5.385164807134503739e+00 2.184032966784155505e+01 1.702938636592640265e+01 2.900000000000000000e+01
1.264911064067351809e+01 6.324555320336759046e+00 1.300000000000000000e+01 1.486606874731850603e+01 2.195449840010014952e+01 1.931320791582796659e+01 1.555634918610404505e+01 1.140175425099137918e+01 1.581138830084189628e+01 2.163330765278393741e+01 2.780287754891568852e+01 2.059126028197400160e+01 1.303840481040529831e+01 1.711724276862369010e+01 1.077032961426900748e+01 0.000000000000000000e+00 1.500000000000000000e+01 2.531797780234432693e+01 1.702938636592640265e+01 1.941648783894759944e+01
5.000000000000000000e+00 1.802775637731994607e+01 9.055385138137417300e+00 1.772004514666934938e+01 2.507987240796890660e+01 3.006659275674581622e+01 2.308679276123039159e+01 3.605551275463989125e+00 3.041381265149109936e+01 3.661966684720110976e+01 3.178049716414140846e+01 3.001666203960726875e+01 2.801785145224380003e+01 1.280624847486569706e+01 5.385164807134503739e+00 1.500000000000000000e+01 0.000000000000000000e+00 1.788854381999831844e+01 1.526433752247374720e+01 3.140063693621516450e+01
2.247220505424423109e+01 3.106444913401813324e+01 2.657066051117284644e+01 1.421267040355189515e+01 1.615549442140351033e+01 2.842534080710379030e+01 2.051828452868319275e+01 1.868154169226940553e+01 4.016217125604640614e+01 4.304648650006176780e+01 2.121320343559642652e+01 2.662705391138869615e+01 3.534119409414458346e+01 8.246211251235321171e+00 2.184032966784155505e+01 2.531797780234432693e+01 1.788854381999831844e+01 0.000000000000000000e+00 9.433981132056603158e+00 3.114482300479487265e+01
1.838477631085023489e+01 2.319482700948640286e+01 2.202271554554523902e+01 5.000000000000000000e+00 1.019803902718556898e+01 1.972308292331602075e+01 1.166190378969060149e+01 1.414213562373095101e+01 3.104834939252004844e+01 3.361547262794321966e+01 1.676305461424021104e+01 1.838477631085023489e+01 2.600000000000000000e+01 3.000000000000000000e+00 1.702938636592640265e+01 1.702938636592640265e+01 1.526433752247374720e+01 9.433981132056603158e+00 0.000000000000000000e+00 2.220360331117451835e+01
3.100000000000000000e+01 2.325940669922601600e+01 3.224903099319419653e+01 1.720465053408525335e+01 1.700000000000000000e+01 3.162277660168379523e+00 1.063014581273464998e+01 2.816025568065744622e+01 1.972308292331602075e+01 1.603121954188139853e+01 1.811077027627483460e+01 6.082762530298219339e+00 1.360147050873544394e+01 2.469817807045693669e+01 2.900000000000000000e+01 1.941648783894759944e+01 3.140063693621516450e+01 3.114482300479487265e+01 2.220360331117451835e+01 0.000000000000000000e+00
