0.000000000000000000e+00 1.720465053408525335e+01 9.486832980505138124e+00 4.044749683231336945e+01 2.247220505424423109e+01 3.820994634908559817e+01 1.131370849898476116e+01 1.315294643796590535e+01 3.413209633175202384e+01 1.081665382639196871e+01 1.802775637731994607e+01 2.002498439450078749e+01 3.733630940518894192e+01 3.992492955535426091e+01 1.204159457879229578e+01 1.081665382639196871e+01 2.121320343559642652e+01 2.668332812825266842e+01 1.140175425099137918e+01 3.901281840626231912e+01 3.220248437620923454e+01 1.264911064067351809e+01 2.996664812754339380e+01 2.729468812791236232e+01 2.687005768508880621e+01 5.000000000000000000e+00 2.692582403567251959e+01 2.280350850198275836e+01
1.720465053408525335e+01 0.000000000000000000e+00 1.702938636592640265e+01 3.104834939252004844e+01 2.751363298439520833e+01 3.328663395418647752e+01 2.209072203437452231e+01 8.062257748298549132e+00 3.721558813185679071e+01 2.002498439450078749e+01 3.125699921617556853e+01 3.517101079013794873e+01 2.501999200639360765e+01 2.701851217221259205e+01 9.219544457292887074e+00 2.334523505985750447e+01 1.555634918610404505e+01 1.788854381999831844e+01 2.596150997149434048e+01 3.264965543462901820e+01 1.900000000000000000e+01 2.668332812825266842e+01 3.190611226708763226e+01 1.972308292331602075e+01 3.420526275297414287e+01 1.802775637731994607e+01 2.830194339616981125e+01 2.332380757938120297e+01
9.486832980505138124e+00 1.702938636592640265e+01 0.000000000000000000e+00 3.228002478313794654e+01 1.345362404707370985e+01 2.901723625709381693e+01 5.099019513592784492e+00 1.746424919657297892e+01 2.500000000000000000e+01 3.000000000000000000e+00 1.431782106327635340e+01 1.878829422805593552e+01 3.052867504494749440e+01 3.328663395418647752e+01 1.700000000000000000e+01 6.708203932499369415e+00 1.341640786499873883e+01 1.923538406167134340e+01 1.000000000000000000e+01 3.006659275674581622e+01 2.624880949681337583e+01 1.029563014098700080e+01 2.059126028197400160e+01 1.931320791582796659e+01 1.886796226411320632e+01 5.000000000000000000e+00 1.746424919657297892e+01 1.334166406412633421e+01
4.044749683231336945e+01 3.104834939252004844e+01 3.228002478313794654e+01 0.000000000000000000e+00 2.765863337187866122e+01 1.019803902718556898e+01 3.492849839314595783e+01 3.863935817272331263e+01 2.640075756488817049e+01 3.324154027718932269e+01 4.104875150354758517e+01 4.687216658103186262e+01 8.602325267042626677e+00 9.486832980505138124e+00 3.945883931389771959e+01 3.716180835212409050e+01 1.923538406167134340e+01 1.400000000000000000e+01 4.071854614300466579e+01 7.071067811865475505e+00 1.360147050873544394e+01 4.024922359499621649e+01 2.302172886644267535e+01 1.315294643796590535e+01 3.264965543462901820e+01 3.710795063055894616e+01 2.193171219946130890e+01 2.163330765278393741e+01
2.247220505424423109e+01 2.751363298439520833e+01 1.345362404707370985e+01 2.765863337187866122e+01 0.000000000000000000e+00 2.061552812808830382e+01 1.170469991071962568e+01 3.023243291566194912e+01 1.166190378969060149e+01 1.166190378969060149e+01 1.392838827718411920e+01 1.969771560359220786e+01 2.968164415931165934e+01 3.244996147917590434e+01 3.000000000000000000e+01 1.334166406412633421e+01 1.513274595042155646e+01 1.931320791582796659e+01 1.603121954188139853e+01 2.282542442102665348e+01 2.785677655436823841e+01 1.500000000000000000e+01 8.062257748298549132e+00 1.788854381999831844e+01 7.000000000000000000e+00 1.749285568453590045e+01 6.324555320336759046e+00 6.708203932499369415e+00
3.820994634908559817e+01 3.328663395418647752e+01 2.901723625709381693e+01 1.019803902718556898e+01 2.061552812808830382e+01 0.000000000000000000e+00 3.026549190084311292e+01 3.981205847478876336e+01 1.664331697709323876e+01 2.906888370749726747e+01 3.453983207834108526e+01 4.031128874149274566e+01 1.726267650163206824e+01 1.902629759044044633e+01 4.031128874149274566e+01 3.238826948140329165e+01 1.838477631085023489e+01 1.562049935181330795e+01 3.569313659514949677e+01 3.162277660168379523e+00 2.012461179749810825e+01 3.492849839314595783e+01 1.421267040355189515e+01 1.360147050873544394e+01 2.420743687382040932e+01 3.401470270338990076e+01 1.431782106327635340e+01 1.612451549659709826e+01
1.131370849898476116e+01 2.209072203437452231e+01 5.099019513592784492e+00 3.492849839314595783e+01 1.170469991071962568e+01 3.026549190084311292e+01 0.000000000000000000e+00 2.184032966784155505e+01 2.325940669922601600e+01 2.236067977499789805e+00 9.219544457292887074e+00 1.389244398944980396e+01 3.420526275297414287e+01 3.701351104664349378e+01 2.118962010041709121e+01 2.236067977499789805e+00 1.702938636592640265e+01 2.280350850198275836e+01 5.830951894845300743e+00 3.178049716414140846e+01 3.041381265149109936e+01 5.656854249492380582e+00 1.964688270438849926e+01 2.247220505424423109e+01 1.555634918610404505e+01 6.403124237432848531e+00 1.711724276862369010e+01 1.414213562373095101e+01
1.315294643796590535e+01 8.062257748298549132e+00 1.746424919657297892e+01 3.863935817272331263e+01 3.023243291566194912e+01 3.981205847478876336e+01 2.184032966784155505e+01 0.000000000000000000e+00 4.110960958218893069e+01 2.024845673131658685e+01 3.026549190084311292e+01 3.301514803843835466e+01 3.300000000000000000e+01 3.505709628591620941e+01 1.414213562373095145e+00 2.236067977499789805e+01 2.147091055358388800e+01 2.500000000000000000e+01 2.402082429892862692e+01 3.956008088970496317e+01 2.701851217221259205e+01 2.507987240796890660e+01 3.606937759374286401e+01 2.657066051117284644e+01 3.623534186398687496e+01 1.612451549659709826e+01 3.252691193458118590e+01 2.758622844826744469e+01
3.413209633175202384e+01 3.721558813185679071e+01 2.500000000000000000e+01 2.640075756488817049e+01 1.166190378969060149e+01 1.664331697709323876e+01 2.325940669922601600e+01 4.110960958218893069e+01 0.000000000000000000e+00 2.332380757938120297e+01 2.302172886644267535e+01 2.807133769523639799e+01 3.157530680769388809e+01 3.395585369269929288e+01 4.103656905736638549e+01 2.469817807045693669e+01 2.247220505424423109e+01 2.418677324489564739e+01 2.692582403567251959e+01 1.972308292331602075e+01 3.200000000000000000e+01 2.570992026436488231e+01 5.385164807134503739e+00 2.209072203437452231e+01 1.004987562112088995e+01 2.915475947422650194e+01 8.944271909999159220e+00 1.389244398944980396e+01
1.081665382639196871e+01 2.002498439450078749e+01 3.000000000000000000e+00 3.324154027718932269e+01 1.166190378969060149e+01 2.906888370749726747e+01 2.236067977499789805e+00 2.024845673131658685e+01 2.332380757938120297e+01 0.000000000000000000e+00 1.140175425099137918e+01 1.612451549659709826e+01 3.220248437620923454e+01 3.500000000000000000e+01 1.969771560359220786e+01 4.242640687119284770e+00 1.500000000000000000e+01 2.080865204668481283e+01 7.810249675906653977e+00 3.041381265149109936e+01 2.828427124746190202e+01 7.810249675906653977e+00 1.931320791582796659e+01 2.059126028197400160e+01 1.640121946685672683e+01 5.830951894845300743e+00 1.649242250247064234e+01 1.300000000000000000e+01
1.802775637731994607e+01 3.125699921617556853e+01 1.431782106327635340e+01 4.104875150354758517e+01 1.392838827718411920e+01 3.453983207834108526e+01 9.219544457292887074e+00 3.026549190084311292e+01 2.302172886644267535e+01 1.140175425099137918e+01 0.000000000000000000e+00 5.830951894845300743e+00 4.172529209005013229e+01 4.455333881989092504e+01 2.942787793912432193e+01 8.000000000000000000e+00 2.500000000000000000e+01 3.047950130825634218e+01 6.708203932499369415e+00 3.667424164178449786e+01 3.860051813123756403e+01 5.385164807134503739e+00 2.137755832643194864e+01 2.969848480983499428e+01 1.315294643796590535e+01 1.414213562373095101e+01 2.024845673131658685e+01 1.941648783894759944e+01
2.002498439450078749e+01 3.517101079013794873e+01 1.878829422805593552e+01 4.687216658103186262e+01 1.969771560359220786e+01 4.031128874149274566e+01 1.389244398944980396e+01 3.301514803843835466e+01 2.807133769523639799e+01 1.612451549659709826e+01 5.830951894845300743e+00 0.000000000000000000e+00 4.738143096192853676e+01 5.020956084253276686e+01 3.200000000000000000e+01 1.208304597359457233e+01 3.047950130825634218e+01 3.606937759374286401e+01 9.219544457292887074e+00 4.248529157249600274e+01 4.404543109109047805e+01 8.544003745317530374e+00 2.692582403567251959e+01 3.538361202590826338e+01 1.802775637731994607e+01 1.726267650163206824e+01 2.600000000000000000e+01 2.523885892824792521e+01
3.733630940518894192e+01 2.501999200639360765e+01 3.052867504494749440e+01 8.602325267042626677e+00 2.968164415931165934e+01 1.726267650163206824e+01 3.420526275297414287e+01 3.300000000000000000e+01 3.157530680769388809e+01 3.220248437620923454e+01 4.172529209005013229e+01 4.738143096192853676e+01 0.000000000000000000e+00 2.828427124746190291e+00 3.401470270338990076e+01 3.640054944640259293e+01 1.720465053408525335e+01 1.140175425099137918e+01 4.000000000000000000e+01 1.456021977856103611e+01 6.082762530298219339e+00 3.982461550347975532e+01 2.720294101747088789e+01 1.204159457879229578e+01 3.577708763999663688e+01 3.488552708502481892e+01 2.507987240796890660e+01 2.302172886644267535e+01
3.992492955535426091e+01 2.701851217221259205e+01 3.328663395418647752e+01 9.486832980505138124e+00 3.244996147917590434e+01 1.902629759044044633e+01 3.701351104664349378e+01 3.505709628591620941e+01 3.395585369269929288e+01 3.500000000000000000e+01 4.455333881989092504e+01 5.020956084253276686e+01 2.828427124746190291e+00 0.000000000000000000e+00 3.612478373637688378e+01 3.920459156782531807e+01 2.000000000000000000e+01 1.421267040355189515e+01 4.280186911806539030e+01 1.612451549659709826e+01 8.062257748298549132e+00 4.263801121065568367e+01 2.973213749463701205e+01 1.486606874731850603e+01 3.847076812334268681e+01 3.758989225842500304e+01 2.773084924772409465e+01 2.580697580112788003e+01
1.204159457879229578e+01 9.219544457292887074e+00 1.700000000000000000e+01 3.945883931389771959e+01 3.000000000000000000e+01 4.031128874149274566e+01 2.118962010041709121e+01 1.414213562373095145e+00 4.103656905736638549e+01 1.969771560359220786e+01 2.942787793912432193e+01 3.200000000000000000e+01 3.401470270338990076e+01 3.612478373637688378e+01 0.000000000000000000e+00 2.158703314492290204e+01 2.193171219946130890e+01 2.570992026436488231e+01 2.308679276123039159e+01 4.016217125604640614e+01 2.807133769523639799e+01 2.418677324489564739e+01 3.606937759374286401e+01 2.720294101747088789e+01 3.584689665786984136e+01 1.529705854077835525e+01 3.255764119219941222e+01 2.765863337187866122e+01
1.081665382639196871e+01 2.334523505985750447e+01 6.708203932499369415e+00 3.716180835212409050e+01 1.334166406412633421e+01 3.238826948140329165e+01 2.236067977499789805e+00 2.236067977499789805e+01 2.469817807045693669e+01 4.242640687119284770e+00 8.000000000000000000e+00 1.208304597359457233e+01 3.640054944640259293e+01 3.920459156782531807e+01 2.158703314492290204e+01 0.000000000000000000e+00 1.920937271229854559e+01 2.500000000000000000e+01 3.605551275463989125e+00 3.395585369269929288e+01 3.252691193458118590e+01 3.605551275463989125e+00 2.137755832643194864e+01 2.469817807045693669e+01 1.640121946685672683e+01 6.324555320336759046e+00 1.902629759044044633e+01 1.627882059609970611e+01
2.121320343559642652e+01 1.555634918610404505e+01 1.341640786499873883e+01 1.923538406167134340e+01 1.513274595042155646e+01 1.838477631085023489e+01 1.702938636592640265e+01 2.147091055358388800e+01 2.247220505424423109e+01 1.500000000000000000e+01 2.500000000000000000e+01 3.047950130825634218e+01 1.720465053408525335e+01 2.000000000000000000e+01 2.193171219946130890e+01 1.920937271229854559e+01 0.000000000000000000e+00 5.830951894845300743e+00 2.280350850198275836e+01 1.843908891458577415e+01 1.360147050873544394e+01 2.267156809750926882e+01 1.708800749063506075e+01 6.082762530298219339e+00 2.209072203437452231e+01 1.802775637731994607e+01 1.360147050873544394e+01 9.055385138137417300e+00
2.668332812825266842e+01 1.788854381999831844e+01 1.923538406167134340e+01 1.400000000000000000e+01 1.931320791582796659e+01 1.562049935181330795e+01 2.280350850198275836e+01 2.500000000000000000e+01 2.418677324489564739e+01 2.080865204668481283e+01 3.047950130825634218e+01 3.606937759374286401e+01 1.140175425099137918e+01 1.421267040355189515e+01 2.570992026436488231e+01 2.500000000000000000e+01 5.830951894845300743e+00 0.000000000000000000e+00 2.860069929215018192e+01 1.476482306023340030e+01 8.544003745317530374e+00 2.842534080710379030e+01 1.902629759044044633e+01 2.236067977499789805e+00 2.596150997149434048e+01 2.376972864800942631e+01 1.603121954188139853e+01 1.264911064067351809e+01
1.140175425099137918e+01 2.596150997149434048e+01 1.000000000000000000e+01 4.071854614300466579e+01 1.603121954188139853e+01 3.569313659514949677e+01 5.830951894845300743e+00 2.402082429892862692e+01 2.692582403567251959e+01 7.810249675906653977e+00 6.708203932499369415e+00 9.219544457292887074e+00 4.000000000000000000e+01 4.280186911806539030e+01 2.308679276123039159e+01 3.605551275463989125e+00 2.280350850198275836e+01 2.860069929215018192e+01 0.000000000000000000e+00 3.736308338453881106e+01 3.606937759374286401e+01 1.414213562373095145e+00 2.408318915758459156e+01 2.830194339616981125e+01 1.788854381999831844e+01 8.062257748298549132e+00 2.202271554554523902e+01 1.964688270438849926e+01
3.901281840626231912e+01 3.264965543462901820e+01 3.006659275674581622e+01 7.071067811865475505e+00 2.282542442102665348e+01 3.162277660168379523e+00 3.178049716414140846e+01 3.956008088970496317e+01 1.972308292331602075e+01 3.041381265149109936e+01 3.667424164178449786e+01 4.248529157249600274e+01 1.456021977856103611e+01 1.612451549659709826e+01 4.016217125604640614e+01 3.395585369269929288e+01 1.843908891458577415e+01 1.476482306023340030e+01 3.736308338453881106e+01 0.000000000000000000e+00 1.802775637731994607e+01 3.668787265568828104e+01 1.697056274847713908e+01 1.300000000000000000e+01 2.690724809414741969e+01 3.505709628591620941e+01 1.664331697709323876e+01 1.772004514666934938e+01
3.220248437620923454e+01 1.900000000000000000e+01 2.624880949681337583e+01 1.360147050873544394e+01 2.785677655436823841e+01 2.012461179749810825e+01 3.041381265149109936e+01 2.701851217221259205e+01 3.200000000000000000e+01 2.828427124746190202e+01 3.860051813123756403e+01 4.404543109109047805e+01 6.082762530298219339e+00 8.062257748298549132e+00 2.807133769523639799e+01 3.252691193458118590e+01 1.360147050873544394e+01 8.544003745317530374e+00 3.606937759374286401e+01 1.802775637731994607e+01 0.000000000000000000e+00 3.606937759374286401e+01 2.707397274136176790e+01 1.019803902718556898e+01 3.448187929913333249e+01 3.023243291566194912e+01 2.433105012119287736e+01 2.118962010041709121e+01
1.264911064067351809e+01 2.668332812825266842e+01 1.029563014098700080e+01 4.024922359499621649e+01 1.500000000000000000e+01 3.492849839314595783e+01 5.656854249492380582e+00 2.507987240796890660e+01 2.570992026436488231e+01 7.810249675906653977e+00 5.385164807134503739e+00 8.544003745317530374e+00 3.982461550347975532e+01 4.263801121065568367e+01 2.418677324489564739e+01 3.605551275463989125e+00 2.267156809750926882e+01 2.842534080710379030e+01 1.414213562373095145e+00 3.668787265568828104e+01 3.606937759374286401e+01 0.000000000000000000e+00 2.302172886644267535e+01 2.801785145224380003e+01 1.655294535724684835e+01 9.000000000000000000e+00 2.109502310972898798e+01 1.897366596101027625e+01
2.996664812754339380e+01 3.190611226708763226e+01 2.059126028197400160e+01 2.302172886644267535e+01 8.062257748298549132e+00 1.421267040355189515e+01 1.964688270438849926e+01 3.606937759374286401e+01 5.385164807134503739e+00 1.931320791582796659e+01 2.137755832643194864e+01 2.692582403567251959e+01 2.720294101747088789e+01 2.973213749463701205e+01 3.606937759374286401e+01 2.137755832643194864e+01 1.708800749063506075e+01 1.902629759044044633e+01 2.408318915758459156e+01 1.697056274847713908e+01 2.707397274136176790e+01 2.302172886644267535e+01 0.000000000000000000e+00 1.700000000000000000e+01 1.000000000000000000e+01 2.507987240796890660e+01 3.605551275463989125e+00 8.602325267042626677e+00
2.729468812791236232e+01 1.972308292331602075e+01 1.931320791582796659e+01 1.315294643796590535e+01 1.788854381999831844e+01 1.360147050873544394e+01 2.247220505424423109e+01 2.657066051117284644e+01 2.209072203437452231e+01 2.059126028197400160e+01 2.969848480983499428e+01 3.538361202590826338e+01 1.204159457879229578e+01 1.486606874731850603e+01 2.720294101747088789e+01 2.469817807045693669e+01 6.082762530298219339e+00 2.236067977499789805e+00 2.830194339616981125e+01 1.300000000000000000e+01 1.019803902718556898e+01 2.801785145224380003e+01 1.700000000000000000e+01 0.000000000000000000e+00 2.435159132377184221e+01 2.404163056034261459e+01 1.414213562373095101e+01 1.118033988749894903e+01
2.687005768508880621e+01 3.420526275297414287e+01 1.886796226411320632e+01 3.264965543462901820e+01 7.000000000000000000e+00 2.420743687382040932e+01 1.555634918610404505e+01 3.623534186398687496e+01 1.004987562112088995e+01 1.640121946685672683e+01 1.315294643796590535e+01 1.802775637731994607e+01 3.577708763999663688e+01 3.847076812334268681e+01 3.584689665786984136e+01 1.640121946685672683e+01 2.209072203437452231e+01 2.596150997149434048e+01 1.788854381999831844e+01 2.690724809414741969e+01 3.448187929913333249e+01 1.655294535724684835e+01 1.000000000000000000e+01 2.435159132377184221e+01 0.000000000000000000e+00 2.193171219946130890e+01 1.081665382639196871e+01 1.334166406412633421e+01
5.000000000000000000e+00 1.802775637731994607e+01 5.000000000000000000e+00 3.710795063055894616e+01 1.749285568453590045e+01 3.401470270338990076e+01 6.403124237432848531e+00 1.612451549659709826e+01 2.915475947422650194e+01 5.830951894845300743e+00 1.414213562373095101e+01 1.726267650163206824e+01 3.488552708502481892e+01 3.758989225842500304e+01 1.529705854077835525e+01 6.324555320336759046e+00 1.802775637731994607e+01 2.376972864800942631e+01 8.062257748298549132e+00 3.505709628591620941e+01 3.023243291566194912e+01 9.000000000000000000e+00 2.507987240796890660e+01 2.404163056034261459e+01 2.193171219946130890e+01 0.000000000000000000e+00 2.213594362117865444e+01 1.824828759089465890e+01
2.692582403567251959e+01 2.830194339616981125e+01 1.746424919657297892e+01 2.193171219946130890e+01 6.324555320336759046e+00 1.431782106327635340e+01 1.711724276862369010e+01 3.252691193458118590e+01 8.944271909999159220e+00 1.649242250247064234e+01 2.024845673131658685e+01 2.600000000000000000e+01 2.507987240796890660e+01 2.773084924772409465e+01 3.255764119219941222e+01 1.902629759044044633e+01 1.360147050873544394e+01 1.603121954188139853e+01 2.202271554554523902e+01 1.664331697709323876e+01 2.433105012119287736e+01 2.109502310972898798e+01 3.605551275463989125e+00 1.414213562373095101e+01 1.081665382639196871e+01 2.213594362117865444e+01 0.000000000000000000e+00 5.000000000000000000e+00
2.280350850198275836e+01 2.332380757938120297e+01 1.334166406412633421e+01 2.163330765278393741e+01 6.708203932499369415e+00 1.612451549659709826e+01 1.414213562373095101e+01 2.758622844826744469e+01 1.389244398944980396e+01 1.300000000000000000e+01 1.941648783894759944e+01 2.523885892824792521e+01 2.302172886644267535e+01 2.580697580112788003e+01 2.765863337187866122e+01 1.627882059609970611e+01 9.055385138137417300e+00 1.264911064067351809e+01 1.964688270438849926e+01 1.772004514666934938e+01 2.118962010041709121e+01 1.897366596101027625e+01 8.602325267042626677e+00 1.118033988749894903e+01 1.334166406412633421e+01 1.824828759089465890e+01 5.000000000000000000e+00 0.000000000000000000e+00
