0.000000000000000000e+00 4.242640687119284770e+00 1.104536101718726115e+01 1.220655561573370207e+01 9.219544457292887074e+00 2.469817807045693669e+01 1.252996408614166768e+01 2.402082429892862692e+01 7.000000000000000000e+00 2.360084744241189370e+01 1.029563014098700080e+01 2.927456233660889495e+01 1.303840481040529831e+01 2.080865204668481283e+01 1.104536101718726115e+01 2.828427124746190291e+00 1.503329637837290811e+01 1.280624847486569706e+01 2.282542442102665348e+01 2.404163056034261459e+01 4.472135954999579610e+00 1.300000000000000000e+01 8.485281374238569541e+00 2.906888370749726747e+01
4.242640687119284770e+00 0.000000000000000000e+00 1.456021977856103611e+01 1.360147050873544394e+01 1.044030650891055068e+01 2.863564212655270680e+01 1.664331697709323876e+01 2.729468812791236232e+01 1.044030650891055068e+01 2.780287754891568852e+01 6.324555320336759046e+00 3.275667870831839679e+01 1.649242250247064234e+01 2.500000000000000000e+01 8.246211251235321171e+00 5.099019513592784492e+00 1.843908891458577415e+01 1.702938636592640265e+01 2.692582403567251959e+01 2.630589287593181069e+01 5.099019513592784492e+00 1.513274595042155646e+01 9.486832980505138124e+00 3.201562118716424266e+01
1.104536101718726115e+01 1.456021977856103611e+01 0.000000000000000000e+00 8.062257748298549132e+00 8.062257748298549132e+00 1.442220510185595650e+01 5.000000000000000000e+00 1.300000000000000000e+01 4.123105625617660586e+00 1.526433752247374720e+01 1.886796226411320632e+01 1.824828759089465890e+01 2.000000000000000000e+00 1.603121954188139853e+01 1.697056274847713908e+01 9.486832980505138124e+00 1.720465053408525335e+01 7.071067811865475505e+00 1.345362404707370985e+01 1.442220510185595650e+01 1.029563014098700080e+01 1.941648783894759944e+01 1.772004514666934938e+01 1.824828759089465890e+01
1.220655561573370207e+01 1.360147050873544394e+01 8.062257748298549132e+00 0.000000000000000000e+00 3.162277660168379523e+00 2.061552812808830382e+01 1.303840481040529831e+01 1.612451549659709826e+01 7.615773105863908654e+00 2.284731931759172596e+01 1.513274595042155646e+01 2.195449840010014952e+01 8.544003745317530374e+00 2.408318915758459156e+01 1.170469991071962568e+01 9.433981132056603158e+00 2.376972864800942631e+01 1.500000000000000000e+01 2.059126028197400160e+01 1.300000000000000000e+01 8.544003745317530374e+00 2.420743687382040932e+01 2.061552812808830382e+01 1.964688270438849926e+01
9.219544457292887074e+00 1.044030650891055068e+01 8.062257748298549132e+00 3.162277660168379523e+00 0.000000000000000000e+00 2.193171219946130890e+01 1.264911064067351809e+01 1.838477631085023489e+01 6.000000000000000000e+00 2.332380757938120297e+01 1.236931687685298087e+01 2.416609194718914466e+01 9.219544457292887074e+00 2.353720459187963954e+01 9.433981132056603158e+00 6.403124237432848531e+00 2.184032966784155505e+01 1.431782106327635340e+01 2.140093455903269515e+01 1.603121954188139853e+01 5.385164807134503739e+00 2.163330765278393741e+01 1.769180601295413169e+01 2.236067977499789805e+01
2.469817807045693669e+01 2.863564212655270680e+01 1.442220510185595650e+01 2.061552812808830382e+01 2.193171219946130890e+01 0.000000000000000000e+00 1.236931687685298087e+01 8.062257748298549132e+00 1.835755975068581947e+01 6.403124237432848531e+00 3.328663395418647752e+01 7.810249675906653977e+00 1.280624847486569706e+01 1.360147050873544394e+01 3.124099870362661591e+01 2.370653918225939449e+01 2.280350850198275836e+01 1.303840481040529831e+01 3.605551275463989125e+00 1.600000000000000000e+01 2.469817807045693669e+01 2.816025568065744622e+01 2.915475947422650194e+01 1.252996408614166768e+01
1.252996408614166768e+01 1.664331697709323876e+01 5.000000000000000000e+00 1.303840481040529831e+01 1.264911064067351809e+01 1.236931687685298087e+01 0.000000000000000000e+00 1.392838827718411920e+01 7.211102550927978250e+00 1.131370849898476116e+01 2.193171219946130890e+01 1.811077027627483460e+01 5.385164807134503739e+00 1.104536101718726115e+01 2.080865204668481283e+01 1.204159457879229578e+01 1.345362404707370985e+01 2.236067977499789805e+00 1.029563014098700080e+01 1.769180601295413169e+01 1.345362404707370985e+01 1.708800749063506075e+01 1.700000000000000000e+01 1.969771560359220786e+01
2.402082429892862692e+01 2.729468812791236232e+01 1.300000000000000000e+01 1.612451549659709826e+01 1.838477631085023489e+01 8.062257748298549132e+00 1.392838827718411920e+01 0.000000000000000000e+00 1.702938636592640265e+01 1.392838827718411920e+01 3.067572330035593353e+01 5.830951894845300743e+00 1.100000000000000000e+01 2.000000000000000000e+01 2.773084924772409465e+01 2.220360331117451835e+01 2.692582403567251959e+01 1.565247584249852864e+01 1.077032961426900748e+01 8.062257748298549132e+00 2.256102834535695578e+01 3.101612483854164637e+01 3.041381265149109936e+01 5.830951894845300743e+00
7.000000000000000000e+00 1.044030650891055068e+01 4.123105625617660586e+00 7.615773105863908654e+00 6.000000000000000000e+00 1.835755975068581947e+01 7.211102550927978250e+00 1.702938636592640265e+01 0.000000000000000000e+00 1.843908891458577415e+01 1.500000000000000000e+01 2.236067977499789805e+01 6.082762530298219339e+00 1.772004514666934938e+01 1.360147050873544394e+01 5.385164807134503739e+00 1.615549442140351033e+01 8.544003745317530374e+00 1.702938636592640265e+01 1.746424919657297892e+01 6.403124237432848531e+00 1.697056274847713908e+01 1.431782106327635340e+01 2.209072203437452231e+01
2.360084744241189370e+01 2.780287754891568852e+01 1.526433752247374720e+01 2.284731931759172596e+01 2.332380757938120297e+01 6.403124237432848531e+00 1.131370849898476116e+01 1.392838827718411920e+01 1.843908891458577415e+01 0.000000000000000000e+00 3.324154027718932269e+01 1.414213562373095101e+01 1.431782106327635340e+01 7.615773105863908654e+00 3.201562118716424266e+01 2.334523505985750447e+01 1.802775637731994607e+01 1.081665382639196871e+01 3.162277660168379523e+00 2.137755832643194864e+01 2.475883680627989492e+01 2.408318915758459156e+01 2.624880949681337583e+01 1.886796226411320632e+01
1.029563014098700080e+01 6.324555320336759046e+00 1.886796226411320632e+01 1.513274595042155646e+01 1.236931687685298087e+01 3.328663395418647752e+01 2.193171219946130890e+01 3.067572330035593353e+01 1.500000000000000000e+01 3.324154027718932269e+01 0.000000000000000000e+00 3.640054944640259293e+01 2.059126028197400160e+01 3.106444913401813324e+01 4.472135954999579610e+00 9.899494936611665352e+00 2.473863375370596174e+01 2.267156809750926882e+01 3.201562118716424266e+01 2.807133769523639799e+01 8.602325267042626677e+00 2.100000000000000000e+01 1.503329637837290811e+01 3.471310991541956525e+01
2.927456233660889495e+01 3.275667870831839679e+01 1.824828759089465890e+01 2.195449840010014952e+01 2.416609194718914466e+01 7.810249675906653977e+00 1.811077027627483460e+01 5.830951894845300743e+00 2.236067977499789805e+01 1.414213562373095101e+01 3.640054944640259293e+01 0.000000000000000000e+00 1.627882059609970611e+01 2.140093455903269515e+01 3.354101966249684352e+01 2.765863337187866122e+01 3.008321791298264714e+01 1.941648783894759944e+01 1.140175425099137918e+01 1.252996408614166768e+01 2.816025568065744622e+01 3.492849839314595783e+01 3.505709628591620941e+01 6.000000000000000000e+00
1.303840481040529831e+01 1.649242250247064234e+01 2.000000000000000000e+00 8.544003745317530374e+00 9.219544457292887074e+00 1.280624847486569706e+01 5.385164807134503739e+00 1.100000000000000000e+01 6.082762530298219339e+00 1.431782106327635340e+01 2.059126028197400160e+01 1.627882059609970611e+01 0.000000000000000000e+00 1.603121954188139853e+01 1.843908891458577415e+01 1.140175425099137918e+01 1.843908891458577415e+01 7.615773105863908654e+00 1.220655561573370207e+01 1.280624847486569706e+01 1.208304597359457233e+01 2.109502310972898798e+01 1.964688270438849926e+01 1.627882059609970611e+01
2.080865204668481283e+01 2.500000000000000000e+01 1.603121954188139853e+01 2.408318915758459156e+01 2.353720459187963954e+01 1.360147050873544394e+01 1.104536101718726115e+01 2.000000000000000000e+01 1.772004514666934938e+01 7.615773105863908654e+00 3.106444913401813324e+01 2.140093455903269515e+01 1.603121954188139853e+01 0.000000000000000000e+00 3.087069808086626210e+01 2.147091055358388800e+01 1.118033988749894903e+01 9.219544457292887074e+00 1.000000000000000000e+01 2.640075756488817049e+01 2.325940669922601600e+01 1.772004514666934938e+01 2.109502310972898798e+01 2.549509756796392423e+01
1.104536101718726115e+01 8.246211251235321171e+00 1.697056274847713908e+01 1.170469991071962568e+01 9.433981132056603158e+00 3.124099870362661591e+01 2.080865204668481283e+01 2.773084924772409465e+01 1.360147050873544394e+01 3.201562118716424266e+01 4.472135954999579610e+00 3.354101966249684352e+01 1.843908891458577415e+01 3.087069808086626210e+01 0.000000000000000000e+00 9.486832980505138124e+00 2.607680962081059661e+01 2.195449840010014952e+01 3.041381265149109936e+01 2.433105012119287736e+01 7.615773105863908654e+00 2.334523505985750447e+01 1.772004514666934938e+01 3.132091952673165025e+01
2.828427124746190291e+00 5.099019513592784492e+00 9.486832980505138124e+00 9.433981132056603158e+00 6.403124237432848531e+00 2.370653918225939449e+01 1.204159457879229578e+01 2.220360331117451835e+01 5.385164807134503739e+00 2.334523505985750447e+01 9.899494936611665352e+00 2.765863337187866122e+01 1.140175425099137918e+01 2.147091055358388800e+01 9.486832980505138124e+00 0.000000000000000000e+00 1.702938636592640265e+01 1.280624847486569706e+01 2.220360331117451835e+01 2.158703314492290204e+01 2.000000000000000000e+00 1.565247584249852864e+01 1.131370849898476116e+01 2.700000000000000000e+01
1.503329637837290811e+01 1.843908891458577415e+01 1.720465053408525335e+01 2.376972864800942631e+01 2.184032966784155505e+01 2.280350850198275836e+01 1.345362404707370985e+01 2.692582403567251959e+01 1.615549442140351033e+01 1.802775637731994607e+01 2.473863375370596174e+01 3.008321791298264714e+01 1.843908891458577415e+01 1.118033988749894903e+01 2.607680962081059661e+01 1.702938636592640265e+01 0.000000000000000000e+00 1.140175425099137918e+01 1.941648783894759944e+01 3.111269837220809009e+01 1.902629759044044633e+01 6.708203932499369415e+00 1.140175425099137918e+01 3.275667870831839679e+01
1.280624847486569706e+01 1.702938636592640265e+01 7.071067811865475505e+00 1.500000000000000000e+01 1.431782106327635340e+01 1.303840481040529831e+01 2.236067977499789805e+00 1.565247584249852864e+01 8.544003745317530374e+00 1.081665382639196871e+01 2.267156809750926882e+01 1.941648783894759944e+01 7.615773105863908654e+00 9.219544457292887074e+00 2.195449840010014952e+01 1.280624847486569706e+01 1.140175425099137918e+01 0.000000000000000000e+00 1.044030650891055068e+01 1.984943324127920761e+01 1.442220510185595650e+01 1.552417469626002422e+01 1.612451549659709826e+01 2.147091055358388800e+01
2.282542442102665348e+01 2.692582403567251959e+01 1.345362404707370985e+01 2.059126028197400160e+01 2.140093455903269515e+01 3.605551275463989125e+00 1.029563014098700080e+01 1.077032961426900748e+01 1.702938636592640265e+01 3.162277660168379523e+00 3.201562118716424266e+01 1.140175425099137918e+01 1.220655561573370207e+01 1.000000000000000000e+01 3.041381265149109936e+01 2.220360331117451835e+01 1.941648783894759944e+01 1.044030650891055068e+01 0.000000000000000000e+00 1.824828759089465890e+01 2.343074902771996193e+01 2.501999200639360765e+01 2.647640458974745314e+01 1.581138830084189628e+01
2.404163056034261459e+01 2.630589287593181069e+01 1.442220510185595650e+01 1.300000000000000000e+01 1.603121954188139853e+01 1.600000000000000000e+01 1.769180601295413169e+01 8.062257748298549132e+00 1.746424919657297892e+01 2.137755832643194864e+01 2.807133769523639799e+01 1.252996408614166768e+01 1.280624847486569706e+01 2.640075756488817049e+01 2.433105012119287736e+01 2.158703314492290204e+01 3.111269837220809009e+01 1.984943324127920761e+01 1.824828759089465890e+01 0.000000000000000000e+00 2.121320343559642652e+01 3.383784863137726262e+01 3.178049716414140846e+01 7.810249675906653977e+00
4.472135954999579610e+00 5.099019513592784492e+00 1.029563014098700080e+01 8.544003745317530374e+00 5.385164807134503739e+00 2.469817807045693669e+01 1.345362404707370985e+01 2.256102834535695578e+01 6.403124237432848531e+00 2.475883680627989492e+01 8.602325267042626677e+00 2.816025568065744622e+01 1.208304597359457233e+01 2.325940669922601600e+01 7.615773105863908654e+00 2.000000000000000000e+00 1.902629759044044633e+01 1.442220510185595650e+01 2.343074902771996193e+01 2.121320343559642652e+01 0.000000000000000000e+00 1.746424919657297892e+01 1.280624847486569706e+01 2.707397274136176790e+01
1.300000000000000000e+01 1.513274595042155646e+01 1.941648783894759944e+01 2.420743687382040932e+01 2.163330765278393741e+01 2.816025568065744622e+01 1.708800749063506075e+01 3.101612483854164637e+01 1.697056274847713908e+01 2.408318915758459156e+01 2.100000000000000000e+01 3.492849839314595783e+01 2.109502310972898798e+01 1.772004514666934938e+01 2.334523505985750447e+01 1.565247584249852864e+01 6.708203932499369415e+00 1.552417469626002422e+01 2.501999200639360765e+01 3.383784863137726262e+01 1.746424919657297892e+01 0.000000000000000000e+00 6.082762530298219339e+00 3.676955262170046979e+01
8.485281374238569541e+00 9.486832980505138124e+00 1.772004514666934938e+01 2.061552812808830382e+01 1.769180601295413169e+01 2.915475947422650194e+01 1.700000000000000000e+01 3.041381265149109936e+01 1.431782106327635340e+01 2.624880949681337583e+01 1.503329637837290811e+01 3.505709628591620941e+01 1.964688270438849926e+01 2.109502310972898798e+01 1.772004514666934938e+01 1.131370849898476116e+01 1.140175425099137918e+01 1.612451549659709826e+01 2.647640458974745314e+01 3.178049716414140846e+01 1.280624847486569706e+01 6.082762530298219339e+00 0.000000000000000000e+00 3.590264614203248072e+01
2.906888370749726747e+01 3.201562118716424266e+01 1.824828759089465890e+01 1.964688270438849926e+01 2.236067977499789805e+01 1.252996408614166768e+01 1.969771560359220786e+01 5.830951894845300743e+00 2.209072203437452231e+01 1.886796226411320632e+01 3.471310991541956525e+01 6.000000000000000000e+00 1.627882059609970611e+01 2.549509756796392423e+01 3.132091952673165025e+01 2.700000000000000000e+01 3.275667870831839679e+01 2.147091055358388800e+01 1.581138830084189628e+01 7.810249675906653977e+00 2.707397274136176790e+01 3.676955262170046979e+01 3.590264614203248072e+01 0.000000000000000000e+00
