0.000000000000000000e+00 1.081665382639196871e+01 1.019803902718556898e+01 1.711724276862369010e+01 5.385164807134503739e+00 1.004987562112088995e+01 3.361547262794321966e+01 2.459674775249768786e+01 3.298484500494128469e+01 1.392838827718411920e+01 1.236931687685298087e+01 2.334523505985750447e+01 4.373785545725807822e+01 1.529705854077835525e+01 3.785498646149540036e+01 2.213594362117865444e+01 3.337663853655727308e+01 3.420526275297414287e+01 2.531797780234432693e+01 3.413209633175202384e+01 3.584689665786984136e+01 1.612451549659709826e+01 1.063014581273464998e+01 3.801315561749642313e+01
1.081665382639196871e+01 0.000000000000000000e+00 1.746424919657297892e+01 2.404163056034261459e+01 8.944271909999159220e+00 1.886796226411320632e+01 2.308679276123039159e+01 1.392838827718411920e+01 2.692582403567251959e+01 1.941648783894759944e+01 2.163330765278393741e+01 1.414213562373095101e+01 3.405877273185280529e+01 2.418677324489564739e+01 3.130495168499705727e+01 1.769180601295413169e+01 2.402082429892862692e+01 2.830194339616981125e+01 1.612451549659709826e+01 2.332380757938120297e+01 3.124099870362661591e+01 8.062257748298549132e+00 2.828427124746190291e+00 2.983286778035259701e+01
1.019803902718556898e+01 1.746424919657297892e+01 0.000000000000000000e+00 7.000000000000000000e+00 8.544003745317530374e+00 3.000000000000000000e+00 3.701351104664349378e+01 2.900000000000000000e+01 3.006659275674581622e+01 4.242640687119284770e+00 5.385164807134503739e+00 2.523885892824792521e+01 4.477722635447621968e+01 7.071067811865475505e+00 3.505709628591620941e+01 1.923538406167134340e+01 3.443835071544512516e+01 3.101612483854164637e+01 2.692582403567251959e+01 3.889730067755344578e+01 3.125699921617556853e+01 2.473863375370596174e+01 1.868154169226940553e+01 3.710795063055894616e+01
1.711724276862369010e+01 2.404163056034261459e+01 7.000000000000000000e+00 0.000000000000000000e+00 1.529705854077835525e+01 7.615773105863908654e+00 4.172529209005013229e+01 3.440930106817050671e+01 3.132091952673165025e+01 5.000000000000000000e+00 7.071067811865475505e+00 2.969848480983499428e+01 4.802082881417187821e+01 5.385164807134503739e+00 3.613862199918530393e+01 2.147091055358388800e+01 3.801315561749642313e+01 3.201562118716424266e+01 3.114482300479487265e+01 4.420407221060068537e+01 3.114482300479487265e+01 3.157530680769388809e+01 2.549509756796392423e+01 3.939543120718441571e+01
5.385164807134503739e+00 8.944271909999159220e+00 8.544003745317530374e+00 1.529705854077835525e+01 0.000000000000000000e+00 1.000000000000000000e+01 3.001666203960726875e+01 2.140093455903269515e+01 2.765863337187866122e+01 1.100000000000000000e+01 1.280624847486569706e+01 1.897366596101027625e+01 3.929376540877699853e+01 1.526433752247374720e+01 3.255764119219941222e+01 1.676305461424021104e+01 2.886173937932362321e+01 2.886173937932362321e+01 2.088061301782110135e+01 3.124099870362661591e+01 3.046309242345563462e+01 1.627882059609970611e+01 1.019803902718556898e+01 3.301514803843835466e+01
1.004987562112088995e+01 1.886796226411320632e+01 3.000000000000000000e+00 7.615773105863908654e+00 1.000000000000000000e+01 0.000000000000000000e+00 3.940812099047606409e+01 3.114482300479487265e+01 3.306055050963308162e+01 6.708203932499369415e+00 2.828427124746190291e+00 2.778488797889960793e+01 4.753945729601885262e+01 5.385164807134503739e+00 3.805259518088089266e+01 2.220360331117451835e+01 3.716180835212409050e+01 3.401470270338990076e+01 2.952964612046680060e+01 4.103656905736638549e+01 3.423448553724738019e+01 2.563201123595259290e+01 1.969771560359220786e+01 4.002499219237900263e+01
3.361547262794321966e+01 2.308679276123039159e+01 3.701351104664349378e+01 4.172529209005013229e+01 3.001666203960726875e+01 3.940812099047606409e+01 0.000000000000000000e+00 9.219544457292887074e+00 2.102379604162863913e+01 3.676955262170046979e+01 4.220189569201838253e+01 1.204159457879229578e+01 1.300000000000000000e+01 4.404543109109047805e+01 2.184032966784155505e+01 2.236067977499789805e+01 8.246211251235321171e+00 2.209072203437452231e+01 1.081665382639196871e+01 5.385164807134503739e+00 2.707397274136176790e+01 2.302172886644267535e+01 2.451530134426252516e+01 1.565247584249852864e+01
2.459674775249768786e+01 1.392838827718411920e+01 2.900000000000000000e+01 3.440930106817050671e+01 2.140093455903269515e+01 3.114482300479487265e+01 9.219544457292887074e+00 0.000000000000000000e+00 2.147091055358388800e+01 2.941088233970548416e+01 3.397057550292606010e+01 7.071067811865475505e+00 2.121320343559642652e+01 3.606937759374286401e+01 2.420743687382040932e+01 1.802775637731994607e+01 1.252996408614166768e+01 2.282542442102665348e+01 7.615773105863908654e+00 9.899494936611665352e+00 2.731300056749532601e+01 1.431782106327635340e+01 1.529705854077835525e+01 2.000000000000000000e+01
3.298484500494128469e+01 2.692582403567251959e+01 3.006659275674581622e+01 3.132091952673165025e+01 2.765863337187866122e+01 3.306055050963308162e+01 2.102379604162863913e+01 2.147091055358388800e+01 0.000000000000000000e+00 2.745906043549196340e+01 3.522782990761707111e+01 1.500000000000000000e+01 1.941648783894759944e+01 3.569313659514949677e+01 5.000000000000000000e+00 1.104536101718726115e+01 1.303840481040529831e+01 1.414213562373095145e+00 1.389244398944980396e+01 2.617250465660480074e+01 6.082762530298219339e+00 3.255764119219941222e+01 2.968164415931165934e+01 9.219544457292887074e+00
1.392838827718411920e+01 1.941648783894759944e+01 4.242640687119284770e+00 5.000000000000000000e+00 1.100000000000000000e+01 6.708203932499369415e+00 3.676955262170046979e+01 2.941088233970548416e+01 2.745906043549196340e+01 0.000000000000000000e+00 8.062257748298549132e+00 2.475883680627989492e+01 4.341658669218482203e+01 8.246211251235321171e+00 3.238826948140329165e+01 1.708800749063506075e+01 3.328663395418647752e+01 2.828427124746190202e+01 2.624880949681337583e+01 3.920459156782531807e+01 2.801785145224380003e+01 2.716615541441224835e+01 2.109502310972898798e+01 3.511409973215887703e+01
1.236931687685298087e+01 2.163330765278393741e+01 5.385164807134503739e+00 7.071067811865475505e+00 1.280624847486569706e+01 2.828427124746190291e+00 4.220189569201838253e+01 3.397057550292606010e+01 3.522782990761707111e+01 8.062257748298549132e+00 0.000000000000000000e+00 3.052867504494749440e+01 5.015974481593781320e+01 3.000000000000000000e+00 4.019950248448355978e+01 2.451530134426252516e+01 3.981205847478876336e+01 3.612478373637688378e+01 3.224903099319419653e+01 4.386342439892261780e+01 3.605551275463989214e+01 2.823118842698620767e+01 2.236067977499789805e+01 4.244997055358224713e+01
2.334523505985750447e+01 1.414213562373095101e+01 2.523885892824792521e+01 2.969848480983499428e+01 1.897366596101027625e+01 2.778488797889960793e+01 1.204159457879229578e+01 7.071067811865475505e+00 1.500000000000000000e+01 2.475883680627989492e+01 3.052867504494749440e+01 0.000000000000000000e+00 2.039607805437113797e+01 3.220248437620923454e+01 1.843908891458577415e+01 1.118033988749894903e+01 1.004987562112088995e+01 1.640121946685672683e+01 2.000000000000000000e+00 1.523154621172781731e+01 2.059126028197400160e+01 1.802775637731994607e+01 1.649242250247064234e+01 1.581138830084189628e+01
4.373785545725807822e+01 3.405877273185280529e+01 4.477722635447621968e+01 4.802082881417187821e+01 3.929376540877699853e+01 4.753945729601885262e+01 1.300000000000000000e+01 2.121320343559642652e+01 1.941648783894759944e+01 4.341658669218482203e+01 5.015974481593781320e+01 2.039607805437113797e+01 0.000000000000000000e+00 5.142956348249516196e+01 1.708800749063506075e+01 2.662705391138869615e+01 1.044030650891055068e+01 1.972308292331602075e+01 1.843908891458577415e+01 1.720465053408525335e+01 2.416609194718914466e+01 3.551056180912940619e+01 3.600000000000000000e+01 1.029563014098700080e+01
1.529705854077835525e+01 2.418677324489564739e+01 7.071067811865475505e+00 5.385164807134503739e+00 1.526433752247374720e+01 5.385164807134503739e+00 4.404543109109047805e+01 3.606937759374286401e+01 3.569313659514949677e+01 8.246211251235321171e+00 3.000000000000000000e+00 3.220248437620923454e+01 5.142956348249516196e+01 0.000000000000000000e+00 4.060788100849390503e+01 2.529822128134703618e+01 4.118252056394800320e+01 3.649657518178931781e+01 3.383784863137726262e+01 4.596737973824481571e+01 3.601388621073821383e+01 3.101612483854164637e+01 2.507987240796890660e+01 4.332435804486893716e+01
3.785498646149540036e+01 3.130495168499705727e+01 3.505709628591620941e+01 3.613862199918530393e+01 3.255764119219941222e+01 3.805259518088089266e+01 2.184032966784155505e+01 2.420743687382040932e+01 5.000000000000000000e+00 3.238826948140329165e+01 4.019950248448355978e+01 1.843908891458577415e+01 1.708800749063506075e+01 4.060788100849390503e+01 0.000000000000000000e+00 1.603121954188139853e+01 1.360147050873544394e+01 4.123105625617660586e+00 1.697056274847713908e+01 2.720294101747088789e+01 7.211102550927978250e+00 3.640054944640259293e+01 3.400000000000000000e+01 7.071067811865475505e+00
2.213594362117865444e+01 1.769180601295413169e+01 1.923538406167134340e+01 2.147091055358388800e+01 1.676305461424021104e+01 2.220360331117451835e+01 2.236067977499789805e+01 1.802775637731994607e+01 1.104536101718726115e+01 1.708800749063506075e+01 2.451530134426252516e+01 1.118033988749894903e+01 2.662705391138869615e+01 2.529822128134703618e+01 1.603121954188139853e+01 0.000000000000000000e+00 1.697056274847713908e+01 1.216552506059643868e+01 1.170469991071962568e+01 2.624880949681337583e+01 1.389244398944980396e+01 2.469817807045693669e+01 2.051828452868319275e+01 1.802775637731994607e+01
3.337663853655727308e+01 2.402082429892862692e+01 3.443835071544512516e+01 3.801315561749642313e+01 2.886173937932362321e+01 3.716180835212409050e+01 8.246211251235321171e+00 1.252996408614166768e+01 1.303840481040529831e+01 3.328663395418647752e+01 3.981205847478876336e+01 1.004987562112088995e+01 1.044030650891055068e+01 4.118252056394800320e+01 1.360147050873544394e+01 1.697056274847713908e+01 0.000000000000000000e+00 1.400000000000000000e+01 8.062257748298549132e+00 1.360147050873544394e+01 1.900000000000000000e+01 2.657066051117284644e+01 2.617250465660480074e+01 7.810249675906653977e+00
3.420526275297414287e+01 2.830194339616981125e+01 3.101612483854164637e+01 3.201562118716424266e+01 2.886173937932362321e+01 3.401470270338990076e+01 2.209072203437452231e+01 2.282542442102665348e+01 1.414213562373095145e+00 2.828427124746190202e+01 3.612478373637688378e+01 1.640121946685672683e+01 1.972308292331602075e+01 3.649657518178931781e+01 4.123105625617660586e+00 1.216552506059643868e+01 1.400000000000000000e+01 0.000000000000000000e+00 1.526433752247374720e+01 2.729468812791236232e+01 5.000000000000000000e+00 3.397057550292606010e+01 3.106444913401813324e+01 9.433981132056603158e+00
2.531797780234432693e+01 1.612451549659709826e+01 2.692582403567251959e+01 3.114482300479487265e+01 2.088061301782110135e+01 2.952964612046680060e+01 1.081665382639196871e+01 7.615773105863908654e+00 1.389244398944980396e+01 2.624880949681337583e+01 3.224903099319419653e+01 2.000000000000000000e+00 1.843908891458577415e+01 3.383784863137726262e+01 1.697056274847713908e+01 1.170469991071962568e+01 8.062257748298549132e+00 1.526433752247374720e+01 0.000000000000000000e+00 1.456021977856103611e+01 1.969771560359220786e+01 1.972308292331602075e+01 1.843908891458577415e+01 1.392838827718411920e+01
3.413209633175202384e+01 2.332380757938120297e+01 3.889730067755344578e+01 4.420407221060068537e+01 3.124099870362661591e+01 4.103656905736638549e+01 5.385164807134503739e+00 9.899494936611665352e+00 2.617250465660480074e+01 3.920459156782531807e+01 4.386342439892261780e+01 1.523154621172781731e+01 1.720465053408525335e+01 4.596737973824481571e+01 2.720294101747088789e+01 2.624880949681337583e+01 1.360147050873544394e+01 2.729468812791236232e+01 1.456021977856103611e+01 0.000000000000000000e+00 3.224903099319419653e+01 2.137755832643194864e+01 2.416609194718914466e+01 2.102379604162863913e+01
3.584689665786984136e+01 3.124099870362661591e+01 3.125699921617556853e+01 3.114482300479487265e+01 3.046309242345563462e+01 3.423448553724738019e+01 2.707397274136176790e+01 2.731300056749532601e+01 6.082762530298219339e+00 2.801785145224380003e+01 3.605551275463989214e+01 2.059126028197400160e+01 2.416609194718914466e+01 3.601388621073821383e+01 7.211102550927978250e+00 1.389244398944980396e+01 1.900000000000000000e+01 5.000000000000000000e+00 1.969771560359220786e+01 3.224903099319419653e+01 0.000000000000000000e+00 3.753664875824691904e+01 3.405877273185280529e+01 1.392838827718411920e+01
1.612451549659709826e+01 8.062257748298549132e+00 2.473863375370596174e+01 3.157530680769388809e+01 1.627882059609970611e+01 2.563201123595259290e+01 2.302172886644267535e+01 1.431782106327635340e+01 3.255764119219941222e+01 2.716615541441224835e+01 2.823118842698620767e+01 1.802775637731994607e+01 3.551056180912940619e+01 3.101612483854164637e+01 3.640054944640259293e+01 2.469817807045693669e+01 2.657066051117284644e+01 3.397057550292606010e+01 1.972308292331602075e+01 2.137755832643194864e+01 3.753664875824691904e+01 0.000000000000000000e+00 6.082762530298219339e+00 3.354101966249684352e+01
1.063014581273464998e+01 2.828427124746190291e+00 1.868154169226940553e+01 2.549509756796392423e+01 1.019803902718556898e+01 1.969771560359220786e+01 2.451530134426252516e+01 1.529705854077835525e+01 2.968164415931165934e+01 2.109502310972898798e+01 2.236067977499789805e+01 1.649242250247064234e+01 3.600000000000000000e+01 2.507987240796890660e+01 3.400000000000000000e+01 2.051828452868319275e+01 2.617250465660480074e+01 3.106444913401813324e+01 1.843908891458577415e+01 2.416609194718914466e+01 3.405877273185280529e+01 6.082762530298219339e+00 0.000000000000000000e+00 3.228002478313794654e+01
3.801315561749642313e+01 2.983286778035259701e+01 3.710795063055894616e+01 3.939543120718441571e+01 3.301514803843835466e+01 4.002499219237900263e+01 1.565247584249852864e+01 2.000000000000000000e+01 9.219544457292887074e+00 3.511409973215887703e+01 4.244997055358224713e+01 1.581138830084189628e+01 1.029563014098700080e+01 4.332435804486893716e+01 7.071067811865475505e+00 1.802775637731994607e+01 7.810249675906653977e+00 9.433981132056603158e+00 1.392838827718411920e+01 2.102379604162863913e+01 1.392838827718411920e+01 3.354101966249684352e+01 3.228002478313794654e+01 0.000000000000000000e+00
