0.000000000000000000e+00 1.802775637731994607e+01 2.000000000000000000e+00 1.702938636592640265e+01 3.264965543462901820e+01 2.901723625709381693e+01 1.700000000000000000e+01 2.683281572999747766e+01 2.163330765278393741e+01 1.969771560359220786e+01 2.846049894151541437e+01 2.402082429892862692e+01 4.044749683231336945e+01 2.920616373302046753e+01 3.700000000000000000e+01 1.341640786499873883e+01 2.505992817228333536e+01 5.830951894845300743e+00 2.828427124746190291e+00 3.337663853655727308e+01 2.418677324489564739e+01 4.148493702538308270e+01 4.729693436154187225e+01 2.549509756796392423e+01 1.303840481040529831e+01 9.486832980505138124e+00 1.910497317454279909e+01 3.313608305156178346e+01 2.200000000000000000e+01
1.802775637731994607e+01 0.000000000000000000e+00 1.603121954188139853e+01 1.389244398944980396e+01 2.418677324489564739e+01 3.383784863137726262e+01 1.414213562373095145e+00 2.376972864800942631e+01 1.802775637731994607e+01 1.972308292331602075e+01 2.751363298439520833e+01 6.000000000000000000e+00 4.080441152620633005e+01 1.772004514666934938e+01 4.024922359499621649e+01 7.810249675906653977e+00 2.184032966784155505e+01 1.552417469626002422e+01 2.002498439450078749e+01 3.940812099047606409e+01 2.745906043549196340e+01 3.962322551231790158e+01 4.554119014694280310e+01 2.729468812791236232e+01 1.486606874731850603e+01 2.247220505424423109e+01 2.690724809414741969e+01 3.534119409414458346e+01 2.765863337187866122e+01
2.000000000000000000e+00 1.603121954188139853e+01 0.000000000000000000e+00 1.581138830084189628e+01 3.140063693621516450e+01 2.915475947422650194e+01 1.500000000000000000e+01 2.600000000000000000e+01 2.059126028197400160e+01 1.897366596101027625e+01 2.789265136196270589e+01 2.202271554554523902e+01 4.019950248448355978e+01 2.765863337187866122e+01 3.705401462729781059e+01 1.166190378969060149e+01 2.416609194718914466e+01 5.099019513592784492e+00 4.472135954999579610e+00 3.373425558686599857e+01 2.402082429892862692e+01 4.100000000000000000e+01 4.687216658103186262e+01 2.517935662402834396e+01 1.208304597359457233e+01 1.029563014098700080e+01 1.941648783894759944e+01 3.301514803843835466e+01 2.209072203437452231e+01
1.702938636592640265e+01 1.389244398944980396e+01 1.581138830084189628e+01 0.000000000000000000e+00 1.562049935181330795e+01 2.000000000000000000e+01 1.431782106327635340e+01 1.104536101718726115e+01 5.099019513592784492e+00 5.830951894845300743e+00 1.414213562373095101e+01 1.769180601295413169e+01 2.745906043549196340e+01 1.300000000000000000e+01 2.640075756488817049e+01 7.071067811865475505e+00 9.055385138137417300e+00 1.131370849898476116e+01 1.702938636592640265e+01 2.561249694973139412e+01 1.360147050873544394e+01 2.700000000000000000e+01 3.300000000000000000e+01 1.341640786499873883e+01 4.472135954999579610e+00 1.456021977856103611e+01 1.431782106327635340e+01 2.154065922853801496e+01 1.421267040355189515e+01
3.264965543462901820e+01 2.418677324489564739e+01 3.140063693621516450e+01 1.562049935181330795e+01 0.000000000000000000e+00 2.236067977499789805e+01 2.531797780234432693e+01 9.055385138137417300e+00 1.140175425099137918e+01 1.476482306023340030e+01 1.216552506059643868e+01 2.418677324489564739e+01 2.121320343559642652e+01 7.280109889280518054e+00 2.418677324489564739e+01 2.102379604162863913e+01 9.486832980505138124e+00 2.690724809414741969e+01 3.252691193458118590e+01 2.720294101747088789e+01 1.802775637731994607e+01 1.802775637731994607e+01 2.325940669922601600e+01 1.600000000000000000e+01 1.979898987322333070e+01 2.884441020371191300e+01 2.376972864800942631e+01 1.969771560359220786e+01 2.121320343559642652e+01
2.901723625709381693e+01 3.383784863137726262e+01 2.915475947422650194e+01 2.000000000000000000e+01 2.236067977499789805e+01 0.000000000000000000e+00 3.413209633175202384e+01 1.392838827718411920e+01 1.702938636592640265e+01 1.421267040355189515e+01 1.019803902718556898e+01 3.753664875824691904e+01 1.303840481040529831e+01 2.640075756488817049e+01 8.062257748298549132e+00 2.641968962724581260e+01 1.476482306023340030e+01 2.433105012119287736e+01 2.701851217221259205e+01 5.656854249492380582e+00 6.403124237432848531e+00 1.627882059609970611e+01 2.080865204668481283e+01 7.211102550927978250e+00 1.969771560359220786e+01 2.009975124224177989e+01 1.004987562112088995e+01 5.656854249492380582e+00 7.071067811865475505e+00
1.700000000000000000e+01 1.414213562373095145e+00 1.500000000000000000e+01 1.431782106327635340e+01 2.531797780234432693e+01 3.413209633175202384e+01 0.000000000000000000e+00 2.451530134426252516e+01 1.868154169226940553e+01 2.012461179749810825e+01 2.816025568065744622e+01 7.071067811865475505e+00 4.148493702538308270e+01 1.897366596101027625e+01 4.071854614300466579e+01 7.810249675906653977e+00 2.256102834535695578e+01 1.486606874731850603e+01 1.910497317454279909e+01 3.966106403010387993e+01 2.778488797889960793e+01 4.044749683231336945e+01 4.638965401897280572e+01 2.773084924772409465e+01 1.486606874731850603e+01 2.193171219946130890e+01 2.687005768508880621e+01 3.584689665786984136e+01 2.780287754891568852e+01
2.683281572999747766e+01 2.376972864800942631e+01 2.600000000000000000e+01 1.104536101718726115e+01 9.055385138137417300e+00 1.392838827718411920e+01 2.451530134426252516e+01 0.000000000000000000e+00 6.000000000000000000e+00 7.211102550927978250e+00 4.242640687119284770e+00 2.594224354214569317e+01 1.708800749063506075e+01 1.252996408614166768e+01 1.769180601295413169e+01 1.800000000000000000e+01 2.000000000000000000e+00 2.102379604162863913e+01 2.607680962081059661e+01 1.923538406167134340e+01 9.000000000000000000e+00 1.603121954188139853e+01 2.202271554554523902e+01 7.071067811865475505e+00 1.392838827718411920e+01 2.121320343559642652e+01 1.486606874731850603e+01 1.272792206135785520e+01 1.216552506059643868e+01
2.163330765278393741e+01 1.802775637731994607e+01 2.059126028197400160e+01 5.099019513592784492e+00 1.140175425099137918e+01 1.702938636592640265e+01 1.868154169226940553e+01 6.000000000000000000e+00 0.000000000000000000e+00 4.000000000000000000e+00 9.486832980505138124e+00 2.080865204668481283e+01 2.280350850198275836e+01 1.100000000000000000e+01 2.247220505424423109e+01 1.200000000000000000e+01 4.000000000000000000e+00 1.581138830084189628e+01 2.126029162546929996e+01 2.267156809750926882e+01 1.081665382639196871e+01 2.202271554554523902e+01 2.801785145224380003e+01 9.899494936611665352e+00 8.602325267042626677e+00 1.749285568453590045e+01 1.403566884761819900e+01 1.749285568453590045e+01 1.264911064067351809e+01
1.969771560359220786e+01 1.972308292331602075e+01 1.897366596101027625e+01 5.830951894845300743e+00 1.476482306023340030e+01 1.421267040355189515e+01 2.012461179749810825e+01 7.211102550927978250e+00 4.000000000000000000e+00 0.000000000000000000e+00 9.055385138137417300e+00 2.334523505985750447e+01 2.209072203437452231e+01 1.500000000000000000e+01 2.061552812808830382e+01 1.264911064067351809e+01 5.656854249492380582e+00 1.392838827718411920e+01 1.886796226411320632e+01 1.984943324127920761e+01 7.810249675906653977e+00 2.220360331117451835e+01 2.816025568065744622e+01 7.615773105863908654e+00 7.071067811865475505e+00 1.421267040355189515e+01 1.004987562112088995e+01 1.581138830084189628e+01 8.944271909999159220e+00
2.846049894151541437e+01 2.751363298439520833e+01 2.789265136196270589e+01 1.414213562373095101e+01 1.216552506059643868e+01 1.019803902718556898e+01 2.816025568065744622e+01 4.242640687119284770e+00 9.486832980505138124e+00 9.055385138137417300e+00 0.000000000000000000e+00 3.001666203960726875e+01 1.334166406412633421e+01 1.664331697709323876e+01 1.345362404707370985e+01 2.121320343559642652e+01 5.830951894845300743e+00 2.280350850198275836e+01 2.731300056749532601e+01 1.523154621172781731e+01 6.708203932499369415e+00 1.315294643796590535e+01 1.910497317454279909e+01 4.472135954999579610e+00 1.612451549659709826e+01 2.163330765278393741e+01 1.360147050873544394e+01 8.485281374238569541e+00 1.029563014098700080e+01
2.402082429892862692e+01 6.000000000000000000e+00 2.202271554554523902e+01 1.769180601295413169e+01 2.418677324489564739e+01 3.753664875824691904e+01 7.071067811865475505e+00 2.594224354214569317e+01 2.080865204668481283e+01 2.334523505985750447e+01 3.001666203960726875e+01 0.000000000000000000e+00 4.295346318982905842e+01 1.702938636592640265e+01 4.326661530556787483e+01 1.300000000000000000e+01 2.418677324489564739e+01 2.137755832643194864e+01 2.601922366251537611e+01 4.318564576337836769e+01 3.114482300479487265e+01 4.110960958218893069e+01 4.684015371452147747e+01 3.061045573002793319e+01 1.972308292331602075e+01 2.816025568065744622e+01 3.162277660168379256e+01 3.827531841800927737e+01 3.189043743820394994e+01
4.044749683231336945e+01 4.080441152620633005e+01 4.019950248448355978e+01 2.745906043549196340e+01 2.121320343559642652e+01 1.303840481040529831e+01 4.148493702538308270e+01 1.708800749063506075e+01 2.280350850198275836e+01 2.209072203437452231e+01 1.334166406412633421e+01 4.295346318982905842e+01 0.000000000000000000e+00 2.780287754891568852e+01 6.708203932499369415e+00 3.452535300326413648e+01 1.897366596101027625e+01 3.512833614050059339e+01 3.883297567789519888e+01 1.303840481040529831e+01 1.627882059609970611e+01 5.000000000000000000e+00 7.810249675906653977e+00 1.503329637837290811e+01 2.901723625709381693e+01 3.228002478313794654e+01 2.247220505424423109e+01 7.615773105863908654e+00 1.897366596101027625e+01
2.920616373302046753e+01 1.772004514666934938e+01 2.765863337187866122e+01 1.300000000000000000e+01 7.280109889280518054e+00 2.640075756488817049e+01 1.897366596101027625e+01 1.252996408614166768e+01 1.100000000000000000e+01 1.500000000000000000e+01 1.664331697709323876e+01 1.702938636592640265e+01 2.780287754891568852e+01 0.000000000000000000e+00 2.983286778035259701e+01 1.627882059609970611e+01 1.170469991071962568e+01 2.385372088375312671e+01 2.968164415931165934e+01 3.176476034853718033e+01 2.088061301782110135e+01 2.505992817228333536e+01 3.046309242345563462e+01 1.931320791582796659e+01 1.746424919657297892e+01 2.751363298439520833e+01 2.501999200639360765e+01 2.500000000000000000e+01 2.334523505985750447e+01
3.700000000000000000e+01 4.024922359499621649e+01 3.705401462729781059e+01 2.640075756488817049e+01 2.418677324489564739e+01 8.062257748298549132e+00 4.071854614300466579e+01 1.769180601295413169e+01 2.247220505424423109e+01 2.061552812808830382e+01 1.345362404707370985e+01 4.326661530556787483e+01 6.708203932499369415e+00 2.983286778035259701e+01 0.000000000000000000e+00 3.324154027718932269e+01 1.920937271229854559e+01 3.214031735997639316e+01 3.505709628591620941e+01 6.403124237432848531e+00 1.334166406412633421e+01 1.140175425099137918e+01 1.421267040355189515e+01 1.300000000000000000e+01 2.692582403567251959e+01 2.816025568065744622e+01 1.811077027627483460e+01 5.000000000000000000e+00 1.500000000000000000e+01
1.341640786499873883e+01 7.810249675906653977e+00 1.166190378969060149e+01 7.071067811865475505e+00 2.102379604162863913e+01 2.641968962724581260e+01 7.810249675906653977e+00 1.800000000000000000e+01 1.200000000000000000e+01 1.264911064067351809e+01 2.121320343559642652e+01 1.300000000000000000e+01 3.452535300326413648e+01 1.627882059609970611e+01 3.324154027718932269e+01 0.000000000000000000e+00 1.600000000000000000e+01 9.055385138137417300e+00 1.456021977856103611e+01 3.190611226708763226e+01 2.012461179749810825e+01 3.401470270338990076e+01 4.001249804748510996e+01 2.024845673131658685e+01 7.071067811865475505e+00 1.529705854077835525e+01 1.910497317454279909e+01 2.846049894151541437e+01 2.000000000000000000e+01
2.505992817228333536e+01 2.184032966784155505e+01 2.416609194718914466e+01 9.055385138137417300e+00 9.486832980505138124e+00 1.476482306023340030e+01 2.256102834535695578e+01 2.000000000000000000e+00 4.000000000000000000e+00 5.656854249492380582e+00 5.830951894845300743e+00 2.418677324489564739e+01 1.897366596101027625e+01 1.170469991071962568e+01 1.920937271229854559e+01 1.600000000000000000e+01 0.000000000000000000e+00 1.923538406167134340e+01 2.441311123146740414e+01 2.024845673131658685e+01 9.219544457292887074e+00 1.802775637731994607e+01 2.402082429892862692e+01 7.615773105863908654e+00 1.208304597359457233e+01 1.984943324127920761e+01 1.431782106327635340e+01 1.421267040355189515e+01 1.200000000000000000e+01
5.830951894845300743e+00 1.552417469626002422e+01 5.099019513592784492e+00 1.131370849898476116e+01 2.690724809414741969e+01 2.433105012119287736e+01 1.486606874731850603e+01 2.102379604162863913e+01 1.581138830084189628e+01 1.392838827718411920e+01 2.280350850198275836e+01 2.137755832643194864e+01 3.512833614050059339e+01 2.385372088375312671e+01 3.214031735997639316e+01 9.055385138137417300e+00 1.923538406167134340e+01 0.000000000000000000e+00 5.830951894845300743e+00 2.912043955712207222e+01 1.900000000000000000e+01 3.590264614203248072e+01 4.177319714841084419e+01 2.009975124224177989e+01 7.211102550927978250e+00 7.211102550927978250e+00 1.486606874731850603e+01 2.800000000000000000e+01 1.726267650163206824e+01
2.828427124746190291e+00 2.002498439450078749e+01 4.472135954999579610e+00 1.702938636592640265e+01 3.252691193458118590e+01 2.701851217221259205e+01 1.910497317454279909e+01 2.607680962081059661e+01 2.126029162546929996e+01 1.886796226411320632e+01 2.731300056749532601e+01 2.601922366251537611e+01 3.883297567789519888e+01 2.968164415931165934e+01 3.505709628591620941e+01 1.456021977856103611e+01 2.441311123146740414e+01 5.830951894845300743e+00 0.000000000000000000e+00 3.114482300479487265e+01 2.256102834535695578e+01 4.016217125604640614e+01 4.588027898781784586e+01 2.404163056034261459e+01 1.272792206135785520e+01 7.071067811865475505e+00 1.700000000000000000e+01 3.140063693621516450e+01 2.009975124224177989e+01
3.337663853655727308e+01 3.940812099047606409e+01 3.373425558686599857e+01 2.561249694973139412e+01 2.720294101747088789e+01 5.656854249492380582e+00 3.966106403010387993e+01 1.923538406167134340e+01 2.267156809750926882e+01 1.984943324127920761e+01 1.523154621172781731e+01 4.318564576337836769e+01 1.303840481040529831e+01 3.176476034853718033e+01 6.403124237432848531e+00 3.190611226708763226e+01 2.024845673131658685e+01 2.912043955712207222e+01 3.114482300479487265e+01 0.000000000000000000e+00 1.204159457879229578e+01 1.746424919657297892e+01 2.061552812808830382e+01 1.280624847486569706e+01 2.505992817228333536e+01 2.408318915758459156e+01 1.431782106327635340e+01 8.000000000000000000e+00 1.208304597359457233e+01
2.418677324489564739e+01 2.745906043549196340e+01 2.402082429892862692e+01 1.360147050873544394e+01 1.802775637731994607e+01 6.403124237432848531e+00 2.778488797889960793e+01 9.000000000000000000e+00 1.081665382639196871e+01 7.810249675906653977e+00 6.708203932499369415e+00 3.114482300479487265e+01 1.627882059609970611e+01 2.088061301782110135e+01 1.334166406412633421e+01 2.012461179749810825e+01 9.219544457292887074e+00 1.900000000000000000e+01 2.256102834535695578e+01 1.204159457879229578e+01 0.000000000000000000e+00 1.788854381999831844e+01 2.340939982143925135e+01 2.236067977499789805e+00 1.360147050873544394e+01 1.615549442140351033e+01 7.071067811865475505e+00 9.000000000000000000e+00 3.605551275463989125e+00
4.148493702538308270e+01 3.962322551231790158e+01 4.100000000000000000e+01 2.700000000000000000e+01 1.802775637731994607e+01 1.627882059609970611e+01 4.044749683231336945e+01 1.603121954188139853e+01 2.202271554554523902e+01 2.220360331117451835e+01 1.315294643796590535e+01 4.110960958218893069e+01 5.000000000000000000e+00 2.505992817228333536e+01 1.140175425099137918e+01 3.401470270338990076e+01 1.802775637731994607e+01 3.590264614203248072e+01 4.016217125604640614e+01 1.746424919657297892e+01 1.788854381999831844e+01 0.000000000000000000e+00 6.000000000000000000e+00 1.615549442140351033e+01 2.927456233660889495e+01 3.401470270338990076e+01 2.469817807045693669e+01 1.063014581273464998e+01 2.109502310972898798e+01
4.729693436154187225e+01 4.554119014694280310e+01 4.687216658103186262e+01 3.300000000000000000e+01 2.325940669922601600e+01 2.080865204668481283e+01 4.638965401897280572e+01 2.202271554554523902e+01 2.801785145224380003e+01 2.816025568065744622e+01 1.910497317454279909e+01 4.684015371452147747e+01 7.810249675906653977e+00 3.046309242345563462e+01 1.421267040355189515e+01 4.001249804748510996e+01 2.402082429892862692e+01 4.177319714841084419e+01 4.588027898781784586e+01 2.061552812808830382e+01 2.340939982143925135e+01 6.000000000000000000e+00 0.000000000000000000e+00 2.184032966784155505e+01 3.522782990761707111e+01 3.956008088970496317e+01 2.996664812754339380e+01 1.526433752247374720e+01 2.640075756488817049e+01
2.549509756796392423e+01 2.729468812791236232e+01 2.517935662402834396e+01 1.341640786499873883e+01 1.600000000000000000e+01 7.211102550927978250e+00 2.773084924772409465e+01 7.071067811865475505e+00 9.899494936611665352e+00 7.615773105863908654e+00 4.472135954999579610e+00 3.061045573002793319e+01 1.503329637837290811e+01 1.931320791582796659e+01 1.300000000000000000e+01 2.024845673131658685e+01 7.615773105863908654e+00 2.009975124224177989e+01 2.404163056034261459e+01 1.280624847486569706e+01 2.236067977499789805e+00 1.615549442140351033e+01 2.184032966784155505e+01 0.000000000000000000e+00 1.414213562373095101e+01 1.788854381999831844e+01 9.219544457292887074e+00 8.246211251235321171e+00 5.830951894845300743e+00
1.303840481040529831e+01 1.486606874731850603e+01 1.208304597359457233e+01 4.472135954999579610e+00 1.979898987322333070e+01 1.969771560359220786e+01 1.486606874731850603e+01 1.392838827718411920e+01 8.602325267042626677e+00 7.071067811865475505e+00 1.612451549659709826e+01 1.972308292331602075e+01 2.901723625709381693e+01 1.746424919657297892e+01 2.692582403567251959e+01 7.071067811865475505e+00 1.208304597359457233e+01 7.211102550927978250e+00 1.272792206135785520e+01 2.505992817228333536e+01 1.360147050873544394e+01 2.927456233660889495e+01 3.522782990761707111e+01 1.414213562373095101e+01 0.000000000000000000e+00 1.019803902718556898e+01 1.204159457879229578e+01 2.236067977499789805e+01 1.303840481040529831e+01
9.486832980505138124e+00 2.247220505424423109e+01 1.029563014098700080e+01 1.456021977856103611e+01 2.884441020371191300e+01 2.009975124224177989e+01 2.193171219946130890e+01 2.121320343559642652e+01 1.749285568453590045e+01 1.421267040355189515e+01 2.163330765278393741e+01 2.816025568065744622e+01 3.228002478313794654e+01 2.751363298439520833e+01 2.816025568065744622e+01 1.529705854077835525e+01 1.984943324127920761e+01 7.211102550927978250e+00 7.071067811865475505e+00 2.408318915758459156e+01 1.615549442140351033e+01 3.401470270338990076e+01 3.956008088970496317e+01 1.788854381999831844e+01 1.019803902718556898e+01 0.000000000000000000e+00 1.004987562112088995e+01 2.473863375370596174e+01 1.334166406412633421e+01
1.910497317454279909e+01 2.690724809414741969e+01 1.941648783894759944e+01 1.431782106327635340e+01 2.376972864800942631e+01 1.004987562112088995e+01 2.687005768508880621e+01 1.486606874731850603e+01 1.403566884761819900e+01 1.004987562112088995e+01 1.360147050873544394e+01 3.162277660168379256e+01 2.247220505424423109e+01 2.501999200639360765e+01 1.811077027627483460e+01 1.910497317454279909e+01 1.431782106327635340e+01 1.486606874731850603e+01 1.700000000000000000e+01 1.431782106327635340e+01 7.071067811865475505e+00 2.469817807045693669e+01 2.996664812754339380e+01 9.219544457292887074e+00 1.204159457879229578e+01 1.004987562112088995e+01 0.000000000000000000e+00 1.486606874731850603e+01 3.605551275463989125e+00
3.313608305156178346e+01 3.534119409414458346e+01 3.301514803843835466e+01 2.154065922853801496e+01 1.969771560359220786e+01 5.656854249492380582e+00 3.584689665786984136e+01 1.272792206135785520e+01 1.749285568453590045e+01 1.581138830084189628e+01 8.485281374238569541e+00 3.827531841800927737e+01 7.615773105863908654e+00 2.500000000000000000e+01 5.000000000000000000e+00 2.846049894151541437e+01 1.421267040355189515e+01 2.800000000000000000e+01 3.140063693621516450e+01 8.000000000000000000e+00 9.000000000000000000e+00 1.063014581273464998e+01 1.526433752247374720e+01 8.246211251235321171e+00 2.236067977499789805e+01 2.473863375370596174e+01 1.486606874731850603e+01 0.000000000000000000e+00 1.140175425099137918e+01
2.200000000000000000e+01 2.765863337187866122e+01 2.209072203437452231e+01 1.421267040355189515e+01 2.121320343559642652e+01 7.071067811865475505e+00 2.780287754891568852e+01 1.216552506059643868e+01 1.264911064067351809e+01 8.944271909999159220e+00 1.029563014098700080e+01 3.189043743820394994e+01 1.897366596101027625e+01 2.334523505985750447e+01 1.500000000000000000e+01 2.000000000000000000e+01 1.200000000000000000e+01 1.726267650163206824e+01 2.009975124224177989e+01 1.208304597359457233e+01 3.605551275463989125e+00 2.109502310972898798e+01 2.640075756488817049e+01 5.830951894845300743e+00 1.303840481040529831e+01 1.334166406412633421e+01 3.605551275463989125e+00 1.140175425099137918e+01 0.000000000000000000e+00
