0.000000000000000000e+00 1.860107523773827509e+01 1.166190378969060149e+01 1.264911064067351809e+01 9.219544457292887074e+00 1.640121946685672683e+01 1.208304597359457233e+01 9.055385138137417300e+00 3.231098884280702066e+01 3.352610922848042208e+01 7.280109889280518054e+00 1.077032961426900748e+01 3.471310991541956525e+01 3.807886552931954327e+01 3.100000000000000000e+01 1.746424919657297892e+01 3.765634076752546378e+01 2.828427124746190202e+01 1.603121954188139853e+01 3.820994634908559817e+01 2.236067977499789805e+00 8.062257748298549132e+00 5.099019513592784492e+00 1.581138830084189628e+01 3.605551275463989125e+00 1.486606874731850603e+01 5.000000000000000000e+00
1.860107523773827509e+01 0.000000000000000000e+00 7.071067811865475505e+00 1.529705854077835525e+01 2.012461179749810825e+01 2.236067977499789805e+00 1.649242250247064234e+01 1.166190378969060149e+01 1.503329637837290811e+01 1.702938636592640265e+01 1.526433752247374720e+01 1.581138830084189628e+01 2.617250465660480074e+01 2.039607805437113797e+01 1.941648783894759944e+01 1.513274595042155646e+01 2.236067977499789805e+01 1.476482306023340030e+01 1.676305461424021104e+01 2.745906043549196340e+01 2.061552812808830382e+01 1.389244398944980396e+01 1.523154621172781731e+01 1.077032961426900748e+01 1.769180601295413169e+01 4.123105625617660586e+00 1.486606874731850603e+01
1.166190378969060149e+01 7.071067811865475505e+00 0.000000000000000000e+00 1.019803902718556898e+01 1.360147050873544394e+01 5.000000000000000000e+00 1.104536101718726115e+01 5.099019513592784492e+00 2.088061301782110135e+01 2.236067977499789805e+01 8.544003745317530374e+00 1.000000000000000000e+01 2.729468812791236232e+01 2.657066051117284644e+01 2.184032966784155505e+01 1.220655561573370207e+01 2.701851217221259205e+01 1.811077027627483460e+01 1.486606874731850603e+01 2.973213749463701205e+01 1.360147050873544394e+01 7.280109889280518054e+00 9.055385138137417300e+00 1.029563014098700080e+01 1.063014581273464998e+01 4.123105625617660586e+00 7.810249675906653977e+00
1.264911064067351809e+01 1.529705854077835525e+01 1.019803902718556898e+01 0.000000000000000000e+00 6.708203932499369415e+00 1.403566884761819900e+01 1.414213562373095145e+00 5.830951894845300743e+00 2.408318915758459156e+01 2.441311123146740414e+01 5.385164807134503739e+00 2.000000000000000000e+00 2.220360331117451835e+01 2.983286778035259701e+01 1.941648783894759944e+01 5.000000000000000000e+00 2.731300056749532601e+01 1.788854381999831844e+01 2.385372088375312671e+01 2.600000000000000000e+01 1.315294643796590535e+01 5.000000000000000000e+00 1.421267040355189515e+01 2.024845673131658685e+01 9.219544457292887074e+00 1.403566884761819900e+01 8.062257748298549132e+00
9.219544457292887074e+00 2.012461179749810825e+01 1.360147050873544394e+01 6.708203932499369415e+00 0.000000000000000000e+00 1.838477631085023489e+01 5.385164807134503739e+00 8.544003745317530374e+00 3.061045573002793319e+01 3.106444913401813324e+01 5.099019513592784492e+00 5.000000000000000000e+00 2.800000000000000000e+01 3.640054944640259293e+01 2.596150997149434048e+01 1.140175425099137918e+01 3.401470270338990076e+01 2.459674775249768786e+01 2.404163056034261459e+01 3.214031735997639316e+01 8.602325267042626677e+00 6.324555320336759046e+00 1.300000000000000000e+01 2.202271554554523902e+01 5.830951894845300743e+00 1.772004514666934938e+01 7.071067811865475505e+00
1.640121946685672683e+01 2.236067977499789805e+00 5.000000000000000000e+00 1.403566884761819900e+01 1.838477631085023489e+01 0.000000000000000000e+00 1.513274595042155646e+01 9.848857801796103928e+00 1.711724276862369010e+01 1.900000000000000000e+01 1.341640786499873883e+01 1.431782106327635340e+01 2.701851217221259205e+01 2.256102834535695578e+01 2.059126028197400160e+01 1.456021977856103611e+01 2.418677324489564739e+01 1.615549442140351033e+01 1.523154621172781731e+01 2.865309756378880479e+01 1.843908891458577415e+01 1.208304597359457233e+01 1.300000000000000000e+01 9.433981132056603158e+00 1.562049935181330795e+01 2.000000000000000000e+00 1.280624847486569706e+01
1.208304597359457233e+01 1.649242250247064234e+01 1.104536101718726115e+01 1.414213562373095145e+00 5.385164807134503739e+00 1.513274595042155646e+01 0.000000000000000000e+00 6.324555320336759046e+00 2.549509756796392423e+01 2.580697580112788003e+01 5.000000000000000000e+00 1.414213562373095145e+00 2.308679276123039159e+01 3.124099870362661591e+01 2.061552812808830382e+01 6.082762530298219339e+00 2.863564212655270680e+01 1.923538406167134340e+01 2.418677324489564739e+01 2.701851217221259205e+01 1.236931687685298087e+01 5.000000000000000000e+00 1.414213562373095101e+01 2.088061301782110135e+01 8.544003745317530374e+00 1.500000000000000000e+01 7.810249675906653977e+00
9.055385138137417300e+00 1.166190378969060149e+01 5.099019513592784492e+00 5.830951894845300743e+00 8.544003745317530374e+00 9.848857801796103928e+00 6.324555320336759046e+00 0.000000000000000000e+00 2.370653918225939449e+01 2.469817807045693669e+01 3.605551275463989125e+00 5.099019513592784492e+00 2.624880949681337583e+01 2.952964612046680060e+01 2.202271554554523902e+01 9.433981132056603158e+00 2.863564212655270680e+01 1.923538406167134340e+01 1.802775637731994607e+01 2.942787793912432193e+01 1.044030650891055068e+01 2.236067977499789805e+00 8.944271909999159220e+00 1.456021977856103611e+01 6.708203932499369415e+00 9.219544457292887074e+00 4.123105625617660586e+00
3.231098884280702066e+01 1.503329637837290811e+01 2.088061301782110135e+01 2.408318915758459156e+01 3.061045573002793319e+01 1.711724276862369010e+01 2.549509756796392423e+01 2.370653918225939449e+01 0.000000000000000000e+00 2.828427124746190291e+00 2.692582403567251959e+01 2.561249694973139412e+01 1.941648783894759944e+01 5.830951894845300743e+00 1.204159457879229578e+01 2.061552812808830382e+01 8.602325267042626677e+00 8.246211251235321171e+00 3.125699921617556853e+01 1.788854381999831844e+01 3.401470270338990076e+01 2.555386467836127551e+01 2.983286778035259701e+01 2.517935662402834396e+01 3.041381265149109936e+01 1.910497317454279909e+01 2.773084924772409465e+01
3.352610922848042208e+01 1.702938636592640265e+01 2.236067977499789805e+01 2.441311123146740414e+01 3.106444913401813324e+01 1.900000000000000000e+01 2.580697580112788003e+01 2.469817807045693669e+01 2.828427124746190291e+00 0.000000000000000000e+00 2.773084924772409465e+01 2.607680962081059661e+01 1.711724276862369010e+01 5.830951894845300743e+00 1.004987562112088995e+01 2.051828452868319275e+01 5.830951894845300743e+00 7.211102550927978250e+00 3.354101966249684352e+01 1.523154621172781731e+01 3.511409973215887703e+01 2.640075756488817049e+01 3.140063693621516450e+01 2.745906043549196340e+01 3.138470965295043058e+01 2.100000000000000000e+01 2.879236009777593708e+01
7.280109889280518054e+00 1.526433752247374720e+01 8.544003745317530374e+00 5.385164807134503739e+00 5.099019513592784492e+00 1.341640786499873883e+01 5.000000000000000000e+00 3.605551275463989125e+00 2.692582403567251959e+01 2.773084924772409465e+01 0.000000000000000000e+00 3.605551275463989125e+00 2.745906043549196340e+01 3.275667870831839679e+01 2.408318915758459156e+01 1.019803902718556898e+01 3.132091952673165025e+01 2.184032966784155505e+01 1.969771560359220786e+01 3.106444913401813324e+01 8.000000000000000000e+00 1.414213562373095145e+00 9.219544457292887074e+00 1.711724276862369010e+01 4.000000000000000000e+00 1.264911064067351809e+01 2.828427124746190291e+00
1.077032961426900748e+01 1.581138830084189628e+01 1.000000000000000000e+01 2.000000000000000000e+00 5.000000000000000000e+00 1.431782106327635340e+01 1.414213562373095145e+00 5.099019513592784492e+00 2.561249694973139412e+01 2.607680962081059661e+01 3.605551275463989125e+00 0.000000000000000000e+00 2.418677324489564739e+01 3.140063693621516450e+01 2.137755832643194864e+01 7.000000000000000000e+00 2.915475947422650194e+01 1.969771560359220786e+01 2.282542442102665348e+01 2.800000000000000000e+01 1.118033988749894903e+01 3.605551275463989125e+00 1.272792206135785520e+01 1.964688270438849926e+01 7.280109889280518054e+00 1.403566884761819900e+01 6.403124237432848531e+00
3.471310991541956525e+01 2.617250465660480074e+01 2.729468812791236232e+01 2.220360331117451835e+01 2.800000000000000000e+01 2.701851217221259205e+01 2.308679276123039159e+01 2.624880949681337583e+01 1.941648783894759944e+01 1.711724276862369010e+01 2.745906043549196340e+01 2.418677324489564739e+01 0.000000000000000000e+00 2.202271554554523902e+01 7.615773105863908654e+00 1.726267650163206824e+01 1.431782106327635340e+01 1.252996408614166768e+01 4.188078318274384770e+01 5.000000000000000000e+00 3.535533905932737753e+01 2.668332812825266842e+01 3.511409973215887703e+01 3.640054944640259293e+01 3.140063693621516450e+01 2.860069929215018192e+01 2.983286778035259701e+01
3.807886552931954327e+01 2.039607805437113797e+01 2.657066051117284644e+01 2.983286778035259701e+01 3.640054944640259293e+01 2.256102834535695578e+01 3.124099870362661591e+01 2.952964612046680060e+01 5.830951894845300743e+00 5.830951894845300743e+00 3.275667870831839679e+01 3.140063693621516450e+01 2.202271554554523902e+01 0.000000000000000000e+00 1.552417469626002422e+01 2.617250465660480074e+01 8.246211251235321171e+00 1.303840481040529831e+01 3.601388621073821383e+01 1.923538406167134340e+01 3.981205847478876336e+01 3.138470965295043058e+01 3.544009029333869876e+01 3.000000000000000000e+01 3.623534186398687496e+01 2.451530134426252516e+01 3.354101966249684352e+01
3.100000000000000000e+01 1.941648783894759944e+01 2.184032966784155505e+01 1.941648783894759944e+01 2.596150997149434048e+01 2.059126028197400160e+01 2.061552812808830382e+01 2.202271554554523902e+01 1.204159457879229578e+01 1.004987562112088995e+01 2.408318915758459156e+01 2.137755832643194864e+01 7.615773105863908654e+00 1.552417469626002422e+01 0.000000000000000000e+00 1.456021977856103611e+01 9.219544457292887074e+00 5.000000000000000000e+00 3.577708763999663688e+01 8.062257748298549132e+00 3.206243908376279705e+01 2.302172886644267535e+01 3.041381265149109936e+01 3.001666203960726875e+01 2.807133769523639799e+01 2.236067977499789805e+01 2.600000000000000000e+01
1.746424919657297892e+01 1.513274595042155646e+01 1.220655561573370207e+01 5.000000000000000000e+00 1.140175425099137918e+01 1.456021977856103611e+01 6.082762530298219339e+00 9.433981132056603158e+00 2.061552812808830382e+01 2.051828452868319275e+01 1.019803902718556898e+01 7.000000000000000000e+00 1.726267650163206824e+01 2.617250465660480074e+01 1.456021977856103611e+01 0.000000000000000000e+00 2.282542442102665348e+01 1.360147050873544394e+01 2.690724809414741969e+01 2.100000000000000000e+01 1.811077027627483460e+01 9.486832980505138124e+00 1.835755975068581947e+01 2.247220505424423109e+01 1.414213562373095101e+01 1.523154621172781731e+01 1.264911064067351809e+01
3.765634076752546378e+01 2.236067977499789805e+01 2.701851217221259205e+01 2.731300056749532601e+01 3.401470270338990076e+01 2.418677324489564739e+01 2.863564212655270680e+01 2.863564212655270680e+01 8.602325267042626677e+00 5.830951894845300743e+00 3.132091952673165025e+01 2.915475947422650194e+01 1.431782106327635340e+01 8.246211251235321171e+00 9.219544457292887074e+00 2.282542442102665348e+01 0.000000000000000000e+00 9.486832980505138124e+00 3.905124837953326988e+01 1.104536101718726115e+01 3.905124837953326988e+01 3.008321791298264714e+01 3.605551275463989214e+01 3.298484500494128469e+01 3.517101079013794873e+01 2.617250465660480074e+01 3.275667870831839679e+01
2.828427124746190202e+01 1.476482306023340030e+01 1.811077027627483460e+01 1.788854381999831844e+01 2.459674775249768786e+01 1.615549442140351033e+01 1.923538406167134340e+01 1.923538406167134340e+01 8.246211251235321171e+00 7.211102550927978250e+00 2.184032966784155505e+01 1.969771560359220786e+01 1.252996408614166768e+01 1.303840481040529831e+01 5.000000000000000000e+00 1.360147050873544394e+01 9.486832980505138124e+00 0.000000000000000000e+00 3.138470965295043058e+01 1.280624847486569706e+01 2.961418578992169515e+01 2.061552812808830382e+01 2.701851217221259205e+01 2.549509756796392423e+01 2.570992026436488231e+01 1.802775637731994607e+01 2.334523505985750447e+01
1.603121954188139853e+01 1.676305461424021104e+01 1.486606874731850603e+01 2.385372088375312671e+01 2.404163056034261459e+01 1.523154621172781731e+01 2.418677324489564739e+01 1.802775637731994607e+01 3.125699921617556853e+01 3.354101966249684352e+01 1.969771560359220786e+01 2.282542442102665348e+01 4.188078318274384770e+01 3.601388621073821383e+01 3.577708763999663688e+01 2.690724809414741969e+01 3.905124837953326988e+01 3.138470965295043058e+01 0.000000000000000000e+00 4.382921400162225467e+01 1.800000000000000000e+01 1.923538406167134340e+01 1.118033988749894903e+01 6.082762530298219339e+00 1.843908891458577415e+01 1.341640786499873883e+01 1.708800749063506075e+01
3.820994634908559817e+01 2.745906043549196340e+01 2.973213749463701205e+01 2.600000000000000000e+01 3.214031735997639316e+01 2.865309756378880479e+01 2.701851217221259205e+01 2.942787793912432193e+01 1.788854381999831844e+01 1.523154621172781731e+01 3.106444913401813324e+01 2.800000000000000000e+01 5.000000000000000000e+00 1.923538406167134340e+01 8.062257748298549132e+00 2.100000000000000000e+01 1.104536101718726115e+01 1.280624847486569706e+01 4.382921400162225467e+01 0.000000000000000000e+00 3.905124837953326988e+01 3.014962686336266984e+01 3.807886552931954327e+01 3.807886552931954327e+01 3.505709628591620941e+01 3.041381265149109936e+01 3.324154027718932269e+01
2.236067977499789805e+00 2.061552812808830382e+01 1.360147050873544394e+01 1.315294643796590535e+01 8.602325267042626677e+00 1.843908891458577415e+01 1.236931687685298087e+01 1.044030650891055068e+01 3.401470270338990076e+01 3.511409973215887703e+01 8.000000000000000000e+00 1.118033988749894903e+01 3.535533905932737753e+01 3.981205847478876336e+01 3.206243908376279705e+01 1.811077027627483460e+01 3.905124837953326988e+01 2.961418578992169515e+01 1.800000000000000000e+01 3.905124837953326988e+01 0.000000000000000000e+00 9.055385138137417300e+00 7.280109889280518054e+00 1.802775637731994607e+01 4.000000000000000000e+00 1.697056274847713908e+01 6.324555320336759046e+00
8.062257748298549132e+00 1.389244398944980396e+01 7.280109889280518054e+00 5.000000000000000000e+00 6.324555320336759046e+00 1.208304597359457233e+01 5.000000000000000000e+00 2.236067977499789805e+00 2.555386467836127551e+01 2.640075756488817049e+01 1.414213562373095145e+00 3.605551275463989125e+00 2.668332812825266842e+01 3.138470965295043058e+01 2.302172886644267535e+01 9.486832980505138124e+00 3.008321791298264714e+01 2.061552812808830382e+01 1.923538406167134340e+01 3.014962686336266984e+01 9.055385138137417300e+00 0.000000000000000000e+00 9.219544457292887074e+00 1.627882059609970611e+01 5.099019513592784492e+00 1.140175425099137918e+01 3.162277660168379523e+00
5.099019513592784492e+00 1.523154621172781731e+01 9.055385138137417300e+00 1.421267040355189515e+01 1.300000000000000000e+01 1.300000000000000000e+01 1.414213562373095101e+01 8.944271909999159220e+00 2.983286778035259701e+01 3.140063693621516450e+01 9.219544457292887074e+00 1.272792206135785520e+01 3.511409973215887703e+01 3.544009029333869876e+01 3.041381265149109936e+01 1.835755975068581947e+01 3.605551275463989214e+01 2.701851217221259205e+01 1.118033988749894903e+01 3.807886552931954327e+01 7.280109889280518054e+00 9.219544457292887074e+00 0.000000000000000000e+00 1.077032961426900748e+01 7.280109889280518054e+00 1.118033988749894903e+01 6.403124237432848531e+00
1.581138830084189628e+01 1.077032961426900748e+01 1.029563014098700080e+01 2.024845673131658685e+01 2.202271554554523902e+01 9.433981132056603158e+00 2.088061301782110135e+01 1.456021977856103611e+01 2.517935662402834396e+01 2.745906043549196340e+01 1.711724276862369010e+01 1.964688270438849926e+01 3.640054944640259293e+01 3.000000000000000000e+01 3.001666203960726875e+01 2.247220505424423109e+01 3.298484500494128469e+01 2.549509756796392423e+01 6.082762530298219339e+00 3.807886552931954327e+01 1.802775637731994607e+01 1.627882059609970611e+01 1.077032961426900748e+01 0.000000000000000000e+00 1.711724276862369010e+01 7.810249675906653977e+00 1.500000000000000000e+01
3.605551275463989125e+00 1.769180601295413169e+01 1.063014581273464998e+01 9.219544457292887074e+00 5.830951894845300743e+00 1.562049935181330795e+01 8.544003745317530374e+00 6.708203932499369415e+00 3.041381265149109936e+01 3.138470965295043058e+01 4.000000000000000000e+00 7.280109889280518054e+00 3.140063693621516450e+01 3.623534186398687496e+01 2.807133769523639799e+01 1.414213562373095101e+01 3.517101079013794873e+01 2.570992026436488231e+01 1.843908891458577415e+01 3.505709628591620941e+01 4.000000000000000000e+00 5.099019513592784492e+00 7.280109889280518054e+00 1.711724276862369010e+01 0.000000000000000000e+00 1.442220510185595650e+01 2.828427124746190291e+00
1.486606874731850603e+01 4.123105625617660586e+00 4.123105625617660586e+00 1.403566884761819900e+01 1.772004514666934938e+01 2.000000000000000000e+00 1.500000000000000000e+01 9.219544457292887074e+00 1.910497317454279909e+01 2.100000000000000000e+01 1.264911064067351809e+01 1.403566884761819900e+01 2.860069929215018192e+01 2.451530134426252516e+01 2.236067977499789805e+01 1.523154621172781731e+01 2.617250465660480074e+01 1.802775637731994607e+01 1.341640786499873883e+01 3.041381265149109936e+01 1.697056274847713908e+01 1.140175425099137918e+01 1.118033988749894903e+01 7.810249675906653977e+00 1.442220510185595650e+01 0.000000000000000000e+00 1.166190378969060149e+01
5.000000000000000000e+00 1.486606874731850603e+01 7.810249675906653977e+00 8.062257748298549132e+00 7.071067811865475505e+00 1.280624847486569706e+01 7.810249675906653977e+00 4.123105625617660586e+00 2.773084924772409465e+01 2.879236009777593708e+01 2.828427124746190291e+00 6.403124237432848531e+00 2.983286778035259701e+01 3.354101966249684352e+01 2.600000000000000000e+01 1.264911064067351809e+01 3.275667870831839679e+01 2.334523505985750447e+01 1.708800749063506075e+01 3.324154027718932269e+01 6.324555320336759046e+00 3.162277660168379523e+00 6.403124237432848531e+00 1.500000000000000000e+01 2.828427124746190291e+00 1.166190378969060149e+01 0.000000000000000000e+00
