0.000000000000000000e+00 1.923538406167134340e+01 2.102379604162863913e+01 3.162277660168379256e+01 2.209072203437452231e+01 2.640075756488817049e+01 5.000000000000000000e+00 2.758622844826744469e+01 3.087069808086626210e+01 3.001666203960726875e+01 1.204159457879229578e+01 3.138470965295043058e+01 2.561249694973139412e+01 1.414213562373095101e+01 3.535533905932737753e+01 2.973213749463701205e+01 2.332380757938120297e+01 3.535533905932737753e+01 3.214031735997639316e+01 1.700000000000000000e+01 3.505709628591620941e+01 2.059126028197400160e+01 1.972308292331602075e+01 3.041381265149109936e+01 2.778488797889960793e+01 7.615773105863908654e+00 2.441311123146740414e+01
1.923538406167134340e+01 0.000000000000000000e+00 3.929376540877699853e+01 3.891015291668743714e+01 1.208304597359457233e+01 3.863935817272331263e+01 1.746424919657297892e+01 1.044030650891055068e+01 1.941648783894759944e+01 1.711724276862369010e+01 1.118033988749894903e+01 3.758989225842500304e+01 1.104536101718726115e+01 2.701851217221259205e+01 2.200000000000000000e+01 1.334166406412633421e+01 4.242640687119284770e+00 2.863564212655270680e+01 3.047950130825634218e+01 2.570992026436488231e+01 3.220248437620923454e+01 1.140175425099137918e+01 3.401470270338990076e+01 4.016217125604640614e+01 1.529705854077835525e+01 1.166190378969060149e+01 3.733630940518894192e+01
2.102379604162863913e+01 3.929376540877699853e+01 0.000000000000000000e+00 2.716615541441224835e+01 4.301162633521313694e+01 1.700000000000000000e+01 2.184032966784155505e+01 4.561797891182817466e+01 4.468780594300866227e+01 4.500000000000000000e+01 3.300000000000000000e+01 2.844292530665578411e+01 4.254409477236529824e+01 1.555634918610404505e+01 4.967896939349688523e+01 4.701063709417263681e+01 4.301162633521313694e+01 4.440720662234903671e+01 3.758989225842500304e+01 2.061552812808830382e+01 4.070626487409523975e+01 3.635931792539568619e+01 1.170469991071962568e+01 2.300000000000000000e+01 4.301162633521313694e+01 2.828427124746190202e+01 1.503329637837290811e+01
3.162277660168379256e+01 3.891015291668743714e+01 2.716615541441224835e+01 0.000000000000000000e+00 4.882622246293480828e+01 1.044030650891055068e+01 2.765863337187866122e+01 3.863935817272331263e+01 3.106444913401813324e+01 3.300000000000000000e+01 4.036087214122112954e+01 2.236067977499789805e+00 3.452535300326413648e+01 1.788854381999831844e+01 3.535533905932737753e+01 3.820994634908559817e+01 4.049691346263317371e+01 2.469817807045693669e+01 1.615549442140351033e+01 1.486606874731850603e+01 1.835755975068581947e+01 2.912043955712207222e+01 1.603121954188139853e+01 5.000000000000000000e+00 3.206243908376279705e+01 3.397057550292606010e+01 1.216552506059643868e+01
2.209072203437452231e+01 1.208304597359457233e+01 4.301162633521313694e+01 4.882622246293480828e+01 0.000000000000000000e+00 4.661544808322666000e+01 2.308679276123039159e+01 2.109502310972898798e+01 3.132091952673165025e+01 2.886173937932362321e+01 1.004987562112088995e+01 4.780167361086847677e+01 2.280350850198275836e+01 3.417601498127012150e+01 3.337663853655727308e+01 2.408318915758459156e+01 1.414213562373095101e+01 4.071854614300466579e+01 4.220189569201838253e+01 3.448187929913333249e+01 4.410215414239988974e+01 2.332380757938120297e+01 4.080441152620633005e+01 4.924428900898052319e+01 2.720294101747088789e+01 1.581138830084189628e+01 4.494441010848846219e+01
2.640075756488817049e+01 3.863935817272331263e+01 1.700000000000000000e+01 1.044030650891055068e+01 4.661544808322666000e+01 0.000000000000000000e+00 2.370653918225939449e+01 4.110960958218893069e+01 3.605551275463989214e+01 3.736308338453881106e+01 3.712142238654116966e+01 1.208304597359457233e+01 3.721558813185679071e+01 1.252996408614166768e+01 4.085339643163099055e+01 4.143669871020131978e+01 4.119465984809195902e+01 3.220248437620923454e+01 2.408318915758459156e+01 1.303840481040529831e+01 2.687005768508880621e+01 3.106444913401813324e+01 7.211102550927978250e+00 6.000000000000000000e+00 3.590264614203248072e+01 3.087069808086626210e+01 2.236067977499789805e+00
5.000000000000000000e+00 1.746424919657297892e+01 2.184032966784155505e+01 2.765863337187866122e+01 2.308679276123039159e+01 2.370653918225939449e+01 0.000000000000000000e+00 2.441311123146740414e+01 2.641968962724581260e+01 2.580697580112788003e+01 1.341640786499873883e+01 2.720294101747088789e+01 2.193171219946130890e+01 1.118033988749894903e+01 3.106444913401813324e+01 2.624880949681337583e+01 2.118962010041709121e+01 3.041381265149109936e+01 2.716615541441224835e+01 1.280624847486569706e+01 3.006659275674581622e+01 1.640121946685672683e+01 1.772004514666934938e+01 2.701851217221259205e+01 2.360084744241189370e+01 7.280109889280518054e+00 2.193171219946130890e+01
2.758622844826744469e+01 1.044030650891055068e+01 4.561797891182817466e+01 3.863935817272331263e+01 2.109502310972898798e+01 4.110960958218893069e+01 2.441311123146740414e+01 0.000000000000000000e+00 1.140175425099137918e+01 8.602325267042626677e+00 2.154065922853801496e+01 3.687817782917154830e+01 4.123105625617660586e+00 3.132091952673165025e+01 1.236931687685298087e+01 3.000000000000000000e+00 7.000000000000000000e+00 2.193171219946130890e+01 2.641968962724581260e+01 2.828427124746190202e+01 2.720294101747088789e+01 1.004987562112088995e+01 3.807886552931954327e+01 4.110960958218893069e+01 7.810249675906653977e+00 2.061552812808830382e+01 4.031128874149274566e+01
3.087069808086626210e+01 1.941648783894759944e+01 4.468780594300866227e+01 3.106444913401813324e+01 3.132091952673165025e+01 3.605551275463989214e+01 2.641968962724581260e+01 1.140175425099137918e+01 0.000000000000000000e+00 2.828427124746190291e+00 2.901723625709381693e+01 2.901723625709381693e+01 8.544003745317530374e+00 2.920616373302046753e+01 5.000000000000000000e+00 9.219544457292887074e+00 1.746424919657297892e+01 1.063014581273464998e+01 1.649242250247064234e+01 2.469817807045693669e+01 1.655294535724684835e+01 1.044030650891055068e+01 3.498571136907180090e+01 3.452535300326413648e+01 4.123105625617660586e+00 2.570992026436488231e+01 3.584689665786984136e+01
3.001666203960726875e+01 1.711724276862369010e+01 4.500000000000000000e+01 3.300000000000000000e+01 2.886173937932362321e+01 3.736308338453881106e+01 2.580697580112788003e+01 8.602325267042626677e+00 2.828427124746190291e+00 0.000000000000000000e+00 2.716615541441224835e+01 3.101612483854164637e+01 6.082762530298219339e+00 2.968164415931165934e+01 5.385164807134503739e+00 6.403124237432848531e+00 1.486606874731850603e+01 1.345362404707370985e+01 1.897366596101027625e+01 2.549509756796392423e+01 1.923538406167134340e+01 9.433981132056603158e+00 3.577708763999663688e+01 3.622154055254966920e+01 2.236067977499789805e+00 2.435159132377184221e+01 3.700000000000000000e+01
1.204159457879229578e+01 1.118033988749894903e+01 3.300000000000000000e+01 4.036087214122112954e+01 1.004987562112088995e+01 3.712142238654116966e+01 1.341640786499873883e+01 2.154065922853801496e+01 2.901723625709381693e+01 2.716615541441224835e+01 0.000000000000000000e+00 3.959797974644666141e+01 2.137755832643194864e+01 2.459674775249768786e+01 3.238826948140329165e+01 2.435159132377184221e+01 1.526433752247374720e+01 3.667424164178449786e+01 3.624913792078371699e+01 2.561249694973139412e+01 3.862641583165593318e+01 1.910497317454279909e+01 3.101612483854164637e+01 4.022437072223753063e+01 2.507987240796890660e+01 6.403124237432848531e+00 3.534119409414458346e+01
3.138470965295043058e+01 3.758989225842500304e+01 2.844292530665578411e+01 2.236067977499789805e+00 4.780167361086847677e+01 1.208304597359457233e+01 2.720294101747088789e+01 3.687817782917154830e+01 2.901723625709381693e+01 3.101612483854164637e+01 3.959797974644666141e+01 0.000000000000000000e+00 3.275667870831839679e+01 1.802775637731994607e+01 3.324154027718932269e+01 3.634556369077249371e+01 3.900000000000000000e+01 2.247220505424423109e+01 1.392838827718411920e+01 1.442220510185595650e+01 1.612451549659709826e+01 2.751363298439520833e+01 1.702938636592640265e+01 7.071067811865475505e+00 3.014962686336266984e+01 3.324154027718932269e+01 1.360147050873544394e+01
2.561249694973139412e+01 1.104536101718726115e+01 4.254409477236529824e+01 3.452535300326413648e+01 2.280350850198275836e+01 3.721558813185679071e+01 2.193171219946130890e+01 4.123105625617660586e+00 8.544003745317530374e+00 6.082762530298219339e+00 2.137755832643194864e+01 3.275667870831839679e+01 0.000000000000000000e+00 2.785677655436823841e+01 1.104536101718726115e+01 4.472135954999579610e+00 8.944271909999159220e+00 1.860107523773827509e+01 2.247220505424423109e+01 2.451530134426252516e+01 2.343074902771996193e+01 6.324555320336759046e+00 3.448187929913333249e+01 3.705401462729781059e+01 4.472135954999579610e+00 1.923538406167134340e+01 3.649657518178931781e+01
1.414213562373095101e+01 2.701851217221259205e+01 1.555634918610404505e+01 1.788854381999831844e+01 3.417601498127012150e+01 1.252996408614166768e+01 1.118033988749894903e+01 3.132091952673165025e+01 2.920616373302046753e+01 2.968164415931165934e+01 2.459674775249768786e+01 1.802775637731994607e+01 2.785677655436823841e+01 0.000000000000000000e+00 3.420526275297414287e+01 3.231098884280702066e+01 3.006659275674581622e+01 2.915475947422650194e+01 2.308679276123039159e+01 5.385164807134503739e+00 2.624880949681337583e+01 2.154065922853801496e+01 7.000000000000000000e+00 1.627882059609970611e+01 2.778488797889960793e+01 1.838477631085023489e+01 1.077032961426900748e+01
3.535533905932737753e+01 2.200000000000000000e+01 4.967896939349688523e+01 3.535533905932737753e+01 3.337663853655727308e+01 4.085339643163099055e+01 3.106444913401813324e+01 1.236931687685298087e+01 5.000000000000000000e+00 5.385164807134503739e+00 3.238826948140329165e+01 3.324154027718932269e+01 1.104536101718726115e+01 3.420526275297414287e+01 0.000000000000000000e+00 9.486832980505138124e+00 1.923538406167134340e+01 1.264911064067351809e+01 2.002498439450078749e+01 2.968164415931165934e+01 1.941648783894759944e+01 1.476482306023340030e+01 3.996248240537617136e+01 3.905124837953326988e+01 7.615773105863908654e+00 2.973213749463701205e+01 4.071854614300466579e+01
2.973213749463701205e+01 1.334166406412633421e+01 4.701063709417263681e+01 3.820994634908559817e+01 2.408318915758459156e+01 4.143669871020131978e+01 2.624880949681337583e+01 3.000000000000000000e+00 9.219544457292887074e+00 6.403124237432848531e+00 2.435159132377184221e+01 3.634556369077249371e+01 4.472135954999579610e+00 3.231098884280702066e+01 9.486832980505138124e+00 0.000000000000000000e+00 1.000000000000000000e+01 1.984943324127920761e+01 2.507987240796890660e+01 2.886173937932362321e+01 2.555386467836127551e+01 1.077032961426900748e+01 3.889730067755344578e+01 4.100000000000000000e+01 6.324555320336759046e+00 2.302172886644267535e+01 4.079215610874227593e+01
2.332380757938120297e+01 4.242640687119284770e+00 4.301162633521313694e+01 4.049691346263317371e+01 1.414213562373095101e+01 4.119465984809195902e+01 2.118962010041709121e+01 7.000000000000000000e+00 1.746424919657297892e+01 1.486606874731850603e+01 1.526433752247374720e+01 3.900000000000000000e+01 8.944271909999159220e+00 3.006659275674581622e+01 1.923538406167134340e+01 1.000000000000000000e+01 0.000000000000000000e+00 2.745906043549196340e+01 3.047950130825634218e+01 2.816025568065744622e+01 3.182766092567909766e+01 1.166190378969060149e+01 3.705401462729781059e+01 4.220189569201838253e+01 1.341640786499873883e+01 1.581138830084189628e+01 4.004996878900157498e+01
3.535533905932737753e+01 2.863564212655270680e+01 4.440720662234903671e+01 2.469817807045693669e+01 4.071854614300466579e+01 3.220248437620923454e+01 3.041381265149109936e+01 2.193171219946130890e+01 1.063014581273464998e+01 1.345362404707370985e+01 3.667424164178449786e+01 2.247220505424423109e+01 1.860107523773827509e+01 2.915475947422650194e+01 1.264911064067351809e+01 1.984943324127920761e+01 2.745906043549196340e+01 0.000000000000000000e+00 8.544003745317530374e+00 2.385372088375312671e+01 7.000000000000000000e+00 1.772004514666934938e+01 3.330165161069342616e+01 2.906888370749726747e+01 1.421267040355189515e+01 3.206243908376279705e+01 3.264965543462901820e+01
3.214031735997639316e+01 3.047950130825634218e+01 3.758989225842500304e+01 1.615549442140351033e+01 4.220189569201838253e+01 2.408318915758459156e+01 2.716615541441224835e+01 2.641968962724581260e+01 1.649242250247064234e+01 1.897366596101027625e+01 3.624913792078371699e+01 1.392838827718411920e+01 2.247220505424423109e+01 2.308679276123039159e+01 2.002498439450078749e+01 2.507987240796890660e+01 3.047950130825634218e+01 8.544003745317530374e+00 0.000000000000000000e+00 1.772004514666934938e+01 3.162277660168379523e+00 1.910497317454279909e+01 2.607680962081059661e+01 2.059126028197400160e+01 1.878829422805593552e+01 3.067572330035593353e+01 2.475883680627989492e+01
1.700000000000000000e+01 2.570992026436488231e+01 2.061552812808830382e+01 1.486606874731850603e+01 3.448187929913333249e+01 1.303840481040529831e+01 1.280624847486569706e+01 2.828427124746190202e+01 2.469817807045693669e+01 2.549509756796392423e+01 2.561249694973139412e+01 1.442220510185595650e+01 2.451530134426252516e+01 5.385164807134503739e+00 2.968164415931165934e+01 2.886173937932362321e+01 2.816025568065744622e+01 2.385372088375312671e+01 1.772004514666934938e+01 0.000000000000000000e+00 2.088061301782110135e+01 1.824828759089465890e+01 1.029563014098700080e+01 1.476482306023340030e+01 2.376972864800942631e+01 1.920937271229854559e+01 1.204159457879229578e+01
3.505709628591620941e+01 3.220248437620923454e+01 4.070626487409523975e+01 1.835755975068581947e+01 4.410215414239988974e+01 2.687005768508880621e+01 3.006659275674581622e+01 2.720294101747088789e+01 1.655294535724684835e+01 1.923538406167134340e+01 3.862641583165593318e+01 1.612451549659709826e+01 2.343074902771996193e+01 2.624880949681337583e+01 1.941648783894759944e+01 2.555386467836127551e+01 3.182766092567909766e+01 7.000000000000000000e+00 3.162277660168379523e+00 2.088061301782110135e+01 0.000000000000000000e+00 2.080865204668481283e+01 2.915475947422650194e+01 2.302172886644267535e+01 1.941648783894759944e+01 3.324154027718932269e+01 2.765863337187866122e+01
2.059126028197400160e+01 1.140175425099137918e+01 3.635931792539568619e+01 2.912043955712207222e+01 2.332380757938120297e+01 3.106444913401813324e+01 1.640121946685672683e+01 1.004987562112088995e+01 1.044030650891055068e+01 9.433981132056603158e+00 1.910497317454279909e+01 2.751363298439520833e+01 6.324555320336759046e+00 2.154065922853801496e+01 1.476482306023340030e+01 1.077032961426900748e+01 1.166190378969060149e+01 1.772004514666934938e+01 1.910497317454279909e+01 1.824828759089465890e+01 2.080865204668481283e+01 0.000000000000000000e+00 2.816025568065744622e+01 3.125699921617556853e+01 7.211102550927978250e+00 1.529705854077835525e+01 3.026549190084311292e+01
1.972308292331602075e+01 3.401470270338990076e+01 1.170469991071962568e+01 1.603121954188139853e+01 4.080441152620633005e+01 7.211102550927978250e+00 1.772004514666934938e+01 3.807886552931954327e+01 3.498571136907180090e+01 3.577708763999663688e+01 3.101612483854164637e+01 1.702938636592640265e+01 3.448187929913333249e+01 7.000000000000000000e+00 3.996248240537617136e+01 3.889730067755344578e+01 3.705401462729781059e+01 3.330165161069342616e+01 2.607680962081059661e+01 1.029563014098700080e+01 2.915475947422650194e+01 2.816025568065744622e+01 0.000000000000000000e+00 1.264911064067351809e+01 3.401470270338990076e+01 2.500000000000000000e+01 5.000000000000000000e+00
3.041381265149109936e+01 4.016217125604640614e+01 2.300000000000000000e+01 5.000000000000000000e+00 4.924428900898052319e+01 6.000000000000000000e+00 2.701851217221259205e+01 4.110960958218893069e+01 3.452535300326413648e+01 3.622154055254966920e+01 4.022437072223753063e+01 7.071067811865475505e+00 3.705401462729781059e+01 1.627882059609970611e+01 3.905124837953326988e+01 4.100000000000000000e+01 4.220189569201838253e+01 2.906888370749726747e+01 2.059126028197400160e+01 1.476482306023340030e+01 2.302172886644267535e+01 3.125699921617556853e+01 1.264911064067351809e+01 0.000000000000000000e+00 3.505709628591620941e+01 3.383784863137726262e+01 8.062257748298549132e+00
2.778488797889960793e+01 1.529705854077835525e+01 4.301162633521313694e+01 3.206243908376279705e+01 2.720294101747088789e+01 3.590264614203248072e+01 2.360084744241189370e+01 7.810249675906653977e+00 4.123105625617660586e+00 2.236067977499789805e+00 2.507987240796890660e+01 3.014962686336266984e+01 4.472135954999579610e+00 2.778488797889960793e+01 7.615773105863908654e+00 6.324555320336759046e+00 1.341640786499873883e+01 1.421267040355189515e+01 1.878829422805593552e+01 2.376972864800942631e+01 1.941648783894759944e+01 7.211102550927978250e+00 3.401470270338990076e+01 3.505709628591620941e+01 0.000000000000000000e+00 2.213594362117865444e+01 3.544009029333869876e+01
7.615773105863908654e+00 1.166190378969060149e+01 2.828427124746190202e+01 3.397057550292606010e+01 1.581138830084189628e+01 3.087069808086626210e+01 7.280109889280518054e+00 2.061552812808830382e+01 2.570992026436488231e+01 2.435159132377184221e+01 6.403124237432848531e+00 3.324154027718932269e+01 1.923538406167134340e+01 1.838477631085023489e+01 2.973213749463701205e+01 2.302172886644267535e+01 1.581138830084189628e+01 3.206243908376279705e+01 3.067572330035593353e+01 1.920937271229854559e+01 3.324154027718932269e+01 1.529705854077835525e+01 2.500000000000000000e+01 3.383784863137726262e+01 2.213594362117865444e+01 0.000000000000000000e+00 2.915475947422650194e+01
2.441311123146740414e+01 3.733630940518894192e+01 1.503329637837290811e+01 1.216552506059643868e+01 4.494441010848846219e+01 2.236067977499789805e+00 2.193171219946130890e+01 4.031128874149274566e+01 3.584689665786984136e+01 3.700000000000000000e+01 3.534119409414458346e+01 1.360147050873544394e+01 3.649657518178931781e+01 1.077032961426900748e+01 4.071854614300466579e+01 4.079215610874227593e+01 4.004996878900157498e+01 3.264965543462901820e+01 2.475883680627989492e+01 1.204159457879229578e+01 2.765863337187866122e+01 3.026549190084311292e+01 5.000000000000000000e+00 8.062257748298549132e+00 3.544009029333869876e+01 2.915475947422650194e+01 0.000000000000000000e+00
