0.000000000000000000e+00 1.838477631085023489e+01 7.071067811865475505e+00 3.162277660168379523e+00 3.080584360149872580e+01 2.184032966784155505e+01 1.923538406167134340e+01 1.972308292331602075e+01 2.906888370749726747e+01 1.303840481040529831e+01 7.071067811865475505e+00 9.219544457292887074e+00 2.370653918225939449e+01 2.441311123146740414e+01 2.202271554554523902e+01 2.140093455903269515e+01 2.647640458974745314e+01 9.848857801796103928e+00 1.523154621172781731e+01 8.544003745317530374e+00 6.324555320336759046e+00 1.063014581273464998e+01 1.600000000000000000e+01 1.118033988749894903e+01 1.838477631085023489e+01
1.838477631085023489e+01 0.000000000000000000e+00 2.209072203437452231e+01 1.612451549659709826e+01 1.910497317454279909e+01 1.780449381476485726e+01 1.843908891458577415e+01 1.220655561573370207e+01 1.300000000000000000e+01 1.077032961426900748e+01 2.505992817228333536e+01 2.647640458974745314e+01 5.656854249492380582e+00 1.334166406412633421e+01 9.433981132056603158e+00 1.077032961426900748e+01 1.500000000000000000e+01 2.109502310972898798e+01 3.101612483854164637e+01 2.002498439450078749e+01 1.503329637837290811e+01 1.664331697709323876e+01 1.923538406167134340e+01 1.552417469626002422e+01 1.400000000000000000e+01
7.071067811865475505e+00 2.209072203437452231e+01 0.000000000000000000e+00 1.000000000000000000e+01 3.700000000000000000e+01 1.941648783894759944e+01 1.612451549659709826e+01 1.920937271229854559e+01 3.413209633175202384e+01 1.341640786499873883e+01 1.000000000000000000e+01 5.000000000000000000e+00 2.668332812825266842e+01 2.420743687382040932e+01 2.765863337187866122e+01 2.163330765278393741e+01 3.257299494980465937e+01 4.123105625617660586e+00 9.055385138137417300e+00 3.605551275463989125e+00 7.071067811865475505e+00 1.769180601295413169e+01 1.208304597359457233e+01 9.219544457292887074e+00 2.505992817228333536e+01
3.162277660168379523e+00 1.612451549659709826e+01 1.000000000000000000e+01 0.000000000000000000e+00 2.765863337187866122e+01 2.220360331117451835e+01 2.000000000000000000e+01 1.931320791582796659e+01 2.617250465660480074e+01 1.264911064067351809e+01 8.944271909999159220e+00 1.236931687685298087e+01 2.163330765278393741e+01 2.370653918225939449e+01 1.900000000000000000e+01 2.059126028197400160e+01 2.334523505985750447e+01 1.220655561573370207e+01 1.838477631085023489e+01 1.081665382639196871e+01 7.071067811865475505e+00 7.810249675906653977e+00 1.726267650163206824e+01 1.204159457879229578e+01 1.523154621172781731e+01
3.080584360149872580e+01 1.910497317454279909e+01 3.700000000000000000e+01 2.765863337187866122e+01 0.000000000000000000e+00 3.687817782917154830e+01 3.748332962798262713e+01 3.124099870362661591e+01 9.055385138137417300e+00 2.920616373302046753e+01 3.505709628591620941e+01 4.002499219237900263e+01 2.012461179749810825e+01 3.138470965295043058e+01 1.000000000000000000e+01 2.941088233970548416e+01 4.472135954999579610e+00 3.757658845611187104e+01 4.588027898781784586e+01 3.624913792078371699e+01 3.087069808086626210e+01 2.200000000000000000e+01 3.780211634287159939e+01 3.328663395418647752e+01 1.300000000000000000e+01
2.184032966784155505e+01 1.780449381476485726e+01 1.941648783894759944e+01 2.220360331117451835e+01 3.687817782917154830e+01 0.000000000000000000e+00 3.605551275463989125e+00 5.656854249492380582e+00 2.983286778035259701e+01 1.004987562112088995e+01 2.823118842698620767e+01 2.420743687382040932e+01 1.802775637731994607e+01 8.062257748298549132e+00 2.720294101747088789e+01 8.062257748298549132e+00 3.280243893371345365e+01 1.562049935181330795e+01 2.500000000000000000e+01 1.581138830084189628e+01 1.552417469626002422e+01 2.807133769523639799e+01 7.810249675906653977e+00 1.077032961426900748e+01 3.008321791298264714e+01
1.923538406167134340e+01 1.843908891458577415e+01 1.612451549659709826e+01 2.000000000000000000e+01 3.748332962798262713e+01 3.605551275463989125e+00 0.000000000000000000e+00 7.280109889280518054e+00 3.106444913401813324e+01 8.944271909999159220e+00 2.529822128134703618e+01 2.080865204668481283e+01 1.969771560359220786e+01 1.104536101718726115e+01 2.758622844826744469e+01 1.019803902718556898e+01 3.324154027718932269e+01 1.220655561573370207e+01 2.140093455903269515e+01 1.252996408614166768e+01 1.303840481040529831e+01 2.647640458974745314e+01 4.242640687119284770e+00 8.062257748298549132e+00 2.952964612046680060e+01
1.972308292331602075e+01 1.220655561573370207e+01 1.920937271229854559e+01 1.931320791582796659e+01 3.124099870362661591e+01 5.656854249492380582e+00 7.280109889280518054e+00 0.000000000000000000e+00 2.420743687382040932e+01 6.708203932499369415e+00 2.662705391138869615e+01 2.420743687382040932e+01 1.252996408614166768e+01 5.000000000000000000e+00 2.163330765278393741e+01 3.000000000000000000e+00 2.720294101747088789e+01 1.612451549659709826e+01 2.640075756488817049e+01 1.581138830084189628e+01 1.360147050873544394e+01 2.408318915758459156e+01 1.004987562112088995e+01 1.000000000000000000e+01 2.500000000000000000e+01
2.906888370749726747e+01 1.300000000000000000e+01 3.413209633175202384e+01 2.617250465660480074e+01 9.055385138137417300e+00 2.983286778035259701e+01 3.106444913401813324e+01 2.420743687382040932e+01 0.000000000000000000e+00 2.376972864800942631e+01 3.471310991541956525e+01 3.800000000000000000e+01 1.204159457879229578e+01 2.343074902771996193e+01 7.615773105863908654e+00 2.193171219946130890e+01 7.615773105863908654e+00 3.373425558686599857e+01 4.318564576337836769e+01 3.255764119219941222e+01 2.729468812791236232e+01 2.284731931759172596e+01 3.220248437620923454e+01 2.846049894151541437e+01 1.500000000000000000e+01
1.303840481040529831e+01 1.077032961426900748e+01 1.341640786499873883e+01 1.264911064067351809e+01 2.920616373302046753e+01 1.004987562112088995e+01 8.944271909999159220e+00 6.708203932499369415e+00 2.376972864800942631e+01 0.000000000000000000e+00 2.000000000000000000e+01 1.835755975068581947e+01 1.400000000000000000e+01 1.140175425099137918e+01 1.920937271229854559e+01 8.485281374238569541e+00 2.483948469674844262e+01 1.118033988749894903e+01 2.158703314492290204e+01 1.044030650891055068e+01 7.071067811865475505e+00 1.802775637731994607e+01 8.602325267042626677e+00 5.000000000000000000e+00 2.059126028197400160e+01
7.071067811865475505e+00 2.505992817228333536e+01 1.000000000000000000e+01 8.944271909999159220e+00 3.505709628591620941e+01 2.823118842698620767e+01 2.529822128134703618e+01 2.662705391138869615e+01 3.471310991541956525e+01 2.000000000000000000e+01 0.000000000000000000e+00 8.062257748298549132e+00 3.052867504494749440e+01 3.140063693621516450e+01 2.729468812791236232e+01 2.842534080710379030e+01 3.100000000000000000e+01 1.403566884761819900e+01 1.421267040355189515e+01 1.315294643796590535e+01 1.303840481040529831e+01 1.315294643796590535e+01 2.158703314492290204e+01 1.746424919657297892e+01 2.209072203437452231e+01
9.219544457292887074e+00 2.647640458974745314e+01 5.000000000000000000e+00 1.236931687685298087e+01 4.002499219237900263e+01 2.420743687382040932e+01 2.080865204668481283e+01 2.420743687382040932e+01 3.800000000000000000e+01 1.835755975068581947e+01 8.062257748298549132e+00 0.000000000000000000e+00 3.132091952673165025e+01 2.920616373302046753e+01 3.114482300479487265e+01 2.662705391138869615e+01 3.569313659514949677e+01 8.602325267042626677e+00 6.403124237432848531e+00 8.485281374238569541e+00 1.170469991071962568e+01 1.923538406167134340e+01 1.664331697709323876e+01 1.421267040355189515e+01 2.751363298439520833e+01
2.370653918225939449e+01 5.656854249492380582e+00 2.668332812825266842e+01 2.163330765278393741e+01 2.012461179749810825e+01 1.802775637731994607e+01 1.969771560359220786e+01 1.252996408614166768e+01 1.204159457879229578e+01 1.400000000000000000e+01 3.052867504494749440e+01 3.132091952673165025e+01 0.000000000000000000e+00 1.140175425099137918e+01 1.204159457879229578e+01 1.000000000000000000e+01 1.676305461424021104e+01 2.507987240796890660e+01 3.535533905932737753e+01 2.418677324489564739e+01 1.964688270438849926e+01 2.220360331117451835e+01 2.158703314492290204e+01 1.900000000000000000e+01 1.843908891458577415e+01
2.441311123146740414e+01 1.334166406412633421e+01 2.420743687382040932e+01 2.370653918225939449e+01 3.138470965295043058e+01 8.062257748298549132e+00 1.104536101718726115e+01 5.000000000000000000e+00 2.343074902771996193e+01 1.140175425099137918e+01 3.140063693621516450e+01 2.920616373302046753e+01 1.140175425099137918e+01 0.000000000000000000e+00 2.247220505424423109e+01 3.162277660168379523e+00 2.773084924772409465e+01 2.109502310972898798e+01 3.130495168499705727e+01 2.080865204668481283e+01 1.843908891458577415e+01 2.765863337187866122e+01 1.456021977856103611e+01 1.500000000000000000e+01 2.716615541441224835e+01
2.202271554554523902e+01 9.433981132056603158e+00 2.765863337187866122e+01 1.900000000000000000e+01 1.000000000000000000e+01 2.720294101747088789e+01 2.758622844826744469e+01 2.163330765278393741e+01 7.615773105863908654e+00 1.920937271229854559e+01 2.729468812791236232e+01 3.114482300479487265e+01 1.204159457879229578e+01 2.247220505424423109e+01 0.000000000000000000e+00 2.012461179749810825e+01 5.656854249492380582e+00 2.785677655436823841e+01 3.667424164178449786e+01 2.657066051117284644e+01 2.118962010041709121e+01 1.523154621172781731e+01 2.780287754891568852e+01 2.332380757938120297e+01 7.810249675906653977e+00
2.140093455903269515e+01 1.077032961426900748e+01 2.163330765278393741e+01 2.059126028197400160e+01 2.941088233970548416e+01 8.062257748298549132e+00 1.019803902718556898e+01 3.000000000000000000e+00 2.193171219946130890e+01 8.485281374238569541e+00 2.842534080710379030e+01 2.662705391138869615e+01 1.000000000000000000e+01 3.162277660168379523e+00 2.012461179749810825e+01 0.000000000000000000e+00 2.555386467836127551e+01 1.878829422805593552e+01 2.915475947422650194e+01 1.835755975068581947e+01 1.555634918610404505e+01 2.451530134426252516e+01 1.303840481040529831e+01 1.252996408614166768e+01 2.433105012119287736e+01
2.647640458974745314e+01 1.500000000000000000e+01 3.257299494980465937e+01 2.334523505985750447e+01 4.472135954999579610e+00 3.280243893371345365e+01 3.324154027718932269e+01 2.720294101747088789e+01 7.615773105863908654e+00 2.483948469674844262e+01 3.100000000000000000e+01 3.569313659514949677e+01 1.676305461424021104e+01 2.773084924772409465e+01 5.656854249492380582e+00 2.555386467836127551e+01 0.000000000000000000e+00 3.310589071449369669e+01 4.148493702538308270e+01 3.178049716414140846e+01 2.640075756488817049e+01 1.811077027627483460e+01 3.342154993413680586e+01 2.884441020371191300e+01 9.219544457292887074e+00
9.848857801796103928e+00 2.109502310972898798e+01 4.123105625617660586e+00 1.220655561573370207e+01 3.757658845611187104e+01 1.562049935181330795e+01 1.220655561573370207e+01 1.612451549659709826e+01 3.373425558686599857e+01 1.118033988749894903e+01 1.403566884761819900e+01 8.602325267042626677e+00 2.507987240796890660e+01 2.109502310972898798e+01 2.785677655436823841e+01 1.878829422805593552e+01 3.310589071449369669e+01 0.000000000000000000e+00 1.044030650891055068e+01 1.414213562373095145e+00 6.708203932499369415e+00 2.000000000000000000e+01 8.062257748298549132e+00 6.324555320336759046e+00 2.640075756488817049e+01
1.523154621172781731e+01 3.101612483854164637e+01 9.055385138137417300e+00 1.838477631085023489e+01 4.588027898781784586e+01 2.500000000000000000e+01 2.140093455903269515e+01 2.640075756488817049e+01 4.318564576337836769e+01 2.158703314492290204e+01 1.421267040355189515e+01 6.403124237432848531e+00 3.535533905932737753e+01 3.130495168499705727e+01 3.667424164178449786e+01 2.915475947422650194e+01 4.148493702538308270e+01 1.044030650891055068e+01 0.000000000000000000e+00 1.118033988749894903e+01 1.600000000000000000e+01 2.555386467836127551e+01 1.720465053408525335e+01 1.676305461424021104e+01 3.361547262794321966e+01
8.544003745317530374e+00 2.002498439450078749e+01 3.605551275463989125e+00 1.081665382639196871e+01 3.624913792078371699e+01 1.581138830084189628e+01 1.252996408614166768e+01 1.581138830084189628e+01 3.255764119219941222e+01 1.044030650891055068e+01 1.315294643796590535e+01 8.485281374238569541e+00 2.418677324489564739e+01 2.080865204668481283e+01 2.657066051117284644e+01 1.835755975068581947e+01 3.178049716414140846e+01 1.414213562373095145e+00 1.118033988749894903e+01 0.000000000000000000e+00 5.385164807134503739e+00 1.860107523773827509e+01 8.544003745317530374e+00 5.830951894845300743e+00 2.500000000000000000e+01
6.324555320336759046e+00 1.503329637837290811e+01 7.071067811865475505e+00 7.071067811865475505e+00 3.087069808086626210e+01 1.552417469626002422e+01 1.303840481040529831e+01 1.360147050873544394e+01 2.729468812791236232e+01 7.071067811865475505e+00 1.303840481040529831e+01 1.170469991071962568e+01 1.964688270438849926e+01 1.843908891458577415e+01 2.118962010041709121e+01 1.555634918610404505e+01 2.640075756488817049e+01 6.708203932499369415e+00 1.600000000000000000e+01 5.385164807134503739e+00 0.000000000000000000e+00 1.431782106327635340e+01 1.019803902718556898e+01 5.000000000000000000e+00 1.984943324127920761e+01
1.063014581273464998e+01 1.664331697709323876e+01 1.769180601295413169e+01 7.810249675906653977e+00 2.200000000000000000e+01 2.807133769523639799e+01 2.647640458974745314e+01 2.408318915758459156e+01 2.284731931759172596e+01 1.802775637731994607e+01 1.315294643796590535e+01 1.923538406167134340e+01 2.220360331117451835e+01 2.765863337187866122e+01 1.523154621172781731e+01 2.451530134426252516e+01 1.811077027627483460e+01 2.000000000000000000e+01 2.555386467836127551e+01 1.860107523773827509e+01 1.431782106327635340e+01 0.000000000000000000e+00 2.435159132377184221e+01 1.897366596101027625e+01 9.000000000000000000e+00
1.600000000000000000e+01 1.923538406167134340e+01 1.208304597359457233e+01 1.726267650163206824e+01 3.780211634287159939e+01 7.810249675906653977e+00 4.242640687119284770e+00 1.004987562112088995e+01 3.220248437620923454e+01 8.602325267042626677e+00 2.158703314492290204e+01 1.664331697709323876e+01 2.158703314492290204e+01 1.456021977856103611e+01 2.780287754891568852e+01 1.303840481040529831e+01 3.342154993413680586e+01 8.062257748298549132e+00 1.720465053408525335e+01 8.544003745317530374e+00 1.019803902718556898e+01 2.435159132377184221e+01 0.000000000000000000e+00 5.385164807134503739e+00 2.860069929215018192e+01
1.118033988749894903e+01 1.552417469626002422e+01 9.219544457292887074e+00 1.204159457879229578e+01 3.328663395418647752e+01 1.077032961426900748e+01 8.062257748298549132e+00 1.000000000000000000e+01 2.846049894151541437e+01 5.000000000000000000e+00 1.746424919657297892e+01 1.421267040355189515e+01 1.900000000000000000e+01 1.500000000000000000e+01 2.332380757938120297e+01 1.252996408614166768e+01 2.884441020371191300e+01 6.324555320336759046e+00 1.676305461424021104e+01 5.830951894845300743e+00 5.000000000000000000e+00 1.897366596101027625e+01 5.385164807134503739e+00 0.000000000000000000e+00 2.343074902771996193e+01
1.838477631085023489e+01 1.400000000000000000e+01 2.505992817228333536e+01 1.523154621172781731e+01 1.300000000000000000e+01 3.008321791298264714e+01 2.952964612046680060e+01 2.500000000000000000e+01 1.500000000000000000e+01 2.059126028197400160e+01 2.209072203437452231e+01 2.751363298439520833e+01 1.843908891458577415e+01 2.716615541441224835e+01 7.810249675906653977e+00 2.433105012119287736e+01 9.219544457292887074e+00 2.640075756488817049e+01 3.361547262794321966e+01 2.500000000000000000e+01 1.984943324127920761e+01 9.000000000000000000e+00 2.860069929215018192e+01 2.343074902771996193e+01 0.000000000000000000e+00
