0.000000000000000000e+00 2.059126028197400160e+01 2.236067977499789805e+00 1.170469991071962568e+01 1.769180601295413169e+01 2.549509756796392423e+01 1.414213562373095101e+01 1.063014581273464998e+01 1.264911064067351809e+01 2.334523505985750447e+01 1.843908891458577415e+01 1.700000000000000000e+01 8.544003745317530374e+00 1.746424919657297892e+01 6.324555320336759046e+00 1.216552506059643868e+01 7.071067811865475505e+00 2.080865204668481283e+01 2.549509756796392423e+01 1.131370849898476116e+01 1.140175425099137918e+01 1.711724276862369010e+01 2.915475947422650194e+01 5.656854249492380582e+00 2.500000000000000000e+01 1.303840481040529831e+01 1.802775637731994607e+01 1.923538406167134340e+01 1.019803902718556898e+01
2.059126028197400160e+01 0.000000000000000000e+00 2.282542442102665348e+01 1.403566884761819900e+01 3.014962686336266984e+01 8.602325267042626677e+00 2.039607805437113797e+01 2.507987240796890660e+01 1.523154621172781731e+01 7.280109889280518054e+00 1.400000000000000000e+01 2.647640458974745314e+01 2.906888370749726747e+01 2.570992026436488231e+01 1.697056274847713908e+01 1.612451549659709826e+01 2.731300056749532601e+01 9.219544457292887074e+00 7.071067811865475505e+00 2.059126028197400160e+01 2.102379604162863913e+01 8.062257748298549132e+00 8.602325267042626677e+00 2.607680962081059661e+01 1.802775637731994607e+01 7.615773105863908654e+00 2.061552812808830382e+01 1.414213562373095145e+00 1.131370849898476116e+01
2.236067977499789805e+00 2.282542442102665348e+01 0.000000000000000000e+00 1.341640786499873883e+01 1.720465053408525335e+01 2.765863337187866122e+01 1.500000000000000000e+01 1.029563014098700080e+01 1.431782106327635340e+01 2.545584412271571040e+01 2.022374841615668473e+01 1.708800749063506075e+01 6.324555320336759046e+00 1.772004514666934938e+01 8.062257748298549132e+00 1.360147050873544394e+01 5.000000000000000000e+00 2.280350850198275836e+01 2.765863337187866122e+01 1.220655561573370207e+01 1.204159457879229578e+01 1.923538406167134340e+01 3.138470965295043058e+01 3.605551275463989125e+00 2.668332812825266842e+01 1.526433752247374720e+01 1.902629759044044633e+01 2.147091055358388800e+01 1.236931687685298087e+01
1.170469991071962568e+01 1.403566884761819900e+01 1.341640786499873883e+01 0.000000000000000000e+00 1.612451549659709826e+01 2.184032966784155505e+01 6.708203932499369415e+00 1.140175425099137918e+01 1.700000000000000000e+01 1.341640786499873883e+01 2.051828452868319275e+01 1.264911064067351809e+01 1.843908891458577415e+01 1.208304597359457233e+01 1.315294643796590535e+01 2.236067977499789805e+00 1.627882059609970611e+01 1.000000000000000000e+01 1.615549442140351033e+01 1.941648783894759944e+01 7.000000000000000000e+00 1.581138830084189628e+01 2.137755832643194864e+01 1.700000000000000000e+01 2.690724809414741969e+01 8.062257748298549132e+00 8.602325267042626677e+00 1.315294643796590535e+01 1.081665382639196871e+01
1.769180601295413169e+01 3.014962686336266984e+01 1.720465053408525335e+01 1.612451549659709826e+01 0.000000000000000000e+00 3.785498646149540036e+01 1.004987562112088995e+01 7.071067811865475505e+00 2.941088233970548416e+01 2.828427124746190202e+01 3.448187929913333249e+01 4.472135954999579610e+00 1.649242250247064234e+01 5.830951894845300743e+00 2.343074902771996193e+01 1.403566884761819900e+01 1.486606874731850603e+01 2.433105012119287736e+01 3.125699921617556853e+01 2.900000000000000000e+01 9.219544457292887074e+00 3.101612483854164637e+01 3.705401462729781059e+01 1.878829422805593552e+01 4.118252056394800320e+01 2.376972864800942631e+01 1.208304597359457233e+01 2.927456233660889495e+01 2.459674775249768786e+01
2.549509756796392423e+01 8.602325267042626677e+00 2.765863337187866122e+01 2.184032966784155505e+01 3.785498646149540036e+01 0.000000000000000000e+00 2.846049894151541437e+01 3.214031735997639316e+01 1.581138830084189628e+01 1.500000000000000000e+01 1.140175425099137918e+01 3.448187929913333249e+01 3.395585369269929288e+01 3.383784863137726262e+01 2.024845673131658685e+01 2.404163056034261459e+01 3.255764119219941222e+01 1.769180601295413169e+01 1.341640786499873883e+01 2.140093455903269515e+01 2.863564212655270680e+01 8.544003745317530374e+00 1.000000000000000000e+01 3.036445290137795183e+01 1.204159457879229578e+01 1.414213562373095101e+01 2.906888370749726747e+01 8.944271909999159220e+00 1.529705854077835525e+01
1.414213562373095101e+01 2.039607805437113797e+01 1.500000000000000000e+01 6.708203932499369415e+00 1.004987562112088995e+01 2.846049894151541437e+01 0.000000000000000000e+00 7.810249675906653977e+00 2.280350850198275836e+01 1.824828759089465890e+01 2.690724809414741969e+01 6.082762530298219339e+00 1.802775637731994607e+01 5.385164807134503739e+00 1.788854381999831844e+01 4.472135954999579610e+00 1.581138830084189628e+01 1.431782106327635340e+01 2.121320343559642652e+01 2.416609194718914466e+01 3.162277660168379523e+00 2.247220505424423109e+01 2.701851217221259205e+01 1.811077027627483460e+01 3.342154993413680586e+01 1.476482306023340030e+01 4.123105625617660586e+00 1.964688270438849926e+01 1.697056274847713908e+01
1.063014581273464998e+01 2.507987240796890660e+01 1.029563014098700080e+01 1.140175425099137918e+01 7.071067811865475505e+00 3.214031735997639316e+01 7.810249675906653977e+00 0.000000000000000000e+00 2.247220505424423109e+01 2.469817807045693669e+01 2.773084924772409465e+01 7.071067811865475505e+00 1.104536101718726115e+01 8.000000000000000000e+00 1.640121946685672683e+01 9.848857801796103928e+00 9.000000000000000000e+00 2.102379604162863913e+01 2.751363298439520833e+01 2.193171219946130890e+01 5.000000000000000000e+00 2.473863375370596174e+01 3.275667870831839679e+01 1.236931687685298087e+01 3.443835071544512516e+01 1.802775637731994607e+01 1.166190378969060149e+01 2.402082429892862692e+01 1.802775637731994607e+01
1.264911064067351809e+01 1.523154621172781731e+01 1.431782106327635340e+01 1.700000000000000000e+01 2.941088233970548416e+01 1.581138830084189628e+01 2.280350850198275836e+01 2.247220505424423109e+01 0.000000000000000000e+00 2.137755832643194864e+01 6.000000000000000000e+00 2.758622844826744469e+01 2.002498439450078749e+01 2.758622844826744469e+01 6.324555320336759046e+00 1.886796226411320632e+01 1.923538406167134340e+01 2.100000000000000000e+01 2.213594362117865444e+01 5.656854249492380582e+00 2.121320343559642652e+01 7.810249675906653977e+00 2.302172886644267535e+01 1.600000000000000000e+01 1.236931687685298087e+01 1.104536101718726115e+01 2.555386467836127551e+01 1.392838827718411920e+01 6.324555320336759046e+00
2.334523505985750447e+01 7.280109889280518054e+00 2.545584412271571040e+01 1.341640786499873883e+01 2.828427124746190202e+01 1.500000000000000000e+01 1.824828759089465890e+01 2.469817807045693669e+01 2.137755832643194864e+01 0.000000000000000000e+00 2.109502310972898798e+01 2.408318915758459156e+01 3.124099870362661591e+01 2.302172886644267535e+01 2.147091055358388800e+01 1.486606874731850603e+01 2.920616373302046753e+01 4.000000000000000000e+00 3.000000000000000000e+00 2.624880949681337583e+01 1.992485884517127559e+01 1.503329637837290811e+01 9.219544457292887074e+00 2.900000000000000000e+01 2.529822128134703618e+01 1.118033988749894903e+01 1.702938636592640265e+01 8.062257748298549132e+00 1.615549442140351033e+01
1.843908891458577415e+01 1.400000000000000000e+01 2.022374841615668473e+01 2.051828452868319275e+01 3.448187929913333249e+01 1.140175425099137918e+01 2.690724809414741969e+01 2.773084924772409465e+01 6.000000000000000000e+00 2.109502310972898798e+01 0.000000000000000000e+00 3.220248437620923454e+01 2.601922366251537611e+01 3.201562118716424266e+01 1.216552506059643868e+01 2.262741699796952233e+01 2.517935662402834396e+01 2.184032966784155505e+01 2.102379604162863913e+01 1.077032961426900748e+01 2.580697580112788003e+01 6.082762530298219339e+00 2.024845673131658685e+01 2.200000000000000000e+01 6.708203932499369415e+00 1.303840481040529831e+01 2.906888370749726747e+01 1.303840481040529831e+01 1.000000000000000000e+01
1.700000000000000000e+01 2.647640458974745314e+01 1.708800749063506075e+01 1.264911064067351809e+01 4.472135954999579610e+00 3.448187929913333249e+01 6.082762530298219339e+00 7.071067811865475505e+00 2.758622844826744469e+01 2.408318915758459156e+01 3.220248437620923454e+01 0.000000000000000000e+00 1.800000000000000000e+01 1.414213562373095145e+00 2.202271554554523902e+01 1.044030650891055068e+01 1.603121954188139853e+01 2.009975124224177989e+01 2.707397274136176790e+01 2.801785145224380003e+01 6.403124237432848531e+00 2.817800560721074277e+01 3.300000000000000000e+01 1.941648783894759944e+01 3.883297567789519888e+01 2.061552812808830382e+01 7.615773105863908654e+00 2.570992026436488231e+01 2.220360331117451835e+01
8.544003745317530374e+00 2.906888370749726747e+01 6.324555320336759046e+00 1.843908891458577415e+01 1.649242250247064234e+01 3.395585369269929288e+01 1.802775637731994607e+01 1.104536101718726115e+01 2.002498439450078749e+01 3.124099870362661591e+01 2.601922366251537611e+01 1.800000000000000000e+01 0.000000000000000000e+00 1.902629759044044633e+01 1.403566884761819900e+01 1.802775637731994607e+01 2.236067977499789805e+00 2.828427124746190202e+01 3.360059523282288296e+01 1.676305461424021104e+01 1.486606874731850603e+01 2.549509756796392423e+01 3.758989225842500304e+01 4.123105625617660586e+00 3.224903099319419653e+01 2.147091055358388800e+01 2.213594362117865444e+01 2.773084924772409465e+01 1.868154169226940553e+01
1.746424919657297892e+01 2.570992026436488231e+01 1.772004514666934938e+01 1.208304597359457233e+01 5.830951894845300743e+00 3.383784863137726262e+01 5.385164807134503739e+00 8.000000000000000000e+00 2.758622844826744469e+01 2.302172886644267535e+01 3.201562118716424266e+01 1.414213562373095145e+00 1.902629759044044633e+01 0.000000000000000000e+00 2.220360331117451835e+01 9.848857801796103928e+00 1.700000000000000000e+01 1.902629759044044633e+01 2.601922366251537611e+01 2.830194339616981125e+01 6.403124237432848531e+00 2.778488797889960793e+01 3.201562118716424266e+01 2.022374841615668473e+01 3.860051813123756403e+01 2.012461179749810825e+01 6.324555320336759046e+00 2.500000000000000000e+01 2.202271554554523902e+01
6.324555320336759046e+00 1.697056274847713908e+01 8.062257748298549132e+00 1.315294643796590535e+01 2.343074902771996193e+01 2.024845673131658685e+01 1.788854381999831844e+01 1.640121946685672683e+01 6.324555320336759046e+00 2.147091055358388800e+01 1.216552506059643868e+01 2.202271554554523902e+01 1.403566884761819900e+01 2.220360331117451835e+01 0.000000000000000000e+00 1.456021977856103611e+01 1.303840481040529831e+01 1.992485884517127559e+01 2.302172886644267535e+01 6.324555320336759046e+00 1.581138830084189628e+01 1.170469991071962568e+01 2.549509756796392423e+01 1.019803902718556898e+01 1.868154169226940553e+01 1.029563014098700080e+01 2.118962010041709121e+01 1.555634918610404505e+01 5.656854249492380582e+00
1.216552506059643868e+01 1.612451549659709826e+01 1.360147050873544394e+01 2.236067977499789805e+00 1.403566884761819900e+01 2.404163056034261459e+01 4.472135954999579610e+00 9.848857801796103928e+00 1.886796226411320632e+01 1.486606874731850603e+01 2.262741699796952233e+01 1.044030650891055068e+01 1.802775637731994607e+01 9.848857801796103928e+00 1.456021977856103611e+01 0.000000000000000000e+00 1.581138830084189628e+01 1.118033988749894903e+01 1.772004514666934938e+01 2.088061301782110135e+01 5.099019513592784492e+00 1.802775637731994607e+01 2.319482700948640286e+01 1.708800749063506075e+01 2.906888370749726747e+01 1.029563014098700080e+01 6.708203932499369415e+00 1.529705854077835525e+01 1.280624847486569706e+01
7.071067811865475505e+00 2.731300056749532601e+01 5.000000000000000000e+00 1.627882059609970611e+01 1.486606874731850603e+01 3.255764119219941222e+01 1.581138830084189628e+01 9.000000000000000000e+00 1.923538406167134340e+01 2.920616373302046753e+01 2.517935662402834396e+01 1.603121954188139853e+01 2.236067977499789805e+00 1.700000000000000000e+01 1.303840481040529831e+01 1.581138830084189628e+01 0.000000000000000000e+00 2.617250465660480074e+01 3.162277660168379256e+01 1.655294535724684835e+01 1.264911064067351809e+01 2.418677324489564739e+01 3.577708763999663688e+01 4.242640687119284770e+00 3.157530680769388809e+01 1.969771560359220786e+01 1.992485884517127559e+01 2.600000000000000000e+01 1.726267650163206824e+01
2.080865204668481283e+01 9.219544457292887074e+00 2.280350850198275836e+01 1.000000000000000000e+01 2.433105012119287736e+01 1.769180601295413169e+01 1.431782106327635340e+01 2.102379604162863913e+01 2.100000000000000000e+01 4.000000000000000000e+00 2.184032966784155505e+01 2.009975124224177989e+01 2.828427124746190202e+01 1.902629759044044633e+01 1.992485884517127559e+01 1.118033988749894903e+01 2.617250465660480074e+01 0.000000000000000000e+00 7.000000000000000000e+00 2.531797780234432693e+01 1.615549442140351033e+01 1.581138830084189628e+01 1.315294643796590535e+01 2.640075756488817049e+01 2.683281572999747766e+01 1.004987562112088995e+01 1.303840481040529831e+01 9.433981132056603158e+00 1.513274595042155646e+01
2.549509756796392423e+01 7.071067811865475505e+00 2.765863337187866122e+01 1.615549442140351033e+01 3.125699921617556853e+01 1.341640786499873883e+01 2.121320343559642652e+01 2.751363298439520833e+01 2.213594362117865444e+01 3.000000000000000000e+00 2.102379604162863913e+01 2.707397274136176790e+01 3.360059523282288296e+01 2.601922366251537611e+01 2.302172886644267535e+01 1.772004514666934938e+01 3.162277660168379256e+01 7.000000000000000000e+00 0.000000000000000000e+00 2.731300056749532601e+01 2.280350850198275836e+01 1.513274595042155646e+01 6.324555320336759046e+00 3.114482300479487265e+01 2.451530134426252516e+01 1.280624847486569706e+01 2.002498439450078749e+01 8.246211251235321171e+00 1.749285568453590045e+01
1.131370849898476116e+01 2.059126028197400160e+01 1.220655561573370207e+01 1.941648783894759944e+01 2.900000000000000000e+01 2.140093455903269515e+01 2.416609194718914466e+01 2.193171219946130890e+01 5.656854249492380582e+00 2.624880949681337583e+01 1.077032961426900748e+01 2.801785145224380003e+01 1.676305461424021104e+01 2.830194339616981125e+01 6.324555320336759046e+00 2.088061301782110135e+01 1.655294535724684835e+01 2.531797780234432693e+01 2.731300056749532601e+01 0.000000000000000000e+00 2.195449840010014952e+01 1.345362404707370985e+01 2.860069929215018192e+01 1.264911064067351809e+01 1.603121954188139853e+01 1.529705854077835525e+01 2.751363298439520833e+01 1.923538406167134340e+01 1.019803902718556898e+01
1.140175425099137918e+01 2.102379604162863913e+01 1.204159457879229578e+01 7.000000000000000000e+00 9.219544457292887074e+00 2.863564212655270680e+01 3.162277660168379523e+00 5.000000000000000000e+00 2.121320343559642652e+01 1.992485884517127559e+01 2.580697580112788003e+01 6.403124237432848531e+00 1.486606874731850603e+01 6.403124237432848531e+00 1.581138830084189628e+01 5.099019513592784492e+00 1.264911064067351809e+01 1.615549442140351033e+01 2.280350850198275836e+01 2.195449840010014952e+01 0.000000000000000000e+00 2.193171219946130890e+01 2.828427124746190202e+01 1.503329637837290811e+01 3.244996147917590434e+01 1.456021977856103611e+01 7.280109889280518054e+00 2.009975124224177989e+01 1.581138830084189628e+01
1.711724276862369010e+01 8.062257748298549132e+00 1.923538406167134340e+01 1.581138830084189628e+01 3.101612483854164637e+01 8.544003745317530374e+00 2.247220505424423109e+01 2.473863375370596174e+01 7.810249675906653977e+00 1.503329637837290811e+01 6.082762530298219339e+00 2.817800560721074277e+01 2.549509756796392423e+01 2.778488797889960793e+01 1.170469991071962568e+01 1.802775637731994607e+01 2.418677324489564739e+01 1.581138830084189628e+01 1.513274595042155646e+01 1.345362404707370985e+01 2.193171219946130890e+01 0.000000000000000000e+00 1.526433752247374720e+01 2.184032966784155505e+01 1.140175425099137918e+01 7.810249675906653977e+00 2.408318915758459156e+01 7.000000000000000000e+00 7.000000000000000000e+00
2.915475947422650194e+01 8.602325267042626677e+00 3.138470965295043058e+01 2.137755832643194864e+01 3.705401462729781059e+01 1.000000000000000000e+01 2.701851217221259205e+01 3.275667870831839679e+01 2.302172886644267535e+01 9.219544457292887074e+00 2.024845673131658685e+01 3.300000000000000000e+01 3.758989225842500304e+01 3.201562118716424266e+01 2.549509756796392423e+01 2.319482700948640286e+01 3.577708763999663688e+01 1.315294643796590535e+01 6.324555320336759046e+00 2.860069929215018192e+01 2.828427124746190202e+01 1.526433752247374720e+01 0.000000000000000000e+00 3.466987164671942878e+01 2.202271554554523902e+01 1.612451549659709826e+01 2.617250465660480074e+01 1.000000000000000000e+01 1.984943324127920761e+01
5.656854249492380582e+00 2.607680962081059661e+01 3.605551275463989125e+00 1.700000000000000000e+01 1.878829422805593552e+01 3.036445290137795183e+01 1.811077027627483460e+01 1.236931687685298087e+01 1.600000000000000000e+01 2.900000000000000000e+01 2.200000000000000000e+01 1.941648783894759944e+01 4.123105625617660586e+00 2.022374841615668473e+01 1.019803902718556898e+01 1.708800749063506075e+01 4.242640687119284770e+00 2.640075756488817049e+01 3.114482300479487265e+01 1.264911064067351809e+01 1.503329637837290811e+01 2.184032966784155505e+01 3.466987164671942878e+01 0.000000000000000000e+00 2.816025568065744622e+01 1.860107523773827509e+01 2.220360331117451835e+01 2.469817807045693669e+01 1.523154621172781731e+01
2.500000000000000000e+01 1.802775637731994607e+01 2.668332812825266842e+01 2.690724809414741969e+01 4.118252056394800320e+01 1.204159457879229578e+01 3.342154993413680586e+01 3.443835071544512516e+01 1.236931687685298087e+01 2.529822128134703618e+01 6.708203932499369415e+00 3.883297567789519888e+01 3.224903099319419653e+01 3.860051813123756403e+01 1.868154169226940553e+01 2.906888370749726747e+01 3.157530680769388809e+01 2.683281572999747766e+01 2.451530134426252516e+01 1.603121954188139853e+01 3.244996147917590434e+01 1.140175425099137918e+01 2.202271554554523902e+01 2.816025568065744622e+01 0.000000000000000000e+00 1.910497317454279909e+01 3.535533905932737753e+01 1.746424919657297892e+01 1.664331697709323876e+01
1.303840481040529831e+01 7.615773105863908654e+00 1.526433752247374720e+01 8.062257748298549132e+00 2.376972864800942631e+01 1.414213562373095101e+01 1.476482306023340030e+01 1.802775637731994607e+01 1.104536101718726115e+01 1.118033988749894903e+01 1.303840481040529831e+01 2.061552812808830382e+01 2.147091055358388800e+01 2.012461179749810825e+01 1.029563014098700080e+01 1.029563014098700080e+01 1.969771560359220786e+01 1.004987562112088995e+01 1.280624847486569706e+01 1.529705854077835525e+01 1.456021977856103611e+01 7.810249675906653977e+00 1.612451549659709826e+01 1.860107523773827509e+01 1.910497317454279909e+01 0.000000000000000000e+00 1.627882059609970611e+01 6.324555320336759046e+00 5.099019513592784492e+00
1.802775637731994607e+01 2.061552812808830382e+01 1.902629759044044633e+01 8.602325267042626677e+00 1.208304597359457233e+01 2.906888370749726747e+01 4.123105625617660586e+00 1.166190378969060149e+01 2.555386467836127551e+01 1.702938636592640265e+01 2.906888370749726747e+01 7.615773105863908654e+00 2.213594362117865444e+01 6.324555320336759046e+00 2.118962010041709121e+01 6.708203932499369415e+00 1.992485884517127559e+01 1.303840481040529831e+01 2.002498439450078749e+01 2.751363298439520833e+01 7.280109889280518054e+00 2.408318915758459156e+01 2.617250465660480074e+01 2.220360331117451835e+01 3.535533905932737753e+01 1.627882059609970611e+01 0.000000000000000000e+00 2.012461179749810825e+01 1.941648783894759944e+01
1.923538406167134340e+01 1.414213562373095145e+00 2.147091055358388800e+01 1.315294643796590535e+01 2.927456233660889495e+01 8.944271909999159220e+00 1.964688270438849926e+01 2.402082429892862692e+01 1.392838827718411920e+01 8.062257748298549132e+00 1.303840481040529831e+01 2.570992026436488231e+01 2.773084924772409465e+01 2.500000000000000000e+01 1.555634918610404505e+01 1.529705854077835525e+01 2.600000000000000000e+01 9.433981132056603158e+00 8.246211251235321171e+00 1.923538406167134340e+01 2.009975124224177989e+01 7.000000000000000000e+00 1.000000000000000000e+01 2.469817807045693669e+01 1.746424919657297892e+01 6.324555320336759046e+00 2.012461179749810825e+01 0.000000000000000000e+00 9.899494936611665352e+00
1.019803902718556898e+01 1.131370849898476116e+01 1.236931687685298087e+01 1.081665382639196871e+01 2.459674775249768786e+01 1.529705854077835525e+01 1.697056274847713908e+01 1.802775637731994607e+01 6.324555320336759046e+00 1.615549442140351033e+01 1.000000000000000000e+01 2.220360331117451835e+01 1.868154169226940553e+01 2.202271554554523902e+01 5.656854249492380582e+00 1.280624847486569706e+01 1.726267650163206824e+01 1.513274595042155646e+01 1.749285568453590045e+01 1.019803902718556898e+01 1.581138830084189628e+01 7.000000000000000000e+00 1.984943324127920761e+01 1.523154621172781731e+01 1.664331697709323876e+01 5.099019513592784492e+00 1.941648783894759944e+01 9.899494936611665352e+00 0.000000000000000000e+00
