0.000000000000000000e+00 2.473863375370596174e+01 1.252996408614166768e+01 7.071067811865475505e+00 2.831960451701259274e+01 8.062257748298549132e+00 1.697056274847713908e+01 1.216552506059643868e+01 3.162277660168379523e+00 2.118962010041709121e+01 1.081665382639196871e+01 1.649242250247064234e+01 2.408318915758459156e+01 2.158703314492290204e+01 9.000000000000000000e+00 2.154065922853801496e+01 2.102379604162863913e+01 1.838477631085023489e+01 1.000000000000000000e+01 5.000000000000000000e+00 1.456021977856103611e+01
2.473863375370596174e+01 0.000000000000000000e+00 2.475883680627989492e+01 1.772004514666934938e+01 1.581138830084189628e+01 2.801785145224380003e+01 3.649657518178931781e+01 1.442220510185595650e+01 2.745906043549196340e+01 4.123105625617660586e+00 2.343074902771996193e+01 2.973213749463701205e+01 8.000000000000000000e+00 3.264965543462901820e+01 2.830194339616981125e+01 3.052867504494749440e+01 2.745906043549196340e+01 2.860069929215018192e+01 3.310589071449369669e+01 2.640075756488817049e+01 1.414213562373095101e+01
1.252996408614166768e+01 2.475883680627989492e+01 0.000000000000000000e+00 1.204159457879229578e+01 3.453983207834108526e+01 2.059126028197400160e+01 2.920616373302046753e+01 1.081665382639196871e+01 1.500000000000000000e+01 2.280350850198275836e+01 2.000000000000000000e+00 2.879236009777593708e+01 2.012461179749810825e+01 3.383784863137726262e+01 6.324555320336759046e+00 9.219544457292887074e+00 3.238826948140329165e+01 6.082762530298219339e+00 1.236931687685298087e+01 8.485281374238569541e+00 1.063014581273464998e+01
7.071067811865475505e+00 1.772004514666934938e+01 1.204159457879229578e+01 0.000000000000000000e+00 2.332380757938120297e+01 1.252996408614166768e+01 2.195449840010014952e+01 5.830951894845300743e+00 1.000000000000000000e+01 1.431782106327635340e+01 1.004987562112088995e+01 1.860107523773827509e+01 1.726267650163206824e+01 2.332380757938120297e+01 1.220655561573370207e+01 2.102379604162863913e+01 2.088061301782110135e+01 1.800000000000000000e+01 1.581138830084189628e+01 9.219544457292887074e+00 8.602325267042626677e+00
2.831960451701259274e+01 1.581138830084189628e+01 3.453983207834108526e+01 2.332380757938120297e+01 0.000000000000000000e+00 2.692582403567251959e+01 3.228002478313794654e+01 2.404163056034261459e+01 2.973213749463701205e+01 1.403566884761819900e+01 3.269556544854363267e+01 2.353720459187963954e+01 2.353720459187963954e+01 2.400000000000000000e+01 3.551056180912940619e+01 4.244997055358224713e+01 1.800000000000000000e+01 3.984971769034255118e+01 3.828837943815329226e+01 3.220248437620923454e+01 2.549509756796392423e+01
8.062257748298549132e+00 2.801785145224380003e+01 2.059126028197400160e+01 1.252996408614166768e+01 2.692582403567251959e+01 0.000000000000000000e+00 9.433981132056603158e+00 1.835755975068581947e+01 6.082762530298219339e+00 2.400000000000000000e+01 1.886796226411320632e+01 9.000000000000000000e+00 2.941088233970548416e+01 1.403566884761819900e+01 1.649242250247064234e+01 2.954657340538831534e+01 1.486606874731850603e+01 2.640075756488817049e+01 1.513274595042155646e+01 1.264911064067351809e+01 2.109502310972898798e+01
1.697056274847713908e+01 3.649657518178931781e+01 2.920616373302046753e+01 2.195449840010014952e+01 3.228002478313794654e+01 9.433981132056603158e+00 0.000000000000000000e+00 2.778488797889960793e+01 1.421267040355189515e+01 3.238826948140329165e+01 2.765863337187866122e+01 8.944271909999159220e+00 3.862641583165593318e+01 1.140175425099137918e+01 2.418677324489564739e+01 3.773592452822641263e+01 1.581138830084189628e+01 3.466987164671942878e+01 2.088061301782110135e+01 2.080865204668481283e+01 3.052867504494749440e+01
1.216552506059643868e+01 1.442220510185595650e+01 1.081665382639196871e+01 5.830951894845300743e+00 2.404163056034261459e+01 1.835755975068581947e+01 2.778488797889960793e+01 0.000000000000000000e+00 1.529705854077835525e+01 1.204159457879229578e+01 9.219544457292887074e+00 2.408318915758459156e+01 1.200000000000000000e+01 2.860069929215018192e+01 1.389244398944980396e+01 1.843908891458577415e+01 2.549509756796392423e+01 1.581138830084189628e+01 1.897366596101027625e+01 1.236931687685298087e+01 2.828427124746190291e+00
3.162277660168379523e+00 2.745906043549196340e+01 1.500000000000000000e+01 1.000000000000000000e+01 2.973213749463701205e+01 6.082762530298219339e+00 1.421267040355189515e+01 1.529705854077835525e+01 0.000000000000000000e+00 2.376972864800942631e+01 1.345362404707370985e+01 1.503329637837290811e+01 2.716615541441224835e+01 2.009975124224177989e+01 1.044030650891055068e+01 2.370653918225939449e+01 2.039607805437113797e+01 2.059126028197400160e+01 9.486832980505138124e+00 6.708203932499369415e+00 1.772004514666934938e+01
2.118962010041709121e+01 4.123105625617660586e+00 2.280350850198275836e+01 1.431782106327635340e+01 1.403566884761819900e+01 2.400000000000000000e+01 3.238826948140329165e+01 1.204159457879229578e+01 2.376972864800942631e+01 0.000000000000000000e+00 2.126029162546929996e+01 2.563201123595259290e+01 9.848857801796103928e+00 2.865309756378880479e+01 2.561249694973139412e+01 2.954657340538831534e+01 2.360084744241189370e+01 2.729468812791236232e+01 3.001666203960726875e+01 2.332380757938120297e+01 1.252996408614166768e+01
1.081665382639196871e+01 2.343074902771996193e+01 2.000000000000000000e+00 1.004987562112088995e+01 3.269556544854363267e+01 1.886796226411320632e+01 2.765863337187866122e+01 9.219544457292887074e+00 1.345362404707370985e+01 2.126029162546929996e+01 0.000000000000000000e+00 2.692582403567251959e+01 1.931320791582796659e+01 3.195309061734091571e+01 6.000000000000000000e+00 1.118033988749894903e+01 3.041381265149109936e+01 8.062257748298549132e+00 1.204159457879229578e+01 7.211102550927978250e+00 9.433981132056603158e+00
1.649242250247064234e+01 2.973213749463701205e+01 2.879236009777593708e+01 1.860107523773827509e+01 2.353720459187963954e+01 9.000000000000000000e+00 8.944271909999159220e+00 2.408318915758459156e+01 1.503329637837290811e+01 2.563201123595259290e+01 2.692582403567251959e+01 0.000000000000000000e+00 3.328663395418647752e+01 5.099019513592784492e+00 2.531797780234432693e+01 3.794733192202055250e+01 7.071067811865475505e+00 3.478505426185217431e+01 2.408318915758459156e+01 2.137755832643194864e+01 2.690724809414741969e+01
2.408318915758459156e+01 8.000000000000000000e+00 2.012461179749810825e+01 1.726267650163206824e+01 2.353720459187963954e+01 2.941088233970548416e+01 3.862641583165593318e+01 1.200000000000000000e+01 2.716615541441224835e+01 9.848857801796103928e+00 1.931320791582796659e+01 3.328663395418647752e+01 0.000000000000000000e+00 3.701351104664349378e+01 2.500000000000000000e+01 2.408318915758459156e+01 3.252691193458118590e+01 2.267156809750926882e+01 3.059411708155671050e+01 2.418677324489564739e+01 1.019803902718556898e+01
2.158703314492290204e+01 3.264965543462901820e+01 3.383784863137726262e+01 2.332380757938120297e+01 2.400000000000000000e+01 1.403566884761819900e+01 1.140175425099137918e+01 2.860069929215018192e+01 2.009975124224177989e+01 2.865309756378880479e+01 3.195309061734091571e+01 5.099019513592784492e+00 3.701351104664349378e+01 0.000000000000000000e+00 3.041381265149109936e+01 4.301162633521313694e+01 6.000000000000000000e+00 3.984971769034255118e+01 2.901723625709381693e+01 2.647640458974745314e+01 3.140063693621516450e+01
9.000000000000000000e+00 2.830194339616981125e+01 6.324555320336759046e+00 1.220655561573370207e+01 3.551056180912940619e+01 1.649242250247064234e+01 2.418677324489564739e+01 1.389244398944980396e+01 1.044030650891055068e+01 2.561249694973139412e+01 6.000000000000000000e+00 2.531797780234432693e+01 2.500000000000000000e+01 3.041381265149109936e+01 0.000000000000000000e+00 1.360147050873544394e+01 3.001666203960726875e+01 1.063014581273464998e+01 6.082762530298219339e+00 4.000000000000000000e+00 1.486606874731850603e+01
2.154065922853801496e+01 3.052867504494749440e+01 9.219544457292887074e+00 2.102379604162863913e+01 4.244997055358224713e+01 2.954657340538831534e+01 3.773592452822641263e+01 1.843908891458577415e+01 2.370653918225939449e+01 2.954657340538831534e+01 1.118033988749894903e+01 3.794733192202055250e+01 2.408318915758459156e+01 4.301162633521313694e+01 1.360147050873544394e+01 0.000000000000000000e+00 4.159326868617084472e+01 3.162277660168379523e+00 1.843908891458577415e+01 1.700000000000000000e+01 1.708800749063506075e+01
2.102379604162863913e+01 2.745906043549196340e+01 3.238826948140329165e+01 2.088061301782110135e+01 1.800000000000000000e+01 1.486606874731850603e+01 1.581138830084189628e+01 2.549509756796392423e+01 2.039607805437113797e+01 2.360084744241189370e+01 3.041381265149109936e+01 7.071067811865475505e+00 3.252691193458118590e+01 6.000000000000000000e+00 3.001666203960726875e+01 4.159326868617084472e+01 0.000000000000000000e+00 3.847076812334268681e+01 2.983286778035259701e+01 2.601922366251537611e+01 2.817800560721074277e+01
1.838477631085023489e+01 2.860069929215018192e+01 6.082762530298219339e+00 1.800000000000000000e+01 3.984971769034255118e+01 2.640075756488817049e+01 3.466987164671942878e+01 1.581138830084189628e+01 2.059126028197400160e+01 2.729468812791236232e+01 8.062257748298549132e+00 3.478505426185217431e+01 2.267156809750926882e+01 3.984971769034255118e+01 1.063014581273464998e+01 3.162277660168379523e+00 3.847076812334268681e+01 0.000000000000000000e+00 1.581138830084189628e+01 1.389244398944980396e+01 1.476482306023340030e+01
1.000000000000000000e+01 3.310589071449369669e+01 1.236931687685298087e+01 1.581138830084189628e+01 3.828837943815329226e+01 1.513274595042155646e+01 2.088061301782110135e+01 1.897366596101027625e+01 9.486832980505138124e+00 3.001666203960726875e+01 1.204159457879229578e+01 2.408318915758459156e+01 3.059411708155671050e+01 2.901723625709381693e+01 6.082762530298219339e+00 1.843908891458577415e+01 2.983286778035259701e+01 1.581138830084189628e+01 0.000000000000000000e+00 6.708203932499369415e+00 2.039607805437113797e+01
5.000000000000000000e+00 2.640075756488817049e+01 8.485281374238569541e+00 9.219544457292887074e+00 3.220248437620923454e+01 1.264911064067351809e+01 2.080865204668481283e+01 1.236931687685298087e+01 6.708203932499369415e+00 2.332380757938120297e+01 7.211102550927978250e+00 2.137755832643194864e+01 2.418677324489564739e+01 2.647640458974745314e+01 4.000000000000000000e+00 1.700000000000000000e+01 2.601922366251537611e+01 1.389244398944980396e+01 6.708203932499369415e+00 0.000000000000000000e+00 1.403566884761819900e+01
1.456021977856103611e+01 1.414213562373095101e+01 1.063014581273464998e+01 8.602325267042626677e+00 2.549509756796392423e+01 2.109502310972898798e+01 3.052867504494749440e+01 2.828427124746190291e+00 1.772004514666934938e+01 1.252996408614166768e+01 9.433981132056603158e+00 2.690724809414741969e+01 1.019803902718556898e+01 3.140063693621516450e+01 1.486606874731850603e+01 1.708800749063506075e+01 2.817800560721074277e+01 1.476482306023340030e+01 2.039607805437113797e+01 1.403566884761819900e+01 0.000000000000000000e+00
