0.000000000000000000e+00 1.746424919657297892e+01 2.022374841615668473e+01 1.897366596101027625e+01 2.701851217221259205e+01 3.640054944640259293e+01 1.769180601295413169e+01 1.581138830084189628e+01 3.231098884280702066e+01 1.526433752247374720e+01 3.733630940518894192e+01 3.512833614050059339e+01 2.009975124224177989e+01 3.820994634908559817e+01 2.863564212655270680e+01 1.902629759044044633e+01 7.615773105863908654e+00 6.403124237432848531e+00 1.236931687685298087e+01 3.080584360149872580e+01 1.100000000000000000e+01 2.024845673131658685e+01 1.500000000000000000e+01 1.077032961426900748e+01 2.308679276123039159e+01
1.746424919657297892e+01 0.000000000000000000e+00 2.126029162546929996e+01 1.780449381476485726e+01 1.700000000000000000e+01 3.026549190084311292e+01 8.944271909999159220e+00 2.236067977499789805e+00 2.647640458974745314e+01 5.656854249492380582e+00 3.511409973215887703e+01 3.689173349139343117e+01 2.483948469674844262e+01 3.996248240537617136e+01 2.256102834535695578e+01 3.605551275463989125e+00 1.004987562112088995e+01 1.303840481040529831e+01 5.099019513592784492e+00 2.785677655436823841e+01 2.828427124746190202e+01 3.605551275463989125e+00 7.071067811865475505e+00 2.184032966784155505e+01 2.059126028197400160e+01
2.022374841615668473e+01 2.126029162546929996e+01 0.000000000000000000e+00 3.605551275463989125e+00 1.403566884761819900e+01 1.720465053408525335e+01 1.280624847486569706e+01 1.920937271229854559e+01 1.345362404707370985e+01 1.562049935181330795e+01 1.711724276862369010e+01 1.615549442140351033e+01 5.000000000000000000e+00 1.931320791582796659e+01 1.081665382639196871e+01 2.483948469674844262e+01 1.746424919657297892e+01 1.503329637837290811e+01 1.923538406167134340e+01 1.077032961426900748e+01 2.441311123146740414e+01 2.061552812808830382e+01 1.421267040355189515e+01 1.220655561573370207e+01 4.472135954999579610e+00
1.897366596101027625e+01 1.780449381476485726e+01 3.605551275463989125e+00 0.000000000000000000e+00 1.140175425099137918e+01 1.746424919657297892e+01 9.219544457292887074e+00 1.581138830084189628e+01 1.341640786499873883e+01 1.220655561573370207e+01 1.902629759044044633e+01 1.923538406167134340e+01 8.246211251235321171e+00 2.236067977499789805e+01 1.000000000000000000e+01 2.140093455903269515e+01 1.503329637837290811e+01 1.315294643796590535e+01 1.615549442140351033e+01 1.204159457879229578e+01 2.475883680627989492e+01 1.702938636592640265e+01 1.081665382639196871e+01 1.280624847486569706e+01 4.123105625617660586e+00
2.701851217221259205e+01 1.700000000000000000e+01 1.403566884761819900e+01 1.140175425099137918e+01 0.000000000000000000e+00 1.360147050873544394e+01 9.848857801796103928e+00 1.612451549659709826e+01 1.029563014098700080e+01 1.360147050873544394e+01 2.000000000000000000e+01 2.441311123146740414e+01 1.902629759044044633e+01 2.701851217221259205e+01 7.071067811865475505e+00 2.009975124224177989e+01 2.059126028197400160e+01 2.061552812808830382e+01 1.868154169226940553e+01 1.345362404707370985e+01 3.500000000000000000e+01 1.414213562373095101e+01 1.300000000000000000e+01 2.370653918225939449e+01 1.004987562112088995e+01
3.640054944640259293e+01 3.026549190084311292e+01 1.720465053408525335e+01 1.746424919657297892e+01 1.360147050873544394e+01 0.000000000000000000e+00 2.200000000000000000e+01 2.906888370749726747e+01 4.123105625617660586e+00 2.600000000000000000e+01 8.544003745317530374e+00 1.603121954188139853e+01 2.051828452868319275e+01 1.746424919657297892e+01 8.062257748298549132e+00 3.354101966249684352e+01 3.157530680769388809e+01 3.036445290137795183e+01 3.101612483854164637e+01 7.211102550927978250e+00 4.161730409336962566e+01 2.765863337187866122e+01 2.501999200639360765e+01 2.941088233970548416e+01 1.341640786499873883e+01
1.769180601295413169e+01 8.944271909999159220e+00 1.280624847486569706e+01 9.219544457292887074e+00 9.848857801796103928e+00 2.200000000000000000e+01 0.000000000000000000e+00 7.280109889280518054e+00 1.802775637731994607e+01 4.000000000000000000e+00 2.624880949681337583e+01 2.801785145224380003e+01 1.700000000000000000e+01 3.106444913401813324e+01 1.403566884761819900e+01 1.252996408614166768e+01 1.081665382639196871e+01 1.140175425099137918e+01 9.055385138137417300e+00 1.897366596101027625e+01 2.683281572999747766e+01 7.810249675906653977e+00 3.162277660168379523e+00 1.711724276862369010e+01 1.166190378969060149e+01
1.581138830084189628e+01 2.236067977499789805e+00 1.920937271229854559e+01 1.581138830084189628e+01 1.612451549659709826e+01 2.906888370749726747e+01 7.280109889280518054e+00 0.000000000000000000e+00 2.517935662402834396e+01 3.605551275463989125e+00 3.352610922848042208e+01 3.498571136907180090e+01 2.267156809750926882e+01 3.807886552931954327e+01 2.121320343559642652e+01 5.656854249492380582e+00 8.246211251235321171e+00 1.100000000000000000e+01 3.605551275463989125e+00 2.624880949681337583e+01 2.647640458974745314e+01 4.472135954999579610e+00 5.000000000000000000e+00 1.964688270438849926e+01 1.878829422805593552e+01
3.231098884280702066e+01 2.647640458974745314e+01 1.345362404707370985e+01 1.341640786499873883e+01 1.029563014098700080e+01 4.123105625617660586e+00 1.802775637731994607e+01 2.517935662402834396e+01 0.000000000000000000e+00 2.202271554554523902e+01 9.899494936611665352e+00 1.581138830084189628e+01 1.720465053408525335e+01 1.788854381999831844e+01 4.000000000000000000e+00 2.983286778035259701e+01 2.745906043549196340e+01 2.624880949681337583e+01 2.700000000000000000e+01 5.000000000000000000e+00 3.780211634287159939e+01 2.404163056034261459e+01 2.100000000000000000e+01 2.561249694973139412e+01 9.433981132056603158e+00
1.526433752247374720e+01 5.656854249492380582e+00 1.562049935181330795e+01 1.220655561573370207e+01 1.360147050873544394e+01 2.600000000000000000e+01 4.000000000000000000e+00 3.605551275463989125e+00 2.202271554554523902e+01 0.000000000000000000e+00 3.008321791298264714e+01 3.138470965295043058e+01 1.920937271229854559e+01 3.448187929913333249e+01 1.802775637731994607e+01 9.219544457292887074e+00 7.810249675906653977e+00 9.486832980505138124e+00 5.099019513592784492e+00 2.280350850198275836e+01 2.529822128134703618e+01 6.082762530298219339e+00 1.414213562373095145e+00 1.711724276862369010e+01 1.523154621172781731e+01
3.733630940518894192e+01 3.511409973215887703e+01 1.711724276862369010e+01 1.902629759044044633e+01 2.000000000000000000e+01 8.544003745317530374e+00 2.624880949681337583e+01 3.352610922848042208e+01 9.899494936611665352e+00 3.008321791298264714e+01 0.000000000000000000e+00 8.246211251235321171e+00 1.838477631085023489e+01 9.055385138137417300e+00 1.303840481040529831e+01 3.862641583165593318e+01 3.405877273185280529e+01 3.201562118716424266e+01 3.471310991541956525e+01 7.280109889280518054e+00 4.031128874149274566e+01 3.310589071449369669e+01 2.886173937932362321e+01 2.846049894151541437e+01 1.513274595042155646e+01
3.512833614050059339e+01 3.689173349139343117e+01 1.615549442140351033e+01 1.923538406167134340e+01 2.441311123146740414e+01 1.603121954188139853e+01 2.801785145224380003e+01 3.498571136907180090e+01 1.581138830084189628e+01 3.138470965295043058e+01 8.246211251235321171e+00 0.000000000000000000e+00 1.503329637837290811e+01 3.162277660168379523e+00 1.749285568453590045e+01 4.049691346263317371e+01 3.352610922848042208e+01 3.080584360149872580e+01 3.534119409414458346e+01 1.118033988749894903e+01 3.590264614203248072e+01 3.560898762952971452e+01 3.001666203960726875e+01 2.501999200639360765e+01 1.640121946685672683e+01
2.009975124224177989e+01 2.483948469674844262e+01 5.000000000000000000e+00 8.246211251235321171e+00 1.902629759044044633e+01 2.051828452868319275e+01 1.700000000000000000e+01 2.267156809750926882e+01 1.720465053408525335e+01 1.920937271229854559e+01 1.838477631085023489e+01 1.503329637837290811e+01 0.000000000000000000e+00 1.811077027627483460e+01 1.523154621172781731e+01 2.831960451701259274e+01 1.923538406167134340e+01 1.615549442140351033e+01 2.202271554554523902e+01 1.345362404707370985e+01 2.193171219946130890e+01 2.469817807045693669e+01 1.780449381476485726e+01 1.019803902718556898e+01 9.219544457292887074e+00
3.820994634908559817e+01 3.996248240537617136e+01 1.931320791582796659e+01 2.236067977499789805e+01 2.701851217221259205e+01 1.746424919657297892e+01 3.106444913401813324e+01 3.807886552931954327e+01 1.788854381999831844e+01 3.448187929913333249e+01 9.055385138137417300e+00 3.162277660168379523e+00 1.811077027627483460e+01 0.000000000000000000e+00 2.000000000000000000e+01 4.356604182158393002e+01 3.668787265568828104e+01 3.395585369269929288e+01 3.848376280978771291e+01 1.360147050873544394e+01 3.863935817272331263e+01 3.860051813123756403e+01 3.312099032335839155e+01 2.800000000000000000e+01 1.941648783894759944e+01
2.863564212655270680e+01 2.256102834535695578e+01 1.081665382639196871e+01 1.000000000000000000e+01 7.071067811865475505e+00 8.062257748298549132e+00 1.403566884761819900e+01 2.121320343559642652e+01 4.000000000000000000e+00 1.802775637731994607e+01 1.303840481040529831e+01 1.749285568453590045e+01 1.523154621172781731e+01 2.000000000000000000e+01 0.000000000000000000e+00 2.596150997149434048e+01 2.353720459187963954e+01 2.247220505424423109e+01 2.300000000000000000e+01 6.403124237432848531e+00 3.471310991541956525e+01 2.024845673131658685e+01 1.700000000000000000e+01 2.262741699796952233e+01 6.403124237432848531e+00
1.902629759044044633e+01 3.605551275463989125e+00 2.483948469674844262e+01 2.140093455903269515e+01 2.009975124224177989e+01 3.354101966249684352e+01 1.252996408614166768e+01 5.656854249492380582e+00 2.983286778035259701e+01 9.219544457292887074e+00 3.862641583165593318e+01 4.049691346263317371e+01 2.831960451701259274e+01 4.356604182158393002e+01 2.596150997149434048e+01 0.000000000000000000e+00 1.216552506059643868e+01 1.552417469626002422e+01 7.280109889280518054e+00 3.138470965295043058e+01 3.001666203960726875e+01 6.000000000000000000e+00 1.063014581273464998e+01 2.469817807045693669e+01 2.418677324489564739e+01
7.615773105863908654e+00 1.004987562112088995e+01 1.746424919657297892e+01 1.503329637837290811e+01 2.059126028197400160e+01 3.157530680769388809e+01 1.081665382639196871e+01 8.246211251235321171e+00 2.745906043549196340e+01 7.810249675906653977e+00 3.405877273185280529e+01 3.352610922848042208e+01 1.923538406167134340e+01 3.668787265568828104e+01 2.353720459187963954e+01 1.216552506059643868e+01 0.000000000000000000e+00 3.605551275463989125e+00 5.000000000000000000e+00 2.700000000000000000e+01 1.824828759089465890e+01 1.264911064067351809e+01 7.810249675906653977e+00 1.303840481040529831e+01 1.900000000000000000e+01
6.403124237432848531e+00 1.303840481040529831e+01 1.503329637837290811e+01 1.315294643796590535e+01 2.061552812808830382e+01 3.036445290137795183e+01 1.140175425099137918e+01 1.100000000000000000e+01 2.624880949681337583e+01 9.486832980505138124e+00 3.201562118716424266e+01 3.080584360149872580e+01 1.615549442140351033e+01 3.395585369269929288e+01 2.247220505424423109e+01 1.552417469626002422e+01 3.605551275463989125e+00 0.000000000000000000e+00 8.246211251235321171e+00 2.517935662402834396e+01 1.581138830084189628e+01 1.513274595042155646e+01 8.944271909999159220e+00 9.433981132056603158e+00 1.726267650163206824e+01
1.236931687685298087e+01 5.099019513592784492e+00 1.923538406167134340e+01 1.615549442140351033e+01 1.868154169226940553e+01 3.101612483854164637e+01 9.055385138137417300e+00 3.605551275463989125e+00 2.700000000000000000e+01 5.099019513592784492e+00 3.471310991541956525e+01 3.534119409414458346e+01 2.202271554554523902e+01 3.848376280978771291e+01 2.300000000000000000e+01 7.280109889280518054e+00 5.000000000000000000e+00 8.246211251235321171e+00 0.000000000000000000e+00 2.745906043549196340e+01 2.319482700948640286e+01 8.062257748298549132e+00 6.000000000000000000e+00 1.746424919657297892e+01 1.964688270438849926e+01
3.080584360149872580e+01 2.785677655436823841e+01 1.077032961426900748e+01 1.204159457879229578e+01 1.345362404707370985e+01 7.211102550927978250e+00 1.897366596101027625e+01 2.624880949681337583e+01 5.000000000000000000e+00 2.280350850198275836e+01 7.280109889280518054e+00 1.118033988749894903e+01 1.345362404707370985e+01 1.360147050873544394e+01 6.403124237432848531e+00 3.138470965295043058e+01 2.700000000000000000e+01 2.517935662402834396e+01 2.745906043549196340e+01 0.000000000000000000e+00 3.498571136907180090e+01 2.594224354214569317e+01 2.158703314492290204e+01 2.282542442102665348e+01 8.000000000000000000e+00
1.100000000000000000e+01 2.828427124746190202e+01 2.441311123146740414e+01 2.475883680627989492e+01 3.500000000000000000e+01 4.161730409336962566e+01 2.683281572999747766e+01 2.647640458974745314e+01 3.780211634287159939e+01 2.529822128134703618e+01 4.031128874149274566e+01 3.590264614203248072e+01 2.193171219946130890e+01 3.863935817272331263e+01 3.471310991541956525e+01 3.001666203960726875e+01 1.824828759089465890e+01 1.581138830084189628e+01 2.319482700948640286e+01 3.498571136907180090e+01 0.000000000000000000e+00 3.080584360149872580e+01 2.469817807045693669e+01 1.220655561573370207e+01 2.842534080710379030e+01
2.024845673131658685e+01 3.605551275463989125e+00 2.061552812808830382e+01 1.702938636592640265e+01 1.414213562373095101e+01 2.765863337187866122e+01 7.810249675906653977e+00 4.472135954999579610e+00 2.404163056034261459e+01 6.082762530298219339e+00 3.310589071449369669e+01 3.560898762952971452e+01 2.469817807045693669e+01 3.860051813123756403e+01 2.024845673131658685e+01 6.000000000000000000e+00 1.264911064067351809e+01 1.513274595042155646e+01 8.062257748298549132e+00 2.594224354214569317e+01 3.080584360149872580e+01 0.000000000000000000e+00 7.280109889280518054e+00 2.319482700948640286e+01 1.920937271229854559e+01
1.500000000000000000e+01 7.071067811865475505e+00 1.421267040355189515e+01 1.081665382639196871e+01 1.300000000000000000e+01 2.501999200639360765e+01 3.162277660168379523e+00 5.000000000000000000e+00 2.100000000000000000e+01 1.414213562373095145e+00 2.886173937932362321e+01 3.001666203960726875e+01 1.780449381476485726e+01 3.312099032335839155e+01 1.700000000000000000e+01 1.063014581273464998e+01 7.810249675906653977e+00 8.944271909999159220e+00 6.000000000000000000e+00 2.158703314492290204e+01 2.469817807045693669e+01 7.280109889280518054e+00 0.000000000000000000e+00 1.603121954188139853e+01 1.392838827718411920e+01
1.077032961426900748e+01 2.184032966784155505e+01 1.220655561573370207e+01 1.280624847486569706e+01 2.370653918225939449e+01 2.941088233970548416e+01 1.711724276862369010e+01 1.964688270438849926e+01 2.561249694973139412e+01 1.711724276862369010e+01 2.846049894151541437e+01 2.501999200639360765e+01 1.019803902718556898e+01 2.800000000000000000e+01 2.262741699796952233e+01 2.469817807045693669e+01 1.303840481040529831e+01 9.433981132056603158e+00 1.746424919657297892e+01 2.282542442102665348e+01 1.220655561573370207e+01 2.319482700948640286e+01 1.603121954188139853e+01 0.000000000000000000e+00 1.627882059609970611e+01
2.308679276123039159e+01 2.059126028197400160e+01 4.472135954999579610e+00 4.123105625617660586e+00 1.004987562112088995e+01 1.341640786499873883e+01 1.166190378969060149e+01 1.878829422805593552e+01 9.433981132056603158e+00 1.523154621172781731e+01 1.513274595042155646e+01 1.640121946685672683e+01 9.219544457292887074e+00 1.941648783894759944e+01 6.403124237432848531e+00 2.418677324489564739e+01 1.900000000000000000e+01 1.726267650163206824e+01 1.964688270438849926e+01 8.000000000000000000e+00 2.842534080710379030e+01 1.920937271229854559e+01 1.392838827718411920e+01 1.627882059609970611e+01 0.000000000000000000e+00
