0.000000000000000000e+00 1.236931687685298087e+01 1.208304597359457233e+01 1.910497317454279909e+01 1.334166406412633421e+01 9.899494936611665352e+00 2.420743687382040932e+01 1.252996408614166768e+01 2.657066051117284644e+01 2.418677324489564739e+01 1.360147050873544394e+01 1.019803902718556898e+01 4.472135954999579610e+00 1.431782106327635340e+01 1.081665382639196871e+01 1.708800749063506075e+01 1.964688270438849926e+01 1.513274595042155646e+01 8.485281374238569541e+00 1.208304597359457233e+01 1.513274595042155646e+01 1.746424919657297892e+01 4.000000000000000000e+00 1.392838827718411920e+01
1.236931687685298087e+01 0.000000000000000000e+00 1.878829422805593552e+01 2.126029162546929996e+01 1.345362404707370985e+01 1.941648783894759944e+01 1.389244398944980396e+01 1.523154621172781731e+01 1.431782106327635340e+01 1.272792206135785520e+01 1.886796226411320632e+01 1.640121946685672683e+01 1.403566884761819900e+01 2.000000000000000000e+00 4.242640687119284770e+00 5.000000000000000000e+00 1.063014581273464998e+01 1.843908891458577415e+01 1.081665382639196871e+01 1.063014581273464998e+01 5.830951894845300743e+00 2.126029162546929996e+01 1.204159457879229578e+01 2.236067977499789805e+00
1.208304597359457233e+01 1.878829422805593552e+01 0.000000000000000000e+00 8.544003745317530374e+00 8.246211251235321171e+00 4.472135954999579610e+00 2.433105012119287736e+01 2.459674775249768786e+01 3.006659275674581622e+01 2.601922366251537611e+01 2.236067977499789805e+00 2.213594362117865444e+01 7.615773105863908654e+00 2.061552812808830382e+01 1.486606874731850603e+01 2.158703314492290204e+01 2.884441020371191300e+01 5.000000000000000000e+00 2.024845673131658685e+01 1.000000000000000000e+01 2.385372088375312671e+01 6.082762530298219339e+00 8.602325267042626677e+00 1.897366596101027625e+01
1.910497317454279909e+01 2.126029162546929996e+01 8.544003745317530374e+00 0.000000000000000000e+00 7.810249675906653977e+00 1.300000000000000000e+01 2.137755832643194864e+01 3.104834939252004844e+01 2.879236009777593708e+01 2.404163056034261459e+01 6.324555320336759046e+00 2.927456233660889495e+01 1.500000000000000000e+01 2.262741699796952233e+01 1.702938636592640265e+01 2.220360331117451835e+01 3.189043743820394994e+01 4.000000000000000000e+00 2.624880949681337583e+01 1.063014581273464998e+01 2.701851217221259205e+01 2.828427124746190291e+00 1.513274595042155646e+01 2.051828452868319275e+01
1.334166406412633421e+01 1.345362404707370985e+01 8.246211251235321171e+00 7.810249675906653977e+00 0.000000000000000000e+00 1.166190378969060149e+01 1.612451549659709826e+01 2.418677324489564739e+01 2.236067977499789805e+01 1.802775637731994607e+01 7.000000000000000000e+00 2.302172886644267535e+01 1.029563014098700080e+01 1.486606874731850603e+01 9.219544457292887074e+00 1.476482306023340030e+01 2.408318915758459156e+01 5.385164807134503739e+00 1.923538406167134340e+01 2.828427124746190291e+00 1.920937271229854559e+01 8.062257748298549132e+00 9.486832980505138124e+00 1.280624847486569706e+01
9.899494936611665352e+00 1.941648783894759944e+01 4.472135954999579610e+00 1.300000000000000000e+01 1.166190378969060149e+01 0.000000000000000000e+00 2.720294101747088789e+01 2.220360331117451835e+01 3.206243908376279705e+01 2.844292530665578411e+01 6.708203932499369415e+00 1.923538406167134340e+01 5.830951894845300743e+00 2.137755832643194864e+01 1.603121954188139853e+01 2.302172886644267535e+01 2.863564212655270680e+01 9.433981132056603158e+00 1.838477631085023489e+01 1.264911064067351809e+01 2.376972864800942631e+01 1.044030650891055068e+01 7.615773105863908654e+00 2.009975124224177989e+01
2.420743687382040932e+01 1.389244398944980396e+01 2.433105012119287736e+01 2.137755832643194864e+01 1.612451549659709826e+01 2.720294101747088789e+01 0.000000000000000000e+00 2.906888370749726747e+01 8.485281374238569541e+00 3.605551275463989125e+00 2.308679276123039159e+01 3.023243291566194912e+01 2.370653918225939449e+01 1.300000000000000000e+01 1.345362404707370985e+01 9.486832980505138124e+00 2.000000000000000000e+01 2.100000000000000000e+01 2.469817807045693669e+01 1.456021977856103611e+01 1.746424919657297892e+01 2.308679276123039159e+01 2.195449840010014952e+01 1.166190378969060149e+01
1.252996408614166768e+01 1.523154621172781731e+01 2.459674775249768786e+01 3.104834939252004844e+01 2.418677324489564739e+01 2.220360331117451835e+01 2.906888370749726747e+01 0.000000000000000000e+00 2.758622844826744469e+01 2.745906043549196340e+01 2.600000000000000000e+01 4.123105625617660586e+00 1.700000000000000000e+01 1.612451549659709826e+01 1.726267650163206824e+01 1.972308292331602075e+01 1.431782106327635340e+01 2.720294101747088789e+01 5.000000000000000000e+00 2.202271554554523902e+01 1.272792206135785520e+01 2.973213749463701205e+01 1.615549442140351033e+01 1.746424919657297892e+01
2.657066051117284644e+01 1.431782106327635340e+01 3.006659275674581622e+01 2.879236009777593708e+01 2.236067977499789805e+01 3.206243908376279705e+01 8.485281374238569541e+00 2.758622844826744469e+01 0.000000000000000000e+00 5.000000000000000000e+00 2.927456233660889495e+01 2.983286778035259701e+01 2.745906043549196340e+01 1.252996408614166768e+01 1.627882059609970611e+01 9.486832980505138124e+00 1.523154621172781731e+01 2.765863337187866122e+01 2.420743687382040932e+01 2.009975124224177989e+01 1.486606874731850603e+01 3.008321791298264714e+01 2.549509756796392423e+01 1.264911064067351809e+01
2.418677324489564739e+01 1.272792206135785520e+01 2.601922366251537611e+01 2.404163056034261459e+01 1.802775637731994607e+01 2.844292530665578411e+01 3.605551275463989125e+00 2.745906043549196340e+01 5.000000000000000000e+00 0.000000000000000000e+00 2.501999200639360765e+01 2.906888370749726747e+01 2.435159132377184221e+01 1.140175425099137918e+01 1.341640786499873883e+01 7.810249675906653977e+00 1.711724276862369010e+01 2.319482700948640286e+01 2.343074902771996193e+01 1.603121954188139853e+01 1.523154621172781731e+01 2.549509756796392423e+01 2.247220505424423109e+01 1.063014581273464998e+01
1.360147050873544394e+01 1.886796226411320632e+01 2.236067977499789805e+00 6.324555320336759046e+00 7.000000000000000000e+00 6.708203932499369415e+00 2.308679276123039159e+01 2.600000000000000000e+01 2.927456233660889495e+01 2.501999200639360765e+01 0.000000000000000000e+00 2.376972864800942631e+01 9.219544457292887074e+00 2.059126028197400160e+01 1.476482306023340030e+01 2.118962010041709121e+01 2.920616373302046753e+01 2.828427124746190291e+00 2.147091055358388800e+01 9.219544457292887074e+00 2.420743687382040932e+01 4.000000000000000000e+00 9.848857801796103928e+00 1.878829422805593552e+01
1.019803902718556898e+01 1.640121946685672683e+01 2.213594362117865444e+01 2.927456233660889495e+01 2.302172886644267535e+01 1.923538406167134340e+01 3.023243291566194912e+01 4.123105625617660586e+00 2.983286778035259701e+01 2.906888370749726747e+01 2.376972864800942631e+01 0.000000000000000000e+00 1.456021977856103611e+01 1.769180601295413169e+01 1.746424919657297892e+01 2.126029162546929996e+01 1.772004514666934938e+01 2.531797780234432693e+01 5.656854249492380582e+00 2.121320343559642652e+01 1.526433752247374720e+01 2.765863337187866122e+01 1.414213562373095101e+01 1.860107523773827509e+01
4.472135954999579610e+00 1.403566884761819900e+01 7.615773105863908654e+00 1.500000000000000000e+01 1.029563014098700080e+01 5.830951894845300743e+00 2.370653918225939449e+01 1.700000000000000000e+01 2.745906043549196340e+01 2.435159132377184221e+01 9.219544457292887074e+00 1.456021977856103611e+01 0.000000000000000000e+00 1.603121954188139853e+01 1.118033988749894903e+01 1.811077027627483460e+01 2.284731931759172596e+01 1.100000000000000000e+01 1.280624847486569706e+01 9.899494936611665352e+00 1.802775637731994607e+01 1.315294643796590535e+01 2.000000000000000000e+00 1.503329637837290811e+01
1.431782106327635340e+01 2.000000000000000000e+00 2.061552812808830382e+01 2.262741699796952233e+01 1.486606874731850603e+01 2.137755832643194864e+01 1.300000000000000000e+01 1.612451549659709826e+01 1.252996408614166768e+01 1.140175425099137918e+01 2.059126028197400160e+01 1.769180601295413169e+01 1.603121954188139853e+01 0.000000000000000000e+00 5.830951894845300743e+00 3.605551275463989125e+00 9.433981132056603158e+00 2.000000000000000000e+01 1.204159457879229578e+01 1.204159457879229578e+01 5.099019513592784492e+00 2.280350850198275836e+01 1.403566884761819900e+01 2.236067977499789805e+00
1.081665382639196871e+01 4.242640687119284770e+00 1.486606874731850603e+01 1.702938636592640265e+01 9.219544457292887074e+00 1.603121954188139853e+01 1.345362404707370985e+01 1.726267650163206824e+01 1.627882059609970611e+01 1.341640786499873883e+01 1.476482306023340030e+01 1.746424919657297892e+01 1.118033988749894903e+01 5.830951894845300743e+00 0.000000000000000000e+00 7.000000000000000000e+00 1.486606874731850603e+01 1.421267040355189515e+01 1.236931687685298087e+01 6.403124237432848531e+00 1.000000000000000000e+01 1.702938636592640265e+01 9.219544457292887074e+00 4.123105625617660586e+00
1.708800749063506075e+01 5.000000000000000000e+00 2.158703314492290204e+01 2.220360331117451835e+01 1.476482306023340030e+01 2.302172886644267535e+01 9.486832980505138124e+00 1.972308292331602075e+01 9.486832980505138124e+00 7.810249675906653977e+00 2.118962010041709121e+01 2.126029162546929996e+01 1.811077027627483460e+01 3.605551275463989125e+00 7.000000000000000000e+00 0.000000000000000000e+00 1.140175425099137918e+01 2.012461179749810825e+01 1.562049935181330795e+01 1.208304597359457233e+01 8.062257748298549132e+00 2.282542442102665348e+01 1.612451549659709826e+01 3.162277660168379523e+00
1.964688270438849926e+01 1.063014581273464998e+01 2.884441020371191300e+01 3.189043743820394994e+01 2.408318915758459156e+01 2.863564212655270680e+01 2.000000000000000000e+01 1.431782106327635340e+01 1.523154621172781731e+01 1.711724276862369010e+01 2.920616373302046753e+01 1.772004514666934938e+01 2.284731931759172596e+01 9.433981132056603158e+00 1.486606874731850603e+01 1.140175425099137918e+01 0.000000000000000000e+00 2.900000000000000000e+01 1.303840481040529831e+01 2.126029162546929996e+01 5.000000000000000000e+00 3.182766092567909766e+01 2.102379604162863913e+01 1.166190378969060149e+01
1.513274595042155646e+01 1.843908891458577415e+01 5.000000000000000000e+00 4.000000000000000000e+00 5.385164807134503739e+00 9.433981132056603158e+00 2.100000000000000000e+01 2.720294101747088789e+01 2.765863337187866122e+01 2.319482700948640286e+01 2.828427124746190291e+00 2.531797780234432693e+01 1.100000000000000000e+01 2.000000000000000000e+01 1.421267040355189515e+01 2.012461179749810825e+01 2.900000000000000000e+01 0.000000000000000000e+00 2.247220505424423109e+01 8.062257748298549132e+00 2.404163056034261459e+01 2.828427124746190291e+00 1.118033988749894903e+01 1.802775637731994607e+01
8.485281374238569541e+00 1.081665382639196871e+01 2.024845673131658685e+01 2.624880949681337583e+01 1.923538406167134340e+01 1.838477631085023489e+01 2.469817807045693669e+01 5.000000000000000000e+00 2.420743687382040932e+01 2.343074902771996193e+01 2.147091055358388800e+01 5.656854249492380582e+00 1.280624847486569706e+01 1.204159457879229578e+01 1.236931687685298087e+01 1.562049935181330795e+01 1.303840481040529831e+01 2.247220505424423109e+01 0.000000000000000000e+00 1.702938636592640265e+01 9.848857801796103928e+00 2.507987240796890660e+01 1.166190378969060149e+01 1.303840481040529831e+01
1.208304597359457233e+01 1.063014581273464998e+01 1.000000000000000000e+01 1.063014581273464998e+01 2.828427124746190291e+00 1.264911064067351809e+01 1.456021977856103611e+01 2.202271554554523902e+01 2.009975124224177989e+01 1.603121954188139853e+01 9.219544457292887074e+00 2.121320343559642652e+01 9.899494936611665352e+00 1.204159457879229578e+01 6.403124237432848531e+00 1.208304597359457233e+01 2.126029162546929996e+01 8.062257748298549132e+00 1.702938636592640265e+01 0.000000000000000000e+00 1.640121946685672683e+01 1.081665382639196871e+01 8.602325267042626677e+00 1.000000000000000000e+01
1.513274595042155646e+01 5.830951894845300743e+00 2.385372088375312671e+01 2.701851217221259205e+01 1.920937271229854559e+01 2.376972864800942631e+01 1.746424919657297892e+01 1.272792206135785520e+01 1.486606874731850603e+01 1.523154621172781731e+01 2.420743687382040932e+01 1.526433752247374720e+01 1.802775637731994607e+01 5.099019513592784492e+00 1.000000000000000000e+01 8.062257748298549132e+00 5.000000000000000000e+00 2.404163056034261459e+01 9.848857801796103928e+00 1.640121946685672683e+01 0.000000000000000000e+00 2.687005768508880621e+01 1.615549442140351033e+01 7.280109889280518054e+00
1.746424919657297892e+01 2.126029162546929996e+01 6.082762530298219339e+00 2.828427124746190291e+00 8.062257748298549132e+00 1.044030650891055068e+01 2.308679276123039159e+01 2.973213749463701205e+01 3.008321791298264714e+01 2.549509756796392423e+01 4.000000000000000000e+00 2.765863337187866122e+01 1.315294643796590535e+01 2.280350850198275836e+01 1.702938636592640265e+01 2.282542442102665348e+01 3.182766092567909766e+01 2.828427124746190291e+00 2.507987240796890660e+01 1.081665382639196871e+01 2.687005768508880621e+01 0.000000000000000000e+00 1.360147050873544394e+01 2.080865204668481283e+01
4.000000000000000000e+00 1.204159457879229578e+01 8.602325267042626677e+00 1.513274595042155646e+01 9.486832980505138124e+00 7.615773105863908654e+00 2.195449840010014952e+01 1.615549442140351033e+01 2.549509756796392423e+01 2.247220505424423109e+01 9.848857801796103928e+00 1.414213562373095101e+01 2.000000000000000000e+00 1.403566884761819900e+01 9.219544457292887074e+00 1.612451549659709826e+01 2.102379604162863913e+01 1.118033988749894903e+01 1.166190378969060149e+01 8.602325267042626677e+00 1.615549442140351033e+01 1.360147050873544394e+01 0.000000000000000000e+00 1.303840481040529831e+01
1.392838827718411920e+01 2.236067977499789805e+00 1.897366596101027625e+01 2.051828452868319275e+01 1.280624847486569706e+01 2.009975124224177989e+01 1.166190378969060149e+01 1.746424919657297892e+01 1.264911064067351809e+01 1.063014581273464998e+01 1.878829422805593552e+01 1.860107523773827509e+01 1.503329637837290811e+01 2.236067977499789805e+00 4.123105625617660586e+00 3.162277660168379523e+00 1.166190378969060149e+01 1.802775637731994607e+01 1.303840481040529831e+01 1.000000000000000000e+01 7.280109889280518054e+00 2.080865204668481283e+01 1.303840481040529831e+01 0.000000000000000000e+00
