0.000000000000000000e+00 3.162277660168379523e+00 8.602325267042626677e+00 1.931320791582796659e+01 1.523154621172781731e+01 1.063014581273464998e+01 8.544003745317530374e+00 1.886796226411320632e+01 9.055385138137417300e+00 1.044030650891055068e+01 2.202271554554523902e+01 1.984943324127920761e+01 1.360147050873544394e+01 1.019803902718556898e+01 1.878829422805593552e+01 1.581138830084189628e+01 1.603121954188139853e+01 7.211102550927978250e+00 1.749285568453590045e+01 8.944271909999159220e+00 1.603121954188139853e+01 2.370653918225939449e+01 1.910497317454279909e+01 2.059126028197400160e+01 9.219544457292887074e+00 2.545584412271571040e+01 1.403566884761819900e+01 8.246211251235321171e+00
3.162277660168379523e+00 0.000000000000000000e+00 1.077032961426900748e+01 1.972308292331602075e+01 1.772004514666934938e+01 1.345362404707370985e+01 1.170469991071962568e+01 2.195449840010014952e+01 1.019803902718556898e+01 1.360147050873544394e+01 2.334523505985750447e+01 2.126029162546929996e+01 1.627882059609970611e+01 7.615773105863908654e+00 2.118962010041709121e+01 1.341640786499873883e+01 1.746424919657297892e+01 9.486832980505138124e+00 1.708800749063506075e+01 5.830951894845300743e+00 1.910497317454279909e+01 2.441311123146740414e+01 2.080865204668481283e+01 2.024845673131658685e+01 6.403124237432848531e+00 2.831960451701259274e+01 1.315294643796590535e+01 5.099019513592784492e+00
8.602325267042626677e+00 1.077032961426900748e+01 0.000000000000000000e+00 1.300000000000000000e+01 7.071067811865475505e+00 1.300000000000000000e+01 8.062257748298549132e+00 1.749285568453590045e+01 1.612451549659709826e+01 8.544003745317530374e+00 1.389244398944980396e+01 1.166190378969060149e+01 1.603121954188139853e+01 1.838477631085023489e+01 1.044030650891055068e+01 1.788854381999831844e+01 2.184032966784155505e+01 1.414213562373095145e+00 2.561249694973139412e+01 1.503329637837290811e+01 1.081665382639196871e+01 1.649242250247064234e+01 1.063014581273464998e+01 2.860069929215018192e+01 1.403566884761819900e+01 2.549509756796392423e+01 1.204159457879229578e+01 1.529705854077835525e+01
1.931320791582796659e+01 1.972308292331602075e+01 1.300000000000000000e+01 0.000000000000000000e+00 1.389244398944980396e+01 2.600000000000000000e+01 2.102379604162863913e+01 2.941088233970548416e+01 2.816025568065744622e+01 2.121320343559642652e+01 7.071067811865475505e+00 6.708203932499369415e+00 2.901723625709381693e+01 2.624880949681337583e+01 1.414213562373095101e+01 1.676305461424021104e+01 3.452535300326413648e+01 1.403566884761819900e+01 3.667424164178449786e+01 2.051828452868319275e+01 2.102379604162863913e+01 5.000000000000000000e+00 8.602325267042626677e+00 3.981205847478876336e+01 1.843908891458577415e+01 3.764306044943742080e+01 8.944271909999159220e+00 2.193171219946130890e+01
1.523154621172781731e+01 1.772004514666934938e+01 7.071067811865475505e+00 1.389244398944980396e+01 0.000000000000000000e+00 1.565247584249852864e+01 1.081665382639196871e+01 1.612451549659709826e+01 2.121320343559642652e+01 9.848857801796103928e+00 1.100000000000000000e+01 9.055385138137417300e+00 1.802775637731994607e+01 2.529822128134703618e+01 3.605551275463989125e+00 2.404163056034261459e+01 2.555386467836127551e+01 8.246211251235321171e+00 3.114482300479487265e+01 2.209072203437452231e+01 7.280109889280518054e+00 1.529705854077835525e+01 7.000000000000000000e+00 3.394112549695427816e+01 2.100000000000000000e+01 2.433105012119287736e+01 1.700000000000000000e+01 2.236067977499789805e+01
1.063014581273464998e+01 1.345362404707370985e+01 1.300000000000000000e+01 2.600000000000000000e+01 1.565247584249852864e+01 0.000000000000000000e+00 5.099019513592784492e+00 9.219544457292887074e+00 8.062257748298549132e+00 5.830951894845300743e+00 2.596150997149434048e+01 2.376972864800942631e+01 3.162277660168379523e+00 1.802775637731994607e+01 1.886796226411320632e+01 2.640075756488817049e+01 1.000000000000000000e+01 1.204159457879229578e+01 1.746424919657297892e+01 1.920937271229854559e+01 1.140175425099137918e+01 2.927456233660889495e+01 2.213594362117865444e+01 1.972308292331602075e+01 1.979898987322333070e+01 1.486606874731850603e+01 2.340939982143925135e+01 1.802775637731994607e+01
8.544003745317530374e+00 1.170469991071962568e+01 8.062257748298549132e+00 2.102379604162863913e+01 1.081665382639196871e+01 5.099019513592784492e+00 0.000000000000000000e+00 1.063014581273464998e+01 1.081665382639196871e+01 2.000000000000000000e+00 2.088061301782110135e+01 1.868154169226940553e+01 8.000000000000000000e+00 1.802775637731994607e+01 1.421267040355189515e+01 2.334523505985750447e+01 1.476482306023340030e+01 7.280109889280518054e+00 2.080865204668481283e+01 1.746424919657297892e+01 8.246211251235321171e+00 2.418677324489564739e+01 1.708800749063506075e+01 2.343074902771996193e+01 1.749285568453590045e+01 1.802775637731994607e+01 1.923538406167134340e+01 1.676305461424021104e+01
1.886796226411320632e+01 2.195449840010014952e+01 1.749285568453590045e+01 2.941088233970548416e+01 1.612451549659709826e+01 9.219544457292887074e+00 1.063014581273464998e+01 0.000000000000000000e+00 1.702938636592640265e+01 9.219544457292887074e+00 2.707397274136176790e+01 2.517935662402834396e+01 8.062257748298549132e+00 2.720294101747088789e+01 1.802775637731994607e+01 3.397057550292606010e+01 1.615549442140351033e+01 1.720465053408525335e+01 2.549509756796392423e+01 2.778488797889960793e+01 9.000000000000000000e+00 3.140063693621516450e+01 2.308679276123039159e+01 2.720294101747088789e+01 2.801785145224380003e+01 8.246211251235321171e+00 2.941088233970548416e+01 2.683281572999747766e+01
9.055385138137417300e+00 1.019803902718556898e+01 1.612451549659709826e+01 2.816025568065744622e+01 2.121320343559642652e+01 8.062257748298549132e+00 1.081665382639196871e+01 1.702938636592640265e+01 0.000000000000000000e+00 1.252996408614166768e+01 3.001666203960726875e+01 2.778488797889960793e+01 9.219544457292887074e+00 1.140175425099137918e+01 2.475883680627989492e+01 2.340939982143925135e+01 7.280109889280518054e+00 1.476482306023340030e+01 1.000000000000000000e+01 1.476482306023340030e+01 1.878829422805593552e+01 3.231098884280702066e+01 2.662705391138869615e+01 1.272792206135785520e+01 1.615549442140351033e+01 2.102379604162863913e+01 2.300000000000000000e+01 1.303840481040529831e+01
1.044030650891055068e+01 1.360147050873544394e+01 8.544003745317530374e+00 2.121320343559642652e+01 9.848857801796103928e+00 5.830951894845300743e+00 2.000000000000000000e+00 9.219544457292887074e+00 1.252996408614166768e+01 0.000000000000000000e+00 2.039607805437113797e+01 1.824828759089465890e+01 8.246211251235321171e+00 2.002498439450078749e+01 1.303840481040529831e+01 2.483948469674844262e+01 1.581138830084189628e+01 8.062257748298549132e+00 2.247220505424423109e+01 1.931320791582796659e+01 6.324555320336759046e+00 2.402082429892862692e+01 1.649242250247064234e+01 2.500000000000000000e+01 1.923538406167134340e+01 1.700000000000000000e+01 2.024845673131658685e+01 1.868154169226940553e+01
2.202271554554523902e+01 2.334523505985750447e+01 1.389244398944980396e+01 7.071067811865475505e+00 1.100000000000000000e+01 2.596150997149434048e+01 2.088061301782110135e+01 2.707397274136176790e+01 3.001666203960726875e+01 2.039607805437113797e+01 0.000000000000000000e+00 2.236067977499789805e+00 2.863564212655270680e+01 3.061045573002793319e+01 9.486832980505138124e+00 2.334523505985750447e+01 3.546829570193639825e+01 1.526433752247374720e+01 3.940812099047606409e+01 2.555386467836127551e+01 1.811077027627483460e+01 5.000000000000000000e+00 4.000000000000000000e+00 4.243819034784588951e+01 2.370653918225939449e+01 3.522782990761707111e+01 1.529705854077835525e+01 2.662705391138869615e+01
1.984943324127920761e+01 2.126029162546929996e+01 1.166190378969060149e+01 6.708203932499369415e+00 9.055385138137417300e+00 2.376972864800942631e+01 1.868154169226940553e+01 2.517935662402834396e+01 2.778488797889960793e+01 1.824828759089465890e+01 2.236067977499789805e+00 0.000000000000000000e+00 2.647640458974745314e+01 2.860069929215018192e+01 8.062257748298549132e+00 2.209072203437452231e+01 3.324154027718932269e+01 1.303840481040529831e+01 3.720215047547655018e+01 2.370653918225939449e+01 1.627882059609970611e+01 6.324555320336759046e+00 2.236067977499789805e+00 4.022437072223753063e+01 2.193171219946130890e+01 3.337663853655727308e+01 1.403566884761819900e+01 2.469817807045693669e+01
1.360147050873544394e+01 1.627882059609970611e+01 1.603121954188139853e+01 2.901723625709381693e+01 1.802775637731994607e+01 3.162277660168379523e+00 8.000000000000000000e+00 8.062257748298549132e+00 9.219544457292887074e+00 8.246211251235321171e+00 2.863564212655270680e+01 2.647640458974745314e+01 0.000000000000000000e+00 2.012461179749810825e+01 2.102379604162863913e+01 2.941088233970548416e+01 8.602325267042626677e+00 1.513274595042155646e+01 1.746424919657297892e+01 2.193171219946130890e+01 1.280624847486569706e+01 3.214031735997639316e+01 2.473863375370596174e+01 1.931320791582796659e+01 2.267156809750926882e+01 1.220655561573370207e+01 2.657066051117284644e+01 2.061552812808830382e+01
1.019803902718556898e+01 7.615773105863908654e+00 1.838477631085023489e+01 2.624880949681337583e+01 2.529822128134703618e+01 1.802775637731994607e+01 1.802775637731994607e+01 2.720294101747088789e+01 1.140175425099137918e+01 2.002498439450078749e+01 3.061045573002793319e+01 2.860069929215018192e+01 2.012461179749810825e+01 0.000000000000000000e+00 2.879236009777593708e+01 1.503329637837290811e+01 1.780449381476485726e+01 1.708800749063506075e+01 1.303840481040529831e+01 6.324555320336759046e+00 2.601922366251537611e+01 3.114482300479487265e+01 2.830194339616981125e+01 1.600000000000000000e+01 8.544003745317530374e+00 3.224903099319419653e+01 1.835755975068581947e+01 4.472135954999579610e+00
1.878829422805593552e+01 2.118962010041709121e+01 1.044030650891055068e+01 1.414213562373095101e+01 3.605551275463989125e+00 1.886796226411320632e+01 1.421267040355189515e+01 1.802775637731994607e+01 2.475883680627989492e+01 1.303840481040529831e+01 9.486832980505138124e+00 8.062257748298549132e+00 2.102379604162863913e+01 2.879236009777593708e+01 0.000000000000000000e+00 2.647640458974745314e+01 2.884441020371191300e+01 1.170469991071962568e+01 3.471310991541956525e+01 2.531797780234432693e+01 9.055385138137417300e+00 1.431782106327635340e+01 5.830951894845300743e+00 3.748332962798262713e+01 2.408318915758459156e+01 2.601922366251537611e+01 1.897366596101027625e+01 2.570992026436488231e+01
1.581138830084189628e+01 1.341640786499873883e+01 1.788854381999831844e+01 1.676305461424021104e+01 2.404163056034261459e+01 2.640075756488817049e+01 2.334523505985750447e+01 3.397057550292606010e+01 2.340939982143925135e+01 2.483948469674844262e+01 2.334523505985750447e+01 2.209072203437452231e+01 2.941088233970548416e+01 1.503329637837290811e+01 2.647640458974745314e+01 0.000000000000000000e+00 3.067572330035593353e+01 1.749285568453590045e+01 2.800000000000000000e+01 9.055385138137417300e+00 2.865309756378880479e+01 2.154065922853801496e+01 2.300000000000000000e+01 3.101612483854164637e+01 7.280109889280518054e+00 4.110960958218893069e+01 8.062257748298549132e+00 1.104536101718726115e+01
1.603121954188139853e+01 1.746424919657297892e+01 2.184032966784155505e+01 3.452535300326413648e+01 2.555386467836127551e+01 1.000000000000000000e+01 1.476482306023340030e+01 1.615549442140351033e+01 7.280109889280518054e+00 1.581138830084189628e+01 3.546829570193639825e+01 3.324154027718932269e+01 8.602325267042626677e+00 1.780449381476485726e+01 2.884441020371191300e+01 3.067572330035593353e+01 0.000000000000000000e+00 2.061552812808830382e+01 1.004987562112088995e+01 2.193171219946130890e+01 2.121320343559642652e+01 3.832753579347360073e+01 3.178049716414140846e+01 1.118033988749894903e+01 2.340939982143925135e+01 1.711724276862369010e+01 3.006659275674581622e+01 2.012461179749810825e+01
7.211102550927978250e+00 9.486832980505138124e+00 1.414213562373095145e+00 1.403566884761819900e+01 8.246211251235321171e+00 1.204159457879229578e+01 7.280109889280518054e+00 1.720465053408525335e+01 1.476482306023340030e+01 8.062257748298549132e+00 1.526433752247374720e+01 1.303840481040529831e+01 1.513274595042155646e+01 1.708800749063506075e+01 1.170469991071962568e+01 1.749285568453590045e+01 2.061552812808830382e+01 0.000000000000000000e+00 2.420743687382040932e+01 1.400000000000000000e+01 1.118033988749894903e+01 1.772004514666934938e+01 1.204159457879229578e+01 2.720294101747088789e+01 1.315294643796590535e+01 2.505992817228333536e+01 1.220655561573370207e+01 1.414213562373095101e+01
1.749285568453590045e+01 1.708800749063506075e+01 2.561249694973139412e+01 3.667424164178449786e+01 3.114482300479487265e+01 1.746424919657297892e+01 2.080865204668481283e+01 2.549509756796392423e+01 1.000000000000000000e+01 2.247220505424423109e+01 3.940812099047606409e+01 3.720215047547655018e+01 1.746424919657297892e+01 1.303840481040529831e+01 3.471310991541956525e+01 2.800000000000000000e+01 1.004987562112088995e+01 2.420743687382040932e+01 0.000000000000000000e+00 1.902629759044044633e+01 2.865309756378880479e+01 4.118252056394800320e+01 3.623534186398687496e+01 3.162277660168379523e+00 2.109502310972898798e+01 2.716615541441224835e+01 3.008321791298264714e+01 1.702938636592640265e+01
8.944271909999159220e+00 5.830951894845300743e+00 1.503329637837290811e+01 2.051828452868319275e+01 2.209072203437452231e+01 1.920937271229854559e+01 1.746424919657297892e+01 2.778488797889960793e+01 1.476482306023340030e+01 1.931320791582796659e+01 2.555386467836127551e+01 2.370653918225939449e+01 2.193171219946130890e+01 6.324555320336759046e+00 2.531797780234432693e+01 9.055385138137417300e+00 2.193171219946130890e+01 1.400000000000000000e+01 1.902629759044044633e+01 0.000000000000000000e+00 2.451530134426252516e+01 2.549509756796392423e+01 2.376972864800942631e+01 2.209072203437452231e+01 2.236067977499789805e+00 3.405877273185280529e+01 1.220655561573370207e+01 2.000000000000000000e+00
1.603121954188139853e+01 1.910497317454279909e+01 1.081665382639196871e+01 2.102379604162863913e+01 7.280109889280518054e+00 1.140175425099137918e+01 8.246211251235321171e+00 9.000000000000000000e+00 1.878829422805593552e+01 6.324555320336759046e+00 1.811077027627483460e+01 1.627882059609970611e+01 1.280624847486569706e+01 2.601922366251537611e+01 9.055385138137417300e+00 2.865309756378880479e+01 2.121320343559642652e+01 1.118033988749894903e+01 2.865309756378880479e+01 2.451530134426252516e+01 0.000000000000000000e+00 2.256102834535695578e+01 1.414213562373095101e+01 3.106444913401813324e+01 2.404163056034261459e+01 1.711724276862369010e+01 2.267156809750926882e+01 2.418677324489564739e+01
2.370653918225939449e+01 2.441311123146740414e+01 1.649242250247064234e+01 5.000000000000000000e+00 1.529705854077835525e+01 2.927456233660889495e+01 2.418677324489564739e+01 3.140063693621516450e+01 3.231098884280702066e+01 2.402082429892862692e+01 5.000000000000000000e+00 6.324555320336759046e+00 3.214031735997639316e+01 3.114482300479487265e+01 1.431782106327635340e+01 2.154065922853801496e+01 3.832753579347360073e+01 1.772004514666934938e+01 4.118252056394800320e+01 2.549509756796392423e+01 2.256102834535695578e+01 0.000000000000000000e+00 8.544003745317530374e+00 4.429446918070020445e+01 2.343074902771996193e+01 3.962322551231790158e+01 1.389244398944980396e+01 2.687005768508880621e+01
1.910497317454279909e+01 2.080865204668481283e+01 1.063014581273464998e+01 8.602325267042626677e+00 7.000000000000000000e+00 2.213594362117865444e+01 1.708800749063506075e+01 2.308679276123039159e+01 2.662705391138869615e+01 1.649242250247064234e+01 4.000000000000000000e+00 2.236067977499789805e+00 2.473863375370596174e+01 2.830194339616981125e+01 5.830951894845300743e+00 2.300000000000000000e+01 3.178049716414140846e+01 1.204159457879229578e+01 3.623534186398687496e+01 2.376972864800942631e+01 1.414213562373095101e+01 8.544003745317530374e+00 0.000000000000000000e+00 3.920459156782531807e+01 2.213594362117865444e+01 3.125699921617556853e+01 1.503329637837290811e+01 2.459674775249768786e+01
2.059126028197400160e+01 2.024845673131658685e+01 2.860069929215018192e+01 3.981205847478876336e+01 3.394112549695427816e+01 1.972308292331602075e+01 2.343074902771996193e+01 2.720294101747088789e+01 1.272792206135785520e+01 2.500000000000000000e+01 4.243819034784588951e+01 4.022437072223753063e+01 1.931320791582796659e+01 1.600000000000000000e+01 3.748332962798262713e+01 3.101612483854164637e+01 1.118033988749894903e+01 2.720294101747088789e+01 3.162277660168379523e+00 2.209072203437452231e+01 3.106444913401813324e+01 4.429446918070020445e+01 3.920459156782531807e+01 0.000000000000000000e+00 2.418677324489564739e+01 2.800000000000000000e+01 3.324154027718932269e+01 2.009975124224177989e+01
9.219544457292887074e+00 6.403124237432848531e+00 1.403566884761819900e+01 1.843908891458577415e+01 2.100000000000000000e+01 1.979898987322333070e+01 1.749285568453590045e+01 2.801785145224380003e+01 1.615549442140351033e+01 1.923538406167134340e+01 2.370653918225939449e+01 2.193171219946130890e+01 2.267156809750926882e+01 8.544003745317530374e+00 2.408318915758459156e+01 7.280109889280518054e+00 2.340939982143925135e+01 1.315294643796590535e+01 2.109502310972898798e+01 2.236067977499789805e+00 2.404163056034261459e+01 2.343074902771996193e+01 2.213594362117865444e+01 2.418677324489564739e+01 0.000000000000000000e+00 3.465544690232691494e+01 1.000000000000000000e+01 4.123105625617660586e+00
2.545584412271571040e+01 2.831960451701259274e+01 2.549509756796392423e+01 3.764306044943742080e+01 2.433105012119287736e+01 1.486606874731850603e+01 1.802775637731994607e+01 8.246211251235321171e+00 2.102379604162863913e+01 1.700000000000000000e+01 3.522782990761707111e+01 3.337663853655727308e+01 1.220655561573370207e+01 3.224903099319419653e+01 2.601922366251537611e+01 4.110960958218893069e+01 1.711724276862369010e+01 2.505992817228333536e+01 2.716615541441224835e+01 3.405877273185280529e+01 1.711724276862369010e+01 3.962322551231790158e+01 3.125699921617556853e+01 2.800000000000000000e+01 3.465544690232691494e+01 0.000000000000000000e+00 3.721558813185679071e+01 3.280243893371345365e+01
1.403566884761819900e+01 1.315294643796590535e+01 1.204159457879229578e+01 8.944271909999159220e+00 1.700000000000000000e+01 2.340939982143925135e+01 1.923538406167134340e+01 2.941088233970548416e+01 2.300000000000000000e+01 2.024845673131658685e+01 1.529705854077835525e+01 1.403566884761819900e+01 2.657066051117284644e+01 1.835755975068581947e+01 1.897366596101027625e+01 8.062257748298549132e+00 3.006659275674581622e+01 1.220655561573370207e+01 3.008321791298264714e+01 1.220655561573370207e+01 2.267156809750926882e+01 1.389244398944980396e+01 1.503329637837290811e+01 3.324154027718932269e+01 1.000000000000000000e+01 3.721558813185679071e+01 0.000000000000000000e+00 1.389244398944980396e+01
8.246211251235321171e+00 5.099019513592784492e+00 1.529705854077835525e+01 2.193171219946130890e+01 2.236067977499789805e+01 1.802775637731994607e+01 1.676305461424021104e+01 2.683281572999747766e+01 1.303840481040529831e+01 1.868154169226940553e+01 2.662705391138869615e+01 2.469817807045693669e+01 2.061552812808830382e+01 4.472135954999579610e+00 2.570992026436488231e+01 1.104536101718726115e+01 2.012461179749810825e+01 1.414213562373095101e+01 1.702938636592640265e+01 2.000000000000000000e+00 2.418677324489564739e+01 2.687005768508880621e+01 2.459674775249768786e+01 2.009975124224177989e+01 4.123105625617660586e+00 3.280243893371345365e+01 1.389244398944980396e+01 0.000000000000000000e+00
