0.000000000000000000e+00 2.236067977499789805e+00 2.758622844826744469e+01 1.649242250247064234e+01 2.617250465660480074e+01 2.617250465660480074e+01 2.630589287593181069e+01 9.000000000000000000e+00 1.979898987322333070e+01 2.202271554554523902e+01 2.863564212655270680e+01 1.414213562373095101e+01 2.624880949681337583e+01 2.247220505424423109e+01 1.170469991071962568e+01 2.886173937932362321e+01 2.236067977499789805e+01 1.216552506059643868e+01 2.121320343559642652e+01 1.392838827718411920e+01 5.000000000000000000e+00 5.385164807134503739e+00
2.236067977499789805e+00 0.000000000000000000e+00 2.701851217221259205e+01 1.431782106327635340e+01 2.549509756796392423e+01 2.561249694973139412e+01 2.707397274136176790e+01 1.104536101718726115e+01 1.920937271229854559e+01 2.121320343559642652e+01 2.927456233660889495e+01 1.236931687685298087e+01 2.580697580112788003e+01 2.140093455903269515e+01 1.029563014098700080e+01 3.036445290137795183e+01 2.247220505424423109e+01 1.004987562112088995e+01 2.061552812808830382e+01 1.565247584249852864e+01 5.830951894845300743e+00 7.615773105863908654e+00
2.758622844826744469e+01 2.701851217221259205e+01 0.000000000000000000e+00 2.418677324489564739e+01 2.000000000000000000e+00 1.414213562373095145e+00 1.615549442140351033e+01 3.440930106817050671e+01 7.810249675906653977e+00 6.324555320336759046e+00 1.526433752247374720e+01 1.868154169226940553e+01 2.000000000000000000e+00 8.000000000000000000e+00 1.788854381999831844e+01 2.720294101747088789e+01 9.000000000000000000e+00 2.308679276123039159e+01 6.403124237432848531e+00 2.500000000000000000e+01 3.255764119219941222e+01 3.000000000000000000e+01
1.649242250247064234e+01 1.431782106327635340e+01 2.418677324489564739e+01 0.000000000000000000e+00 2.220360331117451835e+01 2.308679276123039159e+01 3.231098884280702066e+01 2.531797780234432693e+01 1.811077027627483460e+01 1.802775637731994607e+01 3.352610922848042208e+01 6.324555320336759046e+00 2.402082429892862692e+01 1.627882059609970611e+01 9.433981132056603158e+00 3.940812099047606409e+01 2.473863375370596174e+01 4.472135954999579610e+00 1.902629759044044633e+01 2.701851217221259205e+01 1.900000000000000000e+01 2.184032966784155505e+01
2.617250465660480074e+01 2.549509756796392423e+01 2.000000000000000000e+00 2.220360331117451835e+01 0.000000000000000000e+00 1.414213562373095145e+00 1.700000000000000000e+01 3.328663395418647752e+01 6.403124237432848531e+00 4.472135954999579610e+00 1.640121946685672683e+01 1.676305461424021104e+01 2.828427124746190291e+00 6.000000000000000000e+00 1.612451549659709826e+01 2.785677655436823841e+01 9.219544457292887074e+00 2.118962010041709121e+01 5.000000000000000000e+00 2.451530134426252516e+01 3.111269837220809009e+01 2.884441020371191300e+01
2.617250465660480074e+01 2.561249694973139412e+01 1.414213562373095145e+00 2.308679276123039159e+01 1.414213562373095145e+00 0.000000000000000000e+00 1.565247584249852864e+01 3.301514803843835466e+01 6.403124237432848531e+00 5.099019513592784492e+00 1.500000000000000000e+01 1.746424919657297892e+01 1.414213562373095145e+00 7.071067811865475505e+00 1.655294535724684835e+01 2.657066051117284644e+01 8.062257748298549132e+00 2.184032966784155505e+01 5.000000000000000000e+00 2.376972864800942631e+01 3.114482300479487265e+01 2.860069929215018192e+01
2.630589287593181069e+01 2.707397274136176790e+01 1.615549442140351033e+01 3.231098884280702066e+01 1.700000000000000000e+01 1.565247584249852864e+01 0.000000000000000000e+00 2.906888370749726747e+01 1.562049935181330795e+01 1.769180601295413169e+01 2.828427124746190291e+00 2.600000000000000000e+01 1.431782106327635340e+01 2.051828452868319275e+01 2.308679276123039159e+01 1.118033988749894903e+01 8.485281374238569541e+00 2.912043955712207222e+01 1.555634918610404505e+01 1.581138830084189628e+01 3.080584360149872580e+01 2.563201123595259290e+01
9.000000000000000000e+00 1.104536101718726115e+01 3.440930106817050671e+01 2.531797780234432693e+01 3.328663395418647752e+01 3.301514803843835466e+01 2.906888370749726747e+01 0.000000000000000000e+00 2.692582403567251959e+01 2.952964612046680060e+01 3.176476034853718033e+01 2.308679276123039159e+01 3.280243893371345365e+01 3.046309242345563462e+01 2.039607805437113797e+01 2.807133769523639799e+01 2.758622844826744469e+01 2.109502310972898798e+01 2.830194339616981125e+01 1.360147050873544394e+01 7.211102550927978250e+00 4.472135954999579610e+00
1.979898987322333070e+01 1.920937271229854559e+01 7.810249675906653977e+00 1.811077027627483460e+01 6.403124237432848531e+00 6.403124237432848531e+00 1.562049935181330795e+01 2.692582403567251959e+01 0.000000000000000000e+00 3.000000000000000000e+00 1.612451549659709826e+01 1.200000000000000000e+01 6.708203932499369415e+00 5.385164807134503739e+00 1.044030650891055068e+01 2.523885892824792521e+01 7.211102550927978250e+00 1.612451549659709826e+01 1.414213562373095145e+00 1.902629759044044633e+01 2.475883680627989492e+01 2.247220505424423109e+01
2.202271554554523902e+01 2.121320343559642652e+01 6.324555320336759046e+00 1.802775637731994607e+01 4.472135954999579610e+00 5.099019513592784492e+00 1.769180601295413169e+01 2.952964612046680060e+01 3.000000000000000000e+00 0.000000000000000000e+00 1.780449381476485726e+01 1.236931687685298087e+01 6.000000000000000000e+00 2.828427124746190291e+00 1.166190378969060149e+01 2.778488797889960793e+01 9.219544457292887074e+00 1.676305461424021104e+01 2.236067977499789805e+00 2.202271554554523902e+01 2.690724809414741969e+01 2.505992817228333536e+01
2.863564212655270680e+01 2.927456233660889495e+01 1.526433752247374720e+01 3.352610922848042208e+01 1.640121946685672683e+01 1.500000000000000000e+01 2.828427124746190291e+00 3.176476034853718033e+01 1.612451549659709826e+01 1.780449381476485726e+01 0.000000000000000000e+00 2.720294101747088789e+01 1.360147050873544394e+01 2.061552812808830382e+01 2.451530134426252516e+01 1.300000000000000000e+01 8.944271909999159220e+00 3.059411708155671050e+01 1.581138830084189628e+01 1.860107523773827509e+01 3.324154027718932269e+01 2.823118842698620767e+01
1.414213562373095101e+01 1.236931687685298087e+01 1.868154169226940553e+01 6.324555320336759046e+00 1.676305461424021104e+01 1.746424919657297892e+01 2.600000000000000000e+01 2.308679276123039159e+01 1.200000000000000000e+01 1.236931687685298087e+01 2.720294101747088789e+01 0.000000000000000000e+00 1.824828759089465890e+01 1.118033988749894903e+01 3.605551275463989125e+00 3.342154993413680586e+01 1.843908891458577415e+01 4.472135954999579610e+00 1.303840481040529831e+01 2.195449840010014952e+01 1.802775637731994607e+01 1.900000000000000000e+01
2.624880949681337583e+01 2.580697580112788003e+01 2.000000000000000000e+00 2.402082429892862692e+01 2.828427124746190291e+00 1.414213562373095145e+00 1.431782106327635340e+01 3.280243893371345365e+01 6.708203932499369415e+00 6.000000000000000000e+00 1.360147050873544394e+01 1.824828759089465890e+01 0.000000000000000000e+00 8.246211251235321171e+00 1.708800749063506075e+01 2.529822128134703618e+01 7.000000000000000000e+00 2.256102834535695578e+01 5.385164807134503739e+00 2.308679276123039159e+01 3.124099870362661591e+01 2.842534080710379030e+01
2.247220505424423109e+01 2.140093455903269515e+01 8.000000000000000000e+00 1.627882059609970611e+01 6.000000000000000000e+00 7.071067811865475505e+00 2.051828452868319275e+01 3.046309242345563462e+01 5.385164807134503739e+00 2.828427124746190291e+00 2.061552812808830382e+01 1.118033988749894903e+01 8.246211251235321171e+00 0.000000000000000000e+00 1.131370849898476116e+01 3.052867504494749440e+01 1.204159457879229578e+01 1.565247584249852864e+01 5.000000000000000000e+00 2.402082429892862692e+01 2.720294101747088789e+01 2.600000000000000000e+01
1.170469991071962568e+01 1.029563014098700080e+01 1.788854381999831844e+01 9.433981132056603158e+00 1.612451549659709826e+01 1.655294535724684835e+01 2.308679276123039159e+01 2.039607805437113797e+01 1.044030650891055068e+01 1.166190378969060149e+01 2.451530134426252516e+01 3.605551275463989125e+00 1.708800749063506075e+01 1.131370849898476116e+01 0.000000000000000000e+00 3.000000000000000000e+01 1.603121954188139853e+01 6.082762530298219339e+00 1.170469991071962568e+01 1.835755975068581947e+01 1.612451549659709826e+01 1.612451549659709826e+01
2.886173937932362321e+01 3.036445290137795183e+01 2.720294101747088789e+01 3.940812099047606409e+01 2.785677655436823841e+01 2.657066051117284644e+01 1.118033988749894903e+01 2.807133769523639799e+01 2.523885892824792521e+01 2.778488797889960793e+01 1.300000000000000000e+01 3.342154993413680586e+01 2.529822128134703618e+01 3.052867504494749440e+01 3.000000000000000000e+01 0.000000000000000000e+00 1.878829422805593552e+01 3.551056180912940619e+01 2.555386467836127551e+01 1.513274595042155646e+01 3.224903099319419653e+01 2.607680962081059661e+01
2.236067977499789805e+01 2.247220505424423109e+01 9.000000000000000000e+00 2.473863375370596174e+01 9.219544457292887074e+00 8.062257748298549132e+00 8.485281374238569541e+00 2.758622844826744469e+01 7.211102550927978250e+00 9.219544457292887074e+00 8.944271909999159220e+00 1.843908891458577415e+01 7.000000000000000000e+00 1.204159457879229578e+01 1.603121954188139853e+01 1.878829422805593552e+01 0.000000000000000000e+00 2.209072203437452231e+01 7.071067811865475505e+00 1.655294535724684835e+01 2.729468812791236232e+01 2.343074902771996193e+01
1.216552506059643868e+01 1.004987562112088995e+01 2.308679276123039159e+01 4.472135954999579610e+00 2.118962010041709121e+01 2.184032966784155505e+01 2.912043955712207222e+01 2.109502310972898798e+01 1.612451549659709826e+01 1.676305461424021104e+01 3.059411708155671050e+01 4.472135954999579610e+00 2.256102834535695578e+01 1.565247584249852864e+01 6.082762530298219339e+00 3.551056180912940619e+01 2.209072203437452231e+01 0.000000000000000000e+00 1.726267650163206824e+01 2.267156809750926882e+01 1.513274595042155646e+01 1.746424919657297892e+01
2.121320343559642652e+01 2.061552812808830382e+01 6.403124237432848531e+00 1.902629759044044633e+01 5.000000000000000000e+00 5.000000000000000000e+00 1.555634918610404505e+01 2.830194339616981125e+01 1.414213562373095145e+00 2.236067977499789805e+00 1.581138830084189628e+01 1.303840481040529831e+01 5.385164807134503739e+00 5.000000000000000000e+00 1.170469991071962568e+01 2.555386467836127551e+01 7.071067811865475505e+00 1.726267650163206824e+01 0.000000000000000000e+00 2.009975124224177989e+01 2.617250465660480074e+01 2.385372088375312671e+01
1.392838827718411920e+01 1.565247584249852864e+01 2.500000000000000000e+01 2.701851217221259205e+01 2.451530134426252516e+01 2.376972864800942631e+01 1.581138830084189628e+01 1.360147050873544394e+01 1.902629759044044633e+01 2.202271554554523902e+01 1.860107523773827509e+01 2.195449840010014952e+01 2.308679276123039159e+01 2.402082429892862692e+01 1.835755975068581947e+01 1.513274595042155646e+01 1.655294535724684835e+01 2.267156809750926882e+01 2.009975124224177989e+01 0.000000000000000000e+00 1.711724276862369010e+01 1.100000000000000000e+01
5.000000000000000000e+00 5.830951894845300743e+00 3.255764119219941222e+01 1.900000000000000000e+01 3.111269837220809009e+01 3.114482300479487265e+01 3.080584360149872580e+01 7.211102550927978250e+00 2.475883680627989492e+01 2.690724809414741969e+01 3.324154027718932269e+01 1.802775637731994607e+01 3.124099870362661591e+01 2.720294101747088789e+01 1.612451549659709826e+01 3.224903099319419653e+01 2.729468812791236232e+01 1.513274595042155646e+01 2.617250465660480074e+01 1.711724276862369010e+01 0.000000000000000000e+00 6.324555320336759046e+00
5.385164807134503739e+00 7.615773105863908654e+00 3.000000000000000000e+01 2.184032966784155505e+01 2.884441020371191300e+01 2.860069929215018192e+01 2.563201123595259290e+01 4.472135954999579610e+00 2.247220505424423109e+01 2.505992817228333536e+01 2.823118842698620767e+01 1.900000000000000000e+01 2.842534080710379030e+01 2.600000000000000000e+01 1.612451549659709826e+01 2.607680962081059661e+01 2.343074902771996193e+01 1.746424919657297892e+01 2.385372088375312671e+01 1.100000000000000000e+01 6.324555320336759046e+00 0.000000000000000000e+00
