0.000000000000000000e+00 7.071067811865475505e+00 1.118033988749894903e+01 2.213594362117865444e+01 2.954657340538831534e+01 3.590264614203248072e+01 3.492849839314595783e+01 2.039607805437113797e+01 2.751363298439520833e+01 1.824828759089465890e+01 2.906888370749726747e+01 1.264911064067351809e+01 3.443835071544512516e+01 1.208304597359457233e+01 3.535533905932737753e+01 1.200000000000000000e+01 3.201562118716424266e+01 2.863564212655270680e+01 4.114608122288196768e+01 9.486832980505138124e+00 2.284731931759172596e+01 1.772004514666934938e+01 3.140063693621516450e+01 4.052159917870962147e+01 1.170469991071962568e+01 3.600000000000000000e+01 3.361547262794321966e+01 3.733630940518894192e+01 1.044030650891055068e+01
7.071067811865475505e+00 0.000000000000000000e+00 1.824828759089465890e+01 2.000000000000000000e+01 2.647640458974745314e+01 3.401470270338990076e+01 3.744329045369811126e+01 1.923538406167134340e+01 2.507987240796890660e+01 1.170469991071962568e+01 2.941088233970548416e+01 1.140175425099137918e+01 3.104834939252004844e+01 7.211102550927978250e+00 3.405877273185280529e+01 1.303840481040529831e+01 3.354101966249684352e+01 2.701851217221259205e+01 4.382921400162225467e+01 8.944271909999159220e+00 2.561249694973139412e+01 2.000000000000000000e+01 2.683281572999747766e+01 3.820994634908559817e+01 5.000000000000000000e+00 3.569313659514949677e+01 3.605551275463989214e+01 3.605551275463989214e+01 3.605551275463989125e+00
1.118033988749894903e+01 1.824828759089465890e+01 0.000000000000000000e+00 2.920616373302046753e+01 3.701351104664349378e+01 4.159326868617084472e+01 3.413209633175202384e+01 2.662705391138869615e+01 3.440930106817050671e+01 2.901723625709381693e+01 3.228002478313794654e+01 2.051828452868319275e+01 4.201190307520000999e+01 2.220360331117451835e+01 4.031128874149274566e+01 1.780449381476485726e+01 3.313608305156178346e+01 3.448187929913333249e+01 3.962322551231790158e+01 1.780449381476485726e+01 2.308679276123039159e+01 1.992485884517127559e+01 4.036087214122112954e+01 4.652956049652736681e+01 2.280350850198275836e+01 3.956008088970496317e+01 3.306055050963308162e+01 4.215447781671598193e+01 2.158703314492290204e+01
2.213594362117865444e+01 2.000000000000000000e+01 2.920616373302046753e+01 0.000000000000000000e+00 7.810249675906653977e+00 1.403566884761819900e+01 2.370653918225939449e+01 3.162277660168379523e+00 5.385164807134503739e+00 2.640075756488817049e+01 1.204159457879229578e+01 9.486832980505138124e+00 1.280624847486569706e+01 2.630589287593181069e+01 1.414213562373095101e+01 1.140175425099137918e+01 1.802775637731994607e+01 7.071067811865475505e+00 2.968164415931165934e+01 1.264911064067351809e+01 1.600000000000000000e+01 1.264911064067351809e+01 1.264911064067351809e+01 1.843908891458577415e+01 1.746424919657297892e+01 1.655294535724684835e+01 2.236067977499789805e+01 1.612451549659709826e+01 1.824828759089465890e+01
2.954657340538831534e+01 2.647640458974745314e+01 3.701351104664349378e+01 7.810249675906653977e+00 0.000000000000000000e+00 8.944271909999159220e+00 2.647640458974745314e+01 1.063014581273464998e+01 3.162277660168379523e+00 3.059411708155671050e+01 1.414213562373095101e+01 1.700000000000000000e+01 5.000000000000000000e+00 3.201562118716424266e+01 1.063014581273464998e+01 1.920937271229854559e+01 2.039607805437113797e+01 6.082762530298219339e+00 3.162277660168379256e+01 2.012461179749810825e+01 2.184032966784155505e+01 1.972308292331602075e+01 7.280109889280518054e+00 1.204159457879229578e+01 2.302172886644267535e+01 1.500000000000000000e+01 2.531797780234432693e+01 1.220655561573370207e+01 2.408318915758459156e+01
3.590264614203248072e+01 3.401470270338990076e+01 4.159326868617084472e+01 1.403566884761819900e+01 8.944271909999159220e+00 0.000000000000000000e+00 2.220360331117451835e+01 1.552417469626002422e+01 9.055385138137417300e+00 3.929376540877699853e+01 1.166190378969060149e+01 2.334523505985750447e+01 8.062257748298549132e+00 4.011234224026316042e+01 3.000000000000000000e+00 2.435159132377184221e+01 1.649242250247064234e+01 7.280109889280518054e+00 2.607680962081059661e+01 2.647640458974745314e+01 2.202271554554523902e+01 2.220360331117451835e+01 1.486606874731850603e+01 5.000000000000000000e+00 3.114482300479487265e+01 8.062257748298549132e+00 2.137755832643194864e+01 3.605551275463989125e+00 3.206243908376279705e+01
3.492849839314595783e+01 3.744329045369811126e+01 3.413209633175202384e+01 2.370653918225939449e+01 2.647640458974745314e+01 2.220360331117451835e+01 0.000000000000000000e+00 2.163330765278393741e+01 2.376972864800942631e+01 4.742362280551750331e+01 1.236931687685298087e+01 2.690724809414741969e+01 2.901723625709381693e+01 4.465422712353221613e+01 1.923538406167134340e+01 2.441311123146740414e+01 6.082762530298219339e+00 2.039607805437113797e+01 6.403124237432848531e+00 2.860069929215018192e+01 1.208304597359457233e+01 1.749285568453590045e+01 3.373425558686599857e+01 2.596150997149434048e+01 3.753664875824691904e+01 1.456021977856103611e+01 1.414213562373095145e+00 1.964688270438849926e+01 3.764306044943742080e+01
2.039607805437113797e+01 1.923538406167134340e+01 2.662705391138869615e+01 3.162277660168379523e+00 1.063014581273464998e+01 1.552417469626002422e+01 2.163330765278393741e+01 0.000000000000000000e+00 7.810249675906653977e+00 2.692582403567251959e+01 1.081665382639196871e+01 8.000000000000000000e+00 1.555634918610404505e+01 2.596150997149434048e+01 1.503329637837290811e+01 8.944271909999159220e+00 1.627882059609970611e+01 8.246211251235321171e+00 2.780287754891568852e+01 1.104536101718726115e+01 1.303840481040529831e+01 9.486832980505138124e+00 1.581138830084189628e+01 2.024845673131658685e+01 1.746424919657297892e+01 1.649242250247064234e+01 2.024845673131658685e+01 1.702938636592640265e+01 1.802775637731994607e+01
2.751363298439520833e+01 2.507987240796890660e+01 3.440930106817050671e+01 5.385164807134503739e+00 3.162277660168379523e+00 9.055385138137417300e+00 2.376972864800942631e+01 7.810249675906653977e+00 0.000000000000000000e+00 3.036445290137795183e+01 1.140175425099137918e+01 1.486606874731850603e+01 7.810249675906653977e+00 3.106444913401813324e+01 9.848857801796103928e+00 1.664331697709323876e+01 1.772004514666934938e+01 3.605551275463989125e+00 2.915475947422650194e+01 1.802775637731994607e+01 1.868154169226940553e+01 1.664331697709323876e+01 1.004987562112088995e+01 1.315294643796590535e+01 2.209072203437452231e+01 1.345362404707370985e+01 2.256102834535695578e+01 1.170469991071962568e+01 2.302172886644267535e+01
1.824828759089465890e+01 1.170469991071962568e+01 2.901723625709381693e+01 2.640075756488817049e+01 3.059411708155671050e+01 3.929376540877699853e+01 4.742362280551750331e+01 2.692582403567251959e+01 3.036445290137795183e+01 0.000000000000000000e+00 3.773592452822641263e+01 2.051828452868319275e+01 3.413209633175202384e+01 7.280109889280518054e+00 4.016217125604640614e+01 2.343074902771996193e+01 4.280186911806539030e+01 3.324154027718932269e+01 5.381449618829483938e+01 1.920937271229854559e+01 3.612478373637688378e+01 3.047950130825634218e+01 2.801785145224380003e+01 4.257933771208753626e+01 9.899494936611665352e+00 4.295346318982905842e+01 4.601086828130936368e+01 4.205948168962618183e+01 1.000000000000000000e+01
2.906888370749726747e+01 2.941088233970548416e+01 3.228002478313794654e+01 1.204159457879229578e+01 1.414213562373095101e+01 1.166190378969060149e+01 1.236931687685298087e+01 1.081665382639196871e+01 1.140175425099137918e+01 3.773592452822641263e+01 0.000000000000000000e+00 1.802775637731994607e+01 1.711724276862369010e+01 3.640054944640259293e+01 9.219544457292887074e+00 1.711724276862369010e+01 6.324555320336759046e+00 8.062257748298549132e+00 1.788854381999831844e+01 2.061552812808830382e+01 1.063014581273464998e+01 1.236931687685298087e+01 2.137755832643194864e+01 1.640121946685672683e+01 2.817800560721074277e+01 7.280109889280518054e+00 1.118033988749894903e+01 1.063014581273464998e+01 2.863564212655270680e+01
1.264911064067351809e+01 1.140175425099137918e+01 2.051828452868319275e+01 9.486832980505138124e+00 1.700000000000000000e+01 2.334523505985750447e+01 2.690724809414741969e+01 8.000000000000000000e+00 1.486606874731850603e+01 2.051828452868319275e+01 1.802775637731994607e+01 0.000000000000000000e+00 2.195449840010014952e+01 1.838477631085023489e+01 2.302172886644267535e+01 4.000000000000000000e+00 2.247220505424423109e+01 1.612451549659709826e+01 3.330165161069342616e+01 3.162277660168379523e+00 1.581138830084189628e+01 1.029563014098700080e+01 1.984943324127920761e+01 2.789265136196270589e+01 1.063014581273464998e+01 2.433105012119287736e+01 2.549509756796392423e+01 2.501999200639360765e+01 1.081665382639196871e+01
3.443835071544512516e+01 3.104834939252004844e+01 4.201190307520000999e+01 1.280624847486569706e+01 5.000000000000000000e+00 8.062257748298549132e+00 2.901723625709381693e+01 1.555634918610404505e+01 7.810249675906653977e+00 3.413209633175202384e+01 1.711724276862369010e+01 2.195449840010014952e+01 0.000000000000000000e+00 3.622154055254966920e+01 1.077032961426900748e+01 2.420743687382040932e+01 2.300000000000000000e+01 9.486832980505138124e+00 3.354101966249684352e+01 2.505992817228333536e+01 2.600000000000000000e+01 2.441311123146740414e+01 7.211102550927978250e+00 8.944271909999159220e+00 2.729468812791236232e+01 1.581138830084189628e+01 2.800000000000000000e+01 1.166190378969060149e+01 2.844292530665578411e+01
1.208304597359457233e+01 7.211102550927978250e+00 2.220360331117451835e+01 2.630589287593181069e+01 3.201562118716424266e+01 4.011234224026316042e+01 4.465422712353221613e+01 2.596150997149434048e+01 3.106444913401813324e+01 7.280109889280518054e+00 3.640054944640259293e+01 1.838477631085023489e+01 3.622154055254966920e+01 0.000000000000000000e+00 4.044749683231336945e+01 2.024845673131658685e+01 4.070626487409523975e+01 3.337663853655727308e+01 5.103920062069938268e+01 1.612451549659709826e+01 3.280243893371345365e+01 2.720294101747088789e+01 3.104834939252004844e+01 4.400000000000000000e+01 9.000000000000000000e+00 4.244997055358224713e+01 4.326661530556787483e+01 4.242640687119285303e+01 8.062257748298549132e+00
3.535533905932737753e+01 3.405877273185280529e+01 4.031128874149274566e+01 1.414213562373095101e+01 1.063014581273464998e+01 3.000000000000000000e+00 1.923538406167134340e+01 1.503329637837290811e+01 9.848857801796103928e+00 4.016217125604640614e+01 9.219544457292887074e+00 2.302172886644267535e+01 1.077032961426900748e+01 4.044749683231336945e+01 0.000000000000000000e+00 2.353720459187963954e+01 1.360147050873544394e+01 7.071067811865475505e+00 2.308679276123039159e+01 2.607680962081059661e+01 1.979898987322333070e+01 2.059126028197400160e+01 1.720465053408525335e+01 7.211102550927978250e+00 3.157530680769388809e+01 5.099019513592784492e+00 1.843908891458577415e+01 2.000000000000000000e+00 3.238826948140329165e+01
1.200000000000000000e+01 1.303840481040529831e+01 1.780449381476485726e+01 1.140175425099137918e+01 1.920937271229854559e+01 2.435159132377184221e+01 2.441311123146740414e+01 8.944271909999159220e+00 1.664331697709323876e+01 2.343074902771996193e+01 1.711724276862369010e+01 4.000000000000000000e+00 2.420743687382040932e+01 2.024845673131658685e+01 2.353720459187963954e+01 0.000000000000000000e+00 2.061552812808830382e+01 1.708800749063506075e+01 3.080584360149872580e+01 4.242640687119284770e+00 1.272792206135785520e+01 7.071067811865475505e+00 2.302172886644267535e+01 2.915475947422650194e+01 1.360147050873544394e+01 2.400000000000000000e+01 2.302172886644267535e+01 2.549509756796392423e+01 1.345362404707370985e+01
3.201562118716424266e+01 3.354101966249684352e+01 3.313608305156178346e+01 1.802775637731994607e+01 2.039607805437113797e+01 1.649242250247064234e+01 6.082762530298219339e+00 1.627882059609970611e+01 1.772004514666934938e+01 4.280186911806539030e+01 6.324555320336759046e+00 2.247220505424423109e+01 2.300000000000000000e+01 4.070626487409523975e+01 1.360147050873544394e+01 2.061552812808830382e+01 0.000000000000000000e+00 1.431782106327635340e+01 1.166190378969060149e+01 2.459674775249768786e+01 1.004987562112088995e+01 1.431782106327635340e+01 2.765863337187866122e+01 2.061552812808830382e+01 3.301514803843835466e+01 9.433981132056603158e+00 5.000000000000000000e+00 1.431782106327635340e+01 3.328663395418647752e+01
2.863564212655270680e+01 2.701851217221259205e+01 3.448187929913333249e+01 7.071067811865475505e+00 6.082762530298219339e+00 7.280109889280518054e+00 2.039607805437113797e+01 8.246211251235321171e+00 3.605551275463989125e+00 3.324154027718932269e+01 8.062257748298549132e+00 1.612451549659709826e+01 9.486832980505138124e+00 3.337663853655727308e+01 7.071067811865475505e+00 1.708800749063506075e+01 1.431782106327635340e+01 0.000000000000000000e+00 2.563201123595259290e+01 1.923538406167134340e+01 1.655294535724684835e+01 1.555634918610404505e+01 1.334166406412633421e+01 1.208304597359457233e+01 2.451530134426252516e+01 1.000000000000000000e+01 1.923538406167134340e+01 9.055385138137417300e+00 2.531797780234432693e+01
4.114608122288196768e+01 4.382921400162225467e+01 3.962322551231790158e+01 2.968164415931165934e+01 3.162277660168379256e+01 2.607680962081059661e+01 6.403124237432848531e+00 2.780287754891568852e+01 2.915475947422650194e+01 5.381449618829483938e+01 1.788854381999831844e+01 3.330165161069342616e+01 3.354101966249684352e+01 5.103920062069938268e+01 2.308679276123039159e+01 3.080584360149872580e+01 1.166190378969060149e+01 2.563201123595259290e+01 0.000000000000000000e+00 3.500000000000000000e+01 1.835755975068581947e+01 2.385372088375312671e+01 3.889730067755344578e+01 2.906888370749726747e+01 4.393176527297759293e+01 1.802775637731994607e+01 7.810249675906653977e+00 2.300000000000000000e+01 4.404543109109047805e+01
9.486832980505138124e+00 8.944271909999159220e+00 1.780449381476485726e+01 1.264911064067351809e+01 2.012461179749810825e+01 2.647640458974745314e+01 2.860069929215018192e+01 1.104536101718726115e+01 1.802775637731994607e+01 1.920937271229854559e+01 2.061552812808830382e+01 3.162277660168379523e+00 2.505992817228333536e+01 1.612451549659709826e+01 2.607680962081059661e+01 4.242640687119284770e+00 2.459674775249768786e+01 1.923538406167134340e+01 3.500000000000000000e+01 0.000000000000000000e+00 1.697056274847713908e+01 1.131370849898476116e+01 2.262741699796952233e+01 3.104834939252004844e+01 9.433981132056603158e+00 2.716615541441224835e+01 2.720294101747088789e+01 2.807133769523639799e+01 9.219544457292887074e+00
2.284731931759172596e+01 2.561249694973139412e+01 2.308679276123039159e+01 1.600000000000000000e+01 2.184032966784155505e+01 2.202271554554523902e+01 1.208304597359457233e+01 1.303840481040529831e+01 1.868154169226940553e+01 3.612478373637688378e+01 1.063014581273464998e+01 1.581138830084189628e+01 2.600000000000000000e+01 3.280243893371345365e+01 1.979898987322333070e+01 1.272792206135785520e+01 1.004987562112088995e+01 1.655294535724684835e+01 1.835755975068581947e+01 1.697056274847713908e+01 0.000000000000000000e+00 5.656854249492380582e+00 2.828427124746190202e+01 2.690724809414741969e+01 2.624880949681337583e+01 1.749285568453590045e+01 1.077032961426900748e+01 2.126029162546929996e+01 2.617250465660480074e+01
1.772004514666934938e+01 2.000000000000000000e+01 1.992485884517127559e+01 1.264911064067351809e+01 1.972308292331602075e+01 2.220360331117451835e+01 1.749285568453590045e+01 9.486832980505138124e+00 1.664331697709323876e+01 3.047950130825634218e+01 1.236931687685298087e+01 1.029563014098700080e+01 2.441311123146740414e+01 2.720294101747088789e+01 2.059126028197400160e+01 7.071067811865475505e+00 1.431782106327635340e+01 1.555634918610404505e+01 2.385372088375312671e+01 1.131370849898476116e+01 5.656854249492380582e+00 0.000000000000000000e+00 2.529822128134703618e+01 2.720294101747088789e+01 2.061552812808830382e+01 1.964688270438849926e+01 1.612451549659709826e+01 2.236067977499789805e+01 2.051828452868319275e+01
3.140063693621516450e+01 2.683281572999747766e+01 4.036087214122112954e+01 1.264911064067351809e+01 7.280109889280518054e+00 1.486606874731850603e+01 3.373425558686599857e+01 1.581138830084189628e+01 1.004987562112088995e+01 2.801785145224380003e+01 2.137755832643194864e+01 1.984943324127920761e+01 7.211102550927978250e+00 3.104834939252004844e+01 1.720465053408525335e+01 2.302172886644267535e+01 2.765863337187866122e+01 1.334166406412633421e+01 3.889730067755344578e+01 2.262741699796952233e+01 2.828427124746190202e+01 2.529822128134703618e+01 0.000000000000000000e+00 1.612451549659709826e+01 2.247220505424423109e+01 2.195449840010014952e+01 3.255764119219941222e+01 1.843908891458577415e+01 2.376972864800942631e+01
4.052159917870962147e+01 3.820994634908559817e+01 4.652956049652736681e+01 1.843908891458577415e+01 1.204159457879229578e+01 5.000000000000000000e+00 2.596150997149434048e+01 2.024845673131658685e+01 1.315294643796590535e+01 4.257933771208753626e+01 1.640121946685672683e+01 2.789265136196270589e+01 8.944271909999159220e+00 4.400000000000000000e+01 7.211102550927978250e+00 2.915475947422650194e+01 2.061552812808830382e+01 1.208304597359457233e+01 2.906888370749726747e+01 3.104834939252004844e+01 2.690724809414741969e+01 2.720294101747088789e+01 1.612451549659709826e+01 0.000000000000000000e+00 3.500000000000000000e+01 1.140175425099137918e+01 2.529822128134703618e+01 6.324555320336759046e+00 3.601388621073821383e+01
1.170469991071962568e+01 5.000000000000000000e+00 2.280350850198275836e+01 1.746424919657297892e+01 2.302172886644267535e+01 3.114482300479487265e+01 3.753664875824691904e+01 1.746424919657297892e+01 2.209072203437452231e+01 9.899494936611665352e+00 2.817800560721074277e+01 1.063014581273464998e+01 2.729468812791236232e+01 9.000000000000000000e+00 3.157530680769388809e+01 1.360147050873544394e+01 3.301514803843835466e+01 2.451530134426252516e+01 4.393176527297759293e+01 9.433981132056603158e+00 2.624880949681337583e+01 2.061552812808830382e+01 2.247220505424423109e+01 3.500000000000000000e+01 0.000000000000000000e+00 3.383784863137726262e+01 3.612478373637688378e+01 3.354101966249684352e+01 1.414213562373095145e+00
3.600000000000000000e+01 3.569313659514949677e+01 3.956008088970496317e+01 1.655294535724684835e+01 1.500000000000000000e+01 8.062257748298549132e+00 1.456021977856103611e+01 1.649242250247064234e+01 1.345362404707370985e+01 4.295346318982905842e+01 7.280109889280518054e+00 2.433105012119287736e+01 1.581138830084189628e+01 4.244997055358224713e+01 5.099019513592784492e+00 2.400000000000000000e+01 9.433981132056603158e+00 1.000000000000000000e+01 1.802775637731994607e+01 2.716615541441224835e+01 1.749285568453590045e+01 1.964688270438849926e+01 2.195449840010014952e+01 1.140175425099137918e+01 3.383784863137726262e+01 0.000000000000000000e+00 1.392838827718411920e+01 5.099019513592784492e+00 3.448187929913333249e+01
3.361547262794321966e+01 3.605551275463989214e+01 3.306055050963308162e+01 2.236067977499789805e+01 2.531797780234432693e+01 2.137755832643194864e+01 1.414213562373095145e+00 2.024845673131658685e+01 2.256102834535695578e+01 4.601086828130936368e+01 1.118033988749894903e+01 2.549509756796392423e+01 2.800000000000000000e+01 4.326661530556787483e+01 1.843908891458577415e+01 2.302172886644267535e+01 5.000000000000000000e+00 1.923538406167134340e+01 7.810249675906653977e+00 2.720294101747088789e+01 1.077032961426900748e+01 1.612451549659709826e+01 3.255764119219941222e+01 2.529822128134703618e+01 3.612478373637688378e+01 1.392838827718411920e+01 0.000000000000000000e+00 1.897366596101027625e+01 3.623534186398687496e+01
3.733630940518894192e+01 3.605551275463989214e+01 4.215447781671598193e+01 1.612451549659709826e+01 1.220655561573370207e+01 3.605551275463989125e+00 1.964688270438849926e+01 1.702938636592640265e+01 1.170469991071962568e+01 4.205948168962618183e+01 1.063014581273464998e+01 2.501999200639360765e+01 1.166190378969060149e+01 4.242640687119285303e+01 2.000000000000000000e+00 2.549509756796392423e+01 1.431782106327635340e+01 9.055385138137417300e+00 2.300000000000000000e+01 2.807133769523639799e+01 2.126029162546929996e+01 2.236067977499789805e+01 1.843908891458577415e+01 6.324555320336759046e+00 3.354101966249684352e+01 5.099019513592784492e+00 1.897366596101027625e+01 0.000000000000000000e+00 3.436568055487916240e+01
1.044030650891055068e+01 3.605551275463989125e+00 2.158703314492290204e+01 1.824828759089465890e+01 2.408318915758459156e+01 3.206243908376279705e+01 3.764306044943742080e+01 1.802775637731994607e+01 2.302172886644267535e+01 1.000000000000000000e+01 2.863564212655270680e+01 1.081665382639196871e+01 2.844292530665578411e+01 8.062257748298549132e+00 3.238826948140329165e+01 1.345362404707370985e+01 3.328663395418647752e+01 2.531797780234432693e+01 4.404543109109047805e+01 9.219544457292887074e+00 2.617250465660480074e+01 2.051828452868319275e+01 2.376972864800942631e+01 3.601388621073821383e+01 1.414213562373095145e+00 3.448187929913333249e+01 3.623534186398687496e+01 3.436568055487916240e+01 0.000000000000000000e+00
