0.000000000000000000e+00 3.140063693621516450e+01 2.863564212655270680e+01 2.801785145224380003e+01 1.972308292331602075e+01 1.708800749063506075e+01 1.700000000000000000e+01 2.418677324489564739e+01 1.843908891458577415e+01 1.442220510185595650e+01 3.162277660168379523e+00 2.529822128134703618e+01 2.451530134426252516e+01 7.000000000000000000e+00 1.392838827718411920e+01 2.624880949681337583e+01 8.944271909999159220e+00 1.208304597359457233e+01 2.334523505985750447e+01 1.414213562373095101e+01
3.140063693621516450e+01 0.000000000000000000e+00 3.162277660168379523e+00 6.708203932499369415e+00 4.652956049652736681e+01 1.860107523773827509e+01 4.825971404805461873e+01 7.280109889280518054e+00 4.393176527297759293e+01 2.860069929215018192e+01 3.104834939252004844e+01 1.476482306023340030e+01 7.000000000000000000e+00 2.451530134426252516e+01 4.024922359499621649e+01 2.865309756378880479e+01 3.733630940518894192e+01 3.939543120718441571e+01 5.239274758971894386e+01 2.158703314492290204e+01
2.863564212655270680e+01 3.162277660168379523e+00 0.000000000000000000e+00 7.000000000000000000e+00 4.441846462902562109e+01 1.697056274847713908e+01 4.539823785126466760e+01 5.000000000000000000e+00 4.079215610874227593e+01 2.690724809414741969e+01 2.846049894151541437e+01 1.456021977856103611e+01 4.123105625617660586e+00 2.184032966784155505e+01 3.807886552931954327e+01 2.823118842698620767e+01 3.492849839314595783e+01 3.712142238654116966e+01 5.008991914547277702e+01 1.843908891458577415e+01
2.801785145224380003e+01 6.708203932499369415e+00 7.000000000000000000e+00 0.000000000000000000e+00 4.123105625617660763e+01 1.300000000000000000e+01 4.501110973970759943e+01 5.656854249492380582e+00 4.272001872658765365e+01 2.282542442102665348e+01 2.707397274136176790e+01 8.062257748298549132e+00 7.211102550927978250e+00 2.102379604162863913e+01 3.511409973215887703e+01 2.195449840010014952e+01 3.275667870831839679e+01 3.448187929913333249e+01 4.743416490252568707e+01 2.109502310972898798e+01
1.972308292331602075e+01 4.652956049652736681e+01 4.441846462902562109e+01 4.123105625617660763e+01 0.000000000000000000e+00 2.823118842698620767e+01 1.838477631085023489e+01 3.944616584663204151e+01 3.106444913401813324e+01 1.868154169226940553e+01 1.780449381476485726e+01 3.517101079013794873e+01 4.049691346263317371e+01 2.404163056034261459e+01 6.403124237432848531e+00 2.716615541441224835e+01 1.081665382639196871e+01 7.810249675906653977e+00 7.071067811865475505e+00 3.360059523282288296e+01
1.708800749063506075e+01 1.860107523773827509e+01 1.697056274847713908e+01 1.300000000000000000e+01 2.823118842698620767e+01 0.000000000000000000e+00 3.354101966249684352e+01 1.204159457879229578e+01 3.440930106817050671e+01 1.000000000000000000e+01 1.529705854077835525e+01 8.246211251235321171e+00 1.360147050873544394e+01 1.081665382639196871e+01 2.213594362117865444e+01 1.403566884761819900e+01 2.009975124224177989e+01 2.158703314492290204e+01 3.448187929913333249e+01 1.708800749063506075e+01
1.700000000000000000e+01 4.825971404805461873e+01 4.539823785126466760e+01 4.501110973970759943e+01 1.838477631085023489e+01 3.354101966249684352e+01 0.000000000000000000e+00 4.110960958218893069e+01 1.486606874731850603e+01 2.773084924772409465e+01 1.824828759089465890e+01 4.177319714841084419e+01 4.130375285612676350e+01 2.400000000000000000e+01 1.769180601295413169e+01 3.944616584663204151e+01 1.526433752247374720e+01 1.627882059609970611e+01 1.600000000000000000e+01 2.879236009777593708e+01
2.418677324489564739e+01 7.280109889280518054e+00 5.000000000000000000e+00 5.656854249492380582e+00 3.944616584663204151e+01 1.204159457879229578e+01 4.110960958218893069e+01 0.000000000000000000e+00 3.764306044943742080e+01 2.193171219946130890e+01 2.376972864800942631e+01 1.100000000000000000e+01 2.000000000000000000e+00 1.726267650163206824e+01 3.312099032335839155e+01 2.404163056034261459e+01 3.008321791298264714e+01 3.220248437620923454e+01 4.518849411078001310e+01 1.565247584249852864e+01
1.843908891458577415e+01 4.393176527297759293e+01 4.079215610874227593e+01 4.272001872658765365e+01 3.106444913401813324e+01 3.440930106817050671e+01 1.486606874731850603e+01 3.764306044943742080e+01 0.000000000000000000e+00 3.280243893371345365e+01 2.140093455903269515e+01 4.219004621945797595e+01 3.710795063055894616e+01 2.360084744241189370e+01 2.789265136196270589e+01 4.468780594300866227e+01 2.340939982143925135e+01 2.596150997149434048e+01 3.041381265149109936e+01 2.236067977499789805e+01
1.442220510185595650e+01 2.860069929215018192e+01 2.690724809414741969e+01 2.282542442102665348e+01 1.868154169226940553e+01 1.000000000000000000e+01 2.773084924772409465e+01 2.193171219946130890e+01 3.280243893371345365e+01 0.000000000000000000e+00 1.140175425099137918e+01 1.649242250247064234e+01 2.334523505985750447e+01 1.204159457879229578e+01 1.303840481040529831e+01 1.204159457879229578e+01 1.264911064067351809e+01 1.303840481040529831e+01 2.531797780234432693e+01 2.209072203437452231e+01
3.162277660168379523e+00 3.104834939252004844e+01 2.846049894151541437e+01 2.707397274136176790e+01 1.780449381476485726e+01 1.529705854077835525e+01 1.824828759089465890e+01 2.376972864800942631e+01 2.140093455903269515e+01 1.140175425099137918e+01 0.000000000000000000e+00 2.353720459187963954e+01 2.435159132377184221e+01 6.708203932499369415e+00 1.166190378969060149e+01 2.334523505985750447e+01 7.071067811865475505e+00 1.000000000000000000e+01 2.220360331117451835e+01 1.581138830084189628e+01
2.529822128134703618e+01 1.476482306023340030e+01 1.456021977856103611e+01 8.062257748298549132e+00 3.517101079013794873e+01 8.246211251235321171e+00 4.177319714841084419e+01 1.100000000000000000e+01 4.219004621945797595e+01 1.649242250247064234e+01 2.353720459187963954e+01 0.000000000000000000e+00 1.300000000000000000e+01 1.878829422805593552e+01 2.942787793912432193e+01 1.389244398944980396e+01 2.800000000000000000e+01 2.915475947422650194e+01 4.177319714841084419e+01 2.280350850198275836e+01
2.451530134426252516e+01 7.000000000000000000e+00 4.123105625617660586e+00 7.211102550927978250e+00 4.049691346263317371e+01 1.360147050873544394e+01 4.130375285612676350e+01 2.000000000000000000e+00 3.710795063055894616e+01 2.334523505985750447e+01 2.435159132377184221e+01 1.300000000000000000e+01 0.000000000000000000e+00 1.772004514666934938e+01 3.413209633175202384e+01 2.596150997149434048e+01 3.087069808086626210e+01 3.312099032335839155e+01 4.606517122512408235e+01 1.486606874731850603e+01
7.000000000000000000e+00 2.451530134426252516e+01 2.184032966784155505e+01 2.102379604162863913e+01 2.404163056034261459e+01 1.081665382639196871e+01 2.400000000000000000e+01 1.726267650163206824e+01 2.360084744241189370e+01 1.204159457879229578e+01 6.708203932499369415e+00 1.878829422805593552e+01 1.772004514666934938e+01 0.000000000000000000e+00 1.769180601295413169e+01 2.236067977499789805e+01 1.360147050873544394e+01 1.627882059609970611e+01 2.884441020371191300e+01 1.044030650891055068e+01
1.392838827718411920e+01 4.024922359499621649e+01 3.807886552931954327e+01 3.511409973215887703e+01 6.403124237432848531e+00 2.213594362117865444e+01 1.769180601295413169e+01 3.312099032335839155e+01 2.789265136196270589e+01 1.303840481040529831e+01 1.166190378969060149e+01 2.942787793912432193e+01 3.413209633175202384e+01 1.769180601295413169e+01 0.000000000000000000e+00 2.308679276123039159e+01 5.099019513592784492e+00 2.000000000000000000e+00 1.236931687685298087e+01 2.745906043549196340e+01
2.624880949681337583e+01 2.865309756378880479e+01 2.823118842698620767e+01 2.195449840010014952e+01 2.716615541441224835e+01 1.403566884761819900e+01 3.944616584663204151e+01 2.404163056034261459e+01 4.468780594300866227e+01 1.204159457879229578e+01 2.334523505985750447e+01 1.389244398944980396e+01 2.596150997149434048e+01 2.236067977499789805e+01 2.308679276123039159e+01 0.000000000000000000e+00 2.418677324489564739e+01 2.376972864800942631e+01 3.423448553724738019e+01 3.080584360149872580e+01
8.944271909999159220e+00 3.733630940518894192e+01 3.492849839314595783e+01 3.275667870831839679e+01 1.081665382639196871e+01 2.009975124224177989e+01 1.526433752247374720e+01 3.008321791298264714e+01 2.340939982143925135e+01 1.264911064067351809e+01 7.071067811865475505e+00 2.800000000000000000e+01 3.087069808086626210e+01 1.360147050873544394e+01 5.099019513592784492e+00 2.418677324489564739e+01 0.000000000000000000e+00 3.162277660168379523e+00 1.526433752247374720e+01 2.280350850198275836e+01
1.208304597359457233e+01 3.939543120718441571e+01 3.712142238654116966e+01 3.448187929913333249e+01 7.810249675906653977e+00 2.158703314492290204e+01 1.627882059609970611e+01 3.220248437620923454e+01 2.596150997149434048e+01 1.303840481040529831e+01 1.000000000000000000e+01 2.915475947422650194e+01 3.312099032335839155e+01 1.627882059609970611e+01 2.000000000000000000e+00 2.376972864800942631e+01 3.162277660168379523e+00 0.000000000000000000e+00 1.300000000000000000e+01 2.580697580112788003e+01
2.334523505985750447e+01 5.239274758971894386e+01 5.008991914547277702e+01 4.743416490252568707e+01 7.071067811865475505e+00 3.448187929913333249e+01 1.600000000000000000e+01 4.518849411078001310e+01 3.041381265149109936e+01 2.531797780234432693e+01 2.220360331117451835e+01 4.177319714841084419e+01 4.606517122512408235e+01 2.884441020371191300e+01 1.236931687685298087e+01 3.423448553724738019e+01 1.526433752247374720e+01 1.300000000000000000e+01 0.000000000000000000e+00 3.748332962798262713e+01
1.414213562373095101e+01 2.158703314492290204e+01 1.843908891458577415e+01 2.109502310972898798e+01 3.360059523282288296e+01 1.708800749063506075e+01 2.879236009777593708e+01 1.565247584249852864e+01 2.236067977499789805e+01 2.209072203437452231e+01 1.581138830084189628e+01 2.280350850198275836e+01 1.486606874731850603e+01 1.044030650891055068e+01 2.745906043549196340e+01 3.080584360149872580e+01 2.280350850198275836e+01 2.580697580112788003e+01 3.748332962798262713e+01 0.000000000000000000e+00
