0.000000000000000000e+00 3.228002478313794654e+01 4.123105625617660586e+00 2.061552812808830382e+01 1.252996408614166768e+01 7.280109889280518054e+00 4.472135954999579610e+00 1.664331697709323876e+01 2.126029162546929996e+01 2.624880949681337583e+01 1.204159457879229578e+01 8.062257748298549132e+00 9.433981132056603158e+00 1.204159457879229578e+01 2.334523505985750447e+01 2.247220505424423109e+01 1.562049935181330795e+01 1.431782106327635340e+01 2.256102834535695578e+01 3.111269837220809009e+01
3.228002478313794654e+01 0.000000000000000000e+00 3.640054944640259293e+01 1.780449381476485726e+01 2.507987240796890660e+01 3.667424164178449786e+01 3.337663853655727308e+01 1.700000000000000000e+01 1.581138830084189628e+01 1.780449381476485726e+01 4.001249804748510996e+01 3.448187929913333249e+01 3.920459156782531807e+01 2.920616373302046753e+01 1.700000000000000000e+01 2.418677324489564739e+01 2.687005768508880621e+01 3.436568055487916240e+01 1.664331697709323876e+01 1.581138830084189628e+01
4.123105625617660586e+00 3.640054944640259293e+01 0.000000000000000000e+00 2.433105012119287736e+01 1.562049935181330795e+01 6.324555320336759046e+00 5.385164807134503739e+00 2.059126028197400160e+01 2.500000000000000000e+01 2.969848480983499428e+01 1.029563014098700080e+01 8.602325267042626677e+00 7.211102550927978250e+00 1.442220510185595650e+01 2.690724809414741969e+01 2.549509756796392423e+01 1.835755975068581947e+01 1.503329637837290811e+01 2.630589287593181069e+01 3.471310991541956525e+01
2.061552812808830382e+01 1.780449381476485726e+01 2.433105012119287736e+01 0.000000000000000000e+00 2.126029162546929996e+01 2.209072203437452231e+01 2.376972864800942631e+01 1.523154621172781731e+01 1.941648783894759944e+01 2.517935662402834396e+01 3.178049716414140846e+01 1.923538406167134340e+01 2.973213749463701205e+01 1.264911064067351809e+01 2.236067977499789805e+01 7.071067811865475505e+00 9.433981132056603158e+00 2.983286778035259701e+01 2.000000000000000000e+00 2.707397274136176790e+01
1.252996408614166768e+01 2.507987240796890660e+01 1.562049935181330795e+01 2.126029162546929996e+01 0.000000000000000000e+00 1.969771560359220786e+01 1.063014581273464998e+01 8.246211251235321171e+00 1.044030650891055068e+01 1.421267040355189515e+01 1.529705854077835525e+01 1.964688270438849926e+01 1.523154621172781731e+01 2.009975124224177989e+01 1.166190378969060149e+01 2.641968962724581260e+01 2.184032966784155505e+01 9.486832980505138124e+00 2.262741699796952233e+01 1.941648783894759944e+01
7.280109889280518054e+00 3.667424164178449786e+01 6.324555320336759046e+00 2.209072203437452231e+01 1.969771560359220786e+01 0.000000000000000000e+00 1.100000000000000000e+01 2.262741699796952233e+01 2.765863337187866122e+01 3.301514803843835466e+01 1.655294535724684835e+01 3.162277660168379523e+00 1.341640786499873883e+01 1.019803902718556898e+01 3.000000000000000000e+01 2.158703314492290204e+01 1.431782106327635340e+01 2.102379604162863913e+01 2.408318915758459156e+01 3.764306044943742080e+01
4.472135954999579610e+00 3.337663853655727308e+01 5.385164807134503739e+00 2.376972864800942631e+01 1.063014581273464998e+01 1.100000000000000000e+01 0.000000000000000000e+00 1.676305461424021104e+01 2.059126028197400160e+01 2.483948469674844262e+01 8.062257748298549132e+00 1.236931687685298087e+01 6.082762530298219339e+00 1.640121946685672683e+01 2.220360331117451835e+01 2.640075756488817049e+01 1.979898987322333070e+01 1.004987562112088995e+01 2.563201123595259290e+01 3.000000000000000000e+01
1.664331697709323876e+01 1.700000000000000000e+01 2.059126028197400160e+01 1.523154621172781731e+01 8.246211251235321171e+00 2.262741699796952233e+01 1.676305461424021104e+01 0.000000000000000000e+00 5.385164807134503739e+00 1.140175425099137918e+01 2.302172886644267535e+01 2.140093455903269515e+01 2.236067977499789805e+01 1.897366596101027625e+01 8.246211251235321171e+00 2.158703314492290204e+01 1.910497317454279909e+01 1.772004514666934938e+01 1.612451549659709826e+01 1.526433752247374720e+01
2.126029162546929996e+01 1.581138830084189628e+01 2.500000000000000000e+01 1.941648783894759944e+01 1.044030650891055068e+01 2.765863337187866122e+01 2.059126028197400160e+01 5.385164807134503739e+00 0.000000000000000000e+00 6.082762530298219339e+00 2.570992026436488231e+01 2.662705391138869615e+01 2.563201123595259290e+01 2.435159132377184221e+01 3.000000000000000000e+00 2.617250465660480074e+01 2.433105012119287736e+01 1.900000000000000000e+01 1.992485884517127559e+01 1.000000000000000000e+01
2.624880949681337583e+01 1.780449381476485726e+01 2.969848480983499428e+01 2.517935662402834396e+01 1.421267040355189515e+01 3.301514803843835466e+01 2.483948469674844262e+01 1.140175425099137918e+01 6.082762530298219339e+00 0.000000000000000000e+00 2.863564212655270680e+01 3.224903099319419653e+01 2.915475947422650194e+01 3.036445290137795183e+01 3.162277660168379523e+00 3.206243908376279705e+01 3.041381265149109936e+01 2.088061301782110135e+01 2.549509756796392423e+01 5.385164807134503739e+00
1.204159457879229578e+01 4.001249804748510996e+01 1.029563014098700080e+01 3.178049716414140846e+01 1.529705854077835525e+01 1.655294535724684835e+01 8.062257748298549132e+00 2.302172886644267535e+01 2.570992026436488231e+01 2.863564212655270680e+01 0.000000000000000000e+00 1.886796226411320632e+01 3.162277660168379523e+00 2.404163056034261459e+01 2.657066051117284644e+01 3.440930106817050671e+01 2.765863337187866122e+01 8.485281374238569541e+00 3.361547262794321966e+01 3.401470270338990076e+01
8.062257748298549132e+00 3.448187929913333249e+01 8.602325267042626677e+00 1.923538406167134340e+01 1.964688270438849926e+01 3.162277660168379523e+00 1.236931687685298087e+01 2.140093455903269515e+01 2.662705391138869615e+01 3.224903099319419653e+01 1.886796226411320632e+01 0.000000000000000000e+00 1.581138830084189628e+01 7.071067811865475505e+00 2.915475947422650194e+01 1.843908891458577415e+01 1.118033988749894903e+01 2.236067977499789805e+01 2.121320343559642652e+01 3.661966684720110976e+01
9.433981132056603158e+00 3.920459156782531807e+01 7.211102550927978250e+00 2.973213749463701205e+01 1.523154621172781731e+01 1.341640786499873883e+01 6.082762530298219339e+00 2.236067977499789805e+01 2.563201123595259290e+01 2.915475947422650194e+01 3.162277660168379523e+00 1.581138830084189628e+01 0.000000000000000000e+00 2.126029162546929996e+01 2.683281572999747766e+01 3.190611226708763226e+01 2.500000000000000000e+01 1.029563014098700080e+01 3.162277660168379256e+01 3.448187929913333249e+01
1.204159457879229578e+01 2.920616373302046753e+01 1.442220510185595650e+01 1.264911064067351809e+01 2.009975124224177989e+01 1.019803902718556898e+01 1.640121946685672683e+01 1.897366596101027625e+01 2.435159132377184221e+01 3.036445290137795183e+01 2.404163056034261459e+01 7.071067811865475505e+00 2.126029162546929996e+01 0.000000000000000000e+00 2.720294101747088789e+01 1.140175425099137918e+01 4.123105625617660586e+00 2.549509756796392423e+01 1.456021977856103611e+01 3.401470270338990076e+01
2.334523505985750447e+01 1.700000000000000000e+01 2.690724809414741969e+01 2.236067977499789805e+01 1.166190378969060149e+01 3.000000000000000000e+01 2.220360331117451835e+01 8.246211251235321171e+00 3.000000000000000000e+00 3.162277660168379523e+00 2.657066051117284644e+01 2.915475947422650194e+01 2.683281572999747766e+01 2.720294101747088789e+01 0.000000000000000000e+00 2.915475947422650194e+01 2.729468812791236232e+01 1.923538406167134340e+01 2.280350850198275836e+01 7.810249675906653977e+00
2.247220505424423109e+01 2.418677324489564739e+01 2.549509756796392423e+01 7.071067811865475505e+00 2.641968962724581260e+01 2.158703314492290204e+01 2.640075756488817049e+01 2.158703314492290204e+01 2.617250465660480074e+01 3.206243908376279705e+01 3.440930106817050671e+01 1.843908891458577415e+01 3.190611226708763226e+01 1.140175425099137918e+01 2.915475947422650194e+01 0.000000000000000000e+00 7.280109889280518054e+00 3.405877273185280529e+01 7.615773105863908654e+00 3.413209633175202384e+01
1.562049935181330795e+01 2.687005768508880621e+01 1.835755975068581947e+01 9.433981132056603158e+00 2.184032966784155505e+01 1.431782106327635340e+01 1.979898987322333070e+01 1.910497317454279909e+01 2.433105012119287736e+01 3.041381265149109936e+01 2.765863337187866122e+01 1.118033988749894903e+01 2.500000000000000000e+01 4.123105625617660586e+00 2.729468812791236232e+01 7.280109889280518054e+00 0.000000000000000000e+00 2.830194339616981125e+01 1.118033988749894903e+01 3.352610922848042208e+01
1.431782106327635340e+01 3.436568055487916240e+01 1.503329637837290811e+01 2.983286778035259701e+01 9.486832980505138124e+00 2.102379604162863913e+01 1.004987562112088995e+01 1.772004514666934938e+01 1.900000000000000000e+01 2.088061301782110135e+01 8.485281374238569541e+00 2.236067977499789805e+01 1.029563014098700080e+01 2.549509756796392423e+01 1.923538406167134340e+01 3.405877273185280529e+01 2.830194339616981125e+01 0.000000000000000000e+00 3.140063693621516450e+01 2.624880949681337583e+01
2.256102834535695578e+01 1.664331697709323876e+01 2.630589287593181069e+01 2.000000000000000000e+00 2.262741699796952233e+01 2.408318915758459156e+01 2.563201123595259290e+01 1.612451549659709826e+01 1.992485884517127559e+01 2.549509756796392423e+01 3.361547262794321966e+01 2.121320343559642652e+01 3.162277660168379256e+01 1.456021977856103611e+01 2.280350850198275836e+01 7.615773105863908654e+00 1.118033988749894903e+01 3.140063693621516450e+01 0.000000000000000000e+00 2.700000000000000000e+01
3.111269837220809009e+01 1.581138830084189628e+01 3.471310991541956525e+01 2.707397274136176790e+01 1.941648783894759944e+01 3.764306044943742080e+01 3.000000000000000000e+01 1.526433752247374720e+01 1.000000000000000000e+01 5.385164807134503739e+00 3.401470270338990076e+01 3.661966684720110976e+01 3.448187929913333249e+01 3.401470270338990076e+01 7.810249675906653977e+00 3.413209633175202384e+01 3.352610922848042208e+01 2.624880949681337583e+01 2.700000000000000000e+01 0.000000000000000000e+00
