0.000000000000000000e+00 1.476482306023340030e+01 1.931320791582796659e+01 1.081665382639196871e+01 2.765863337187866122e+01 5.656854249492380582e+00 3.522782990761707111e+01 2.863564212655270680e+01 2.941088233970548416e+01 1.702938636592640265e+01 2.831960451701259274e+01 2.121320343559642652e+01 8.602325267042626677e+00 4.024922359499621649e+01 2.202271554554523902e+01 3.623534186398687496e+01 3.423448553724738019e+01 3.313608305156178346e+01 1.118033988749894903e+01 1.360147050873544394e+01 3.162277660168379523e+00 3.289376840679705083e+01
1.476482306023340030e+01 0.000000000000000000e+00 2.282542442102665348e+01 1.360147050873544394e+01 2.758622844826744469e+01 1.726267650163206824e+01 2.941088233970548416e+01 2.213594362117865444e+01 1.746424919657297892e+01 2.630589287593181069e+01 1.523154621172781731e+01 8.246211251235321171e+00 1.341640786499873883e+01 2.942787793912432193e+01 1.004987562112088995e+01 2.325940669922601600e+01 3.190611226708763226e+01 2.785677655436823841e+01 5.385164807134503739e+00 3.000000000000000000e+00 1.166190378969060149e+01 2.408318915758459156e+01
1.931320791582796659e+01 2.282542442102665348e+01 0.000000000000000000e+00 2.884441020371191300e+01 9.055385138137417300e+00 1.431782106327635340e+01 2.024845673131658685e+01 1.640121946685672683e+01 2.473863375370596174e+01 9.219544457292887074e+00 2.617250465660480074e+01 2.220360331117451835e+01 2.692582403567251959e+01 3.080584360149872580e+01 2.102379604162863913e+01 3.162277660168379256e+01 1.627882059609970611e+01 1.802775637731994607e+01 2.408318915758459156e+01 2.441311123146740414e+01 1.972308292331602075e+01 2.220360331117451835e+01
1.081665382639196871e+01 1.360147050873544394e+01 2.884441020371191300e+01 0.000000000000000000e+00 3.624913792078371699e+01 1.640121946685672683e+01 4.130375285612676350e+01 3.413209633175202384e+01 3.104834939252004844e+01 2.780287754891568852e+01 2.879236009777593708e+01 2.184032966784155505e+01 2.236067977499789805e+00 4.295346318982905842e+01 2.353720459187963954e+01 3.676955262170046979e+01 4.205948168962618183e+01 3.945883931389771959e+01 8.246211251235321171e+00 1.077032961426900748e+01 9.219544457292887074e+00 3.705401462729781059e+01
2.765863337187866122e+01 2.758622844826744469e+01 9.055385138137417300e+00 3.624913792078371699e+01 0.000000000000000000e+00 2.308679276123039159e+01 1.280624847486569706e+01 1.204159457879229578e+01 2.319482700948640286e+01 1.746424919657297892e+01 2.570992026436488231e+01 2.418677324489564739e+01 3.453983207834108526e+01 2.563201123595259290e+01 2.236067977499789805e+01 2.901723625709381693e+01 7.280109889280518054e+00 1.081665382639196871e+01 3.023243291566194912e+01 2.983286778035259701e+01 2.751363298439520833e+01 1.746424919657297892e+01
5.656854249492380582e+00 1.726267650163206824e+01 1.431782106327635340e+01 1.640121946685672683e+01 2.308679276123039159e+01 0.000000000000000000e+00 3.201562118716424266e+01 2.600000000000000000e+01 2.900000000000000000e+01 1.140175425099137918e+01 2.860069929215018192e+01 2.195449840010014952e+01 1.421267040355189515e+01 3.883297567789519888e+01 2.220360331117451835e+01 3.612478373637688378e+01 3.000000000000000000e+01 2.983286778035259701e+01 1.513274595042155646e+01 1.700000000000000000e+01 7.615773105863908654e+00 3.088689042296100240e+01
3.522782990761707111e+01 2.941088233970548416e+01 2.024845673131658685e+01 4.130375285612676350e+01 1.280624847486569706e+01 3.201562118716424266e+01 0.000000000000000000e+00 7.280109889280518054e+00 1.702938636592640265e+01 2.941088233970548416e+01 2.051828452868319275e+01 2.282542442102665348e+01 4.011234224026316042e+01 1.403566884761819900e+01 2.059126028197400160e+01 2.024845673131658685e+01 8.062257748298549132e+00 2.236067977499789805e+00 3.373425558686599857e+01 3.228002478313794654e+01 3.401470270338990076e+01 8.062257748298549132e+00
2.863564212655270680e+01 2.213594362117865444e+01 1.640121946685672683e+01 3.413209633175202384e+01 1.204159457879229578e+01 2.600000000000000000e+01 7.280109889280518054e+00 0.000000000000000000e+00 1.170469991071962568e+01 2.549509756796392423e+01 1.476482306023340030e+01 1.581138830084189628e+01 3.301514803843835466e+01 1.442220510185595650e+01 1.360147050873544394e+01 1.700000000000000000e+01 1.166190378969060149e+01 5.830951894845300743e+00 2.647640458974745314e+01 2.500000000000000000e+01 2.716615541441224835e+01 5.830951894845300743e+00
2.941088233970548416e+01 1.746424919657297892e+01 2.473863375370596174e+01 3.104834939252004844e+01 2.319482700948640286e+01 2.900000000000000000e+01 1.702938636592640265e+01 1.170469991071962568e+01 0.000000000000000000e+00 3.269556544854363267e+01 3.605551275463989125e+00 9.219544457292887074e+00 3.067572330035593353e+01 1.204159457879229578e+01 7.615773105863908654e+00 7.211102550927978250e+00 2.325940669922601600e+01 1.664331697709323876e+01 2.280350850198275836e+01 2.039607805437113797e+01 2.692582403567251959e+01 9.219544457292887074e+00
1.702938636592640265e+01 2.630589287593181069e+01 9.219544457292887074e+00 2.780287754891568852e+01 1.746424919657297892e+01 1.140175425099137918e+01 2.941088233970548416e+01 2.549509756796392423e+01 3.269556544854363267e+01 0.000000000000000000e+00 3.352610922848042208e+01 2.828427124746190202e+01 2.561249694973139412e+01 3.982461550347975532e+01 2.765863337187866122e+01 3.981205847478876336e+01 2.469817807045693669e+01 2.720294101747088789e+01 2.563201123595259290e+01 2.692582403567251959e+01 1.886796226411320632e+01 3.124099870362661591e+01
2.831960451701259274e+01 1.523154621172781731e+01 2.617250465660480074e+01 2.879236009777593708e+01 2.570992026436488231e+01 2.860069929215018192e+01 2.051828452868319275e+01 1.476482306023340030e+01 3.605551275463989125e+00 3.352610922848042208e+01 0.000000000000000000e+00 7.211102550927978250e+00 2.863564212655270680e+01 1.503329637837290811e+01 6.403124237432848531e+00 8.062257748298549132e+00 2.641968962724581260e+01 2.000000000000000000e+01 2.061552812808830382e+01 1.802775637731994607e+01 2.561249694973139412e+01 1.280624847486569706e+01
2.121320343559642652e+01 8.246211251235321171e+00 2.220360331117451835e+01 2.184032966784155505e+01 2.418677324489564739e+01 2.195449840010014952e+01 2.282542442102665348e+01 1.581138830084189628e+01 9.219544457292887074e+00 2.828427124746190202e+01 7.211102550927978250e+00 0.000000000000000000e+00 2.154065922853801496e+01 2.121320343559642652e+01 2.236067977499789805e+00 1.526433752247374720e+01 2.687005768508880621e+01 2.163330765278393741e+01 1.360147050873544394e+01 1.118033988749894903e+01 1.843908891458577415e+01 1.649242250247064234e+01
8.602325267042626677e+00 1.341640786499873883e+01 2.692582403567251959e+01 2.236067977499789805e+00 3.453983207834108526e+01 1.421267040355189515e+01 4.011234224026316042e+01 3.301514803843835466e+01 3.067572330035593353e+01 2.561249694973139412e+01 2.863564212655270680e+01 2.154065922853801496e+01 0.000000000000000000e+00 4.244997055358224713e+01 2.308679276123039159e+01 3.667424164178449786e+01 4.052159917870962147e+01 3.820994634908559817e+01 8.062257748298549132e+00 1.081665382639196871e+01 7.211102550927978250e+00 3.622154055254966920e+01
4.024922359499621649e+01 2.942787793912432193e+01 3.080584360149872580e+01 4.295346318982905842e+01 2.563201123595259290e+01 3.883297567789519888e+01 1.403566884761819900e+01 1.442220510185595650e+01 1.204159457879229578e+01 3.982461550347975532e+01 1.503329637837290811e+01 2.121320343559642652e+01 4.244997055358224713e+01 0.000000000000000000e+00 1.941648783894759944e+01 9.433981132056603158e+00 2.209072203437452231e+01 1.529705854077835525e+01 3.471310991541956525e+01 3.238826948140329165e+01 3.807886552931954327e+01 8.602325267042626677e+00
2.202271554554523902e+01 1.004987562112088995e+01 2.102379604162863913e+01 2.353720459187963954e+01 2.236067977499789805e+01 2.220360331117451835e+01 2.059126028197400160e+01 1.360147050873544394e+01 7.615773105863908654e+00 2.765863337187866122e+01 6.403124237432848531e+00 2.236067977499789805e+00 2.308679276123039159e+01 1.941648783894759944e+01 0.000000000000000000e+00 1.421267040355189515e+01 2.475883680627989492e+01 1.941648783894759944e+01 1.529705854077835525e+01 1.303840481040529831e+01 1.941648783894759944e+01 1.431782106327635340e+01
3.623534186398687496e+01 2.325940669922601600e+01 3.162277660168379256e+01 3.676955262170046979e+01 2.901723625709381693e+01 3.612478373637688378e+01 2.024845673131658685e+01 1.700000000000000000e+01 7.211102550927978250e+00 3.981205847478876336e+01 8.062257748298549132e+00 1.526433752247374720e+01 3.667424164178449786e+01 9.433981132056603158e+00 1.421267040355189515e+01 0.000000000000000000e+00 2.765863337187866122e+01 2.061552812808830382e+01 2.863564212655270680e+01 2.600000000000000000e+01 3.360059523282288296e+01 1.236931687685298087e+01
3.423448553724738019e+01 3.190611226708763226e+01 1.627882059609970611e+01 4.205948168962618183e+01 7.280109889280518054e+00 3.000000000000000000e+01 8.062257748298549132e+00 1.166190378969060149e+01 2.325940669922601600e+01 2.469817807045693669e+01 2.641968962724581260e+01 2.687005768508880621e+01 4.052159917870962147e+01 2.209072203437452231e+01 2.475883680627989492e+01 2.765863337187866122e+01 0.000000000000000000e+00 7.071067811865475505e+00 3.534119409414458346e+01 3.448187929913333249e+01 3.373425558686599857e+01 1.529705854077835525e+01
3.313608305156178346e+01 2.785677655436823841e+01 1.802775637731994607e+01 3.945883931389771959e+01 1.081665382639196871e+01 2.983286778035259701e+01 2.236067977499789805e+00 5.830951894845300743e+00 1.664331697709323876e+01 2.720294101747088789e+01 2.000000000000000000e+01 2.163330765278393741e+01 3.820994634908559817e+01 1.529705854077835525e+01 1.941648783894759944e+01 2.061552812808830382e+01 7.071067811865475505e+00 0.000000000000000000e+00 3.201562118716424266e+01 3.067572330035593353e+01 3.200000000000000000e+01 8.246211251235321171e+00
1.118033988749894903e+01 5.385164807134503739e+00 2.408318915758459156e+01 8.246211251235321171e+00 3.023243291566194912e+01 1.513274595042155646e+01 3.373425558686599857e+01 2.647640458974745314e+01 2.280350850198275836e+01 2.563201123595259290e+01 2.061552812808830382e+01 1.360147050873544394e+01 8.062257748298549132e+00 3.471310991541956525e+01 1.529705854077835525e+01 2.863564212655270680e+01 3.534119409414458346e+01 3.201562118716424266e+01 0.000000000000000000e+00 2.828427124746190291e+00 8.062257748298549132e+00 2.900000000000000000e+01
1.360147050873544394e+01 3.000000000000000000e+00 2.441311123146740414e+01 1.077032961426900748e+01 2.983286778035259701e+01 1.700000000000000000e+01 3.228002478313794654e+01 2.500000000000000000e+01 2.039607805437113797e+01 2.692582403567251959e+01 1.802775637731994607e+01 1.118033988749894903e+01 1.081665382639196871e+01 3.238826948140329165e+01 1.303840481040529831e+01 2.600000000000000000e+01 3.448187929913333249e+01 3.067572330035593353e+01 2.828427124746190291e+00 0.000000000000000000e+00 1.044030650891055068e+01 2.707397274136176790e+01
3.162277660168379523e+00 1.166190378969060149e+01 1.972308292331602075e+01 9.219544457292887074e+00 2.751363298439520833e+01 7.615773105863908654e+00 3.401470270338990076e+01 2.716615541441224835e+01 2.692582403567251959e+01 1.886796226411320632e+01 2.561249694973139412e+01 1.843908891458577415e+01 7.211102550927978250e+00 3.807886552931954327e+01 1.941648783894759944e+01 3.360059523282288296e+01 3.373425558686599857e+01 3.200000000000000000e+01 8.062257748298549132e+00 1.044030650891055068e+01 0.000000000000000000e+00 3.104834939252004844e+01
3.289376840679705083e+01 2.408318915758459156e+01 2.220360331117451835e+01 3.705401462729781059e+01 1.746424919657297892e+01 3.088689042296100240e+01 8.062257748298549132e+00 5.830951894845300743e+00 9.219544457292887074e+00 3.124099870362661591e+01 1.280624847486569706e+01 1.649242250247064234e+01 3.622154055254966920e+01 8.602325267042626677e+00 1.431782106327635340e+01 1.236931687685298087e+01 1.529705854077835525e+01 8.246211251235321171e+00 2.900000000000000000e+01 2.707397274136176790e+01 3.104834939252004844e+01 0.000000000000000000e+00
