0.000000000000000000e+00 1.878829422805593552e+01 3.280243893371345365e+01 5.656854249492380582e+00 2.000000000000000000e+00 7.000000000000000000e+00 7.810249675906653977e+00 1.923538406167134340e+01 2.236067977499789805e+01 1.170469991071962568e+01 2.729468812791236232e+01 2.236067977499789805e+00 2.692582403567251959e+01 3.394112549695427816e+01 1.264911064067351809e+01 2.901723625709381693e+01 8.246211251235321171e+00 2.193171219946130890e+01 3.560898762952971452e+01 2.778488797889960793e+01 1.627882059609970611e+01 1.711724276862369010e+01 2.109502310972898798e+01
1.878829422805593552e+01 0.000000000000000000e+00 1.500000000000000000e+01 1.360147050873544394e+01 1.972308292331602075e+01 1.702938636592640265e+01 1.216552506059643868e+01 5.385164807134503739e+00 1.300000000000000000e+01 7.211102550927978250e+00 8.602325267042626677e+00 1.655294535724684835e+01 9.055385138137417300e+00 1.746424919657297892e+01 1.300000000000000000e+01 2.640075756488817049e+01 2.483948469674844262e+01 7.071067811865475505e+00 1.780449381476485726e+01 1.627882059609970611e+01 5.830951894845300743e+00 1.000000000000000000e+01 3.162277660168379523e+00
3.280243893371345365e+01 1.500000000000000000e+01 0.000000000000000000e+00 2.720294101747088789e+01 3.405877273185280529e+01 2.906888370749726747e+01 2.523885892824792521e+01 1.838477631085023489e+01 2.433105012119287736e+01 2.193171219946130890e+01 7.280109889280518054e+00 3.061045573002793319e+01 1.300000000000000000e+01 4.472135954999579610e+00 2.778488797889960793e+01 2.657066051117284644e+01 3.959797974644666141e+01 1.118033988749894903e+01 2.828427124746190291e+00 1.264911064067351809e+01 1.664331697709323876e+01 2.376972864800942631e+01 1.204159457879229578e+01
5.656854249492380582e+00 1.360147050873544394e+01 2.720294101747088789e+01 0.000000000000000000e+00 7.211102550927978250e+00 5.000000000000000000e+00 2.236067977499789805e+00 1.503329637837290811e+01 1.969771560359220786e+01 7.000000000000000000e+00 2.193171219946130890e+01 3.605551275463989125e+00 2.220360331117451835e+01 2.828427124746190202e+01 1.131370849898476116e+01 2.517935662402834396e+01 1.341640786499873883e+01 1.627882059609970611e+01 3.000000000000000000e+01 2.236067977499789805e+01 1.063014581273464998e+01 1.431782106327635340e+01 1.565247584249852864e+01
2.000000000000000000e+00 1.972308292331602075e+01 3.405877273185280529e+01 7.211102550927978250e+00 0.000000000000000000e+00 9.000000000000000000e+00 9.433981132056603158e+00 1.964688270438849926e+01 2.209072203437452231e+01 1.252996408614166768e+01 2.830194339616981125e+01 3.605551275463989125e+00 2.751363298439520833e+01 3.538361202590826338e+01 1.216552506059643868e+01 3.101612483854164637e+01 6.324555320336759046e+00 2.334523505985750447e+01 3.687817782917154830e+01 2.952964612046680060e+01 1.769180601295413169e+01 1.700000000000000000e+01 2.220360331117451835e+01
7.000000000000000000e+00 1.702938636592640265e+01 2.906888370749726747e+01 5.000000000000000000e+00 9.000000000000000000e+00 0.000000000000000000e+00 5.099019513592784492e+00 1.941648783894759944e+01 2.459674775249768786e+01 1.140175425099137918e+01 2.473863375370596174e+01 6.324555320336759046e+00 2.600000000000000000e+01 2.941088233970548416e+01 1.627882059609970611e+01 2.202271554554523902e+01 1.513274595042155646e+01 1.788854381999831844e+01 3.176476034853718033e+01 2.202271554554523902e+01 1.264911064067351809e+01 1.923538406167134340e+01 1.843908891458577415e+01
7.810249675906653977e+00 1.216552506059643868e+01 2.523885892824792521e+01 2.236067977499789805e+00 9.433981132056603158e+00 5.099019513592784492e+00 0.000000000000000000e+00 1.431782106327635340e+01 1.972308292331602075e+01 6.324555320336759046e+00 2.024845673131658685e+01 5.830951894845300743e+00 2.102379604162863913e+01 2.617250465660480074e+01 1.220655561573370207e+01 2.334523505985750447e+01 1.565247584249852864e+01 1.421267040355189515e+01 2.801785145224380003e+01 2.012461179749810825e+01 8.602325267042626677e+00 1.442220510185595650e+01 1.392838827718411920e+01
1.923538406167134340e+01 5.385164807134503739e+00 1.838477631085023489e+01 1.503329637837290811e+01 1.964688270438849926e+01 1.941648783894759944e+01 1.431782106327635340e+01 0.000000000000000000e+00 7.615773105863908654e+00 8.062257748298549132e+00 1.118033988749894903e+01 1.711724276862369010e+01 8.062257748298549132e+00 2.158703314492290204e+01 9.899494936611665352e+00 3.162277660168379256e+01 2.370653918225939449e+01 1.236931687685298087e+01 2.102379604162863913e+01 2.158703314492290204e+01 1.063014581273464998e+01 5.385164807134503739e+00 8.062257748298549132e+00
2.236067977499789805e+01 1.300000000000000000e+01 2.433105012119287736e+01 1.969771560359220786e+01 2.209072203437452231e+01 2.459674775249768786e+01 1.972308292331602075e+01 7.615773105863908654e+00 0.000000000000000000e+00 1.360147050873544394e+01 1.711724276862369010e+01 2.061552812808830382e+01 1.170469991071962568e+01 2.807133769523639799e+01 1.000000000000000000e+01 3.911521443121588959e+01 2.433105012119287736e+01 1.992485884517127559e+01 2.668332812825266842e+01 2.912043955712207222e+01 1.802775637731994607e+01 5.385164807134503739e+00 1.552417469626002422e+01
1.170469991071962568e+01 7.211102550927978250e+00 2.193171219946130890e+01 7.000000000000000000e+00 1.252996408614166768e+01 1.140175425099137918e+01 6.324555320336759046e+00 8.062257748298549132e+00 1.360147050873544394e+01 0.000000000000000000e+00 1.581138830084189628e+01 9.486832980505138124e+00 1.529705854077835525e+01 2.385372088375312671e+01 8.062257748298549132e+00 2.692582403567251959e+01 1.769180601295413169e+01 1.208304597359457233e+01 2.475883680627989492e+01 2.022374841615668473e+01 7.071067811865475505e+00 8.485281374238569541e+00 9.899494936611665352e+00
2.729468812791236232e+01 8.602325267042626677e+00 7.280109889280518054e+00 2.193171219946130890e+01 2.830194339616981125e+01 2.473863375370596174e+01 2.024845673131658685e+01 1.118033988749894903e+01 1.711724276862369010e+01 1.581138830084189628e+01 0.000000000000000000e+00 2.505992817228333536e+01 6.324555320336759046e+00 1.100000000000000000e+01 2.080865204668481283e+01 2.801785145224380003e+01 3.342154993413680586e+01 8.246211251235321171e+00 9.848857801796103928e+00 1.486606874731850603e+01 1.216552506059643868e+01 1.655294535724684835e+01 6.324555320336759046e+00
2.236067977499789805e+00 1.655294535724684835e+01 3.061045573002793319e+01 3.605551275463989125e+00 3.605551275463989125e+00 6.324555320336759046e+00 5.830951894845300743e+00 1.711724276862369010e+01 2.061552812808830382e+01 9.486832980505138124e+00 2.505992817228333536e+01 0.000000000000000000e+00 2.473863375370596174e+01 3.182766092567909766e+01 1.118033988749894903e+01 2.801785145224380003e+01 9.848857801796103928e+00 1.979898987322333070e+01 3.342154993413680586e+01 2.594224354214569317e+01 1.414213562373095101e+01 1.529705854077835525e+01 1.886796226411320632e+01
2.692582403567251959e+01 9.055385138137417300e+00 1.300000000000000000e+01 2.220360331117451835e+01 2.751363298439520833e+01 2.600000000000000000e+01 2.102379604162863913e+01 8.062257748298549132e+00 1.170469991071962568e+01 1.529705854077835525e+01 6.324555320336759046e+00 2.473863375370596174e+01 0.000000000000000000e+00 1.711724276862369010e+01 1.780449381476485726e+01 3.330165161069342616e+01 3.176476034853718033e+01 1.280624847486569706e+01 1.513274595042155646e+01 2.080865204668481283e+01 1.456021977856103611e+01 1.272792206135785520e+01 8.944271909999159220e+00
3.394112549695427816e+01 1.746424919657297892e+01 4.472135954999579610e+00 2.828427124746190202e+01 3.538361202590826338e+01 2.941088233970548416e+01 2.617250465660480074e+01 2.158703314492290204e+01 2.807133769523639799e+01 2.385372088375312671e+01 1.100000000000000000e+01 3.182766092567909766e+01 1.711724276862369010e+01 0.000000000000000000e+00 3.046309242345563462e+01 2.353720459187963954e+01 4.123105625617660763e+01 1.204159457879229578e+01 4.472135954999579610e+00 1.000000000000000000e+01 1.769180601295413169e+01 2.692582403567251959e+01 1.431782106327635340e+01
1.264911064067351809e+01 1.300000000000000000e+01 2.778488797889960793e+01 1.131370849898476116e+01 1.216552506059643868e+01 1.627882059609970611e+01 1.220655561573370207e+01 9.899494936611665352e+00 1.000000000000000000e+01 8.062257748298549132e+00 2.080865204668481283e+01 1.118033988749894903e+01 1.780449381476485726e+01 3.046309242345563462e+01 0.000000000000000000e+00 3.478505426185217431e+01 1.456021977856103611e+01 1.941648783894759944e+01 3.052867504494749440e+01 2.807133769523639799e+01 1.500000000000000000e+01 5.385164807134503739e+00 1.615549442140351033e+01
2.901723625709381693e+01 2.640075756488817049e+01 2.657066051117284644e+01 2.517935662402834396e+01 3.101612483854164637e+01 2.202271554554523902e+01 2.334523505985750447e+01 3.162277660168379256e+01 3.911521443121588959e+01 2.692582403567251959e+01 2.801785145224380003e+01 2.801785145224380003e+01 3.330165161069342616e+01 2.353720459187963954e+01 3.478505426185217431e+01 0.000000000000000000e+00 3.712142238654116966e+01 2.051828452868319275e+01 2.789265136196270589e+01 1.392838827718411920e+01 2.109502310972898798e+01 3.488552708502481892e+01 2.475883680627989492e+01
8.246211251235321171e+00 2.483948469674844262e+01 3.959797974644666141e+01 1.341640786499873883e+01 6.324555320336759046e+00 1.513274595042155646e+01 1.565247584249852864e+01 2.370653918225939449e+01 2.433105012119287736e+01 1.769180601295413169e+01 3.342154993413680586e+01 9.848857801796103928e+00 3.176476034853718033e+01 4.123105625617660763e+01 1.456021977856103611e+01 3.712142238654116966e+01 0.000000000000000000e+00 2.920616373302046753e+01 4.242640687119285303e+01 3.577708763999663688e+01 2.360084744241189370e+01 1.992485884517127559e+01 2.758622844826744469e+01
2.193171219946130890e+01 7.071067811865475505e+00 1.118033988749894903e+01 1.627882059609970611e+01 2.334523505985750447e+01 1.788854381999831844e+01 1.421267040355189515e+01 1.236931687685298087e+01 1.992485884517127559e+01 1.208304597359457233e+01 8.246211251235321171e+00 1.979898987322333070e+01 1.280624847486569706e+01 1.204159457879229578e+01 1.941648783894759944e+01 2.051828452868319275e+01 2.920616373302046753e+01 0.000000000000000000e+00 1.389244398944980396e+01 9.219544457292887074e+00 5.656854249492380582e+00 1.702938636592640265e+01 4.472135954999579610e+00
3.560898762952971452e+01 1.780449381476485726e+01 2.828427124746190291e+00 3.000000000000000000e+01 3.687817782917154830e+01 3.176476034853718033e+01 2.801785145224380003e+01 2.102379604162863913e+01 2.668332812825266842e+01 2.475883680627989492e+01 9.848857801796103928e+00 3.342154993413680586e+01 1.513274595042155646e+01 4.472135954999579610e+00 3.052867504494749440e+01 2.789265136196270589e+01 4.242640687119285303e+01 1.389244398944980396e+01 0.000000000000000000e+00 1.414213562373095101e+01 1.941648783894759944e+01 2.640075756488817049e+01 1.486606874731850603e+01
2.778488797889960793e+01 1.627882059609970611e+01 1.264911064067351809e+01 2.236067977499789805e+01 2.952964612046680060e+01 2.202271554554523902e+01 2.012461179749810825e+01 2.158703314492290204e+01 2.912043955712207222e+01 2.022374841615668473e+01 1.486606874731850603e+01 2.594224354214569317e+01 2.080865204668481283e+01 1.000000000000000000e+01 2.807133769523639799e+01 1.392838827718411920e+01 3.577708763999663688e+01 9.219544457292887074e+00 1.414213562373095101e+01 0.000000000000000000e+00 1.315294643796590535e+01 2.617250465660480074e+01 1.360147050873544394e+01
1.627882059609970611e+01 5.830951894845300743e+00 1.664331697709323876e+01 1.063014581273464998e+01 1.769180601295413169e+01 1.264911064067351809e+01 8.602325267042626677e+00 1.063014581273464998e+01 1.802775637731994607e+01 7.071067811865475505e+00 1.216552506059643868e+01 1.414213562373095101e+01 1.456021977856103611e+01 1.769180601295413169e+01 1.500000000000000000e+01 2.109502310972898798e+01 2.360084744241189370e+01 5.656854249492380582e+00 1.941648783894759944e+01 1.315294643796590535e+01 0.000000000000000000e+00 1.392838827718411920e+01 6.000000000000000000e+00
1.711724276862369010e+01 1.000000000000000000e+01 2.376972864800942631e+01 1.431782106327635340e+01 1.700000000000000000e+01 1.923538406167134340e+01 1.442220510185595650e+01 5.385164807134503739e+00 5.385164807134503739e+00 8.485281374238569541e+00 1.655294535724684835e+01 1.529705854077835525e+01 1.272792206135785520e+01 2.692582403567251959e+01 5.385164807134503739e+00 3.488552708502481892e+01 1.992485884517127559e+01 1.702938636592640265e+01 2.640075756488817049e+01 2.617250465660480074e+01 1.392838827718411920e+01 0.000000000000000000e+00 1.303840481040529831e+01
2.109502310972898798e+01 3.162277660168379523e+00 1.204159457879229578e+01 1.565247584249852864e+01 2.220360331117451835e+01 1.843908891458577415e+01 1.392838827718411920e+01 8.062257748298549132e+00 1.552417469626002422e+01 9.899494936611665352e+00 6.324555320336759046e+00 1.886796226411320632e+01 8.944271909999159220e+00 1.431782106327635340e+01 1.615549442140351033e+01 2.475883680627989492e+01 2.758622844826744469e+01 4.472135954999579610e+00 1.486606874731850603e+01 1.360147050873544394e+01 6.000000000000000000e+00 1.303840481040529831e+01 0.000000000000000000e+00
