0.000000000000000000e+00 1.503329637837290811e+01 2.039607805437113797e+01 3.546829570193639825e+01 2.954657340538831534e+01 4.338202392696772591e+01 4.242640687119284770e+00 4.031128874149274566e+01 4.272001872658765365e+01 1.456021977856103611e+01 7.211102550927978250e+00 1.843908891458577415e+01 1.708800749063506075e+01 1.303840481040529831e+01 2.202271554554523902e+01 3.505709628591620941e+01 1.063014581273464998e+01 3.224903099319419653e+01 2.500000000000000000e+01 3.114482300479487265e+01 4.219004621945797595e+01 3.100000000000000000e+01 1.788854381999831844e+01 8.602325267042626677e+00 2.617250465660480074e+01 5.099019513592784492e+00
1.503329637837290811e+01 0.000000000000000000e+00 2.370653918225939449e+01 3.405877273185280529e+01 2.816025568065744622e+01 4.019950248448355978e+01 1.843908891458577415e+01 3.801315561749642313e+01 4.100000000000000000e+01 3.162277660168379523e+00 1.029563014098700080e+01 1.529705854077835525e+01 2.701851217221259205e+01 2.126029162546929996e+01 2.692582403567251959e+01 3.981205847478876336e+01 2.376972864800942631e+01 2.901723625709381693e+01 2.624880949681337583e+01 2.473863375370596174e+01 4.701063709417263681e+01 3.534119409414458346e+01 1.838477631085023489e+01 8.944271909999159220e+00 1.941648783894759944e+01 1.523154621172781731e+01
2.039607805437113797e+01 2.370653918225939449e+01 0.000000000000000000e+00 1.581138830084189628e+01 1.063014581273464998e+01 2.420743687382040932e+01 1.838477631085023489e+01 2.080865204668481283e+01 2.282542442102665348e+01 2.600000000000000000e+01 1.612451549659709826e+01 1.000000000000000000e+01 1.077032961426900748e+01 8.602325267042626677e+00 3.605551275463989125e+00 1.615549442140351033e+01 1.627882059609970611e+01 1.442220510185595650e+01 5.000000000000000000e+00 1.726267650163206824e+01 2.340939982143925135e+01 1.170469991071962568e+01 5.656854249492380582e+00 2.517935662402834396e+01 1.513274595042155646e+01 1.529705854077835525e+01
3.546829570193639825e+01 3.405877273185280529e+01 1.581138830084189628e+01 0.000000000000000000e+00 6.082762530298219339e+00 8.485281374238569541e+00 3.400000000000000000e+01 5.000000000000000000e+00 7.280109889280518054e+00 3.701351104664349378e+01 2.983286778035259701e+01 1.902629759044044633e+01 2.549509756796392423e+01 2.441311123146740414e+01 1.627882059609970611e+01 1.513274595042155646e+01 3.201562118716424266e+01 5.830951894845300743e+00 1.081665382639196871e+01 1.280624847486569706e+01 1.923538406167134340e+01 1.315294643796590535e+01 1.772004514666934938e+01 3.847076812334268681e+01 1.615549442140351033e+01 3.046309242345563462e+01
2.954657340538831534e+01 2.816025568065744622e+01 1.063014581273464998e+01 6.082762530298219339e+00 0.000000000000000000e+00 1.389244398944980396e+01 2.830194339616981125e+01 1.077032961426900748e+01 1.334166406412633421e+01 3.106444913401813324e+01 2.376972864800942631e+01 1.300000000000000000e+01 2.109502310972898798e+01 1.910497317454279909e+01 1.208304597359457233e+01 1.612451549659709826e+01 2.687005768508880621e+01 4.123105625617660586e+00 5.830951894845300743e+00 9.848857801796103928e+00 2.193171219946130890e+01 1.264911064067351809e+01 1.170469991071962568e+01 3.238826948140329165e+01 1.140175425099137918e+01 2.459674775249768786e+01
4.338202392696772591e+01 4.019950248448355978e+01 2.420743687382040932e+01 8.485281374238569541e+00 1.389244398944980396e+01 0.000000000000000000e+00 4.219004621945797595e+01 3.605551275463989125e+00 4.123105625617660586e+00 4.328972164382672361e+01 3.733630940518894192e+01 2.596150997149434048e+01 3.397057550292606010e+01 3.280243893371345365e+01 2.475883680627989492e+01 2.137755832643194864e+01 4.045985664828781836e+01 1.140175425099137918e+01 1.920937271229854559e+01 1.612451549659709826e+01 2.319482700948640286e+01 2.061552812808830382e+01 2.549509756796392423e+01 4.560701700396551672e+01 2.100000000000000000e+01 3.847076812334268681e+01
4.242640687119284770e+00 1.843908891458577415e+01 1.838477631085023489e+01 3.400000000000000000e+01 2.830194339616981125e+01 4.219004621945797595e+01 0.000000000000000000e+00 3.894868418830089496e+01 4.114608122288196768e+01 1.838477631085023489e+01 9.055385138137417300e+00 1.860107523773827509e+01 1.334166406412633421e+01 1.019803902718556898e+01 1.941648783894759944e+01 3.201562118716424266e+01 6.403124237432848531e+00 3.140063693621516450e+01 2.325940669922601600e+01 3.124099870362661591e+01 3.901281840626231912e+01 2.816025568065744622e+01 1.702938636592640265e+01 1.280624847486569706e+01 2.662705391138869615e+01 4.472135954999579610e+00
4.031128874149274566e+01 3.801315561749642313e+01 2.080865204668481283e+01 5.000000000000000000e+00 1.077032961426900748e+01 3.605551275463989125e+00 3.894868418830089496e+01 0.000000000000000000e+00 3.162277660168379523e+00 4.104875150354758517e+01 3.448187929913333249e+01 2.334523505985750447e+01 3.041381265149109936e+01 2.941088233970548416e+01 2.121320343559642652e+01 1.811077027627483460e+01 3.701351104664349378e+01 9.000000000000000000e+00 1.581138830084189628e+01 1.486606874731850603e+01 2.061552812808830382e+01 1.708800749063506075e+01 2.247220505424423109e+01 4.295346318982905842e+01 1.923538406167134340e+01 3.534119409414458346e+01
4.272001872658765365e+01 4.100000000000000000e+01 2.282542442102665348e+01 7.280109889280518054e+00 1.334166406412633421e+01 4.123105625617660586e+00 4.114608122288196768e+01 3.162277660168379523e+00 0.000000000000000000e+00 4.401136216933077350e+01 3.710795063055894616e+01 2.617250465660480074e+01 3.189043743820394994e+01 3.138470965295043058e+01 2.280350850198275836e+01 1.772004514666934938e+01 3.883297567789519888e+01 1.204159457879229578e+01 1.788854381999831844e+01 1.802775637731994607e+01 1.910497317454279909e+01 1.749285568453590045e+01 2.500000000000000000e+01 4.570557952810575841e+01 2.236067977499789805e+01 3.769615364994152884e+01
1.456021977856103611e+01 3.162277660168379523e+00 2.600000000000000000e+01 3.701351104664349378e+01 3.106444913401813324e+01 4.328972164382672361e+01 1.838477631085023489e+01 4.104875150354758517e+01 4.401136216933077350e+01 0.000000000000000000e+00 1.131370849898476116e+01 1.811077027627483460e+01 2.828427124746190202e+01 2.267156809750926882e+01 2.906888370749726747e+01 4.215447781671598193e+01 2.418677324489564739e+01 3.206243908376279705e+01 2.886173937932362321e+01 2.789265136196270589e+01 4.939635614091387339e+01 3.769615364994152884e+01 2.088061301782110135e+01 7.071067811865475505e+00 2.256102834535695578e+01 1.581138830084189628e+01
7.211102550927978250e+00 1.029563014098700080e+01 1.612451549659709826e+01 2.983286778035259701e+01 2.376972864800942631e+01 3.733630940518894192e+01 9.055385138137417300e+00 3.448187929913333249e+01 3.710795063055894616e+01 1.131370849898476116e+01 0.000000000000000000e+00 1.166190378969060149e+01 1.697056274847713908e+01 1.140175425099137918e+01 1.868154169226940553e+01 3.201562118716424266e+01 1.360147050873544394e+01 2.600000000000000000e+01 2.002498439450078749e+01 2.420743687382040932e+01 3.929376540877699853e+01 2.765863337187866122e+01 1.216552506059643868e+01 9.055385138137417300e+00 1.910497317454279909e+01 5.099019513592784492e+00
1.843908891458577415e+01 1.529705854077835525e+01 1.000000000000000000e+01 1.902629759044044633e+01 1.300000000000000000e+01 2.596150997149434048e+01 1.860107523773827509e+01 2.334523505985750447e+01 2.617250465660480074e+01 1.811077027627483460e+01 1.166190378969060149e+01 0.000000000000000000e+00 1.811077027627483460e+01 1.303840481040529831e+01 1.360147050873544394e+01 2.523885892824792521e+01 1.992485884517127559e+01 1.456021977856103611e+01 1.118033988749894903e+01 1.272792206135785520e+01 3.224903099319419653e+01 2.080865204668481283e+01 4.472135954999579610e+00 1.964688270438849926e+01 8.062257748298549132e+00 1.421267040355189515e+01
1.708800749063506075e+01 2.701851217221259205e+01 1.077032961426900748e+01 2.549509756796392423e+01 2.109502310972898798e+01 3.397057550292606010e+01 1.334166406412633421e+01 3.041381265149109936e+01 3.189043743820394994e+01 2.828427124746190202e+01 1.697056274847713908e+01 1.811077027627483460e+01 0.000000000000000000e+00 5.830951894845300743e+00 9.219544457292887074e+00 1.941648783894759944e+01 8.062257748298549132e+00 2.505992817228333536e+01 1.526433752247374720e+01 2.789265136196270589e+01 2.607680962081059661e+01 1.615549442140351033e+01 1.400000000000000000e+01 2.469817807045693669e+01 2.507987240796890660e+01 1.303840481040529831e+01
1.303840481040529831e+01 2.126029162546929996e+01 8.602325267042626677e+00 2.441311123146740414e+01 1.910497317454279909e+01 3.280243893371345365e+01 1.019803902718556898e+01 2.941088233970548416e+01 3.138470965295043058e+01 2.267156809750926882e+01 1.140175425099137918e+01 1.303840481040529831e+01 5.830951894845300743e+00 0.000000000000000000e+00 9.219544457292887074e+00 2.202271554554523902e+01 7.810249675906653977e+00 2.267156809750926882e+01 1.360147050873544394e+01 2.416609194718914466e+01 2.915475947422650194e+01 1.802775637731994607e+01 9.486832980505138124e+00 1.969771560359220786e+01 2.061552812808830382e+01 8.246211251235321171e+00
2.202271554554523902e+01 2.692582403567251959e+01 3.605551275463989125e+00 1.627882059609970611e+01 1.208304597359457233e+01 2.475883680627989492e+01 1.941648783894759944e+01 2.121320343559642652e+01 2.280350850198275836e+01 2.906888370749726747e+01 1.868154169226940553e+01 1.360147050873544394e+01 9.219544457292887074e+00 9.219544457292887074e+00 0.000000000000000000e+00 1.334166406412633421e+01 1.612451549659709826e+01 1.615549442140351033e+01 6.324555320336759046e+00 2.002498439450078749e+01 2.061552812808830382e+01 9.055385138137417300e+00 9.219544457292887074e+00 2.765863337187866122e+01 1.843908891458577415e+01 1.700000000000000000e+01
3.505709628591620941e+01 3.981205847478876336e+01 1.615549442140351033e+01 1.513274595042155646e+01 1.612451549659709826e+01 2.137755832643194864e+01 3.201562118716424266e+01 1.811077027627483460e+01 1.772004514666934938e+01 4.215447781671598193e+01 3.201562118716424266e+01 2.523885892824792521e+01 1.941648783894759944e+01 2.202271554554523902e+01 1.334166406412633421e+01 0.000000000000000000e+00 2.745906043549196340e+01 1.931320791582796659e+01 1.421267040355189515e+01 2.594224354214569317e+01 7.280109889280518054e+00 4.472135954999579610e+00 2.147091055358388800e+01 4.100000000000000000e+01 2.701851217221259205e+01 3.014962686336266984e+01
1.063014581273464998e+01 2.376972864800942631e+01 1.627882059609970611e+01 3.201562118716424266e+01 2.687005768508880621e+01 4.045985664828781836e+01 6.403124237432848531e+00 3.701351104664349378e+01 3.883297567789519888e+01 2.418677324489564739e+01 1.360147050873544394e+01 1.992485884517127559e+01 8.062257748298549132e+00 7.810249675906653977e+00 1.612451549659709826e+01 2.745906043549196340e+01 0.000000000000000000e+00 3.047950130825634218e+01 2.126029162546929996e+01 3.176476034853718033e+01 3.413209633175202384e+01 2.404163056034261459e+01 1.700000000000000000e+01 1.910497317454279909e+01 2.785677655436823841e+01 8.544003745317530374e+00
3.224903099319419653e+01 2.901723625709381693e+01 1.442220510185595650e+01 5.830951894845300743e+00 4.123105625617660586e+00 1.140175425099137918e+01 3.140063693621516450e+01 9.000000000000000000e+00 1.204159457879229578e+01 3.206243908376279705e+01 2.600000000000000000e+01 1.456021977856103611e+01 2.505992817228333536e+01 2.267156809750926882e+01 1.615549442140351033e+01 1.931320791582796659e+01 3.047950130825634218e+01 0.000000000000000000e+00 9.848857801796103928e+00 7.071067811865475505e+00 2.441311123146740414e+01 1.627882059609970611e+01 1.442220510185595650e+01 3.420526275297414287e+01 1.044030650891055068e+01 2.745906043549196340e+01
2.500000000000000000e+01 2.624880949681337583e+01 5.000000000000000000e+00 1.081665382639196871e+01 5.830951894845300743e+00 1.920937271229854559e+01 2.325940669922601600e+01 1.581138830084189628e+01 1.788854381999831844e+01 2.886173937932362321e+01 2.002498439450078749e+01 1.118033988749894903e+01 1.526433752247374720e+01 1.360147050873544394e+01 6.324555320336759046e+00 1.421267040355189515e+01 2.126029162546929996e+01 9.848857801796103928e+00 0.000000000000000000e+00 1.403566884761819900e+01 2.109502310972898798e+01 9.899494936611665352e+00 8.062257748298549132e+00 2.900000000000000000e+01 1.341640786499873883e+01 1.992485884517127559e+01
3.114482300479487265e+01 2.473863375370596174e+01 1.726267650163206824e+01 1.280624847486569706e+01 9.848857801796103928e+00 1.612451549659709826e+01 3.124099870362661591e+01 1.486606874731850603e+01 1.802775637731994607e+01 2.789265136196270589e+01 2.420743687382040932e+01 1.272792206135785520e+01 2.789265136196270589e+01 2.416609194718914466e+01 2.002498439450078749e+01 2.594224354214569317e+01 3.176476034853718033e+01 7.071067811865475505e+00 1.403566884761819900e+01 0.000000000000000000e+00 3.140063693621516450e+01 2.247220505424423109e+01 1.476482306023340030e+01 3.130495168499705727e+01 5.385164807134503739e+00 2.690724809414741969e+01
4.219004621945797595e+01 4.701063709417263681e+01 2.340939982143925135e+01 1.923538406167134340e+01 2.193171219946130890e+01 2.319482700948640286e+01 3.901281840626231912e+01 2.061552812808830382e+01 1.910497317454279909e+01 4.939635614091387339e+01 3.929376540877699853e+01 3.224903099319419653e+01 2.607680962081059661e+01 2.915475947422650194e+01 2.061552812808830382e+01 7.280109889280518054e+00 3.413209633175202384e+01 2.441311123146740414e+01 2.109502310972898798e+01 3.140063693621516450e+01 0.000000000000000000e+00 1.170469991071962568e+01 2.863564212655270680e+01 4.827007354458868349e+01 3.324154027718932269e+01 3.733630940518894192e+01
3.100000000000000000e+01 3.534119409414458346e+01 1.170469991071962568e+01 1.315294643796590535e+01 1.264911064067351809e+01 2.061552812808830382e+01 2.816025568065744622e+01 1.708800749063506075e+01 1.749285568453590045e+01 3.769615364994152884e+01 2.765863337187866122e+01 2.080865204668481283e+01 1.615549442140351033e+01 1.802775637731994607e+01 9.055385138137417300e+00 4.472135954999579610e+00 2.404163056034261459e+01 1.627882059609970611e+01 9.899494936611665352e+00 2.247220505424423109e+01 1.170469991071962568e+01 0.000000000000000000e+00 1.700000000000000000e+01 3.667424164178449786e+01 2.302172886644267535e+01 2.601922366251537611e+01
1.788854381999831844e+01 1.838477631085023489e+01 5.656854249492380582e+00 1.772004514666934938e+01 1.170469991071962568e+01 2.549509756796392423e+01 1.702938636592640265e+01 2.247220505424423109e+01 2.500000000000000000e+01 2.088061301782110135e+01 1.216552506059643868e+01 4.472135954999579610e+00 1.400000000000000000e+01 9.486832980505138124e+00 9.219544457292887074e+00 2.147091055358388800e+01 1.700000000000000000e+01 1.442220510185595650e+01 8.062257748298549132e+00 1.476482306023340030e+01 2.863564212655270680e+01 1.700000000000000000e+01 0.000000000000000000e+00 2.102379604162863913e+01 1.118033988749894903e+01 1.303840481040529831e+01
8.602325267042626677e+00 8.944271909999159220e+00 2.517935662402834396e+01 3.847076812334268681e+01 3.238826948140329165e+01 4.560701700396551672e+01 1.280624847486569706e+01 4.295346318982905842e+01 4.570557952810575841e+01 7.071067811865475505e+00 9.055385138137417300e+00 1.964688270438849926e+01 2.469817807045693669e+01 1.969771560359220786e+01 2.765863337187866122e+01 4.100000000000000000e+01 1.910497317454279909e+01 3.420526275297414287e+01 2.900000000000000000e+01 3.130495168499705727e+01 4.827007354458868349e+01 3.667424164178449786e+01 2.102379604162863913e+01 0.000000000000000000e+00 2.594224354214569317e+01 1.166190378969060149e+01
2.617250465660480074e+01 1.941648783894759944e+01 1.513274595042155646e+01 1.615549442140351033e+01 1.140175425099137918e+01 2.100000000000000000e+01 2.662705391138869615e+01 1.923538406167134340e+01 2.236067977499789805e+01 2.256102834535695578e+01 1.910497317454279909e+01 8.062257748298549132e+00 2.507987240796890660e+01 2.061552812808830382e+01 1.843908891458577415e+01 2.701851217221259205e+01 2.785677655436823841e+01 1.044030650891055068e+01 1.341640786499873883e+01 5.385164807134503739e+00 3.324154027718932269e+01 2.302172886644267535e+01 1.118033988749894903e+01 2.594224354214569317e+01 0.000000000000000000e+00 2.220360331117451835e+01
5.099019513592784492e+00 1.523154621172781731e+01 1.529705854077835525e+01 3.046309242345563462e+01 2.459674775249768786e+01 3.847076812334268681e+01 4.472135954999579610e+00 3.534119409414458346e+01 3.769615364994152884e+01 1.581138830084189628e+01 5.099019513592784492e+00 1.421267040355189515e+01 1.303840481040529831e+01 8.246211251235321171e+00 1.700000000000000000e+01 3.014962686336266984e+01 8.544003745317530374e+00 2.745906043549196340e+01 1.992485884517127559e+01 2.690724809414741969e+01 3.733630940518894192e+01 2.601922366251537611e+01 1.303840481040529831e+01 1.166190378969060149e+01 2.220360331117451835e+01 0.000000000000000000e+00
