0.000000000000000000e+00 2.404163056034261459e+01 6.708203932499369415e+00 1.726267650163206824e+01 1.081665382639196871e+01 9.486832980505138124e+00 2.334523505985750447e+01 1.486606874731850603e+01 1.341640786499873883e+01 2.088061301782110135e+01 2.420743687382040932e+01 1.300000000000000000e+01 9.000000000000000000e+00 1.802775637731994607e+01 2.039607805437113797e+01 1.972308292331602075e+01 1.414213562373095101e+01 1.843908891458577415e+01 1.442220510185595650e+01 1.500000000000000000e+01 2.607680962081059661e+01 8.944271909999159220e+00 1.486606874731850603e+01 1.772004514666934938e+01 1.252996408614166768e+01 7.071067811865475505e+00 2.884441020371191300e+01 1.118033988749894903e+01 1.612451549659709826e+01
2.404163056034261459e+01 0.000000000000000000e+00 2.906888370749726747e+01 3.124099870362661591e+01 1.711724276862369010e+01 2.561249694973139412e+01 3.000000000000000000e+00 9.219544457292887074e+00 3.733630940518894192e+01 3.162277660168379523e+00 2.236067977499789805e+01 3.667424164178449786e+01 1.565247584249852864e+01 3.330165161069342616e+01 3.818376618407356915e+01 1.802775637731994607e+01 3.807886552931954327e+01 2.370653918225939449e+01 3.807886552931954327e+01 3.505709628591620941e+01 2.102379604162863913e+01 1.860107523773827509e+01 1.360147050873544394e+01 3.687817782917154830e+01 1.746424919657297892e+01 2.163330765278393741e+01 3.178049716414140846e+01 3.306055050963308162e+01 3.701351104664349378e+01
6.708203932499369415e+00 2.906888370749726747e+01 0.000000000000000000e+00 1.252996408614166768e+01 1.749285568453590045e+01 6.708203932499369415e+00 2.785677655436823841e+01 2.024845673131658685e+01 9.000000000000000000e+00 2.594224354214569317e+01 2.376972864800942631e+01 1.166190378969060149e+01 1.341640786499873883e+01 1.264911064067351809e+01 1.403566884761819900e+01 2.039607805437113797e+01 1.170469991071962568e+01 1.700000000000000000e+01 9.219544457292887074e+00 1.749285568453590045e+01 2.624880949681337583e+01 1.118033988749894903e+01 2.140093455903269515e+01 1.118033988749894903e+01 1.923538406167134340e+01 8.062257748298549132e+00 2.617250465660480074e+01 1.303840481040529831e+01 1.780449381476485726e+01
1.726267650163206824e+01 3.124099870362661591e+01 1.252996408614166768e+01 0.000000000000000000e+00 2.617250465660480074e+01 8.000000000000000000e+00 2.900000000000000000e+01 2.459674775249768786e+01 1.860107523773827509e+01 2.860069929215018192e+01 1.612451549659709826e+01 2.334523505985750447e+01 1.802775637731994607e+01 2.236067977499789805e+00 7.615773105863908654e+00 1.565247584249852864e+01 2.267156809750926882e+01 9.486832980505138124e+00 1.749285568453590045e+01 3.001666203960726875e+01 1.923538406167134340e+01 1.392838827718411920e+01 2.886173937932362321e+01 8.000000000000000000e+00 2.816025568065744622e+01 1.216552506059643868e+01 1.476482306023340030e+01 2.555386467836127551e+01 3.023243291566194912e+01
1.081665382639196871e+01 1.711724276862369010e+01 1.749285568453590045e+01 2.617250465660480074e+01 0.000000000000000000e+00 1.824828759089465890e+01 1.772004514666934938e+01 8.944271909999159220e+00 2.343074902771996193e+01 1.431782106327635340e+01 2.729468812791236232e+01 2.102379604162863913e+01 9.486832980505138124e+00 2.745906043549196340e+01 3.067572330035593353e+01 2.195449840010014952e+01 2.282542442102665348e+01 2.376972864800942631e+01 2.475883680627989492e+01 1.800000000000000000e+01 2.801785145224380003e+01 1.315294643796590535e+01 4.472135954999579610e+00 2.823118842698620767e+01 2.000000000000000000e+00 1.403566884761819900e+01 3.448187929913333249e+01 1.649242250247064234e+01 2.002498439450078749e+01
9.486832980505138124e+00 2.561249694973139412e+01 6.708203932499369415e+00 8.000000000000000000e+00 1.824828759089465890e+01 0.000000000000000000e+00 2.385372088375312671e+01 1.780449381476485726e+01 1.529705854077835525e+01 2.267156809750926882e+01 1.708800749063506075e+01 1.835755975068581947e+01 1.081665382639196871e+01 9.219544457292887074e+00 1.303840481040529831e+01 1.403566884761819900e+01 1.838477631085023489e+01 1.029563014098700080e+01 1.503329637837290811e+01 2.343074902771996193e+01 1.964688270438849926e+01 7.071067811865475505e+00 2.118962010041709121e+01 1.131370849898476116e+01 2.022374841615668473e+01 4.472135954999579610e+00 1.984943324127920761e+01 1.910497317454279909e+01 2.404163056034261459e+01
2.334523505985750447e+01 3.000000000000000000e+00 2.785677655436823841e+01 2.900000000000000000e+01 1.772004514666934938e+01 2.385372088375312671e+01 0.000000000000000000e+00 9.055385138137417300e+00 3.640054944640259293e+01 3.605551275463989125e+00 1.941648783894759944e+01 3.622154055254966920e+01 1.456021977856103611e+01 3.111269837220809009e+01 3.612478373637688378e+01 1.523154621172781731e+01 3.748332962798262713e+01 2.109502310972898798e+01 3.700000000000000000e+01 3.535533905932737753e+01 1.802775637731994607e+01 1.700000000000000000e+01 1.476482306023340030e+01 3.500000000000000000e+01 1.838477631085023489e+01 2.012461179749810825e+01 2.886173937932362321e+01 3.301514803843835466e+01 3.721558813185679071e+01
1.486606874731850603e+01 9.219544457292887074e+00 2.024845673131658685e+01 2.459674775249768786e+01 8.944271909999159220e+00 1.780449381476485726e+01 9.055385138137417300e+00 0.000000000000000000e+00 2.823118842698620767e+01 6.082762530298219339e+00 2.061552812808830382e+01 2.745906043549196340e+01 7.071067811865475505e+00 2.641968962724581260e+01 3.080584360149872580e+01 1.529705854077835525e+01 2.886173937932362321e+01 1.910497317454279909e+01 2.906888370749726747e+01 2.630589287593181069e+01 2.061552812808830382e+01 1.081665382639196871e+01 7.211102550927978250e+00 2.906888370749726747e+01 1.000000000000000000e+01 1.345362404707370985e+01 2.906888370749726747e+01 2.400000000000000000e+01 2.816025568065744622e+01
1.341640786499873883e+01 3.733630940518894192e+01 9.000000000000000000e+00 1.860107523773827509e+01 2.343074902771996193e+01 1.529705854077835525e+01 3.640054944640259293e+01 2.823118842698620767e+01 0.000000000000000000e+00 3.417601498127012150e+01 3.228002478313794654e+01 6.082762530298219339e+00 2.184032966784155505e+01 1.769180601295413169e+01 1.612451549659709826e+01 2.927456233660889495e+01 4.472135954999579610e+00 2.529822128134703618e+01 2.000000000000000000e+00 1.500000000000000000e+01 3.492849839314595783e+01 2.009975124224177989e+01 2.780287754891568852e+01 1.303840481040529831e+01 2.475883680627989492e+01 1.702938636592640265e+01 3.328663395418647752e+01 1.118033988749894903e+01 1.414213562373095101e+01
2.088061301782110135e+01 3.162277660168379523e+00 2.594224354214569317e+01 2.860069929215018192e+01 1.431782106327635340e+01 2.267156809750926882e+01 3.605551275463989125e+00 6.082762530298219339e+00 3.417601498127012150e+01 0.000000000000000000e+00 2.102379604162863913e+01 3.354101966249684352e+01 1.252996408614166768e+01 3.061045573002793319e+01 3.538361202590826338e+01 1.627882059609970611e+01 3.492849839314595783e+01 2.154065922853801496e+01 3.492849839314595783e+01 3.214031735997639316e+01 2.009975124224177989e+01 1.562049935181330795e+01 1.118033988749894903e+01 3.397057550292606010e+01 1.486606874731850603e+01 1.860107523773827509e+01 3.026549190084311292e+01 3.001666203960726875e+01 3.405877273185280529e+01
2.420743687382040932e+01 2.236067977499789805e+01 2.376972864800942631e+01 1.612451549659709826e+01 2.729468812791236232e+01 1.708800749063506075e+01 1.941648783894759944e+01 2.061552812808830382e+01 3.228002478313794654e+01 2.102379604162863913e+01 0.000000000000000000e+00 3.534119409414458346e+01 1.802775637731994607e+01 1.824828759089465890e+01 2.353720459187963954e+01 5.385164807134503739e+00 3.546829570193639825e+01 7.071067811865475505e+00 3.178049716414140846e+01 3.920459156782531807e+01 3.162277660168379523e+00 1.555634918610404505e+01 2.751363298439520833e+01 2.408318915758459156e+01 2.906888370749726747e+01 1.720465053408525335e+01 9.486832980505138124e+00 3.522782990761707111e+01 4.022437072223753063e+01
1.300000000000000000e+01 3.667424164178449786e+01 1.166190378969060149e+01 2.334523505985750447e+01 2.102379604162863913e+01 1.835755975068581947e+01 3.622154055254966920e+01 2.745906043549196340e+01 6.082762530298219339e+00 3.354101966249684352e+01 3.534119409414458346e+01 0.000000000000000000e+00 2.200000000000000000e+01 2.280350850198275836e+01 2.193171219946130890e+01 3.162277660168379256e+01 2.236067977499789805e+00 2.865309756378880479e+01 8.062257748298549132e+00 9.055385138137417300e+00 3.769615364994152884e+01 2.137755832643194864e+01 2.549509756796392423e+01 1.878829422805593552e+01 2.195449840010014952e+01 1.868154169226940553e+01 3.764306044943742080e+01 5.830951894845300743e+00 8.062257748298549132e+00
9.000000000000000000e+00 1.565247584249852864e+01 1.341640786499873883e+01 1.802775637731994607e+01 9.486832980505138124e+00 1.081665382639196871e+01 1.456021977856103611e+01 7.071067811865475505e+00 2.184032966784155505e+01 1.252996408614166768e+01 1.802775637731994607e+01 2.200000000000000000e+01 0.000000000000000000e+00 1.969771560359220786e+01 2.385372088375312671e+01 1.280624847486569706e+01 2.308679276123039159e+01 1.431782106327635340e+01 2.247220505424423109e+01 2.284731931759172596e+01 1.910497317454279909e+01 4.123105625617660586e+00 1.104536101718726115e+01 2.202271554554523902e+01 1.140175425099137918e+01 6.403124237432848531e+00 2.500000000000000000e+01 1.964688270438849926e+01 2.435159132377184221e+01
1.802775637731994607e+01 3.330165161069342616e+01 1.264911064067351809e+01 2.236067977499789805e+00 2.745906043549196340e+01 9.219544457292887074e+00 3.111269837220809009e+01 2.641968962724581260e+01 1.769180601295413169e+01 3.061045573002793319e+01 1.824828759089465890e+01 2.280350850198275836e+01 1.969771560359220786e+01 0.000000000000000000e+00 5.385164807134503739e+00 1.788854381999831844e+01 2.193171219946130890e+01 1.170469991071962568e+01 1.640121946685672683e+01 2.996664812754339380e+01 2.137755832643194864e+01 1.565247584249852864e+01 3.036445290137795183e+01 6.082762530298219339e+00 2.942787793912432193e+01 1.360147050873544394e+01 1.615549442140351033e+01 2.549509756796392423e+01 3.001666203960726875e+01
2.039607805437113797e+01 3.818376618407356915e+01 1.403566884761819900e+01 7.615773105863908654e+00 3.067572330035593353e+01 1.303840481040529831e+01 3.612478373637688378e+01 3.080584360149872580e+01 1.612451549659709826e+01 3.538361202590826338e+01 2.353720459187963954e+01 2.193171219946130890e+01 2.385372088375312671e+01 5.385164807134503739e+00 0.000000000000000000e+00 2.325940669922601600e+01 2.059126028197400160e+01 1.708800749063506075e+01 1.442220510185595650e+01 3.008321791298264714e+01 2.668332812825266842e+01 2.000000000000000000e+01 3.401470270338990076e+01 3.162277660168379523e+00 3.257299494980465937e+01 1.749285568453590045e+01 2.039607805437113797e+01 2.570992026436488231e+01 2.973213749463701205e+01
1.972308292331602075e+01 1.802775637731994607e+01 2.039607805437113797e+01 1.565247584249852864e+01 2.195449840010014952e+01 1.403566884761819900e+01 1.523154621172781731e+01 1.529705854077835525e+01 2.927456233660889495e+01 1.627882059609970611e+01 5.385164807134503739e+00 3.162277660168379256e+01 1.280624847486569706e+01 1.788854381999831844e+01 2.325940669922601600e+01 0.000000000000000000e+00 3.201562118716424266e+01 6.403124237432848531e+00 2.906888370749726747e+01 3.466987164671942878e+01 6.403124237432848531e+00 1.081665382639196871e+01 2.213594362117865444e+01 2.308679276123039159e+01 2.370653918225939449e+01 1.300000000000000000e+01 1.403566884761819900e+01 3.088689042296100240e+01 3.584689665786984136e+01
1.414213562373095101e+01 3.807886552931954327e+01 1.170469991071962568e+01 2.267156809750926882e+01 2.282542442102665348e+01 1.838477631085023489e+01 3.748332962798262713e+01 2.886173937932362321e+01 4.472135954999579610e+00 3.492849839314595783e+01 3.546829570193639825e+01 2.236067977499789805e+00 2.308679276123039159e+01 2.193171219946130890e+01 2.059126028197400160e+01 3.201562118716424266e+01 0.000000000000000000e+00 2.863564212655270680e+01 6.324555320336759046e+00 1.118033988749894903e+01 3.794733192202055250e+01 2.209072203437452231e+01 2.729468812791236232e+01 1.749285568453590045e+01 2.385372088375312671e+01 1.923538406167134340e+01 3.720215047547655018e+01 8.062257748298549132e+00 1.000000000000000000e+01
1.843908891458577415e+01 2.370653918225939449e+01 1.700000000000000000e+01 9.486832980505138124e+00 2.376972864800942631e+01 1.029563014098700080e+01 2.109502310972898798e+01 1.910497317454279909e+01 2.529822128134703618e+01 2.154065922853801496e+01 7.071067811865475505e+00 2.865309756378880479e+01 1.431782106327635340e+01 1.170469991071962568e+01 1.708800749063506075e+01 6.403124237432848531e+00 2.863564212655270680e+01 0.000000000000000000e+00 2.473863375370596174e+01 3.324154027718932269e+01 1.000000000000000000e+01 1.077032961426900748e+01 2.507987240796890660e+01 1.726267650163206824e+01 2.570992026436488231e+01 1.140175425099137918e+01 1.077032961426900748e+01 2.906888370749726747e+01 3.405877273185280529e+01
1.442220510185595650e+01 3.807886552931954327e+01 9.219544457292887074e+00 1.749285568453590045e+01 2.475883680627989492e+01 1.503329637837290811e+01 3.700000000000000000e+01 2.906888370749726747e+01 2.000000000000000000e+00 3.492849839314595783e+01 3.178049716414140846e+01 8.062257748298549132e+00 2.247220505424423109e+01 1.640121946685672683e+01 1.442220510185595650e+01 2.906888370749726747e+01 6.324555320336759046e+00 2.473863375370596174e+01 0.000000000000000000e+00 1.700000000000000000e+01 3.452535300326413648e+01 2.039607805437113797e+01 2.906888370749726747e+01 1.140175425099137918e+01 2.617250465660480074e+01 1.726267650163206824e+01 3.224903099319419653e+01 1.315294643796590535e+01 1.612451549659709826e+01
1.500000000000000000e+01 3.505709628591620941e+01 1.749285568453590045e+01 3.001666203960726875e+01 1.800000000000000000e+01 2.343074902771996193e+01 3.535533905932737753e+01 2.630589287593181069e+01 1.500000000000000000e+01 3.214031735997639316e+01 3.920459156782531807e+01 9.055385138137417300e+00 2.284731931759172596e+01 2.996664812754339380e+01 3.008321791298264714e+01 3.466987164671942878e+01 1.118033988749894903e+01 3.324154027718932269e+01 1.700000000000000000e+01 0.000000000000000000e+00 4.104875150354758517e+01 2.385372088375312671e+01 2.209072203437452231e+01 2.692582403567251959e+01 1.811077027627483460e+01 2.202271554554523902e+01 4.327817001676480402e+01 4.472135954999579610e+00 2.236067977499789805e+00
2.607680962081059661e+01 2.102379604162863913e+01 2.624880949681337583e+01 1.923538406167134340e+01 2.801785145224380003e+01 1.964688270438849926e+01 1.802775637731994607e+01 2.061552812808830382e+01 3.492849839314595783e+01 2.009975124224177989e+01 3.162277660168379523e+00 3.769615364994152884e+01 1.910497317454279909e+01 2.137755832643194864e+01 2.668332812825266842e+01 6.403124237432848531e+00 3.794733192202055250e+01 1.000000000000000000e+01 3.452535300326413648e+01 4.104875150354758517e+01 0.000000000000000000e+00 1.720465053408525335e+01 2.773084924772409465e+01 2.716615541441224835e+01 2.968164415931165934e+01 1.923538406167134340e+01 1.166190378969060149e+01 3.721558813185679071e+01 4.219004621945797595e+01
8.944271909999159220e+00 1.860107523773827509e+01 1.118033988749894903e+01 1.392838827718411920e+01 1.315294643796590535e+01 7.071067811865475505e+00 1.700000000000000000e+01 1.081665382639196871e+01 2.009975124224177989e+01 1.562049935181330795e+01 1.555634918610404505e+01 2.137755832643194864e+01 4.123105625617660586e+00 1.565247584249852864e+01 2.000000000000000000e+01 1.081665382639196871e+01 2.209072203437452231e+01 1.077032961426900748e+01 2.039607805437113797e+01 2.385372088375312671e+01 1.720465053408525335e+01 0.000000000000000000e+00 1.513274595042155646e+01 1.838477631085023489e+01 1.513274595042155646e+01 3.162277660168379523e+00 2.154065922853801496e+01 2.012461179749810825e+01 2.505992817228333536e+01
1.486606874731850603e+01 1.360147050873544394e+01 2.140093455903269515e+01 2.886173937932362321e+01 4.472135954999579610e+00 2.118962010041709121e+01 1.476482306023340030e+01 7.211102550927978250e+00 2.780287754891568852e+01 1.118033988749894903e+01 2.751363298439520833e+01 2.549509756796392423e+01 1.104536101718726115e+01 3.036445290137795183e+01 3.401470270338990076e+01 2.213594362117865444e+01 2.729468812791236232e+01 2.507987240796890660e+01 2.906888370749726747e+01 2.209072203437452231e+01 2.773084924772409465e+01 1.513274595042155646e+01 0.000000000000000000e+00 3.176476034853718033e+01 4.000000000000000000e+00 1.676305461424021104e+01 3.551056180912940619e+01 2.088061301782110135e+01 2.418677324489564739e+01
1.772004514666934938e+01 3.687817782917154830e+01 1.118033988749894903e+01 8.000000000000000000e+00 2.823118842698620767e+01 1.131370849898476116e+01 3.500000000000000000e+01 2.906888370749726747e+01 1.303840481040529831e+01 3.397057550292606010e+01 2.408318915758459156e+01 1.878829422805593552e+01 2.202271554554523902e+01 6.082762530298219339e+00 3.162277660168379523e+00 2.308679276123039159e+01 1.749285568453590045e+01 1.726267650163206824e+01 1.140175425099137918e+01 2.692582403567251959e+01 2.716615541441224835e+01 1.838477631085023489e+01 3.176476034853718033e+01 0.000000000000000000e+00 3.008321791298264714e+01 1.562049935181330795e+01 2.213594362117865444e+01 2.256102834535695578e+01 2.657066051117284644e+01
1.252996408614166768e+01 1.746424919657297892e+01 1.923538406167134340e+01 2.816025568065744622e+01 2.000000000000000000e+00 2.022374841615668473e+01 1.838477631085023489e+01 1.000000000000000000e+01 2.475883680627989492e+01 1.486606874731850603e+01 2.906888370749726747e+01 2.195449840010014952e+01 1.140175425099137918e+01 2.942787793912432193e+01 3.257299494980465937e+01 2.370653918225939449e+01 2.385372088375312671e+01 2.570992026436488231e+01 2.617250465660480074e+01 1.811077027627483460e+01 2.968164415931165934e+01 1.513274595042155646e+01 4.000000000000000000e+00 3.008321791298264714e+01 0.000000000000000000e+00 1.603121954188139853e+01 3.640054944640259293e+01 1.708800749063506075e+01 2.022374841615668473e+01
7.071067811865475505e+00 2.163330765278393741e+01 8.062257748298549132e+00 1.216552506059643868e+01 1.403566884761819900e+01 4.472135954999579610e+00 2.012461179749810825e+01 1.345362404707370985e+01 1.702938636592640265e+01 1.860107523773827509e+01 1.720465053408525335e+01 1.868154169226940553e+01 6.403124237432848531e+00 1.360147050873544394e+01 1.749285568453590045e+01 1.300000000000000000e+01 1.923538406167134340e+01 1.140175425099137918e+01 1.726267650163206824e+01 2.202271554554523902e+01 1.923538406167134340e+01 3.162277660168379523e+00 1.676305461424021104e+01 1.562049935181330795e+01 1.603121954188139853e+01 0.000000000000000000e+00 2.195449840010014952e+01 1.802775637731994607e+01 2.302172886644267535e+01
2.884441020371191300e+01 3.178049716414140846e+01 2.617250465660480074e+01 1.476482306023340030e+01 3.448187929913333249e+01 1.984943324127920761e+01 2.886173937932362321e+01 2.906888370749726747e+01 3.328663395418647752e+01 3.026549190084311292e+01 9.486832980505138124e+00 3.764306044943742080e+01 2.500000000000000000e+01 1.615549442140351033e+01 2.039607805437113797e+01 1.403566884761819900e+01 3.720215047547655018e+01 1.077032961426900748e+01 3.224903099319419653e+01 4.327817001676480402e+01 1.166190378969060149e+01 2.154065922853801496e+01 3.551056180912940619e+01 2.213594362117865444e+01 3.640054944640259293e+01 2.195449840010014952e+01 0.000000000000000000e+00 3.894868418830089496e+01 4.386342439892261780e+01
1.118033988749894903e+01 3.306055050963308162e+01 1.303840481040529831e+01 2.555386467836127551e+01 1.649242250247064234e+01 1.910497317454279909e+01 3.301514803843835466e+01 2.400000000000000000e+01 1.118033988749894903e+01 3.001666203960726875e+01 3.522782990761707111e+01 5.830951894845300743e+00 1.964688270438849926e+01 2.549509756796392423e+01 2.570992026436488231e+01 3.088689042296100240e+01 8.062257748298549132e+00 2.906888370749726747e+01 1.315294643796590535e+01 4.472135954999579610e+00 3.721558813185679071e+01 2.012461179749810825e+01 2.088061301782110135e+01 2.256102834535695578e+01 1.708800749063506075e+01 1.802775637731994607e+01 3.894868418830089496e+01 0.000000000000000000e+00 5.000000000000000000e+00
1.612451549659709826e+01 3.701351104664349378e+01 1.780449381476485726e+01 3.023243291566194912e+01 2.002498439450078749e+01 2.404163056034261459e+01 3.721558813185679071e+01 2.816025568065744622e+01 1.414213562373095101e+01 3.405877273185280529e+01 4.022437072223753063e+01 8.062257748298549132e+00 2.435159132377184221e+01 3.001666203960726875e+01 2.973213749463701205e+01 3.584689665786984136e+01 1.000000000000000000e+01 3.405877273185280529e+01 1.612451549659709826e+01 2.236067977499789805e+00 4.219004621945797595e+01 2.505992817228333536e+01 2.418677324489564739e+01 2.657066051117284644e+01 2.022374841615668473e+01 2.302172886644267535e+01 4.386342439892261780e+01 5.000000000000000000e+00 0.000000000000000000e+00
