0.000000000000000000e+00 8.062257748298549132e+00 4.825971404805461873e+01 3.992492955535426091e+01 3.289376840679705083e+01 8.062257748298549132e+00 3.622154055254966920e+01 5.108815909777920439e+01 1.910497317454279909e+01 2.483948469674844262e+01 3.847076812334268681e+01 3.848376280978771291e+01 3.891015291668743714e+01 3.600000000000000000e+01 2.523885892824792521e+01 3.238826948140329165e+01 2.000000000000000000e+00 3.383784863137726262e+01 4.879549159502340672e+01 7.615773105863908654e+00
8.062257748298549132e+00 0.000000000000000000e+00 4.338202392696772591e+01 3.220248437620923454e+01 2.507987240796890660e+01 2.000000000000000000e+00 2.844292530665578411e+01 4.548626166217663780e+01 1.897366596101027625e+01 1.969771560359220786e+01 3.705401462729781059e+01 3.492849839314595783e+01 3.138470965295043058e+01 2.801785145224380003e+01 2.088061301782110135e+01 2.473863375370596174e+01 8.544003745317530374e+00 2.690724809414741969e+01 4.263801121065568367e+01 7.810249675906653977e+00
4.825971404805461873e+01 4.338202392696772591e+01 0.000000000000000000e+00 2.692582403567251959e+01 2.927456233660889495e+01 4.518849411078001310e+01 4.491102314577123877e+01 6.082762530298219339e+00 3.264965543462901820e+01 2.370653918225939449e+01 2.109502310972898798e+01 1.208304597359457233e+01 2.435159132377184221e+01 4.100000000000000000e+01 2.302172886644267535e+01 4.527692569068708650e+01 4.992995093127971273e+01 2.102379604162863913e+01 1.000000000000000000e+01 4.080441152620633005e+01
3.992492955535426091e+01 3.220248437620923454e+01 2.692582403567251959e+01 0.000000000000000000e+00 7.211102550927978250e+00 3.312099032335839155e+01 1.902629759044044633e+01 2.433105012119287736e+01 3.522782990761707111e+01 2.137755832643194864e+01 3.860051813123756403e+01 2.900000000000000000e+01 2.828427124746190291e+00 1.503329637837290811e+01 2.376972864800942631e+01 2.061552812808830382e+01 4.071854614300466579e+01 9.848857801796103928e+00 1.910497317454279909e+01 3.492849839314595783e+01
3.289376840679705083e+01 2.507987240796890660e+01 2.927456233660889495e+01 7.211102550927978250e+00 0.000000000000000000e+00 2.594224354214569317e+01 1.581138830084189628e+01 2.807133769523639799e+01 3.008321791298264714e+01 1.700000000000000000e+01 3.679673898594819548e+01 2.830194339616981125e+01 7.211102550927978250e+00 1.208304597359457233e+01 1.972308292331602075e+01 1.603121954188139853e+01 3.361547262794321966e+01 8.544003745317530374e+00 2.334523505985750447e+01 2.828427124746190202e+01
8.062257748298549132e+00 2.000000000000000000e+00 4.518849411078001310e+01 3.312099032335839155e+01 2.594224354214569317e+01 0.000000000000000000e+00 2.816025568065744622e+01 4.716990566028302112e+01 2.088061301782110135e+01 2.154065922853801496e+01 3.905124837953326988e+01 3.687817782917154830e+01 3.244996147917590434e+01 2.801785145224380003e+01 2.280350850198275836e+01 2.433105012119287736e+01 8.062257748298549132e+00 2.828427124746190202e+01 4.420407221060068537e+01 9.433981132056603158e+00
3.622154055254966920e+01 2.844292530665578411e+01 4.491102314577123877e+01 1.902629759044044633e+01 1.581138830084189628e+01 2.816025568065744622e+01 0.000000000000000000e+00 4.310452412450461424e+01 4.104875150354758517e+01 3.047950130825634218e+01 5.161395160225576006e+01 4.382921400162225467e+01 2.102379604162863913e+01 4.000000000000000000e+00 3.330165161069342616e+01 4.123105625617660586e+00 3.605551275463989214e+01 2.435159132377184221e+01 3.801315561749642313e+01 3.478505426185217431e+01
5.108815909777920439e+01 4.548626166217663780e+01 6.082762530298219339e+00 2.433105012119287736e+01 2.807133769523639799e+01 4.716990566028302112e+01 4.310452412450461424e+01 0.000000000000000000e+00 3.689173349139343117e+01 2.624880949681337583e+01 2.701851217221259205e+01 1.746424919657297892e+01 2.209072203437452231e+01 3.911521443121588959e+01 2.617250465660480074e+01 4.401136216933077350e+01 5.263078946776306566e+01 2.061552812808830382e+01 5.385164807134503739e+00 4.386342439892261780e+01
1.910497317454279909e+01 1.897366596101027625e+01 3.264965543462901820e+01 3.522782990761707111e+01 3.008321791298264714e+01 2.088061301782110135e+01 4.104875150354758517e+01 3.689173349139343117e+01 0.000000000000000000e+00 1.400000000000000000e+01 1.941648783894759944e+01 2.126029162546929996e+01 3.306055050963308162e+01 3.894868418830089496e+01 1.216552506059643868e+01 3.841874542459709119e+01 2.109502310972898798e+01 2.600000000000000000e+01 3.624913792078371699e+01 1.204159457879229578e+01
2.483948469674844262e+01 1.969771560359220786e+01 2.370653918225939449e+01 2.137755832643194864e+01 1.700000000000000000e+01 2.154065922853801496e+01 3.047950130825634218e+01 2.624880949681337583e+01 1.400000000000000000e+01 0.000000000000000000e+00 2.147091055358388800e+01 1.600000000000000000e+01 1.910497317454279909e+01 2.758622844826744469e+01 2.828427124746190291e+00 2.884441020371191300e+01 2.640075756488817049e+01 1.200000000000000000e+01 2.420743687382040932e+01 1.769180601295413169e+01
3.847076812334268681e+01 3.705401462729781059e+01 2.109502310972898798e+01 3.860051813123756403e+01 3.679673898594819548e+01 3.905124837953326988e+01 5.161395160225576006e+01 2.701851217221259205e+01 1.941648783894759944e+01 2.147091055358388800e+01 0.000000000000000000e+00 1.044030650891055068e+01 3.580502757993631491e+01 4.841487374764081864e+01 1.878829422805593552e+01 5.024937810560444973e+01 4.044749683231336945e+01 2.906888370749726747e+01 2.927456233660889495e+01 3.114482300479487265e+01
3.848376280978771291e+01 3.492849839314595783e+01 1.208304597359457233e+01 2.900000000000000000e+01 2.830194339616981125e+01 3.687817782917154830e+01 4.382921400162225467e+01 1.746424919657297892e+01 2.126029162546929996e+01 1.600000000000000000e+01 1.044030650891055068e+01 0.000000000000000000e+00 2.617250465660480074e+01 4.031128874149274566e+01 1.414213562373095101e+01 4.308131845707602992e+01 4.031128874149274566e+01 2.000000000000000000e+01 1.902629759044044633e+01 3.087069808086626210e+01
3.891015291668743714e+01 3.138470965295043058e+01 2.435159132377184221e+01 2.828427124746190291e+00 7.211102550927978250e+00 3.244996147917590434e+01 2.102379604162863913e+01 2.209072203437452231e+01 3.306055050963308162e+01 1.910497317454279909e+01 3.580502757993631491e+01 2.617250465660480074e+01 0.000000000000000000e+00 1.702938636592640265e+01 2.137755832643194864e+01 2.220360331117451835e+01 3.982461550347975532e+01 7.280109889280518054e+00 1.700000000000000000e+01 3.352610922848042208e+01
3.600000000000000000e+01 2.801785145224380003e+01 4.100000000000000000e+01 1.503329637837290811e+01 1.208304597359457233e+01 2.801785145224380003e+01 4.000000000000000000e+00 3.911521443121588959e+01 3.894868418830089496e+01 2.758622844826744469e+01 4.841487374764081864e+01 4.031128874149274566e+01 1.702938636592640265e+01 0.000000000000000000e+00 3.041381265149109936e+01 6.403124237432848531e+00 3.605551275463989214e+01 2.061552812808830382e+01 3.401470270338990076e+01 3.373425558686599857e+01
2.523885892824792521e+01 2.088061301782110135e+01 2.302172886644267535e+01 2.376972864800942631e+01 1.972308292331602075e+01 2.280350850198275836e+01 3.330165161069342616e+01 2.617250465660480074e+01 1.216552506059643868e+01 2.828427124746190291e+00 1.878829422805593552e+01 1.414213562373095101e+01 2.137755832643194864e+01 3.041381265149109936e+01 0.000000000000000000e+00 3.162277660168379256e+01 2.692582403567251959e+01 1.414213562373095101e+01 2.469817807045693669e+01 1.780449381476485726e+01
3.238826948140329165e+01 2.473863375370596174e+01 4.527692569068708650e+01 2.061552812808830382e+01 1.603121954188139853e+01 2.433105012119287736e+01 4.123105625617660586e+00 4.401136216933077350e+01 3.841874542459709119e+01 2.884441020371191300e+01 5.024937810560444973e+01 4.308131845707602992e+01 2.220360331117451835e+01 6.403124237432848531e+00 3.162277660168379256e+01 0.000000000000000000e+00 3.214031735997639316e+01 2.433105012119287736e+01 3.911521443121588959e+01 3.138470965295043058e+01
2.000000000000000000e+00 8.544003745317530374e+00 4.992995093127971273e+01 4.071854614300466579e+01 3.361547262794321966e+01 8.062257748298549132e+00 3.605551275463989214e+01 5.263078946776306566e+01 2.109502310972898798e+01 2.640075756488817049e+01 4.044749683231336945e+01 4.031128874149274566e+01 3.982461550347975532e+01 3.605551275463989214e+01 2.692582403567251959e+01 3.214031735997639316e+01 0.000000000000000000e+00 3.500000000000000000e+01 5.020956084253276686e+01 9.486832980505138124e+00
3.383784863137726262e+01 2.690724809414741969e+01 2.102379604162863913e+01 9.848857801796103928e+00 8.544003745317530374e+00 2.828427124746190202e+01 2.435159132377184221e+01 2.061552812808830382e+01 2.600000000000000000e+01 1.200000000000000000e+01 2.906888370749726747e+01 2.000000000000000000e+01 7.280109889280518054e+00 2.061552812808830382e+01 1.414213562373095101e+01 2.433105012119287736e+01 3.500000000000000000e+01 0.000000000000000000e+00 1.655294535724684835e+01 2.773084924772409465e+01
4.879549159502340672e+01 4.263801121065568367e+01 1.000000000000000000e+01 1.910497317454279909e+01 2.334523505985750447e+01 4.420407221060068537e+01 3.801315561749642313e+01 5.385164807134503739e+00 3.624913792078371699e+01 2.420743687382040932e+01 2.927456233660889495e+01 1.902629759044044633e+01 1.700000000000000000e+01 3.401470270338990076e+01 2.469817807045693669e+01 3.911521443121588959e+01 5.020956084253276686e+01 1.655294535724684835e+01 0.000000000000000000e+00 4.186884283091664116e+01
7.615773105863908654e+00 7.810249675906653977e+00 4.080441152620633005e+01 3.492849839314595783e+01 2.828427124746190202e+01 9.433981132056603158e+00 3.478505426185217431e+01 4.386342439892261780e+01 1.204159457879229578e+01 1.769180601295413169e+01 3.114482300479487265e+01 3.087069808086626210e+01 3.352610922848042208e+01 3.373425558686599857e+01 1.780449381476485726e+01 3.138470965295043058e+01 9.486832980505138124e+00 2.773084924772409465e+01 4.186884283091664116e+01 0.000000000000000000e+00
