0.000000000000000000e+00 7.280109889280518054e+00 1.897366596101027625e+01 3.466987164671942878e+01 2.927456233660889495e+01 2.340939982143925135e+01 2.517935662402834396e+01 1.000000000000000000e+01 5.385164807134503739e+00 1.992485884517127559e+01 1.769180601295413169e+01 1.360147050873544394e+01 3.224903099319419653e+01 6.708203932499369415e+00 1.300000000000000000e+01 1.118033988749894903e+01 2.778488797889960793e+01 2.865309756378880479e+01 2.983286778035259701e+01 3.001666203960726875e+01 1.334166406412633421e+01
7.280109889280518054e+00 0.000000000000000000e+00 2.385372088375312671e+01 4.045985664828781836e+01 3.289376840679705083e+01 2.830194339616981125e+01 2.879236009777593708e+01 1.431782106327635340e+01 2.000000000000000000e+00 2.630589287593181069e+01 2.195449840010014952e+01 1.984943324127920761e+01 3.780211634287159939e+01 8.944271909999159220e+00 1.843908891458577415e+01 1.800000000000000000e+01 3.488552708502481892e+01 3.417601498127012150e+01 3.710795063055894616e+01 3.712142238654116966e+01 2.002498439450078749e+01
1.897366596101027625e+01 2.385372088375312671e+01 0.000000000000000000e+00 1.702938636592640265e+01 1.118033988749894903e+01 4.472135954999579610e+00 7.615773105863908654e+00 2.600000000000000000e+01 2.282542442102665348e+01 2.729468812791236232e+01 3.157530680769388809e+01 7.280109889280518054e+00 1.414213562373095101e+01 1.500000000000000000e+01 6.082762530298219339e+00 2.061552812808830382e+01 1.843908891458577415e+01 3.721558813185679071e+01 2.549509756796392423e+01 2.022374841615668473e+01 2.213594362117865444e+01
3.466987164671942878e+01 4.045985664828781836e+01 1.702938636592640265e+01 0.000000000000000000e+00 1.500000000000000000e+01 1.303840481040529831e+01 1.649242250247064234e+01 3.921734310225515685e+01 3.920459156782531807e+01 3.500000000000000000e+01 4.257933771208753626e+01 2.109502310972898798e+01 3.162277660168379523e+00 3.182766092567909766e+01 2.202271554554523902e+01 3.201562118716424266e+01 1.581138830084189628e+01 4.341658669218482203e+01 2.416609194718914466e+01 1.565247584249852864e+01 3.255764119219941222e+01
2.927456233660889495e+01 3.289376840679705083e+01 1.118033988749894903e+01 1.500000000000000000e+01 0.000000000000000000e+00 8.062257748298549132e+00 4.123105625617660586e+00 3.705401462729781059e+01 3.228002478313794654e+01 3.807886552931954327e+01 4.275511665286389729e+01 1.843908891458577415e+01 1.204159457879229578e+01 2.404163056034261459e+01 1.702938636592640265e+01 3.178049716414140846e+01 2.500000000000000000e+01 4.785394445602159408e+01 3.330165161069342616e+01 2.607680962081059661e+01 3.324154027718932269e+01
2.340939982143925135e+01 2.830194339616981125e+01 4.472135954999579610e+00 1.303840481040529831e+01 8.062257748298549132e+00 0.000000000000000000e+00 5.830951894845300743e+00 3.006659275674581622e+01 2.729468812791236232e+01 3.008321791298264714e+01 3.522782990761707111e+01 1.100000000000000000e+01 1.000000000000000000e+01 1.941648783894759944e+01 1.044030650891055068e+01 2.418677324489564739e+01 1.788854381999831844e+01 3.981205847478876336e+01 2.580697580112788003e+01 1.931320791582796659e+01 2.549509756796392423e+01
2.517935662402834396e+01 2.879236009777593708e+01 7.615773105863908654e+00 1.649242250247064234e+01 4.123105625617660586e+00 5.830951894845300743e+00 0.000000000000000000e+00 3.313608305156178346e+01 2.816025568065744622e+01 3.488552708502481892e+01 3.905124837953326988e+01 1.486606874731850603e+01 1.334166406412633421e+01 1.992485884517127559e+01 1.315294643796590535e+01 2.816025568065744622e+01 2.370653918225939449e+01 4.477722635447621968e+01 3.162277660168379256e+01 2.507987240796890660e+01 2.973213749463701205e+01
1.000000000000000000e+01 1.431782106327635340e+01 2.600000000000000000e+01 3.921734310225515685e+01 3.705401462729781059e+01 3.006659275674581622e+01 3.313608305156178346e+01 0.000000000000000000e+00 1.252996408614166768e+01 1.315294643796590535e+01 7.810249675906653977e+00 1.910497317454279909e+01 3.736308338453881106e+01 1.664331697709323876e+01 2.002498439450078749e+01 7.810249675906653977e+00 2.842534080710379030e+01 1.992485884517127559e+01 2.745906043549196340e+01 3.047950130825634218e+01 8.602325267042626677e+00
5.385164807134503739e+00 2.000000000000000000e+00 2.282542442102665348e+01 3.920459156782531807e+01 3.228002478313794654e+01 2.729468812791236232e+01 2.816025568065744622e+01 1.252996408614166768e+01 0.000000000000000000e+00 2.433105012119287736e+01 2.024845673131658685e+01 1.838477631085023489e+01 3.661966684720110976e+01 8.246211251235321171e+00 1.720465053408525335e+01 1.600000000000000000e+01 3.312099032335839155e+01 3.231098884280702066e+01 3.517101079013794873e+01 3.535533905932737753e+01 1.802775637731994607e+01
1.992485884517127559e+01 2.630589287593181069e+01 2.729468812791236232e+01 3.500000000000000000e+01 3.807886552931954327e+01 3.008321791298264714e+01 3.488552708502481892e+01 1.315294643796590535e+01 2.433105012119287736e+01 0.000000000000000000e+00 9.899494936611665352e+00 2.024845673131658685e+01 3.413209633175202384e+01 2.505992817228333536e+01 2.280350850198275836e+01 8.944271909999159220e+00 2.061552812808830382e+01 1.000000000000000000e+01 1.640121946685672683e+01 2.213594362117865444e+01 6.708203932499369415e+00
1.769180601295413169e+01 2.195449840010014952e+01 3.157530680769388809e+01 4.257933771208753626e+01 4.275511665286389729e+01 3.522782990761707111e+01 3.905124837953326988e+01 7.810249675906653977e+00 2.024845673131658685e+01 9.899494936611665352e+00 0.000000000000000000e+00 2.433105012119287736e+01 4.119465984809195902e+01 2.420743687382040932e+01 2.596150997149434048e+01 1.104536101718726115e+01 2.954657340538831534e+01 1.303840481040529831e+01 2.624880949681337583e+01 3.130495168499705727e+01 1.004987562112088995e+01
1.360147050873544394e+01 1.984943324127920761e+01 7.280109889280518054e+00 2.109502310972898798e+01 1.843908891458577415e+01 1.100000000000000000e+01 1.486606874731850603e+01 1.910497317454279909e+01 1.838477631085023489e+01 2.024845673131658685e+01 2.433105012119287736e+01 0.000000000000000000e+00 1.878829422805593552e+01 1.208304597359457233e+01 3.162277660168379523e+00 1.334166406412633421e+01 1.627882059609970611e+01 3.023243291566194912e+01 2.137755832643194864e+01 1.843908891458577415e+01 1.486606874731850603e+01
3.224903099319419653e+01 3.780211634287159939e+01 1.414213562373095101e+01 3.162277660168379523e+00 1.204159457879229578e+01 1.000000000000000000e+01 1.334166406412633421e+01 3.736308338453881106e+01 3.661966684720110976e+01 3.413209633175202384e+01 4.119465984809195902e+01 1.878829422805593552e+01 0.000000000000000000e+00 2.906888370749726747e+01 1.941648783894759944e+01 3.041381265149109936e+01 1.612451549659709826e+01 4.295346318982905842e+01 2.469817807045693669e+01 1.640121946685672683e+01 3.114482300479487265e+01
6.708203932499369415e+00 8.944271909999159220e+00 1.500000000000000000e+01 3.182766092567909766e+01 2.404163056034261459e+01 1.941648783894759944e+01 1.992485884517127559e+01 1.664331697709323876e+01 8.246211251235321171e+00 2.505992817228333536e+01 2.420743687382040932e+01 1.208304597359457233e+01 2.906888370749726747e+01 0.000000000000000000e+00 1.000000000000000000e+01 1.612451549659709826e+01 2.816025568065744622e+01 3.440930106817050671e+01 3.201562118716424266e+01 3.036445290137795183e+01 1.835755975068581947e+01
1.300000000000000000e+01 1.843908891458577415e+01 6.082762530298219339e+00 2.202271554554523902e+01 1.702938636592640265e+01 1.044030650891055068e+01 1.315294643796590535e+01 2.002498439450078749e+01 1.720465053408525335e+01 2.280350850198275836e+01 2.596150997149434048e+01 3.162277660168379523e+00 1.941648783894759944e+01 1.000000000000000000e+01 0.000000000000000000e+00 1.523154621172781731e+01 1.910497317454279909e+01 3.280243893371345365e+01 2.451530134426252516e+01 2.121320343559642652e+01 1.700000000000000000e+01
1.118033988749894903e+01 1.800000000000000000e+01 2.061552812808830382e+01 3.201562118716424266e+01 3.178049716414140846e+01 2.418677324489564739e+01 2.816025568065744622e+01 7.810249675906653977e+00 1.600000000000000000e+01 8.944271909999159220e+00 1.104536101718726115e+01 1.334166406412633421e+01 3.041381265149109936e+01 1.612451549659709826e+01 1.523154621172781731e+01 0.000000000000000000e+00 2.061552812808830382e+01 1.843908891458577415e+01 2.012461179749810825e+01 2.267156809750926882e+01 2.236067977499789805e+00
2.778488797889960793e+01 3.488552708502481892e+01 1.843908891458577415e+01 1.581138830084189628e+01 2.500000000000000000e+01 1.788854381999831844e+01 2.370653918225939449e+01 2.842534080710379030e+01 3.312099032335839155e+01 2.061552812808830382e+01 2.954657340538831534e+01 1.627882059609970611e+01 1.612451549659709826e+01 2.816025568065744622e+01 1.910497317454279909e+01 2.061552812808830382e+01 0.000000000000000000e+00 2.801785145224380003e+01 8.602325267042626677e+00 2.236067977499789805e+00 2.024845673131658685e+01
2.865309756378880479e+01 3.417601498127012150e+01 3.721558813185679071e+01 4.341658669218482203e+01 4.785394445602159408e+01 3.981205847478876336e+01 4.477722635447621968e+01 1.992485884517127559e+01 3.231098884280702066e+01 1.000000000000000000e+01 1.303840481040529831e+01 3.023243291566194912e+01 4.295346318982905842e+01 3.440930106817050671e+01 3.280243893371345365e+01 1.843908891458577415e+01 2.801785145224380003e+01 0.000000000000000000e+00 2.137755832643194864e+01 2.901723625709381693e+01 1.627882059609970611e+01
2.983286778035259701e+01 3.710795063055894616e+01 2.549509756796392423e+01 2.416609194718914466e+01 3.330165161069342616e+01 2.580697580112788003e+01 3.162277660168379256e+01 2.745906043549196340e+01 3.517101079013794873e+01 1.640121946685672683e+01 2.624880949681337583e+01 2.137755832643194864e+01 2.469817807045693669e+01 3.201562118716424266e+01 2.451530134426252516e+01 2.012461179749810825e+01 8.602325267042626677e+00 2.137755832643194864e+01 0.000000000000000000e+00 8.544003745317530374e+00 1.886796226411320632e+01
3.001666203960726875e+01 3.712142238654116966e+01 2.022374841615668473e+01 1.565247584249852864e+01 2.607680962081059661e+01 1.931320791582796659e+01 2.507987240796890660e+01 3.047950130825634218e+01 3.535533905932737753e+01 2.213594362117865444e+01 3.130495168499705727e+01 1.843908891458577415e+01 1.640121946685672683e+01 3.036445290137795183e+01 2.121320343559642652e+01 2.267156809750926882e+01 2.236067977499789805e+00 2.901723625709381693e+01 8.544003745317530374e+00 0.000000000000000000e+00 2.220360331117451835e+01
1.334166406412633421e+01 2.002498439450078749e+01 2.213594362117865444e+01 3.255764119219941222e+01 3.324154027718932269e+01 2.549509756796392423e+01 2.973213749463701205e+01 8.602325267042626677e+00 1.802775637731994607e+01 6.708203932499369415e+00 1.004987562112088995e+01 1.486606874731850603e+01 3.114482300479487265e+01 1.835755975068581947e+01 1.700000000000000000e+01 2.236067977499789805e+00 2.024845673131658685e+01 1.627882059609970611e+01 1.886796226411320632e+01 2.220360331117451835e+01 0.000000000000000000e+00
