0.000000000000000000e+00 6.708203932499369415e+00 7.211102550927978250e+00 1.029563014098700080e+01 1.902629759044044633e+01 1.000000000000000000e+01 1.341640786499873883e+01 1.236931687685298087e+01 9.219544457292887074e+00 9.219544457292887074e+00 1.004987562112088995e+01 2.109502310972898798e+01 1.303840481040529831e+01 2.121320343559642652e+01 3.138470965295043058e+01 3.125699921617556853e+01 1.969771560359220786e+01 5.830951894845300743e+00 7.810249675906653977e+00 7.000000000000000000e+00 3.492849839314595783e+01 1.421267040355189515e+01 2.408318915758459156e+01 1.664331697709323876e+01 1.140175425099137918e+01 2.209072203437452231e+01 1.802775637731994607e+01
6.708203932499369415e+00 0.000000000000000000e+00 1.044030650891055068e+01 3.605551275463989125e+00 2.308679276123039159e+01 5.000000000000000000e+00 1.081665382639196871e+01 1.529705854077835525e+01 3.162277660168379523e+00 1.562049935181330795e+01 1.476482306023340030e+01 1.843908891458577415e+01 1.118033988749894903e+01 2.012461179749810825e+01 3.671511950137163893e+01 3.405877273185280529e+01 1.627882059609970611e+01 3.605551275463989125e+00 3.162277660168379523e+00 3.162277660168379523e+00 3.590264614203248072e+01 1.431782106327635340e+01 2.729468812791236232e+01 2.267156809750926882e+01 1.802775637731994607e+01 2.531797780234432693e+01 1.581138830084189628e+01
7.211102550927978250e+00 1.044030650891055068e+01 0.000000000000000000e+00 1.303840481040529831e+01 2.517935662402834396e+01 1.523154621172781731e+01 2.000000000000000000e+01 1.931320791582796659e+01 1.100000000000000000e+01 1.315294643796590535e+01 1.627882059609970611e+01 2.780287754891568852e+01 1.984943324127920761e+01 2.831960451701259274e+01 3.590264614203248072e+01 3.785498646149540036e+01 2.607680962081059661e+01 7.071067811865475505e+00 9.000000000000000000e+00 1.252996408614166768e+01 4.204759208325727826e+01 2.140093455903269515e+01 3.059411708155671050e+01 2.061552812808830382e+01 1.392838827718411920e+01 2.863564212655270680e+01 2.483948469674844262e+01
1.029563014098700080e+01 3.605551275463989125e+00 1.303840481040529831e+01 0.000000000000000000e+00 2.600000000000000000e+01 5.099019513592784492e+00 1.140175425099137918e+01 1.802775637731994607e+01 2.236067977499789805e+00 1.920937271229854559e+01 1.802775637731994607e+01 1.835755975068581947e+01 1.216552506059643868e+01 2.088061301782110135e+01 3.996248240537617136e+01 3.634556369077249371e+01 1.581138830084189628e+01 6.000000000000000000e+00 4.123105625617660586e+00 5.385164807134503739e+00 3.733630940518894192e+01 1.600000000000000000e+01 2.983286778035259701e+01 2.617250465660480074e+01 2.163330765278393741e+01 2.789265136196270589e+01 1.615549442140351033e+01
1.902629759044044633e+01 2.308679276123039159e+01 2.517935662402834396e+01 2.600000000000000000e+01 0.000000000000000000e+00 2.195449840010014952e+01 1.838477631085023489e+01 8.062257748298549132e+00 2.624880949681337583e+01 1.300000000000000000e+01 9.000000000000000000e+00 2.061552812808830382e+01 1.697056274847713908e+01 1.649242250247064234e+01 1.486606874731850603e+01 1.300000000000000000e+01 2.195449840010014952e+01 2.433105012119287736e+01 2.570992026436488231e+01 2.061552812808830382e+01 1.984943324127920761e+01 1.280624847486569706e+01 5.830951894845300743e+00 9.433981132056603158e+00 1.442220510185595650e+01 4.242640687119284770e+00 1.835755975068581947e+01
1.000000000000000000e+01 5.000000000000000000e+00 1.523154621172781731e+01 5.099019513592784492e+00 2.195449840010014952e+01 0.000000000000000000e+00 6.324555320336759046e+00 1.389244398944980396e+01 6.708203932499369415e+00 1.746424919657297892e+01 1.486606874731850603e+01 1.360147050873544394e+01 7.071067811865475505e+00 1.581138830084189628e+01 3.640054944640259293e+01 3.157530680769388809e+01 1.131370849898476116e+01 8.602325267042626677e+00 7.810249675906653977e+00 3.000000000000000000e+00 3.224903099319419653e+01 1.104536101718726115e+01 2.529822128134703618e+01 2.360084744241189370e+01 2.024845673131658685e+01 2.340939982143925135e+01 1.118033988749894903e+01
1.341640786499873883e+01 1.081665382639196871e+01 2.000000000000000000e+01 1.140175425099137918e+01 1.838477631085023489e+01 6.324555320336759046e+00 0.000000000000000000e+00 1.081665382639196871e+01 1.300000000000000000e+01 1.802775637731994607e+01 1.360147050873544394e+01 7.810249675906653977e+00 1.414213562373095145e+00 9.486832980505138124e+00 3.324154027718932269e+01 2.624880949681337583e+01 6.324555320336759046e+00 1.421267040355189515e+01 1.389244398944980396e+01 7.810249675906653977e+00 2.607680962081059661e+01 5.830951894845300743e+00 2.059126028197400160e+01 2.247220505424423109e+01 2.102379604162863913e+01 1.886796226411320632e+01 5.000000000000000000e+00
1.236931687685298087e+01 1.529705854077835525e+01 1.931320791582796659e+01 1.802775637731994607e+01 8.062257748298549132e+00 1.389244398944980396e+01 1.081665382639196871e+01 0.000000000000000000e+00 1.843908891458577415e+01 1.029563014098700080e+01 4.472135954999579610e+00 1.503329637837290811e+01 9.433981132056603158e+00 1.236931687685298087e+01 2.267156809750926882e+01 1.902629759044044633e+01 1.552417469626002422e+01 1.700000000000000000e+01 1.811077027627483460e+01 1.264911064067351809e+01 2.282542442102665348e+01 6.082762530298219339e+00 1.204159457879229578e+01 1.216552506059643868e+01 1.300000000000000000e+01 1.004987562112088995e+01 1.216552506059643868e+01
9.219544457292887074e+00 3.162277660168379523e+00 1.100000000000000000e+01 2.236067977499789805e+00 2.624880949681337583e+01 6.708203932499369415e+00 1.300000000000000000e+01 1.843908891458577415e+01 0.000000000000000000e+00 1.838477631085023489e+01 1.788854381999831844e+01 2.024845673131658685e+01 1.360147050873544394e+01 2.247220505424423109e+01 3.982461550347975532e+01 3.712142238654116966e+01 1.780449381476485726e+01 4.123105625617660586e+00 2.000000000000000000e+00 6.000000000000000000e+00 3.863935817272331263e+01 1.711724276862369010e+01 3.041381265149109936e+01 2.561249694973139412e+01 2.061552812808830382e+01 2.844292530665578411e+01 1.788854381999831844e+01
9.219544457292887074e+00 1.562049935181330795e+01 1.315294643796590535e+01 1.920937271229854559e+01 1.300000000000000000e+01 1.746424919657297892e+01 1.802775637731994607e+01 1.029563014098700080e+01 1.838477631085023489e+01 0.000000000000000000e+00 5.830951894845300743e+00 2.433105012119287736e+01 1.700000000000000000e+01 2.247220505424423109e+01 2.280350850198275836e+01 2.600000000000000000e+01 2.402082429892862692e+01 1.500000000000000000e+01 1.702938636592640265e+01 1.476482306023340030e+01 3.201562118716424266e+01 1.552417469626002422e+01 1.878829422805593552e+01 7.615773105863908654e+00 3.000000000000000000e+00 1.700000000000000000e+01 2.121320343559642652e+01
1.004987562112088995e+01 1.476482306023340030e+01 1.627882059609970611e+01 1.802775637731994607e+01 9.000000000000000000e+00 1.486606874731850603e+01 1.360147050873544394e+01 4.472135954999579610e+00 1.788854381999831844e+01 5.830951894845300743e+00 0.000000000000000000e+00 1.902629759044044633e+01 1.236931687685298087e+01 1.676305461424021104e+01 2.195449840010014952e+01 2.158703314492290204e+01 1.910497317454279909e+01 1.552417469626002422e+01 1.708800749063506075e+01 1.280624847486569706e+01 2.662705391138869615e+01 1.004987562112088995e+01 1.431782106327635340e+01 8.944271909999159220e+00 8.544003745317530374e+00 1.236931687685298087e+01 1.600000000000000000e+01
2.109502310972898798e+01 1.843908891458577415e+01 2.780287754891568852e+01 1.835755975068581947e+01 2.061552812808830382e+01 1.360147050873544394e+01 7.810249675906653977e+00 1.503329637837290811e+01 2.024845673131658685e+01 2.433105012119287736e+01 1.902629759044044633e+01 0.000000000000000000e+00 8.062257748298549132e+00 5.000000000000000000e+00 3.498571136907180090e+01 2.441311123146740414e+01 3.000000000000000000e+00 2.193171219946130890e+01 2.140093455903269515e+01 1.555634918610404505e+01 2.137755832643194864e+01 9.000000000000000000e+00 2.061552812808830382e+01 2.716615541441224835e+01 2.729468812791236232e+01 1.941648783894759944e+01 3.162277660168379523e+00
1.303840481040529831e+01 1.118033988749894903e+01 1.984943324127920761e+01 1.216552506059643868e+01 1.697056274847713908e+01 7.071067811865475505e+00 1.414213562373095145e+00 9.433981132056603158e+00 1.360147050873544394e+01 1.700000000000000000e+01 1.236931687685298087e+01 8.062257748298549132e+00 0.000000000000000000e+00 8.944271909999159220e+00 3.182766092567909766e+01 2.500000000000000000e+01 7.071067811865475505e+00 1.442220510185595650e+01 1.431782106327635340e+01 8.062257748298549132e+00 2.517935662402834396e+01 4.472135954999579610e+00 1.923538406167134340e+01 2.118962010041709121e+01 2.000000000000000000e+01 1.749285568453590045e+01 5.000000000000000000e+00
2.121320343559642652e+01 2.012461179749810825e+01 2.831960451701259274e+01 2.088061301782110135e+01 1.649242250247064234e+01 1.581138830084189628e+01 9.486832980505138124e+00 1.236931687685298087e+01 2.247220505424423109e+01 2.247220505424423109e+01 1.676305461424021104e+01 5.000000000000000000e+00 8.944271909999159220e+00 0.000000000000000000e+00 3.041381265149109936e+01 1.941648783894759944e+01 7.615773105863908654e+00 2.332380757938120297e+01 2.325940669922601600e+01 1.700000000000000000e+01 1.702938636592640265e+01 7.211102550927978250e+00 1.581138830084189628e+01 2.402082429892862692e+01 2.529822128134703618e+01 1.476482306023340030e+01 5.000000000000000000e+00
3.138470965295043058e+01 3.671511950137163893e+01 3.590264614203248072e+01 3.996248240537617136e+01 1.486606874731850603e+01 3.640054944640259293e+01 3.324154027718932269e+01 2.267156809750926882e+01 3.982461550347975532e+01 2.280350850198275836e+01 2.195449840010014952e+01 3.498571136907180090e+01 3.182766092567909766e+01 3.041381265149109936e+01 0.000000000000000000e+00 1.612451549659709826e+01 3.661966684720110976e+01 3.716180835212409050e+01 3.891015291668743714e+01 3.466987164671942878e+01 2.617250465660480074e+01 2.765863337187866122e+01 1.486606874731850603e+01 1.529705854077835525e+01 2.220360331117451835e+01 1.565247584249852864e+01 3.301514803843835466e+01
3.125699921617556853e+01 3.405877273185280529e+01 3.785498646149540036e+01 3.634556369077249371e+01 1.300000000000000000e+01 3.157530680769388809e+01 2.624880949681337583e+01 1.902629759044044633e+01 3.712142238654116966e+01 2.600000000000000000e+01 2.158703314492290204e+01 2.441311123146740414e+01 2.500000000000000000e+01 1.941648783894759944e+01 1.612451549659709826e+01 0.000000000000000000e+00 2.692582403567251959e+01 3.601388621073821383e+01 3.701351104664349378e+01 3.114482300479487265e+01 1.004987562112088995e+01 2.061552812808830382e+01 7.280109889280518054e+00 2.140093455903269515e+01 2.729468812791236232e+01 9.219544457292887074e+00 2.370653918225939449e+01
1.969771560359220786e+01 1.627882059609970611e+01 2.607680962081059661e+01 1.581138830084189628e+01 2.195449840010014952e+01 1.131370849898476116e+01 6.324555320336759046e+00 1.552417469626002422e+01 1.780449381476485726e+01 2.402082429892862692e+01 1.910497317454279909e+01 3.000000000000000000e+00 7.071067811865475505e+00 7.615773105863908654e+00 3.661966684720110976e+01 2.692582403567251959e+01 0.000000000000000000e+00 1.984943324127920761e+01 1.910497317454279909e+01 1.360147050873544394e+01 2.433105012119287736e+01 9.486832980505138124e+00 2.262741699796952233e+01 2.765863337187866122e+01 2.701851217221259205e+01 2.126029162546929996e+01 3.605551275463989125e+00
5.830951894845300743e+00 3.605551275463989125e+00 7.071067811865475505e+00 6.000000000000000000e+00 2.433105012119287736e+01 8.602325267042626677e+00 1.421267040355189515e+01 1.700000000000000000e+01 4.123105625617660586e+00 1.500000000000000000e+01 1.552417469626002422e+01 2.193171219946130890e+01 1.442220510185595650e+01 2.332380757938120297e+01 3.716180835212409050e+01 3.601388621073821383e+01 1.984943324127920761e+01 0.000000000000000000e+00 2.236067977499789805e+00 6.403124237432848531e+00 3.860051813123756403e+01 1.708800749063506075e+01 2.901723625709381693e+01 2.247220505424423109e+01 1.697056274847713908e+01 2.701851217221259205e+01 1.920937271229854559e+01
7.810249675906653977e+00 3.162277660168379523e+00 9.000000000000000000e+00 4.123105625617660586e+00 2.570992026436488231e+01 7.810249675906653977e+00 1.389244398944980396e+01 1.811077027627483460e+01 2.000000000000000000e+00 1.702938636592640265e+01 1.708800749063506075e+01 2.140093455903269515e+01 1.431782106327635340e+01 2.325940669922601600e+01 3.891015291668743714e+01 3.701351104664349378e+01 1.910497317454279909e+01 2.236067977499789805e+00 0.000000000000000000e+00 6.324555320336759046e+00 3.905124837953326988e+01 1.746424919657297892e+01 3.014962686336266984e+01 2.441311123146740414e+01 1.910497317454279909e+01 2.816025568065744622e+01 1.886796226411320632e+01
7.000000000000000000e+00 3.162277660168379523e+00 1.252996408614166768e+01 5.385164807134503739e+00 2.061552812808830382e+01 3.000000000000000000e+00 7.810249675906653977e+00 1.264911064067351809e+01 6.000000000000000000e+00 1.476482306023340030e+01 1.280624847486569706e+01 1.555634918610404505e+01 8.062257748298549132e+00 1.700000000000000000e+01 3.466987164671942878e+01 3.114482300479487265e+01 1.360147050873544394e+01 6.403124237432848531e+00 6.324555320336759046e+00 0.000000000000000000e+00 3.275667870831839679e+01 1.118033988749894903e+01 2.451530134426252516e+01 2.126029162546929996e+01 1.746424919657297892e+01 2.256102834535695578e+01 1.280624847486569706e+01
3.492849839314595783e+01 3.590264614203248072e+01 4.204759208325727826e+01 3.733630940518894192e+01 1.984943324127920761e+01 3.224903099319419653e+01 2.607680962081059661e+01 2.282542442102665348e+01 3.863935817272331263e+01 3.201562118716424266e+01 2.662705391138869615e+01 2.137755832643194864e+01 2.517935662402834396e+01 1.702938636592640265e+01 2.617250465660480074e+01 1.004987562112088995e+01 2.433105012119287736e+01 3.860051813123756403e+01 3.905124837953326988e+01 3.275667870831839679e+01 0.000000000000000000e+00 2.158703314492290204e+01 1.442220510185595650e+01 2.920616373302046753e+01 3.397057550292606010e+01 1.562049935181330795e+01 2.202271554554523902e+01
1.421267040355189515e+01 1.431782106327635340e+01 2.140093455903269515e+01 1.600000000000000000e+01 1.280624847486569706e+01 1.104536101718726115e+01 5.830951894845300743e+00 6.082762530298219339e+00 1.711724276862369010e+01 1.552417469626002422e+01 1.004987562112088995e+01 9.000000000000000000e+00 4.472135954999579610e+00 7.211102550927978250e+00 2.765863337187866122e+01 2.061552812808830382e+01 9.486832980505138124e+00 1.708800749063506075e+01 1.746424919657297892e+01 1.118033988749894903e+01 2.158703314492290204e+01 0.000000000000000000e+00 1.476482306023340030e+01 1.824828759089465890e+01 1.843908891458577415e+01 1.303840481040529831e+01 6.082762530298219339e+00
2.408318915758459156e+01 2.729468812791236232e+01 3.059411708155671050e+01 2.983286778035259701e+01 5.830951894845300743e+00 2.529822128134703618e+01 2.059126028197400160e+01 1.204159457879229578e+01 3.041381265149109936e+01 1.878829422805593552e+01 1.431782106327635340e+01 2.061552812808830382e+01 1.923538406167134340e+01 1.581138830084189628e+01 1.486606874731850603e+01 7.280109889280518054e+00 2.262741699796952233e+01 2.901723625709381693e+01 3.014962686336266984e+01 2.451530134426252516e+01 1.442220510185595650e+01 1.476482306023340030e+01 0.000000000000000000e+00 1.486606874731850603e+01 2.024845673131658685e+01 2.000000000000000000e+00 1.910497317454279909e+01
1.664331697709323876e+01 2.267156809750926882e+01 2.061552812808830382e+01 2.617250465660480074e+01 9.433981132056603158e+00 2.360084744241189370e+01 2.247220505424423109e+01 1.216552506059643868e+01 2.561249694973139412e+01 7.615773105863908654e+00 8.944271909999159220e+00 2.716615541441224835e+01 2.118962010041709121e+01 2.402082429892862692e+01 1.529705854077835525e+01 2.140093455903269515e+01 2.765863337187866122e+01 2.247220505424423109e+01 2.441311123146740414e+01 2.126029162546929996e+01 2.920616373302046753e+01 1.824828759089465890e+01 1.486606874731850603e+01 0.000000000000000000e+00 7.000000000000000000e+00 1.360147050873544394e+01 2.433105012119287736e+01
1.140175425099137918e+01 1.802775637731994607e+01 1.392838827718411920e+01 2.163330765278393741e+01 1.442220510185595650e+01 2.024845673131658685e+01 2.102379604162863913e+01 1.300000000000000000e+01 2.061552812808830382e+01 3.000000000000000000e+00 8.544003745317530374e+00 2.729468812791236232e+01 2.000000000000000000e+01 2.529822128134703618e+01 2.220360331117451835e+01 2.729468812791236232e+01 2.701851217221259205e+01 1.697056274847713908e+01 1.910497317454279909e+01 1.746424919657297892e+01 3.397057550292606010e+01 1.843908891458577415e+01 2.024845673131658685e+01 7.000000000000000000e+00 0.000000000000000000e+00 1.860107523773827509e+01 2.418677324489564739e+01
2.209072203437452231e+01 2.531797780234432693e+01 2.863564212655270680e+01 2.789265136196270589e+01 4.242640687119284770e+00 2.340939982143925135e+01 1.886796226411320632e+01 1.004987562112088995e+01 2.844292530665578411e+01 1.700000000000000000e+01 1.236931687685298087e+01 1.941648783894759944e+01 1.749285568453590045e+01 1.476482306023340030e+01 1.565247584249852864e+01 9.219544457292887074e+00 2.126029162546929996e+01 2.701851217221259205e+01 2.816025568065744622e+01 2.256102834535695578e+01 1.562049935181330795e+01 1.303840481040529831e+01 2.000000000000000000e+00 1.360147050873544394e+01 1.860107523773827509e+01 0.000000000000000000e+00 1.769180601295413169e+01
1.802775637731994607e+01 1.581138830084189628e+01 2.483948469674844262e+01 1.615549442140351033e+01 1.835755975068581947e+01 1.118033988749894903e+01 5.000000000000000000e+00 1.216552506059643868e+01 1.788854381999831844e+01 2.121320343559642652e+01 1.600000000000000000e+01 3.162277660168379523e+00 5.000000000000000000e+00 5.000000000000000000e+00 3.301514803843835466e+01 2.370653918225939449e+01 3.605551275463989125e+00 1.920937271229854559e+01 1.886796226411320632e+01 1.280624847486569706e+01 2.202271554554523902e+01 6.082762530298219339e+00 1.910497317454279909e+01 2.433105012119287736e+01 2.418677324489564739e+01 1.769180601295413169e+01 0.000000000000000000e+00
