0.000000000000000000e+00 1.360147050873544394e+01 1.603121954188139853e+01 1.941648783894759944e+01 3.176476034853718033e+01 1.697056274847713908e+01 1.676305461424021104e+01 2.302172886644267535e+01 1.700000000000000000e+01 1.345362404707370985e+01 1.552417469626002422e+01 2.332380757938120297e+01 1.802775637731994607e+01 7.615773105863908654e+00 1.236931687685298087e+01 2.059126028197400160e+01 2.195449840010014952e+01 1.581138830084189628e+01 2.282542442102665348e+01 2.000000000000000000e+00 2.561249694973139412e+01
1.360147050873544394e+01 0.000000000000000000e+00 1.697056274847713908e+01 3.264965543462901820e+01 4.244997055358224713e+01 8.062257748298549132e+00 3.036445290137795183e+01 1.081665382639196871e+01 1.208304597359457233e+01 2.353720459187963954e+01 8.246211251235321171e+00 2.968164415931165934e+01 2.983286778035259701e+01 1.941648783894759944e+01 2.501999200639360765e+01 3.401470270338990076e+01 2.830194339616981125e+01 1.360147050873544394e+01 1.612451549659709826e+01 1.315294643796590535e+01 1.389244398944980396e+01
1.603121954188139853e+01 1.697056274847713908e+01 0.000000000000000000e+00 3.190611226708763226e+01 2.901723625709381693e+01 1.170469991071962568e+01 2.701851217221259205e+01 1.824828759089465890e+01 7.071067811865475505e+00 1.303840481040529831e+01 2.441311123146740414e+01 1.360147050873544394e+01 3.289376840679705083e+01 2.334523505985750447e+01 1.838477631085023489e+01 3.220248437620923454e+01 1.236931687685298087e+01 4.123105625617660586e+00 1.077032961426900748e+01 1.403566884761819900e+01 1.900000000000000000e+01
1.941648783894759944e+01 3.264965543462901820e+01 3.190611226708763226e+01 0.000000000000000000e+00 2.863564212655270680e+01 3.623534186398687496e+01 6.000000000000000000e+00 4.243819034784588951e+01 3.538361202590826338e+01 2.088061301782110135e+01 3.178049716414140846e+01 3.125699921617556853e+01 7.211102550927978250e+00 1.360147050873544394e+01 1.456021977856103611e+01 2.236067977499789805e+00 3.041381265149109936e+01 3.342154993413680586e+01 4.110960958218893069e+01 2.061552812808830382e+01 4.500000000000000000e+01
3.176476034853718033e+01 4.244997055358224713e+01 2.901723625709381693e+01 2.863564212655270680e+01 0.000000000000000000e+00 4.011234224026316042e+01 2.332380757938120297e+01 4.704253394535630406e+01 3.600000000000000000e+01 1.897366596101027625e+01 4.701063709417263681e+01 1.676305461424021104e+01 3.498571136907180090e+01 3.330165161069342616e+01 2.000000000000000000e+01 2.692582403567251959e+01 1.746424919657297892e+01 3.300000000000000000e+01 3.931920650267500150e+01 3.087069808086626210e+01 4.801041553663121420e+01
1.697056274847713908e+01 8.062257748298549132e+00 1.170469991071962568e+01 3.623534186398687496e+01 4.011234224026316042e+01 0.000000000000000000e+00 3.275667870831839679e+01 7.071067811865475505e+00 5.000000000000000000e+00 2.220360331117451835e+01 1.627882059609970611e+01 2.529822128134703618e+01 3.482814953453599571e+01 2.420743687382040932e+01 2.563201123595259290e+01 3.720215047547655018e+01 2.404163056034261459e+01 7.615773105863908654e+00 8.062257748298549132e+00 1.562049935181330795e+01 8.944271909999159220e+00
1.676305461424021104e+01 3.036445290137795183e+01 2.701851217221259205e+01 6.000000000000000000e+00 2.332380757938120297e+01 3.275667870831839679e+01 0.000000000000000000e+00 3.935733730830885690e+01 3.124099870362661591e+01 1.523154621172781731e+01 3.101612483854164637e+01 2.531797780234432693e+01 1.166190378969060149e+01 1.315294643796590535e+01 8.944271909999159220e+00 5.385164807134503739e+00 2.451530134426252516e+01 2.900000000000000000e+01 3.679673898594819548e+01 1.746424919657297892e+01 4.167733196834941367e+01
2.302172886644267535e+01 1.081665382639196871e+01 1.824828759089465890e+01 4.243819034784588951e+01 4.704253394535630406e+01 7.071067811865475505e+00 3.935733730830885690e+01 0.000000000000000000e+00 1.118033988749894903e+01 2.927456233660889495e+01 1.746424919657297892e+01 3.178049716414140846e+01 4.031128874149274566e+01 2.973213749463701205e+01 3.257299494980465937e+01 4.356604182158393002e+01 3.059411708155671050e+01 1.414213562373095101e+01 1.063014581273464998e+01 2.195449840010014952e+01 3.162277660168379523e+00
1.700000000000000000e+01 1.208304597359457233e+01 7.071067811865475505e+00 3.538361202590826338e+01 3.600000000000000000e+01 5.000000000000000000e+00 3.124099870362661591e+01 1.118033988749894903e+01 0.000000000000000000e+00 1.897366596101027625e+01 2.024845673131658685e+01 2.061552812808830382e+01 3.498571136907180090e+01 2.459674775249768786e+01 2.332380757938120297e+01 3.606937759374286401e+01 1.941648783894759944e+01 3.000000000000000000e+00 5.830951894845300743e+00 1.526433752247374720e+01 1.204159457879229578e+01
1.345362404707370985e+01 2.353720459187963954e+01 1.303840481040529831e+01 2.088061301782110135e+01 1.897366596101027625e+01 2.220360331117451835e+01 1.523154621172781731e+01 2.927456233660889495e+01 1.897366596101027625e+01 0.000000000000000000e+00 2.817800560721074277e+01 1.118033988749894903e+01 2.400000000000000000e+01 1.746424919657297892e+01 6.324555320336759046e+00 2.061552812808830382e+01 1.004987562112088995e+01 1.615549442140351033e+01 2.370653918225939449e+01 1.220655561573370207e+01 3.080584360149872580e+01
1.552417469626002422e+01 8.246211251235321171e+00 2.441311123146740414e+01 3.178049716414140846e+01 4.701063709417263681e+01 1.627882059609970611e+01 3.101612483854164637e+01 1.746424919657297892e+01 2.024845673131658685e+01 2.817800560721074277e+01 0.000000000000000000e+00 3.612478373637688378e+01 2.731300056749532601e+01 1.824828759089465890e+01 2.789265136196270589e+01 3.354101966249684352e+01 3.471310991541956525e+01 2.147091055358388800e+01 2.433105012119287736e+01 1.615549442140351033e+01 2.061552812808830382e+01
2.332380757938120297e+01 2.968164415931165934e+01 1.360147050873544394e+01 3.125699921617556853e+01 1.676305461424021104e+01 2.529822128134703618e+01 2.531797780234432693e+01 3.178049716414140846e+01 2.061552812808830382e+01 1.118033988749894903e+01 3.612478373637688378e+01 0.000000000000000000e+00 3.505709628591620941e+01 2.846049894151541437e+01 1.700000000000000000e+01 3.059411708155671050e+01 1.414213562373095145e+00 1.772004514666934938e+01 2.300000000000000000e+01 2.163330765278393741e+01 3.224903099319419653e+01
1.802775637731994607e+01 2.983286778035259701e+01 3.289376840679705083e+01 7.211102550927978250e+00 3.498571136907180090e+01 3.482814953453599571e+01 1.166190378969060149e+01 4.031128874149274566e+01 3.498571136907180090e+01 2.400000000000000000e+01 2.731300056749532601e+01 3.505709628591620941e+01 0.000000000000000000e+00 1.063014581273464998e+01 1.811077027627483460e+01 9.433981132056603158e+00 3.401470270338990076e+01 3.354101966249684352e+01 4.081666326391709987e+01 1.972308292331602075e+01 4.313930922024598402e+01
7.615773105863908654e+00 1.941648783894759944e+01 2.334523505985750447e+01 1.360147050873544394e+01 3.330165161069342616e+01 2.420743687382040932e+01 1.315294643796590535e+01 2.973213749463701205e+01 2.459674775249768786e+01 1.746424919657297892e+01 1.824828759089465890e+01 2.846049894151541437e+01 1.063014581273464998e+01 0.000000000000000000e+00 1.345362404707370985e+01 1.529705854077835525e+01 2.720294101747088789e+01 2.340939982143925135e+01 3.041381265149109936e+01 9.486832980505138124e+00 3.252691193458118590e+01
1.236931687685298087e+01 2.501999200639360765e+01 1.838477631085023489e+01 1.456021977856103611e+01 2.000000000000000000e+01 2.563201123595259290e+01 8.944271909999159220e+00 3.257299494980465937e+01 2.332380757938120297e+01 6.324555320336759046e+00 2.789265136196270589e+01 1.700000000000000000e+01 1.811077027627483460e+01 1.345362404707370985e+01 0.000000000000000000e+00 1.431782106327635340e+01 1.603121954188139853e+01 2.080865204668481283e+01 2.860069929215018192e+01 1.204159457879229578e+01 3.453983207834108526e+01
2.059126028197400160e+01 3.401470270338990076e+01 3.220248437620923454e+01 2.236067977499789805e+00 2.692582403567251959e+01 3.720215047547655018e+01 5.385164807134503739e+00 4.356604182158393002e+01 3.606937759374286401e+01 2.061552812808830382e+01 3.354101966249684352e+01 3.059411708155671050e+01 9.433981132056603158e+00 1.529705854077835525e+01 1.431782106327635340e+01 0.000000000000000000e+00 2.983286778035259701e+01 3.397057550292606010e+01 4.172529209005013229e+01 2.163330765278393741e+01 4.604345773288535071e+01
2.195449840010014952e+01 2.830194339616981125e+01 1.236931687685298087e+01 3.041381265149109936e+01 1.746424919657297892e+01 2.404163056034261459e+01 2.451530134426252516e+01 3.059411708155671050e+01 1.941648783894759944e+01 1.004987562112088995e+01 3.471310991541956525e+01 1.414213562373095145e+00 3.401470270338990076e+01 2.720294101747088789e+01 1.603121954188139853e+01 2.983286778035259701e+01 0.000000000000000000e+00 1.649242250247064234e+01 2.202271554554523902e+01 2.024845673131658685e+01 3.114482300479487265e+01
1.581138830084189628e+01 1.360147050873544394e+01 4.123105625617660586e+00 3.342154993413680586e+01 3.300000000000000000e+01 7.615773105863908654e+00 2.900000000000000000e+01 1.414213562373095101e+01 3.000000000000000000e+00 1.615549442140351033e+01 2.147091055358388800e+01 1.772004514666934938e+01 3.354101966249684352e+01 2.340939982143925135e+01 2.080865204668481283e+01 3.397057550292606010e+01 1.649242250247064234e+01 0.000000000000000000e+00 7.810249675906653977e+00 1.392838827718411920e+01 1.503329637837290811e+01
2.282542442102665348e+01 1.612451549659709826e+01 1.077032961426900748e+01 4.110960958218893069e+01 3.931920650267500150e+01 8.062257748298549132e+00 3.679673898594819548e+01 1.063014581273464998e+01 5.830951894845300743e+00 2.370653918225939449e+01 2.433105012119287736e+01 2.300000000000000000e+01 4.081666326391709987e+01 3.041381265149109936e+01 2.860069929215018192e+01 4.172529209005013229e+01 2.202271554554523902e+01 7.810249675906653977e+00 0.000000000000000000e+00 2.109502310972898798e+01 9.848857801796103928e+00
2.000000000000000000e+00 1.315294643796590535e+01 1.403566884761819900e+01 2.061552812808830382e+01 3.087069808086626210e+01 1.562049935181330795e+01 1.746424919657297892e+01 2.195449840010014952e+01 1.526433752247374720e+01 1.220655561573370207e+01 1.615549442140351033e+01 2.163330765278393741e+01 1.972308292331602075e+01 9.486832980505138124e+00 1.204159457879229578e+01 2.163330765278393741e+01 2.024845673131658685e+01 1.392838827718411920e+01 2.109502310972898798e+01 0.000000000000000000e+00 2.441311123146740414e+01
2.561249694973139412e+01 1.389244398944980396e+01 1.900000000000000000e+01 4.500000000000000000e+01 4.801041553663121420e+01 8.944271909999159220e+00 4.167733196834941367e+01 3.162277660168379523e+00 1.204159457879229578e+01 3.080584360149872580e+01 2.061552812808830382e+01 3.224903099319419653e+01 4.313930922024598402e+01 3.252691193458118590e+01 3.453983207834108526e+01 4.604345773288535071e+01 3.114482300479487265e+01 1.503329637837290811e+01 9.848857801796103928e+00 2.441311123146740414e+01 0.000000000000000000e+00
