0.000000000000000000e+00 2.906888370749726747e+01 1.900000000000000000e+01 1.702938636592640265e+01 2.061552812808830382e+01 1.984943324127920761e+01 2.147091055358388800e+01 2.729468812791236232e+01 1.923538406167134340e+01 5.099019513592784492e+00 2.844292530665578411e+01 1.019803902718556898e+01 2.469817807045693669e+01 1.170469991071962568e+01 2.353720459187963954e+01 1.612451549659709826e+01 1.118033988749894903e+01 1.360147050873544394e+01 4.000000000000000000e+00 2.600000000000000000e+01
2.906888370749726747e+01 0.000000000000000000e+00 3.361547262794321966e+01 3.176476034853718033e+01 3.000000000000000000e+01 1.780449381476485726e+01 2.549509756796392423e+01 2.720294101747088789e+01 1.389244398944980396e+01 2.402082429892862692e+01 3.162277660168379523e+00 1.900000000000000000e+01 2.483948469674844262e+01 1.811077027627483460e+01 9.219544457292887074e+00 1.360147050873544394e+01 1.923538406167134340e+01 1.612451549659709826e+01 2.507987240796890660e+01 2.906888370749726747e+01
1.900000000000000000e+01 3.361547262794321966e+01 0.000000000000000000e+00 2.236067977499789805e+00 5.099019513592784492e+00 1.615549442140351033e+01 1.000000000000000000e+01 1.392838827718411920e+01 1.972308292331602075e+01 1.868154169226940553e+01 3.130495168499705727e+01 1.972308292331602075e+01 1.315294643796590535e+01 1.860107523773827509e+01 3.324154027718932269e+01 2.640075756488817049e+01 1.720465053408525335e+01 1.984943324127920761e+01 1.941648783894759944e+01 1.118033988749894903e+01
1.702938636592640265e+01 3.176476034853718033e+01 2.236067977499789805e+00 0.000000000000000000e+00 5.000000000000000000e+00 1.456021977856103611e+01 9.219544457292887074e+00 1.389244398944980396e+01 1.788854381999831844e+01 1.649242250247064234e+01 2.954657340538831534e+01 1.749285568453590045e+01 1.264911064067351809e+01 1.640121946685672683e+01 3.111269837220809009e+01 2.420743687382040932e+01 1.500000000000000000e+01 1.769180601295413169e+01 1.726267650163206824e+01 1.140175425099137918e+01
2.061552812808830382e+01 3.000000000000000000e+01 5.099019513592784492e+00 5.000000000000000000e+00 0.000000000000000000e+00 1.220655561573370207e+01 5.099019513592784492e+00 8.944271909999159220e+00 1.627882059609970611e+01 1.900000000000000000e+01 2.745906043549196340e+01 1.868154169226940553e+01 8.062257748298549132e+00 1.708800749063506075e+01 3.080584360149872580e+01 2.459674775249768786e+01 1.581138830084189628e+01 1.788854381999831844e+01 2.002498439450078749e+01 6.403124237432848531e+00
1.984943324127920761e+01 1.780449381476485726e+01 1.615549442140351033e+01 1.456021977856103611e+01 1.220655561573370207e+01 0.000000000000000000e+00 7.810249675906653977e+00 1.118033988749894903e+01 4.472135954999579610e+00 1.562049935181330795e+01 1.526433752247374720e+01 1.208304597359457233e+01 8.246211251235321171e+00 9.848857801796103928e+00 1.969771560359220786e+01 1.503329637837290811e+01 9.433981132056603158e+00 9.219544457292887074e+00 1.702938636592640265e+01 1.208304597359457233e+01
2.147091055358388800e+01 2.549509756796392423e+01 1.000000000000000000e+01 9.219544457292887074e+00 5.099019513592784492e+00 7.810249675906653977e+00 0.000000000000000000e+00 5.830951894845300743e+00 1.220655561573370207e+01 1.868154169226940553e+01 2.280350850198275836e+01 1.700000000000000000e+01 3.605551275463989125e+00 1.503329637837290811e+01 2.729468812791236232e+01 2.184032966784155505e+01 1.400000000000000000e+01 1.529705854077835525e+01 1.992485884517127559e+01 5.000000000000000000e+00
2.729468812791236232e+01 2.720294101747088789e+01 1.392838827718411920e+01 1.389244398944980396e+01 8.944271909999159220e+00 1.118033988749894903e+01 5.830951894845300743e+00 0.000000000000000000e+00 1.552417469626002422e+01 2.435159132377184221e+01 2.420743687382040932e+01 2.220360331117451835e+01 3.000000000000000000e+00 2.009975124224177989e+01 3.067572330035593353e+01 2.617250465660480074e+01 1.923538406167134340e+01 2.000000000000000000e+01 2.563201123595259290e+01 3.000000000000000000e+00
1.923538406167134340e+01 1.389244398944980396e+01 1.972308292331602075e+01 1.788854381999831844e+01 1.627882059609970611e+01 4.472135954999579610e+00 1.220655561573370207e+01 1.552417469626002422e+01 0.000000000000000000e+00 1.442220510185595650e+01 1.170469991071962568e+01 9.899494936611665352e+00 1.264911064067351809e+01 7.810249675906653977e+00 1.523154621172781731e+01 1.104536101718726115e+01 8.062257748298549132e+00 6.403124237432848531e+00 1.581138830084189628e+01 1.655294535724684835e+01
5.099019513592784492e+00 2.402082429892862692e+01 1.868154169226940553e+01 1.649242250247064234e+01 1.900000000000000000e+01 1.562049935181330795e+01 1.868154169226940553e+01 2.435159132377184221e+01 1.442220510185595650e+01 0.000000000000000000e+00 2.334523505985750447e+01 5.099019513592784492e+00 2.154065922853801496e+01 6.708203932499369415e+00 1.897366596101027625e+01 1.140175425099137918e+01 6.403124237432848531e+00 8.544003745317530374e+00 1.414213562373095145e+00 2.353720459187963954e+01
2.844292530665578411e+01 3.162277660168379523e+00 3.130495168499705727e+01 2.954657340538831534e+01 2.745906043549196340e+01 1.526433752247374720e+01 2.280350850198275836e+01 2.420743687382040932e+01 1.170469991071962568e+01 2.334523505985750447e+01 0.000000000000000000e+00 1.824828759089465890e+01 2.193171219946130890e+01 1.702938636592640265e+01 1.118033988749894903e+01 1.389244398944980396e+01 1.800000000000000000e+01 1.503329637837290811e+01 2.451530134426252516e+01 2.617250465660480074e+01
1.019803902718556898e+01 1.900000000000000000e+01 1.972308292331602075e+01 1.749285568453590045e+01 1.868154169226940553e+01 1.208304597359457233e+01 1.700000000000000000e+01 2.220360331117451835e+01 9.899494936611665352e+00 5.099019513592784492e+00 1.824828759089465890e+01 0.000000000000000000e+00 1.923538406167134340e+01 2.236067977499789805e+00 1.476482306023340030e+01 7.211102550927978250e+00 3.000000000000000000e+00 3.605551275463989125e+00 6.324555320336759046e+00 2.200000000000000000e+01
2.469817807045693669e+01 2.483948469674844262e+01 1.315294643796590535e+01 1.264911064067351809e+01 8.062257748298549132e+00 8.246211251235321171e+00 3.605551275463989125e+00 3.000000000000000000e+00 1.264911064067351809e+01 2.154065922853801496e+01 2.193171219946130890e+01 1.923538406167134340e+01 0.000000000000000000e+00 1.711724276862369010e+01 2.785677655436823841e+01 2.319482700948640286e+01 1.627882059609970611e+01 1.700000000000000000e+01 2.284731931759172596e+01 4.242640687119284770e+00
1.170469991071962568e+01 1.811077027627483460e+01 1.860107523773827509e+01 1.640121946685672683e+01 1.708800749063506075e+01 9.848857801796103928e+00 1.503329637837290811e+01 2.009975124224177989e+01 7.810249675906653977e+00 6.708203932499369415e+00 1.702938636592640265e+01 2.236067977499789805e+00 1.711724276862369010e+01 0.000000000000000000e+00 1.500000000000000000e+01 7.810249675906653977e+00 1.414213562373095145e+00 2.000000000000000000e+00 8.062257748298549132e+00 2.002498439450078749e+01
2.353720459187963954e+01 9.219544457292887074e+00 3.324154027718932269e+01 3.111269837220809009e+01 3.080584360149872580e+01 1.969771560359220786e+01 2.729468812791236232e+01 3.067572330035593353e+01 1.523154621172781731e+01 1.897366596101027625e+01 1.118033988749894903e+01 1.476482306023340030e+01 2.785677655436823841e+01 1.500000000000000000e+01 0.000000000000000000e+00 7.615773105863908654e+00 1.640121946685672683e+01 1.345362404707370985e+01 1.964688270438849926e+01 3.178049716414140846e+01
1.612451549659709826e+01 1.360147050873544394e+01 2.640075756488817049e+01 2.420743687382040932e+01 2.459674775249768786e+01 1.503329637837290811e+01 2.184032966784155505e+01 2.617250465660480074e+01 1.104536101718726115e+01 1.140175425099137918e+01 1.389244398944980396e+01 7.211102550927978250e+00 2.319482700948640286e+01 7.810249675906653977e+00 7.615773105863908654e+00 0.000000000000000000e+00 9.219544457292887074e+00 6.708203932499369415e+00 1.216552506059643868e+01 2.668332812825266842e+01
1.118033988749894903e+01 1.923538406167134340e+01 1.720465053408525335e+01 1.500000000000000000e+01 1.581138830084189628e+01 9.433981132056603158e+00 1.400000000000000000e+01 1.923538406167134340e+01 8.062257748298549132e+00 6.403124237432848531e+00 1.800000000000000000e+01 3.000000000000000000e+00 1.627882059609970611e+01 1.414213562373095145e+00 1.640121946685672683e+01 9.219544457292887074e+00 0.000000000000000000e+00 3.162277660168379523e+00 7.810249675906653977e+00 1.900000000000000000e+01
1.360147050873544394e+01 1.612451549659709826e+01 1.984943324127920761e+01 1.769180601295413169e+01 1.788854381999831844e+01 9.219544457292887074e+00 1.529705854077835525e+01 2.000000000000000000e+01 6.403124237432848531e+00 8.544003745317530374e+00 1.503329637837290811e+01 3.605551275463989125e+00 1.700000000000000000e+01 2.000000000000000000e+00 1.345362404707370985e+01 6.708203932499369415e+00 3.162277660168379523e+00 0.000000000000000000e+00 9.848857801796103928e+00 2.022374841615668473e+01
4.000000000000000000e+00 2.507987240796890660e+01 1.941648783894759944e+01 1.726267650163206824e+01 2.002498439450078749e+01 1.702938636592640265e+01 1.992485884517127559e+01 2.563201123595259290e+01 1.581138830084189628e+01 1.414213562373095145e+00 2.451530134426252516e+01 6.324555320336759046e+00 2.284731931759172596e+01 8.062257748298549132e+00 1.964688270438849926e+01 1.216552506059643868e+01 7.810249675906653977e+00 9.848857801796103928e+00 0.000000000000000000e+00 2.473863375370596174e+01
2.600000000000000000e+01 2.906888370749726747e+01 1.118033988749894903e+01 1.140175425099137918e+01 6.403124237432848531e+00 1.208304597359457233e+01 5.000000000000000000e+00 3.000000000000000000e+00 1.655294535724684835e+01 2.353720459187963954e+01 2.617250465660480074e+01 2.200000000000000000e+01 4.242640687119284770e+00 2.002498439450078749e+01 3.178049716414140846e+01 2.668332812825266842e+01 1.900000000000000000e+01 2.022374841615668473e+01 2.473863375370596174e+01 0.000000000000000000e+00
