0.000000000000000000e+00 2.220360331117451835e+01 1.341640786499873883e+01 1.100000000000000000e+01 1.216552506059643868e+01 1.702938636592640265e+01 1.612451549659709826e+01 2.000000000000000000e+00 1.581138830084189628e+01 2.334523505985750447e+01 2.061552812808830382e+01 1.503329637837290811e+01 1.216552506059643868e+01 1.838477631085023489e+01 1.749285568453590045e+01 2.865309756378880479e+01 1.236931687685298087e+01 1.749285568453590045e+01 2.308679276123039159e+01 2.340939982143925135e+01 5.656854249492380582e+00 1.300000000000000000e+01 2.729468812791236232e+01
2.220360331117451835e+01 0.000000000000000000e+00 1.992485884517127559e+01 3.000000000000000000e+01 1.603121954188139853e+01 2.692582403567251959e+01 3.522782990761707111e+01 2.109502310972898798e+01 8.544003745317530374e+00 1.772004514666934938e+01 2.607680962081059661e+01 3.275667870831839679e+01 3.201562118716424266e+01 2.647640458974745314e+01 2.220360331117451835e+01 2.789265136196270589e+01 2.915475947422650194e+01 9.219544457292887074e+00 1.581138830084189628e+01 2.137755832643194864e+01 1.664331697709323876e+01 2.817800560721074277e+01 6.000000000000000000e+00
1.341640786499873883e+01 1.992485884517127559e+01 0.000000000000000000e+00 1.300000000000000000e+01 2.059126028197400160e+01 7.071067811865475505e+00 1.720465053408525335e+01 1.442220510185595650e+01 1.140175425099137918e+01 1.118033988749894903e+01 8.062257748298549132e+00 1.421267040355189515e+01 1.523154621172781731e+01 7.071067811865475505e+00 4.242640687119284770e+00 1.526433752247374720e+01 1.081665382639196871e+01 2.121320343559642652e+01 1.170469991071962568e+01 1.019803902718556898e+01 1.280624847486569706e+01 9.219544457292887074e+00 2.247220505424423109e+01
1.100000000000000000e+01 3.000000000000000000e+01 1.300000000000000000e+01 0.000000000000000000e+00 2.308679276123039159e+01 1.118033988749894903e+01 5.385164807134503739e+00 1.300000000000000000e+01 2.193171219946130890e+01 2.404163056034261459e+01 1.612451549659709826e+01 4.123105625617660586e+00 2.236067977499789805e+00 1.315294643796590535e+01 1.513274595042155646e+01 2.517935662402834396e+01 3.162277660168379523e+00 2.751363298439520833e+01 2.469817807045693669e+01 2.220360331117451835e+01 1.552417469626002422e+01 5.099019513592784492e+00 3.394112549695427816e+01
1.216552506059643868e+01 1.603121954188139853e+01 2.059126028197400160e+01 2.308679276123039159e+01 0.000000000000000000e+00 2.657066051117284644e+01 2.828427124746190202e+01 1.019803902718556898e+01 1.476482306023340030e+01 2.640075756488817049e+01 2.865309756378880479e+01 2.701851217221259205e+01 2.433105012119287736e+01 2.731300056749532601e+01 2.469817807045693669e+01 3.471310991541956525e+01 2.402082429892862692e+01 7.615773105863908654e+00 2.523885892824792521e+01 2.828427124746190202e+01 8.246211251235321171e+00 2.418677324489564739e+01 2.202271554554523902e+01
1.702938636592640265e+01 2.692582403567251959e+01 7.071067811865475505e+00 1.118033988749894903e+01 2.657066051117284644e+01 0.000000000000000000e+00 1.334166406412633421e+01 1.860107523773827509e+01 1.843908891458577415e+01 1.500000000000000000e+01 5.000000000000000000e+00 1.019803902718556898e+01 1.303840481040529831e+01 2.000000000000000000e+00 5.656854249492380582e+00 1.403566884761819900e+01 8.062257748298549132e+00 2.807133769523639799e+01 1.627882059609970611e+01 1.208304597359457233e+01 1.838477631085023489e+01 6.082762530298219339e+00 2.906888370749726747e+01
1.612451549659709826e+01 3.522782990761707111e+01 1.720465053408525335e+01 5.385164807134503739e+00 2.828427124746190202e+01 1.334166406412633421e+01 0.000000000000000000e+00 1.811077027627483460e+01 2.701851217221259205e+01 2.773084924772409465e+01 1.824828759089465890e+01 3.162277660168379523e+00 4.000000000000000000e+00 1.529705854077835525e+01 1.838477631085023489e+01 2.707397274136176790e+01 6.403124237432848531e+00 3.289376840679705083e+01 2.865309756378880479e+01 2.529822128134703618e+01 2.088061301782110135e+01 8.062257748298549132e+00 3.894868418830089496e+01
2.000000000000000000e+00 2.109502310972898798e+01 1.442220510185595650e+01 1.300000000000000000e+01 1.019803902718556898e+01 1.860107523773827509e+01 1.811077027627483460e+01 0.000000000000000000e+00 1.529705854077835525e+01 2.376972864800942631e+01 2.193171219946130890e+01 1.702938636592640265e+01 1.414213562373095101e+01 1.984943324127920761e+01 1.860107523773827509e+01 2.968164415931165934e+01 1.431782106327635340e+01 1.581138830084189628e+01 2.334523505985750447e+01 2.416609194718914466e+01 4.472135954999579610e+00 1.486606874731850603e+01 2.640075756488817049e+01
1.581138830084189628e+01 8.544003745317530374e+00 1.140175425099137918e+01 2.193171219946130890e+01 1.476482306023340030e+01 1.843908891458577415e+01 2.701851217221259205e+01 1.529705854077835525e+01 0.000000000000000000e+00 1.204159457879229578e+01 1.802775637731994607e+01 2.441311123146740414e+01 2.404163056034261459e+01 1.811077027627483460e+01 1.400000000000000000e+01 2.147091055358388800e+01 2.080865204668481283e+01 1.166190378969060149e+01 1.063014581273464998e+01 1.476482306023340030e+01 1.104536101718726115e+01 1.972308292331602075e+01 1.204159457879229578e+01
2.334523505985750447e+01 1.772004514666934938e+01 1.118033988749894903e+01 2.404163056034261459e+01 2.640075756488817049e+01 1.500000000000000000e+01 2.773084924772409465e+01 2.376972864800942631e+01 1.204159457879229578e+01 0.000000000000000000e+00 1.140175425099137918e+01 2.459674775249768786e+01 2.624880949681337583e+01 1.345362404707370985e+01 9.433981132056603158e+00 1.019803902718556898e+01 2.154065922853801496e+01 2.360084744241189370e+01 2.000000000000000000e+00 4.123105625617660586e+00 2.061552812808830382e+01 1.969771560359220786e+01 1.702938636592640265e+01
2.061552812808830382e+01 2.607680962081059661e+01 8.062257748298549132e+00 1.612451549659709826e+01 2.865309756378880479e+01 5.000000000000000000e+00 1.824828759089465890e+01 2.193171219946130890e+01 1.802775637731994607e+01 1.140175425099137918e+01 0.000000000000000000e+00 1.513274595042155646e+01 1.802775637731994607e+01 3.000000000000000000e+00 4.123105625617660586e+00 9.055385138137417300e+00 1.303840481040529831e+01 2.886173937932362321e+01 1.303840481040529831e+01 7.810249675906653977e+00 2.080865204668481283e+01 1.104536101718726115e+01 2.720294101747088789e+01
1.503329637837290811e+01 3.275667870831839679e+01 1.421267040355189515e+01 4.123105625617660586e+00 2.701851217221259205e+01 1.019803902718556898e+01 3.162277660168379523e+00 1.702938636592640265e+01 2.441311123146740414e+01 2.459674775249768786e+01 1.513274595042155646e+01 0.000000000000000000e+00 4.242640687119284770e+00 1.216552506059643868e+01 1.523154621172781731e+01 2.402082429892862692e+01 3.605551275463989125e+00 3.104834939252004844e+01 2.555386467836127551e+01 2.213594362117865444e+01 1.923538406167134340e+01 5.000000000000000000e+00 3.623534186398687496e+01
1.216552506059643868e+01 3.201562118716424266e+01 1.523154621172781731e+01 2.236067977499789805e+00 2.433105012119287736e+01 1.303840481040529831e+01 4.000000000000000000e+00 1.414213562373095101e+01 2.404163056034261459e+01 2.624880949681337583e+01 1.802775637731994607e+01 4.242640687119284770e+00 0.000000000000000000e+00 1.503329637837290811e+01 1.726267650163206824e+01 2.707397274136176790e+01 5.000000000000000000e+00 2.915475947422650194e+01 2.692582403567251959e+01 2.433105012119287736e+01 1.708800749063506075e+01 7.000000000000000000e+00 3.606937759374286401e+01
1.838477631085023489e+01 2.647640458974745314e+01 7.071067811865475505e+00 1.315294643796590535e+01 2.731300056749532601e+01 2.000000000000000000e+00 1.529705854077835525e+01 1.984943324127920761e+01 1.811077027627483460e+01 1.345362404707370985e+01 3.000000000000000000e+00 1.216552506059643868e+01 1.503329637837290811e+01 0.000000000000000000e+00 4.472135954999579610e+00 1.204159457879229578e+01 1.004987562112088995e+01 2.828427124746190202e+01 1.486606874731850603e+01 1.029563014098700080e+01 1.923538406167134340e+01 8.062257748298549132e+00 2.823118842698620767e+01
1.749285568453590045e+01 2.220360331117451835e+01 4.242640687119284770e+00 1.513274595042155646e+01 2.469817807045693669e+01 5.656854249492380582e+00 1.838477631085023489e+01 1.860107523773827509e+01 1.400000000000000000e+01 9.433981132056603158e+00 4.123105625617660586e+00 1.523154621172781731e+01 1.726267650163206824e+01 4.472135954999579610e+00 0.000000000000000000e+00 1.118033988749894903e+01 1.236931687685298087e+01 2.473863375370596174e+01 1.063014581273464998e+01 7.071067811865475505e+00 1.702938636592640265e+01 1.044030650891055068e+01 2.376972864800942631e+01
2.865309756378880479e+01 2.789265136196270589e+01 1.526433752247374720e+01 2.517935662402834396e+01 3.471310991541956525e+01 1.403566884761819900e+01 2.707397274136176790e+01 2.968164415931165934e+01 2.147091055358388800e+01 1.019803902718556898e+01 9.055385138137417300e+00 2.402082429892862692e+01 2.707397274136176790e+01 1.204159457879229578e+01 1.118033988749894903e+01 0.000000000000000000e+00 2.209072203437452231e+01 3.312099032335839155e+01 1.216552506059643868e+01 6.708203932499369415e+00 2.765863337187866122e+01 2.009975124224177989e+01 2.701851217221259205e+01
1.236931687685298087e+01 2.915475947422650194e+01 1.081665382639196871e+01 3.162277660168379523e+00 2.402082429892862692e+01 8.062257748298549132e+00 6.403124237432848531e+00 1.431782106327635340e+01 2.080865204668481283e+01 2.154065922853801496e+01 1.303840481040529831e+01 3.605551275463989125e+00 5.000000000000000000e+00 1.004987562112088995e+01 1.236931687685298087e+01 2.209072203437452231e+01 0.000000000000000000e+00 2.765863337187866122e+01 2.236067977499789805e+01 1.941648783894759944e+01 1.603121954188139853e+01 2.000000000000000000e+00 3.264965543462901820e+01
1.749285568453590045e+01 9.219544457292887074e+00 2.121320343559642652e+01 2.751363298439520833e+01 7.615773105863908654e+00 2.807133769523639799e+01 3.289376840679705083e+01 1.581138830084189628e+01 1.166190378969060149e+01 2.360084744241189370e+01 2.886173937932362321e+01 3.104834939252004844e+01 2.915475947422650194e+01 2.828427124746190202e+01 2.473863375370596174e+01 3.312099032335839155e+01 2.765863337187866122e+01 0.000000000000000000e+00 2.202271554554523902e+01 2.641968962724581260e+01 1.208304597359457233e+01 2.729468812791236232e+01 1.513274595042155646e+01
2.308679276123039159e+01 1.581138830084189628e+01 1.170469991071962568e+01 2.469817807045693669e+01 2.523885892824792521e+01 1.627882059609970611e+01 2.865309756378880479e+01 2.334523505985750447e+01 1.063014581273464998e+01 2.000000000000000000e+00 1.303840481040529831e+01 2.555386467836127551e+01 2.692582403567251959e+01 1.486606874731850603e+01 1.063014581273464998e+01 1.216552506059643868e+01 2.236067977499789805e+01 2.202271554554523902e+01 0.000000000000000000e+00 6.082762530298219339e+00 1.992485884517127559e+01 2.059126028197400160e+01 1.503329637837290811e+01
2.340939982143925135e+01 2.137755832643194864e+01 1.019803902718556898e+01 2.220360331117451835e+01 2.828427124746190202e+01 1.208304597359457233e+01 2.529822128134703618e+01 2.416609194718914466e+01 1.476482306023340030e+01 4.123105625617660586e+00 7.810249675906653977e+00 2.213594362117865444e+01 2.433105012119287736e+01 1.029563014098700080e+01 7.071067811865475505e+00 6.708203932499369415e+00 1.941648783894759944e+01 2.641968962724581260e+01 6.082762530298219339e+00 0.000000000000000000e+00 2.163330765278393741e+01 1.746424919657297892e+01 2.109502310972898798e+01
5.656854249492380582e+00 1.664331697709323876e+01 1.280624847486569706e+01 1.552417469626002422e+01 8.246211251235321171e+00 1.838477631085023489e+01 2.088061301782110135e+01 4.472135954999579610e+00 1.104536101718726115e+01 2.061552812808830382e+01 2.080865204668481283e+01 1.923538406167134340e+01 1.708800749063506075e+01 1.923538406167134340e+01 1.702938636592640265e+01 2.765863337187866122e+01 1.603121954188139853e+01 1.208304597359457233e+01 1.992485884517127559e+01 2.163330765278393741e+01 0.000000000000000000e+00 1.603121954188139853e+01 2.193171219946130890e+01
1.300000000000000000e+01 2.817800560721074277e+01 9.219544457292887074e+00 5.099019513592784492e+00 2.418677324489564739e+01 6.082762530298219339e+00 8.062257748298549132e+00 1.486606874731850603e+01 1.972308292331602075e+01 1.969771560359220786e+01 1.104536101718726115e+01 5.000000000000000000e+00 7.000000000000000000e+00 8.062257748298549132e+00 1.044030650891055068e+01 2.009975124224177989e+01 2.000000000000000000e+00 2.729468812791236232e+01 2.059126028197400160e+01 1.746424919657297892e+01 1.603121954188139853e+01 0.000000000000000000e+00 3.140063693621516450e+01
2.729468812791236232e+01 6.000000000000000000e+00 2.247220505424423109e+01 3.394112549695427816e+01 2.202271554554523902e+01 2.906888370749726747e+01 3.894868418830089496e+01 2.640075756488817049e+01 1.204159457879229578e+01 1.702938636592640265e+01 2.720294101747088789e+01 3.623534186398687496e+01 3.606937759374286401e+01 2.823118842698620767e+01 2.376972864800942631e+01 2.701851217221259205e+01 3.264965543462901820e+01 1.513274595042155646e+01 1.503329637837290811e+01 2.109502310972898798e+01 2.193171219946130890e+01 3.140063693621516450e+01 0.000000000000000000e+00
