0.000000000000000000e+00 9.000000000000000000e+00 5.656854249492380582e+00 1.063014581273464998e+01 2.561249694973139412e+01 7.071067811865475505e+00 3.023243291566194912e+01 1.878829422805593552e+01 1.000000000000000000e+01 1.421267040355189515e+01 1.081665382639196871e+01 1.676305461424021104e+01 1.843908891458577415e+01 1.500000000000000000e+01 2.433105012119287736e+01 1.303840481040529831e+01 1.603121954188139853e+01 5.385164807134503739e+00 1.746424919657297892e+01 1.208304597359457233e+01 1.964688270438849926e+01
9.000000000000000000e+00 0.000000000000000000e+00 6.403124237432848531e+00 1.788854381999831844e+01 3.201562118716424266e+01 1.063014581273464998e+01 2.624880949681337583e+01 1.131370849898476116e+01 1.700000000000000000e+01 9.219544457292887074e+00 6.000000000000000000e+00 2.549509756796392423e+01 2.594224354214569317e+01 2.163330765278393741e+01 2.451530134426252516e+01 2.118962010041709121e+01 1.788854381999831844e+01 8.602325267042626677e+00 9.899494936611665352e+00 5.385164807134503739e+00 1.118033988749894903e+01
5.656854249492380582e+00 6.403124237432848531e+00 0.000000000000000000e+00 1.170469991071962568e+01 2.561249694973139412e+01 1.140175425099137918e+01 2.469817807045693669e+01 1.769180601295413169e+01 1.562049935181330795e+01 8.602325267042626677e+00 1.118033988749894903e+01 2.193171219946130890e+01 1.969771560359220786e+01 1.526433752247374720e+01 2.000000000000000000e+01 1.529705854077835525e+01 1.236931687685298087e+01 9.219544457292887074e+00 1.627882059609970611e+01 7.071067811865475505e+00 1.749285568453590045e+01
1.063014581273464998e+01 1.788854381999831844e+01 1.170469991071962568e+01 0.000000000000000000e+00 1.500000000000000000e+01 1.700000000000000000e+01 2.941088233970548416e+01 2.884441020371191300e+01 1.603121954188139853e+01 1.802775637731994607e+01 2.126029162546929996e+01 1.581138830084189628e+01 8.062257748298549132e+00 4.472135954999579610e+00 1.941648783894759944e+01 4.123105625617660586e+00 1.131370849898476116e+01 1.581138830084189628e+01 2.745906043549196340e+01 1.824828759089465890e+01 2.906888370749726747e+01
2.561249694973139412e+01 3.201562118716424266e+01 2.561249694973139412e+01 1.500000000000000000e+01 0.000000000000000000e+00 3.190611226708763226e+01 3.337663853655727308e+01 4.327817001676480402e+01 2.973213749463701205e+01 2.915475947422650194e+01 3.606937759374286401e+01 2.500000000000000000e+01 8.246211251235321171e+00 1.063014581273464998e+01 2.039607805437113797e+01 1.392838827718411920e+01 1.746424919657297892e+01 3.080584360149872580e+01 4.186884283091664116e+01 3.088689042296100240e+01 4.301162633521313694e+01
7.071067811865475505e+00 1.063014581273464998e+01 1.140175425099137918e+01 1.700000000000000000e+01 3.190611226708763226e+01 0.000000000000000000e+00 3.577708763999663688e+01 1.603121954188139853e+01 7.071067811865475505e+00 1.886796226411320632e+01 8.062257748298549132e+00 1.711724276862369010e+01 2.420743687382040932e+01 2.147091055358388800e+01 3.114482300479487265e+01 1.843908891458577415e+01 2.300000000000000000e+01 2.236067977499789805e+00 1.500000000000000000e+01 1.562049935181330795e+01 1.811077027627483460e+01
3.023243291566194912e+01 2.624880949681337583e+01 2.469817807045693669e+01 2.941088233970548416e+01 3.337663853655727308e+01 3.577708763999663688e+01 0.000000000000000000e+00 3.300000000000000000e+01 4.022437072223753063e+01 1.708800749063506075e+01 3.201562118716424266e+01 4.459820624195551630e+01 3.361547262794321966e+01 2.906888370749726747e+01 1.303840481040529831e+01 3.328663395418647752e+01 1.835755975068581947e+01 3.354101966249684352e+01 3.201562118716424266e+01 2.088061301782110135e+01 3.006659275674581622e+01
1.878829422805593552e+01 1.131370849898476116e+01 1.769180601295413169e+01 2.884441020371191300e+01 4.327817001676480402e+01 1.603121954188139853e+01 3.300000000000000000e+01 0.000000000000000000e+00 2.300000000000000000e+01 1.802775637731994607e+01 8.246211251235321171e+00 3.313608305156178346e+01 3.689173349139343117e+01 3.280243893371345365e+01 3.453983207834108526e+01 3.176476034853718033e+01 2.884441020371191300e+01 1.529705854077835525e+01 1.414213562373095145e+00 1.431782106327635340e+01 3.605551275463989125e+00
1.000000000000000000e+01 1.700000000000000000e+01 1.562049935181330795e+01 1.603121954188139853e+01 2.973213749463701205e+01 7.071067811865475505e+00 4.022437072223753063e+01 2.300000000000000000e+01 0.000000000000000000e+00 2.404163056034261459e+01 1.513274595042155646e+01 1.044030650891055068e+01 2.154065922853801496e+01 2.022374841615668473e+01 3.352610922848042208e+01 1.581138830084189628e+01 2.500000000000000000e+01 8.544003745317530374e+00 2.202271554554523902e+01 2.140093455903269515e+01 2.517935662402834396e+01
1.421267040355189515e+01 9.219544457292887074e+00 8.602325267042626677e+00 1.802775637731994607e+01 2.915475947422650194e+01 1.886796226411320632e+01 1.708800749063506075e+01 1.802775637731994607e+01 2.404163056034261459e+01 0.000000000000000000e+00 1.513274595042155646e+01 3.041381265149109936e+01 2.517935662402834396e+01 2.022374841615668473e+01 1.655294535724684835e+01 2.209072203437452231e+01 1.220655561573370207e+01 1.664331697709323876e+01 1.676305461424021104e+01 4.000000000000000000e+00 1.612451549659709826e+01
1.081665382639196871e+01 6.000000000000000000e+00 1.118033988749894903e+01 2.126029162546929996e+01 3.606937759374286401e+01 8.062257748298549132e+00 3.201562118716424266e+01 8.246211251235321171e+00 1.513274595042155646e+01 1.513274595042155646e+01 0.000000000000000000e+00 2.501999200639360765e+01 2.920616373302046753e+01 2.545584412271571040e+01 3.041381265149109936e+01 2.385372088375312671e+01 2.340939982143925135e+01 7.071067811865475505e+00 7.071067811865475505e+00 1.118033988749894903e+01 1.004987562112088995e+01
1.676305461424021104e+01 2.549509756796392423e+01 2.193171219946130890e+01 1.581138830084189628e+01 2.500000000000000000e+01 1.711724276862369010e+01 4.459820624195551630e+01 3.313608305156178346e+01 1.044030650891055068e+01 3.041381265149109936e+01 2.501999200639360765e+01 0.000000000000000000e+00 1.711724276862369010e+01 1.838477631085023489e+01 3.522782990761707111e+01 1.300000000000000000e+01 2.701851217221259205e+01 1.800000000000000000e+01 3.206243908376279705e+01 2.879236009777593708e+01 3.500000000000000000e+01
1.843908891458577415e+01 2.594224354214569317e+01 1.969771560359220786e+01 8.062257748298549132e+00 8.246211251235321171e+00 2.420743687382040932e+01 3.361547262794321966e+01 3.689173349139343117e+01 2.154065922853801496e+01 2.517935662402834396e+01 2.920616373302046753e+01 1.711724276862369010e+01 0.000000000000000000e+00 5.000000000000000000e+00 2.163330765278393741e+01 5.830951894845300743e+00 1.552417469626002422e+01 2.334523505985750447e+01 3.551056180912940619e+01 2.596150997149434048e+01 3.712142238654116966e+01
1.500000000000000000e+01 2.163330765278393741e+01 1.526433752247374720e+01 4.472135954999579610e+00 1.063014581273464998e+01 2.147091055358388800e+01 2.906888370749726747e+01 3.280243893371345365e+01 2.022374841615668473e+01 2.022374841615668473e+01 2.545584412271571040e+01 1.838477631085023489e+01 5.000000000000000000e+00 0.000000000000000000e+00 1.769180601295413169e+01 5.385164807134503739e+00 1.077032961426900748e+01 2.024845673131658685e+01 3.140063693621516450e+01 2.118962010041709121e+01 3.275667870831839679e+01
2.433105012119287736e+01 2.451530134426252516e+01 2.000000000000000000e+01 1.941648783894759944e+01 2.039607805437113797e+01 3.114482300479487265e+01 1.303840481040529831e+01 3.453983207834108526e+01 3.352610922848042208e+01 1.655294535724684835e+01 3.041381265149109936e+01 3.522782990761707111e+01 2.163330765278393741e+01 1.769180601295413169e+01 0.000000000000000000e+00 2.267156809750926882e+01 8.544003745317530374e+00 2.906888370749726747e+01 3.324154027718932269e+01 2.024845673131658685e+01 3.264965543462901820e+01
1.303840481040529831e+01 2.118962010041709121e+01 1.529705854077835525e+01 4.123105625617660586e+00 1.392838827718411920e+01 1.843908891458577415e+01 3.328663395418647752e+01 3.176476034853718033e+01 1.581138830084189628e+01 2.209072203437452231e+01 2.385372088375312671e+01 1.300000000000000000e+01 5.830951894845300743e+00 5.385164807134503739e+00 2.267156809750926882e+01 0.000000000000000000e+00 1.500000000000000000e+01 1.769180601295413169e+01 3.041381265149109936e+01 2.209072203437452231e+01 3.231098884280702066e+01
1.603121954188139853e+01 1.788854381999831844e+01 1.236931687685298087e+01 1.131370849898476116e+01 1.746424919657297892e+01 2.300000000000000000e+01 1.835755975068581947e+01 2.884441020371191300e+01 2.500000000000000000e+01 1.220655561573370207e+01 2.340939982143925135e+01 2.701851217221259205e+01 1.552417469626002422e+01 1.077032961426900748e+01 8.544003745317530374e+00 1.500000000000000000e+01 0.000000000000000000e+00 2.102379604162863913e+01 2.745906043549196340e+01 1.486606874731850603e+01 2.765863337187866122e+01
5.385164807134503739e+00 8.602325267042626677e+00 9.219544457292887074e+00 1.581138830084189628e+01 3.080584360149872580e+01 2.236067977499789805e+00 3.354101966249684352e+01 1.529705854077835525e+01 8.544003745317530374e+00 1.664331697709323876e+01 7.071067811865475505e+00 1.800000000000000000e+01 2.334523505985750447e+01 2.024845673131658685e+01 2.906888370749726747e+01 1.769180601295413169e+01 2.102379604162863913e+01 0.000000000000000000e+00 1.414213562373095101e+01 1.345362404707370985e+01 1.700000000000000000e+01
1.746424919657297892e+01 9.899494936611665352e+00 1.627882059609970611e+01 2.745906043549196340e+01 4.186884283091664116e+01 1.500000000000000000e+01 3.201562118716424266e+01 1.414213562373095145e+00 2.202271554554523902e+01 1.676305461424021104e+01 7.071067811865475505e+00 3.206243908376279705e+01 3.551056180912940619e+01 3.140063693621516450e+01 3.324154027718932269e+01 3.041381265149109936e+01 2.745906043549196340e+01 1.414213562373095101e+01 0.000000000000000000e+00 1.300000000000000000e+01 3.605551275463989125e+00
1.208304597359457233e+01 5.385164807134503739e+00 7.071067811865475505e+00 1.824828759089465890e+01 3.088689042296100240e+01 1.562049935181330795e+01 2.088061301782110135e+01 1.431782106327635340e+01 2.140093455903269515e+01 4.000000000000000000e+00 1.118033988749894903e+01 2.879236009777593708e+01 2.596150997149434048e+01 2.118962010041709121e+01 2.024845673131658685e+01 2.209072203437452231e+01 1.486606874731850603e+01 1.345362404707370985e+01 1.300000000000000000e+01 0.000000000000000000e+00 1.280624847486569706e+01
1.964688270438849926e+01 1.118033988749894903e+01 1.749285568453590045e+01 2.906888370749726747e+01 4.301162633521313694e+01 1.811077027627483460e+01 3.006659275674581622e+01 3.605551275463989125e+00 2.517935662402834396e+01 1.612451549659709826e+01 1.004987562112088995e+01 3.500000000000000000e+01 3.712142238654116966e+01 3.275667870831839679e+01 3.264965543462901820e+01 3.231098884280702066e+01 2.765863337187866122e+01 1.700000000000000000e+01 3.605551275463989125e+00 1.280624847486569706e+01 0.000000000000000000e+00
