0.000000000000000000e+00 3.008321791298264714e+01 1.300000000000000000e+01 2.969848480983499428e+01 1.708800749063506075e+01 1.984943324127920761e+01 1.414213562373095101e+01 1.902629759044044633e+01 1.868154169226940553e+01 5.099019513592784492e+00 2.483948469674844262e+01 2.080865204668481283e+01 2.195449840010014952e+01 1.503329637837290811e+01 2.400000000000000000e+01 1.166190378969060149e+01 1.886796226411320632e+01 3.023243291566194912e+01 2.831960451701259274e+01 2.968164415931165934e+01 2.121320343559642652e+01 1.414213562373095145e+00 2.954657340538831534e+01 1.860107523773827509e+01 2.061552812808830382e+01 2.692582403567251959e+01
3.008321791298264714e+01 0.000000000000000000e+00 2.942787793912432193e+01 3.008321791298264714e+01 1.315294643796590535e+01 1.486606874731850603e+01 3.157530680769388809e+01 1.345362404707370985e+01 1.702938636592640265e+01 2.500000000000000000e+01 1.280624847486569706e+01 1.264911064067351809e+01 2.109502310972898798e+01 1.664331697709323876e+01 9.433981132056603158e+00 1.910497317454279909e+01 2.220360331117451835e+01 9.848857801796103928e+00 3.067572330035593353e+01 2.433105012119287736e+01 1.360147050873544394e+01 3.132091952673165025e+01 2.009975124224177989e+01 1.431782106327635340e+01 1.581138830084189628e+01 1.843908891458577415e+01
1.300000000000000000e+01 2.942787793912432193e+01 0.000000000000000000e+00 3.996248240537617136e+01 1.746424919657297892e+01 1.500000000000000000e+01 2.236067977499789805e+00 2.360084744241189370e+01 2.545584412271571040e+01 1.300000000000000000e+01 1.923538406167134340e+01 1.702938636592640265e+01 1.252996408614166768e+01 2.051828452868319275e+01 2.729468812791236232e+01 1.220655561573370207e+01 2.801785145224380003e+01 2.531797780234432693e+01 3.894868418830089496e+01 3.828837943815329226e+01 2.640075756488817049e+01 1.403566884761819900e+01 3.679673898594819548e+01 1.513274595042155646e+01 2.690724809414741969e+01 3.397057550292606010e+01
2.969848480983499428e+01 3.008321791298264714e+01 3.996248240537617136e+01 0.000000000000000000e+00 2.745906043549196340e+01 3.452535300326413648e+01 4.188078318274384770e+01 2.009975124224177989e+01 1.627882059609970611e+01 2.720294101747088789e+01 3.705401462729781059e+01 3.324154027718932269e+01 4.123105625617660763e+01 2.088061301782110135e+01 2.121320343559642652e+01 2.915475947422650194e+01 1.208304597359457233e+01 3.820994634908559817e+01 2.000000000000000000e+00 6.403124237432848531e+00 1.800000000000000000e+01 2.973213749463701205e+01 1.081665382639196871e+01 3.255764119219941222e+01 1.603121954188139853e+01 1.170469991071962568e+01
1.708800749063506075e+01 1.315294643796590535e+01 1.746424919657297892e+01 2.745906043549196340e+01 0.000000000000000000e+00 7.071067811865475505e+00 1.969771560359220786e+01 7.615773105863908654e+00 1.118033988749894903e+01 1.208304597359457233e+01 1.044030650891055068e+01 6.082762530298219339e+00 1.392838827718411920e+01 7.071067811865475505e+00 1.000000000000000000e+01 6.000000000000000000e+00 1.600000000000000000e+01 1.421267040355189515e+01 2.716615541441224835e+01 2.376972864800942631e+01 1.029563014098700080e+01 1.838477631085023489e+01 2.109502310972898798e+01 5.099019513592784492e+00 1.170469991071962568e+01 1.835755975068581947e+01
1.984943324127920761e+01 1.486606874731850603e+01 1.500000000000000000e+01 3.452535300326413648e+01 7.071067811865475505e+00 0.000000000000000000e+00 1.702938636592640265e+01 1.456021977856103611e+01 1.824828759089465890e+01 1.562049935181330795e+01 5.000000000000000000e+00 2.236067977499789805e+00 7.211102550927978250e+00 1.400000000000000000e+01 1.581138830084189628e+01 8.602325267042626677e+00 2.302172886644267535e+01 1.077032961426900748e+01 3.423448553724738019e+01 3.067572330035593353e+01 1.708800749063506075e+01 2.126029162546929996e+01 2.773084924772409465e+01 2.000000000000000000e+00 1.868154169226940553e+01 2.507987240796890660e+01
1.414213562373095101e+01 3.157530680769388809e+01 2.236067977499789805e+00 4.188078318274384770e+01 1.969771560359220786e+01 1.702938636592640265e+01 0.000000000000000000e+00 2.580697580112788003e+01 2.758622844826744469e+01 1.476482306023340030e+01 2.109502310972898798e+01 1.910497317454279909e+01 1.392838827718411920e+01 2.267156809750926882e+01 2.952964612046680060e+01 1.442220510185595650e+01 3.000000000000000000e+01 2.716615541441224835e+01 4.081666326391709987e+01 4.036087214122112954e+01 2.860069929215018192e+01 1.503329637837290811e+01 3.894868418830089496e+01 1.726267650163206824e+01 2.906888370749726747e+01 3.612478373637688378e+01
1.902629759044044633e+01 1.345362404707370985e+01 2.360084744241189370e+01 2.009975124224177989e+01 7.615773105863908654e+00 1.456021977856103611e+01 2.580697580112788003e+01 0.000000000000000000e+00 4.123105625617660586e+00 1.414213562373095101e+01 1.700000000000000000e+01 1.315294643796590535e+01 2.154065922853801496e+01 4.000000000000000000e+00 5.099019513592784492e+00 1.140175425099137918e+01 9.486832980505138124e+00 1.897366596101027625e+01 2.000000000000000000e+01 1.615549442140351033e+01 2.828427124746190291e+00 2.000000000000000000e+01 1.360147050873544394e+01 1.264911064067351809e+01 4.123105625617660586e+00 1.081665382639196871e+01
1.868154169226940553e+01 1.702938636592640265e+01 2.545584412271571040e+01 1.627882059609970611e+01 1.118033988749894903e+01 1.824828759089465890e+01 2.758622844826744469e+01 4.123105625617660586e+00 0.000000000000000000e+00 1.431782106327635340e+01 2.102379604162863913e+01 1.702938636592640265e+01 2.500000000000000000e+01 5.000000000000000000e+00 7.810249675906653977e+00 1.360147050873544394e+01 5.385164807134503739e+00 2.308679276123039159e+01 1.603121954188139853e+01 1.303840481040529831e+01 3.605551275463989125e+00 1.941648783894759944e+01 1.140175425099137918e+01 1.627882059609970611e+01 2.000000000000000000e+00 8.602325267042626677e+00
5.099019513592784492e+00 2.500000000000000000e+01 1.300000000000000000e+01 2.720294101747088789e+01 1.208304597359457233e+01 1.562049935181330795e+01 1.476482306023340030e+01 1.414213562373095101e+01 1.431782106327635340e+01 0.000000000000000000e+00 2.051828452868319275e+01 1.627882059609970611e+01 1.897366596101027625e+01 1.019803902718556898e+01 1.902629759044044633e+01 7.071067811865475505e+00 1.555634918610404505e+01 2.561249694973139412e+01 2.607680962081059661e+01 2.624880949681337583e+01 1.649242250247064234e+01 6.324555320336759046e+00 2.555386467836127551e+01 1.414213562373095101e+01 1.615549442140351033e+01 2.282542442102665348e+01
2.483948469674844262e+01 1.280624847486569706e+01 1.923538406167134340e+01 3.705401462729781059e+01 1.044030650891055068e+01 5.000000000000000000e+00 2.109502310972898798e+01 1.700000000000000000e+01 2.102379604162863913e+01 2.051828452868319275e+01 0.000000000000000000e+00 4.472135954999579610e+00 8.544003745317530374e+00 1.746424919657297892e+01 1.676305461424021104e+01 1.345362404707370985e+01 2.617250465660480074e+01 6.082762530298219339e+00 3.700000000000000000e+01 3.255764119219941222e+01 1.910497317454279909e+01 2.624880949681337583e+01 2.912043955712207222e+01 6.403124237432848531e+00 2.102379604162863913e+01 2.668332812825266842e+01
2.080865204668481283e+01 1.264911064067351809e+01 1.702938636592640265e+01 3.324154027718932269e+01 6.082762530298219339e+00 2.236067977499789805e+00 1.910497317454279909e+01 1.315294643796590535e+01 1.702938636592640265e+01 1.627882059609970611e+01 4.472135954999579610e+00 0.000000000000000000e+00 9.219544457292887074e+00 1.315294643796590535e+01 1.389244398944980396e+01 9.219544457292887074e+00 2.202271554554523902e+01 9.433981132056603158e+00 3.306055050963308162e+01 2.912043955712207222e+01 1.552417469626002422e+01 2.220360331117451835e+01 2.600000000000000000e+01 2.236067977499789805e+00 1.726267650163206824e+01 2.340939982143925135e+01
2.195449840010014952e+01 2.109502310972898798e+01 1.252996408614166768e+01 4.123105625617660763e+01 1.392838827718411920e+01 7.211102550927978250e+00 1.392838827718411920e+01 2.154065922853801496e+01 2.500000000000000000e+01 1.897366596101027625e+01 8.544003745317530374e+00 9.219544457292887074e+00 0.000000000000000000e+00 2.039607805437113797e+01 2.302172886644267535e+01 1.303840481040529831e+01 2.942787793912432193e+01 1.414213562373095101e+01 4.079215610874227593e+01 3.769615364994152884e+01 2.416609194718914466e+01 2.332380757938120297e+01 3.488552708502481892e+01 8.944271909999159220e+00 2.563201123595259290e+01 3.220248437620923454e+01
1.503329637837290811e+01 1.664331697709323876e+01 2.051828452868319275e+01 2.088061301782110135e+01 7.071067811865475505e+00 1.400000000000000000e+01 2.267156809750926882e+01 4.000000000000000000e+00 5.000000000000000000e+00 1.019803902718556898e+01 1.746424919657297892e+01 1.315294643796590535e+01 2.039607805437113797e+01 0.000000000000000000e+00 9.055385138137417300e+00 8.602325267042626677e+00 9.055385138137417300e+00 2.059126028197400160e+01 2.039607805437113797e+01 1.802775637731994607e+01 6.324555320336759046e+00 1.600000000000000000e+01 1.627882059609970611e+01 1.200000000000000000e+01 6.403124237432848531e+00 1.345362404707370985e+01
2.400000000000000000e+01 9.433981132056603158e+00 2.729468812791236232e+01 2.121320343559642652e+01 1.000000000000000000e+01 1.581138830084189628e+01 2.952964612046680060e+01 5.099019513592784492e+00 7.810249675906653977e+00 1.902629759044044633e+01 1.676305461424021104e+01 1.389244398944980396e+01 2.302172886644267535e+01 9.055385138137417300e+00 0.000000000000000000e+00 1.523154621172781731e+01 1.280624847486569706e+01 1.702938636592640265e+01 2.158703314492290204e+01 1.603121954188139853e+01 4.242640687119284770e+00 2.501999200639360765e+01 1.236931687685298087e+01 1.421267040355189515e+01 6.403124237432848531e+00 1.004987562112088995e+01
1.166190378969060149e+01 1.910497317454279909e+01 1.220655561573370207e+01 2.915475947422650194e+01 6.000000000000000000e+00 8.602325267042626677e+00 1.442220510185595650e+01 1.140175425099137918e+01 1.360147050873544394e+01 7.071067811865475505e+00 1.345362404707370985e+01 9.219544457292887074e+00 1.303840481040529831e+01 8.602325267042626677e+00 1.523154621172781731e+01 0.000000000000000000e+00 1.708800749063506075e+01 1.860107523773827509e+01 2.846049894151541437e+01 2.662705391138869615e+01 1.421267040355189515e+01 1.303840481040529831e+01 2.475883680627989492e+01 7.071067811865475505e+00 1.486606874731850603e+01 2.193171219946130890e+01
1.886796226411320632e+01 2.220360331117451835e+01 2.801785145224380003e+01 1.208304597359457233e+01 1.600000000000000000e+01 2.302172886644267535e+01 3.000000000000000000e+01 9.486832980505138124e+00 5.385164807134503739e+00 1.555634918610404505e+01 2.617250465660480074e+01 2.202271554554523902e+01 2.942787793912432193e+01 9.055385138137417300e+00 1.280624847486569706e+01 1.708800749063506075e+01 0.000000000000000000e+00 2.846049894151541437e+01 1.140175425099137918e+01 1.081665382639196871e+01 8.602325267042626677e+00 1.923538406167134340e+01 1.118033988749894903e+01 2.102379604162863913e+01 6.403124237432848531e+00 9.000000000000000000e+00
3.023243291566194912e+01 9.848857801796103928e+00 2.531797780234432693e+01 3.820994634908559817e+01 1.421267040355189515e+01 1.077032961426900748e+01 2.716615541441224835e+01 1.897366596101027625e+01 2.308679276123039159e+01 2.561249694973139412e+01 6.082762530298219339e+00 9.433981132056603158e+00 1.414213562373095101e+01 2.059126028197400160e+01 1.702938636592640265e+01 1.860107523773827509e+01 2.846049894151541437e+01 0.000000000000000000e+00 3.847076812334268681e+01 3.300000000000000000e+01 2.039607805437113797e+01 3.162277660168379256e+01 2.906888370749726747e+01 1.166190378969060149e+01 2.256102834535695578e+01 2.700000000000000000e+01
2.831960451701259274e+01 3.067572330035593353e+01 3.894868418830089496e+01 2.000000000000000000e+00 2.716615541441224835e+01 3.423448553724738019e+01 4.081666326391709987e+01 2.000000000000000000e+01 1.603121954188139853e+01 2.607680962081059661e+01 3.700000000000000000e+01 3.306055050963308162e+01 4.079215610874227593e+01 2.039607805437113797e+01 2.158703314492290204e+01 2.846049894151541437e+01 1.140175425099137918e+01 3.847076812334268681e+01 0.000000000000000000e+00 7.810249675906653977e+00 1.811077027627483460e+01 2.828427124746190202e+01 1.204159457879229578e+01 3.224903099319419653e+01 1.603121954188139853e+01 1.252996408614166768e+01
2.968164415931165934e+01 2.433105012119287736e+01 3.828837943815329226e+01 6.403124237432848531e+00 2.376972864800942631e+01 3.067572330035593353e+01 4.036087214122112954e+01 1.615549442140351033e+01 1.303840481040529831e+01 2.624880949681337583e+01 3.255764119219941222e+01 2.912043955712207222e+01 3.769615364994152884e+01 1.802775637731994607e+01 1.603121954188139853e+01 2.662705391138869615e+01 1.081665382639196871e+01 3.300000000000000000e+01 7.810249675906653977e+00 0.000000000000000000e+00 1.360147050873544394e+01 3.001666203960726875e+01 4.472135954999579610e+00 2.879236009777593708e+01 1.208304597359457233e+01 6.000000000000000000e+00
2.121320343559642652e+01 1.360147050873544394e+01 2.640075756488817049e+01 1.800000000000000000e+01 1.029563014098700080e+01 1.708800749063506075e+01 2.860069929215018192e+01 2.828427124746190291e+00 3.605551275463989125e+00 1.649242250247064234e+01 1.910497317454279909e+01 1.552417469626002422e+01 2.416609194718914466e+01 6.324555320336759046e+00 4.242640687119284770e+00 1.421267040355189515e+01 8.602325267042626677e+00 2.039607805437113797e+01 1.811077027627483460e+01 1.360147050873544394e+01 0.000000000000000000e+00 2.209072203437452231e+01 1.081665382639196871e+01 1.523154621172781731e+01 2.236067977499789805e+00 8.062257748298549132e+00
1.414213562373095145e+00 3.132091952673165025e+01 1.403566884761819900e+01 2.973213749463701205e+01 1.838477631085023489e+01 2.126029162546929996e+01 1.503329637837290811e+01 2.000000000000000000e+01 1.941648783894759944e+01 6.324555320336759046e+00 2.624880949681337583e+01 2.220360331117451835e+01 2.332380757938120297e+01 1.600000000000000000e+01 2.501999200639360765e+01 1.303840481040529831e+01 1.923538406167134340e+01 3.162277660168379256e+01 2.828427124746190202e+01 3.001666203960726875e+01 2.209072203437452231e+01 0.000000000000000000e+00 3.008321791298264714e+01 2.000000000000000000e+01 2.137755832643194864e+01 2.751363298439520833e+01
2.954657340538831534e+01 2.009975124224177989e+01 3.679673898594819548e+01 1.081665382639196871e+01 2.109502310972898798e+01 2.773084924772409465e+01 3.894868418830089496e+01 1.360147050873544394e+01 1.140175425099137918e+01 2.555386467836127551e+01 2.912043955712207222e+01 2.600000000000000000e+01 3.488552708502481892e+01 1.627882059609970611e+01 1.236931687685298087e+01 2.475883680627989492e+01 1.118033988749894903e+01 2.906888370749726747e+01 1.204159457879229578e+01 4.472135954999579610e+00 1.081665382639196871e+01 3.008321791298264714e+01 0.000000000000000000e+00 2.594224354214569317e+01 9.899494936611665352e+00 2.828427124746190291e+00
1.860107523773827509e+01 1.431782106327635340e+01 1.513274595042155646e+01 3.255764119219941222e+01 5.099019513592784492e+00 2.000000000000000000e+00 1.726267650163206824e+01 1.264911064067351809e+01 1.627882059609970611e+01 1.414213562373095101e+01 6.403124237432848531e+00 2.236067977499789805e+00 8.944271909999159220e+00 1.200000000000000000e+01 1.421267040355189515e+01 7.071067811865475505e+00 2.102379604162863913e+01 1.166190378969060149e+01 3.224903099319419653e+01 2.879236009777593708e+01 1.523154621172781731e+01 2.000000000000000000e+01 2.594224354214569317e+01 0.000000000000000000e+00 1.676305461424021104e+01 2.325940669922601600e+01
2.061552812808830382e+01 1.581138830084189628e+01 2.690724809414741969e+01 1.603121954188139853e+01 1.170469991071962568e+01 1.868154169226940553e+01 2.906888370749726747e+01 4.123105625617660586e+00 2.000000000000000000e+00 1.615549442140351033e+01 2.102379604162863913e+01 1.726267650163206824e+01 2.563201123595259290e+01 6.403124237432848531e+00 6.403124237432848531e+00 1.486606874731850603e+01 6.403124237432848531e+00 2.256102834535695578e+01 1.603121954188139853e+01 1.208304597359457233e+01 2.236067977499789805e+00 2.137755832643194864e+01 9.899494936611665352e+00 1.676305461424021104e+01 0.000000000000000000e+00 7.071067811865475505e+00
2.692582403567251959e+01 1.843908891458577415e+01 3.397057550292606010e+01 1.170469991071962568e+01 1.835755975068581947e+01 2.507987240796890660e+01 3.612478373637688378e+01 1.081665382639196871e+01 8.602325267042626677e+00 2.282542442102665348e+01 2.668332812825266842e+01 2.340939982143925135e+01 3.220248437620923454e+01 1.345362404707370985e+01 1.004987562112088995e+01 2.193171219946130890e+01 9.000000000000000000e+00 2.700000000000000000e+01 1.252996408614166768e+01 6.000000000000000000e+00 8.062257748298549132e+00 2.751363298439520833e+01 2.828427124746190291e+00 2.325940669922601600e+01 7.071067811865475505e+00 0.000000000000000000e+00
