0.000000000000000000e+00 2.236067977499789805e+00 1.992485884517127559e+01 1.702938636592640265e+01 1.004987562112088995e+01 2.640075756488817049e+01 1.414213562373095101e+01 2.624880949681337583e+01 1.529705854077835525e+01 7.000000000000000000e+00 1.969771560359220786e+01 7.280109889280518054e+00 2.024845673131658685e+01 2.701851217221259205e+01 2.765863337187866122e+01 2.408318915758459156e+01 1.486606874731850603e+01 6.000000000000000000e+00 2.459674775249768786e+01 3.201562118716424266e+01 2.262741699796952233e+01 1.104536101718726115e+01 1.063014581273464998e+01 2.121320343559642652e+01 1.140175425099137918e+01
2.236067977499789805e+00 0.000000000000000000e+00 2.158703314492290204e+01 1.824828759089465890e+01 1.216552506059643868e+01 2.842534080710379030e+01 1.500000000000000000e+01 2.831960451701259274e+01 1.676305461424021104e+01 6.324555320336759046e+00 2.118962010041709121e+01 6.000000000000000000e+00 2.220360331117451835e+01 2.900000000000000000e+01 2.983286778035259701e+01 2.617250465660480074e+01 1.708800749063506075e+01 8.062257748298549132e+00 2.641968962724581260e+01 3.420526275297414287e+01 2.475883680627989492e+01 1.236931687685298087e+01 1.272792206135785520e+01 2.256102834535695578e+01 1.360147050873544394e+01
1.992485884517127559e+01 2.158703314492290204e+01 0.000000000000000000e+00 2.920616373302046753e+01 1.140175425099137918e+01 2.716615541441224835e+01 2.900000000000000000e+01 2.607680962081059661e+01 2.640075756488817049e+01 1.902629759044044633e+01 2.236067977499789805e+00 2.102379604162863913e+01 2.435159132377184221e+01 9.433981132056603158e+00 2.408318915758459156e+01 9.433981132056603158e+00 1.208304597359457233e+01 1.431782106327635340e+01 2.912043955712207222e+01 2.668332812825266842e+01 2.220360331117451835e+01 2.475883680627989492e+01 1.843908891458577415e+01 3.138470965295043058e+01 1.640121946685672683e+01
1.702938636592640265e+01 1.824828759089465890e+01 2.920616373302046753e+01 0.000000000000000000e+00 1.835755975068581947e+01 1.552417469626002422e+01 4.242640687119284770e+00 1.627882059609970611e+01 2.828427124746190291e+00 2.402082429892862692e+01 3.023243291566194912e+01 2.418677324489564739e+01 1.000000000000000000e+01 3.162277660168379256e+01 2.002498439450078749e+01 2.745906043549196340e+01 1.769180601295413169e+01 1.772004514666934938e+01 1.118033988749894903e+01 2.418677324489564739e+01 1.503329637837290811e+01 6.000000000000000000e+00 1.081665382639196871e+01 4.472135954999579610e+00 1.280624847486569706e+01
1.004987562112088995e+01 1.216552506059643868e+01 1.140175425099137918e+01 1.835755975068581947e+01 0.000000000000000000e+00 2.088061301782110135e+01 1.769180601295413169e+01 2.024845673131658685e+01 1.565247584249852864e+01 1.280624847486569706e+01 1.204159457879229578e+01 1.442220510185595650e+01 1.603121954188139853e+01 1.711724276862369010e+01 2.024845673131658685e+01 1.403566884761819900e+01 5.656854249492380582e+00 4.123105625617660586e+00 2.102379604162863913e+01 2.420743687382040932e+01 1.615549442140351033e+01 1.345362404707370985e+01 7.615773105863908654e+00 2.118962010041709121e+01 6.082762530298219339e+00
2.640075756488817049e+01 2.842534080710379030e+01 2.716615541441224835e+01 1.552417469626002422e+01 2.088061301782110135e+01 0.000000000000000000e+00 1.931320791582796659e+01 1.414213562373095145e+00 1.431782106327635340e+01 3.224903099319419653e+01 2.906888370749726747e+01 3.328663395418647752e+01 6.403124237432848531e+00 2.459674775249768786e+01 5.830951894845300743e+00 2.061552812808830382e+01 1.612451549659709826e+01 2.325940669922601600e+01 5.099019513592784492e+00 9.055385138137417300e+00 5.000000000000000000e+00 1.802775637731994607e+01 1.581138830084189628e+01 1.300000000000000000e+01 1.565247584249852864e+01
1.414213562373095101e+01 1.500000000000000000e+01 2.900000000000000000e+01 4.242640687119284770e+00 1.769180601295413169e+01 1.931320791582796659e+01 0.000000000000000000e+00 1.992485884517127559e+01 5.099019513592784492e+00 2.109502310972898798e+01 2.973213749463701205e+01 2.100000000000000000e+01 1.334166406412633421e+01 3.264965543462901820e+01 2.334523505985750447e+01 2.863564212655270680e+01 1.835755975068581947e+01 1.612451549659709826e+01 1.526433752247374720e+01 2.765863337187866122e+01 1.811077027627483460e+01 4.242640687119284770e+00 1.081665382639196871e+01 8.602325267042626677e+00 1.303840481040529831e+01
2.624880949681337583e+01 2.831960451701259274e+01 2.607680962081059661e+01 1.627882059609970611e+01 2.024845673131658685e+01 1.414213562373095145e+00 1.992485884517127559e+01 0.000000000000000000e+00 1.486606874731850603e+01 3.190611226708763226e+01 2.801785145224380003e+01 3.301514803843835466e+01 6.708203932499369415e+00 2.325940669922601600e+01 4.472135954999579610e+00 1.931320791582796659e+01 1.529705854077835525e+01 2.282542442102665348e+01 6.324555320336759046e+00 8.000000000000000000e+00 4.123105625617660586e+00 1.835755975068581947e+01 1.562049935181330795e+01 1.403566884761819900e+01 1.526433752247374720e+01
1.529705854077835525e+01 1.676305461424021104e+01 2.640075756488817049e+01 2.828427124746190291e+00 1.565247584249852864e+01 1.431782106327635340e+01 5.099019513592784492e+00 1.486606874731850603e+01 0.000000000000000000e+00 2.220360331117451835e+01 2.745906043549196340e+01 2.256102834535695578e+01 8.246211251235321171e+00 2.884441020371191300e+01 1.824828759089465890e+01 2.469817807045693669e+01 1.486606874731850603e+01 1.529705854077835525e+01 1.063014581273464998e+01 2.256102834535695578e+01 1.303840481040529831e+01 4.472135954999579610e+00 8.062257748298549132e+00 6.000000000000000000e+00 1.000000000000000000e+01
7.000000000000000000e+00 6.324555320336759046e+00 1.902629759044044633e+01 2.402082429892862692e+01 1.280624847486569706e+01 3.224903099319419653e+01 2.109502310972898798e+01 3.190611226708763226e+01 2.220360331117451835e+01 0.000000000000000000e+00 1.802775637731994607e+01 2.000000000000000000e+00 2.640075756488817049e+01 2.765863337187866122e+01 3.264965543462901820e+01 2.563201123595259290e+01 1.843908891458577415e+01 9.219544457292887074e+00 3.101612483854164637e+01 3.679673898594819548e+01 2.801785145224380003e+01 1.802775637731994607e+01 1.655294535724684835e+01 2.816025568065744622e+01 1.664331697709323876e+01
1.969771560359220786e+01 2.118962010041709121e+01 2.236067977499789805e+00 3.023243291566194912e+01 1.204159457879229578e+01 2.906888370749726747e+01 2.973213749463701205e+01 2.801785145224380003e+01 2.745906043549196340e+01 1.802775637731994607e+01 0.000000000000000000e+00 2.002498439450078749e+01 2.596150997149434048e+01 1.140175425099137918e+01 2.617250465660480074e+01 1.166190378969060149e+01 1.360147050873544394e+01 1.442220510185595650e+01 3.080584360149872580e+01 2.886173937932362321e+01 2.408318915758459156e+01 2.549509756796392423e+01 1.941648783894759944e+01 3.264965543462901820e+01 1.749285568453590045e+01
7.280109889280518054e+00 6.000000000000000000e+00 2.102379604162863913e+01 2.418677324489564739e+01 1.442220510185595650e+01 3.328663395418647752e+01 2.100000000000000000e+01 3.301514803843835466e+01 2.256102834535695578e+01 2.000000000000000000e+00 2.002498439450078749e+01 0.000000000000000000e+00 2.729468812791236232e+01 2.961418578992169515e+01 3.397057550292606010e+01 2.751363298439520833e+01 2.000000000000000000e+01 1.063014581273464998e+01 3.178049716414140846e+01 3.818376618407356915e+01 2.920616373302046753e+01 1.824828759089465890e+01 1.749285568453590045e+01 2.844292530665578411e+01 1.780449381476485726e+01
2.024845673131658685e+01 2.220360331117451835e+01 2.435159132377184221e+01 1.000000000000000000e+01 1.603121954188139853e+01 6.403124237432848531e+00 1.334166406412633421e+01 6.708203932499369415e+00 8.246211251235321171e+00 2.640075756488817049e+01 2.596150997149434048e+01 2.729468812791236232e+01 0.000000000000000000e+00 2.408318915758459156e+01 1.004987562112088995e+01 1.984943324127920761e+01 1.236931687685298087e+01 1.772004514666934938e+01 5.000000000000000000e+00 1.431782106327635340e+01 5.099019513592784492e+00 1.166190378969060149e+01 9.848857801796103928e+00 8.944271909999159220e+00 1.019803902718556898e+01
2.701851217221259205e+01 2.900000000000000000e+01 9.433981132056603158e+00 3.162277660168379256e+01 1.711724276862369010e+01 2.459674775249768786e+01 3.264965543462901820e+01 2.325940669922601600e+01 2.884441020371191300e+01 2.765863337187866122e+01 1.140175425099137918e+01 2.961418578992169515e+01 2.408318915758459156e+01 0.000000000000000000e+00 1.992485884517127559e+01 4.242640687119284770e+00 1.431782106327635340e+01 2.102379604162863913e+01 2.801785145224380003e+01 2.109502310972898798e+01 2.024845673131658685e+01 2.863564212655270680e+01 2.193171219946130890e+01 3.255764119219941222e+01 1.969771560359220786e+01
2.765863337187866122e+01 2.983286778035259701e+01 2.408318915758459156e+01 2.002498439450078749e+01 2.024845673131658685e+01 5.830951894845300743e+00 2.334523505985750447e+01 4.472135954999579610e+00 1.824828759089465890e+01 3.264965543462901820e+01 2.617250465660480074e+01 3.397057550292606010e+01 1.004987562112088995e+01 1.992485884517127559e+01 0.000000000000000000e+00 1.627882059609970611e+01 1.476482306023340030e+01 2.343074902771996193e+01 1.077032961426900748e+01 4.472135954999579610e+00 5.385164807134503739e+00 2.118962010041709121e+01 1.720465053408525335e+01 1.824828759089465890e+01 1.627882059609970611e+01
2.408318915758459156e+01 2.617250465660480074e+01 9.433981132056603158e+00 2.745906043549196340e+01 1.403566884761819900e+01 2.061552812808830382e+01 2.863564212655270680e+01 1.931320791582796659e+01 2.469817807045693669e+01 2.563201123595259290e+01 1.166190378969060149e+01 2.751363298439520833e+01 1.984943324127920761e+01 4.242640687119284770e+00 1.627882059609970611e+01 0.000000000000000000e+00 1.044030650891055068e+01 1.811077027627483460e+01 2.385372088375312671e+01 1.802775637731994607e+01 1.612451549659709826e+01 2.469817807045693669e+01 1.802775637731994607e+01 2.831960451701259274e+01 1.581138830084189628e+01
1.486606874731850603e+01 1.708800749063506075e+01 1.208304597359457233e+01 1.769180601295413169e+01 5.656854249492380582e+00 1.612451549659709826e+01 1.835755975068581947e+01 1.529705854077835525e+01 1.486606874731850603e+01 1.843908891458577415e+01 1.360147050873544394e+01 2.000000000000000000e+01 1.236931687685298087e+01 1.431782106327635340e+01 1.476482306023340030e+01 1.044030650891055068e+01 0.000000000000000000e+00 9.433981132056603158e+00 1.726267650163206824e+01 1.860107523773827509e+01 1.118033988749894903e+01 1.431782106327635340e+01 7.615773105863908654e+00 1.941648783894759944e+01 5.385164807134503739e+00
6.000000000000000000e+00 8.062257748298549132e+00 1.431782106327635340e+01 1.772004514666934938e+01 4.123105625617660586e+00 2.325940669922601600e+01 1.612451549659709826e+01 2.282542442102665348e+01 1.529705854077835525e+01 9.219544457292887074e+00 1.442220510185595650e+01 1.063014581273464998e+01 1.772004514666934938e+01 2.102379604162863913e+01 2.343074902771996193e+01 1.811077027627483460e+01 9.433981132056603158e+00 0.000000000000000000e+00 2.256102834535695578e+01 2.758622844826744469e+01 1.886796226411320632e+01 1.208304597359457233e+01 8.062257748298549132e+00 2.121320343559642652e+01 7.615773105863908654e+00
2.459674775249768786e+01 2.641968962724581260e+01 2.912043955712207222e+01 1.118033988749894903e+01 2.102379604162863913e+01 5.099019513592784492e+00 1.526433752247374720e+01 6.324555320336759046e+00 1.063014581273464998e+01 3.101612483854164637e+01 3.080584360149872580e+01 3.178049716414140846e+01 5.000000000000000000e+00 2.801785145224380003e+01 1.077032961426900748e+01 2.385372088375312671e+01 1.726267650163206824e+01 2.256102834535695578e+01 0.000000000000000000e+00 1.414213562373095101e+01 7.810249675906653977e+00 1.486606874731850603e+01 1.456021977856103611e+01 8.062257748298549132e+00 1.513274595042155646e+01
3.201562118716424266e+01 3.420526275297414287e+01 2.668332812825266842e+01 2.418677324489564739e+01 2.420743687382040932e+01 9.055385138137417300e+00 2.765863337187866122e+01 8.000000000000000000e+00 2.256102834535695578e+01 3.679673898594819548e+01 2.886173937932362321e+01 3.818376618407356915e+01 1.431782106327635340e+01 2.109502310972898798e+01 4.472135954999579610e+00 1.802775637731994607e+01 1.860107523773827509e+01 2.758622844826744469e+01 1.414213562373095101e+01 0.000000000000000000e+00 9.848857801796103928e+00 2.563201123595259290e+01 2.163330765278393741e+01 2.202271554554523902e+01 2.061552812808830382e+01
2.262741699796952233e+01 2.475883680627989492e+01 2.220360331117451835e+01 1.503329637837290811e+01 1.615549442140351033e+01 5.000000000000000000e+00 1.811077027627483460e+01 4.123105625617660586e+00 1.303840481040529831e+01 2.801785145224380003e+01 2.408318915758459156e+01 2.920616373302046753e+01 5.099019513592784492e+00 2.024845673131658685e+01 5.385164807134503739e+00 1.612451549659709826e+01 1.118033988749894903e+01 1.886796226411320632e+01 7.810249675906653977e+00 9.848857801796103928e+00 0.000000000000000000e+00 1.581138830084189628e+01 1.204159457879229578e+01 1.392838827718411920e+01 1.140175425099137918e+01
1.104536101718726115e+01 1.236931687685298087e+01 2.475883680627989492e+01 6.000000000000000000e+00 1.345362404707370985e+01 1.802775637731994607e+01 4.242640687119284770e+00 1.835755975068581947e+01 4.472135954999579610e+00 1.802775637731994607e+01 2.549509756796392423e+01 1.824828759089465890e+01 1.166190378969060149e+01 2.863564212655270680e+01 2.118962010041709121e+01 2.469817807045693669e+01 1.431782106327635340e+01 1.208304597359457233e+01 1.486606874731850603e+01 2.563201123595259290e+01 1.581138830084189628e+01 0.000000000000000000e+00 6.708203932499369415e+00 1.019803902718556898e+01 8.944271909999159220e+00
1.063014581273464998e+01 1.272792206135785520e+01 1.843908891458577415e+01 1.081665382639196871e+01 7.615773105863908654e+00 1.581138830084189628e+01 1.081665382639196871e+01 1.562049935181330795e+01 8.062257748298549132e+00 1.655294535724684835e+01 1.941648783894759944e+01 1.749285568453590045e+01 9.848857801796103928e+00 2.193171219946130890e+01 1.720465053408525335e+01 1.802775637731994607e+01 7.615773105863908654e+00 8.062257748298549132e+00 1.456021977856103611e+01 2.163330765278393741e+01 1.204159457879229578e+01 6.708203932499369415e+00 0.000000000000000000e+00 1.360147050873544394e+01 2.236067977499789805e+00
2.121320343559642652e+01 2.256102834535695578e+01 3.138470965295043058e+01 4.472135954999579610e+00 2.118962010041709121e+01 1.300000000000000000e+01 8.602325267042626677e+00 1.403566884761819900e+01 6.000000000000000000e+00 2.816025568065744622e+01 3.264965543462901820e+01 2.844292530665578411e+01 8.944271909999159220e+00 3.255764119219941222e+01 1.824828759089465890e+01 2.831960451701259274e+01 1.941648783894759944e+01 2.121320343559642652e+01 8.062257748298549132e+00 2.202271554554523902e+01 1.392838827718411920e+01 1.019803902718556898e+01 1.360147050873544394e+01 0.000000000000000000e+00 1.523154621172781731e+01
1.140175425099137918e+01 1.360147050873544394e+01 1.640121946685672683e+01 1.280624847486569706e+01 6.082762530298219339e+00 1.565247584249852864e+01 1.303840481040529831e+01 1.526433752247374720e+01 1.000000000000000000e+01 1.664331697709323876e+01 1.749285568453590045e+01 1.780449381476485726e+01 1.019803902718556898e+01 1.969771560359220786e+01 1.627882059609970611e+01 1.581138830084189628e+01 5.385164807134503739e+00 7.615773105863908654e+00 1.513274595042155646e+01 2.061552812808830382e+01 1.140175425099137918e+01 8.944271909999159220e+00 2.236067977499789805e+00 1.523154621172781731e+01 0.000000000000000000e+00
