0.000000000000000000e+00 4.123105625617660586e+00 2.102379604162863913e+01 2.469817807045693669e+01 4.085339643163099055e+01 1.843908891458577415e+01 3.945883931389771959e+01 2.801785145224380003e+01 3.101612483854164637e+01 1.910497317454279909e+01 4.000000000000000000e+00 3.373425558686599857e+01 2.236067977499789805e+01 4.294182110716777601e+01 1.886796226411320632e+01 4.070626487409523975e+01 1.824828759089465890e+01 2.641968962724581260e+01 2.236067977499789805e+00 2.109502310972898798e+01 1.802775637731994607e+01 2.418677324489564739e+01 2.280350850198275836e+01 2.137755832643194864e+01 3.482814953453599571e+01 1.303840481040529831e+01 1.118033988749894903e+01 2.884441020371191300e+01
4.123105625617660586e+00 0.000000000000000000e+00 2.500000000000000000e+01 2.816025568065744622e+01 4.427188724235730888e+01 1.700000000000000000e+01 4.328972164382672361e+01 3.200000000000000000e+01 3.448187929913333249e+01 2.319482700948640286e+01 5.000000000000000000e+00 3.748332962798262713e+01 2.247220505424423109e+01 4.609772228646443892e+01 2.193171219946130890e+01 4.386342439892261780e+01 1.838477631085023489e+01 2.780287754891568852e+01 3.162277660168379523e+00 2.517935662402834396e+01 2.213594362117865444e+01 2.561249694973139412e+01 2.692582403567251959e+01 2.000000000000000000e+01 3.744329045369811126e+01 1.615549442140351033e+01 1.272792206135785520e+01 3.176476034853718033e+01
2.102379604162863913e+01 2.500000000000000000e+01 0.000000000000000000e+00 8.246211251235321171e+00 2.202271554554523902e+01 3.023243291566194912e+01 1.868154169226940553e+01 7.000000000000000000e+00 1.280624847486569706e+01 3.605551275463989125e+00 2.121320343559642652e+01 1.341640786499873883e+01 2.701851217221259205e+01 2.549509756796392423e+01 1.029563014098700080e+01 2.343074902771996193e+01 2.475883680627989492e+01 2.340939982143925135e+01 2.202271554554523902e+01 3.000000000000000000e+00 8.062257748298549132e+00 2.193171219946130890e+01 7.071067811865475505e+00 3.201562118716424266e+01 2.184032966784155505e+01 1.166190378969060149e+01 1.835755975068581947e+01 1.529705854077835525e+01
2.469817807045693669e+01 2.816025568065744622e+01 8.246211251235321171e+00 0.000000000000000000e+00 1.615549442140351033e+01 2.846049894151541437e+01 1.627882059609970611e+01 9.433981132056603158e+00 6.324555320336759046e+00 1.170469991071962568e+01 2.353720459187963954e+01 1.019803902718556898e+01 2.302172886644267535e+01 1.860107523773827509e+01 7.071067811865475505e+00 1.640121946685672683e+01 2.193171219946130890e+01 1.720465053408525335e+01 2.500000000000000000e+01 1.118033988749894903e+01 1.615549442140351033e+01 1.627882059609970611e+01 1.503329637837290811e+01 2.954657340538831534e+01 1.360147050873544394e+01 1.216552506059643868e+01 1.802775637731994607e+01 7.071067811865475505e+00
4.085339643163099055e+01 4.427188724235730888e+01 2.202271554554523902e+01 1.615549442140351033e+01 0.000000000000000000e+00 4.210700654285459876e+01 9.055385138137417300e+00 1.720465053408525335e+01 9.848857801796103928e+00 2.549509756796392423e+01 3.956008088970496317e+01 9.433981132056603158e+00 3.471310991541956525e+01 5.000000000000000000e+00 2.256102834535695578e+01 4.472135954999579610e+00 3.512833614050059339e+01 2.624880949681337583e+01 4.110960958218893069e+01 2.404163056034261459e+01 2.969848480983499428e+01 2.668332812825266842e+01 2.640075756488817049e+01 4.242640687119285303e+01 1.303840481040529831e+01 2.816025568065744622e+01 3.337663853655727308e+01 1.403566884761819900e+01
1.843908891458577415e+01 1.700000000000000000e+01 3.023243291566194912e+01 2.846049894151541437e+01 4.210700654285459876e+01 0.000000000000000000e+00 4.464302857109942835e+01 3.623534186398687496e+01 3.373425558686599857e+01 3.047950130825634218e+01 1.456021977856103611e+01 3.860051813123756403e+01 8.944271909999159220e+00 4.204759208325727826e+01 2.154065922853801496e+01 4.001249804748510996e+01 7.000000000000000000e+00 1.772004514666934938e+01 1.627882059609970611e+01 3.201562118716424266e+01 3.189043743820394994e+01 1.627882059609970611e+01 3.538361202590826338e+01 3.000000000000000000e+00 3.125699921617556853e+01 1.860107523773827509e+01 1.204159457879229578e+01 2.807133769523639799e+01
3.945883931389771959e+01 4.328972164382672361e+01 1.868154169226940553e+01 1.627882059609970611e+01 9.055385138137417300e+00 4.464302857109942835e+01 0.000000000000000000e+00 1.208304597359457233e+01 1.118033988749894903e+01 2.154065922853801496e+01 3.905124837953326988e+01 6.082762530298219339e+00 3.848376280978771291e+01 1.403566884761819900e+01 2.334523505985750447e+01 1.334166406412633421e+01 3.794733192202055250e+01 3.106444913401813324e+01 4.019950248448355978e+01 1.969771560359220786e+01 2.505992817228333536e+01 3.088689042296100240e+01 2.080865204668481283e+01 4.554119014694280310e+01 2.000000000000000000e+01 2.801785145224380003e+01 3.423448553724738019e+01 1.802775637731994607e+01
2.801785145224380003e+01 3.200000000000000000e+01 7.000000000000000000e+00 9.433981132056603158e+00 1.720465053408525335e+01 3.623534186398687496e+01 1.208304597359457233e+01 0.000000000000000000e+00 1.004987562112088995e+01 9.486832980505138124e+00 2.816025568065744622e+01 7.810249675906653977e+00 3.189043743820394994e+01 2.147091055358388800e+01 1.500000000000000000e+01 1.969771560359220786e+01 3.023243291566194912e+01 2.662705391138869615e+01 2.901723625709381693e+01 7.615773105863908654e+00 1.303840481040529831e+01 2.561249694973139412e+01 9.219544457292887074e+00 3.773592452822641263e+01 2.102379604162863913e+01 1.802775637731994607e+01 2.469817807045693669e+01 1.552417469626002422e+01
3.101612483854164637e+01 3.448187929913333249e+01 1.280624847486569706e+01 6.324555320336759046e+00 9.848857801796103928e+00 3.373425558686599857e+01 1.118033988749894903e+01 1.004987562112088995e+01 0.000000000000000000e+00 1.640121946685672683e+01 2.983286778035259701e+01 5.656854249492380582e+00 2.731300056749532601e+01 1.272792206135785520e+01 1.303840481040529831e+01 1.063014581273464998e+01 2.692582403567251959e+01 2.000000000000000000e+01 3.132091952673165025e+01 1.526433752247374720e+01 2.080865204668481283e+01 1.972308292331602075e+01 1.838477631085023489e+01 3.448187929913333249e+01 1.118033988749894903e+01 1.843908891458577415e+01 2.402082429892862692e+01 7.071067811865475505e+00
1.910497317454279909e+01 2.319482700948640286e+01 3.605551275463989125e+00 1.170469991071962568e+01 2.549509756796392423e+01 3.047950130825634218e+01 2.154065922853801496e+01 9.486832980505138124e+00 1.640121946685672683e+01 0.000000000000000000e+00 1.992485884517127559e+01 1.664331697709323876e+01 2.830194339616981125e+01 2.906888370749726747e+01 1.236931687685298087e+01 2.701851217221259205e+01 2.561249694973139412e+01 2.570992026436488231e+01 2.039607805437113797e+01 2.000000000000000000e+00 4.472135954999579610e+00 2.404163056034261459e+01 5.000000000000000000e+00 3.252691193458118590e+01 2.529822128134703618e+01 1.204159457879229578e+01 1.843908891458577415e+01 1.868154169226940553e+01
4.000000000000000000e+00 5.000000000000000000e+00 2.121320343559642652e+01 2.353720459187963954e+01 3.956008088970496317e+01 1.456021977856103611e+01 3.905124837953326988e+01 2.816025568065744622e+01 2.983286778035259701e+01 1.992485884517127559e+01 0.000000000000000000e+00 3.313608305156178346e+01 1.843908891458577415e+01 4.123105625617660763e+01 1.708800749063506075e+01 3.900000000000000000e+01 1.431782106327635340e+01 2.302172886644267535e+01 2.236067977499789805e+00 2.184032966784155505e+01 1.972308292331602075e+01 2.080865204668481283e+01 2.416609194718914466e+01 1.746424919657297892e+01 3.244996147917590434e+01 1.140175425099137918e+01 7.810249675906653977e+00 2.683281572999747766e+01
3.373425558686599857e+01 3.748332962798262713e+01 1.341640786499873883e+01 1.019803902718556898e+01 9.433981132056603158e+00 3.860051813123756403e+01 6.082762530298219339e+00 7.810249675906653977e+00 5.656854249492380582e+00 1.664331697709323876e+01 3.313608305156178346e+01 0.000000000000000000e+00 3.264965543462901820e+01 1.392838827718411920e+01 1.726267650163206824e+01 1.236931687685298087e+01 3.195309061734091571e+01 2.561249694973139412e+01 3.436568055487916240e+01 1.500000000000000000e+01 2.061552812808830382e+01 2.523885892824792521e+01 1.702938636592640265e+01 3.956008088970496317e+01 1.615549442140351033e+01 2.200000000000000000e+01 2.816025568065744622e+01 1.272792206135785520e+01
2.236067977499789805e+01 2.247220505424423109e+01 2.701851217221259205e+01 2.302172886644267535e+01 3.471310991541956525e+01 8.944271909999159220e+00 3.848376280978771291e+01 3.189043743820394994e+01 2.731300056749532601e+01 2.830194339616981125e+01 1.843908891458577415e+01 3.264965543462901820e+01 0.000000000000000000e+00 3.405877273185280529e+01 1.697056274847713908e+01 3.214031735997639316e+01 4.123105625617660586e+00 9.055385138137417300e+00 2.061552812808830382e+01 2.941088233970548416e+01 3.087069808086626210e+01 8.062257748298549132e+00 3.328663395418647752e+01 8.062257748298549132e+00 2.300000000000000000e+01 1.655294535724684835e+01 1.204159457879229578e+01 2.088061301782110135e+01
4.294182110716777601e+01 4.609772228646443892e+01 2.549509756796392423e+01 1.860107523773827509e+01 5.000000000000000000e+00 4.204759208325727826e+01 1.403566884761819900e+01 2.147091055358388800e+01 1.272792206135785520e+01 2.906888370749726747e+01 4.123105625617660763e+01 1.392838827718411920e+01 3.405877273185280529e+01 0.000000000000000000e+00 2.416609194718914466e+01 2.236067977499789805e+00 3.505709628591620941e+01 2.517935662402834396e+01 4.295346318982905842e+01 2.780287754891568852e+01 3.342154993413680586e+01 2.601922366251537611e+01 3.052867504494749440e+01 4.201190307520000999e+01 1.118033988749894903e+01 2.996664812754339380e+01 3.448187929913333249e+01 1.456021977856103611e+01
1.886796226411320632e+01 2.193171219946130890e+01 1.029563014098700080e+01 7.071067811865475505e+00 2.256102834535695578e+01 2.154065922853801496e+01 2.334523505985750447e+01 1.500000000000000000e+01 1.303840481040529831e+01 1.236931687685298087e+01 1.708800749063506075e+01 1.726267650163206824e+01 1.697056274847713908e+01 2.416609194718914466e+01 0.000000000000000000e+00 2.193171219946130890e+01 1.526433752247374720e+01 1.334166406412633421e+01 1.878829422805593552e+01 1.300000000000000000e+01 1.603121954188139853e+01 1.170469991071962568e+01 1.708800749063506075e+01 2.282542442102665348e+01 1.627882059609970611e+01 5.830951894845300743e+00 1.100000000000000000e+01 1.000000000000000000e+01
4.070626487409523975e+01 4.386342439892261780e+01 2.343074902771996193e+01 1.640121946685672683e+01 4.472135954999579610e+00 4.001249804748510996e+01 1.334166406412633421e+01 1.969771560359220786e+01 1.063014581273464998e+01 2.701851217221259205e+01 3.900000000000000000e+01 1.236931687685298087e+01 3.214031735997639316e+01 2.236067977499789805e+00 2.193171219946130890e+01 0.000000000000000000e+00 3.301514803843835466e+01 2.334523505985750447e+01 4.071854614300466579e+01 2.580697580112788003e+01 3.140063693621516450e+01 2.408318915758459156e+01 2.865309756378880479e+01 4.004996878900157498e+01 9.486832980505138124e+00 2.773084924772409465e+01 3.228002478313794654e+01 1.236931687685298087e+01
1.824828759089465890e+01 1.838477631085023489e+01 2.475883680627989492e+01 2.193171219946130890e+01 3.512833614050059339e+01 7.000000000000000000e+00 3.794733192202055250e+01 3.023243291566194912e+01 2.692582403567251959e+01 2.561249694973139412e+01 1.431782106327635340e+01 3.195309061734091571e+01 4.123105625617660586e+00 3.505709628591620941e+01 1.526433752247374720e+01 3.301514803843835466e+01 0.000000000000000000e+00 1.118033988749894903e+01 1.649242250247064234e+01 2.690724809414741969e+01 2.778488797889960793e+01 9.486832980505138124e+00 3.061045573002793319e+01 7.615773105863908654e+00 2.433105012119287736e+01 1.360147050873544394e+01 8.246211251235321171e+00 2.109502310972898798e+01
2.641968962724581260e+01 2.780287754891568852e+01 2.340939982143925135e+01 1.720465053408525335e+01 2.624880949681337583e+01 1.772004514666934938e+01 3.106444913401813324e+01 2.662705391138869615e+01 2.000000000000000000e+01 2.570992026436488231e+01 2.302172886644267535e+01 2.561249694973139412e+01 9.055385138137417300e+00 2.517935662402834396e+01 1.334166406412633421e+01 2.334523505985750447e+01 1.118033988749894903e+01 0.000000000000000000e+00 2.523885892824792521e+01 2.624880949681337583e+01 2.927456233660889495e+01 2.236067977499789805e+00 3.036445290137795183e+01 1.711724276862369010e+01 1.403566884761819900e+01 1.612451549659709826e+01 1.526433752247374720e+01 1.303840481040529831e+01
2.236067977499789805e+00 3.162277660168379523e+00 2.202271554554523902e+01 2.500000000000000000e+01 4.110960958218893069e+01 1.627882059609970611e+01 4.019950248448355978e+01 2.901723625709381693e+01 3.132091952673165025e+01 2.039607805437113797e+01 2.236067977499789805e+00 3.436568055487916240e+01 2.061552812808830382e+01 4.295346318982905842e+01 1.878829422805593552e+01 4.071854614300466579e+01 1.649242250247064234e+01 2.523885892824792521e+01 0.000000000000000000e+00 2.236067977499789805e+01 1.969771560359220786e+01 2.302172886644267535e+01 2.435159132377184221e+01 1.923538406167134340e+01 3.440930106817050671e+01 1.300000000000000000e+01 1.000000000000000000e+01 2.865309756378880479e+01
2.109502310972898798e+01 2.517935662402834396e+01 3.000000000000000000e+00 1.118033988749894903e+01 2.404163056034261459e+01 3.201562118716424266e+01 1.969771560359220786e+01 7.615773105863908654e+00 1.526433752247374720e+01 2.000000000000000000e+00 2.184032966784155505e+01 1.500000000000000000e+01 2.941088233970548416e+01 2.780287754891568852e+01 1.300000000000000000e+01 2.580697580112788003e+01 2.690724809414741969e+01 2.624880949681337583e+01 2.236067977499789805e+01 0.000000000000000000e+00 5.656854249492380582e+00 2.469817807045693669e+01 4.123105625617660586e+00 3.397057550292606010e+01 2.473863375370596174e+01 1.345362404707370985e+01 2.000000000000000000e+01 1.824828759089465890e+01
1.802775637731994607e+01 2.213594362117865444e+01 8.062257748298549132e+00 1.615549442140351033e+01 2.969848480983499428e+01 3.189043743820394994e+01 2.505992817228333536e+01 1.303840481040529831e+01 2.080865204668481283e+01 4.472135954999579610e+00 1.972308292331602075e+01 2.061552812808830382e+01 3.087069808086626210e+01 3.342154993413680586e+01 1.603121954188139853e+01 3.140063693621516450e+01 2.778488797889960793e+01 2.927456233660889495e+01 1.969771560359220786e+01 5.656854249492380582e+00 0.000000000000000000e+00 2.745906043549196340e+01 5.000000000000000000e+00 3.420526275297414287e+01 2.973213749463701205e+01 1.431782106327635340e+01 2.000000000000000000e+01 2.308679276123039159e+01
2.418677324489564739e+01 2.561249694973139412e+01 2.193171219946130890e+01 1.627882059609970611e+01 2.668332812825266842e+01 1.627882059609970611e+01 3.088689042296100240e+01 2.561249694973139412e+01 1.972308292331602075e+01 2.404163056034261459e+01 2.080865204668481283e+01 2.523885892824792521e+01 8.062257748298549132e+00 2.601922366251537611e+01 1.170469991071962568e+01 2.408318915758459156e+01 9.486832980505138124e+00 2.236067977499789805e+00 2.302172886644267535e+01 2.469817807045693669e+01 2.745906043549196340e+01 0.000000000000000000e+00 2.879236009777593708e+01 1.600000000000000000e+01 1.503329637837290811e+01 1.403566884761819900e+01 1.303840481040529831e+01 1.300000000000000000e+01
2.280350850198275836e+01 2.692582403567251959e+01 7.071067811865475505e+00 1.503329637837290811e+01 2.640075756488817049e+01 3.538361202590826338e+01 2.080865204668481283e+01 9.219544457292887074e+00 1.838477631085023489e+01 5.000000000000000000e+00 2.416609194718914466e+01 1.702938636592640265e+01 3.328663395418647752e+01 3.052867504494749440e+01 1.708800749063506075e+01 2.865309756378880479e+01 3.061045573002793319e+01 3.036445290137795183e+01 2.435159132377184221e+01 4.123105625617660586e+00 5.000000000000000000e+00 2.879236009777593708e+01 0.000000000000000000e+00 3.748332962798262713e+01 2.844292530665578411e+01 1.702938636592640265e+01 2.334523505985750447e+01 2.209072203437452231e+01
2.137755832643194864e+01 2.000000000000000000e+01 3.201562118716424266e+01 2.954657340538831534e+01 4.242640687119285303e+01 3.000000000000000000e+00 4.554119014694280310e+01 3.773592452822641263e+01 3.448187929913333249e+01 3.252691193458118590e+01 1.746424919657297892e+01 3.956008088970496317e+01 8.062257748298549132e+00 4.201190307520000999e+01 2.282542442102665348e+01 4.004996878900157498e+01 7.615773105863908654e+00 1.711724276862369010e+01 1.923538406167134340e+01 3.397057550292606010e+01 3.420526275297414287e+01 1.600000000000000000e+01 3.748332962798262713e+01 0.000000000000000000e+00 3.101612483854164637e+01 2.051828452868319275e+01 1.421267040355189515e+01 2.844292530665578411e+01
3.482814953453599571e+01 3.744329045369811126e+01 2.184032966784155505e+01 1.360147050873544394e+01 1.303840481040529831e+01 3.125699921617556853e+01 2.000000000000000000e+01 2.102379604162863913e+01 1.118033988749894903e+01 2.529822128134703618e+01 3.244996147917590434e+01 1.615549442140351033e+01 2.300000000000000000e+01 1.118033988749894903e+01 1.627882059609970611e+01 9.486832980505138124e+00 2.433105012119287736e+01 1.403566884761819900e+01 3.440930106817050671e+01 2.473863375370596174e+01 2.973213749463701205e+01 1.503329637837290811e+01 2.844292530665578411e+01 3.101612483854164637e+01 0.000000000000000000e+00 2.193171219946130890e+01 2.505992817228333536e+01 6.708203932499369415e+00
1.303840481040529831e+01 1.615549442140351033e+01 1.166190378969060149e+01 1.216552506059643868e+01 2.816025568065744622e+01 1.860107523773827509e+01 2.801785145224380003e+01 1.802775637731994607e+01 1.843908891458577415e+01 1.204159457879229578e+01 1.140175425099137918e+01 2.200000000000000000e+01 1.655294535724684835e+01 2.996664812754339380e+01 5.830951894845300743e+00 2.773084924772409465e+01 1.360147050873544394e+01 1.612451549659709826e+01 1.300000000000000000e+01 1.345362404707370985e+01 1.431782106327635340e+01 1.403566884761819900e+01 1.702938636592640265e+01 2.051828452868319275e+01 2.193171219946130890e+01 0.000000000000000000e+00 6.708203932499369415e+00 1.581138830084189628e+01
1.118033988749894903e+01 1.272792206135785520e+01 1.835755975068581947e+01 1.802775637731994607e+01 3.337663853655727308e+01 1.204159457879229578e+01 3.423448553724738019e+01 2.469817807045693669e+01 2.402082429892862692e+01 1.843908891458577415e+01 7.810249675906653977e+00 2.816025568065744622e+01 1.204159457879229578e+01 3.448187929913333249e+01 1.100000000000000000e+01 3.228002478313794654e+01 8.246211251235321171e+00 1.526433752247374720e+01 1.000000000000000000e+01 2.000000000000000000e+01 2.000000000000000000e+01 1.303840481040529831e+01 2.334523505985750447e+01 1.421267040355189515e+01 2.505992817228333536e+01 6.708203932499369415e+00 0.000000000000000000e+00 1.992485884517127559e+01
2.884441020371191300e+01 3.176476034853718033e+01 1.529705854077835525e+01 7.071067811865475505e+00 1.403566884761819900e+01 2.807133769523639799e+01 1.802775637731994607e+01 1.552417469626002422e+01 7.071067811865475505e+00 1.868154169226940553e+01 2.683281572999747766e+01 1.272792206135785520e+01 2.088061301782110135e+01 1.456021977856103611e+01 1.000000000000000000e+01 1.236931687685298087e+01 2.109502310972898798e+01 1.303840481040529831e+01 2.865309756378880479e+01 1.824828759089465890e+01 2.308679276123039159e+01 1.300000000000000000e+01 2.209072203437452231e+01 2.844292530665578411e+01 6.708203932499369415e+00 1.581138830084189628e+01 1.992485884517127559e+01 0.000000000000000000e+00
