0.000000000000000000e+00 5.000000000000000000e+00 8.544003745317530374e+00 1.300000000000000000e+01 1.627882059609970611e+01 4.177319714841084419e+01 1.272792206135785520e+01 6.082762530298219339e+00 2.284731931759172596e+01 1.843908891458577415e+01 5.000000000000000000e+00 1.923538406167134340e+01 2.973213749463701205e+01 1.720465053408525335e+01 1.603121954188139853e+01 2.009975124224177989e+01 3.498571136907180090e+01 2.668332812825266842e+01 3.863935817272331263e+01 2.941088233970548416e+01 3.883297567789519888e+01 3.214031735997639316e+01
5.000000000000000000e+00 0.000000000000000000e+00 8.246211251235321171e+00 8.602325267042626677e+00 1.612451549659709826e+01 3.820994634908559817e+01 9.848857801796103928e+00 7.211102550927978250e+00 1.835755975068581947e+01 1.500000000000000000e+01 7.071067811865475505e+00 1.431782106327635340e+01 2.507987240796890660e+01 1.345362404707370985e+01 1.104536101718726115e+01 1.513274595042155646e+01 3.080584360149872580e+01 2.184032966784155505e+01 3.373425558686599857e+01 2.683281572999747766e+01 3.482814953453599571e+01 2.716615541441224835e+01
8.544003745317530374e+00 8.246211251235321171e+00 0.000000000000000000e+00 9.486832980505138124e+00 8.000000000000000000e+00 3.440930106817050671e+01 6.082762530298219339e+00 2.828427124746190291e+00 1.802775637731994607e+01 1.170469991071962568e+01 1.334166406412633421e+01 1.676305461424021104e+01 2.507987240796890660e+01 1.118033988749894903e+01 1.581138830084189628e+01 1.802775637731994607e+01 2.879236009777593708e+01 2.308679276123039159e+01 3.807886552931954327e+01 2.126029162546929996e+01 3.220248437620923454e+01 3.101612483854164637e+01
1.300000000000000000e+01 8.602325267042626677e+00 9.486832980505138124e+00 0.000000000000000000e+00 1.421267040355189515e+01 2.983286778035259701e+01 5.000000000000000000e+00 1.104536101718726115e+01 9.848857801796103928e+00 7.280109889280518054e+00 1.562049935181330795e+01 7.280109889280518054e+00 1.676305461424021104e+01 5.385164807134503739e+00 7.211102550927978250e+00 8.544003745317530374e+00 2.220360331117451835e+01 1.403566884761819900e+01 2.863564212655270680e+01 1.964688270438849926e+01 2.624880949681337583e+01 2.154065922853801496e+01
1.627882059609970611e+01 1.612451549659709826e+01 8.000000000000000000e+00 1.421267040355189515e+01 0.000000000000000000e+00 3.046309242345563462e+01 9.219544457292887074e+00 1.019803902718556898e+01 1.931320791582796659e+01 1.170469991071962568e+01 2.121320343559642652e+01 2.061552812808830382e+01 2.570992026436488231e+01 1.252996408614166768e+01 2.140093455903269515e+01 2.202271554554523902e+01 2.707397274136176790e+01 2.507987240796890660e+01 4.188078318274384770e+01 1.612451549659709826e+01 2.961418578992169515e+01 3.466987164671942878e+01
4.177319714841084419e+01 3.820994634908559817e+01 3.440930106817050671e+01 2.983286778035259701e+01 3.046309242345563462e+01 0.000000000000000000e+00 2.906888370749726747e+01 3.720215047547655018e+01 2.147091055358388800e+01 2.334523505985750447e+01 4.527692569068708650e+01 2.773084924772409465e+01 1.824828759089465890e+01 2.475883680627989492e+01 3.264965543462901820e+01 2.823118842698620767e+01 1.004987562112088995e+01 2.256102834535695578e+01 3.569313659514949677e+01 1.456021977856103611e+01 6.082762530298219339e+00 3.101612483854164637e+01
1.272792206135785520e+01 9.848857801796103928e+00 6.082762530298219339e+00 5.000000000000000000e+00 9.219544457292887074e+00 2.906888370749726747e+01 0.000000000000000000e+00 8.544003745317530374e+00 1.200000000000000000e+01 5.830951894845300743e+00 1.664331697709323876e+01 1.166190378969060149e+01 1.902629759044044633e+01 5.099019513592784492e+00 1.220655561573370207e+01 1.303840481040529831e+01 2.284731931759172596e+01 1.726267650163206824e+01 3.312099032335839155e+01 1.700000000000000000e+01 2.641968962724581260e+01 2.594224354214569317e+01
6.082762530298219339e+00 7.211102550927978250e+00 2.828427124746190291e+00 1.104536101718726115e+01 1.019803902718556898e+01 3.720215047547655018e+01 8.544003745317530374e+00 0.000000000000000000e+00 2.022374841615668473e+01 1.431782106327635340e+01 1.104536101718726115e+01 1.824828759089465890e+01 2.729468812791236232e+01 1.360147050873544394e+01 1.655294535724684835e+01 1.941648783894759944e+01 3.138470965295043058e+01 2.500000000000000000e+01 3.921734310225515685e+01 2.408318915758459156e+01 3.488552708502481892e+01 3.228002478313794654e+01
2.284731931759172596e+01 1.835755975068581947e+01 1.802775637731994607e+01 9.848857801796103928e+00 1.931320791582796659e+01 2.147091055358388800e+01 1.200000000000000000e+01 2.022374841615668473e+01 0.000000000000000000e+00 7.615773105863908654e+00 2.523885892824792521e+01 6.324555320336759046e+00 7.071067811865475505e+00 7.071067811865475505e+00 1.118033988749894903e+01 7.071067811865475505e+00 1.272792206135785520e+01 5.830951894845300743e+00 2.334523505985750447e+01 1.552417469626002422e+01 1.702938636592640265e+01 1.627882059609970611e+01
1.843908891458577415e+01 1.500000000000000000e+01 1.170469991071962568e+01 7.280109889280518054e+00 1.170469991071962568e+01 2.334523505985750447e+01 5.830951894845300743e+00 1.431782106327635340e+01 7.615773105863908654e+00 0.000000000000000000e+00 2.202271554554523902e+01 1.029563014098700080e+01 1.414213562373095101e+01 2.000000000000000000e+00 1.315294643796590535e+01 1.166190378969060149e+01 1.708800749063506075e+01 1.341640786499873883e+01 3.061045573002793319e+01 1.236931687685298087e+01 2.059126028197400160e+01 2.343074902771996193e+01
5.000000000000000000e+00 7.071067811865475505e+00 1.334166406412633421e+01 1.562049935181330795e+01 2.121320343559642652e+01 4.527692569068708650e+01 1.664331697709323876e+01 1.104536101718726115e+01 2.523885892824792521e+01 2.202271554554523902e+01 0.000000000000000000e+00 2.061552812808830382e+01 3.176476034853718033e+01 2.051828452868319275e+01 1.649242250247064234e+01 2.118962010041709121e+01 3.780211634287159939e+01 2.823118842698620767e+01 3.805259518088089266e+01 3.361547262794321966e+01 4.186884283091664116e+01 3.206243908376279705e+01
1.923538406167134340e+01 1.431782106327635340e+01 1.676305461424021104e+01 7.280109889280518054e+00 2.061552812808830382e+01 2.773084924772409465e+01 1.166190378969060149e+01 1.824828759089465890e+01 6.324555320336759046e+00 1.029563014098700080e+01 2.061552812808830382e+01 0.000000000000000000e+00 1.140175425099137918e+01 8.602325267042626677e+00 5.000000000000000000e+00 1.414213562373095145e+00 1.860107523773827509e+01 7.615773105863908654e+00 2.147091055358388800e+01 2.109502310972898798e+01 2.302172886644267535e+01 1.431782106327635340e+01
2.973213749463701205e+01 2.507987240796890660e+01 2.507987240796890660e+01 1.676305461424021104e+01 2.570992026436488231e+01 1.824828759089465890e+01 1.902629759044044633e+01 2.729468812791236232e+01 7.071067811865475505e+00 1.414213562373095101e+01 3.176476034853718033e+01 1.140175425099137918e+01 0.000000000000000000e+00 1.400000000000000000e+01 1.627882059609970611e+01 1.131370849898476116e+01 8.246211251235321171e+00 4.472135954999579610e+00 1.972308292331602075e+01 1.780449381476485726e+01 1.264911064067351809e+01 1.360147050873544394e+01
1.720465053408525335e+01 1.345362404707370985e+01 1.118033988749894903e+01 5.385164807134503739e+00 1.252996408614166768e+01 2.475883680627989492e+01 5.099019513592784492e+00 1.360147050873544394e+01 7.071067811865475505e+00 2.000000000000000000e+00 2.051828452868319275e+01 8.602325267042626677e+00 1.400000000000000000e+01 0.000000000000000000e+00 1.118033988749894903e+01 1.000000000000000000e+01 1.788854381999831844e+01 1.264911064067351809e+01 2.941088233970548416e+01 1.431782106327635340e+01 2.163330765278393741e+01 2.220360331117451835e+01
1.603121954188139853e+01 1.104536101718726115e+01 1.581138830084189628e+01 7.211102550927978250e+00 2.140093455903269515e+01 3.264965543462901820e+01 1.220655561573370207e+01 1.655294535724684835e+01 1.118033988749894903e+01 1.315294643796590535e+01 1.649242250247064234e+01 5.000000000000000000e+00 1.627882059609970611e+01 1.118033988749894903e+01 0.000000000000000000e+00 5.000000000000000000e+00 2.360084744241189370e+01 1.220655561573370207e+01 2.280350850198275836e+01 2.501999200639360765e+01 2.801785145224380003e+01 1.612451549659709826e+01
2.009975124224177989e+01 1.513274595042155646e+01 1.802775637731994607e+01 8.544003745317530374e+00 2.202271554554523902e+01 2.823118842698620767e+01 1.303840481040529831e+01 1.941648783894759944e+01 7.071067811865475505e+00 1.166190378969060149e+01 2.118962010041709121e+01 1.414213562373095145e+00 1.131370849898476116e+01 1.000000000000000000e+01 5.000000000000000000e+00 0.000000000000000000e+00 1.886796226411320632e+01 7.211102550927978250e+00 2.012461179749810825e+01 2.220360331117451835e+01 2.332380757938120297e+01 1.300000000000000000e+01
3.498571136907180090e+01 3.080584360149872580e+01 2.879236009777593708e+01 2.220360331117451835e+01 2.707397274136176790e+01 1.004987562112088995e+01 2.284731931759172596e+01 3.138470965295043058e+01 1.272792206135785520e+01 1.708800749063506075e+01 3.780211634287159939e+01 1.860107523773827509e+01 8.246211251235321171e+00 1.788854381999831844e+01 2.360084744241189370e+01 1.886796226411320632e+01 0.000000000000000000e+00 1.264911064067351809e+01 2.624880949681337583e+01 1.431782106327635340e+01 4.472135954999579610e+00 2.109502310972898798e+01
2.668332812825266842e+01 2.184032966784155505e+01 2.308679276123039159e+01 1.403566884761819900e+01 2.507987240796890660e+01 2.256102834535695578e+01 1.726267650163206824e+01 2.500000000000000000e+01 5.830951894845300743e+00 1.341640786499873883e+01 2.823118842698620767e+01 7.615773105863908654e+00 4.472135954999579610e+00 1.264911064067351809e+01 1.220655561573370207e+01 7.211102550927978250e+00 1.264911064067351809e+01 0.000000000000000000e+00 1.769180601295413169e+01 2.012461179749810825e+01 1.708800749063506075e+01 1.081665382639196871e+01
3.863935817272331263e+01 3.373425558686599857e+01 3.807886552931954327e+01 2.863564212655270680e+01 4.188078318274384770e+01 3.569313659514949677e+01 3.312099032335839155e+01 3.921734310225515685e+01 2.334523505985750447e+01 3.061045573002793319e+01 3.805259518088089266e+01 2.147091055358388800e+01 1.972308292331602075e+01 2.941088233970548416e+01 2.280350850198275836e+01 2.012461179749810825e+01 2.624880949681337583e+01 1.769180601295413169e+01 0.000000000000000000e+00 3.744329045369811126e+01 2.961418578992169515e+01 7.211102550927978250e+00
2.941088233970548416e+01 2.683281572999747766e+01 2.126029162546929996e+01 1.964688270438849926e+01 1.612451549659709826e+01 1.456021977856103611e+01 1.700000000000000000e+01 2.408318915758459156e+01 1.552417469626002422e+01 1.236931687685298087e+01 3.361547262794321966e+01 2.109502310972898798e+01 1.780449381476485726e+01 1.431782106327635340e+01 2.501999200639360765e+01 2.220360331117451835e+01 1.431782106327635340e+01 2.012461179749810825e+01 3.744329045369811126e+01 0.000000000000000000e+00 1.513274595042155646e+01 3.088689042296100240e+01
3.883297567789519888e+01 3.482814953453599571e+01 3.220248437620923454e+01 2.624880949681337583e+01 2.961418578992169515e+01 6.082762530298219339e+00 2.641968962724581260e+01 3.488552708502481892e+01 1.702938636592640265e+01 2.059126028197400160e+01 4.186884283091664116e+01 2.302172886644267535e+01 1.264911064067351809e+01 2.163330765278393741e+01 2.801785145224380003e+01 2.332380757938120297e+01 4.472135954999579610e+00 1.708800749063506075e+01 2.961418578992169515e+01 1.513274595042155646e+01 0.000000000000000000e+00 2.500000000000000000e+01
3.214031735997639316e+01 2.716615541441224835e+01 3.101612483854164637e+01 2.154065922853801496e+01 3.466987164671942878e+01 3.101612483854164637e+01 2.594224354214569317e+01 3.228002478313794654e+01 1.627882059609970611e+01 2.343074902771996193e+01 3.206243908376279705e+01 1.431782106327635340e+01 1.360147050873544394e+01 2.220360331117451835e+01 1.612451549659709826e+01 1.300000000000000000e+01 2.109502310972898798e+01 1.081665382639196871e+01 7.211102550927978250e+00 3.088689042296100240e+01 2.500000000000000000e+01 0.000000000000000000e+00
