0.000000000000000000e+00 2.657066051117284644e+01 2.280350850198275836e+01 1.526433752247374720e+01 3.501428280002319582e+01 4.130375285612676350e+01 4.788527957525151635e+01 3.605551275463989214e+01 2.860069929215018192e+01 2.302172886644267535e+01 4.614108798023730884e+01 2.370653918225939449e+01 1.044030650891055068e+01 4.341658669218482203e+01 1.204159457879229578e+01 8.062257748298549132e+00 4.716990566028302112e+01 2.009975124224177989e+01 2.828427124746190202e+01 2.137755832643194864e+01 1.910497317454279909e+01 2.022374841615668473e+01 3.036445290137795183e+01 2.202271554554523902e+01 3.623534186398687496e+01 1.697056274847713908e+01 3.981205847478876336e+01 4.060788100849390503e+01
2.657066051117284644e+01 0.000000000000000000e+00 2.404163056034261459e+01 2.780287754891568852e+01 1.414213562373095101e+01 1.649242250247064234e+01 3.623534186398687496e+01 2.284731931759172596e+01 2.607680962081059661e+01 8.246211251235321171e+00 3.534119409414458346e+01 2.039607805437113797e+01 1.920937271229854559e+01 3.269556544854363267e+01 2.475883680627989492e+01 2.640075756488817049e+01 3.716180835212409050e+01 3.962322551231790158e+01 1.334166406412633421e+01 6.403124237432848531e+00 9.219544457292887074e+00 7.810249675906653977e+00 1.843908891458577415e+01 4.045985664828781836e+01 2.692582403567251959e+01 1.334166406412633421e+01 1.403566884761819900e+01 3.471310991541956525e+01
2.280350850198275836e+01 2.404163056034261459e+01 0.000000000000000000e+00 1.004987562112088995e+01 2.140093455903269515e+01 2.983286778035259701e+01 2.563201123595259290e+01 1.612451549659709826e+01 5.830951894845300743e+00 1.581138830084189628e+01 2.376972864800942631e+01 4.242640687119284770e+00 1.360147050873544394e+01 2.118962010041709121e+01 1.118033988749894903e+01 1.565247584249852864e+01 2.459674775249768786e+01 2.088061301782110135e+01 1.414213562373095101e+01 1.824828759089465890e+01 1.603121954188139853e+01 1.711724276862369010e+01 1.208304597359457233e+01 2.061552812808830382e+01 1.431782106327635340e+01 2.668332812825266842e+01 3.041381265149109936e+01 1.780449381476485726e+01
1.526433752247374720e+01 2.780287754891568852e+01 1.004987562112088995e+01 0.000000000000000000e+00 2.954657340538831534e+01 3.758989225842500304e+01 3.544009029333869876e+01 2.601922366251537611e+01 1.552417469626002422e+01 2.051828452868319275e+01 3.352610922848042208e+01 1.315294643796590535e+01 1.019803902718556898e+01 3.104834939252004844e+01 4.000000000000000000e+00 7.211102550927978250e+00 3.417601498127012150e+01 1.220655561573370207e+01 2.193171219946130890e+01 2.140093455903269515e+01 1.860107523773827509e+01 2.000000000000000000e+01 2.137755832643194864e+01 1.272792206135785520e+01 2.433105012119287736e+01 2.531797780234432693e+01 3.744329045369811126e+01 2.683281572999747766e+01
3.501428280002319582e+01 1.414213562373095101e+01 2.140093455903269515e+01 2.954657340538831534e+01 0.000000000000000000e+00 8.485281374238569541e+00 2.308679276123039159e+01 1.104536101718726115e+01 2.000000000000000000e+01 1.216552506059643868e+01 2.256102834535695578e+01 1.720465053408525335e+01 2.507987240796890660e+01 2.022374841615668473e+01 2.816025568065744622e+01 3.157530680769388809e+01 2.451530134426252516e+01 4.159326868617084472e+01 7.615773105863908654e+00 1.486606874731850603e+01 1.627882059609970611e+01 1.552417469626002422e+01 1.000000000000000000e+01 4.167733196834941367e+01 1.627882059609970611e+01 2.641968962724581260e+01 9.848857801796103928e+00 2.418677324489564739e+01
4.130375285612676350e+01 1.649242250247064234e+01 2.983286778035259701e+01 3.758989225842500304e+01 8.485281374238569541e+00 0.000000000000000000e+00 2.801785145224380003e+01 1.838477631085023489e+01 2.842534080710379030e+01 1.843908891458577415e+01 2.801785145224380003e+01 2.561249694973139412e+01 3.201562118716424266e+01 2.617250465660480074e+01 3.584689665786984136e+01 3.889730067755344578e+01 3.001666203960726875e+01 4.973932046178354938e+01 1.581138830084189628e+01 2.002498439450078749e+01 2.220360331117451835e+01 2.109502310972898798e+01 1.843908891458577415e+01 4.992995093127971273e+01 2.376972864800942631e+01 2.983286778035259701e+01 3.605551275463989125e+00 3.132091952673165025e+01
4.788527957525151635e+01 3.623534186398687496e+01 2.563201123595259290e+01 3.544009029333869876e+01 2.308679276123039159e+01 2.801785145224380003e+01 0.000000000000000000e+00 1.360147050873544394e+01 1.992485884517127559e+01 3.061045573002793319e+01 2.000000000000000000e+00 2.418677324489564739e+01 3.773592452822641263e+01 4.472135954999579610e+00 3.676955262170046979e+01 4.123105625617660763e+01 2.828427124746190291e+00 4.410215414239988974e+01 2.360084744241189370e+01 3.420526275297414287e+01 3.397057550292606010e+01 3.405877273185280529e+01 1.910497317454279909e+01 4.301162633521313694e+01 1.166190378969060149e+01 4.609772228646443892e+01 3.114482300479487265e+01 1.019803902718556898e+01
3.605551275463989214e+01 2.284731931759172596e+01 1.612451549659709826e+01 2.601922366251537611e+01 1.104536101718726115e+01 1.838477631085023489e+01 1.360147050873544394e+01 0.000000000000000000e+00 1.208304597359457233e+01 1.702938636592640265e+01 1.252996408614166768e+01 1.303840481040529831e+01 2.563201123595259290e+01 9.848857801796103928e+00 2.617250465660480074e+01 3.041381265149109936e+01 1.431782106327635340e+01 3.687817782917154830e+01 1.000000000000000000e+01 2.061552812808830382e+01 2.051828452868319275e+01 2.051828452868319275e+01 5.830951894845300743e+00 3.640054944640259293e+01 5.385164807134503739e+00 3.255764119219941222e+01 2.061552812808830382e+01 1.315294643796590535e+01
2.860069929215018192e+01 2.607680962081059661e+01 5.830951894845300743e+00 1.552417469626002422e+01 2.000000000000000000e+01 2.842534080710379030e+01 1.992485884517127559e+01 1.208304597359457233e+01 0.000000000000000000e+00 1.800000000000000000e+01 1.802775637731994607e+01 6.324555320336759046e+00 1.910497317454279909e+01 1.552417469626002422e+01 1.700000000000000000e+01 2.147091055358388800e+01 1.878829422805593552e+01 2.517935662402834396e+01 1.392838827718411920e+01 2.109502310972898798e+01 1.941648783894759944e+01 2.022374841615668473e+01 1.000000000000000000e+01 2.451530134426252516e+01 9.000000000000000000e+00 3.101612483854164637e+01 2.968164415931165934e+01 1.204159457879229578e+01
2.302172886644267535e+01 8.246211251235321171e+00 1.581138830084189628e+01 2.051828452868319275e+01 1.216552506059643868e+01 1.843908891458577415e+01 3.061045573002793319e+01 1.702938636592640265e+01 1.800000000000000000e+01 0.000000000000000000e+00 2.941088233970548416e+01 1.216552506059643868e+01 1.360147050873544394e+01 2.662705391138869615e+01 1.802775637731994607e+01 2.061552812808830382e+01 3.106444913401813324e+01 3.264965543462901820e+01 7.071067811865475505e+00 3.605551275463989125e+00 4.123105625617660586e+00 3.605551275463989125e+00 1.166190378969060149e+01 3.324154027718932269e+01 2.012461179749810825e+01 1.555634918610404505e+01 1.746424919657297892e+01 2.751363298439520833e+01
4.614108798023730884e+01 3.534119409414458346e+01 2.376972864800942631e+01 3.352610922848042208e+01 2.256102834535695578e+01 2.801785145224380003e+01 2.000000000000000000e+00 1.252996408614166768e+01 1.802775637731994607e+01 2.941088233970548416e+01 0.000000000000000000e+00 2.247220505424423109e+01 3.605551275463989214e+01 2.828427124746190291e+00 3.492849839314595783e+01 3.939543120718441571e+01 2.000000000000000000e+00 4.210700654285459876e+01 2.247220505424423109e+01 3.301514803843835466e+01 3.264965543462901820e+01 3.280243893371345365e+01 1.780449381476485726e+01 4.101219330881975367e+01 1.000000000000000000e+01 4.482186966202993972e+01 3.101612483854164637e+01 8.246211251235321171e+00
2.370653918225939449e+01 2.039607805437113797e+01 4.242640687119284770e+00 1.315294643796590535e+01 1.720465053408525335e+01 2.561249694973139412e+01 2.418677324489564739e+01 1.303840481040529831e+01 6.324555320336759046e+00 1.216552506059643868e+01 2.247220505424423109e+01 0.000000000000000000e+00 1.360147050873544394e+01 1.972308292331602075e+01 1.315294643796590535e+01 1.746424919657297892e+01 2.360084744241189370e+01 2.469817807045693669e+01 9.899494936611665352e+00 1.500000000000000000e+01 1.315294643796590535e+01 1.403566884761819900e+01 8.246211251235321171e+00 2.459674775249768786e+01 1.252996408614166768e+01 2.469817807045693669e+01 2.617250465660480074e+01 1.780449381476485726e+01
1.044030650891055068e+01 1.920937271229854559e+01 1.360147050873544394e+01 1.019803902718556898e+01 2.507987240796890660e+01 3.201562118716424266e+01 3.773592452822641263e+01 2.563201123595259290e+01 1.910497317454279909e+01 1.360147050873544394e+01 3.605551275463989214e+01 1.360147050873544394e+01 0.000000000000000000e+00 3.328663395418647752e+01 6.324555320336759046e+00 7.211102550927978250e+00 3.720215047547655018e+01 2.080865204668481283e+01 1.802775637731994607e+01 1.303840481040529831e+01 1.029563014098700080e+01 1.166190378969060149e+01 1.992485884517127559e+01 2.195449840010014952e+01 2.607680962081059661e+01 1.513274595042155646e+01 3.101612483854164637e+01 3.111269837220809009e+01
4.341658669218482203e+01 3.269556544854363267e+01 2.118962010041709121e+01 3.104834939252004844e+01 2.022374841615668473e+01 2.617250465660480074e+01 4.472135954999579610e+00 9.848857801796103928e+00 1.552417469626002422e+01 2.662705391138869615e+01 2.828427124746190291e+00 1.972308292331602075e+01 3.328663395418647752e+01 0.000000000000000000e+00 3.231098884280702066e+01 3.676955262170046979e+01 4.472135954999579610e+00 4.001249804748510996e+01 1.972308292331602075e+01 3.023243291566194912e+01 2.983286778035259701e+01 3.000000000000000000e+01 1.500000000000000000e+01 3.901281840626231912e+01 7.211102550927978250e+00 4.201190307520000999e+01 2.901723625709381693e+01 7.211102550927978250e+00
1.204159457879229578e+01 2.475883680627989492e+01 1.118033988749894903e+01 4.000000000000000000e+00 2.816025568065744622e+01 3.584689665786984136e+01 3.676955262170046979e+01 2.617250465660480074e+01 1.700000000000000000e+01 1.802775637731994607e+01 3.492849839314595783e+01 1.315294643796590535e+01 6.324555320336759046e+00 3.231098884280702066e+01 0.000000000000000000e+00 4.472135954999579610e+00 3.577708763999663688e+01 1.486606874731850603e+01 2.061552812808830382e+01 1.838477631085023489e+01 1.555634918610404505e+01 1.697056274847713908e+01 2.100000000000000000e+01 1.581138830084189628e+01 2.529822128134703618e+01 2.137755832643194864e+01 3.535533905932737753e+01 2.884441020371191300e+01
8.062257748298549132e+00 2.640075756488817049e+01 1.565247584249852864e+01 7.211102550927978250e+00 3.157530680769388809e+01 3.889730067755344578e+01 4.123105625617660763e+01 3.041381265149109936e+01 2.147091055358388800e+01 2.061552812808830382e+01 3.939543120718441571e+01 1.746424919657297892e+01 7.211102550927978250e+00 3.676955262170046979e+01 4.472135954999579610e+00 0.000000000000000000e+00 4.024922359499621649e+01 1.431782106327635340e+01 2.418677324489564739e+01 2.024845673131658685e+01 1.749285568453590045e+01 1.886796226411320632e+01 2.507987240796890660e+01 1.581138830084189628e+01 2.973213749463701205e+01 2.061552812808830382e+01 3.807886552931954327e+01 3.328663395418647752e+01
4.716990566028302112e+01 3.716180835212409050e+01 2.459674775249768786e+01 3.417601498127012150e+01 2.451530134426252516e+01 3.001666203960726875e+01 2.828427124746190291e+00 1.431782106327635340e+01 1.878829422805593552e+01 3.106444913401813324e+01 2.000000000000000000e+00 2.360084744241189370e+01 3.720215047547655018e+01 4.472135954999579610e+00 3.577708763999663688e+01 4.024922359499621649e+01 0.000000000000000000e+00 4.229657196511320194e+01 2.418677324489564739e+01 3.466987164671942878e+01 3.420526275297414287e+01 3.440930106817050671e+01 1.941648783894759944e+01 4.110960958218893069e+01 1.131370849898476116e+01 4.640043103248072498e+01 3.301514803843835466e+01 8.000000000000000000e+00
2.009975124224177989e+01 3.962322551231790158e+01 2.088061301782110135e+01 1.220655561573370207e+01 4.159326868617084472e+01 4.973932046178354938e+01 4.410215414239988974e+01 3.687817782917154830e+01 2.517935662402834396e+01 3.264965543462901820e+01 4.210700654285459876e+01 2.469817807045693669e+01 2.080865204668481283e+01 4.001249804748510996e+01 1.486606874731850603e+01 1.431782106327635340e+01 4.229657196511320194e+01 0.000000000000000000e+00 3.400000000000000000e+01 3.324154027718932269e+01 3.041381265149109936e+01 3.182766092567909766e+01 3.289376840679705083e+01 2.236067977499789805e+00 3.413209633175202384e+01 3.492849839314595783e+01 4.964876634922563881e+01 3.436568055487916240e+01
2.828427124746190202e+01 1.334166406412633421e+01 1.414213562373095101e+01 2.193171219946130890e+01 7.615773105863908654e+00 1.581138830084189628e+01 2.360084744241189370e+01 1.000000000000000000e+01 1.392838827718411920e+01 7.071067811865475505e+00 2.247220505424423109e+01 9.899494936611665352e+00 1.802775637731994607e+01 1.972308292331602075e+01 2.061552812808830382e+01 2.418677324489564739e+01 2.418677324489564739e+01 3.400000000000000000e+01 0.000000000000000000e+00 1.063014581273464998e+01 1.081665382639196871e+01 1.063014581273464998e+01 5.099019513592784492e+00 3.413209633175202384e+01 1.360147050873544394e+01 2.262741699796952233e+01 1.627882059609970611e+01 2.137755832643194864e+01
2.137755832643194864e+01 6.403124237432848531e+00 1.824828759089465890e+01 2.140093455903269515e+01 1.486606874731850603e+01 2.002498439450078749e+01 3.420526275297414287e+01 2.061552812808830382e+01 2.109502310972898798e+01 3.605551275463989125e+00 3.301514803843835466e+01 1.500000000000000000e+01 1.303840481040529831e+01 3.023243291566194912e+01 1.838477631085023489e+01 2.024845673131658685e+01 3.466987164671942878e+01 3.324154027718932269e+01 1.063014581273464998e+01 0.000000000000000000e+00 2.828427124746190291e+00 1.414213562373095145e+00 1.526433752247374720e+01 3.405877273185280529e+01 2.370653918225939449e+01 1.204159457879229578e+01 1.843908891458577415e+01 3.101612483854164637e+01
1.910497317454279909e+01 9.219544457292887074e+00 1.603121954188139853e+01 1.860107523773827509e+01 1.627882059609970611e+01 2.220360331117451835e+01 3.397057550292606010e+01 2.051828452868319275e+01 1.941648783894759944e+01 4.123105625617660586e+00 3.264965543462901820e+01 1.315294643796590535e+01 1.029563014098700080e+01 2.983286778035259701e+01 1.555634918610404505e+01 1.749285568453590045e+01 3.420526275297414287e+01 3.041381265149109936e+01 1.081665382639196871e+01 2.828427124746190291e+00 0.000000000000000000e+00 1.414213562373095145e+00 1.486606874731850603e+01 3.124099870362661591e+01 2.302172886644267535e+01 1.220655561573370207e+01 2.088061301782110135e+01 2.996664812754339380e+01
2.022374841615668473e+01 7.810249675906653977e+00 1.711724276862369010e+01 2.000000000000000000e+01 1.552417469626002422e+01 2.109502310972898798e+01 3.405877273185280529e+01 2.051828452868319275e+01 2.022374841615668473e+01 3.605551275463989125e+00 3.280243893371345365e+01 1.403566884761819900e+01 1.166190378969060149e+01 3.000000000000000000e+01 1.697056274847713908e+01 1.886796226411320632e+01 3.440930106817050671e+01 3.182766092567909766e+01 1.063014581273464998e+01 1.414213562373095145e+00 1.414213562373095145e+00 0.000000000000000000e+00 1.500000000000000000e+01 3.264965543462901820e+01 2.332380757938120297e+01 1.204159457879229578e+01 1.964688270438849926e+01 3.046309242345563462e+01
3.036445290137795183e+01 1.843908891458577415e+01 1.208304597359457233e+01 2.137755832643194864e+01 1.000000000000000000e+01 1.843908891458577415e+01 1.910497317454279909e+01 5.830951894845300743e+00 1.000000000000000000e+01 1.166190378969060149e+01 1.780449381476485726e+01 8.246211251235321171e+00 1.992485884517127559e+01 1.500000000000000000e+01 2.100000000000000000e+01 2.507987240796890660e+01 1.941648783894759944e+01 3.289376840679705083e+01 5.099019513592784492e+00 1.526433752247374720e+01 1.486606874731850603e+01 1.500000000000000000e+01 0.000000000000000000e+00 3.269556544854363267e+01 8.544003745317530374e+00 2.701851217221259205e+01 1.972308292331602075e+01 1.627882059609970611e+01
2.202271554554523902e+01 4.045985664828781836e+01 2.061552812808830382e+01 1.272792206135785520e+01 4.167733196834941367e+01 4.992995093127971273e+01 4.301162633521313694e+01 3.640054944640259293e+01 2.451530134426252516e+01 3.324154027718932269e+01 4.101219330881975367e+01 2.459674775249768786e+01 2.195449840010014952e+01 3.901281840626231912e+01 1.581138830084189628e+01 1.581138830084189628e+01 4.110960958218893069e+01 2.236067977499789805e+00 3.413209633175202384e+01 3.405877273185280529e+01 3.124099870362661591e+01 3.264965543462901820e+01 3.269556544854363267e+01 0.000000000000000000e+00 3.337663853655727308e+01 3.640054944640259293e+01 5.000000000000000000e+01 3.313608305156178346e+01
3.623534186398687496e+01 2.692582403567251959e+01 1.431782106327635340e+01 2.433105012119287736e+01 1.627882059609970611e+01 2.376972864800942631e+01 1.166190378969060149e+01 5.385164807134503739e+00 9.000000000000000000e+00 2.012461179749810825e+01 1.000000000000000000e+01 1.252996408614166768e+01 2.607680962081059661e+01 7.211102550927978250e+00 2.529822128134703618e+01 2.973213749463701205e+01 1.131370849898476116e+01 3.413209633175202384e+01 1.360147050873544394e+01 2.370653918225939449e+01 2.302172886644267535e+01 2.332380757938120297e+01 8.544003745317530374e+00 3.337663853655727308e+01 0.000000000000000000e+00 3.522782990761707111e+01 2.596150997149434048e+01 8.000000000000000000e+00
1.697056274847713908e+01 1.334166406412633421e+01 2.668332812825266842e+01 2.531797780234432693e+01 2.641968962724581260e+01 2.983286778035259701e+01 4.609772228646443892e+01 3.255764119219941222e+01 3.101612483854164637e+01 1.555634918610404505e+01 4.482186966202993972e+01 2.469817807045693669e+01 1.513274595042155646e+01 4.201190307520000999e+01 2.137755832643194864e+01 2.061552812808830382e+01 4.640043103248072498e+01 3.492849839314595783e+01 2.262741699796952233e+01 1.204159457879229578e+01 1.220655561573370207e+01 1.204159457879229578e+01 2.701851217221259205e+01 3.640054944640259293e+01 3.522782990761707111e+01 0.000000000000000000e+00 2.729468812791236232e+01 4.205948168962618183e+01
3.981205847478876336e+01 1.403566884761819900e+01 3.041381265149109936e+01 3.744329045369811126e+01 9.848857801796103928e+00 3.605551275463989125e+00 3.114482300479487265e+01 2.061552812808830382e+01 2.968164415931165934e+01 1.746424919657297892e+01 3.101612483854164637e+01 2.617250465660480074e+01 3.101612483854164637e+01 2.901723625709381693e+01 3.535533905932737753e+01 3.807886552931954327e+01 3.301514803843835466e+01 4.964876634922563881e+01 1.627882059609970611e+01 1.843908891458577415e+01 2.088061301782110135e+01 1.964688270438849926e+01 1.972308292331602075e+01 5.000000000000000000e+01 2.596150997149434048e+01 2.729468812791236232e+01 0.000000000000000000e+00 3.373425558686599857e+01
4.060788100849390503e+01 3.471310991541956525e+01 1.780449381476485726e+01 2.683281572999747766e+01 2.418677324489564739e+01 3.132091952673165025e+01 1.019803902718556898e+01 1.315294643796590535e+01 1.204159457879229578e+01 2.751363298439520833e+01 8.246211251235321171e+00 1.780449381476485726e+01 3.111269837220809009e+01 7.211102550927978250e+00 2.884441020371191300e+01 3.328663395418647752e+01 8.000000000000000000e+00 3.436568055487916240e+01 2.137755832643194864e+01 3.101612483854164637e+01 2.996664812754339380e+01 3.046309242345563462e+01 1.627882059609970611e+01 3.313608305156178346e+01 8.000000000000000000e+00 4.205948168962618183e+01 3.373425558686599857e+01 0.000000000000000000e+00
