0.000000000000000000e+00 7.280109889280518054e+00 8.485281374238569541e+00 1.984943324127920761e+01 2.886173937932362321e+01 2.184032966784155505e+01 2.109502310972898798e+01 1.360147050873544394e+01 2.236067977499789805e+00 1.303840481040529831e+01 1.523154621172781731e+01 2.505992817228333536e+01 2.247220505424423109e+01 1.044030650891055068e+01 2.267156809750926882e+01 1.220655561573370207e+01 1.345362404707370985e+01 1.414213562373095101e+01 1.600000000000000000e+01 9.000000000000000000e+00 1.341640786499873883e+01 2.418677324489564739e+01 2.121320343559642652e+01 7.071067811865475505e+00 2.256102834535695578e+01 1.565247584249852864e+01 1.100000000000000000e+01 1.081665382639196871e+01 1.923538406167134340e+01
7.280109889280518054e+00 0.000000000000000000e+00 4.123105625617660586e+00 2.624880949681337583e+01 3.535533905932737753e+01 2.828427124746190202e+01 2.657066051117284644e+01 2.088061301782110135e+01 5.830951894845300743e+00 1.910497317454279909e+01 2.137755832643194864e+01 2.758622844826744469e+01 2.863564212655270680e+01 1.562049935181330795e+01 2.906888370749726747e+01 1.772004514666934938e+01 1.788854381999831844e+01 1.835755975068581947e+01 1.565247584249852864e+01 1.303840481040529831e+01 1.640121946685672683e+01 3.140063693621516450e+01 2.780287754891568852e+01 7.280109889280518054e+00 2.983286778035259701e+01 2.284731931759172596e+01 1.140175425099137918e+01 1.104536101718726115e+01 2.193171219946130890e+01
8.485281374238569541e+00 4.123105625617660586e+00 0.000000000000000000e+00 2.831960451701259274e+01 3.401470270338990076e+01 2.700000000000000000e+01 2.451530134426252516e+01 2.147091055358388800e+01 8.062257748298549132e+00 2.140093455903269515e+01 2.000000000000000000e+01 2.408318915758459156e+01 2.707397274136176790e+01 1.835755975068581947e+01 3.114482300479487265e+01 1.603121954188139853e+01 1.552417469626002422e+01 2.154065922853801496e+01 1.166190378969060149e+01 1.615549442140351033e+01 1.341640786499873883e+01 3.132091952673165025e+01 2.969848480983499428e+01 1.104536101718726115e+01 3.008321791298264714e+01 2.385372088375312671e+01 7.810249675906653977e+00 1.500000000000000000e+01 1.860107523773827509e+01
1.984943324127920761e+01 2.624880949681337583e+01 2.831960451701259274e+01 0.000000000000000000e+00 2.662705391138869615e+01 2.247220505424423109e+01 2.647640458974745314e+01 1.100000000000000000e+01 2.051828452868319275e+01 7.211102550927978250e+00 2.102379604162863913e+01 3.701351104664349378e+01 2.435159132377184221e+01 1.118033988749894903e+01 2.828427124746190291e+00 2.220360331117451835e+01 2.531797780234432693e+01 1.104536101718726115e+01 3.361547262794321966e+01 1.431782106327635340e+01 2.789265136196270589e+01 1.627882059609970611e+01 2.000000000000000000e+00 2.059126028197400160e+01 1.345362404707370985e+01 8.062257748298549132e+00 2.906888370749726747e+01 1.992485884517127559e+01 3.224903099319419653e+01
2.886173937932362321e+01 3.535533905932737753e+01 3.401470270338990076e+01 2.662705391138869615e+01 0.000000000000000000e+00 7.071067811865475505e+00 1.077032961426900748e+01 1.860107523773827509e+01 3.104834939252004844e+01 2.765863337187866122e+01 1.403566884761819900e+01 2.193171219946130890e+01 7.071067811865475505e+00 3.023243291566194912e+01 2.729468812791236232e+01 1.800000000000000000e+01 1.923538406167134340e+01 3.342154993413680586e+01 2.941088233970548416e+01 3.224903099319419653e+01 2.256102834535695578e+01 1.077032961426900748e+01 2.555386467836127551e+01 3.511409973215887703e+01 1.341640786499873883e+01 1.979898987322333070e+01 2.828427124746190202e+01 3.757658845611187104e+01 2.147091055358388800e+01
2.184032966784155505e+01 2.828427124746190202e+01 2.700000000000000000e+01 2.247220505424423109e+01 7.071067811865475505e+00 0.000000000000000000e+00 5.830951894845300743e+00 1.280624847486569706e+01 2.404163056034261459e+01 2.202271554554523902e+01 7.000000000000000000e+00 1.835755975068581947e+01 2.000000000000000000e+00 2.408318915758459156e+01 2.376972864800942631e+01 1.104536101718726115e+01 1.264911064067351809e+01 2.758622844826744469e+01 2.325940669922601600e+01 2.580697580112788003e+01 1.615549442140351033e+01 9.486832980505138124e+00 2.184032966784155505e+01 2.823118842698620767e+01 1.104536101718726115e+01 1.476482306023340030e+01 2.158703314492290204e+01 3.088689042296100240e+01 1.627882059609970611e+01
2.109502310972898798e+01 2.657066051117284644e+01 2.451530134426252516e+01 2.647640458974745314e+01 1.077032961426900748e+01 5.830951894845300743e+00 0.000000000000000000e+00 1.581138830084189628e+01 2.332380757938120297e+01 2.459674775249768786e+01 6.403124237432848531e+00 1.252996408614166768e+01 4.242640687119284770e+00 2.580697580112788003e+01 2.816025568065744622e+01 8.944271909999159220e+00 9.055385138137417300e+00 2.968164415931165934e+01 1.868154169226940553e+01 2.690724809414741969e+01 1.204159457879229578e+01 1.523154621172781731e+01 2.617250465660480074e+01 2.801785145224380003e+01 1.649242250247064234e+01 1.843908891458577415e+01 1.800000000000000000e+01 3.124099870362661591e+01 1.081665382639196871e+01
1.360147050873544394e+01 2.088061301782110135e+01 2.147091055358388800e+01 1.100000000000000000e+01 1.860107523773827509e+01 1.280624847486569706e+01 1.581138830084189628e+01 0.000000000000000000e+00 1.529705854077835525e+01 9.219544457292887074e+00 1.004987562112088995e+01 2.601922366251537611e+01 1.442220510185595650e+01 1.166190378969060149e+01 1.315294643796590535e+01 1.140175425099137918e+01 1.456021977856103611e+01 1.486606874731850603e+01 2.385372088375312671e+01 1.392838827718411920e+01 1.746424919657297892e+01 1.104536101718726115e+01 1.118033988749894903e+01 1.802775637731994607e+01 9.055385138137417300e+00 3.162277660168379523e+00 1.984943324127920761e+01 1.964688270438849926e+01 2.137755832643194864e+01
2.236067977499789805e+00 5.830951894845300743e+00 8.062257748298549132e+00 2.051828452868319275e+01 3.104834939252004844e+01 2.404163056034261459e+01 2.332380757938120297e+01 1.529705854077835525e+01 0.000000000000000000e+00 1.345362404707370985e+01 1.746424919657297892e+01 2.692582403567251959e+01 2.469817807045693669e+01 1.029563014098700080e+01 2.334523505985750447e+01 1.442220510185595650e+01 1.555634918610404505e+01 1.360147050873544394e+01 1.711724276862369010e+01 8.246211251235321171e+00 1.526433752247374720e+01 2.607680962081059661e+01 2.202271554554523902e+01 5.000000000000000000e+00 2.433105012119287736e+01 1.708800749063506075e+01 1.216552506059643868e+01 8.944271909999159220e+00 2.109502310972898798e+01
1.303840481040529831e+01 1.910497317454279909e+01 2.140093455903269515e+01 7.211102550927978250e+00 2.765863337187866122e+01 2.202271554554523902e+01 2.459674775249768786e+01 9.219544457292887074e+00 1.345362404707370985e+01 0.000000000000000000e+00 1.838477631085023489e+01 3.337663853655727308e+01 2.360084744241189370e+01 4.123105625617660586e+00 1.000000000000000000e+01 1.824828759089465890e+01 2.109502310972898798e+01 5.830951894845300743e+00 2.789265136196270589e+01 7.280109889280518054e+00 2.302172886644267535e+01 1.878829422805593552e+01 8.944271909999159220e+00 1.341640786499873883e+01 1.615549442140351033e+01 8.062257748298549132e+00 2.308679276123039159e+01 1.315294643796590535e+01 2.807133769523639799e+01
1.523154621172781731e+01 2.137755832643194864e+01 2.000000000000000000e+01 2.102379604162863913e+01 1.403566884761819900e+01 7.000000000000000000e+00 6.403124237432848531e+00 1.004987562112088995e+01 1.746424919657297892e+01 1.838477631085023489e+01 0.000000000000000000e+00 1.612451549659709826e+01 7.280109889280518054e+00 1.941648783894759944e+01 2.302172886644267535e+01 4.123105625617660586e+00 6.403124237432848531e+00 2.332380757938120297e+01 1.720465053408525335e+01 2.051828452868319275e+01 1.000000000000000000e+01 1.345362404707370985e+01 2.102379604162863913e+01 2.195449840010014952e+01 1.360147050873544394e+01 1.300000000000000000e+01 1.486606874731850603e+01 2.500000000000000000e+01 1.208304597359457233e+01
2.505992817228333536e+01 2.758622844826744469e+01 2.408318915758459156e+01 3.701351104664349378e+01 2.193171219946130890e+01 1.835755975068581947e+01 1.252996408614166768e+01 2.601922366251537611e+01 2.692582403567251959e+01 3.337663853655727308e+01 1.612451549659709826e+01 0.000000000000000000e+00 1.664331697709323876e+01 3.324154027718932269e+01 3.911521443121588959e+01 1.513274595042155646e+01 1.236931687685298087e+01 3.736308338453881106e+01 1.341640786499873883e+01 3.324154027718932269e+01 1.166190378969060149e+01 2.773084924772409465e+01 3.712142238654116966e+01 3.190611226708763226e+01 2.879236009777593708e+01 2.906888370749726747e+01 1.627882059609970611e+01 3.584689665786984136e+01 5.830951894845300743e+00
2.247220505424423109e+01 2.863564212655270680e+01 2.707397274136176790e+01 2.435159132377184221e+01 7.071067811865475505e+00 2.000000000000000000e+00 4.242640687119284770e+00 1.442220510185595650e+01 2.469817807045693669e+01 2.360084744241189370e+01 7.280109889280518054e+00 1.664331697709323876e+01 0.000000000000000000e+00 2.545584412271571040e+01 2.570992026436488231e+01 1.104536101718726115e+01 1.216552506059643868e+01 2.906888370749726747e+01 2.247220505424423109e+01 2.701851217221259205e+01 1.552417469626002422e+01 1.140175425099137918e+01 2.376972864800942631e+01 2.906888370749726747e+01 1.303840481040529831e+01 1.655294535724684835e+01 2.121320343559642652e+01 3.190611226708763226e+01 1.500000000000000000e+01
1.044030650891055068e+01 1.562049935181330795e+01 1.835755975068581947e+01 1.118033988749894903e+01 3.023243291566194912e+01 2.408318915758459156e+01 2.580697580112788003e+01 1.166190378969060149e+01 1.029563014098700080e+01 4.123105625617660586e+00 1.941648783894759944e+01 3.324154027718932269e+01 2.545584412271571040e+01 0.000000000000000000e+00 1.389244398944980396e+01 1.838477631085023489e+01 2.088061301782110135e+01 4.123105625617660586e+00 2.617250465660480074e+01 3.162277660168379523e+00 2.220360331117451835e+01 2.213594362117865444e+01 1.300000000000000000e+01 9.433981132056603158e+00 1.964688270438849926e+01 1.140175425099137918e+01 2.121320343559642652e+01 9.055385138137417300e+00 2.765863337187866122e+01
2.267156809750926882e+01 2.906888370749726747e+01 3.114482300479487265e+01 2.828427124746190291e+00 2.729468812791236232e+01 2.376972864800942631e+01 2.816025568065744622e+01 1.315294643796590535e+01 2.334523505985750447e+01 1.000000000000000000e+01 2.302172886644267535e+01 3.911521443121588959e+01 2.570992026436488231e+01 1.389244398944980396e+01 0.000000000000000000e+00 2.451530134426252516e+01 2.765863337187866122e+01 1.334166406412633421e+01 3.624913792078371699e+01 1.700000000000000000e+01 3.036445290137795183e+01 1.664331697709323876e+01 2.000000000000000000e+00 2.332380757938120297e+01 1.389244398944980396e+01 1.004987562112088995e+01 3.176476034853718033e+01 2.247220505424423109e+01 3.452535300326413648e+01
1.220655561573370207e+01 1.772004514666934938e+01 1.603121954188139853e+01 2.220360331117451835e+01 1.800000000000000000e+01 1.104536101718726115e+01 8.944271909999159220e+00 1.140175425099137918e+01 1.442220510185595650e+01 1.824828759089465890e+01 4.123105625617660586e+00 1.513274595042155646e+01 1.104536101718726115e+01 1.838477631085023489e+01 2.451530134426252516e+01 0.000000000000000000e+00 3.162277660168379523e+00 2.247220505424423109e+01 1.345362404707370985e+01 1.886796226411320632e+01 6.403124237432848531e+00 1.720465053408525335e+01 2.256102834535695578e+01 1.920937271229854559e+01 1.697056274847713908e+01 1.456021977856103611e+01 1.077032961426900748e+01 2.262741699796952233e+01 1.004987562112088995e+01
1.345362404707370985e+01 1.788854381999831844e+01 1.552417469626002422e+01 2.531797780234432693e+01 1.923538406167134340e+01 1.264911064067351809e+01 9.055385138137417300e+00 1.456021977856103611e+01 1.555634918610404505e+01 2.109502310972898798e+01 6.403124237432848531e+00 1.236931687685298087e+01 1.216552506059643868e+01 2.088061301782110135e+01 2.765863337187866122e+01 3.162277660168379523e+00 0.000000000000000000e+00 2.500000000000000000e+01 1.081665382639196871e+01 2.102379604162863913e+01 3.605551275463989125e+00 1.984943324127920761e+01 2.570992026436488231e+01 2.051828452868319275e+01 1.984943324127920761e+01 1.772004514666934938e+01 9.055385138137417300e+00 2.420743687382040932e+01 7.000000000000000000e+00
1.414213562373095101e+01 1.835755975068581947e+01 2.154065922853801496e+01 1.104536101718726115e+01 3.342154993413680586e+01 2.758622844826744469e+01 2.968164415931165934e+01 1.486606874731850603e+01 1.360147050873544394e+01 5.830951894845300743e+00 2.332380757938120297e+01 3.736308338453881106e+01 2.906888370749726747e+01 4.123105625617660586e+00 1.334166406412633421e+01 2.247220505424423109e+01 2.500000000000000000e+01 0.000000000000000000e+00 3.006659275674581622e+01 5.385164807134503739e+00 2.630589287593181069e+01 2.459674775249768786e+01 1.303840481040529831e+01 1.140175425099137918e+01 2.193171219946130890e+01 1.389244398944980396e+01 2.507987240796890660e+01 9.433981132056603158e+00 3.178049716414140846e+01
1.600000000000000000e+01 1.565247584249852864e+01 1.166190378969060149e+01 3.361547262794321966e+01 2.941088233970548416e+01 2.325940669922601600e+01 1.868154169226940553e+01 2.385372088375312671e+01 1.711724276862369010e+01 2.789265136196270589e+01 1.720465053408525335e+01 1.341640786499873883e+01 2.247220505424423109e+01 2.617250465660480074e+01 3.624913792078371699e+01 1.345362404707370985e+01 1.081665382639196871e+01 3.006659275674581622e+01 0.000000000000000000e+00 2.500000000000000000e+01 7.211102550927978250e+00 3.061045573002793319e+01 3.443835071544512516e+01 2.158703314492290204e+01 3.041381265149109936e+01 2.692582403567251959e+01 5.000000000000000000e+00 2.570992026436488231e+01 9.055385138137417300e+00
9.000000000000000000e+00 1.303840481040529831e+01 1.615549442140351033e+01 1.431782106327635340e+01 3.224903099319419653e+01 2.580697580112788003e+01 2.690724809414741969e+01 1.392838827718411920e+01 8.246211251235321171e+00 7.280109889280518054e+00 2.051828452868319275e+01 3.324154027718932269e+01 2.701851217221259205e+01 3.162277660168379523e+00 1.700000000000000000e+01 1.886796226411320632e+01 2.102379604162863913e+01 5.385164807134503739e+00 2.500000000000000000e+01 0.000000000000000000e+00 2.184032966784155505e+01 2.473863375370596174e+01 1.615549442140351033e+01 6.403124237432848531e+00 2.236067977499789805e+01 1.414213562373095101e+01 2.000000000000000000e+01 6.000000000000000000e+00 2.751363298439520833e+01
1.341640786499873883e+01 1.640121946685672683e+01 1.341640786499873883e+01 2.789265136196270589e+01 2.256102834535695578e+01 1.615549442140351033e+01 1.204159457879229578e+01 1.746424919657297892e+01 1.526433752247374720e+01 2.302172886644267535e+01 1.000000000000000000e+01 1.166190378969060149e+01 1.552417469626002422e+01 2.220360331117451835e+01 3.036445290137795183e+01 6.403124237432848531e+00 3.605551275463989125e+00 2.630589287593181069e+01 7.211102550927978250e+00 2.184032966784155505e+01 0.000000000000000000e+00 2.343074902771996193e+01 2.846049894151541437e+01 2.024845673131658685e+01 2.334523505985750447e+01 2.061552812808830382e+01 6.082762530298219339e+00 2.418677324489564739e+01 5.830951894845300743e+00
2.418677324489564739e+01 3.140063693621516450e+01 3.132091952673165025e+01 1.627882059609970611e+01 1.077032961426900748e+01 9.486832980505138124e+00 1.523154621172781731e+01 1.104536101718726115e+01 2.607680962081059661e+01 1.878829422805593552e+01 1.345362404707370985e+01 2.773084924772409465e+01 1.140175425099137918e+01 2.213594362117865444e+01 1.664331697709323876e+01 1.720465053408525335e+01 1.984943324127920761e+01 2.459674775249768786e+01 3.061045573002793319e+01 2.473863375370596174e+01 2.343074902771996193e+01 0.000000000000000000e+00 1.500000000000000000e+01 2.906888370749726747e+01 2.828427124746190291e+00 1.077032961426900748e+01 2.778488797889960793e+01 3.059411708155671050e+01 2.500000000000000000e+01
2.121320343559642652e+01 2.780287754891568852e+01 2.969848480983499428e+01 2.000000000000000000e+00 2.555386467836127551e+01 2.184032966784155505e+01 2.617250465660480074e+01 1.118033988749894903e+01 2.202271554554523902e+01 8.944271909999159220e+00 2.102379604162863913e+01 3.712142238654116966e+01 2.376972864800942631e+01 1.300000000000000000e+01 2.000000000000000000e+00 2.256102834535695578e+01 2.570992026436488231e+01 1.303840481040529831e+01 3.443835071544512516e+01 1.615549442140351033e+01 2.846049894151541437e+01 1.500000000000000000e+01 0.000000000000000000e+00 2.236067977499789805e+01 1.220655561573370207e+01 8.062257748298549132e+00 3.001666203960726875e+01 2.184032966784155505e+01 3.255764119219941222e+01
7.071067811865475505e+00 7.280109889280518054e+00 1.104536101718726115e+01 2.059126028197400160e+01 3.511409973215887703e+01 2.823118842698620767e+01 2.801785145224380003e+01 1.802775637731994607e+01 5.000000000000000000e+00 1.341640786499873883e+01 2.195449840010014952e+01 3.190611226708763226e+01 2.906888370749726747e+01 9.433981132056603158e+00 2.332380757938120297e+01 1.920937271229854559e+01 2.051828452868319275e+01 1.140175425099137918e+01 2.158703314492290204e+01 6.403124237432848531e+00 2.024845673131658685e+01 2.906888370749726747e+01 2.236067977499789805e+01 0.000000000000000000e+00 2.700000000000000000e+01 1.910497317454279909e+01 1.676305461424021104e+01 4.123105625617660586e+00 2.607680962081059661e+01
2.256102834535695578e+01 2.983286778035259701e+01 3.008321791298264714e+01 1.345362404707370985e+01 1.341640786499873883e+01 1.104536101718726115e+01 1.649242250247064234e+01 9.055385138137417300e+00 2.433105012119287736e+01 1.615549442140351033e+01 1.360147050873544394e+01 2.879236009777593708e+01 1.303840481040529831e+01 1.964688270438849926e+01 1.389244398944980396e+01 1.697056274847713908e+01 1.984943324127920761e+01 2.193171219946130890e+01 3.041381265149109936e+01 2.236067977499789805e+01 2.334523505985750447e+01 2.828427124746190291e+00 1.220655561573370207e+01 2.700000000000000000e+01 0.000000000000000000e+00 8.246211251235321171e+00 2.720294101747088789e+01 2.828427124746190202e+01 2.555386467836127551e+01
1.565247584249852864e+01 2.284731931759172596e+01 2.385372088375312671e+01 8.062257748298549132e+00 1.979898987322333070e+01 1.476482306023340030e+01 1.843908891458577415e+01 3.162277660168379523e+00 1.708800749063506075e+01 8.062257748298549132e+00 1.300000000000000000e+01 2.906888370749726747e+01 1.655294535724684835e+01 1.140175425099137918e+01 1.004987562112088995e+01 1.456021977856103611e+01 1.772004514666934938e+01 1.389244398944980396e+01 2.692582403567251959e+01 1.414213562373095101e+01 2.061552812808830382e+01 1.077032961426900748e+01 8.062257748298549132e+00 1.910497317454279909e+01 8.246211251235321171e+00 0.000000000000000000e+00 2.280350850198275836e+01 2.009975124224177989e+01 2.451530134426252516e+01
1.100000000000000000e+01 1.140175425099137918e+01 7.810249675906653977e+00 2.906888370749726747e+01 2.828427124746190202e+01 2.158703314492290204e+01 1.800000000000000000e+01 1.984943324127920761e+01 1.216552506059643868e+01 2.308679276123039159e+01 1.486606874731850603e+01 1.627882059609970611e+01 2.121320343559642652e+01 2.121320343559642652e+01 3.176476034853718033e+01 1.077032961426900748e+01 9.055385138137417300e+00 2.507987240796890660e+01 5.000000000000000000e+00 2.000000000000000000e+01 6.082762530298219339e+00 2.778488797889960793e+01 3.001666203960726875e+01 1.676305461424021104e+01 2.720294101747088789e+01 2.280350850198275836e+01 0.000000000000000000e+00 2.088061301782110135e+01 1.081665382639196871e+01
1.081665382639196871e+01 1.104536101718726115e+01 1.500000000000000000e+01 1.992485884517127559e+01 3.757658845611187104e+01 3.088689042296100240e+01 3.124099870362661591e+01 1.964688270438849926e+01 8.944271909999159220e+00 1.315294643796590535e+01 2.500000000000000000e+01 3.584689665786984136e+01 3.190611226708763226e+01 9.055385138137417300e+00 2.247220505424423109e+01 2.262741699796952233e+01 2.420743687382040932e+01 9.433981132056603158e+00 2.570992026436488231e+01 6.000000000000000000e+00 2.418677324489564739e+01 3.059411708155671050e+01 2.184032966784155505e+01 4.123105625617660586e+00 2.828427124746190202e+01 2.009975124224177989e+01 2.088061301782110135e+01 0.000000000000000000e+00 3.001666203960726875e+01
1.923538406167134340e+01 2.193171219946130890e+01 1.860107523773827509e+01 3.224903099319419653e+01 2.147091055358388800e+01 1.627882059609970611e+01 1.081665382639196871e+01 2.137755832643194864e+01 2.109502310972898798e+01 2.807133769523639799e+01 1.208304597359457233e+01 5.830951894845300743e+00 1.500000000000000000e+01 2.765863337187866122e+01 3.452535300326413648e+01 1.004987562112088995e+01 7.000000000000000000e+00 3.178049716414140846e+01 9.055385138137417300e+00 2.751363298439520833e+01 5.830951894845300743e+00 2.500000000000000000e+01 3.255764119219941222e+01 2.607680962081059661e+01 2.555386467836127551e+01 2.451530134426252516e+01 1.081665382639196871e+01 3.001666203960726875e+01 0.000000000000000000e+00
