0.000000000000000000e+00 1.513274595042155646e+01 5.186520991955976001e+01 3.106444913401813324e+01 4.341658669218482203e+01 2.942787793912432193e+01 2.941088233970548416e+01 2.302172886644267535e+01 2.051828452868319275e+01 8.000000000000000000e+00 2.282542442102665348e+01 3.820994634908559817e+01 2.501999200639360765e+01 2.647640458974745314e+01 3.820994634908559817e+01 9.000000000000000000e+00 6.000000000000000000e+00 3.560898762952971452e+01 2.720294101747088789e+01 4.500000000000000000e+01 3.061045573002793319e+01
1.513274595042155646e+01 0.000000000000000000e+00 4.712748667179271678e+01 1.600000000000000000e+01 3.252691193458118590e+01 3.689173349139343117e+01 1.702938636592640265e+01 8.062257748298549132e+00 1.702938636592640265e+01 7.280109889280518054e+00 2.236067977499789805e+01 3.087069808086626210e+01 3.041381265149109936e+01 3.440930106817050671e+01 4.428317965096906050e+01 1.860107523773827509e+01 1.700000000000000000e+01 3.080584360149872580e+01 2.886173937932362321e+01 3.580502757993631491e+01 2.284731931759172596e+01
5.186520991955976001e+01 4.712748667179271678e+01 0.000000000000000000e+00 4.504442251822083421e+01 2.376972864800942631e+01 3.676955262170046979e+01 3.401470270338990076e+01 4.440720662234903671e+01 3.176476034853718033e+01 4.785394445602159408e+01 2.920616373302046753e+01 1.702938636592640265e+01 3.328663395418647752e+01 3.801315561749642313e+01 3.337663853655727308e+01 4.468780594300866227e+01 4.701063709417263681e+01 1.655294535724684835e+01 2.701851217221259205e+01 1.746424919657297892e+01 2.451530134426252516e+01
3.106444913401813324e+01 1.600000000000000000e+01 4.504442251822083421e+01 0.000000000000000000e+00 2.404163056034261459e+01 4.750789408087881327e+01 1.140175425099137918e+01 8.062257748298549132e+00 2.404163056034261459e+01 2.308679276123039159e+01 2.973213749463701205e+01 2.816025568065744622e+01 4.036087214122112954e+01 4.560701700396551672e+01 5.315072906367324634e+01 3.289376840679705083e+01 3.201562118716424266e+01 3.132091952673165025e+01 3.623534186398687496e+01 2.942787793912432193e+01 2.213594362117865444e+01
4.341658669218482203e+01 3.252691193458118590e+01 2.376972864800942631e+01 2.404163056034261459e+01 0.000000000000000000e+00 4.373785545725807822e+01 1.562049935181330795e+01 2.662705391138869615e+01 2.473863375370596174e+01 3.661966684720110976e+01 2.701851217221259205e+01 1.118033988749894903e+01 3.721558813185679071e+01 4.328972164382672361e+01 4.531004303683676682e+01 3.984971769034255118e+01 4.085339643163099055e+01 1.746424919657297892e+01 3.041381265149109936e+01 6.324555320336759046e+00 1.414213562373095101e+01
2.942787793912432193e+01 3.689173349139343117e+01 3.676955262170046979e+01 4.750789408087881327e+01 4.373785545725807822e+01 0.000000000000000000e+00 3.858756276314947797e+01 4.103656905736638549e+01 2.360084744241189370e+01 3.178049716414140846e+01 1.835755975068581947e+01 3.313608305156178346e+01 7.211102550927978250e+00 3.000000000000000000e+00 9.055385138137417300e+00 2.061552812808830382e+01 2.353720459187963954e+01 2.701851217221259205e+01 1.334166406412633421e+01 4.104875150354758517e+01 3.067572330035593353e+01
2.941088233970548416e+01 1.702938636592640265e+01 3.401470270338990076e+01 1.140175425099137918e+01 1.562049935181330795e+01 3.858756276314947797e+01 0.000000000000000000e+00 1.118033988749894903e+01 1.523154621172781731e+01 2.193171219946130890e+01 2.024845673131658685e+01 1.700000000000000000e+01 3.138470965295043058e+01 3.712142238654116966e+01 4.318564576337836769e+01 2.800000000000000000e+01 2.816025568065744622e+01 1.992485884517127559e+01 2.624880949681337583e+01 1.969771560359220786e+01 1.077032961426900748e+01
2.302172886644267535e+01 8.062257748298549132e+00 4.440720662234903671e+01 8.062257748298549132e+00 2.662705391138869615e+01 4.103656905736638549e+01 1.118033988749894903e+01 0.000000000000000000e+00 1.835755975068581947e+01 1.503329637837290811e+01 2.418677324489564739e+01 2.745906043549196340e+01 3.405877273185280529e+01 3.889730067755344578e+01 4.743416490252568707e+01 2.507987240796890660e+01 2.404163056034261459e+01 2.901723625709381693e+01 3.088689042296100240e+01 3.087069808086626210e+01 2.002498439450078749e+01
2.051828452868319275e+01 1.702938636592640265e+01 3.176476034853718033e+01 2.404163056034261459e+01 2.473863375370596174e+01 2.360084744241189370e+01 1.523154621172781731e+01 1.835755975068581947e+01 0.000000000000000000e+00 1.615549442140351033e+01 5.830951894845300743e+00 1.780449381476485726e+01 1.640121946685672683e+01 2.195449840010014952e+01 2.920616373302046753e+01 1.523154621172781731e+01 1.664331697709323876e+01 1.526433752247374720e+01 1.252996408614166768e+01 2.505992817228333536e+01 1.077032961426900748e+01
8.000000000000000000e+00 7.280109889280518054e+00 4.785394445602159408e+01 2.308679276123039159e+01 3.661966684720110976e+01 3.178049716414140846e+01 2.193171219946130890e+01 1.503329637837290811e+01 1.615549442140351033e+01 0.000000000000000000e+00 2.022374841615668473e+01 3.280243893371345365e+01 2.596150997149434048e+01 2.906888370749726747e+01 3.984971769034255118e+01 1.204159457879229578e+01 1.000000000000000000e+01 3.130495168499705727e+01 2.600000000000000000e+01 3.889730067755344578e+01 2.483948469674844262e+01
2.282542442102665348e+01 2.236067977499789805e+01 2.920616373302046753e+01 2.973213749463701205e+01 2.701851217221259205e+01 1.835755975068581947e+01 2.024845673131658685e+01 2.418677324489564739e+01 5.830951894845300743e+00 2.022374841615668473e+01 0.000000000000000000e+00 1.802775637731994607e+01 1.118033988749894903e+01 1.708800749063506075e+01 2.343074902771996193e+01 1.555634918610404505e+01 1.780449381476485726e+01 1.360147050873544394e+01 6.708203932499369415e+00 2.596150997149434048e+01 1.303840481040529831e+01
3.820994634908559817e+01 3.087069808086626210e+01 1.702938636592640265e+01 2.816025568065744622e+01 1.118033988749894903e+01 3.313608305156178346e+01 1.700000000000000000e+01 2.745906043549196340e+01 1.780449381476485726e+01 3.280243893371345365e+01 1.802775637731994607e+01 0.000000000000000000e+00 2.701851217221259205e+01 3.300000000000000000e+01 3.417601498127012150e+01 3.275667870831839679e+01 3.440930106817050671e+01 6.324555320336759046e+00 2.000000000000000000e+01 8.062257748298549132e+00 8.062257748298549132e+00
2.501999200639360765e+01 3.041381265149109936e+01 3.328663395418647752e+01 4.036087214122112954e+01 3.721558813185679071e+01 7.211102550927978250e+00 3.138470965295043058e+01 3.405877273185280529e+01 1.640121946685672683e+01 2.596150997149434048e+01 1.118033988749894903e+01 2.701851217221259205e+01 0.000000000000000000e+00 6.082762530298219339e+00 1.392838827718411920e+01 1.603121954188139853e+01 1.902629759044044633e+01 2.121320343559642652e+01 7.071067811865475505e+00 3.505709628591620941e+01 2.376972864800942631e+01
2.647640458974745314e+01 3.440930106817050671e+01 3.801315561749642313e+01 4.560701700396551672e+01 4.328972164382672361e+01 3.000000000000000000e+00 3.712142238654116966e+01 3.889730067755344578e+01 2.195449840010014952e+01 2.906888370749726747e+01 1.708800749063506075e+01 3.300000000000000000e+01 6.082762530298219339e+00 0.000000000000000000e+00 1.204159457879229578e+01 1.772004514666934938e+01 2.061552812808830382e+01 2.707397274136176790e+01 1.300000000000000000e+01 4.101219330881975367e+01 2.983286778035259701e+01
3.820994634908559817e+01 4.428317965096906050e+01 3.337663853655727308e+01 5.315072906367324634e+01 4.531004303683676682e+01 9.055385138137417300e+00 4.318564576337836769e+01 4.743416490252568707e+01 2.920616373302046753e+01 3.984971769034255118e+01 2.343074902771996193e+01 3.417601498127012150e+01 1.392838827718411920e+01 1.204159457879229578e+01 0.000000000000000000e+00 2.927456233660889495e+01 3.224903099319419653e+01 2.785677655436823841e+01 1.697056274847713908e+01 4.148493702538308270e+01 3.383784863137726262e+01
9.000000000000000000e+00 1.860107523773827509e+01 4.468780594300866227e+01 3.289376840679705083e+01 3.984971769034255118e+01 2.061552812808830382e+01 2.800000000000000000e+01 2.507987240796890660e+01 1.523154621172781731e+01 1.204159457879229578e+01 1.555634918610404505e+01 3.275667870831839679e+01 1.603121954188139853e+01 1.772004514666934938e+01 2.927456233660889495e+01 0.000000000000000000e+00 3.000000000000000000e+00 2.906888370749726747e+01 1.878829422805593552e+01 4.024922359499621649e+01 2.600000000000000000e+01
6.000000000000000000e+00 1.700000000000000000e+01 4.701063709417263681e+01 3.201562118716424266e+01 4.085339643163099055e+01 2.353720459187963954e+01 2.816025568065744622e+01 2.404163056034261459e+01 1.664331697709323876e+01 1.000000000000000000e+01 1.780449381476485726e+01 3.440930106817050671e+01 1.902629759044044633e+01 2.061552812808830382e+01 3.224903099319419653e+01 3.000000000000000000e+00 0.000000000000000000e+00 3.111269837220809009e+01 2.154065922853801496e+01 4.167733196834941367e+01 2.729468812791236232e+01
3.560898762952971452e+01 3.080584360149872580e+01 1.655294535724684835e+01 3.132091952673165025e+01 1.746424919657297892e+01 2.701851217221259205e+01 1.992485884517127559e+01 2.901723625709381693e+01 1.526433752247374720e+01 3.130495168499705727e+01 1.360147050873544394e+01 6.324555320336759046e+00 2.121320343559642652e+01 2.707397274136176790e+01 2.785677655436823841e+01 2.906888370749726747e+01 3.111269837220809009e+01 0.000000000000000000e+00 1.414213562373095101e+01 1.403566884761819900e+01 9.219544457292887074e+00
2.720294101747088789e+01 2.886173937932362321e+01 2.701851217221259205e+01 3.623534186398687496e+01 3.041381265149109936e+01 1.334166406412633421e+01 2.624880949681337583e+01 3.088689042296100240e+01 1.252996408614166768e+01 2.600000000000000000e+01 6.708203932499369415e+00 2.000000000000000000e+01 7.071067811865475505e+00 1.300000000000000000e+01 1.697056274847713908e+01 1.878829422805593552e+01 2.154065922853801496e+01 1.414213562373095101e+01 0.000000000000000000e+00 2.801785145224380003e+01 1.746424919657297892e+01
4.500000000000000000e+01 3.580502757993631491e+01 1.746424919657297892e+01 2.942787793912432193e+01 6.324555320336759046e+00 4.104875150354758517e+01 1.969771560359220786e+01 3.087069808086626210e+01 2.505992817228333536e+01 3.889730067755344578e+01 2.596150997149434048e+01 8.062257748298549132e+00 3.505709628591620941e+01 4.101219330881975367e+01 4.148493702538308270e+01 4.024922359499621649e+01 4.167733196834941367e+01 1.403566884761819900e+01 2.801785145224380003e+01 0.000000000000000000e+00 1.442220510185595650e+01
3.061045573002793319e+01 2.284731931759172596e+01 2.451530134426252516e+01 2.213594362117865444e+01 1.414213562373095101e+01 3.067572330035593353e+01 1.077032961426900748e+01 2.002498439450078749e+01 1.077032961426900748e+01 2.483948469674844262e+01 1.303840481040529831e+01 8.062257748298549132e+00 2.376972864800942631e+01 2.983286778035259701e+01 3.383784863137726262e+01 2.600000000000000000e+01 2.729468812791236232e+01 9.219544457292887074e+00 1.746424919657297892e+01 1.442220510185595650e+01 0.000000000000000000e+00
