0.000000000000000000e+00 1.835755975068581947e+01 1.204159457879229578e+01 1.581138830084189628e+01 1.923538406167134340e+01 8.062257748298549132e+00 2.000000000000000000e+01 1.941648783894759944e+01 1.000000000000000000e+01 1.612451549659709826e+01 1.923538406167134340e+01 2.817800560721074277e+01 2.720294101747088789e+01 7.615773105863908654e+00 1.118033988749894903e+01 1.843908891458577415e+01 1.360147050873544394e+01 6.082762530298219339e+00 2.109502310972898798e+01 2.773084924772409465e+01 2.126029162546929996e+01 4.123105625617660586e+00 1.204159457879229578e+01 1.000000000000000000e+01
1.835755975068581947e+01 0.000000000000000000e+00 2.501999200639360765e+01 2.308679276123039159e+01 2.692582403567251959e+01 2.404163056034261459e+01 3.827531841800927737e+01 5.830951894845300743e+00 1.972308292331602075e+01 2.236067977499789805e+00 3.383784863137726262e+01 9.848857801796103928e+00 1.972308292331602075e+01 2.594224354214569317e+01 2.831960451701259274e+01 2.954657340538831534e+01 8.246211251235321171e+00 2.416609194718914466e+01 3.818376618407356915e+01 2.284731931759172596e+01 3.238826948140329165e+01 1.984943324127920761e+01 1.077032961426900748e+01 2.830194339616981125e+01
1.204159457879229578e+01 2.501999200639360765e+01 0.000000000000000000e+00 2.765863337187866122e+01 3.080584360149872580e+01 1.788854381999831844e+01 2.118962010041709121e+01 2.828427124746190202e+01 2.193171219946130890e+01 2.300000000000000000e+01 2.765863337187866122e+01 3.436568055487916240e+01 3.848376280978771291e+01 1.118033988749894903e+01 1.843908891458577415e+01 2.906888370749726747e+01 1.726267650163206824e+01 9.486832980505138124e+00 2.607680962081059661e+01 3.944616584663204151e+01 9.219544457292887074e+00 1.562049935181330795e+01 2.284731931759172596e+01 1.403566884761819900e+01
1.581138830084189628e+01 2.308679276123039159e+01 2.765863337187866122e+01 0.000000000000000000e+00 4.000000000000000000e+00 1.118033988749894903e+01 2.501999200639360765e+01 1.972308292331602075e+01 5.830951894845300743e+00 2.158703314492290204e+01 1.341640786499873883e+01 3.052867504494749440e+01 1.772004514666934938e+01 1.886796226411320632e+01 1.431782106327635340e+01 7.071067811865475505e+00 2.402082429892862692e+01 1.920937271229854559e+01 2.061552812808830382e+01 1.603121954188139853e+01 3.679673898594819548e+01 1.204159457879229578e+01 1.236931687685298087e+01 1.838477631085023489e+01
1.923538406167134340e+01 2.692582403567251959e+01 3.080584360149872580e+01 4.000000000000000000e+00 0.000000000000000000e+00 1.345362404707370985e+01 2.549509756796392423e+01 2.325940669922601600e+01 9.486832980505138124e+00 2.549509756796392423e+01 1.216552506059643868e+01 3.400000000000000000e+01 1.923538406167134340e+01 2.126029162546929996e+01 1.565247584249852864e+01 5.099019513592784492e+00 2.801785145224380003e+01 2.193171219946130890e+01 2.002498439450078749e+01 1.676305461424021104e+01 3.982461550347975532e+01 1.526433752247374720e+01 1.627882059609970611e+01 2.024845673131658685e+01
8.062257748298549132e+00 2.404163056034261459e+01 1.788854381999831844e+01 1.118033988749894903e+01 1.345362404707370985e+01 0.000000000000000000e+00 1.552417469626002422e+01 2.332380757938120297e+01 7.000000000000000000e+00 2.193171219946130890e+01 1.118033988749894903e+01 3.342154993413680586e+01 2.700000000000000000e+01 7.810249675906653977e+00 4.472135954999579610e+00 1.118033988749894903e+01 2.102379604162863913e+01 8.602325267042626677e+00 1.414213562373095101e+01 2.630589287593181069e+01 2.662705391138869615e+01 4.472135954999579610e+00 1.476482306023340030e+01 7.280109889280518054e+00
2.000000000000000000e+01 3.827531841800927737e+01 2.118962010041709121e+01 2.501999200639360765e+01 2.549509756796392423e+01 1.552417469626002422e+01 0.000000000000000000e+00 3.848376280978771291e+01 2.236067977499789805e+01 3.605551275463989214e+01 1.476482306023340030e+01 4.802082881417187821e+01 4.219004621945797595e+01 1.272792206135785520e+01 1.118033988749894903e+01 2.088061301782110135e+01 3.324154027718932269e+01 1.486606874731850603e+01 7.810249675906653977e+00 4.100000000000000000e+01 2.600000000000000000e+01 1.878829422805593552e+01 3.008321791298264714e+01 1.000000000000000000e+01
1.941648783894759944e+01 5.830951894845300743e+00 2.828427124746190202e+01 1.972308292331602075e+01 2.325940669922601600e+01 2.332380757938120297e+01 3.848376280978771291e+01 0.000000000000000000e+00 1.769180601295413169e+01 6.403124237432848531e+00 3.182766092567909766e+01 1.081665382639196871e+01 1.389244398944980396e+01 2.692582403567251959e+01 2.778488797889960793e+01 2.662705391138869615e+01 1.303840481040529831e+01 2.549509756796392423e+01 3.720215047547655018e+01 1.708800749063506075e+01 3.640054944640259293e+01 1.969771560359220786e+01 8.602325267042626677e+00 2.879236009777593708e+01
1.000000000000000000e+01 1.972308292331602075e+01 2.193171219946130890e+01 5.830951894845300743e+00 9.486832980505138124e+00 7.000000000000000000e+00 2.236067977499789805e+01 1.769180601295413169e+01 0.000000000000000000e+00 1.788854381999831844e+01 1.421267040355189515e+01 2.831960451701259274e+01 2.000000000000000000e+01 1.392838827718411920e+01 1.118033988749894903e+01 1.019803902718556898e+01 1.910497317454279909e+01 1.389244398944980396e+01 1.972308292331602075e+01 1.941648783894759944e+01 3.111269837220809009e+01 6.403124237432848531e+00 9.219544457292887074e+00 1.414213562373095101e+01
1.612451549659709826e+01 2.236067977499789805e+00 2.300000000000000000e+01 2.158703314492290204e+01 2.549509756796392423e+01 2.193171219946130890e+01 3.605551275463989214e+01 6.403124237432848531e+00 1.788854381999831844e+01 0.000000000000000000e+00 3.190611226708763226e+01 1.208304597359457233e+01 2.000000000000000000e+01 2.370653918225939449e+01 2.617250465660480074e+01 2.785677655436823841e+01 6.708203932499369415e+00 2.193171219946130890e+01 3.606937759374286401e+01 2.282542442102665348e+01 3.059411708155671050e+01 1.769180601295413169e+01 9.219544457292887074e+00 2.607680962081059661e+01
1.923538406167134340e+01 3.383784863137726262e+01 2.765863337187866122e+01 1.341640786499873883e+01 1.216552506059643868e+01 1.118033988749894903e+01 1.476482306023340030e+01 3.182766092567909766e+01 1.421267040355189515e+01 3.190611226708763226e+01 0.000000000000000000e+00 4.252058325093859992e+01 3.101612483854164637e+01 1.649242250247064234e+01 9.219544457292887074e+00 7.071067811865475505e+00 3.195309061734091571e+01 1.824828759089465890e+01 8.062257748298549132e+00 2.886173937932362321e+01 3.546829570193639825e+01 1.552417469626002422e+01 2.343074902771996193e+01 1.392838827718411920e+01
2.817800560721074277e+01 9.848857801796103928e+00 3.436568055487916240e+01 3.052867504494749440e+01 3.400000000000000000e+01 3.342154993413680586e+01 4.802082881417187821e+01 1.081665382639196871e+01 2.831960451701259274e+01 1.208304597359457233e+01 4.252058325093859992e+01 0.000000000000000000e+00 2.102379604162863913e+01 3.577708763999663688e+01 3.780211634287159939e+01 3.744329045369811126e+01 1.711724276862369010e+01 3.401470270338990076e+01 4.750789408087881327e+01 2.500000000000000000e+01 4.101219330881975367e+01 2.941088233970548416e+01 1.910497317454279909e+01 3.807886552931954327e+01
2.720294101747088789e+01 1.972308292331602075e+01 3.848376280978771291e+01 1.772004514666934938e+01 1.923538406167134340e+01 2.700000000000000000e+01 4.219004621945797595e+01 1.389244398944980396e+01 2.000000000000000000e+01 2.000000000000000000e+01 3.101612483854164637e+01 2.102379604162863913e+01 0.000000000000000000e+00 3.337663853655727308e+01 3.106444913401813324e+01 2.416609194718914466e+01 2.617250465660480074e+01 3.275667870831839679e+01 3.832753579347360073e+01 4.123105625617660586e+00 4.741307836451878899e+01 2.531797780234432693e+01 1.565247584249852864e+01 3.405877273185280529e+01
7.615773105863908654e+00 2.594224354214569317e+01 1.118033988749894903e+01 1.886796226411320632e+01 2.126029162546929996e+01 7.810249675906653977e+00 1.272792206135785520e+01 2.692582403567251959e+01 1.392838827718411920e+01 2.370653918225939449e+01 1.649242250247064234e+01 3.577708763999663688e+01 3.337663853655727308e+01 0.000000000000000000e+00 7.280109889280518054e+00 1.860107523773827509e+01 2.051828452868319275e+01 2.236067977499789805e+00 1.552417469626002422e+01 3.324154027718932269e+01 1.923538406167134340e+01 8.062257748298549132e+00 1.910497317454279909e+01 3.162277660168379523e+00
1.118033988749894903e+01 2.831960451701259274e+01 1.843908891458577415e+01 1.431782106327635340e+01 1.565247584249852864e+01 4.472135954999579610e+00 1.118033988749894903e+01 2.778488797889960793e+01 1.118033988749894903e+01 2.617250465660480074e+01 9.219544457292887074e+00 3.780211634287159939e+01 3.106444913401813324e+01 7.280109889280518054e+00 0.000000000000000000e+00 1.204159457879229578e+01 2.469817807045693669e+01 9.055385138137417300e+00 1.000000000000000000e+01 3.006659275674581622e+01 2.640075756488817049e+01 8.485281374238569541e+00 1.923538406167134340e+01 5.000000000000000000e+00
1.843908891458577415e+01 2.954657340538831534e+01 2.906888370749726747e+01 7.071067811865475505e+00 5.099019513592784492e+00 1.118033988749894903e+01 2.088061301782110135e+01 2.662705391138869615e+01 1.019803902718556898e+01 2.785677655436823841e+01 7.071067811865475505e+00 3.744329045369811126e+01 2.416609194718914466e+01 1.860107523773827509e+01 1.204159457879229578e+01 0.000000000000000000e+00 2.927456233660889495e+01 1.972308292331602075e+01 1.500000000000000000e+01 2.184032966784155505e+01 3.773592452822641263e+01 1.431782106327635340e+01 1.878829422805593552e+01 1.697056274847713908e+01
1.360147050873544394e+01 8.246211251235321171e+00 1.726267650163206824e+01 2.402082429892862692e+01 2.801785145224380003e+01 2.102379604162863913e+01 3.324154027718932269e+01 1.303840481040529831e+01 1.910497317454279909e+01 6.708203932499369415e+00 3.195309061734091571e+01 1.711724276862369010e+01 2.617250465660480074e+01 2.051828452868319275e+01 2.469817807045693669e+01 2.927456233660889495e+01 0.000000000000000000e+00 1.843908891458577415e+01 3.466987164671942878e+01 2.860069929215018192e+01 2.418677324489564739e+01 1.655294535724684835e+01 1.264911064067351809e+01 2.334523505985750447e+01
6.082762530298219339e+00 2.416609194718914466e+01 9.486832980505138124e+00 1.920937271229854559e+01 2.193171219946130890e+01 8.602325267042626677e+00 1.486606874731850603e+01 2.549509756796392423e+01 1.389244398944980396e+01 2.193171219946130890e+01 1.824828759089465890e+01 3.401470270338990076e+01 3.275667870831839679e+01 2.236067977499789805e+00 9.055385138137417300e+00 1.972308292331602075e+01 1.843908891458577415e+01 0.000000000000000000e+00 1.772004514666934938e+01 3.289376840679705083e+01 1.802775637731994607e+01 7.615773105863908654e+00 1.800000000000000000e+01 5.385164807134503739e+00
2.109502310972898798e+01 3.818376618407356915e+01 2.607680962081059661e+01 2.061552812808830382e+01 2.002498439450078749e+01 1.414213562373095101e+01 7.810249675906653977e+00 3.720215047547655018e+01 1.972308292331602075e+01 3.606937759374286401e+01 8.062257748298549132e+00 4.750789408087881327e+01 3.832753579347360073e+01 1.552417469626002422e+01 1.000000000000000000e+01 1.500000000000000000e+01 3.466987164671942878e+01 1.772004514666934938e+01 0.000000000000000000e+00 3.649657518178931781e+01 3.238826948140329165e+01 1.843908891458577415e+01 2.860069929215018192e+01 1.236931687685298087e+01
2.773084924772409465e+01 2.284731931759172596e+01 3.944616584663204151e+01 1.603121954188139853e+01 1.676305461424021104e+01 2.630589287593181069e+01 4.100000000000000000e+01 1.708800749063506075e+01 1.941648783894759944e+01 2.282542442102665348e+01 2.886173937932362321e+01 2.500000000000000000e+01 4.123105625617660586e+00 3.324154027718932269e+01 3.006659275674581622e+01 2.184032966784155505e+01 2.860069929215018192e+01 3.289376840679705083e+01 3.649657518178931781e+01 0.000000000000000000e+00 4.854894437575342181e+01 2.529822128134703618e+01 1.702938636592640265e+01 3.354101966249684352e+01
2.126029162546929996e+01 3.238826948140329165e+01 9.219544457292887074e+00 3.679673898594819548e+01 3.982461550347975532e+01 2.662705391138869615e+01 2.600000000000000000e+01 3.640054944640259293e+01 3.111269837220809009e+01 3.059411708155671050e+01 3.546829570193639825e+01 4.101219330881975367e+01 4.741307836451878899e+01 1.923538406167134340e+01 2.640075756488817049e+01 3.773592452822641263e+01 2.418677324489564739e+01 1.802775637731994607e+01 3.238826948140329165e+01 4.854894437575342181e+01 0.000000000000000000e+00 2.475883680627989492e+01 3.176476034853718033e+01 2.154065922853801496e+01
4.123105625617660586e+00 1.984943324127920761e+01 1.562049935181330795e+01 1.204159457879229578e+01 1.526433752247374720e+01 4.472135954999579610e+00 1.878829422805593552e+01 1.969771560359220786e+01 6.403124237432848531e+00 1.769180601295413169e+01 1.552417469626002422e+01 2.941088233970548416e+01 2.531797780234432693e+01 8.062257748298549132e+00 8.485281374238569541e+00 1.431782106327635340e+01 1.655294535724684835e+01 7.615773105863908654e+00 1.843908891458577415e+01 2.529822128134703618e+01 2.475883680627989492e+01 0.000000000000000000e+00 1.140175425099137918e+01 9.219544457292887074e+00
1.204159457879229578e+01 1.077032961426900748e+01 2.284731931759172596e+01 1.236931687685298087e+01 1.627882059609970611e+01 1.476482306023340030e+01 3.008321791298264714e+01 8.602325267042626677e+00 9.219544457292887074e+00 9.219544457292887074e+00 2.343074902771996193e+01 1.910497317454279909e+01 1.565247584249852864e+01 1.910497317454279909e+01 1.923538406167134340e+01 1.878829422805593552e+01 1.264911064067351809e+01 1.800000000000000000e+01 2.860069929215018192e+01 1.702938636592640265e+01 3.176476034853718033e+01 1.140175425099137918e+01 0.000000000000000000e+00 2.061552812808830382e+01
1.000000000000000000e+01 2.830194339616981125e+01 1.403566884761819900e+01 1.838477631085023489e+01 2.024845673131658685e+01 7.280109889280518054e+00 1.000000000000000000e+01 2.879236009777593708e+01 1.414213562373095101e+01 2.607680962081059661e+01 1.392838827718411920e+01 3.807886552931954327e+01 3.405877273185280529e+01 3.162277660168379523e+00 5.000000000000000000e+00 1.697056274847713908e+01 2.334523505985750447e+01 5.385164807134503739e+00 1.236931687685298087e+01 3.354101966249684352e+01 2.154065922853801496e+01 9.219544457292887074e+00 2.061552812808830382e+01 0.000000000000000000e+00
