0.000000000000000000e+00 7.071067811865475505e+00 2.061552812808830382e+01 1.746424919657297892e+01 1.442220510185595650e+01 1.920937271229854559e+01 1.603121954188139853e+01 1.431782106327635340e+01 1.004987562112088995e+01 1.640121946685672683e+01 2.247220505424423109e+01 1.902629759044044633e+01 1.456021977856103611e+01 2.118962010041709121e+01 1.552417469626002422e+01 7.071067811865475505e+00 5.000000000000000000e+00 1.581138830084189628e+01 4.472135954999579610e+00 1.389244398944980396e+01 1.503329637837290811e+01 1.403566884761819900e+01 1.414213562373095101e+01 1.104536101718726115e+01 9.000000000000000000e+00
7.071067811865475505e+00 0.000000000000000000e+00 2.500000000000000000e+01 2.418677324489564739e+01 1.860107523773827509e+01 1.486606874731850603e+01 2.300000000000000000e+01 9.219544457292887074e+00 3.605551275463989125e+00 2.282542442102665348e+01 2.500000000000000000e+01 1.897366596101027625e+01 8.602325267042626677e+00 1.900000000000000000e+01 2.220360331117451835e+01 4.472135954999579610e+00 6.403124237432848531e+00 1.000000000000000000e+01 9.486832980505138124e+00 1.300000000000000000e+01 1.612451549659709826e+01 7.280109889280518054e+00 9.486832980505138124e+00 1.811077027627483460e+01 2.236067977499789805e+00
2.061552812808830382e+01 2.500000000000000000e+01 0.000000000000000000e+00 1.264911064067351809e+01 6.403124237432848531e+00 2.501999200639360765e+01 1.529705854077835525e+01 3.405877273185280529e+01 2.860069929215018192e+01 2.600000000000000000e+01 7.071067811865475505e+00 1.431782106327635340e+01 3.360059523282288296e+01 2.039607805437113797e+01 1.216552506059643868e+01 2.109502310972898798e+01 2.561249694973139412e+01 2.692582403567251959e+01 1.627882059609970611e+01 3.440930106817050671e+01 1.204159457879229578e+01 3.190611226708763226e+01 2.376972864800942631e+01 1.711724276862369010e+01 2.720294101747088789e+01
1.746424919657297892e+01 2.418677324489564739e+01 1.264911064067351809e+01 0.000000000000000000e+00 1.204159457879229578e+01 3.101612483854164637e+01 3.162277660168379523e+00 3.162277660168379256e+01 2.745906043549196340e+01 1.456021977856103611e+01 1.923538406167134340e+01 2.343074902771996193e+01 3.201562118716424266e+01 2.884441020371191300e+01 2.000000000000000000e+00 2.202271554554523902e+01 2.154065922853801496e+01 3.041381265149109936e+01 1.500000000000000000e+01 2.884441020371191300e+01 1.941648783894759944e+01 3.140063693621516450e+01 2.765863337187866122e+01 7.810249675906653977e+00 2.630589287593181069e+01
1.442220510185595650e+01 1.860107523773827509e+01 6.403124237432848531e+00 1.204159457879229578e+01 0.000000000000000000e+00 2.022374841615668473e+01 1.360147050873544394e+01 2.765863337187866122e+01 2.220360331117451835e+01 2.256102834535695578e+01 9.000000000000000000e+00 1.140175425099137918e+01 2.720294101747088789e+01 1.700000000000000000e+01 1.063014581273464998e+01 1.476482306023340030e+01 1.941648783894759944e+01 2.121320343559642652e+01 1.000000000000000000e+01 2.830194339616981125e+01 7.615773105863908654e+00 2.555386467836127551e+01 1.811077027627483460e+01 1.334166406412633421e+01 2.080865204668481283e+01
1.920937271229854559e+01 1.486606874731850603e+01 2.501999200639360765e+01 3.101612483854164637e+01 2.022374841615668473e+01 0.000000000000000000e+00 3.130495168499705727e+01 2.102379604162863913e+01 1.612451549659709826e+01 3.535533905932737753e+01 2.088061301782110135e+01 1.170469991071962568e+01 1.910497317454279909e+01 7.071067811865475505e+00 2.915475947422650194e+01 1.220655561573370207e+01 2.102379604162863913e+01 6.082762530298219339e+00 1.780449381476485726e+01 2.745906043549196340e+01 1.300000000000000000e+01 1.612451549659709826e+01 5.385164807134503739e+00 2.801785145224380003e+01 1.529705854077835525e+01
1.603121954188139853e+01 2.300000000000000000e+01 1.529705854077835525e+01 3.162277660168379523e+00 1.360147050873544394e+01 3.130495168499705727e+01 0.000000000000000000e+00 2.983286778035259701e+01 2.607680962081059661e+01 1.140175425099137918e+01 2.154065922853801496e+01 2.475883680627989492e+01 3.041381265149109936e+01 2.983286778035259701e+01 3.162277660168379523e+00 2.137755832643194864e+01 1.964688270438849926e+01 3.008321791298264714e+01 1.431782106327635340e+01 2.641968962724581260e+01 2.051828452868319275e+01 3.006659275674581622e+01 2.751363298439520833e+01 5.385164807134503739e+00 2.501999200639360765e+01
1.431782106327635340e+01 9.219544457292887074e+00 3.405877273185280529e+01 3.162277660168379256e+01 2.765863337187866122e+01 2.102379604162863913e+01 2.983286778035259701e+01 0.000000000000000000e+00 5.830951894845300743e+00 2.630589287593181069e+01 3.420526275297414287e+01 2.773084924772409465e+01 2.236067977499789805e+00 2.668332812825266842e+01 2.973213749463701205e+01 1.360147050873544394e+01 1.019803902718556898e+01 1.500000000000000000e+01 1.802775637731994607e+01 8.485281374238569541e+00 2.523885892824792521e+01 5.099019513592784492e+00 1.627882059609970611e+01 2.451530134426252516e+01 7.211102550927978250e+00
1.004987562112088995e+01 3.605551275463989125e+00 2.860069929215018192e+01 2.745906043549196340e+01 2.220360331117451835e+01 1.612451549659709826e+01 2.607680962081059661e+01 5.830951894845300743e+00 0.000000000000000000e+00 2.469817807045693669e+01 2.842534080710379030e+01 2.193171219946130890e+01 5.000000000000000000e+00 2.121320343559642652e+01 2.549509756796392423e+01 7.810249675906653977e+00 7.615773105863908654e+00 1.044030650891055068e+01 1.300000000000000000e+01 1.140175425099137918e+01 1.941648783894759944e+01 4.000000000000000000e+00 1.100000000000000000e+01 2.100000000000000000e+01 1.414213562373095145e+00
1.640121946685672683e+01 2.282542442102665348e+01 2.600000000000000000e+01 1.456021977856103611e+01 2.256102834535695578e+01 3.535533905932737753e+01 1.140175425099137918e+01 2.630589287593181069e+01 2.469817807045693669e+01 0.000000000000000000e+00 3.140063693621516450e+01 3.220248437620923454e+01 2.765863337187866122e+01 3.605551275463989214e+01 1.414213562373095101e+01 2.343074902771996193e+01 1.708800749063506075e+01 3.220248437620923454e+01 1.780449381476485726e+01 2.009975124224177989e+01 2.773084924772409465e+01 2.846049894151541437e+01 3.047950130825634218e+01 9.219544457292887074e+00 2.416609194718914466e+01
2.247220505424423109e+01 2.500000000000000000e+01 7.071067811865475505e+00 1.923538406167134340e+01 9.000000000000000000e+00 2.088061301782110135e+01 2.154065922853801496e+01 3.420526275297414287e+01 2.842534080710379030e+01 3.140063693621516450e+01 0.000000000000000000e+00 9.219544457292887074e+00 3.330165161069342616e+01 1.503329637837290811e+01 1.838477631085023489e+01 2.061552812808830382e+01 2.731300056749532601e+01 2.418677324489564739e+01 1.802775637731994607e+01 3.624913792078371699e+01 9.219544457292887074e+00 3.111269837220809009e+01 2.109502310972898798e+01 2.220360331117451835e+01 2.701851217221259205e+01
1.902629759044044633e+01 1.897366596101027625e+01 1.431782106327635340e+01 2.343074902771996193e+01 1.140175425099137918e+01 1.170469991071962568e+01 2.475883680627989492e+01 2.773084924772409465e+01 2.193171219946130890e+01 3.220248437620923454e+01 9.219544457292887074e+00 0.000000000000000000e+00 2.641968962724581260e+01 6.082762530298219339e+00 2.193171219946130890e+01 1.456021977856103611e+01 2.308679276123039159e+01 1.562049935181330795e+01 1.529705854077835525e+01 3.157530680769388809e+01 4.472135954999579610e+00 2.385372088375312671e+01 1.272792206135785520e+01 2.332380757938120297e+01 2.061552812808830382e+01
1.456021977856103611e+01 8.602325267042626677e+00 3.360059523282288296e+01 3.201562118716424266e+01 2.720294101747088789e+01 1.910497317454279909e+01 3.041381265149109936e+01 2.236067977499789805e+00 5.000000000000000000e+00 2.765863337187866122e+01 3.330165161069342616e+01 2.641968962724581260e+01 0.000000000000000000e+00 2.500000000000000000e+01 3.008321791298264714e+01 1.272792206135785520e+01 1.100000000000000000e+01 1.303840481040529831e+01 1.788854381999831844e+01 1.063014581273464998e+01 2.420743687382040932e+01 3.000000000000000000e+00 1.456021977856103611e+01 2.517935662402834396e+01 6.403124237432848531e+00
2.118962010041709121e+01 1.900000000000000000e+01 2.039607805437113797e+01 2.884441020371191300e+01 1.700000000000000000e+01 7.071067811865475505e+00 2.983286778035259701e+01 2.668332812825266842e+01 2.121320343559642652e+01 3.605551275463989214e+01 1.503329637837290811e+01 6.082762530298219339e+00 2.500000000000000000e+01 0.000000000000000000e+00 2.720294101747088789e+01 1.513274595042155646e+01 2.433105012119287736e+01 1.252996408614166768e+01 1.835755975068581947e+01 3.200000000000000000e+01 9.433981132056603158e+00 2.213594362117865444e+01 1.044030650891055068e+01 2.765863337187866122e+01 2.009975124224177989e+01
1.552417469626002422e+01 2.220360331117451835e+01 1.216552506059643868e+01 2.000000000000000000e+00 1.063014581273464998e+01 2.915475947422650194e+01 3.162277660168379523e+00 2.973213749463701205e+01 2.549509756796392423e+01 1.414213562373095101e+01 1.838477631085023489e+01 2.193171219946130890e+01 3.008321791298264714e+01 2.720294101747088789e+01 0.000000000000000000e+00 2.002498439450078749e+01 1.969771560359220786e+01 2.844292530665578411e+01 1.300000000000000000e+01 2.720294101747088789e+01 1.780449381476485726e+01 2.942787793912432193e+01 2.570992026436488231e+01 6.403124237432848531e+00 2.433105012119287736e+01
7.071067811865475505e+00 4.472135954999579610e+00 2.109502310972898798e+01 2.202271554554523902e+01 1.476482306023340030e+01 1.220655561573370207e+01 2.137755832643194864e+01 1.360147050873544394e+01 7.810249675906653977e+00 2.343074902771996193e+01 2.061552812808830382e+01 1.456021977856103611e+01 1.272792206135785520e+01 1.513274595042155646e+01 2.002498439450078749e+01 0.000000000000000000e+00 9.219544457292887074e+00 8.944271909999159220e+00 7.071067811865475505e+00 1.711724276862369010e+01 1.166190378969060149e+01 1.081665382639196871e+01 7.071067811865475505e+00 1.708800749063506075e+01 6.403124237432848531e+00
5.000000000000000000e+00 6.403124237432848531e+00 2.561249694973139412e+01 2.154065922853801496e+01 1.941648783894759944e+01 2.102379604162863913e+01 1.964688270438849926e+01 1.019803902718556898e+01 7.615773105863908654e+00 1.708800749063506075e+01 2.731300056749532601e+01 2.308679276123039159e+01 1.100000000000000000e+01 2.433105012119287736e+01 1.969771560359220786e+01 9.219544457292887074e+00 0.000000000000000000e+00 1.640121946685672683e+01 9.433981132056603158e+00 8.944271909999159220e+00 1.941648783894759944e+01 1.140175425099137918e+01 1.565247584249852864e+01 1.431782106327635340e+01 7.211102550927978250e+00
1.581138830084189628e+01 1.000000000000000000e+01 2.692582403567251959e+01 3.041381265149109936e+01 2.121320343559642652e+01 6.082762530298219339e+00 3.008321791298264714e+01 1.500000000000000000e+01 1.044030650891055068e+01 3.220248437620923454e+01 2.418677324489564739e+01 1.562049935181330795e+01 1.303840481040529831e+01 1.252996408614166768e+01 2.844292530665578411e+01 8.944271909999159220e+00 1.640121946685672683e+01 0.000000000000000000e+00 1.581138830084189628e+01 2.184032966784155505e+01 1.523154621172781731e+01 1.004987562112088995e+01 3.162277660168379523e+00 2.600000000000000000e+01 9.848857801796103928e+00
4.472135954999579610e+00 9.486832980505138124e+00 1.627882059609970611e+01 1.500000000000000000e+01 1.000000000000000000e+01 1.780449381476485726e+01 1.431782106327635340e+01 1.802775637731994607e+01 1.300000000000000000e+01 1.780449381476485726e+01 1.802775637731994607e+01 1.529705854077835525e+01 1.788854381999831844e+01 1.835755975068581947e+01 1.300000000000000000e+01 7.071067811865475505e+00 9.433981132056603158e+00 1.581138830084189628e+01 0.000000000000000000e+00 1.835755975068581947e+01 1.104536101718726115e+01 1.676305461424021104e+01 1.341640786499873883e+01 1.029563014098700080e+01 1.170469991071962568e+01
1.389244398944980396e+01 1.300000000000000000e+01 3.440930106817050671e+01 2.884441020371191300e+01 2.830194339616981125e+01 2.745906043549196340e+01 2.641968962724581260e+01 8.485281374238569541e+00 1.140175425099137918e+01 2.009975124224177989e+01 3.624913792078371699e+01 3.157530680769388809e+01 1.063014581273464998e+01 3.200000000000000000e+01 2.720294101747088789e+01 1.711724276862369010e+01 8.944271909999159220e+00 2.184032966784155505e+01 1.835755975068581947e+01 0.000000000000000000e+00 2.816025568065744622e+01 1.303840481040529831e+01 2.220360331117451835e+01 2.109502310972898798e+01 1.216552506059643868e+01
1.503329637837290811e+01 1.612451549659709826e+01 1.204159457879229578e+01 1.941648783894759944e+01 7.615773105863908654e+00 1.300000000000000000e+01 2.051828452868319275e+01 2.523885892824792521e+01 1.941648783894759944e+01 2.773084924772409465e+01 9.219544457292887074e+00 4.472135954999579610e+00 2.420743687382040932e+01 9.433981132056603158e+00 1.780449381476485726e+01 1.166190378969060149e+01 1.941648783894759944e+01 1.523154621172781731e+01 1.104536101718726115e+01 2.816025568065744622e+01 0.000000000000000000e+00 2.193171219946130890e+01 1.208304597359457233e+01 1.886796226411320632e+01 1.802775637731994607e+01
1.403566884761819900e+01 7.280109889280518054e+00 3.190611226708763226e+01 3.140063693621516450e+01 2.555386467836127551e+01 1.612451549659709826e+01 3.006659275674581622e+01 5.099019513592784492e+00 4.000000000000000000e+00 2.846049894151541437e+01 3.111269837220809009e+01 2.385372088375312671e+01 3.000000000000000000e+00 2.213594362117865444e+01 2.942787793912432193e+01 1.081665382639196871e+01 1.140175425099137918e+01 1.004987562112088995e+01 1.676305461424021104e+01 1.303840481040529831e+01 2.193171219946130890e+01 0.000000000000000000e+00 1.170469991071962568e+01 2.500000000000000000e+01 5.099019513592784492e+00
1.414213562373095101e+01 9.486832980505138124e+00 2.376972864800942631e+01 2.765863337187866122e+01 1.811077027627483460e+01 5.385164807134503739e+00 2.751363298439520833e+01 1.627882059609970611e+01 1.100000000000000000e+01 3.047950130825634218e+01 2.109502310972898798e+01 1.272792206135785520e+01 1.456021977856103611e+01 1.044030650891055068e+01 2.570992026436488231e+01 7.071067811865475505e+00 1.565247584249852864e+01 3.162277660168379523e+00 1.341640786499873883e+01 2.220360331117451835e+01 1.208304597359457233e+01 1.170469991071962568e+01 0.000000000000000000e+00 2.370653918225939449e+01 1.004987562112088995e+01
1.104536101718726115e+01 1.811077027627483460e+01 1.711724276862369010e+01 7.810249675906653977e+00 1.334166406412633421e+01 2.801785145224380003e+01 5.385164807134503739e+00 2.451530134426252516e+01 2.100000000000000000e+01 9.219544457292887074e+00 2.220360331117451835e+01 2.332380757938120297e+01 2.517935662402834396e+01 2.765863337187866122e+01 6.403124237432848531e+00 1.708800749063506075e+01 1.431782106327635340e+01 2.600000000000000000e+01 1.029563014098700080e+01 2.109502310972898798e+01 1.886796226411320632e+01 2.500000000000000000e+01 2.370653918225939449e+01 0.000000000000000000e+00 2.002498439450078749e+01
9.000000000000000000e+00 2.236067977499789805e+00 2.720294101747088789e+01 2.630589287593181069e+01 2.080865204668481283e+01 1.529705854077835525e+01 2.501999200639360765e+01 7.211102550927978250e+00 1.414213562373095145e+00 2.416609194718914466e+01 2.701851217221259205e+01 2.061552812808830382e+01 6.403124237432848531e+00 2.009975124224177989e+01 2.433105012119287736e+01 6.403124237432848531e+00 7.211102550927978250e+00 9.848857801796103928e+00 1.170469991071962568e+01 1.216552506059643868e+01 1.802775637731994607e+01 5.099019513592784492e+00 1.004987562112088995e+01 2.002498439450078749e+01 0.000000000000000000e+00
