0.000000000000000000e+00 3.667424164178449786e+01 1.529705854077835525e+01 1.140175425099137918e+01 2.701851217221259205e+01 2.751363298439520833e+01 1.486606874731850603e+01 2.968164415931165934e+01 1.204159457879229578e+01 1.486606874731850603e+01 1.414213562373095101e+01 2.256102834535695578e+01 1.700000000000000000e+01 2.501999200639360765e+01 3.764306044943742080e+01 1.612451549659709826e+01 2.195449840010014952e+01 2.193171219946130890e+01 2.692582403567251959e+01 2.831960451701259274e+01 1.886796226411320632e+01 2.915475947422650194e+01
3.667424164178449786e+01 0.000000000000000000e+00 2.220360331117451835e+01 3.041381265149109936e+01 3.383784863137726262e+01 2.600000000000000000e+01 2.280350850198275836e+01 8.000000000000000000e+00 3.224903099319419653e+01 2.353720459187963954e+01 3.505709628591620941e+01 1.555634918610404505e+01 1.969771560359220786e+01 1.700000000000000000e+01 8.944271909999159220e+00 3.100000000000000000e+01 2.220360331117451835e+01 1.476482306023340030e+01 2.785677655436823841e+01 1.236931687685298087e+01 2.300000000000000000e+01 2.012461179749810825e+01
1.529705854077835525e+01 2.220360331117451835e+01 0.000000000000000000e+00 1.442220510185595650e+01 2.778488797889960793e+01 2.376972864800942631e+01 8.062257748298549132e+00 1.640121946685672683e+01 1.664331697709323876e+01 9.433981132056603158e+00 2.024845673131658685e+01 7.280109889280518054e+00 5.000000000000000000e+00 1.019803902718556898e+01 2.523885892824792521e+01 1.838477631085023489e+01 1.649242250247064234e+01 7.810249675906653977e+00 2.435159132377184221e+01 1.708800749063506075e+01 1.392838827718411920e+01 2.200000000000000000e+01
1.140175425099137918e+01 3.041381265149109936e+01 1.442220510185595650e+01 0.000000000000000000e+00 1.612451549659709826e+01 1.615549442140351033e+01 8.062257748298549132e+00 2.256102834535695578e+01 2.236067977499789805e+00 7.000000000000000000e+00 5.830951894845300743e+00 1.992485884517127559e+01 1.236931687685298087e+01 2.416609194718914466e+01 2.906888370749726747e+01 5.099019513592784492e+00 1.131370849898476116e+01 1.711724276862369010e+01 1.552417469626002422e+01 1.969771560359220786e+01 8.602325267042626677e+00 1.843908891458577415e+01
2.701851217221259205e+01 3.383784863137726262e+01 2.778488797889960793e+01 1.612451549659709826e+01 0.000000000000000000e+00 8.062257748298549132e+00 1.972308292331602075e+01 2.640075756488817049e+01 1.500000000000000000e+01 1.835755975068581947e+01 1.334166406412633421e+01 3.041381265149109936e+01 2.360084744241189370e+01 3.538361202590826338e+01 2.816025568065744622e+01 1.104536101718726115e+01 1.280624847486569706e+01 2.617250465660480074e+01 6.082762530298219339e+00 2.154065922853801496e+01 1.421267040355189515e+01 1.414213562373095101e+01
2.751363298439520833e+01 2.600000000000000000e+01 2.376972864800942631e+01 1.615549442140351033e+01 8.062257748298549132e+00 0.000000000000000000e+00 1.612451549659709826e+01 1.886796226411320632e+01 1.612451549659709826e+01 1.503329637837290811e+01 1.627882059609970611e+01 2.469817807045693669e+01 1.897366596101027625e+01 2.968164415931165934e+01 2.009975124224177989e+01 1.220655561573370207e+01 7.280109889280518054e+00 2.024845673131658685e+01 2.000000000000000000e+00 1.389244398944980396e+01 1.004987562112088995e+01 6.082762530298219339e+00
1.486606874731850603e+01 2.280350850198275836e+01 8.062257748298549132e+00 8.062257748298549132e+00 1.972308292331602075e+01 1.612451549659709826e+01 0.000000000000000000e+00 1.523154621172781731e+01 1.019803902718556898e+01 1.414213562373095145e+00 1.360147050873544394e+01 1.208304597359457233e+01 4.472135954999579610e+00 1.664331697709323876e+01 2.280350850198275836e+01 1.081665382639196871e+01 9.000000000000000000e+00 9.055385138137417300e+00 1.649242250247064234e+01 1.345362404707370985e+01 6.082762530298219339e+00 1.552417469626002422e+01
2.968164415931165934e+01 8.000000000000000000e+00 1.640121946685672683e+01 2.256102834535695578e+01 2.640075756488817049e+01 1.886796226411320632e+01 1.523154621172781731e+01 0.000000000000000000e+00 2.433105012119287736e+01 1.581138830084189628e+01 2.707397274136176790e+01 1.140175425099137918e+01 1.280624847486569706e+01 1.500000000000000000e+01 8.944271909999159220e+00 2.300000000000000000e+01 1.431782106327635340e+01 8.602325267042626677e+00 2.059126028197400160e+01 5.000000000000000000e+00 1.500000000000000000e+01 1.345362404707370985e+01
1.204159457879229578e+01 3.224903099319419653e+01 1.664331697709323876e+01 2.236067977499789805e+00 1.500000000000000000e+01 1.612451549659709826e+01 1.019803902718556898e+01 2.433105012119287736e+01 0.000000000000000000e+00 9.055385138137417300e+00 3.605551275463989125e+00 2.213594362117865444e+01 1.456021977856103611e+01 2.640075756488817049e+01 3.046309242345563462e+01 4.123105625617660586e+00 1.220655561573370207e+01 1.923538406167134340e+01 1.523154621172781731e+01 2.118962010041709121e+01 9.848857801796103928e+00 1.910497317454279909e+01
1.486606874731850603e+01 2.353720459187963954e+01 9.433981132056603158e+00 7.000000000000000000e+00 1.835755975068581947e+01 1.503329637837290811e+01 1.414213562373095145e+00 1.581138830084189628e+01 9.055385138137417300e+00 0.000000000000000000e+00 1.236931687685298087e+01 1.341640786499873883e+01 5.830951894845300743e+00 1.802775637731994607e+01 2.302172886644267535e+01 9.433981132056603158e+00 8.062257748298549132e+00 1.019803902718556898e+01 1.529705854077835525e+01 1.360147050873544394e+01 5.000000000000000000e+00 1.486606874731850603e+01
1.414213562373095101e+01 3.505709628591620941e+01 2.024845673131658685e+01 5.830951894845300743e+00 1.334166406412633421e+01 1.627882059609970611e+01 1.360147050873544394e+01 2.707397274136176790e+01 3.605551275463989125e+00 1.236931687685298087e+01 0.000000000000000000e+00 2.563201123595259290e+01 1.802775637731994607e+01 2.996664812754339380e+01 3.257299494980465937e+01 4.472135954999579610e+00 1.392838827718411920e+01 2.256102834535695578e+01 1.500000000000000000e+01 2.353720459187963954e+01 1.216552506059643868e+01 2.024845673131658685e+01
2.256102834535695578e+01 1.555634918610404505e+01 7.280109889280518054e+00 1.992485884517127559e+01 3.041381265149109936e+01 2.469817807045693669e+01 1.208304597359457233e+01 1.140175425099137918e+01 2.213594362117865444e+01 1.341640786499873883e+01 2.563201123595259290e+01 0.000000000000000000e+00 7.615773105863908654e+00 5.000000000000000000e+00 2.024845673131658685e+01 2.282542442102665348e+01 1.780449381476485726e+01 4.472135954999579610e+00 2.580697580112788003e+01 1.403566884761819900e+01 1.627882059609970611e+01 2.118962010041709121e+01
1.700000000000000000e+01 1.969771560359220786e+01 5.000000000000000000e+00 1.236931687685298087e+01 2.360084744241189370e+01 1.897366596101027625e+01 4.472135954999579610e+00 1.280624847486569706e+01 1.456021977856103611e+01 5.830951894845300743e+00 1.802775637731994607e+01 7.615773105863908654e+00 0.000000000000000000e+00 1.220655561573370207e+01 2.126029162546929996e+01 1.526433752247374720e+01 1.170469991071962568e+01 5.099019513592784492e+00 1.969771560359220786e+01 1.252996408614166768e+01 9.433981132056603158e+00 1.700000000000000000e+01
2.501999200639360765e+01 1.700000000000000000e+01 1.019803902718556898e+01 2.416609194718914466e+01 3.538361202590826338e+01 2.968164415931165934e+01 1.664331697709323876e+01 1.500000000000000000e+01 2.640075756488817049e+01 1.802775637731994607e+01 2.996664812754339380e+01 5.000000000000000000e+00 1.220655561573370207e+01 0.000000000000000000e+00 2.334523505985750447e+01 2.745906043549196340e+01 2.280350850198275836e+01 9.433981132056603158e+00 3.080584360149872580e+01 1.843908891458577415e+01 2.121320343559642652e+01 2.600000000000000000e+01
3.764306044943742080e+01 8.944271909999159220e+00 2.523885892824792521e+01 2.906888370749726747e+01 2.816025568065744622e+01 2.009975124224177989e+01 2.280350850198275836e+01 8.944271909999159220e+00 3.046309242345563462e+01 2.302172886644267535e+01 3.257299494980465937e+01 2.024845673131658685e+01 2.126029162546929996e+01 2.334523505985750447e+01 0.000000000000000000e+00 2.816025568065744622e+01 1.868154169226940553e+01 1.749285568453590045e+01 2.209072203437452231e+01 9.433981132056603158e+00 2.061552812808830382e+01 1.403566884761819900e+01
1.612451549659709826e+01 3.100000000000000000e+01 1.838477631085023489e+01 5.099019513592784492e+00 1.104536101718726115e+01 1.220655561573370207e+01 1.081665382639196871e+01 2.300000000000000000e+01 4.123105625617660586e+00 9.433981132056603158e+00 4.472135954999579610e+00 2.282542442102665348e+01 1.526433752247374720e+01 2.745906043549196340e+01 2.816025568065744622e+01 0.000000000000000000e+00 9.486832980505138124e+00 1.931320791582796659e+01 1.118033988749894903e+01 1.923538406167134340e+01 8.000000000000000000e+00 1.581138830084189628e+01
2.195449840010014952e+01 2.220360331117451835e+01 1.649242250247064234e+01 1.131370849898476116e+01 1.280624847486569706e+01 7.280109889280518054e+00 9.000000000000000000e+00 1.431782106327635340e+01 1.220655561573370207e+01 8.062257748298549132e+00 1.392838827718411920e+01 1.780449381476485726e+01 1.170469991071962568e+01 2.280350850198275836e+01 1.868154169226940553e+01 9.486832980505138124e+00 0.000000000000000000e+00 1.345362404707370985e+01 8.062257748298549132e+00 1.000000000000000000e+01 3.162277660168379523e+00 7.211102550927978250e+00
2.193171219946130890e+01 1.476482306023340030e+01 7.810249675906653977e+00 1.711724276862369010e+01 2.617250465660480074e+01 2.024845673131658685e+01 9.055385138137417300e+00 8.602325267042626677e+00 1.923538406167134340e+01 1.019803902718556898e+01 2.256102834535695578e+01 4.472135954999579610e+00 5.099019513592784492e+00 9.433981132056603158e+00 1.749285568453590045e+01 1.931320791582796659e+01 1.345362404707370985e+01 0.000000000000000000e+00 2.140093455903269515e+01 1.004987562112088995e+01 1.220655561573370207e+01 1.676305461424021104e+01
2.692582403567251959e+01 2.785677655436823841e+01 2.435159132377184221e+01 1.552417469626002422e+01 6.082762530298219339e+00 2.000000000000000000e+00 1.649242250247064234e+01 2.059126028197400160e+01 1.523154621172781731e+01 1.529705854077835525e+01 1.500000000000000000e+01 2.580697580112788003e+01 1.969771560359220786e+01 3.080584360149872580e+01 2.209072203437452231e+01 1.118033988749894903e+01 8.062257748298549132e+00 2.140093455903269515e+01 0.000000000000000000e+00 1.565247584249852864e+01 1.044030650891055068e+01 8.062257748298549132e+00
2.831960451701259274e+01 1.236931687685298087e+01 1.708800749063506075e+01 1.969771560359220786e+01 2.154065922853801496e+01 1.389244398944980396e+01 1.345362404707370985e+01 5.000000000000000000e+00 2.118962010041709121e+01 1.360147050873544394e+01 2.353720459187963954e+01 1.403566884761819900e+01 1.252996408614166768e+01 1.843908891458577415e+01 9.433981132056603158e+00 1.923538406167134340e+01 1.000000000000000000e+01 1.004987562112088995e+01 1.565247584249852864e+01 0.000000000000000000e+00 1.140175425099137918e+01 8.485281374238569541e+00
1.886796226411320632e+01 2.300000000000000000e+01 1.392838827718411920e+01 8.602325267042626677e+00 1.421267040355189515e+01 1.004987562112088995e+01 6.082762530298219339e+00 1.500000000000000000e+01 9.848857801796103928e+00 5.000000000000000000e+00 1.216552506059643868e+01 1.627882059609970611e+01 9.433981132056603158e+00 2.121320343559642652e+01 2.061552812808830382e+01 8.000000000000000000e+00 3.162277660168379523e+00 1.220655561573370207e+01 1.044030650891055068e+01 1.140175425099137918e+01 0.000000000000000000e+00 1.029563014098700080e+01
2.915475947422650194e+01 2.012461179749810825e+01 2.200000000000000000e+01 1.843908891458577415e+01 1.414213562373095101e+01 6.082762530298219339e+00 1.552417469626002422e+01 1.345362404707370985e+01 1.910497317454279909e+01 1.486606874731850603e+01 2.024845673131658685e+01 2.118962010041709121e+01 1.700000000000000000e+01 2.600000000000000000e+01 1.403566884761819900e+01 1.581138830084189628e+01 7.211102550927978250e+00 1.676305461424021104e+01 8.062257748298549132e+00 8.485281374238569541e+00 1.029563014098700080e+01 0.000000000000000000e+00
