0.000000000000000000e+00 1.252996408614166768e+01 1.700000000000000000e+01 2.193171219946130890e+01 1.029563014098700080e+01 1.170469991071962568e+01 6.082762530298219339e+00 9.055385138137417300e+00 3.162277660168379523e+00 1.562049935181330795e+01 1.131370849898476116e+01 1.746424919657297892e+01 1.004987562112088995e+01 1.802775637731994607e+01 1.612451549659709826e+01 5.656854249492380582e+00 1.431782106327635340e+01 1.897366596101027625e+01 1.004987562112088995e+01 1.627882059609970611e+01 1.140175425099137918e+01 2.220360331117451835e+01 6.000000000000000000e+00
1.252996408614166768e+01 0.000000000000000000e+00 2.121320343559642652e+01 1.749285568453590045e+01 2.002498439450078749e+01 1.000000000000000000e+01 1.772004514666934938e+01 1.236931687685298087e+01 1.500000000000000000e+01 1.603121954188139853e+01 1.910497317454279909e+01 2.236067977499789805e+01 1.886796226411320632e+01 6.000000000000000000e+00 2.758622844826744469e+01 1.220655561573370207e+01 1.612451549659709826e+01 1.389244398944980396e+01 5.099019513592784492e+00 2.607680962081059661e+01 3.000000000000000000e+00 2.024845673131658685e+01 1.627882059609970611e+01
1.700000000000000000e+01 2.121320343559642652e+01 0.000000000000000000e+00 1.341640786499873883e+01 2.624880949681337583e+01 1.140175425099137918e+01 2.126029162546929996e+01 2.563201123595259290e+01 1.500000000000000000e+01 6.403124237432848531e+00 2.801785145224380003e+01 1.414213562373095145e+00 8.602325267042626677e+00 2.284731931759172596e+01 1.603121954188139853e+01 1.170469991071962568e+01 3.101612483854164637e+01 1.345362404707370985e+01 1.612451549659709826e+01 1.104536101718726115e+01 1.824828759089465890e+01 1.019803902718556898e+01 1.204159457879229578e+01
2.193171219946130890e+01 1.749285568453590045e+01 1.341640786499873883e+01 0.000000000000000000e+00 3.220248437620923454e+01 1.029563014098700080e+01 2.785677655436823841e+01 2.765863337187866122e+01 2.184032966784155505e+01 8.062257748298549132e+00 3.275667870831839679e+01 1.476482306023340030e+01 1.902629759044044633e+01 1.529705854077835525e+01 2.844292530665578411e+01 1.676305461424021104e+01 3.252691193458118590e+01 3.605551275463989125e+00 1.414213562373095101e+01 2.404163056034261459e+01 1.500000000000000000e+01 4.472135954999579610e+00 2.022374841615668473e+01
1.029563014098700080e+01 2.002498439450078749e+01 2.624880949681337583e+01 3.220248437620923454e+01 0.000000000000000000e+00 2.193171219946130890e+01 5.000000000000000000e+00 8.944271909999159220e+00 1.131370849898476116e+01 2.580697580112788003e+01 3.162277660168379523e+00 2.640075756488817049e+01 1.802775637731994607e+01 2.601922366251537611e+01 1.902629759044044633e+01 1.581138830084189628e+01 1.081665382639196871e+01 2.915475947422650194e+01 1.941648783894759944e+01 2.184032966784155505e+01 2.009975124224177989e+01 3.244996147917590434e+01 1.421267040355189515e+01
1.170469991071962568e+01 1.000000000000000000e+01 1.140175425099137918e+01 1.029563014098700080e+01 2.193171219946130890e+01 0.000000000000000000e+00 1.772004514666934938e+01 1.769180601295413169e+01 1.204159457879229578e+01 6.082762530298219339e+00 2.247220505424423109e+01 1.264911064067351809e+01 1.166190378969060149e+01 1.166190378969060149e+01 2.147091055358388800e+01 7.000000000000000000e+00 2.280350850198275836e+01 7.280109889280518054e+00 5.099019513592784492e+00 1.843908891458577415e+01 7.000000000000000000e+00 1.140175425099137918e+01 1.118033988749894903e+01
6.082762530298219339e+00 1.772004514666934938e+01 2.126029162546929996e+01 2.785677655436823841e+01 5.000000000000000000e+00 1.772004514666934938e+01 0.000000000000000000e+00 9.433981132056603158e+00 6.403124237432848531e+00 2.109502310972898798e+01 7.280109889280518054e+00 2.140093455903269515e+01 1.303840481040529831e+01 2.353720459187963954e+01 1.513274595042155646e+01 1.118033988749894903e+01 1.334166406412633421e+01 2.500000000000000000e+01 1.600000000000000000e+01 1.726267650163206824e+01 1.711724276862369010e+01 2.778488797889960793e+01 9.219544457292887074e+00
9.055385138137417300e+00 1.236931687685298087e+01 2.563201123595259290e+01 2.765863337187866122e+01 8.944271909999159220e+00 1.769180601295413169e+01 9.433981132056603158e+00 0.000000000000000000e+00 1.200000000000000000e+01 2.302172886644267535e+01 7.071067811865475505e+00 2.624880949681337583e+01 1.910497317454279909e+01 1.824828759089465890e+01 2.404163056034261459e+01 1.392838827718411920e+01 5.385164807134503739e+00 2.420743687382040932e+01 1.360147050873544394e+01 2.507987240796890660e+01 1.341640786499873883e+01 2.906888370749726747e+01 1.503329637837290811e+01
3.162277660168379523e+00 1.500000000000000000e+01 1.500000000000000000e+01 2.184032966784155505e+01 1.131370849898476116e+01 1.204159457879229578e+01 6.403124237432848531e+00 1.200000000000000000e+01 0.000000000000000000e+00 1.476482306023340030e+01 1.303840481040529831e+01 1.526433752247374720e+01 7.280109889280518054e+00 2.012461179749810825e+01 1.303840481040529831e+01 5.099019513592784492e+00 1.711724276862369010e+01 1.923538406167134340e+01 1.170469991071962568e+01 1.315294643796590535e+01 1.341640786499873883e+01 2.147091055358388800e+01 3.162277660168379523e+00
1.562049935181330795e+01 1.603121954188139853e+01 6.403124237432848531e+00 8.062257748298549132e+00 2.580697580112788003e+01 6.082762530298219339e+00 2.109502310972898798e+01 2.302172886644267535e+01 1.476482306023340030e+01 0.000000000000000000e+00 2.690724809414741969e+01 7.810249675906653977e+00 1.100000000000000000e+01 1.676305461424021104e+01 2.039607805437113797e+01 1.000000000000000000e+01 2.830194339616981125e+01 7.211102550927978250e+00 1.118033988749894903e+01 1.615549442140351033e+01 1.303840481040529831e+01 6.708203932499369415e+00 1.264911064067351809e+01
1.131370849898476116e+01 1.910497317454279909e+01 2.801785145224380003e+01 3.275667870831839679e+01 3.162277660168379523e+00 2.247220505424423109e+01 7.280109889280518054e+00 7.071067811865475505e+00 1.303840481040529831e+01 2.690724809414741969e+01 0.000000000000000000e+00 2.830194339616981125e+01 2.012461179749810825e+01 2.507987240796890660e+01 2.200000000000000000e+01 1.697056274847713908e+01 7.810249675906653977e+00 2.952964612046680060e+01 1.931320791582796659e+01 2.451530134426252516e+01 1.964688270438849926e+01 3.342154993413680586e+01 1.612451549659709826e+01
1.746424919657297892e+01 2.236067977499789805e+01 1.414213562373095145e+00 1.476482306023340030e+01 2.640075756488817049e+01 1.264911064067351809e+01 2.140093455903269515e+01 2.624880949681337583e+01 1.526433752247374720e+01 7.810249675906653977e+00 2.830194339616981125e+01 0.000000000000000000e+00 8.485281374238569541e+00 2.416609194718914466e+01 1.513274595042155646e+01 1.236931687685298087e+01 3.162277660168379256e+01 1.486606874731850603e+01 1.726267650163206824e+01 1.000000000000000000e+01 1.941648783894759944e+01 1.140175425099137918e+01 1.220655561573370207e+01
1.004987562112088995e+01 1.886796226411320632e+01 8.602325267042626677e+00 1.902629759044044633e+01 1.802775637731994607e+01 1.166190378969060149e+01 1.303840481040529831e+01 1.910497317454279909e+01 7.280109889280518054e+00 1.100000000000000000e+01 2.012461179749810825e+01 8.485281374238569541e+00 0.000000000000000000e+00 2.262741699796952233e+01 9.848857801796103928e+00 6.708203932499369415e+00 2.433105012119287736e+01 1.746424919657297892e+01 1.421267040355189515e+01 7.211102550927978250e+00 1.640121946685672683e+01 1.726267650163206824e+01 4.123105625617660586e+00
1.802775637731994607e+01 6.000000000000000000e+00 2.284731931759172596e+01 1.529705854077835525e+01 2.601922366251537611e+01 1.166190378969060149e+01 2.353720459187963954e+01 1.824828759089465890e+01 2.012461179749810825e+01 1.676305461424021104e+01 2.507987240796890660e+01 2.416609194718914466e+01 2.262741699796952233e+01 0.000000000000000000e+00 3.201562118716424266e+01 1.640121946685672683e+01 2.154065922853801496e+01 1.204159457879229578e+01 8.602325267042626677e+00 2.973213749463701205e+01 6.708203932499369415e+00 1.902629759044044633e+01 2.080865204668481283e+01
1.612451549659709826e+01 2.758622844826744469e+01 1.603121954188139853e+01 2.844292530665578411e+01 1.902629759044044633e+01 2.147091055358388800e+01 1.513274595042155646e+01 2.404163056034261459e+01 1.303840481040529831e+01 2.039607805437113797e+01 2.200000000000000000e+01 1.513274595042155646e+01 9.848857801796103928e+00 3.201562118716424266e+01 0.000000000000000000e+00 1.562049935181330795e+01 2.844292530665578411e+01 2.720294101747088789e+01 2.343074902771996193e+01 5.385164807134503739e+00 2.549509756796392423e+01 2.601922366251537611e+01 1.131370849898476116e+01
5.656854249492380582e+00 1.220655561573370207e+01 1.170469991071962568e+01 1.676305461424021104e+01 1.581138830084189628e+01 7.000000000000000000e+00 1.118033988749894903e+01 1.392838827718411920e+01 5.099019513592784492e+00 1.000000000000000000e+01 1.697056274847713908e+01 1.236931687685298087e+01 6.708203932499369415e+00 1.640121946685672683e+01 1.562049935181330795e+01 0.000000000000000000e+00 1.931320791582796659e+01 1.414213562373095101e+01 7.810249675906653977e+00 1.389244398944980396e+01 9.899494936611665352e+00 1.664331697709323876e+01 4.472135954999579610e+00
1.431782106327635340e+01 1.612451549659709826e+01 3.101612483854164637e+01 3.252691193458118590e+01 1.081665382639196871e+01 2.280350850198275836e+01 1.334166406412633421e+01 5.385164807134503739e+00 1.711724276862369010e+01 2.830194339616981125e+01 7.810249675906653977e+00 3.162277660168379256e+01 2.433105012119287736e+01 2.154065922853801496e+01 2.844292530665578411e+01 1.931320791582796659e+01 0.000000000000000000e+00 2.900000000000000000e+01 1.838477631085023489e+01 3.000000000000000000e+01 1.780449381476485726e+01 3.420526275297414287e+01 2.022374841615668473e+01
1.897366596101027625e+01 1.389244398944980396e+01 1.345362404707370985e+01 3.605551275463989125e+00 2.915475947422650194e+01 7.280109889280518054e+00 2.500000000000000000e+01 2.420743687382040932e+01 1.923538406167134340e+01 7.211102550927978250e+00 2.952964612046680060e+01 1.486606874731850603e+01 1.746424919657297892e+01 1.204159457879229578e+01 2.720294101747088789e+01 1.414213562373095101e+01 2.900000000000000000e+01 0.000000000000000000e+00 1.063014581273464998e+01 2.325940669922601600e+01 1.140175425099137918e+01 7.000000000000000000e+00 1.800000000000000000e+01
1.004987562112088995e+01 5.099019513592784492e+00 1.612451549659709826e+01 1.414213562373095101e+01 1.941648783894759944e+01 5.099019513592784492e+00 1.600000000000000000e+01 1.360147050873544394e+01 1.170469991071962568e+01 1.118033988749894903e+01 1.931320791582796659e+01 1.726267650163206824e+01 1.421267040355189515e+01 8.602325267042626677e+00 2.343074902771996193e+01 7.810249675906653977e+00 1.838477631085023489e+01 1.063014581273464998e+01 0.000000000000000000e+00 2.140093455903269515e+01 2.236067977499789805e+00 1.612451549659709826e+01 1.220655561573370207e+01
1.627882059609970611e+01 2.607680962081059661e+01 1.104536101718726115e+01 2.404163056034261459e+01 2.184032966784155505e+01 1.843908891458577415e+01 1.726267650163206824e+01 2.507987240796890660e+01 1.315294643796590535e+01 1.615549442140351033e+01 2.451530134426252516e+01 1.000000000000000000e+01 7.211102550927978250e+00 2.973213749463701205e+01 5.385164807134503739e+00 1.389244398944980396e+01 3.000000000000000000e+01 2.325940669922601600e+01 2.140093455903269515e+01 0.000000000000000000e+00 2.360084744241189370e+01 2.121320343559642652e+01 1.044030650891055068e+01
1.140175425099137918e+01 3.000000000000000000e+00 1.824828759089465890e+01 1.500000000000000000e+01 2.009975124224177989e+01 7.000000000000000000e+00 1.711724276862369010e+01 1.341640786499873883e+01 1.341640786499873883e+01 1.303840481040529831e+01 1.964688270438849926e+01 1.941648783894759944e+01 1.640121946685672683e+01 6.708203932499369415e+00 2.549509756796392423e+01 9.899494936611665352e+00 1.780449381476485726e+01 1.140175425099137918e+01 2.236067977499789805e+00 2.360084744241189370e+01 0.000000000000000000e+00 1.746424919657297892e+01 1.421267040355189515e+01
2.220360331117451835e+01 2.024845673131658685e+01 1.019803902718556898e+01 4.472135954999579610e+00 3.244996147917590434e+01 1.140175425099137918e+01 2.778488797889960793e+01 2.906888370749726747e+01 2.147091055358388800e+01 6.708203932499369415e+00 3.342154993413680586e+01 1.140175425099137918e+01 1.726267650163206824e+01 1.902629759044044633e+01 2.601922366251537611e+01 1.664331697709323876e+01 3.420526275297414287e+01 7.000000000000000000e+00 1.612451549659709826e+01 2.121320343559642652e+01 1.746424919657297892e+01 0.000000000000000000e+00 1.931320791582796659e+01
6.000000000000000000e+00 1.627882059609970611e+01 1.204159457879229578e+01 2.022374841615668473e+01 1.421267040355189515e+01 1.118033988749894903e+01 9.219544457292887074e+00 1.503329637837290811e+01 3.162277660168379523e+00 1.264911064067351809e+01 1.612451549659709826e+01 1.220655561573370207e+01 4.123105625617660586e+00 2.080865204668481283e+01 1.131370849898476116e+01 4.472135954999579610e+00 2.022374841615668473e+01 1.800000000000000000e+01 1.220655561573370207e+01 1.044030650891055068e+01 1.421267040355189515e+01 1.931320791582796659e+01 0.000000000000000000e+00
