0.000000000000000000e+00 2.109502310972898798e+01 2.284731931759172596e+01 2.601922366251537611e+01 1.208304597359457233e+01 5.830951894845300743e+00 2.059126028197400160e+01 3.001666203960726875e+01 3.310589071449369669e+01 3.383784863137726262e+01 4.560701700396551672e+01 2.915475947422650194e+01 1.720465053408525335e+01 3.905124837953326988e+01 1.414213562373095101e+01 6.082762530298219339e+00 2.789265136196270589e+01 3.080584360149872580e+01 3.535533905932737753e+01 2.900000000000000000e+01 8.544003745317530374e+00 2.662705391138869615e+01 4.427188724235730888e+01 3.705401462729781059e+01
2.109502310972898798e+01 0.000000000000000000e+00 1.100000000000000000e+01 5.099019513592784492e+00 1.835755975068581947e+01 1.676305461424021104e+01 2.282542442102665348e+01 1.772004514666934938e+01 1.835755975068581947e+01 2.213594362117865444e+01 2.507987240796890660e+01 8.062257748298549132e+00 1.389244398944980396e+01 1.838477631085023489e+01 1.360147050873544394e+01 2.154065922853801496e+01 7.810249675906653977e+00 2.039607805437113797e+01 1.431782106327635340e+01 8.246211251235321171e+00 1.897366596101027625e+01 1.702938636592640265e+01 2.640075756488817049e+01 1.649242250247064234e+01
2.284731931759172596e+01 1.100000000000000000e+01 0.000000000000000000e+00 1.118033988749894903e+01 2.561249694973139412e+01 1.708800749063506075e+01 1.421267040355189515e+01 7.810249675906653977e+00 1.029563014098700080e+01 1.220655561573370207e+01 3.114482300479487265e+01 1.442220510185595650e+01 7.071067811865475505e+00 2.475883680627989492e+01 2.195449840010014952e+01 2.022374841615668473e+01 1.708800749063506075e+01 9.848857801796103928e+00 1.979898987322333070e+01 1.204159457879229578e+01 2.475883680627989492e+01 6.082762530298219339e+00 2.158703314492290204e+01 1.746424919657297892e+01
2.601922366251537611e+01 5.099019513592784492e+00 1.118033988749894903e+01 0.000000000000000000e+00 2.325940669922601600e+01 2.137755832643194864e+01 2.483948469674844262e+01 1.600000000000000000e+01 1.552417469626002422e+01 2.009975124224177989e+01 2.109502310972898798e+01 3.605551275463989125e+00 1.627882059609970611e+01 1.442220510185595650e+01 1.835755975068581947e+01 2.596150997149434048e+01 6.082762530298219339e+00 1.902629759044044633e+01 9.848857801796103928e+00 3.162277660168379523e+00 2.404163056034261459e+01 1.649242250247064234e+01 2.193171219946130890e+01 1.140175425099137918e+01
1.208304597359457233e+01 1.835755975068581947e+01 2.561249694973139412e+01 2.325940669922601600e+01 0.000000000000000000e+00 1.400000000000000000e+01 2.942787793912432193e+01 3.342154993413680586e+01 3.535533905932737753e+01 3.780211634287159939e+01 3.901281840626231912e+01 2.529822128134703618e+01 2.284731931759172596e+01 3.306055050963308162e+01 5.099019513592784492e+00 1.746424919657297892e+01 2.236067977499789805e+01 3.522782990761707111e+01 3.059411708155671050e+01 2.640075756488817049e+01 3.605551275463989125e+00 3.106444913401813324e+01 4.465422712353221613e+01 3.453983207834108526e+01
5.830951894845300743e+00 1.676305461424021104e+01 1.708800749063506075e+01 2.137755832643194864e+01 1.400000000000000000e+01 0.000000000000000000e+00 1.581138830084189628e+01 2.418677324489564739e+01 2.731300056749532601e+01 2.801785145224380003e+01 4.178516483155235761e+01 2.473863375370596174e+01 1.140175425099137918e+01 3.511409973215887703e+01 1.392838827718411920e+01 5.000000000000000000e+00 2.416609194718914466e+01 2.500000000000000000e+01 3.104834939252004844e+01 2.418677324489564739e+01 1.118033988749894903e+01 2.080865204668481283e+01 3.860051813123756403e+01 3.201562118716424266e+01
2.059126028197400160e+01 2.282542442102665348e+01 1.421267040355189515e+01 2.483948469674844262e+01 2.942787793912432193e+01 1.581138830084189628e+01 0.000000000000000000e+00 1.627882059609970611e+01 2.039607805437113797e+01 1.802775637731994607e+01 4.534313619501853765e+01 2.831960451701259274e+01 8.944271909999159220e+00 3.889730067755344578e+01 2.800000000000000000e+01 1.500000000000000000e+01 3.023243291566194912e+01 1.500000000000000000e+01 3.397057550292606010e+01 2.617250465660480074e+01 2.692582403567251959e+01 1.236931687685298087e+01 3.224903099319419653e+01 3.138470965295043058e+01
3.001666203960726875e+01 1.772004514666934938e+01 7.810249675906653977e+00 1.600000000000000000e+01 3.342154993413680586e+01 2.418677324489564739e+01 1.627882059609970611e+01 0.000000000000000000e+00 4.123105625617660586e+00 4.472135954999579610e+00 3.244996147917590434e+01 1.824828759089465890e+01 1.300000000000000000e+01 2.683281572999747766e+01 2.968164415931165934e+01 2.657066051117284644e+01 2.202271554554523902e+01 3.162277660168379523e+00 2.193171219946130890e+01 1.529705854077835525e+01 3.252691193458118590e+01 4.000000000000000000e+00 1.603121954188139853e+01 1.702938636592640265e+01
3.310589071449369669e+01 1.835755975068581947e+01 1.029563014098700080e+01 1.552417469626002422e+01 3.535533905932737753e+01 2.731300056749532601e+01 2.039607805437113797e+01 4.123105625617660586e+00 0.000000000000000000e+00 5.385164807134503739e+00 2.952964612046680060e+01 1.702938636592640265e+01 1.649242250247064234e+01 2.435159132377184221e+01 3.124099870362661591e+01 3.008321791298264714e+01 2.121320343559642652e+01 6.403124237432848531e+00 1.964688270438849926e+01 1.403566884761819900e+01 3.482814953453599571e+01 8.062257748298549132e+00 1.200000000000000000e+01 1.389244398944980396e+01
3.383784863137726262e+01 2.213594362117865444e+01 1.220655561573370207e+01 2.009975124224177989e+01 3.780211634287159939e+01 2.801785145224380003e+01 1.802775637731994607e+01 4.472135954999579610e+00 5.385164807134503739e+00 0.000000000000000000e+00 3.488552708502481892e+01 2.202271554554523902e+01 1.664331697709323876e+01 2.973213749463701205e+01 3.413209633175202384e+01 2.996664812754339380e+01 2.601922366251537611e+01 3.162277660168379523e+00 2.500000000000000000e+01 1.902629759044044633e+01 3.679673898594819548e+01 7.211102550927978250e+00 1.486606874731850603e+01 1.923538406167134340e+01
4.560701700396551672e+01 2.507987240796890660e+01 3.114482300479487265e+01 2.109502310972898798e+01 3.901281840626231912e+01 4.178516483155235761e+01 4.534313619501853765e+01 3.244996147917590434e+01 2.952964612046680060e+01 3.488552708502481892e+01 0.000000000000000000e+00 1.749285568453590045e+01 3.720215047547655018e+01 6.708203932499369415e+00 3.405877273185280529e+01 4.661544808322666000e+01 1.772004514666934938e+01 3.551056180912940619e+01 1.140175425099137918e+01 1.920937271229854559e+01 4.119465984809195902e+01 3.482814953453599571e+01 2.607680962081059661e+01 1.565247584249852864e+01
2.915475947422650194e+01 8.062257748298549132e+00 1.442220510185595650e+01 3.605551275463989125e+00 2.529822128134703618e+01 2.473863375370596174e+01 2.831960451701259274e+01 1.824828759089465890e+01 1.702938636592640265e+01 2.202271554554523902e+01 1.749285568453590045e+01 0.000000000000000000e+00 1.984943324127920761e+01 1.081665382639196871e+01 2.024845673131658685e+01 2.941088233970548416e+01 4.472135954999579610e+00 2.137755832643194864e+01 6.324555320336759046e+00 3.000000000000000000e+00 2.647640458974745314e+01 1.931320791582796659e+01 2.140093455903269515e+01 9.433981132056603158e+00
1.720465053408525335e+01 1.389244398944980396e+01 7.071067811865475505e+00 1.627882059609970611e+01 2.284731931759172596e+01 1.140175425099137918e+01 8.944271909999159220e+00 1.300000000000000000e+01 1.649242250247064234e+01 1.664331697709323876e+01 3.720215047547655018e+01 1.984943324127920761e+01 0.000000000000000000e+00 3.061045573002793319e+01 2.039607805437113797e+01 1.360147050873544394e+01 2.140093455903269515e+01 1.360147050873544394e+01 2.580697580112788003e+01 1.802775637731994607e+01 2.109502310972898798e+01 9.433981132056603158e+00 2.828427124746190202e+01 2.435159132377184221e+01
3.905124837953326988e+01 1.838477631085023489e+01 2.475883680627989492e+01 1.442220510185595650e+01 3.306055050963308162e+01 3.511409973215887703e+01 3.889730067755344578e+01 2.683281572999747766e+01 2.435159132377184221e+01 2.973213749463701205e+01 6.708203932499369415e+00 1.081665382639196871e+01 3.061045573002793319e+01 0.000000000000000000e+00 2.801785145224380003e+01 3.992492955535426091e+01 1.118033988749894903e+01 2.996664812754339380e+01 5.000000000000000000e+00 1.272792206135785520e+01 3.501428280002319582e+01 2.884441020371191300e+01 2.334523505985750447e+01 1.104536101718726115e+01
1.414213562373095101e+01 1.360147050873544394e+01 2.195449840010014952e+01 1.835755975068581947e+01 5.099019513592784492e+00 1.392838827718411920e+01 2.800000000000000000e+01 2.968164415931165934e+01 3.124099870362661591e+01 3.413209633175202384e+01 3.405877273185280529e+01 2.024845673131658685e+01 2.039607805437113797e+01 2.801785145224380003e+01 0.000000000000000000e+00 1.835755975068581947e+01 1.726267650163206824e+01 3.176476034853718033e+01 2.549509756796392423e+01 2.147091055358388800e+01 7.280109889280518054e+00 2.773084924772409465e+01 4.000000000000000000e+01 2.954657340538831534e+01
6.082762530298219339e+00 2.154065922853801496e+01 2.022374841615668473e+01 2.596150997149434048e+01 1.746424919657297892e+01 5.000000000000000000e+00 1.500000000000000000e+01 2.657066051117284644e+01 3.008321791298264714e+01 2.996664812754339380e+01 4.661544808322666000e+01 2.941088233970548416e+01 1.360147050873544394e+01 3.992492955535426091e+01 1.835755975068581947e+01 0.000000000000000000e+00 2.906888370749726747e+01 2.683281572999747766e+01 3.573513677041127323e+01 2.863564212655270680e+01 1.414213562373095101e+01 2.284731931759172596e+01 4.177319714841084419e+01 3.622154055254966920e+01
2.789265136196270589e+01 7.810249675906653977e+00 1.708800749063506075e+01 6.082762530298219339e+00 2.236067977499789805e+01 2.416609194718914466e+01 3.023243291566194912e+01 2.202271554554523902e+01 2.121320343559642652e+01 2.601922366251537611e+01 1.772004514666934938e+01 4.472135954999579610e+00 2.140093455903269515e+01 1.118033988749894903e+01 1.726267650163206824e+01 2.906888370749726747e+01 0.000000000000000000e+00 2.507987240796890660e+01 8.246211251235321171e+00 7.280109889280518054e+00 2.402082429892862692e+01 2.256102834535695578e+01 2.580697580112788003e+01 1.345362404707370985e+01
3.080584360149872580e+01 2.039607805437113797e+01 9.848857801796103928e+00 1.902629759044044633e+01 3.522782990761707111e+01 2.500000000000000000e+01 1.500000000000000000e+01 3.162277660168379523e+00 6.403124237432848531e+00 3.162277660168379523e+00 3.551056180912940619e+01 2.137755832643194864e+01 1.360147050873544394e+01 2.996664812754339380e+01 3.176476034853718033e+01 2.683281572999747766e+01 2.507987240796890660e+01 0.000000000000000000e+00 2.507987240796890660e+01 1.843908891458577415e+01 3.405877273185280529e+01 4.242640687119284770e+00 1.746424919657297892e+01 2.000000000000000000e+01
3.535533905932737753e+01 1.431782106327635340e+01 1.979898987322333070e+01 9.848857801796103928e+00 3.059411708155671050e+01 3.104834939252004844e+01 3.397057550292606010e+01 2.193171219946130890e+01 1.964688270438849926e+01 2.500000000000000000e+01 1.140175425099137918e+01 6.324555320336759046e+00 2.580697580112788003e+01 5.000000000000000000e+00 2.549509756796392423e+01 3.573513677041127323e+01 8.246211251235321171e+00 2.507987240796890660e+01 0.000000000000000000e+00 7.810249675906653977e+00 3.214031735997639316e+01 2.385372088375312671e+01 2.024845673131658685e+01 7.280109889280518054e+00
2.900000000000000000e+01 8.246211251235321171e+00 1.204159457879229578e+01 3.162277660168379523e+00 2.640075756488817049e+01 2.418677324489564739e+01 2.617250465660480074e+01 1.529705854077835525e+01 1.403566884761819900e+01 1.902629759044044633e+01 1.920937271229854559e+01 3.000000000000000000e+00 1.802775637731994607e+01 1.272792206135785520e+01 2.147091055358388800e+01 2.863564212655270680e+01 7.280109889280518054e+00 1.843908891458577415e+01 7.810249675906653977e+00 0.000000000000000000e+00 2.720294101747088789e+01 1.655294535724684835e+01 1.910497317454279909e+01 8.246211251235321171e+00
8.544003745317530374e+00 1.897366596101027625e+01 2.475883680627989492e+01 2.404163056034261459e+01 3.605551275463989125e+00 1.118033988749894903e+01 2.692582403567251959e+01 3.252691193458118590e+01 3.482814953453599571e+01 3.679673898594819548e+01 4.119465984809195902e+01 2.647640458974745314e+01 2.109502310972898798e+01 3.501428280002319582e+01 7.280109889280518054e+00 1.414213562373095101e+01 2.402082429892862692e+01 3.405877273185280529e+01 3.214031735997639316e+01 2.720294101747088789e+01 0.000000000000000000e+00 2.983286778035259701e+01 4.477722635447621968e+01 3.544009029333869876e+01
2.662705391138869615e+01 1.702938636592640265e+01 6.082762530298219339e+00 1.649242250247064234e+01 3.106444913401813324e+01 2.080865204668481283e+01 1.236931687685298087e+01 4.000000000000000000e+00 8.062257748298549132e+00 7.211102550927978250e+00 3.482814953453599571e+01 1.931320791582796659e+01 9.433981132056603158e+00 2.884441020371191300e+01 2.773084924772409465e+01 2.284731931759172596e+01 2.256102834535695578e+01 4.242640687119284770e+00 2.385372088375312671e+01 1.655294535724684835e+01 2.983286778035259701e+01 0.000000000000000000e+00 2.002498439450078749e+01 1.984943324127920761e+01
4.427188724235730888e+01 2.640075756488817049e+01 2.158703314492290204e+01 2.193171219946130890e+01 4.465422712353221613e+01 3.860051813123756403e+01 3.224903099319419653e+01 1.603121954188139853e+01 1.200000000000000000e+01 1.486606874731850603e+01 2.607680962081059661e+01 2.140093455903269515e+01 2.828427124746190202e+01 2.334523505985750447e+01 4.000000000000000000e+01 4.177319714841084419e+01 2.580697580112788003e+01 1.746424919657297892e+01 2.024845673131658685e+01 1.910497317454279909e+01 4.477722635447621968e+01 2.002498439450078749e+01 0.000000000000000000e+00 1.300000000000000000e+01
3.705401462729781059e+01 1.649242250247064234e+01 1.746424919657297892e+01 1.140175425099137918e+01 3.453983207834108526e+01 3.201562118716424266e+01 3.138470965295043058e+01 1.702938636592640265e+01 1.389244398944980396e+01 1.923538406167134340e+01 1.565247584249852864e+01 9.433981132056603158e+00 2.435159132377184221e+01 1.104536101718726115e+01 2.954657340538831534e+01 3.622154055254966920e+01 1.345362404707370985e+01 2.000000000000000000e+01 7.280109889280518054e+00 8.246211251235321171e+00 3.544009029333869876e+01 1.984943324127920761e+01 1.300000000000000000e+01 0.000000000000000000e+00
