0.000000000000000000e+00 2.507987240796890660e+01 2.906888370749726747e+01 2.529822128134703618e+01 3.162277660168379523e+00 2.236067977499789805e+00 1.360147050873544394e+01 2.687005768508880621e+01 1.640121946685672683e+01 1.529705854077835525e+01 1.403566884761819900e+01 2.332380757938120297e+01 1.749285568453590045e+01 7.071067811865475505e+00 7.810249675906653977e+00 1.000000000000000000e+01 1.603121954188139853e+01 1.526433752247374720e+01 3.124099870362661591e+01 4.215447781671598193e+01 3.088689042296100240e+01
2.507987240796890660e+01 0.000000000000000000e+00 1.000000000000000000e+01 2.236067977499789805e+00 2.751363298439520833e+01 2.284731931759172596e+01 2.580697580112788003e+01 9.848857801796103928e+00 1.334166406412633421e+01 1.063014581273464998e+01 3.394112549695427816e+01 1.486606874731850603e+01 2.061552812808830382e+01 2.941088233970548416e+01 1.772004514666934938e+01 2.906888370749726747e+01 3.538361202590826338e+01 3.860051813123756403e+01 1.004987562112088995e+01 1.708800749063506075e+01 6.403124237432848531e+00
2.906888370749726747e+01 1.000000000000000000e+01 0.000000000000000000e+00 7.810249675906653977e+00 3.201562118716424266e+01 2.701851217221259205e+01 2.469817807045693669e+01 1.972308292331602075e+01 2.195449840010014952e+01 1.403566884761819900e+01 3.400000000000000000e+01 2.475883680627989492e+01 1.780449381476485726e+01 3.132091952673165025e+01 2.319482700948640286e+01 3.551056180912940619e+01 3.498571136907180090e+01 3.992492955535426091e+01 1.868154169226940553e+01 1.720465053408525335e+01 1.315294643796590535e+01
2.529822128134703618e+01 2.236067977499789805e+00 7.810249675906653977e+00 0.000000000000000000e+00 2.789265136196270589e+01 2.308679276123039159e+01 2.483948469674844262e+01 1.208304597359457233e+01 1.486606874731850603e+01 1.029563014098700080e+01 3.330165161069342616e+01 1.697056274847713908e+01 1.923538406167134340e+01 2.915475947422650194e+01 1.824828759089465890e+01 3.000000000000000000e+01 3.465544690232691494e+01 3.827531841800927737e+01 1.200000000000000000e+01 1.700000000000000000e+01 7.615773105863908654e+00
3.162277660168379523e+00 2.751363298439520833e+01 3.201562118716424266e+01 2.789265136196270589e+01 0.000000000000000000e+00 5.000000000000000000e+00 1.627882059609970611e+01 2.842534080710379030e+01 1.769180601295413169e+01 1.811077027627483460e+01 1.513274595042155646e+01 2.420743687382040932e+01 2.059126028197400160e+01 8.246211251235321171e+00 9.848857801796103928e+00 7.615773105863908654e+00 1.711724276862369010e+01 1.486606874731850603e+01 3.301514803843835466e+01 4.459820624195551630e+01 3.310589071449369669e+01
2.236067977499789805e+00 2.284731931759172596e+01 2.701851217221259205e+01 2.308679276123039159e+01 5.000000000000000000e+00 0.000000000000000000e+00 1.341640786499873883e+01 2.475883680627989492e+01 1.442220510185595650e+01 1.315294643796590535e+01 1.529705854077835525e+01 2.147091055358388800e+01 1.640121946685672683e+01 8.544003745317530374e+00 5.656854249492380582e+00 1.063014581273464998e+01 1.726267650163206824e+01 1.720465053408525335e+01 2.906888370749726747e+01 3.992492955535426091e+01 2.865309756378880479e+01
1.360147050873544394e+01 2.580697580112788003e+01 2.469817807045693669e+01 2.483948469674844262e+01 1.627882059609970611e+01 1.341640786499873883e+01 0.000000000000000000e+00 3.195309061734091571e+01 2.408318915758459156e+01 1.565247584249852864e+01 9.486832980505138124e+00 3.125699921617556853e+01 7.280109889280518054e+00 9.848857801796103928e+00 1.612451549659709826e+01 2.360084744241189370e+01 1.029563014098700080e+01 1.612451549659709826e+01 3.488552708502481892e+01 4.110960958218893069e+01 3.220248437620923454e+01
2.687005768508880621e+01 9.848857801796103928e+00 1.972308292331602075e+01 1.208304597359457233e+01 2.842534080710379030e+01 2.475883680627989492e+01 3.195309061734091571e+01 0.000000000000000000e+00 1.081665382639196871e+01 1.649242250247064234e+01 3.858756276314947797e+01 7.071067811865475505e+00 2.828427124746190202e+01 3.280243893371345365e+01 1.910497317454279909e+01 2.731300056749532601e+01 4.031128874149274566e+01 4.186884283091664116e+01 5.099019513592784492e+00 2.022374841615668473e+01 8.944271909999159220e+00
1.640121946685672683e+01 1.334166406412633421e+01 2.195449840010014952e+01 1.486606874731850603e+01 1.769180601295413169e+01 1.442220510185595650e+01 2.408318915758459156e+01 1.081665382639196871e+01 0.000000000000000000e+00 1.118033988749894903e+01 2.915475947422650194e+01 7.280109889280518054e+00 2.256102834535695578e+01 2.282542442102665348e+01 8.944271909999159220e+00 1.676305461424021104e+01 3.101612483854164637e+01 3.162277660168379256e+01 1.565247584249852864e+01 2.915475947422650194e+01 1.711724276862369010e+01
1.529705854077835525e+01 1.063014581273464998e+01 1.403566884761819900e+01 1.029563014098700080e+01 1.811077027627483460e+01 1.315294643796590535e+01 1.565247584249852864e+01 1.649242250247064234e+01 1.118033988749894903e+01 0.000000000000000000e+00 2.334523505985750447e+01 1.726267650163206824e+01 1.200000000000000000e+01 1.886796226411320632e+01 9.219544457292887074e+00 2.158703314492290204e+01 2.483948469674844262e+01 2.801785145224380003e+01 1.923538406167134340e+01 2.729468812791236232e+01 1.697056274847713908e+01
1.403566884761819900e+01 3.394112549695427816e+01 3.400000000000000000e+01 3.330165161069342616e+01 1.513274595042155646e+01 1.529705854077835525e+01 9.486832980505138124e+00 3.858756276314947797e+01 2.915475947422650194e+01 2.334523505985750447e+01 0.000000000000000000e+00 3.640054944640259293e+01 1.676305461424021104e+01 7.000000000000000000e+00 2.024845673131658685e+01 2.256102834535695578e+01 2.000000000000000000e+00 7.071067811865475505e+00 4.220189569201838253e+01 5.000000000000000000e+01 4.031128874149274566e+01
2.332380757938120297e+01 1.486606874731850603e+01 2.475883680627989492e+01 1.697056274847713908e+01 2.420743687382040932e+01 2.147091055358388800e+01 3.125699921617556853e+01 7.071067811865475505e+00 7.280109889280518054e+00 1.726267650163206824e+01 3.640054944640259293e+01 0.000000000000000000e+00 2.915475947422650194e+01 2.996664812754339380e+01 1.615549442140351033e+01 2.163330765278393741e+01 3.827531841800927737e+01 3.858756276314947797e+01 1.200000000000000000e+01 2.729468812791236232e+01 1.581138830084189628e+01
1.749285568453590045e+01 2.061552812808830382e+01 1.780449381476485726e+01 1.923538406167134340e+01 2.059126028197400160e+01 1.640121946685672683e+01 7.280109889280518054e+00 2.828427124746190202e+01 2.256102834535695578e+01 1.200000000000000000e+01 1.676305461424021104e+01 2.915475947422650194e+01 0.000000000000000000e+00 1.612451549659709826e+01 1.664331697709323876e+01 2.701851217221259205e+01 1.746424919657297892e+01 2.334523505985750447e+01 3.036445290137795183e+01 3.465544690232691494e+01 2.683281572999747766e+01
7.071067811865475505e+00 2.941088233970548416e+01 3.132091952673165025e+01 2.915475947422650194e+01 8.246211251235321171e+00 8.544003745317530374e+00 9.848857801796103928e+00 3.280243893371345365e+01 2.282542442102665348e+01 1.886796226411320632e+01 7.000000000000000000e+00 2.996664812754339380e+01 1.612451549659709826e+01 0.000000000000000000e+00 1.389244398944980396e+01 1.581138830084189628e+01 9.000000000000000000e+00 9.219544457292887074e+00 3.679673898594819548e+01 4.614108798023730884e+01 3.560898762952971452e+01
7.810249675906653977e+00 1.772004514666934938e+01 2.319482700948640286e+01 1.824828759089465890e+01 9.848857801796103928e+00 5.656854249492380582e+00 1.612451549659709826e+01 1.910497317454279909e+01 8.944271909999159220e+00 9.219544457292887074e+00 2.024845673131658685e+01 1.615549442140351033e+01 1.664331697709323876e+01 1.389244398944980396e+01 0.000000000000000000e+00 1.236931687685298087e+01 2.213594362117865444e+01 2.280350850198275836e+01 2.343074902771996193e+01 3.478505426185217431e+01 2.325940669922601600e+01
1.000000000000000000e+01 2.906888370749726747e+01 3.551056180912940619e+01 3.000000000000000000e+01 7.615773105863908654e+00 1.063014581273464998e+01 2.360084744241189370e+01 2.731300056749532601e+01 1.676305461424021104e+01 2.158703314492290204e+01 2.256102834535695578e+01 2.163330765278393741e+01 2.701851217221259205e+01 1.581138830084189628e+01 1.236931687685298087e+01 0.000000000000000000e+00 2.451530134426252516e+01 2.109502310972898798e+01 3.231098884280702066e+01 4.570557952810575841e+01 3.373425558686599857e+01
1.603121954188139853e+01 3.538361202590826338e+01 3.498571136907180090e+01 3.465544690232691494e+01 1.711724276862369010e+01 1.726267650163206824e+01 1.029563014098700080e+01 4.031128874149274566e+01 3.101612483854164637e+01 2.483948469674844262e+01 2.000000000000000000e+00 3.827531841800927737e+01 1.746424919657297892e+01 9.000000000000000000e+00 2.213594362117865444e+01 2.451530134426252516e+01 0.000000000000000000e+00 7.615773105863908654e+00 4.382921400162225467e+01 5.122499389946278825e+01 4.177319714841084419e+01
1.526433752247374720e+01 3.860051813123756403e+01 3.992492955535426091e+01 3.827531841800927737e+01 1.486606874731850603e+01 1.720465053408525335e+01 1.612451549659709826e+01 4.186884283091664116e+01 3.162277660168379256e+01 2.801785145224380003e+01 7.071067811865475505e+00 3.858756276314947797e+01 2.334523505985750447e+01 9.219544457292887074e+00 2.280350850198275836e+01 2.109502310972898798e+01 7.615773105863908654e+00 0.000000000000000000e+00 4.596737973824481571e+01 5.522680508593630577e+01 4.482186966202993972e+01
3.124099870362661591e+01 1.004987562112088995e+01 1.868154169226940553e+01 1.200000000000000000e+01 3.301514803843835466e+01 2.906888370749726747e+01 3.488552708502481892e+01 5.099019513592784492e+00 1.565247584249852864e+01 1.923538406167134340e+01 4.220189569201838253e+01 1.200000000000000000e+01 3.036445290137795183e+01 3.679673898594819548e+01 2.343074902771996193e+01 3.231098884280702066e+01 4.382921400162225467e+01 4.596737973824481571e+01 0.000000000000000000e+00 1.552417469626002422e+01 5.830951894845300743e+00
4.215447781671598193e+01 1.708800749063506075e+01 1.720465053408525335e+01 1.700000000000000000e+01 4.459820624195551630e+01 3.992492955535426091e+01 4.110960958218893069e+01 2.022374841615668473e+01 2.915475947422650194e+01 2.729468812791236232e+01 5.000000000000000000e+01 2.729468812791236232e+01 3.465544690232691494e+01 4.614108798023730884e+01 3.478505426185217431e+01 4.570557952810575841e+01 5.122499389946278825e+01 5.522680508593630577e+01 1.552417469626002422e+01 0.000000000000000000e+00 1.204159457879229578e+01
3.088689042296100240e+01 6.403124237432848531e+00 1.315294643796590535e+01 7.615773105863908654e+00 3.310589071449369669e+01 2.865309756378880479e+01 3.220248437620923454e+01 8.944271909999159220e+00 1.711724276862369010e+01 1.697056274847713908e+01 4.031128874149274566e+01 1.581138830084189628e+01 2.683281572999747766e+01 3.560898762952971452e+01 2.325940669922601600e+01 3.373425558686599857e+01 4.177319714841084419e+01 4.482186966202993972e+01 5.830951894845300743e+00 1.204159457879229578e+01 0.000000000000000000e+00
