0.000000000000000000e+00 1.612451549659709826e+01 1.004987562112088995e+01 1.140175425099137918e+01 1.931320791582796659e+01 1.431782106327635340e+01 8.000000000000000000e+00 2.690724809414741969e+01 8.544003745317530374e+00 1.772004514666934938e+01 2.213594362117865444e+01 5.000000000000000000e+00 5.830951894845300743e+00 2.039607805437113797e+01 1.897366596101027625e+01 1.118033988749894903e+01 2.687005768508880621e+01 1.389244398944980396e+01 1.720465053408525335e+01 1.431782106327635340e+01 6.324555320336759046e+00 1.118033988749894903e+01 1.720465053408525335e+01 1.523154621172781731e+01
1.612451549659709826e+01 0.000000000000000000e+00 1.315294643796590535e+01 1.726267650163206824e+01 1.552417469626002422e+01 5.000000000000000000e+00 2.126029162546929996e+01 2.668332812825266842e+01 7.810249675906653977e+00 1.272792206135785520e+01 1.476482306023340030e+01 1.170469991071962568e+01 1.421267040355189515e+01 2.163330765278393741e+01 4.472135954999579610e+00 2.418677324489564739e+01 1.208304597359457233e+01 1.513274595042155646e+01 2.236067977499789805e+01 1.403566884761819900e+01 1.000000000000000000e+01 2.617250465660480074e+01 1.800000000000000000e+01 2.088061301782110135e+01
1.004987562112088995e+01 1.315294643796590535e+01 0.000000000000000000e+00 4.123105625617660586e+00 2.404163056034261459e+01 1.476482306023340030e+01 1.802775637731994607e+01 3.383784863137726262e+01 9.899494936611665352e+00 8.062257748298549132e+00 1.252996408614166768e+01 6.324555320336759046e+00 1.360147050873544394e+01 1.118033988749894903e+01 1.746424919657297892e+01 1.208304597359457233e+01 2.012461179749810825e+01 2.024845673131658685e+01 2.563201123595259290e+01 2.000000000000000000e+01 9.433981132056603158e+00 2.088061301782110135e+01 2.385372088375312671e+01 8.062257748298549132e+00
1.140175425099137918e+01 1.726267650163206824e+01 4.123105625617660586e+00 0.000000000000000000e+00 2.765863337187866122e+01 1.878829422805593552e+01 1.923538406167134340e+01 3.701351104664349378e+01 1.360147050873544394e+01 1.000000000000000000e+01 1.414213562373095101e+01 9.219544457292887074e+00 1.612451549659709826e+01 9.055385138137417300e+00 2.158703314492290204e+01 9.219544457292887074e+00 2.340939982143925135e+01 2.343074902771996193e+01 2.817800560721074277e+01 2.334523505985750447e+01 1.272792206135785520e+01 2.109502310972898798e+01 2.701851217221259205e+01 4.242640687119284770e+00
1.931320791582796659e+01 1.552417469626002422e+01 2.404163056034261459e+01 2.765863337187866122e+01 0.000000000000000000e+00 1.077032961426900748e+01 1.802775637731994607e+01 1.118033988749894903e+01 1.414213562373095101e+01 2.729468812791236232e+01 3.008321791298264714e+01 1.860107523773827509e+01 1.360147050873544394e+01 3.482814953453599571e+01 1.300000000000000000e+01 3.046309242345563462e+01 2.601922366251537611e+01 6.000000000000000000e+00 1.063014581273464998e+01 5.099019513592784492e+00 1.500000000000000000e+01 2.319482700948640286e+01 5.000000000000000000e+00 3.189043743820394994e+01
1.431782106327635340e+01 5.000000000000000000e+00 1.476482306023340030e+01 1.878829422805593552e+01 1.077032961426900748e+01 0.000000000000000000e+00 1.780449381476485726e+01 2.184032966784155505e+01 6.000000000000000000e+00 1.664331697709323876e+01 1.931320791582796659e+01 1.104536101718726115e+01 1.081665382639196871e+01 2.475883680627989492e+01 5.000000000000000000e+00 2.408318915758459156e+01 1.676305461424021104e+01 1.019803902718556898e+01 1.746424919657297892e+01 9.055385138137417300e+00 8.062257748298549132e+00 2.302172886644267535e+01 1.300000000000000000e+01 2.282542442102665348e+01
8.000000000000000000e+00 2.126029162546929996e+01 1.802775637731994607e+01 1.923538406167134340e+01 1.802775637731994607e+01 1.780449381476485726e+01 0.000000000000000000e+00 2.236067977499789805e+01 1.360147050873544394e+01 2.549509756796392423e+01 2.983286778035259701e+01 1.236931687685298087e+01 7.071067811865475505e+00 2.828427124746190202e+01 2.280350850198275836e+01 1.640121946685672683e+01 3.301514803843835466e+01 1.204159457879229578e+01 1.166190378969060149e+01 1.315294643796590535e+01 1.166190378969060149e+01 5.385164807134503739e+00 1.414213562373095101e+01 2.280350850198275836e+01
2.690724809414741969e+01 2.668332812825266842e+01 3.383784863137726262e+01 3.701351104664349378e+01 1.118033988749894903e+01 2.184032966784155505e+01 2.236067977499789805e+01 0.000000000000000000e+00 2.418677324489564739e+01 3.807886552931954327e+01 4.110960958218893069e+01 2.780287754891568852e+01 2.121320343559642652e+01 4.494441010848846219e+01 2.408318915758459156e+01 3.780211634287159939e+01 3.701351104664349378e+01 1.360147050873544394e+01 1.077032961426900748e+01 1.389244398944980396e+01 2.441311123146740414e+01 2.624880949681337583e+01 1.000000000000000000e+01 4.123105625617660763e+01
8.544003745317530374e+00 7.810249675906653977e+00 9.899494936611665352e+00 1.360147050873544394e+01 1.414213562373095101e+01 6.000000000000000000e+00 1.360147050873544394e+01 2.418677324489564739e+01 0.000000000000000000e+00 1.431782106327635340e+01 1.802775637731994607e+01 5.099019513592784492e+00 6.708203932499369415e+00 2.080865204668481283e+01 1.044030650891055068e+01 1.811077027627483460e+01 1.941648783894759944e+01 1.077032961426900748e+01 1.711724276862369010e+01 1.029563014098700080e+01 2.236067977499789805e+00 1.838477631085023489e+01 1.431782106327635340e+01 1.780449381476485726e+01
1.772004514666934938e+01 1.272792206135785520e+01 8.062257748298549132e+00 1.000000000000000000e+01 2.729468812791236232e+01 1.664331697709323876e+01 2.549509756796392423e+01 3.807886552931954327e+01 1.431782106327635340e+01 0.000000000000000000e+00 4.472135954999579610e+00 1.315294643796590535e+01 2.000000000000000000e+01 9.486832980505138124e+00 1.702938636592640265e+01 1.920937271229854559e+01 1.414213562373095101e+01 2.500000000000000000e+01 3.140063693621516450e+01 2.435159132377184221e+01 1.503329637837290811e+01 2.879236009777593708e+01 2.846049894151541437e+01 1.140175425099137918e+01
2.213594362117865444e+01 1.476482306023340030e+01 1.252996408614166768e+01 1.414213562373095101e+01 3.008321791298264714e+01 1.931320791582796659e+01 2.983286778035259701e+01 4.110960958218893069e+01 1.802775637731994607e+01 4.472135954999579610e+00 0.000000000000000000e+00 1.746424919657297892e+01 2.408318915758459156e+01 1.104536101718726115e+01 1.860107523773827509e+01 2.334523505985750447e+01 1.216552506059643868e+01 2.844292530665578411e+01 3.512833614050059339e+01 2.765863337187866122e+01 1.902629759044044633e+01 3.324154027718932269e+01 3.178049716414140846e+01 1.476482306023340030e+01
5.000000000000000000e+00 1.170469991071962568e+01 6.324555320336759046e+00 9.219544457292887074e+00 1.860107523773827509e+01 1.104536101718726115e+01 1.236931687685298087e+01 2.780287754891568852e+01 5.099019513592784492e+00 1.315294643796590535e+01 1.746424919657297892e+01 0.000000000000000000e+00 7.280109889280518054e+00 1.746424919657297892e+01 1.513274595042155646e+01 1.303840481040529831e+01 2.193171219946130890e+01 1.421267040355189515e+01 1.931320791582796659e+01 1.414213562373095101e+01 3.605551275463989125e+00 1.612451549659709826e+01 1.780449381476485726e+01 1.345362404707370985e+01
5.830951894845300743e+00 1.421267040355189515e+01 1.360147050873544394e+01 1.612451549659709826e+01 1.360147050873544394e+01 1.081665382639196871e+01 7.071067811865475505e+00 2.121320343559642652e+01 6.708203932499369415e+00 2.000000000000000000e+01 2.408318915758459156e+01 7.280109889280518054e+00 0.000000000000000000e+00 2.469817807045693669e+01 1.581138830084189628e+01 1.700000000000000000e+01 2.607680962081059661e+01 8.062257748298549132e+00 1.208304597359457233e+01 8.544003745317530374e+00 5.099019513592784492e+00 1.220655561573370207e+01 1.140175425099137918e+01 2.024845673131658685e+01
2.039607805437113797e+01 2.163330765278393741e+01 1.118033988749894903e+01 9.055385138137417300e+00 3.482814953453599571e+01 2.475883680627989492e+01 2.828427124746190202e+01 4.494441010848846219e+01 2.080865204668481283e+01 9.486832980505138124e+00 1.104536101718726115e+01 1.746424919657297892e+01 2.469817807045693669e+01 0.000000000000000000e+00 2.607680962081059661e+01 1.615549442140351033e+01 2.302172886644267535e+01 3.138470965295043058e+01 3.676955262170046979e+01 3.106444913401813324e+01 2.059126028197400160e+01 3.001666203960726875e+01 3.498571136907180090e+01 6.324555320336759046e+00
1.897366596101027625e+01 4.472135954999579610e+00 1.746424919657297892e+01 2.158703314492290204e+01 1.300000000000000000e+01 5.000000000000000000e+00 2.280350850198275836e+01 2.408318915758459156e+01 1.044030650891055068e+01 1.702938636592640265e+01 1.860107523773827509e+01 1.513274595042155646e+01 1.581138830084189628e+01 2.607680962081059661e+01 0.000000000000000000e+00 2.801785145224380003e+01 1.303840481040529831e+01 1.431782106327635340e+01 2.154065922853801496e+01 1.300000000000000000e+01 1.264911064067351809e+01 2.801785145224380003e+01 1.649242250247064234e+01 2.529822128134703618e+01
1.118033988749894903e+01 2.418677324489564739e+01 1.208304597359457233e+01 9.219544457292887074e+00 3.046309242345563462e+01 2.408318915758459156e+01 1.640121946685672683e+01 3.780211634287159939e+01 1.811077027627483460e+01 1.920937271229854559e+01 2.334523505985750447e+01 1.303840481040529831e+01 1.700000000000000000e+01 1.615549442140351033e+01 2.801785145224380003e+01 0.000000000000000000e+00 3.220248437620923454e+01 2.505992817228333536e+01 2.758622844826744469e+01 2.549509756796392423e+01 1.627882059609970611e+01 1.581138830084189628e+01 2.830194339616981125e+01 9.848857801796103928e+00
2.687005768508880621e+01 1.208304597359457233e+01 2.012461179749810825e+01 2.340939982143925135e+01 2.601922366251537611e+01 1.676305461424021104e+01 3.301514803843835466e+01 3.701351104664349378e+01 1.941648783894759944e+01 1.414213562373095101e+01 1.216552506059643868e+01 2.193171219946130890e+01 2.607680962081059661e+01 2.302172886644267535e+01 1.303840481040529831e+01 3.220248437620923454e+01 0.000000000000000000e+00 2.692582403567251959e+01 3.420526275297414287e+01 2.570992026436488231e+01 2.140093455903269515e+01 3.764306044943742080e+01 2.942787793912432193e+01 2.549509756796392423e+01
1.389244398944980396e+01 1.513274595042155646e+01 2.024845673131658685e+01 2.343074902771996193e+01 6.000000000000000000e+00 1.019803902718556898e+01 1.204159457879229578e+01 1.360147050873544394e+01 1.077032961426900748e+01 2.500000000000000000e+01 2.844292530665578411e+01 1.421267040355189515e+01 8.062257748298549132e+00 3.138470965295043058e+01 1.431782106327635340e+01 2.505992817228333536e+01 2.692582403567251959e+01 0.000000000000000000e+00 7.280109889280518054e+00 1.414213562373095145e+00 1.081665382639196871e+01 1.726267650163206824e+01 3.605551275463989125e+00 2.765863337187866122e+01
1.720465053408525335e+01 2.236067977499789805e+01 2.563201123595259290e+01 2.817800560721074277e+01 1.063014581273464998e+01 1.746424919657297892e+01 1.166190378969060149e+01 1.077032961426900748e+01 1.711724276862369010e+01 3.140063693621516450e+01 3.512833614050059339e+01 1.931320791582796659e+01 1.208304597359457233e+01 3.676955262170046979e+01 2.154065922853801496e+01 2.758622844826744469e+01 3.420526275297414287e+01 7.280109889280518054e+00 0.000000000000000000e+00 8.544003745317530374e+00 1.649242250247064234e+01 1.552417469626002422e+01 5.656854249492380582e+00 3.224903099319419653e+01
1.431782106327635340e+01 1.403566884761819900e+01 2.000000000000000000e+01 2.334523505985750447e+01 5.099019513592784492e+00 9.055385138137417300e+00 1.315294643796590535e+01 1.389244398944980396e+01 1.029563014098700080e+01 2.435159132377184221e+01 2.765863337187866122e+01 1.414213562373095101e+01 8.544003745317530374e+00 3.106444913401813324e+01 1.300000000000000000e+01 2.549509756796392423e+01 2.570992026436488231e+01 1.414213562373095145e+00 8.544003745317530374e+00 0.000000000000000000e+00 1.063014581273464998e+01 1.843908891458577415e+01 4.123105625617660586e+00 2.758622844826744469e+01
6.324555320336759046e+00 1.000000000000000000e+01 9.433981132056603158e+00 1.272792206135785520e+01 1.500000000000000000e+01 8.062257748298549132e+00 1.166190378969060149e+01 2.441311123146740414e+01 2.236067977499789805e+00 1.503329637837290811e+01 1.902629759044044633e+01 3.605551275463989125e+00 5.099019513592784492e+00 2.059126028197400160e+01 1.264911064067351809e+01 1.627882059609970611e+01 2.140093455903269515e+01 1.081665382639196871e+01 1.649242250247064234e+01 1.063014581273464998e+01 0.000000000000000000e+00 1.627882059609970611e+01 1.442220510185595650e+01 1.697056274847713908e+01
1.118033988749894903e+01 2.617250465660480074e+01 2.088061301782110135e+01 2.109502310972898798e+01 2.319482700948640286e+01 2.302172886644267535e+01 5.385164807134503739e+00 2.624880949681337583e+01 1.838477631085023489e+01 2.879236009777593708e+01 3.324154027718932269e+01 1.612451549659709826e+01 1.220655561573370207e+01 3.001666203960726875e+01 2.801785145224380003e+01 1.581138830084189628e+01 3.764306044943742080e+01 1.726267650163206824e+01 1.552417469626002422e+01 1.843908891458577415e+01 1.627882059609970611e+01 0.000000000000000000e+00 1.900000000000000000e+01 2.402082429892862692e+01
1.720465053408525335e+01 1.800000000000000000e+01 2.385372088375312671e+01 2.701851217221259205e+01 5.000000000000000000e+00 1.300000000000000000e+01 1.414213562373095101e+01 1.000000000000000000e+01 1.431782106327635340e+01 2.846049894151541437e+01 3.178049716414140846e+01 1.780449381476485726e+01 1.140175425099137918e+01 3.498571136907180090e+01 1.649242250247064234e+01 2.830194339616981125e+01 2.942787793912432193e+01 3.605551275463989125e+00 5.656854249492380582e+00 4.123105625617660586e+00 1.442220510185595650e+01 1.900000000000000000e+01 0.000000000000000000e+00 3.124099870362661591e+01
1.523154621172781731e+01 2.088061301782110135e+01 8.062257748298549132e+00 4.242640687119284770e+00 3.189043743820394994e+01 2.282542442102665348e+01 2.280350850198275836e+01 4.123105625617660763e+01 1.780449381476485726e+01 1.140175425099137918e+01 1.476482306023340030e+01 1.345362404707370985e+01 2.024845673131658685e+01 6.324555320336759046e+00 2.529822128134703618e+01 9.848857801796103928e+00 2.549509756796392423e+01 2.765863337187866122e+01 3.224903099319419653e+01 2.758622844826744469e+01 1.697056274847713908e+01 2.402082429892862692e+01 3.124099870362661591e+01 0.000000000000000000e+00
