0.000000000000000000e+00 2.000000000000000000e+01 1.104536101718726115e+01 9.433981132056603158e+00 4.019950248448355978e+01 3.255764119219941222e+01 4.123105625617660586e+00 1.523154621172781731e+01 4.060788100849390503e+01 2.121320343559642652e+01 4.545327270945404763e+01 1.360147050873544394e+01 2.507987240796890660e+01 1.860107523773827509e+01 3.008321791298264714e+01 2.701851217221259205e+01 2.000000000000000000e+01 7.000000000000000000e+00 1.565247584249852864e+01 1.627882059609970611e+01 4.666904755831213691e+01
2.000000000000000000e+01 0.000000000000000000e+00 1.392838827718411920e+01 1.170469991071962568e+01 2.529822128134703618e+01 1.708800749063506075e+01 2.193171219946130890e+01 1.019803902718556898e+01 2.061552812808830382e+01 3.162277660168379523e+00 2.549509756796392423e+01 1.627882059609970611e+01 1.910497317454279909e+01 5.830951894845300743e+00 1.878829422805593552e+01 7.071067811865475505e+00 5.656854249492380582e+00 1.676305461424021104e+01 5.385164807134503739e+00 1.360147050873544394e+01 2.701851217221259205e+01
1.104536101718726115e+01 1.392838827718411920e+01 0.000000000000000000e+00 1.081665382639196871e+01 2.942787793912432193e+01 2.213594362117865444e+01 1.044030650891055068e+01 1.581138830084189628e+01 3.342154993413680586e+01 1.649242250247064234e+01 3.841874542459709119e+01 3.605551275463989125e+00 2.751363298439520833e+01 1.600000000000000000e+01 3.014962686336266984e+01 2.059126028197400160e+01 1.702938636592640265e+01 1.360147050873544394e+01 8.544003745317530374e+00 1.878829422805593552e+01 4.049691346263317371e+01
9.433981132056603158e+00 1.170469991071962568e+01 1.081665382639196871e+01 0.000000000000000000e+00 3.522782990761707111e+01 2.707397274136176790e+01 1.264911064067351809e+01 6.082762530298219339e+00 3.190611226708763226e+01 1.220655561573370207e+01 3.661966684720110976e+01 1.442220510185595650e+01 1.726267650163206824e+01 9.219544457292887074e+00 2.121320343559642652e+01 1.835755975068581947e+01 1.063014581273464998e+01 5.099019513592784492e+00 9.055385138137417300e+00 8.246211251235321171e+00 3.753664875824691904e+01
4.019950248448355978e+01 2.529822128134703618e+01 2.942787793912432193e+01 3.522782990761707111e+01 0.000000000000000000e+00 8.246211251235321171e+00 3.981205847478876336e+01 3.544009029333869876e+01 2.247220505424423109e+01 2.731300056749532601e+01 2.549509756796392423e+01 2.816025568065744622e+01 4.341658669218482203e+01 3.101612483854164637e+01 4.060788100849390503e+01 2.302172886644267535e+01 3.046309242345563462e+01 4.011234224026316042e+01 2.617250465660480074e+01 3.889730067755344578e+01 2.983286778035259701e+01
3.255764119219941222e+01 1.708800749063506075e+01 2.213594362117865444e+01 2.707397274136176790e+01 8.246211251235321171e+00 0.000000000000000000e+00 3.257299494980465937e+01 2.720294101747088789e+01 1.900000000000000000e+01 1.923538406167134340e+01 2.319482700948640286e+01 2.147091055358388800e+01 3.551056180912940619e+01 2.284731931759172596e+01 3.324154027718932269e+01 1.555634918610404505e+01 2.236067977499789805e+01 3.201562118716424266e+01 1.802775637731994607e+01 3.067572330035593353e+01 2.701851217221259205e+01
4.123105625617660586e+00 2.193171219946130890e+01 1.044030650891055068e+01 1.264911064067351809e+01 3.981205847478876336e+01 3.257299494980465937e+01 0.000000000000000000e+00 1.868154169226940553e+01 4.244997055358224713e+01 2.360084744241189370e+01 4.738143096192853676e+01 1.200000000000000000e+01 2.901723625709381693e+01 2.147091055358388800e+01 3.373425558686599857e+01 2.900000000000000000e+01 2.282542442102665348e+01 1.104536101718726115e+01 1.702938636592640265e+01 2.009975124224177989e+01 4.891829923454003648e+01
1.523154621172781731e+01 1.019803902718556898e+01 1.581138830084189628e+01 6.082762530298219339e+00 3.544009029333869876e+01 2.720294101747088789e+01 1.868154169226940553e+01 0.000000000000000000e+00 2.823118842698620767e+01 9.055385138137417300e+00 3.264965543462901820e+01 1.931320791582796659e+01 1.170469991071962568e+01 5.099019513592784492e+00 1.513274595042155646e+01 1.529705854077835525e+01 6.324555320336759046e+00 9.219544457292887074e+00 1.063014581273464998e+01 3.605551275463989125e+00 3.301514803843835466e+01
4.060788100849390503e+01 2.061552812808830382e+01 3.342154993413680586e+01 3.190611226708763226e+01 2.247220505424423109e+01 1.900000000000000000e+01 4.244997055358224713e+01 2.823118842698620767e+01 0.000000000000000000e+00 1.972308292331602075e+01 5.000000000000000000e+00 3.466987164671942878e+01 3.000000000000000000e+01 2.325940669922601600e+01 2.433105012119287736e+01 1.360147050873544394e+01 2.193171219946130890e+01 3.671511950137163893e+01 2.545584412271571040e+01 3.036445290137795183e+01 8.062257748298549132e+00
2.121320343559642652e+01 3.162277660168379523e+00 1.649242250247064234e+01 1.220655561573370207e+01 2.731300056749532601e+01 1.923538406167134340e+01 2.360084744241189370e+01 9.055385138137417300e+00 1.972308292331602075e+01 0.000000000000000000e+00 2.441311123146740414e+01 1.910497317454279909e+01 1.640121946685672683e+01 4.000000000000000000e+00 1.565247584249852864e+01 6.324555320336759046e+00 3.162277660168379523e+00 1.700000000000000000e+01 8.062257748298549132e+00 1.204159457879229578e+01 2.545584412271571040e+01
4.545327270945404763e+01 2.549509756796392423e+01 3.841874542459709119e+01 3.661966684720110976e+01 2.549509756796392423e+01 2.319482700948640286e+01 4.738143096192853676e+01 3.264965543462901820e+01 5.000000000000000000e+00 2.441311123146740414e+01 0.000000000000000000e+00 3.966106403010387993e+01 3.324154027718932269e+01 2.778488797889960793e+01 2.700000000000000000e+01 1.843908891458577415e+01 2.641968962724581260e+01 4.134005321718877468e+01 3.041381265149109936e+01 3.453983207834108526e+01 4.472135954999579610e+00
1.360147050873544394e+01 1.627882059609970611e+01 3.605551275463989125e+00 1.442220510185595650e+01 2.816025568065744622e+01 2.147091055358388800e+01 1.200000000000000000e+01 1.931320791582796659e+01 3.466987164671942878e+01 1.910497317454279909e+01 3.966106403010387993e+01 0.000000000000000000e+00 3.101612483854164637e+01 1.910497317454279909e+01 3.337663853655727308e+01 2.247220505424423109e+01 2.002498439450078749e+01 1.702938636592640265e+01 1.104536101718726115e+01 2.236067977499789805e+01 4.205948168962618183e+01
2.507987240796890660e+01 1.910497317454279909e+01 2.751363298439520833e+01 1.726267650163206824e+01 4.341658669218482203e+01 3.551056180912940619e+01 2.901723625709381693e+01 1.170469991071962568e+01 3.000000000000000000e+01 1.640121946685672683e+01 3.324154027718932269e+01 3.101612483854164637e+01 0.000000000000000000e+00 1.345362404707370985e+01 7.211102550927978250e+00 2.061552812808830382e+01 1.345362404707370985e+01 1.811077027627483460e+01 2.163330765278393741e+01 9.055385138137417300e+00 3.201562118716424266e+01
1.860107523773827509e+01 5.830951894845300743e+00 1.600000000000000000e+01 9.219544457292887074e+00 3.101612483854164637e+01 2.284731931759172596e+01 2.147091055358388800e+01 5.099019513592784492e+00 2.325940669922601600e+01 4.000000000000000000e+00 2.778488797889960793e+01 1.910497317454279909e+01 1.345362404707370985e+01 0.000000000000000000e+00 1.431782106327635340e+01 1.019803902718556898e+01 1.414213562373095145e+00 1.360147050873544394e+01 8.544003745317530374e+00 8.062257748298549132e+00 2.842534080710379030e+01
3.008321791298264714e+01 1.878829422805593552e+01 3.014962686336266984e+01 2.121320343559642652e+01 4.060788100849390503e+01 3.324154027718932269e+01 3.373425558686599857e+01 1.513274595042155646e+01 2.433105012119287736e+01 1.565247584249852864e+01 2.700000000000000000e+01 3.337663853655727308e+01 7.211102550927978250e+00 1.431782106327635340e+01 0.000000000000000000e+00 1.769180601295413169e+01 1.360147050873544394e+01 2.340939982143925135e+01 2.280350850198275836e+01 1.392838827718411920e+01 2.531797780234432693e+01
2.701851217221259205e+01 7.071067811865475505e+00 2.059126028197400160e+01 1.835755975068581947e+01 2.302172886644267535e+01 1.555634918610404505e+01 2.900000000000000000e+01 1.529705854077835525e+01 1.360147050873544394e+01 6.324555320336759046e+00 1.843908891458577415e+01 2.247220505424423109e+01 2.061552812808830382e+01 1.019803902718556898e+01 1.769180601295413169e+01 0.000000000000000000e+00 9.055385138137417300e+00 2.325940669922601600e+01 1.220655561573370207e+01 1.802775637731994607e+01 2.000000000000000000e+01
2.000000000000000000e+01 5.656854249492380582e+00 1.702938636592640265e+01 1.063014581273464998e+01 3.046309242345563462e+01 2.236067977499789805e+01 2.282542442102665348e+01 6.324555320336759046e+00 2.193171219946130890e+01 3.162277660168379523e+00 2.641968962724581260e+01 2.002498439450078749e+01 1.345362404707370985e+01 1.414213562373095145e+00 1.360147050873544394e+01 9.055385138137417300e+00 0.000000000000000000e+00 1.500000000000000000e+01 9.219544457292887074e+00 9.000000000000000000e+00 2.701851217221259205e+01
7.000000000000000000e+00 1.676305461424021104e+01 1.360147050873544394e+01 5.099019513592784492e+00 4.011234224026316042e+01 3.201562118716424266e+01 1.104536101718726115e+01 9.219544457292887074e+00 3.671511950137163893e+01 1.700000000000000000e+01 4.134005321718877468e+01 1.702938636592640265e+01 1.811077027627483460e+01 1.360147050873544394e+01 2.340939982143925135e+01 2.325940669922601600e+01 1.500000000000000000e+01 0.000000000000000000e+00 1.400000000000000000e+01 9.486832980505138124e+00 4.201190307520000999e+01
1.565247584249852864e+01 5.385164807134503739e+00 8.544003745317530374e+00 9.055385138137417300e+00 2.617250465660480074e+01 1.802775637731994607e+01 1.702938636592640265e+01 1.063014581273464998e+01 2.545584412271571040e+01 8.062257748298549132e+00 3.041381265149109936e+01 1.104536101718726115e+01 2.163330765278393741e+01 8.544003745317530374e+00 2.280350850198275836e+01 1.220655561573370207e+01 9.219544457292887074e+00 1.400000000000000000e+01 0.000000000000000000e+00 1.421267040355189515e+01 3.220248437620923454e+01
1.627882059609970611e+01 1.360147050873544394e+01 1.878829422805593552e+01 8.246211251235321171e+00 3.889730067755344578e+01 3.067572330035593353e+01 2.009975124224177989e+01 3.605551275463989125e+00 3.036445290137795183e+01 1.204159457879229578e+01 3.453983207834108526e+01 2.236067977499789805e+01 9.055385138137417300e+00 8.062257748298549132e+00 1.392838827718411920e+01 1.802775637731994607e+01 9.000000000000000000e+00 9.486832980505138124e+00 1.421267040355189515e+01 0.000000000000000000e+00 3.448187929913333249e+01
4.666904755831213691e+01 2.701851217221259205e+01 4.049691346263317371e+01 3.753664875824691904e+01 2.983286778035259701e+01 2.701851217221259205e+01 4.891829923454003648e+01 3.301514803843835466e+01 8.062257748298549132e+00 2.545584412271571040e+01 4.472135954999579610e+00 4.205948168962618183e+01 3.201562118716424266e+01 2.842534080710379030e+01 2.531797780234432693e+01 2.000000000000000000e+01 2.701851217221259205e+01 4.201190307520000999e+01 3.220248437620923454e+01 3.448187929913333249e+01 0.000000000000000000e+00
