0.000000000000000000e+00 1.702938636592640265e+01 2.400000000000000000e+01 2.370653918225939449e+01 3.748332962798262713e+01 2.517935662402834396e+01 2.404163056034261459e+01 2.954657340538831534e+01 2.690724809414741969e+01 5.099019513592784492e+00 1.655294535724684835e+01 3.753664875824691904e+01 1.523154621172781731e+01 2.236067977499789805e+01 3.580502757993631491e+01 3.324154027718932269e+01 7.810249675906653977e+00 1.029563014098700080e+01 3.178049716414140846e+01 1.216552506059643868e+01 2.404163056034261459e+01 2.102379604162863913e+01 2.906888370749726747e+01 2.213594362117865444e+01 3.080584360149872580e+01 1.503329637837290811e+01 2.408318915758459156e+01 1.897366596101027625e+01 1.236931687685298087e+01
1.702938636592640265e+01 0.000000000000000000e+00 7.071067811865475505e+00 1.077032961426900748e+01 2.692582403567251959e+01 8.944271909999159220e+00 8.485281374238569541e+00 1.486606874731850603e+01 1.902629759044044633e+01 1.649242250247064234e+01 1.720465053408525335e+01 2.640075756488817049e+01 1.702938636592640265e+01 2.469817807045693669e+01 2.332380757938120297e+01 1.780449381476485726e+01 1.170469991071962568e+01 1.000000000000000000e+01 1.697056274847713908e+01 5.099019513592784492e+00 2.416609194718914466e+01 1.969771560359220786e+01 1.204159457879229578e+01 7.211102550927978250e+00 1.431782106327635340e+01 2.828427124746190291e+00 7.071067811865475505e+00 2.024845673131658685e+01 6.403124237432848531e+00
2.400000000000000000e+01 7.071067811865475505e+00 0.000000000000000000e+00 1.140175425099137918e+01 2.617250465660480074e+01 3.162277660168379523e+00 7.071067811865475505e+00 1.236931687685298087e+01 2.088061301782110135e+01 2.353720459187963954e+01 2.267156809750926882e+01 2.531797780234432693e+01 2.280350850198275836e+01 2.973213749463701205e+01 2.158703314492290204e+01 1.389244398944980396e+01 1.868154169226940553e+01 1.581138830084189628e+01 1.392838827718411920e+01 1.216552506059643868e+01 2.860069929215018192e+01 2.420743687382040932e+01 5.385164807134503739e+00 7.615773105863908654e+00 9.219544457292887074e+00 9.055385138137417300e+00 2.000000000000000000e+00 2.545584412271571040e+01 1.236931687685298087e+01
2.370653918225939449e+01 1.077032961426900748e+01 1.140175425099137918e+01 0.000000000000000000e+00 1.615549442140351033e+01 1.456021977856103611e+01 4.472135954999579610e+00 6.082762530298219339e+00 9.486832980505138124e+00 2.088061301782110135e+01 1.456021977856103611e+01 1.565247584249852864e+01 1.529705854077835525e+01 2.024845673131658685e+01 1.280624847486569706e+01 1.004987562112088995e+01 1.615549442140351033e+01 2.000000000000000000e+01 8.246211251235321171e+00 1.272792206135785520e+01 1.843908891458577415e+01 1.442220510185595650e+01 1.204159457879229578e+01 4.000000000000000000e+00 9.848857801796103928e+00 1.341640786499873883e+01 9.486832980505138124e+00 1.655294535724684835e+01 1.664331697709323876e+01
3.748332962798262713e+01 2.692582403567251959e+01 2.617250465660480074e+01 1.615549442140351033e+01 0.000000000000000000e+00 2.906888370749726747e+01 1.941648783894759944e+01 1.400000000000000000e+01 1.081665382639196871e+01 3.342154993413680586e+01 2.282542442102665348e+01 1.414213562373095145e+00 2.418677324489564739e+01 2.334523505985750447e+01 5.385164807134503739e+00 1.456021977856103611e+01 2.969848480983499428e+01 3.584689665786984136e+01 1.315294643796590535e+01 2.830194339616981125e+01 2.022374841615668473e+01 1.931320791582796659e+01 2.408318915758459156e+01 1.992485884517127559e+01 1.923538406167134340e+01 2.954657340538831534e+01 2.418677324489564739e+01 2.247220505424423109e+01 3.264965543462901820e+01
2.517935662402834396e+01 8.944271909999159220e+00 3.162277660168379523e+00 1.456021977856103611e+01 2.906888370749726747e+01 0.000000000000000000e+00 1.019803902718556898e+01 1.513274595042155646e+01 2.404163056034261459e+01 2.529822128134703618e+01 2.545584412271571040e+01 2.816025568065744622e+01 2.549509756796392423e+01 3.264965543462901820e+01 2.433105012119287736e+01 1.615549442140351033e+01 2.061552812808830382e+01 1.612451549659709826e+01 1.649242250247064234e+01 1.392838827718411920e+01 3.162277660168379256e+01 2.720294101747088789e+01 6.403124237432848531e+00 1.077032961426900748e+01 1.118033988749894903e+01 1.019803902718556898e+01 5.099019513592784492e+00 2.831960451701259274e+01 1.300000000000000000e+01
2.404163056034261459e+01 8.485281374238569541e+00 7.071067811865475505e+00 4.472135954999579610e+00 1.941648783894759944e+01 1.019803902718556898e+01 0.000000000000000000e+00 6.403124237432848531e+00 1.392838827718411920e+01 2.209072203437452231e+01 1.788854381999831844e+01 1.868154169226940553e+01 1.838477631085023489e+01 2.420743687382040932e+01 1.523154621172781731e+01 9.433981132056603158e+00 1.711724276862369010e+01 1.843908891458577415e+01 8.485281374238569541e+00 1.208304597359457233e+01 2.262741699796952233e+01 1.843908891458577415e+01 7.810249675906653977e+00 2.000000000000000000e+00 7.000000000000000000e+00 1.131370849898476116e+01 5.099019513592784492e+00 2.024845673131658685e+01 1.486606874731850603e+01
2.954657340538831534e+01 1.486606874731850603e+01 1.236931687685298087e+01 6.082762530298219339e+00 1.400000000000000000e+01 1.513274595042155646e+01 6.403124237432848531e+00 0.000000000000000000e+00 1.204159457879229578e+01 2.692582403567251959e+01 2.022374841615668473e+01 1.303840481040529831e+01 2.109502310972898798e+01 2.507987240796890660e+01 9.219544457292887074e+00 4.000000000000000000e+00 2.213594362117865444e+01 2.475883680627989492e+01 2.236067977499789805e+00 1.802775637731994607e+01 2.282542442102665348e+01 1.931320791582796659e+01 1.019803902718556898e+01 7.810249675906653977e+00 5.830951894845300743e+00 1.769180601295413169e+01 1.044030650891055068e+01 2.184032966784155505e+01 2.121320343559642652e+01
2.690724809414741969e+01 1.902629759044044633e+01 2.088061301782110135e+01 9.486832980505138124e+00 1.081665382639196871e+01 2.404163056034261459e+01 1.392838827718411920e+01 1.204159457879229578e+01 0.000000000000000000e+00 2.267156809750926882e+01 1.208304597359457233e+01 1.118033988749894903e+01 1.341640786499873883e+01 1.414213562373095101e+01 1.104536101718726115e+01 1.526433752247374720e+01 1.920937271229854559e+01 2.657066051117284644e+01 1.303840481040529831e+01 1.897366596101027625e+01 1.140175425099137918e+01 9.055385138137417300e+00 2.109502310972898798e+01 1.334166406412633421e+01 1.769180601295413169e+01 2.121320343559642652e+01 1.897366596101027625e+01 1.216552506059643868e+01 2.376972864800942631e+01
5.099019513592784492e+00 1.649242250247064234e+01 2.353720459187963954e+01 2.088061301782110135e+01 3.342154993413680586e+01 2.529822128134703618e+01 2.209072203437452231e+01 2.692582403567251959e+01 2.267156809750926882e+01 0.000000000000000000e+00 1.166190378969060149e+01 3.360059523282288296e+01 1.029563014098700080e+01 1.726267650163206824e+01 3.224903099319419653e+01 3.080584360149872580e+01 5.000000000000000000e+00 1.280624847486569706e+01 2.912043955712207222e+01 1.140175425099137918e+01 1.897366596101027625e+01 1.612451549659709826e+01 2.816025568065744622e+01 2.009975124224177989e+01 2.906888370749726747e+01 1.523154621172781731e+01 2.319482700948640286e+01 1.392838827718411920e+01 1.360147050873544394e+01
1.655294535724684835e+01 1.720465053408525335e+01 2.267156809750926882e+01 1.456021977856103611e+01 2.282542442102665348e+01 2.545584412271571040e+01 1.788854381999831844e+01 2.022374841615668473e+01 1.208304597359457233e+01 1.166190378969060149e+01 0.000000000000000000e+00 2.325940669922601600e+01 1.414213562373095145e+00 7.615773105863908654e+00 2.280350850198275836e+01 2.418677324489564739e+01 1.004987562112088995e+01 2.009975124224177989e+01 2.209072203437452231e+01 1.392838827718411920e+01 8.000000000000000000e+00 4.472135954999579610e+00 2.555386467836127551e+01 1.612451549659709826e+01 2.435159132377184221e+01 1.788854381999831844e+01 2.140093455903269515e+01 3.162277660168379523e+00 1.868154169226940553e+01
3.753664875824691904e+01 2.640075756488817049e+01 2.531797780234432693e+01 1.565247584249852864e+01 1.414213562373095145e+00 2.816025568065744622e+01 1.868154169226940553e+01 1.303840481040529831e+01 1.118033988749894903e+01 3.360059523282288296e+01 2.325940669922601600e+01 0.000000000000000000e+00 2.459674775249768786e+01 2.418677324489564739e+01 4.123105625617660586e+00 1.334166406412633421e+01 2.973213749463701205e+01 3.551056180912940619e+01 1.204159457879229578e+01 2.801785145224380003e+01 2.109502310972898798e+01 1.992485884517127559e+01 2.302172886644267535e+01 1.931320791582796659e+01 1.811077027627483460e+01 2.906888370749726747e+01 2.334523505985750447e+01 2.308679276123039159e+01 3.224903099319419653e+01
1.523154621172781731e+01 1.702938636592640265e+01 2.280350850198275836e+01 1.529705854077835525e+01 2.418677324489564739e+01 2.549509756796392423e+01 1.838477631085023489e+01 2.109502310972898798e+01 1.341640786499873883e+01 1.029563014098700080e+01 1.414213562373095145e+00 2.459674775249768786e+01 0.000000000000000000e+00 8.246211251235321171e+00 2.404163056034261459e+01 2.507987240796890660e+01 9.000000000000000000e+00 1.923538406167134340e+01 2.302172886644267535e+01 1.341640786499873883e+01 9.055385138137417300e+00 5.830951894845300743e+00 2.594224354214569317e+01 1.655294535724684835e+01 2.500000000000000000e+01 1.749285568453590045e+01 2.163330765278393741e+01 4.000000000000000000e+00 1.802775637731994607e+01
2.236067977499789805e+01 2.469817807045693669e+01 2.973213749463701205e+01 2.024845673131658685e+01 2.334523505985750447e+01 3.264965543462901820e+01 2.420743687382040932e+01 2.507987240796890660e+01 1.414213562373095101e+01 1.726267650163206824e+01 7.615773105863908654e+00 2.418677324489564739e+01 8.246211251235321171e+00 0.000000000000000000e+00 2.501999200639360765e+01 2.879236009777593708e+01 1.711724276862369010e+01 2.745906043549196340e+01 2.657066051117284644e+01 2.154065922853801496e+01 3.162277660168379523e+00 5.830951894845300743e+00 3.201562118716424266e+01 2.267156809750926882e+01 3.001666203960726875e+01 2.549509756796392423e+01 2.828427124746190202e+01 4.472135954999579610e+00 2.624880949681337583e+01
3.580502757993631491e+01 2.332380757938120297e+01 2.158703314492290204e+01 1.280624847486569706e+01 5.385164807134503739e+00 2.433105012119287736e+01 1.523154621172781731e+01 9.219544457292887074e+00 1.104536101718726115e+01 3.224903099319419653e+01 2.280350850198275836e+01 4.123105625617660586e+00 2.404163056034261459e+01 2.501999200639360765e+01 0.000000000000000000e+00 9.219544457292887074e+00 2.801785145224380003e+01 3.280243893371345365e+01 8.000000000000000000e+00 2.549509756796392423e+01 2.209072203437452231e+01 2.009975124224177989e+01 1.900000000000000000e+01 1.612451549659709826e+01 1.403566884761819900e+01 2.607680962081059661e+01 1.964688270438849926e+01 2.319482700948640286e+01 2.941088233970548416e+01
3.324154027718932269e+01 1.780449381476485726e+01 1.389244398944980396e+01 1.004987562112088995e+01 1.456021977856103611e+01 1.615549442140351033e+01 9.433981132056603158e+00 4.000000000000000000e+00 1.526433752247374720e+01 3.080584360149872580e+01 2.418677324489564739e+01 1.334166406412633421e+01 2.507987240796890660e+01 2.879236009777593708e+01 9.219544457292887074e+00 0.000000000000000000e+00 2.596150997149434048e+01 2.780287754891568852e+01 2.236067977499789805e+00 2.147091055358388800e+01 2.640075756488817049e+01 2.308679276123039159e+01 1.019803902718556898e+01 1.118033988749894903e+01 5.099019513592784492e+00 2.061552812808830382e+01 1.220655561573370207e+01 2.570992026436488231e+01 2.420743687382040932e+01
7.810249675906653977e+00 1.170469991071962568e+01 1.868154169226940553e+01 1.615549442140351033e+01 2.969848480983499428e+01 2.061552812808830382e+01 1.711724276862369010e+01 2.213594362117865444e+01 1.920937271229854559e+01 5.000000000000000000e+00 1.004987562112088995e+01 2.973213749463701205e+01 9.000000000000000000e+00 1.711724276862369010e+01 2.801785145224380003e+01 2.596150997149434048e+01 0.000000000000000000e+00 1.044030650891055068e+01 2.435159132377184221e+01 6.708203932499369415e+00 1.802775637731994607e+01 1.431782106327635340e+01 2.319482700948640286e+01 1.513274595042155646e+01 2.408318915758459156e+01 1.081665382639196871e+01 1.824828759089465890e+01 1.300000000000000000e+01 1.000000000000000000e+01
1.029563014098700080e+01 1.000000000000000000e+01 1.581138830084189628e+01 2.000000000000000000e+01 3.584689665786984136e+01 1.612451549659709826e+01 1.843908891458577415e+01 2.475883680627989492e+01 2.657066051117284644e+01 1.280624847486569706e+01 2.009975124224177989e+01 3.551056180912940619e+01 1.923538406167134340e+01 2.745906043549196340e+01 3.280243893371345365e+01 2.780287754891568852e+01 1.044030650891055068e+01 0.000000000000000000e+00 2.690724809414741969e+01 7.615773105863908654e+00 2.807133769523639799e+01 2.400000000000000000e+01 2.118962010041709121e+01 1.697056274847713908e+01 2.418677324489564739e+01 7.211102550927978250e+00 1.655294535724684835e+01 2.319482700948640286e+01 3.605551275463989125e+00
3.178049716414140846e+01 1.697056274847713908e+01 1.392838827718411920e+01 8.246211251235321171e+00 1.315294643796590535e+01 1.649242250247064234e+01 8.485281374238569541e+00 2.236067977499789805e+00 1.303840481040529831e+01 2.912043955712207222e+01 2.209072203437452231e+01 1.204159457879229578e+01 2.302172886644267535e+01 2.657066051117284644e+01 8.000000000000000000e+00 2.236067977499789805e+00 2.435159132377184221e+01 2.690724809414741969e+01 0.000000000000000000e+00 2.024845673131658685e+01 2.416609194718914466e+01 2.088061301782110135e+01 1.100000000000000000e+01 1.000000000000000000e+01 6.082762530298219339e+00 1.979898987322333070e+01 1.208304597359457233e+01 2.353720459187963954e+01 2.334523505985750447e+01
1.216552506059643868e+01 5.099019513592784492e+00 1.216552506059643868e+01 1.272792206135785520e+01 2.830194339616981125e+01 1.392838827718411920e+01 1.208304597359457233e+01 1.802775637731994607e+01 1.897366596101027625e+01 1.140175425099137918e+01 1.392838827718411920e+01 2.801785145224380003e+01 1.341640786499873883e+01 2.154065922853801496e+01 2.549509756796392423e+01 2.147091055358388800e+01 6.708203932499369415e+00 7.615773105863908654e+00 2.024845673131658685e+01 0.000000000000000000e+00 2.158703314492290204e+01 1.726267650163206824e+01 1.700000000000000000e+01 1.029563014098700080e+01 1.868154169226940553e+01 4.242640687119284770e+00 1.200000000000000000e+01 1.708800749063506075e+01 5.000000000000000000e+00
2.404163056034261459e+01 2.416609194718914466e+01 2.860069929215018192e+01 1.843908891458577415e+01 2.022374841615668473e+01 3.162277660168379256e+01 2.262741699796952233e+01 2.282542442102665348e+01 1.140175425099137918e+01 1.897366596101027625e+01 8.000000000000000000e+00 2.109502310972898798e+01 9.055385138137417300e+00 3.162277660168379523e+00 2.209072203437452231e+01 2.640075756488817049e+01 1.802775637731994607e+01 2.807133769523639799e+01 2.416609194718914466e+01 2.158703314492290204e+01 0.000000000000000000e+00 4.472135954999579610e+00 3.041381265149109936e+01 2.126029162546929996e+01 2.801785145224380003e+01 2.529822128134703618e+01 2.701851217221259205e+01 5.099019513592784492e+00 2.647640458974745314e+01
2.102379604162863913e+01 1.969771560359220786e+01 2.420743687382040932e+01 1.442220510185595650e+01 1.931320791582796659e+01 2.720294101747088789e+01 1.843908891458577415e+01 1.931320791582796659e+01 9.055385138137417300e+00 1.612451549659709826e+01 4.472135954999579610e+00 1.992485884517127559e+01 5.830951894845300743e+00 5.830951894845300743e+00 2.009975124224177989e+01 2.308679276123039159e+01 1.431782106327635340e+01 2.400000000000000000e+01 2.088061301782110135e+01 1.726267650163206824e+01 4.472135954999579610e+00 0.000000000000000000e+00 2.624880949681337583e+01 1.697056274847713908e+01 2.418677324489564739e+01 2.088061301782110135e+01 2.267156809750926882e+01 3.162277660168379523e+00 2.220360331117451835e+01
2.906888370749726747e+01 1.204159457879229578e+01 5.385164807134503739e+00 1.204159457879229578e+01 2.408318915758459156e+01 6.403124237432848531e+00 7.810249675906653977e+00 1.019803902718556898e+01 2.109502310972898798e+01 2.816025568065744622e+01 2.555386467836127551e+01 2.302172886644267535e+01 2.594224354214569317e+01 3.201562118716424266e+01 1.900000000000000000e+01 1.019803902718556898e+01 2.319482700948640286e+01 2.118962010041709121e+01 1.100000000000000000e+01 1.700000000000000000e+01 3.041381265149109936e+01 2.624880949681337583e+01 0.000000000000000000e+00 9.433981132056603158e+00 5.099019513592784492e+00 1.431782106327635340e+01 5.000000000000000000e+00 2.801785145224380003e+01 1.772004514666934938e+01
2.213594362117865444e+01 7.211102550927978250e+00 7.615773105863908654e+00 4.000000000000000000e+00 1.992485884517127559e+01 1.077032961426900748e+01 2.000000000000000000e+00 7.810249675906653977e+00 1.334166406412633421e+01 2.009975124224177989e+01 1.612451549659709826e+01 1.931320791582796659e+01 1.655294535724684835e+01 2.267156809750926882e+01 1.612451549659709826e+01 1.118033988749894903e+01 1.513274595042155646e+01 1.697056274847713908e+01 1.000000000000000000e+01 1.029563014098700080e+01 2.126029162546929996e+01 1.697056274847713908e+01 9.433981132056603158e+00 0.000000000000000000e+00 9.000000000000000000e+00 1.000000000000000000e+01 5.830951894845300743e+00 1.860107523773827509e+01 1.345362404707370985e+01
3.080584360149872580e+01 1.431782106327635340e+01 9.219544457292887074e+00 9.848857801796103928e+00 1.923538406167134340e+01 1.118033988749894903e+01 7.000000000000000000e+00 5.830951894845300743e+00 1.769180601295413169e+01 2.906888370749726747e+01 2.435159132377184221e+01 1.811077027627483460e+01 2.500000000000000000e+01 3.001666203960726875e+01 1.403566884761819900e+01 5.099019513592784492e+00 2.408318915758459156e+01 2.418677324489564739e+01 6.082762530298219339e+00 1.868154169226940553e+01 2.801785145224380003e+01 2.418677324489564739e+01 5.099019513592784492e+00 9.000000000000000000e+00 0.000000000000000000e+00 1.700000000000000000e+01 7.810249675906653977e+00 2.640075756488817049e+01 2.059126028197400160e+01
1.503329637837290811e+01 2.828427124746190291e+00 9.055385138137417300e+00 1.341640786499873883e+01 2.954657340538831534e+01 1.019803902718556898e+01 1.131370849898476116e+01 1.769180601295413169e+01 2.121320343559642652e+01 1.523154621172781731e+01 1.788854381999831844e+01 2.906888370749726747e+01 1.749285568453590045e+01 2.549509756796392423e+01 2.607680962081059661e+01 2.061552812808830382e+01 1.081665382639196871e+01 7.211102550927978250e+00 1.979898987322333070e+01 4.242640687119284770e+00 2.529822128134703618e+01 2.088061301782110135e+01 1.431782106327635340e+01 1.000000000000000000e+01 1.700000000000000000e+01 0.000000000000000000e+00 9.486832980505138124e+00 2.102379604162863913e+01 3.605551275463989125e+00
2.408318915758459156e+01 7.071067811865475505e+00 2.000000000000000000e+00 9.486832980505138124e+00 2.418677324489564739e+01 5.099019513592784492e+00 5.099019513592784492e+00 1.044030650891055068e+01 1.897366596101027625e+01 2.319482700948640286e+01 2.140093455903269515e+01 2.334523505985750447e+01 2.163330765278393741e+01 2.828427124746190202e+01 1.964688270438849926e+01 1.220655561573370207e+01 1.824828759089465890e+01 1.655294535724684835e+01 1.208304597359457233e+01 1.200000000000000000e+01 2.701851217221259205e+01 2.267156809750926882e+01 5.000000000000000000e+00 5.830951894845300743e+00 7.810249675906653977e+00 9.486832980505138124e+00 0.000000000000000000e+00 2.408318915758459156e+01 1.300000000000000000e+01
1.897366596101027625e+01 2.024845673131658685e+01 2.545584412271571040e+01 1.655294535724684835e+01 2.247220505424423109e+01 2.831960451701259274e+01 2.024845673131658685e+01 2.184032966784155505e+01 1.216552506059643868e+01 1.392838827718411920e+01 3.162277660168379523e+00 2.308679276123039159e+01 4.000000000000000000e+00 4.472135954999579610e+00 2.319482700948640286e+01 2.570992026436488231e+01 1.300000000000000000e+01 2.319482700948640286e+01 2.353720459187963954e+01 1.708800749063506075e+01 5.099019513592784492e+00 3.162277660168379523e+00 2.801785145224380003e+01 1.860107523773827509e+01 2.640075756488817049e+01 2.102379604162863913e+01 2.408318915758459156e+01 0.000000000000000000e+00 2.184032966784155505e+01
1.236931687685298087e+01 6.403124237432848531e+00 1.236931687685298087e+01 1.664331697709323876e+01 3.264965543462901820e+01 1.300000000000000000e+01 1.486606874731850603e+01 2.121320343559642652e+01 2.376972864800942631e+01 1.360147050873544394e+01 1.868154169226940553e+01 3.224903099319419653e+01 1.802775637731994607e+01 2.624880949681337583e+01 2.941088233970548416e+01 2.420743687382040932e+01 1.000000000000000000e+01 3.605551275463989125e+00 2.334523505985750447e+01 5.000000000000000000e+00 2.647640458974745314e+01 2.220360331117451835e+01 1.772004514666934938e+01 1.345362404707370985e+01 2.059126028197400160e+01 3.605551275463989125e+00 1.300000000000000000e+01 2.184032966784155505e+01 0.000000000000000000e+00
