0.000000000000000000e+00 1.886796226411320632e+01 1.860107523773827509e+01 2.906888370749726747e+01 1.360147050873544394e+01 2.000000000000000000e+00 1.615549442140351033e+01 1.077032961426900748e+01 1.029563014098700080e+01 1.600000000000000000e+01 1.649242250247064234e+01 2.624880949681337583e+01 1.649242250247064234e+01 9.848857801796103928e+00 1.700000000000000000e+01 1.603121954188139853e+01 2.459674775249768786e+01 2.118962010041709121e+01 1.118033988749894903e+01 1.236931687685298087e+01 1.984943324127920761e+01 1.131370849898476116e+01
1.886796226411320632e+01 0.000000000000000000e+00 3.744329045369811126e+01 1.044030650891055068e+01 3.047950130825634218e+01 1.788854381999831844e+01 3.488552708502481892e+01 2.668332812825266842e+01 2.549509756796392423e+01 1.000000000000000000e+01 3.492849839314595783e+01 8.062257748298549132e+00 3.255764119219941222e+01 1.565247584249852864e+01 2.451530134426252516e+01 3.324154027718932269e+01 2.184032966784155505e+01 5.000000000000000000e+00 2.100000000000000000e+01 2.906888370749726747e+01 2.942787793912432193e+01 2.408318915758459156e+01
1.860107523773827509e+01 3.744329045369811126e+01 0.000000000000000000e+00 4.750789408087881327e+01 1.118033988749894903e+01 1.984943324127920761e+01 5.000000000000000000e+00 1.581138830084189628e+01 1.708800749063506075e+01 3.289376840679705083e+01 7.071067811865475505e+00 4.482186966202993972e+01 1.503329637837290811e+01 2.500000000000000000e+01 2.692582403567251959e+01 1.204159457879229578e+01 3.700000000000000000e+01 3.935733730830885690e+01 2.325940669922601600e+01 1.204159457879229578e+01 2.607680962081059661e+01 2.024845673131658685e+01
2.906888370749726747e+01 1.044030650891055068e+01 4.750789408087881327e+01 0.000000000000000000e+00 3.969886648255841521e+01 2.823118842698620767e+01 4.518849411078001310e+01 3.710795063055894616e+01 3.590264614203248072e+01 1.640121946685672683e+01 4.531004303683676682e+01 7.211102550927978250e+00 4.295346318982905842e+01 2.404163056034261459e+01 3.405877273185280529e+01 4.368065933568311010e+01 2.433105012119287736e+01 8.485281374238569541e+00 3.114482300479487265e+01 3.828837943815329226e+01 3.905124837953326988e+01 3.436568055487916240e+01
1.360147050873544394e+01 3.047950130825634218e+01 1.118033988749894903e+01 3.969886648255841521e+01 0.000000000000000000e+00 1.552417469626002422e+01 1.303840481040529831e+01 1.802775637731994607e+01 1.868154169226940553e+01 2.385372088375312671e+01 1.500000000000000000e+01 3.841874542459709119e+01 2.080865204668481283e+01 1.581138830084189628e+01 2.828427124746190202e+01 1.843908891458577415e+01 2.607680962081059661e+01 3.124099870362661591e+01 2.302172886644267535e+01 1.414213562373095145e+00 2.941088233970548416e+01 2.137755832643194864e+01
2.000000000000000000e+00 1.788854381999831844e+01 1.984943324127920761e+01 2.823118842698620767e+01 1.552417469626002422e+01 0.000000000000000000e+00 1.700000000000000000e+01 1.019803902718556898e+01 9.486832980505138124e+00 1.612451549659709826e+01 1.708800749063506075e+01 2.500000000000000000e+01 1.612451549659709826e+01 1.081665382639196871e+01 1.526433752247374720e+01 1.603121954188139853e+01 2.555386467836127551e+01 2.061552812808830382e+01 9.433981132056603158e+00 1.431782106327635340e+01 1.838477631085023489e+01 1.000000000000000000e+01
1.615549442140351033e+01 3.488552708502481892e+01 5.000000000000000000e+00 4.518849411078001310e+01 1.303840481040529831e+01 1.700000000000000000e+01 0.000000000000000000e+00 1.118033988749894903e+01 1.252996408614166768e+01 3.157530680769388809e+01 2.236067977499789805e+00 4.188078318274384770e+01 1.004987562112088995e+01 2.408318915758459156e+01 2.213594362117865444e+01 7.071067811865475505e+00 3.733630940518894192e+01 3.733630940518894192e+01 1.886796226411320632e+01 1.341640786499873883e+01 2.109502310972898798e+01 1.565247584249852864e+01
1.077032961426900748e+01 2.668332812825266842e+01 1.581138830084189628e+01 3.710795063055894616e+01 1.802775637731994607e+01 1.019803902718556898e+01 1.118033988749894903e+01 0.000000000000000000e+00 1.414213562373095145e+00 2.630589287593181069e+01 1.000000000000000000e+01 3.269556544854363267e+01 6.000000000000000000e+00 2.061552812808830382e+01 1.118033988749894903e+01 6.708203932499369415e+00 3.534119409414458346e+01 3.014962686336266984e+01 7.810249675906653977e+00 1.746424919657297892e+01 1.140175425099137918e+01 4.472135954999579610e+00
1.029563014098700080e+01 2.549509756796392423e+01 1.708800749063506075e+01 3.590264614203248072e+01 1.868154169226940553e+01 9.486832980505138124e+00 1.252996408614166768e+01 1.414213562373095145e+00 0.000000000000000000e+00 2.549509756796392423e+01 1.140175425099137918e+01 3.138470965295043058e+01 7.071067811865475505e+00 2.012461179749810825e+01 1.004987562112088995e+01 8.062257748298549132e+00 3.488552708502481892e+01 2.906888370749726747e+01 6.403124237432848531e+00 1.802775637731994607e+01 1.077032961426900748e+01 3.162277660168379523e+00
1.600000000000000000e+01 1.000000000000000000e+01 3.289376840679705083e+01 1.640121946685672683e+01 2.385372088375312671e+01 1.612451549659709826e+01 3.157530680769388809e+01 2.630589287593181069e+01 2.549509756796392423e+01 0.000000000000000000e+00 3.224903099319419653e+01 1.746424919657297892e+01 3.224903099319419653e+01 8.062257748298549132e+00 2.830194339616981125e+01 3.201562118716424266e+01 1.252996408614166768e+01 8.062257748298549132e+00 2.325940669922601600e+01 2.247220505424423109e+01 3.264965543462901820e+01 2.529822128134703618e+01
1.649242250247064234e+01 3.492849839314595783e+01 7.071067811865475505e+00 4.531004303683676682e+01 1.500000000000000000e+01 1.708800749063506075e+01 2.236067977499789805e+00 1.000000000000000000e+01 1.140175425099137918e+01 3.224903099319419653e+01 0.000000000000000000e+00 4.167733196834941367e+01 8.000000000000000000e+00 2.500000000000000000e+01 2.061552812808830382e+01 5.000000000000000000e+00 3.863935817272331263e+01 3.764306044943742080e+01 1.780449381476485726e+01 1.526433752247374720e+01 1.923538406167134340e+01 1.442220510185595650e+01
2.624880949681337583e+01 8.062257748298549132e+00 4.482186966202993972e+01 7.211102550927978250e+00 3.841874542459709119e+01 2.500000000000000000e+01 4.188078318274384770e+01 3.269556544854363267e+01 3.138470965295043058e+01 1.746424919657297892e+01 4.167733196834941367e+01 0.000000000000000000e+00 3.827531841800927737e+01 2.370653918225939449e+01 2.807133769523639799e+01 3.939543120718441571e+01 2.807133769523639799e+01 1.000000000000000000e+01 2.596150997149434048e+01 3.701351104664349378e+01 3.306055050963308162e+01 2.941088233970548416e+01
1.649242250247064234e+01 3.255764119219941222e+01 1.503329637837290811e+01 4.295346318982905842e+01 2.080865204668481283e+01 1.612451549659709826e+01 1.004987562112088995e+01 6.000000000000000000e+00 7.071067811865475505e+00 3.224903099319419653e+01 8.000000000000000000e+00 3.827531841800927737e+01 0.000000000000000000e+00 2.624880949681337583e+01 1.360147050873544394e+01 3.000000000000000000e+00 4.085339643163099055e+01 3.612478373637688378e+01 1.252996408614166768e+01 2.061552812808830382e+01 1.140175425099137918e+01 8.944271909999159220e+00
9.848857801796103928e+00 1.565247584249852864e+01 2.500000000000000000e+01 2.404163056034261459e+01 1.581138830084189628e+01 1.081665382639196871e+01 2.408318915758459156e+01 2.061552812808830382e+01 2.012461179749810825e+01 8.062257748298549132e+00 2.500000000000000000e+01 2.370653918225939449e+01 2.624880949681337583e+01 0.000000000000000000e+00 2.549509756796392423e+01 2.549509756796392423e+01 1.476482306023340030e+01 1.555634918610404505e+01 1.979898987322333070e+01 1.442220510185595650e+01 2.906888370749726747e+01 2.080865204668481283e+01
1.700000000000000000e+01 2.451530134426252516e+01 2.692582403567251959e+01 3.405877273185280529e+01 2.828427124746190202e+01 1.526433752247374720e+01 2.213594362117865444e+01 1.118033988749894903e+01 1.004987562112088995e+01 2.830194339616981125e+01 2.061552812808830382e+01 2.807133769523639799e+01 1.360147050873544394e+01 2.549509756796392423e+01 0.000000000000000000e+00 1.612451549659709826e+01 3.969886648255841521e+01 2.912043955712207222e+01 5.830951894845300743e+00 2.745906043549196340e+01 5.000000000000000000e+00 7.000000000000000000e+00
1.603121954188139853e+01 3.324154027718932269e+01 1.204159457879229578e+01 4.368065933568311010e+01 1.843908891458577415e+01 1.603121954188139853e+01 7.071067811865475505e+00 6.708203932499369415e+00 8.062257748298549132e+00 3.201562118716424266e+01 5.000000000000000000e+00 3.939543120718441571e+01 3.000000000000000000e+00 2.549509756796392423e+01 1.612451549659709826e+01 0.000000000000000000e+00 3.984971769034255118e+01 3.649657518178931781e+01 1.421267040355189515e+01 1.838477631085023489e+01 1.431782106327635340e+01 1.063014581273464998e+01
2.459674775249768786e+01 2.184032966784155505e+01 3.700000000000000000e+01 2.433105012119287736e+01 2.607680962081059661e+01 2.555386467836127551e+01 3.733630940518894192e+01 3.534119409414458346e+01 3.488552708502481892e+01 1.252996408614166768e+01 3.863935817272331263e+01 2.807133769523639799e+01 4.085339643163099055e+01 1.476482306023340030e+01 3.969886648255841521e+01 3.984971769034255118e+01 0.000000000000000000e+00 1.811077027627483460e+01 3.420526275297414287e+01 2.501999200639360765e+01 4.360045871318327926e+01 3.551056180912940619e+01
2.118962010041709121e+01 5.000000000000000000e+00 3.935733730830885690e+01 8.485281374238569541e+00 3.124099870362661591e+01 2.061552812808830382e+01 3.733630940518894192e+01 3.014962686336266984e+01 2.906888370749726747e+01 8.062257748298549132e+00 3.764306044943742080e+01 1.000000000000000000e+01 3.612478373637688378e+01 1.555634918610404505e+01 2.912043955712207222e+01 3.649657518178931781e+01 1.811077027627483460e+01 0.000000000000000000e+00 2.517935662402834396e+01 2.983286778035259701e+01 3.395585369269929288e+01 2.801785145224380003e+01
1.118033988749894903e+01 2.100000000000000000e+01 2.325940669922601600e+01 3.114482300479487265e+01 2.302172886644267535e+01 9.433981132056603158e+00 1.886796226411320632e+01 7.810249675906653977e+00 6.403124237432848531e+00 2.325940669922601600e+01 1.780449381476485726e+01 2.596150997149434048e+01 1.252996408614166768e+01 1.979898987322333070e+01 5.830951894845300743e+00 1.421267040355189515e+01 3.420526275297414287e+01 2.517935662402834396e+01 0.000000000000000000e+00 2.209072203437452231e+01 9.433981132056603158e+00 3.605551275463989125e+00
1.236931687685298087e+01 2.906888370749726747e+01 1.204159457879229578e+01 3.828837943815329226e+01 1.414213562373095145e+00 1.431782106327635340e+01 1.341640786499873883e+01 1.746424919657297892e+01 1.802775637731994607e+01 2.247220505424423109e+01 1.526433752247374720e+01 3.701351104664349378e+01 2.061552812808830382e+01 1.442220510185595650e+01 2.745906043549196340e+01 1.838477631085023489e+01 2.501999200639360765e+01 2.983286778035259701e+01 2.209072203437452231e+01 0.000000000000000000e+00 2.879236009777593708e+01 2.061552812808830382e+01
1.984943324127920761e+01 2.942787793912432193e+01 2.607680962081059661e+01 3.905124837953326988e+01 2.941088233970548416e+01 1.838477631085023489e+01 2.109502310972898798e+01 1.140175425099137918e+01 1.077032961426900748e+01 3.264965543462901820e+01 1.923538406167134340e+01 3.306055050963308162e+01 1.140175425099137918e+01 2.906888370749726747e+01 5.000000000000000000e+00 1.431782106327635340e+01 4.360045871318327926e+01 3.395585369269929288e+01 9.433981132056603158e+00 2.879236009777593708e+01 0.000000000000000000e+00 8.602325267042626677e+00
1.131370849898476116e+01 2.408318915758459156e+01 2.024845673131658685e+01 3.436568055487916240e+01 2.137755832643194864e+01 1.000000000000000000e+01 1.565247584249852864e+01 4.472135954999579610e+00 3.162277660168379523e+00 2.529822128134703618e+01 1.442220510185595650e+01 2.941088233970548416e+01 8.944271909999159220e+00 2.080865204668481283e+01 7.000000000000000000e+00 1.063014581273464998e+01 3.551056180912940619e+01 2.801785145224380003e+01 3.605551275463989125e+00 2.061552812808830382e+01 8.602325267042626677e+00 0.000000000000000000e+00
