0.000000000000000000e+00 1.486606874731850603e+01 1.303840481040529831e+01 1.749285568453590045e+01 1.964688270438849926e+01 1.280624847486569706e+01 1.486606874731850603e+01 1.581138830084189628e+01 2.549509756796392423e+01 1.941648783894759944e+01 1.216552506059643868e+01 1.029563014098700080e+01 1.969771560359220786e+01 1.562049935181330795e+01 1.334166406412633421e+01 2.996664812754339380e+01 1.702938636592640265e+01 1.720465053408525335e+01 1.220655561573370207e+01 2.080865204668481283e+01 2.765863337187866122e+01 1.860107523773827509e+01 8.544003745317530374e+00 2.000000000000000000e+01 1.523154621172781731e+01 2.195449840010014952e+01 9.433981132056603158e+00 2.024845673131658685e+01
1.486606874731850603e+01 0.000000000000000000e+00 2.640075756488817049e+01 3.201562118716424266e+01 3.312099032335839155e+01 1.900000000000000000e+01 2.102379604162863913e+01 6.403124237432848531e+00 2.051828452868319275e+01 2.600000000000000000e+01 2.555386467836127551e+01 1.992485884517127559e+01 1.931320791582796659e+01 3.047950130825634218e+01 2.692582403567251959e+01 2.801785145224380003e+01 2.236067977499789805e+00 3.201562118716424266e+01 2.039607805437113797e+01 2.701851217221259205e+01 2.262741699796952233e+01 4.123105625617660586e+00 7.615773105863908654e+00 2.256102834535695578e+01 6.403124237432848531e+00 2.900000000000000000e+01 1.612451549659709826e+01 2.927456233660889495e+01
1.303840481040529831e+01 2.640075756488817049e+01 0.000000000000000000e+00 1.456021977856103611e+01 1.969771560359220786e+01 1.208304597359457233e+01 1.236931687685298087e+01 2.863564212655270680e+01 3.820994634908559817e+01 2.830194339616981125e+01 1.555634918610404505e+01 1.969771560359220786e+01 3.178049716414140846e+01 9.055385138137417300e+00 1.562049935181330795e+01 4.176122603564220270e+01 2.863564212655270680e+01 9.055385138137417300e+00 2.193171219946130890e+01 2.968164415931165934e+01 4.031128874149274566e+01 3.046309242345563462e+01 2.137755832643194864e+01 3.101612483854164637e+01 2.420743687382040932e+01 3.000000000000000000e+01 1.204159457879229578e+01 2.690724809414741969e+01
1.749285568453590045e+01 3.201562118716424266e+01 1.456021977856103611e+01 0.000000000000000000e+00 5.656854249492380582e+00 2.501999200639360765e+01 2.601922366251537611e+01 3.124099870362661591e+01 3.544009029333869876e+01 2.002498439450078749e+01 7.615773105863908654e+00 1.523154621172781731e+01 2.789265136196270589e+01 5.830951894845300743e+00 6.324555320336759046e+00 3.605551275463989214e+01 3.405877273185280529e+01 7.071067811865475505e+00 1.676305461424021104e+01 2.109502310972898798e+01 3.710795063055894616e+01 3.538361202590826338e+01 2.475883680627989492e+01 2.517935662402834396e+01 3.264965543462901820e+01 2.039607805437113797e+01 2.334523505985750447e+01 1.649242250247064234e+01
1.964688270438849926e+01 3.312099032335839155e+01 1.969771560359220786e+01 5.656854249492380582e+00 0.000000000000000000e+00 2.915475947422650194e+01 3.041381265149109936e+01 3.124099870362661591e+01 3.310589071449369669e+01 1.627882059609970611e+01 7.615773105863908654e+00 1.414213562373095101e+01 2.549509756796392423e+01 1.140175425099137918e+01 6.324555320336759046e+00 3.255764119219941222e+01 3.498571136907180090e+01 1.272792206135785520e+01 1.500000000000000000e+01 1.711724276862369010e+01 3.453983207834108526e+01 3.605551275463989214e+01 2.555386467836127551e+01 2.213594362117865444e+01 3.478505426185217431e+01 1.600000000000000000e+01 2.700000000000000000e+01 1.200000000000000000e+01
1.280624847486569706e+01 1.900000000000000000e+01 1.208304597359457233e+01 2.501999200639360765e+01 2.915475947422650194e+01 0.000000000000000000e+00 2.236067977499789805e+00 2.353720459187963954e+01 3.624913792078371699e+01 3.220248437620923454e+01 2.280350850198275836e+01 2.302172886644267535e+01 3.162277660168379256e+01 2.039607805437113797e+01 2.353720459187963954e+01 4.188078318274384770e+01 2.102379604162863913e+01 2.088061301782110135e+01 2.500000000000000000e+01 3.360059523282288296e+01 3.848376280978771291e+01 2.302172886644267535e+01 1.746424919657297892e+01 3.255764119219941222e+01 1.456021977856103611e+01 3.466987164671942878e+01 3.605551275463989125e+00 3.264965543462901820e+01
1.486606874731850603e+01 2.102379604162863913e+01 1.236931687685298087e+01 2.601922366251537611e+01 3.041381265149109936e+01 2.236067977499789805e+00 0.000000000000000000e+00 2.570992026436488231e+01 3.848376280978771291e+01 3.420526275297414287e+01 2.435159132377184221e+01 2.500000000000000000e+01 3.383784863137726262e+01 2.109502310972898798e+01 2.500000000000000000e+01 4.410215414239988974e+01 2.300000000000000000e+01 2.137755832643194864e+01 2.701851217221259205e+01 3.560898762952971452e+01 4.071854614300466579e+01 2.500000000000000000e+01 1.969771560359220786e+01 3.471310991541956525e+01 1.627882059609970611e+01 3.661966684720110976e+01 5.830951894845300743e+00 3.448187929913333249e+01
1.581138830084189628e+01 6.403124237432848531e+00 2.863564212655270680e+01 3.124099870362661591e+01 3.124099870362661591e+01 2.353720459187963954e+01 2.570992026436488231e+01 0.000000000000000000e+00 1.414213562373095101e+01 2.137755832643194864e+01 2.404163056034261459e+01 1.720465053408525335e+01 1.334166406412633421e+01 3.088689042296100240e+01 2.545584412271571040e+01 2.163330765278393741e+01 6.324555320336759046e+00 3.264965543462901820e+01 1.700000000000000000e+01 2.220360331117451835e+01 1.627882059609970611e+01 6.000000000000000000e+00 7.280109889280518054e+00 1.702938636592640265e+01 1.272792206135785520e+01 2.433105012119287736e+01 2.022374841615668473e+01 2.529822128134703618e+01
2.549509756796392423e+01 2.051828452868319275e+01 3.820994634908559817e+01 3.544009029333869876e+01 3.310589071449369669e+01 3.624913792078371699e+01 3.848376280978771291e+01 1.414213562373095101e+01 0.000000000000000000e+00 1.780449381476485726e+01 2.789265136196270589e+01 2.039607805437113797e+01 7.615773105863908654e+00 3.733630940518894192e+01 2.912043955712207222e+01 8.246211251235321171e+00 2.000000000000000000e+01 3.931920650267500150e+01 1.868154169226940553e+01 1.769180601295413169e+01 2.236067977499789805e+00 1.886796226411320632e+01 1.878829422805593552e+01 1.140175425099137918e+01 2.687005768508880621e+01 1.979898987322333070e+01 3.269556544854363267e+01 2.280350850198275836e+01
1.941648783894759944e+01 2.600000000000000000e+01 2.830194339616981125e+01 2.002498439450078749e+01 1.627882059609970611e+01 3.220248437620923454e+01 3.420526275297414287e+01 2.137755832643194864e+01 1.780449381476485726e+01 0.000000000000000000e+00 1.360147050873544394e+01 9.219544457292887074e+00 1.063014581273464998e+01 2.376972864800942631e+01 1.431782106327635340e+01 1.627882059609970611e+01 2.707397274136176790e+01 2.570992026436488231e+01 7.211102550927978250e+00 1.414213562373095145e+00 1.886796226411320632e+01 2.729468812791236232e+01 1.923538406167134340e+01 6.403124237432848531e+00 3.041381265149109936e+01 3.000000000000000000e+00 2.884441020371191300e+01 5.000000000000000000e+00
1.216552506059643868e+01 2.555386467836127551e+01 1.555634918610404505e+01 7.615773105863908654e+00 7.615773105863908654e+00 2.280350850198275836e+01 2.435159132377184221e+01 2.404163056034261459e+01 2.789265136196270589e+01 1.360147050873544394e+01 0.000000000000000000e+00 7.615773105863908654e+00 2.039607805437113797e+01 1.019803902718556898e+01 1.414213562373095145e+00 2.901723625709381693e+01 2.745906043549196340e+01 1.216552506059643868e+01 9.219544457292887074e+00 1.486606874731850603e+01 2.961418578992169515e+01 2.860069929215018192e+01 1.802775637731994607e+01 1.800000000000000000e+01 2.720294101747088789e+01 1.476482306023340030e+01 2.022374841615668473e+01 1.140175425099137918e+01
1.029563014098700080e+01 1.992485884517127559e+01 1.969771560359220786e+01 1.523154621172781731e+01 1.414213562373095101e+01 2.302172886644267535e+01 2.500000000000000000e+01 1.720465053408525335e+01 2.039607805437113797e+01 9.219544457292887074e+00 7.615773105863908654e+00 0.000000000000000000e+00 1.303840481040529831e+01 1.702938636592640265e+01 8.944271909999159220e+00 2.236067977499789805e+01 2.154065922853801496e+01 1.902629759044044633e+01 2.236067977499789805e+00 1.063014581273464998e+01 2.220360331117451835e+01 2.236067977499789805e+01 1.236931687685298087e+01 1.140175425099137918e+01 2.302172886644267535e+01 1.166190378969060149e+01 1.972308292331602075e+01 1.019803902718556898e+01
1.969771560359220786e+01 1.931320791582796659e+01 3.178049716414140846e+01 2.789265136196270589e+01 2.549509756796392423e+01 3.162277660168379256e+01 3.383784863137726262e+01 1.334166406412633421e+01 7.615773105863908654e+00 1.063014581273464998e+01 2.039607805437113797e+01 1.303840481040529831e+01 0.000000000000000000e+00 3.006659275674581622e+01 2.158703314492290204e+01 1.029563014098700080e+01 1.964688270438849926e+01 3.206243908376279705e+01 1.118033988749894903e+01 1.081665382639196871e+01 9.219544457292887074e+00 1.923538406167134340e+01 1.486606874731850603e+01 4.472135954999579610e+00 2.505992817228333536e+01 1.303840481040529831e+01 2.801785145224380003e+01 1.555634918610404505e+01
1.562049935181330795e+01 3.047950130825634218e+01 9.055385138137417300e+00 5.830951894845300743e+00 1.140175425099137918e+01 2.039607805437113797e+01 2.109502310972898798e+01 3.088689042296100240e+01 3.733630940518894192e+01 2.376972864800942631e+01 1.019803902718556898e+01 1.702938636592640265e+01 3.006659275674581622e+01 0.000000000000000000e+00 9.486832980505138124e+00 3.911521443121588959e+01 3.264965543462901820e+01 2.000000000000000000e+00 1.900000000000000000e+01 2.500000000000000000e+01 3.920459156782531807e+01 3.420526275297414287e+01 2.385372088375312671e+01 2.807133769523639799e+01 3.000000000000000000e+01 2.469817807045693669e+01 1.931320791582796659e+01 2.102379604162863913e+01
1.334166406412633421e+01 2.692582403567251959e+01 1.562049935181330795e+01 6.324555320336759046e+00 6.324555320336759046e+00 2.353720459187963954e+01 2.500000000000000000e+01 2.545584412271571040e+01 2.912043955712207222e+01 1.431782106327635340e+01 1.414213562373095145e+00 8.944271909999159220e+00 2.158703314492290204e+01 9.486832980505138124e+00 0.000000000000000000e+00 3.000000000000000000e+01 2.884441020371191300e+01 1.140175425099137918e+01 1.044030650891055068e+01 1.552417469626002422e+01 3.080584360149872580e+01 3.000000000000000000e+01 1.941648783894759944e+01 1.902629759044044633e+01 2.846049894151541437e+01 1.523154621172781731e+01 2.109502310972898798e+01 1.166190378969060149e+01
2.996664812754339380e+01 2.801785145224380003e+01 4.176122603564220270e+01 3.605551275463989214e+01 3.255764119219941222e+01 4.188078318274384770e+01 4.410215414239988974e+01 2.163330765278393741e+01 8.246211251235321171e+00 1.627882059609970611e+01 2.901723625709381693e+01 2.236067977499789805e+01 1.029563014098700080e+01 3.911521443121588959e+01 3.000000000000000000e+01 0.000000000000000000e+00 2.778488797889960793e+01 4.110960958218893069e+01 2.022374841615668473e+01 1.552417469626002422e+01 7.000000000000000000e+00 2.683281572999747766e+01 2.483948469674844262e+01 1.104536101718726115e+01 3.420526275297414287e+01 1.708800749063506075e+01 3.827531841800927737e+01 2.088061301782110135e+01
1.702938636592640265e+01 2.236067977499789805e+00 2.863564212655270680e+01 3.405877273185280529e+01 3.498571136907180090e+01 2.102379604162863913e+01 2.300000000000000000e+01 6.324555320336759046e+00 2.000000000000000000e+01 2.707397274136176790e+01 2.745906043549196340e+01 2.154065922853801496e+01 1.964688270438849926e+01 3.264965543462901820e+01 2.884441020371191300e+01 2.778488797889960793e+01 0.000000000000000000e+00 3.420526275297414287e+01 2.184032966784155505e+01 2.801785145224380003e+01 2.202271554554523902e+01 2.000000000000000000e+00 9.433981132056603158e+00 2.319482700948640286e+01 7.615773105863908654e+00 3.006659275674581622e+01 1.824828759089465890e+01 3.059411708155671050e+01
1.720465053408525335e+01 3.201562118716424266e+01 9.055385138137417300e+00 7.071067811865475505e+00 1.272792206135785520e+01 2.088061301782110135e+01 2.137755832643194864e+01 3.264965543462901820e+01 3.931920650267500150e+01 2.570992026436488231e+01 1.216552506059643868e+01 1.902629759044044633e+01 3.206243908376279705e+01 2.000000000000000000e+00 1.140175425099137918e+01 4.110960958218893069e+01 3.420526275297414287e+01 0.000000000000000000e+00 2.100000000000000000e+01 2.692582403567251959e+01 4.119465984809195902e+01 3.580502757993631491e+01 2.555386467836127551e+01 3.006659275674581622e+01 3.124099870362661591e+01 2.657066051117284644e+01 2.012461179749810825e+01 2.284731931759172596e+01
1.220655561573370207e+01 2.039607805437113797e+01 2.193171219946130890e+01 1.676305461424021104e+01 1.500000000000000000e+01 2.500000000000000000e+01 2.701851217221259205e+01 1.700000000000000000e+01 1.868154169226940553e+01 7.211102550927978250e+00 9.219544457292887074e+00 2.236067977499789805e+00 1.118033988749894903e+01 1.900000000000000000e+01 1.044030650891055068e+01 2.022374841615668473e+01 2.184032966784155505e+01 2.100000000000000000e+01 0.000000000000000000e+00 8.602325267042626677e+00 2.039607805437113797e+01 2.247220505424423109e+01 1.303840481040529831e+01 9.219544457292887074e+00 2.402082429892862692e+01 9.848857801796103928e+00 2.163330765278393741e+01 9.000000000000000000e+00
2.080865204668481283e+01 2.701851217221259205e+01 2.968164415931165934e+01 2.109502310972898798e+01 1.711724276862369010e+01 3.360059523282288296e+01 3.560898762952971452e+01 2.220360331117451835e+01 1.769180601295413169e+01 1.414213562373095145e+00 1.486606874731850603e+01 1.063014581273464998e+01 1.081665382639196871e+01 2.500000000000000000e+01 1.552417469626002422e+01 1.552417469626002422e+01 2.801785145224380003e+01 2.692582403567251959e+01 8.602325267042626677e+00 0.000000000000000000e+00 1.860107523773827509e+01 2.816025568065744622e+01 2.039607805437113797e+01 6.403124237432848531e+00 3.157530680769388809e+01 2.236067977499789805e+00 3.023243291566194912e+01 5.385164807134503739e+00
2.765863337187866122e+01 2.262741699796952233e+01 4.031128874149274566e+01 3.710795063055894616e+01 3.453983207834108526e+01 3.848376280978771291e+01 4.071854614300466579e+01 1.627882059609970611e+01 2.236067977499789805e+00 1.886796226411320632e+01 2.961418578992169515e+01 2.220360331117451835e+01 9.219544457292887074e+00 3.920459156782531807e+01 3.080584360149872580e+01 7.000000000000000000e+00 2.202271554554523902e+01 4.119465984809195902e+01 2.039607805437113797e+01 1.860107523773827509e+01 0.000000000000000000e+00 2.080865204668481283e+01 2.102379604162863913e+01 1.252996408614166768e+01 2.900000000000000000e+01 2.061552812808830382e+01 3.492849839314595783e+01 2.385372088375312671e+01
1.860107523773827509e+01 4.123105625617660586e+00 3.046309242345563462e+01 3.538361202590826338e+01 3.605551275463989214e+01 2.302172886644267535e+01 2.500000000000000000e+01 6.000000000000000000e+00 1.886796226411320632e+01 2.729468812791236232e+01 2.860069929215018192e+01 2.236067977499789805e+01 1.923538406167134340e+01 3.420526275297414287e+01 3.000000000000000000e+01 2.683281572999747766e+01 2.000000000000000000e+00 3.580502757993631491e+01 2.247220505424423109e+01 2.816025568065744622e+01 2.080865204668481283e+01 0.000000000000000000e+00 1.063014581273464998e+01 2.302172886644267535e+01 9.486832980505138124e+00 3.026549190084311292e+01 2.022374841615668473e+01 3.104834939252004844e+01
8.544003745317530374e+00 7.615773105863908654e+00 2.137755832643194864e+01 2.475883680627989492e+01 2.555386467836127551e+01 1.746424919657297892e+01 1.969771560359220786e+01 7.280109889280518054e+00 1.878829422805593552e+01 1.923538406167134340e+01 1.802775637731994607e+01 1.236931687685298087e+01 1.486606874731850603e+01 2.385372088375312671e+01 1.941648783894759944e+01 2.483948469674844262e+01 9.433981132056603158e+00 2.555386467836127551e+01 1.303840481040529831e+01 2.039607805437113797e+01 2.102379604162863913e+01 1.063014581273464998e+01 0.000000000000000000e+00 1.700000000000000000e+01 1.118033988749894903e+01 2.220360331117451835e+01 1.392838827718411920e+01 2.202271554554523902e+01
2.000000000000000000e+01 2.256102834535695578e+01 3.101612483854164637e+01 2.517935662402834396e+01 2.213594362117865444e+01 3.255764119219941222e+01 3.471310991541956525e+01 1.702938636592640265e+01 1.140175425099137918e+01 6.403124237432848531e+00 1.800000000000000000e+01 1.140175425099137918e+01 4.472135954999579610e+00 2.807133769523639799e+01 1.902629759044044633e+01 1.104536101718726115e+01 2.319482700948640286e+01 3.006659275674581622e+01 9.219544457292887074e+00 6.403124237432848531e+00 1.252996408614166768e+01 2.302172886644267535e+01 1.700000000000000000e+01 0.000000000000000000e+00 2.785677655436823841e+01 8.602325267042626677e+00 2.900000000000000000e+01 1.140175425099137918e+01
1.523154621172781731e+01 6.403124237432848531e+00 2.420743687382040932e+01 3.264965543462901820e+01 3.478505426185217431e+01 1.456021977856103611e+01 1.627882059609970611e+01 1.272792206135785520e+01 2.687005768508880621e+01 3.041381265149109936e+01 2.720294101747088789e+01 2.302172886644267535e+01 2.505992817228333536e+01 3.000000000000000000e+01 2.846049894151541437e+01 3.420526275297414287e+01 7.615773105863908654e+00 3.124099870362661591e+01 2.402082429892862692e+01 3.157530680769388809e+01 2.900000000000000000e+01 9.486832980505138124e+00 1.118033988749894903e+01 2.785677655436823841e+01 0.000000000000000000e+00 3.337663853655727308e+01 1.252996408614166768e+01 3.301514803843835466e+01
2.195449840010014952e+01 2.900000000000000000e+01 3.000000000000000000e+01 2.039607805437113797e+01 1.600000000000000000e+01 3.466987164671942878e+01 3.661966684720110976e+01 2.433105012119287736e+01 1.979898987322333070e+01 3.000000000000000000e+00 1.476482306023340030e+01 1.166190378969060149e+01 1.303840481040529831e+01 2.469817807045693669e+01 1.523154621172781731e+01 1.708800749063506075e+01 3.006659275674581622e+01 2.657066051117284644e+01 9.848857801796103928e+00 2.236067977499789805e+00 2.061552812808830382e+01 3.026549190084311292e+01 2.220360331117451835e+01 8.602325267042626677e+00 3.337663853655727308e+01 0.000000000000000000e+00 3.138470965295043058e+01 4.000000000000000000e+00
9.433981132056603158e+00 1.612451549659709826e+01 1.204159457879229578e+01 2.334523505985750447e+01 2.700000000000000000e+01 3.605551275463989125e+00 5.830951894845300743e+00 2.022374841615668473e+01 3.269556544854363267e+01 2.884441020371191300e+01 2.022374841615668473e+01 1.972308292331602075e+01 2.801785145224380003e+01 1.931320791582796659e+01 2.109502310972898798e+01 3.827531841800927737e+01 1.824828759089465890e+01 2.012461179749810825e+01 2.163330765278393741e+01 3.023243291566194912e+01 3.492849839314595783e+01 2.022374841615668473e+01 1.392838827718411920e+01 2.900000000000000000e+01 1.252996408614166768e+01 3.138470965295043058e+01 0.000000000000000000e+00 2.954657340538831534e+01
2.024845673131658685e+01 2.927456233660889495e+01 2.690724809414741969e+01 1.649242250247064234e+01 1.200000000000000000e+01 3.264965543462901820e+01 3.448187929913333249e+01 2.529822128134703618e+01 2.280350850198275836e+01 5.000000000000000000e+00 1.140175425099137918e+01 1.019803902718556898e+01 1.555634918610404505e+01 2.102379604162863913e+01 1.166190378969060149e+01 2.088061301782110135e+01 3.059411708155671050e+01 2.284731931759172596e+01 9.000000000000000000e+00 5.385164807134503739e+00 2.385372088375312671e+01 3.104834939252004844e+01 2.202271554554523902e+01 1.140175425099137918e+01 3.301514803843835466e+01 4.000000000000000000e+00 2.954657340538831534e+01 0.000000000000000000e+00
