0.000000000000000000e+00 8.602325267042626677e+00 1.627882059609970611e+01 1.476482306023340030e+01 1.414213562373095101e+01 1.252996408614166768e+01 1.746424919657297892e+01 1.824828759089465890e+01 1.676305461424021104e+01 2.823118842698620767e+01 1.204159457879229578e+01 1.600000000000000000e+01 1.118033988749894903e+01 8.062257748298549132e+00 2.000000000000000000e+01 1.708800749063506075e+01 2.640075756488817049e+01 1.341640786499873883e+01 2.418677324489564739e+01 1.280624847486569706e+01
8.602325267042626677e+00 0.000000000000000000e+00 1.931320791582796659e+01 2.332380757938120297e+01 1.272792206135785520e+01 1.431782106327635340e+01 2.459674775249768786e+01 2.507987240796890660e+01 2.109502310972898798e+01 3.667424164178449786e+01 1.802775637731994607e+01 2.353720459187963954e+01 7.810249675906653977e+00 9.000000000000000000e+00 2.860069929215018192e+01 2.469817807045693669e+01 3.157530680769388809e+01 2.140093455903269515e+01 3.275667870831839679e+01 2.121320343559642652e+01
1.627882059609970611e+01 1.931320791582796659e+01 0.000000000000000000e+00 1.910497317454279909e+01 9.219544457292887074e+00 5.099019513592784492e+00 2.983286778035259701e+01 1.140175425099137918e+01 3.224903099319419653e+01 2.745906043549196340e+01 2.683281572999747766e+01 1.300000000000000000e+01 1.303840481040529831e+01 2.408318915758459156e+01 2.451530134426252516e+01 2.844292530665578411e+01 1.303840481040529831e+01 2.451530134426252516e+01 2.600000000000000000e+01 2.220360331117451835e+01
1.476482306023340030e+01 2.332380757938120297e+01 1.910497317454279909e+01 0.000000000000000000e+00 2.370653918225939449e+01 1.931320791582796659e+01 1.345362404707370985e+01 1.118033988749894903e+01 2.012461179749810825e+01 1.360147050873544394e+01 1.486606874731850603e+01 7.615773105863908654e+00 2.343074902771996193e+01 2.022374841615668473e+01 5.830951894845300743e+00 1.140175425099137918e+01 2.109502310972898798e+01 8.602325267042626677e+00 9.433981132056603158e+00 5.830951894845300743e+00
1.414213562373095101e+01 1.272792206135785520e+01 9.219544457292887074e+00 2.370653918225939449e+01 0.000000000000000000e+00 5.000000000000000000e+00 3.106444913401813324e+01 1.941648783894759944e+01 3.080584360149872580e+01 3.465544690232691494e+01 2.617250465660480074e+01 1.979898987322333070e+01 5.000000000000000000e+00 2.012461179749810825e+01 2.952964612046680060e+01 3.026549190084311292e+01 2.220360331117451835e+01 2.630589287593181069e+01 3.220248437620923454e+01 2.473863375370596174e+01
1.252996408614166768e+01 1.431782106327635340e+01 5.099019513592784492e+00 1.931320791582796659e+01 5.000000000000000000e+00 0.000000000000000000e+00 2.807133769523639799e+01 1.442220510185595650e+01 2.915475947422650194e+01 2.973213749463701205e+01 2.404163056034261459e+01 1.486606874731850603e+01 8.000000000000000000e+00 1.984943324127920761e+01 2.507987240796890660e+01 2.700000000000000000e+01 1.800000000000000000e+01 2.300000000000000000e+01 2.745906043549196340e+01 2.109502310972898798e+01
1.746424919657297892e+01 2.459674775249768786e+01 2.983286778035259701e+01 1.345362404707370985e+01 3.106444913401813324e+01 2.807133769523639799e+01 0.000000000000000000e+00 2.441311123146740414e+01 9.055385138137417300e+00 2.280350850198275836e+01 7.071067811865475505e+00 2.080865204668481283e+01 2.863564212655270680e+01 1.702938636592640265e+01 1.300000000000000000e+01 2.236067977499789805e+00 3.440930106817050671e+01 5.385164807134503739e+00 1.772004514666934938e+01 8.062257748298549132e+00
1.824828759089465890e+01 2.507987240796890660e+01 1.140175425099137918e+01 1.118033988749894903e+01 1.941648783894759944e+01 1.442220510185595650e+01 2.441311123146740414e+01 0.000000000000000000e+00 2.983286778035259701e+01 1.612451549659709826e+01 2.420743687382040932e+01 3.605551275463989125e+00 2.154065922853801496e+01 2.596150997149434048e+01 1.513274595042155646e+01 2.247220505424423109e+01 1.000000000000000000e+01 1.920937271229854559e+01 1.529705854077835525e+01 1.640121946685672683e+01
1.676305461424021104e+01 2.109502310972898798e+01 3.224903099319419653e+01 2.012461179749810825e+01 3.080584360149872580e+01 2.915475947422650194e+01 9.055385138137417300e+00 2.983286778035259701e+01 0.000000000000000000e+00 3.140063693621516450e+01 5.656854249492380582e+00 2.640075756488817049e+01 2.716615541441224835e+01 1.216552506059643868e+01 2.137755832643194864e+01 1.100000000000000000e+01 3.962322551231790158e+01 1.170469991071962568e+01 2.630589287593181069e+01 1.431782106327635340e+01
2.823118842698620767e+01 3.667424164178449786e+01 2.745906043549196340e+01 1.360147050873544394e+01 3.465544690232691494e+01 2.973213749463701205e+01 2.280350850198275836e+01 1.612451549659709826e+01 3.140063693621516450e+01 0.000000000000000000e+00 2.701851217221259205e+01 1.486606874731850603e+01 3.560898762952971452e+01 3.373425558686599857e+01 1.004987562112088995e+01 2.061552812808830382e+01 2.209072203437452231e+01 2.002498439450078749e+01 5.099019513592784492e+00 1.802775637731994607e+01
1.204159457879229578e+01 1.802775637731994607e+01 2.683281572999747766e+01 1.486606874731850603e+01 2.617250465660480074e+01 2.404163056034261459e+01 7.071067811865475505e+00 2.420743687382040932e+01 5.656854249492380582e+00 2.701851217221259205e+01 0.000000000000000000e+00 2.080865204668481283e+01 2.302172886644267535e+01 1.000000000000000000e+01 1.700000000000000000e+01 8.062257748298549132e+00 3.397057550292606010e+01 7.000000000000000000e+00 2.200000000000000000e+01 9.219544457292887074e+00
1.600000000000000000e+01 2.353720459187963954e+01 1.300000000000000000e+01 7.615773105863908654e+00 1.979898987322333070e+01 1.486606874731850603e+01 2.080865204668481283e+01 3.605551275463989125e+00 2.640075756488817049e+01 1.486606874731850603e+01 2.080865204668481283e+01 0.000000000000000000e+00 2.109502310972898798e+01 2.334523505985750447e+01 1.200000000000000000e+01 1.886796226411320632e+01 1.360147050873544394e+01 1.562049935181330795e+01 1.300000000000000000e+01 1.280624847486569706e+01
1.118033988749894903e+01 7.810249675906653977e+00 1.303840481040529831e+01 2.343074902771996193e+01 5.000000000000000000e+00 8.000000000000000000e+00 2.863564212655270680e+01 2.154065922853801496e+01 2.716615541441224835e+01 3.560898762952971452e+01 2.302172886644267535e+01 2.109502310972898798e+01 0.000000000000000000e+00 1.581138830084189628e+01 2.920616373302046753e+01 2.816025568065744622e+01 2.600000000000000000e+01 2.435159132377184221e+01 3.252691193458118590e+01 2.325940669922601600e+01
8.062257748298549132e+00 9.000000000000000000e+00 2.408318915758459156e+01 2.022374841615668473e+01 2.012461179749810825e+01 1.984943324127920761e+01 1.702938636592640265e+01 2.596150997149434048e+01 1.216552506059643868e+01 3.373425558686599857e+01 1.000000000000000000e+01 2.334523505985750447e+01 1.581138830084189628e+01 0.000000000000000000e+00 2.435159132377184221e+01 1.769180601295413169e+01 3.443835071544512516e+01 1.526433752247374720e+01 2.912043955712207222e+01 1.615549442140351033e+01
2.000000000000000000e+01 2.860069929215018192e+01 2.451530134426252516e+01 5.830951894845300743e+00 2.952964612046680060e+01 2.507987240796890660e+01 1.300000000000000000e+01 1.513274595042155646e+01 2.137755832643194864e+01 1.004987562112088995e+01 1.700000000000000000e+01 1.200000000000000000e+01 2.920616373302046753e+01 2.435159132377184221e+01 0.000000000000000000e+00 1.077032961426900748e+01 2.435159132377184221e+01 1.000000000000000000e+01 5.000000000000000000e+00 8.246211251235321171e+00
1.708800749063506075e+01 2.469817807045693669e+01 2.844292530665578411e+01 1.140175425099137918e+01 3.026549190084311292e+01 2.700000000000000000e+01 2.236067977499789805e+00 2.247220505424423109e+01 1.100000000000000000e+01 2.061552812808830382e+01 8.062257748298549132e+00 1.886796226411320632e+01 2.816025568065744622e+01 1.769180601295413169e+01 1.077032961426900748e+01 0.000000000000000000e+00 3.244996147917590434e+01 4.000000000000000000e+00 1.552417469626002422e+01 6.324555320336759046e+00
2.640075756488817049e+01 3.157530680769388809e+01 1.303840481040529831e+01 2.109502310972898798e+01 2.220360331117451835e+01 1.800000000000000000e+01 3.440930106817050671e+01 1.000000000000000000e+01 3.962322551231790158e+01 2.209072203437452231e+01 3.397057550292606010e+01 1.360147050873544394e+01 2.600000000000000000e+01 3.443835071544512516e+01 2.435159132377184221e+01 3.244996147917590434e+01 0.000000000000000000e+00 2.920616373302046753e+01 2.319482700948640286e+01 2.640075756488817049e+01
1.341640786499873883e+01 2.140093455903269515e+01 2.451530134426252516e+01 8.602325267042626677e+00 2.630589287593181069e+01 2.300000000000000000e+01 5.385164807134503739e+00 1.920937271229854559e+01 1.170469991071962568e+01 2.002498439450078749e+01 7.000000000000000000e+00 1.562049935181330795e+01 2.435159132377184221e+01 1.526433752247374720e+01 1.000000000000000000e+01 4.000000000000000000e+00 2.920616373302046753e+01 0.000000000000000000e+00 1.500000000000000000e+01 2.828427124746190291e+00
2.418677324489564739e+01 3.275667870831839679e+01 2.600000000000000000e+01 9.433981132056603158e+00 3.220248437620923454e+01 2.745906043549196340e+01 1.772004514666934938e+01 1.529705854077835525e+01 2.630589287593181069e+01 5.099019513592784492e+00 2.200000000000000000e+01 1.300000000000000000e+01 3.252691193458118590e+01 2.912043955712207222e+01 5.000000000000000000e+00 1.552417469626002422e+01 2.319482700948640286e+01 1.500000000000000000e+01 0.000000000000000000e+00 1.315294643796590535e+01
1.280624847486569706e+01 2.121320343559642652e+01 2.220360331117451835e+01 5.830951894845300743e+00 2.473863375370596174e+01 2.109502310972898798e+01 8.062257748298549132e+00 1.640121946685672683e+01 1.431782106327635340e+01 1.802775637731994607e+01 9.219544457292887074e+00 1.280624847486569706e+01 2.325940669922601600e+01 1.615549442140351033e+01 8.246211251235321171e+00 6.324555320336759046e+00 2.640075756488817049e+01 2.828427124746190291e+00 1.315294643796590535e+01 0.000000000000000000e+00
