0.000000000000000000e+00 1.476482306023340030e+01 1.726267650163206824e+01 2.801785145224380003e+01 2.816025568065744622e+01 3.354101966249684352e+01 4.123105625617660586e+00 1.503329637837290811e+01 3.584689665786984136e+01 4.000000000000000000e+00 1.923538406167134340e+01 1.655294535724684835e+01 1.140175425099137918e+01 8.944271909999159220e+00 1.655294535724684835e+01 1.802775637731994607e+01 2.126029162546929996e+01 2.154065922853801496e+01 8.485281374238569541e+00 2.061552812808830382e+01 3.289376840679705083e+01
1.476482306023340030e+01 0.000000000000000000e+00 5.656854249492380582e+00 1.615549442140351033e+01 1.802775637731994607e+01 2.385372088375312671e+01 1.627882059609970611e+01 8.246211251235321171e+00 2.109502310972898798e+01 1.334166406412633421e+01 4.472135954999579610e+00 1.000000000000000000e+01 4.472135954999579610e+00 1.702938636592640265e+01 1.414213562373095101e+01 1.220655561573370207e+01 7.615773105863908654e+00 1.392838827718411920e+01 2.302172886644267535e+01 2.418677324489564739e+01 1.843908891458577415e+01
1.726267650163206824e+01 5.656854249492380582e+00 0.000000000000000000e+00 1.118033988749894903e+01 1.252996408614166768e+01 1.835755975068581947e+01 1.746424919657297892e+01 4.472135954999579610e+00 2.051828452868319275e+01 1.702938636592640265e+01 6.000000000000000000e+00 1.562049935181330795e+01 6.000000000000000000e+00 2.158703314492290204e+01 1.019803902718556898e+01 1.780449381476485726e+01 1.104536101718726115e+01 1.923538406167134340e+01 2.469817807045693669e+01 2.968164415931165934e+01 1.612451549659709826e+01
2.801785145224380003e+01 1.615549442140351033e+01 1.118033988749894903e+01 0.000000000000000000e+00 4.000000000000000000e+00 8.602325267042626677e+00 2.745906043549196340e+01 1.315294643796590535e+01 1.726267650163206824e+01 2.816025568065744622e+01 1.360147050873544394e+01 2.523885892824792521e+01 1.711724276862369010e+01 3.275667870831839679e+01 1.526433752247374720e+01 2.720294101747088789e+01 1.769180601295413169e+01 2.758622844826744469e+01 3.471310991541956525e+01 4.024922359499621649e+01 1.044030650891055068e+01
2.816025568065744622e+01 1.802775637731994607e+01 1.252996408614166768e+01 4.000000000000000000e+00 0.000000000000000000e+00 5.830951894845300743e+00 2.701851217221259205e+01 1.315294643796590535e+01 2.121320343559642652e+01 2.886173937932362321e+01 1.627882059609970611e+01 2.765863337187866122e+01 1.802775637731994607e+01 3.383784863137726262e+01 1.360147050873544394e+01 2.973213749463701205e+01 2.080865204668481283e+01 3.047950130825634218e+01 3.413209633175202384e+01 4.219004621945797595e+01 1.431782106327635340e+01
3.354101966249684352e+01 2.385372088375312671e+01 1.835755975068581947e+01 8.602325267042626677e+00 5.830951894845300743e+00 0.000000000000000000e+00 3.206243908376279705e+01 1.868154169226940553e+01 2.408318915758459156e+01 3.448187929913333249e+01 2.193171219946130890e+01 3.342154993413680586e+01 2.376972864800942631e+01 3.956008088970496317e+01 1.802775637731994607e+01 3.546829570193639825e+01 2.624880949681337583e+01 3.606937759374286401e+01 3.900000000000000000e+01 4.802082881417187821e+01 1.711724276862369010e+01
4.123105625617660586e+00 1.627882059609970611e+01 1.746424919657297892e+01 2.745906043549196340e+01 2.701851217221259205e+01 3.206243908376279705e+01 0.000000000000000000e+00 1.431782106327635340e+01 3.720215047547655018e+01 8.062257748298549132e+00 2.061552812808830382e+01 1.992485884517127559e+01 1.220655561573370207e+01 1.300000000000000000e+01 1.431782106327635340e+01 2.158703314492290204e+01 2.343074902771996193e+01 2.500000000000000000e+01 7.280109889280518054e+00 2.469817807045693669e+01 3.354101966249684352e+01
1.503329637837290811e+01 8.246211251235321171e+00 4.472135954999579610e+00 1.315294643796590535e+01 1.315294643796590535e+01 1.868154169226940553e+01 1.431782106327635340e+01 0.000000000000000000e+00 2.483948469674844262e+01 1.581138830084189628e+01 1.019803902718556898e+01 1.788854381999831844e+01 5.656854249492380582e+00 2.102379604162863913e+01 6.000000000000000000e+00 2.012461179749810825e+01 1.503329637837290811e+01 2.213594362117865444e+01 2.158703314492290204e+01 3.047950130825634218e+01 2.000000000000000000e+01
3.584689665786984136e+01 2.109502310972898798e+01 2.051828452868319275e+01 1.726267650163206824e+01 2.121320343559642652e+01 2.408318915758459156e+01 3.720215047547655018e+01 2.483948469674844262e+01 0.000000000000000000e+00 3.401470270338990076e+01 1.664331697709323876e+01 2.418677324489564739e+01 2.500000000000000000e+01 3.640054944640259293e+01 2.968164415931165934e+01 2.501999200639360765e+01 1.552417469626002422e+01 2.308679276123039159e+01 4.410215414239988974e+01 3.901281840626231912e+01 7.000000000000000000e+00
4.000000000000000000e+00 1.334166406412633421e+01 1.702938636592640265e+01 2.816025568065744622e+01 2.886173937932362321e+01 3.448187929913333249e+01 8.062257748298549132e+00 1.581138830084189628e+01 3.401470270338990076e+01 0.000000000000000000e+00 1.772004514666934938e+01 1.303840481040529831e+01 1.104536101718726115e+01 5.656854249492380582e+00 1.860107523773827509e+01 1.431782106327635340e+01 1.886796226411320632e+01 1.788854381999831844e+01 1.166190378969060149e+01 1.700000000000000000e+01 3.178049716414140846e+01
1.923538406167134340e+01 4.472135954999579610e+00 6.000000000000000000e+00 1.360147050873544394e+01 1.627882059609970611e+01 2.193171219946130890e+01 2.061552812808830382e+01 1.019803902718556898e+01 1.664331697709323876e+01 1.772004514666934938e+01 0.000000000000000000e+00 1.166190378969060149e+01 8.485281374238569541e+00 2.102379604162863913e+01 1.612451549659709826e+01 1.360147050873544394e+01 5.099019513592784492e+00 1.421267040355189515e+01 2.745906043549196340e+01 2.692582403567251959e+01 1.414213562373095101e+01
1.655294535724684835e+01 1.000000000000000000e+01 1.562049935181330795e+01 2.523885892824792521e+01 2.765863337187866122e+01 3.342154993413680586e+01 1.992485884517127559e+01 1.788854381999831844e+01 2.418677324489564739e+01 1.303840481040529831e+01 1.166190378969060149e+01 0.000000000000000000e+00 1.264911064067351809e+01 1.303840481040529831e+01 2.340939982143925135e+01 2.236067977499789805e+00 9.055385138137417300e+00 5.099019513592784492e+00 2.469817807045693669e+01 1.552417469626002422e+01 2.433105012119287736e+01
1.140175425099137918e+01 4.472135954999579610e+00 6.000000000000000000e+00 1.711724276862369010e+01 1.802775637731994607e+01 2.376972864800942631e+01 1.220655561573370207e+01 5.656854249492380582e+00 2.500000000000000000e+01 1.104536101718726115e+01 8.485281374238569541e+00 1.264911064067351809e+01 0.000000000000000000e+00 1.581138830084189628e+01 1.077032961426900748e+01 1.486606874731850603e+01 1.208304597359457233e+01 1.726267650163206824e+01 1.923538406167134340e+01 2.483948469674844262e+01 2.154065922853801496e+01
8.944271909999159220e+00 1.702938636592640265e+01 2.158703314492290204e+01 3.275667870831839679e+01 3.383784863137726262e+01 3.956008088970496317e+01 1.300000000000000000e+01 2.102379604162863913e+01 3.640054944640259293e+01 5.656854249492380582e+00 2.102379604162863913e+01 1.303840481040529831e+01 1.581138830084189628e+01 0.000000000000000000e+00 2.420743687382040932e+01 1.345362404707370985e+01 2.088061301782110135e+01 1.697056274847713908e+01 1.414213562373095101e+01 1.170469991071962568e+01 3.512833614050059339e+01
1.655294535724684835e+01 1.414213562373095101e+01 1.019803902718556898e+01 1.526433752247374720e+01 1.360147050873544394e+01 1.802775637731994607e+01 1.431782106327635340e+01 6.000000000000000000e+00 2.968164415931165934e+01 1.860107523773827509e+01 1.612451549659709826e+01 2.340939982143925135e+01 1.077032961426900748e+01 2.420743687382040932e+01 0.000000000000000000e+00 2.563201123595259290e+01 2.102379604162863913e+01 2.789265136196270589e+01 2.102379604162863913e+01 3.471310991541956525e+01 2.408318915758459156e+01
1.802775637731994607e+01 1.220655561573370207e+01 1.780449381476485726e+01 2.720294101747088789e+01 2.973213749463701205e+01 3.546829570193639825e+01 2.158703314492290204e+01 2.012461179749810825e+01 2.501999200639360765e+01 1.431782106327635340e+01 1.360147050873544394e+01 2.236067977499789805e+00 1.486606874731850603e+01 1.345362404707370985e+01 2.563201123595259290e+01 0.000000000000000000e+00 1.044030650891055068e+01 3.605551275463989125e+00 2.594224354214569317e+01 1.414213562373095101e+01 2.570992026436488231e+01
2.126029162546929996e+01 7.615773105863908654e+00 1.104536101718726115e+01 1.769180601295413169e+01 2.080865204668481283e+01 2.624880949681337583e+01 2.343074902771996193e+01 1.503329637837290811e+01 1.552417469626002422e+01 1.886796226411320632e+01 5.099019513592784492e+00 9.055385138137417300e+00 1.208304597359457233e+01 2.088061301782110135e+01 2.102379604162863913e+01 1.044030650891055068e+01 0.000000000000000000e+00 1.000000000000000000e+01 2.973213749463701205e+01 2.451530134426252516e+01 1.529705854077835525e+01
2.154065922853801496e+01 1.392838827718411920e+01 1.923538406167134340e+01 2.758622844826744469e+01 3.047950130825634218e+01 3.606937759374286401e+01 2.500000000000000000e+01 2.213594362117865444e+01 2.308679276123039159e+01 1.788854381999831844e+01 1.421267040355189515e+01 5.099019513592784492e+00 1.726267650163206824e+01 1.697056274847713908e+01 2.789265136196270589e+01 3.605551275463989125e+00 1.000000000000000000e+01 0.000000000000000000e+00 2.952964612046680060e+01 1.603121954188139853e+01 2.469817807045693669e+01
8.485281374238569541e+00 2.302172886644267535e+01 2.469817807045693669e+01 3.471310991541956525e+01 3.413209633175202384e+01 3.900000000000000000e+01 7.280109889280518054e+00 2.158703314492290204e+01 4.410215414239988974e+01 1.166190378969060149e+01 2.745906043549196340e+01 2.469817807045693669e+01 1.923538406167134340e+01 1.414213562373095101e+01 2.102379604162863913e+01 2.594224354214569317e+01 2.973213749463701205e+01 2.952964612046680060e+01 0.000000000000000000e+00 2.507987240796890660e+01 4.071854614300466579e+01
2.061552812808830382e+01 2.418677324489564739e+01 2.968164415931165934e+01 4.024922359499621649e+01 4.219004621945797595e+01 4.802082881417187821e+01 2.469817807045693669e+01 3.047950130825634218e+01 3.901281840626231912e+01 1.700000000000000000e+01 2.692582403567251959e+01 1.552417469626002422e+01 2.483948469674844262e+01 1.170469991071962568e+01 3.471310991541956525e+01 1.414213562373095101e+01 2.451530134426252516e+01 1.603121954188139853e+01 2.507987240796890660e+01 0.000000000000000000e+00 3.981205847478876336e+01
3.289376840679705083e+01 1.843908891458577415e+01 1.612451549659709826e+01 1.044030650891055068e+01 1.431782106327635340e+01 1.711724276862369010e+01 3.354101966249684352e+01 2.000000000000000000e+01 7.000000000000000000e+00 3.178049716414140846e+01 1.414213562373095101e+01 2.433105012119287736e+01 2.154065922853801496e+01 3.512833614050059339e+01 2.408318915758459156e+01 2.570992026436488231e+01 1.529705854077835525e+01 2.469817807045693669e+01 4.071854614300466579e+01 3.981205847478876336e+01 0.000000000000000000e+00
