0.000000000000000000e+00 2.789265136196270589e+01 7.071067811865475505e+00 3.394112549695427816e+01 4.472135954999579610e+00 3.560898762952971452e+01 3.584689665786984136e+01 1.562049935181330795e+01 1.581138830084189628e+01 6.082762530298219339e+00 1.664331697709323876e+01 6.403124237432848531e+00 1.969771560359220786e+01 1.824828759089465890e+01 2.617250465660480074e+01 1.835755975068581947e+01 9.433981132056603158e+00 3.847076812334268681e+01 1.860107523773827509e+01 2.500000000000000000e+01 2.529822128134703618e+01 3.132091952673165025e+01 9.899494936611665352e+00
2.789265136196270589e+01 0.000000000000000000e+00 3.417601498127012150e+01 3.114482300479487265e+01 3.140063693621516450e+01 3.535533905932737753e+01 5.728001396647874088e+01 2.549509756796392423e+01 1.414213562373095101e+01 2.801785145224380003e+01 2.061552812808830382e+01 2.459674775249768786e+01 9.055385138137417300e+00 3.905124837953326988e+01 2.751363298439520833e+01 1.118033988749894903e+01 3.201562118716424266e+01 4.965883607174054504e+01 4.569463863518345192e+01 4.992995093127971273e+01 4.675467891024383960e+01 5.162363799656122865e+01 3.676955262170046979e+01
7.071067811865475505e+00 3.417601498127012150e+01 0.000000000000000000e+00 3.466987164671942878e+01 7.071067811865475505e+00 3.546829570193639825e+01 2.941088233970548416e+01 1.655294535724684835e+01 2.280350850198275836e+01 1.170469991071962568e+01 1.941648783894759944e+01 1.004987562112088995e+01 2.641968962724581260e+01 1.315294643796590535e+01 2.692582403567251959e+01 2.523885892824792521e+01 1.300000000000000000e+01 3.478505426185217431e+01 1.166190378969060149e+01 1.802775637731994607e+01 1.923538406167134340e+01 2.531797780234432693e+01 2.828427124746190291e+00
3.394112549695427816e+01 3.114482300479487265e+01 3.466987164671942878e+01 0.000000000000000000e+00 3.820994634908559817e+01 4.472135954999579610e+00 3.905124837953326988e+01 1.843908891458577415e+01 3.478505426185217431e+01 3.905124837953326988e+01 1.802775637731994607e+01 2.758622844826744469e+01 3.255764119219941222e+01 2.765863337187866122e+01 7.810249675906653977e+00 3.395585369269929288e+01 4.318564576337836769e+01 2.280350850198275836e+01 4.110960958218893069e+01 3.920459156782531807e+01 3.200000000000000000e+01 3.354101966249684352e+01 3.535533905932737753e+01
4.472135954999579610e+00 3.140063693621516450e+01 7.071067811865475505e+00 3.820994634908559817e+01 0.000000000000000000e+00 3.969886648255841521e+01 3.640054944640259293e+01 1.979898987322333070e+01 1.838477631085023489e+01 5.000000000000000000e+00 2.109502310972898798e+01 1.081665382639196871e+01 2.280350850198275836e+01 2.002498439450078749e+01 3.041381265149109936e+01 2.118962010041709121e+01 6.082762530298219339e+00 4.123105625617660763e+01 1.702938636592640265e+01 2.459674775249768786e+01 2.630589287593181069e+01 3.238826948140329165e+01 9.486832980505138124e+00
3.560898762952971452e+01 3.535533905932737753e+01 3.546829570193639825e+01 4.472135954999579610e+00 3.969886648255841521e+01 0.000000000000000000e+00 3.634556369077249371e+01 2.000000000000000000e+01 3.807886552931954327e+01 4.104875150354758517e+01 2.061552812808830382e+01 2.941088233970548416e+01 3.622154055254966920e+01 2.692582403567251959e+01 9.848857801796103928e+00 3.748332962798262713e+01 4.500000000000000000e+01 1.886796226411320632e+01 4.071854614300466579e+01 3.785498646149540036e+01 3.026549190084311292e+01 3.106444913401813324e+01 3.580502757993631491e+01
3.584689665786984136e+01 5.728001396647874088e+01 2.941088233970548416e+01 3.905124837953326988e+01 3.640054944640259293e+01 3.634556369077249371e+01 0.000000000000000000e+00 3.189043743820394994e+01 4.992995093127971273e+01 4.110960958218893069e+01 3.687817782917154830e+01 3.466987164671942878e+01 5.200961449578337437e+01 1.860107523773827509e+01 3.492849839314595783e+01 5.161395160225576006e+01 4.197618372363071160e+01 2.061552812808830382e+01 2.202271554554523902e+01 1.303840481040529831e+01 1.081665382639196871e+01 5.830951894845300743e+00 2.692582403567251959e+01
1.562049935181330795e+01 2.549509756796392423e+01 1.655294535724684835e+01 1.843908891458577415e+01 1.979898987322333070e+01 2.000000000000000000e+01 3.189043743820394994e+01 0.000000000000000000e+00 2.121320343559642652e+01 2.109502310972898798e+01 5.000000000000000000e+00 9.433981132056603158e+00 2.154065922853801496e+01 1.431782106327635340e+01 1.063014581273464998e+01 2.184032966784155505e+01 2.500000000000000000e+01 2.630589287593181069e+01 2.501999200639360765e+01 2.624880949681337583e+01 2.163330765278393741e+01 2.617250465660480074e+01 1.772004514666934938e+01
1.581138830084189628e+01 1.414213562373095101e+01 2.280350850198275836e+01 3.478505426185217431e+01 1.838477631085023489e+01 3.807886552931954327e+01 4.992995093127971273e+01 2.121320343559642652e+01 0.000000000000000000e+00 1.431782106327635340e+01 1.802775637731994607e+01 1.526433752247374720e+01 5.099019513592784492e+00 3.138470965295043058e+01 2.844292530665578411e+01 3.000000000000000000e+00 1.802775637731994607e+01 4.751841748206688720e+01 3.440930106817050671e+01 4.031128874149274566e+01 3.911521443121588959e+01 4.477722635447621968e+01 2.561249694973139412e+01
6.082762530298219339e+00 2.801785145224380003e+01 1.170469991071962568e+01 3.905124837953326988e+01 5.000000000000000000e+00 4.104875150354758517e+01 4.110960958218893069e+01 2.109502310972898798e+01 1.431782106327635340e+01 0.000000000000000000e+00 2.121320343559642652e+01 1.166190378969060149e+01 1.910497317454279909e+01 2.408318915758459156e+01 3.140063693621516450e+01 1.726267650163206824e+01 4.472135954999579610e+00 4.455333881989092504e+01 2.202271554554523902e+01 2.952964612046680060e+01 3.080584360149872580e+01 3.687817782917154830e+01 1.431782106327635340e+01
1.664331697709323876e+01 2.061552812808830382e+01 1.941648783894759944e+01 1.802775637731994607e+01 2.109502310972898798e+01 2.061552812808830382e+01 3.687817782917154830e+01 5.000000000000000000e+00 1.802775637731994607e+01 2.121320343559642652e+01 0.000000000000000000e+00 1.029563014098700080e+01 1.746424919657297892e+01 1.923538406167134340e+01 1.077032961426900748e+01 1.811077027627483460e+01 2.549509756796392423e+01 3.008321791298264714e+01 2.906888370749726747e+01 3.101612483854164637e+01 2.662705391138869615e+01 3.114482300479487265e+01 2.109502310972898798e+01
6.403124237432848531e+00 2.459674775249768786e+01 1.004987562112088995e+01 2.758622844826744469e+01 1.081665382639196871e+01 2.941088233970548416e+01 3.466987164671942878e+01 9.433981132056603158e+00 1.526433752247374720e+01 1.166190378969060149e+01 1.029563014098700080e+01 0.000000000000000000e+00 1.769180601295413169e+01 1.612451549659709826e+01 1.984943324127920761e+01 1.702938636592640265e+01 1.562049935181330795e+01 3.401470270338990076e+01 2.118962010041709121e+01 2.561249694973139412e+01 2.385372088375312671e+01 2.952964612046680060e+01 1.236931687685298087e+01
1.969771560359220786e+01 9.055385138137417300e+00 2.641968962724581260e+01 3.255764119219941222e+01 2.280350850198275836e+01 3.622154055254966920e+01 5.200961449578337437e+01 2.154065922853801496e+01 5.099019513592784492e+00 1.910497317454279909e+01 1.746424919657297892e+01 1.769180601295413169e+01 0.000000000000000000e+00 3.342154993413680586e+01 2.700000000000000000e+01 2.236067977499789805e+00 2.300000000000000000e+01 4.753945729601885262e+01 3.807886552931954327e+01 4.327817001676480402e+01 4.123105625617660763e+01 4.661544808322666000e+01 2.915475947422650194e+01
1.824828759089465890e+01 3.905124837953326988e+01 1.315294643796590535e+01 2.765863337187866122e+01 2.002498439450078749e+01 2.692582403567251959e+01 1.860107523773827509e+01 1.431782106327635340e+01 3.138470965295043058e+01 2.408318915758459156e+01 1.923538406167134340e+01 1.612451549659709826e+01 3.342154993413680586e+01 0.000000000000000000e+00 2.102379604162863913e+01 3.301514803843835466e+01 2.607680962081059661e+01 2.193171219946130890e+01 1.389244398944980396e+01 1.216552506059643868e+01 7.810249675906653977e+00 1.341640786499873883e+01 1.170469991071962568e+01
2.617250465660480074e+01 2.751363298439520833e+01 2.692582403567251959e+01 7.810249675906653977e+00 3.041381265149109936e+01 9.848857801796103928e+00 3.492849839314595783e+01 1.063014581273464998e+01 2.844292530665578411e+01 3.140063693621516450e+01 1.077032961426900748e+01 1.984943324127920761e+01 2.700000000000000000e+01 2.102379604162863913e+01 0.000000000000000000e+00 2.807133769523639799e+01 3.546829570193639825e+01 2.247220505424423109e+01 3.395585369269929288e+01 3.301514803843835466e+01 2.647640458974745314e+01 2.915475947422650194e+01 2.773084924772409465e+01
1.835755975068581947e+01 1.118033988749894903e+01 2.523885892824792521e+01 3.395585369269929288e+01 2.118962010041709121e+01 3.748332962798262713e+01 5.161395160225576006e+01 2.184032966784155505e+01 3.000000000000000000e+00 1.726267650163206824e+01 1.811077027627483460e+01 1.702938636592640265e+01 2.236067977499789805e+00 3.301514803843835466e+01 2.807133769523639799e+01 0.000000000000000000e+00 2.102379604162863913e+01 4.805205510693585325e+01 3.689173349139343117e+01 4.244997055358224713e+01 4.080441152620633005e+01 4.632493928760187885e+01 2.801785145224380003e+01
9.433981132056603158e+00 3.201562118716424266e+01 1.300000000000000000e+01 4.318564576337836769e+01 6.082762530298219339e+00 4.500000000000000000e+01 4.197618372363071160e+01 2.500000000000000000e+01 1.802775637731994607e+01 4.472135954999579610e+00 2.549509756796392423e+01 1.562049935181330795e+01 2.300000000000000000e+01 2.607680962081059661e+01 3.546829570193639825e+01 2.102379604162863913e+01 0.000000000000000000e+00 4.729693436154187225e+01 2.147091055358388800e+01 2.973213749463701205e+01 3.214031735997639316e+01 3.820994634908559817e+01 1.513274595042155646e+01
3.847076812334268681e+01 4.965883607174054504e+01 3.478505426185217431e+01 2.280350850198275836e+01 4.123105625617660763e+01 1.886796226411320632e+01 2.061552812808830382e+01 2.630589287593181069e+01 4.751841748206688720e+01 4.455333881989092504e+01 3.008321791298264714e+01 3.401470270338990076e+01 4.753945729601885262e+01 2.193171219946130890e+01 2.247220505424423109e+01 4.805205510693585325e+01 4.729693436154187225e+01 0.000000000000000000e+00 3.420526275297414287e+01 2.765863337187866122e+01 1.979898987322333070e+01 1.700000000000000000e+01 3.361547262794321966e+01
1.860107523773827509e+01 4.569463863518345192e+01 1.166190378969060149e+01 4.110960958218893069e+01 1.702938636592640265e+01 4.071854614300466579e+01 2.202271554554523902e+01 2.501999200639360765e+01 3.440930106817050671e+01 2.202271554554523902e+01 2.906888370749726747e+01 2.118962010041709121e+01 3.807886552931954327e+01 1.389244398944980396e+01 3.395585369269929288e+01 3.689173349139343117e+01 2.147091055358388800e+01 3.420526275297414287e+01 0.000000000000000000e+00 9.000000000000000000e+00 1.476482306023340030e+01 1.992485884517127559e+01 8.944271909999159220e+00
2.500000000000000000e+01 4.992995093127971273e+01 1.802775637731994607e+01 3.920459156782531807e+01 2.459674775249768786e+01 3.785498646149540036e+01 1.303840481040529831e+01 2.624880949681337583e+01 4.031128874149274566e+01 2.952964612046680060e+01 3.101612483854164637e+01 2.561249694973139412e+01 4.327817001676480402e+01 1.216552506059643868e+01 3.301514803843835466e+01 4.244997055358224713e+01 2.973213749463701205e+01 2.765863337187866122e+01 9.000000000000000000e+00 0.000000000000000000e+00 8.062257748298549132e+00 1.166190378969060149e+01 1.526433752247374720e+01
2.529822128134703618e+01 4.675467891024383960e+01 1.923538406167134340e+01 3.200000000000000000e+01 2.630589287593181069e+01 3.026549190084311292e+01 1.081665382639196871e+01 2.163330765278393741e+01 3.911521443121588959e+01 3.080584360149872580e+01 2.662705391138869615e+01 2.385372088375312671e+01 4.123105625617660763e+01 7.810249675906653977e+00 2.647640458974745314e+01 4.080441152620633005e+01 3.214031735997639316e+01 1.979898987322333070e+01 1.476482306023340030e+01 8.062257748298549132e+00 0.000000000000000000e+00 6.082762530298219339e+00 1.702938636592640265e+01
3.132091952673165025e+01 5.162363799656122865e+01 2.531797780234432693e+01 3.354101966249684352e+01 3.238826948140329165e+01 3.106444913401813324e+01 5.830951894845300743e+00 2.617250465660480074e+01 4.477722635447621968e+01 3.687817782917154830e+01 3.114482300479487265e+01 2.952964612046680060e+01 4.661544808322666000e+01 1.341640786499873883e+01 2.915475947422650194e+01 4.632493928760187885e+01 3.820994634908559817e+01 1.700000000000000000e+01 1.992485884517127559e+01 1.166190378969060149e+01 6.082762530298219339e+00 0.000000000000000000e+00 2.308679276123039159e+01
9.899494936611665352e+00 3.676955262170046979e+01 2.828427124746190291e+00 3.535533905932737753e+01 9.486832980505138124e+00 3.580502757993631491e+01 2.692582403567251959e+01 1.772004514666934938e+01 2.561249694973139412e+01 1.431782106327635340e+01 2.109502310972898798e+01 1.236931687685298087e+01 2.915475947422650194e+01 1.170469991071962568e+01 2.773084924772409465e+01 2.801785145224380003e+01 1.513274595042155646e+01 3.361547262794321966e+01 8.944271909999159220e+00 1.526433752247374720e+01 1.702938636592640265e+01 2.308679276123039159e+01 0.000000000000000000e+00
