0.000000000000000000e+00 1.341640786499873883e+01 2.529822128134703618e+01 5.000000000000000000e+00 1.414213562373095101e+01 2.657066051117284644e+01 1.664331697709323876e+01 9.433981132056603158e+00 7.211102550927978250e+00 1.280624847486569706e+01 1.923538406167134340e+01 8.944271909999159220e+00 2.765863337187866122e+01 2.137755832643194864e+01 5.656854249492380582e+00 2.408318915758459156e+01 1.004987562112088995e+01 2.692582403567251959e+01 2.158703314492290204e+01 2.284731931759172596e+01
1.341640786499873883e+01 0.000000000000000000e+00 3.605551275463989214e+01 1.802775637731994607e+01 4.472135954999579610e+00 3.114482300479487265e+01 2.900000000000000000e+01 1.170469991071962568e+01 8.000000000000000000e+00 1.414213562373095101e+01 3.114482300479487265e+01 8.246211251235321171e+00 2.563201123595259290e+01 2.816025568065744622e+01 1.612451549659709826e+01 3.687817782917154830e+01 1.941648783894759944e+01 3.238826948140329165e+01 9.055385138137417300e+00 2.716615541441224835e+01
2.529822128134703618e+01 3.605551275463989214e+01 0.000000000000000000e+00 2.418677324489564739e+01 3.405877273185280529e+01 1.702938636592640265e+01 1.004987562112088995e+01 2.483948469674844262e+01 3.231098884280702066e+01 2.408318915758459156e+01 7.071067811865475505e+00 3.417601498127012150e+01 2.961418578992169515e+01 1.236931687685298087e+01 2.828427124746190202e+01 1.000000000000000000e+01 1.664331697709323876e+01 1.513274595042155646e+01 4.101219330881975367e+01 1.726267650163206824e+01
5.000000000000000000e+00 1.802775637731994607e+01 2.418677324489564739e+01 0.000000000000000000e+00 1.910497317454279909e+01 2.865309756378880479e+01 1.456021977856103611e+01 1.392838827718411920e+01 1.081665382639196871e+01 1.700000000000000000e+01 1.746424919657297892e+01 1.204159457879229578e+01 3.162277660168379256e+01 2.284731931759172596e+01 4.123105625617660586e+00 2.109502310972898798e+01 1.166190378969060149e+01 2.863564212655270680e+01 2.647640458974745314e+01 2.523885892824792521e+01
1.414213562373095101e+01 4.472135954999579610e+00 3.405877273185280529e+01 1.910497317454279909e+01 0.000000000000000000e+00 2.745906043549196340e+01 2.801785145224380003e+01 9.219544457292887074e+00 1.077032961426900748e+01 1.077032961426900748e+01 2.983286778035259701e+01 1.166190378969060149e+01 2.118962010041709121e+01 2.507987240796890660e+01 1.811077027627483460e+01 3.605551275463989214e+01 1.769180601295413169e+01 2.886173937932362321e+01 7.615773105863908654e+00 2.353720459187963954e+01
2.657066051117284644e+01 3.114482300479487265e+01 1.702938636592640265e+01 2.865309756378880479e+01 2.745906043549196340e+01 0.000000000000000000e+00 2.109502310972898798e+01 2.002498439450078749e+01 3.140063693621516450e+01 1.702938636592640265e+01 1.969771560359220786e+01 3.337663853655727308e+01 1.389244398944980396e+01 6.403124237432848531e+00 3.178049716414140846e+01 2.596150997149434048e+01 1.700000000000000000e+01 2.236067977499789805e+00 3.231098884280702066e+01 4.000000000000000000e+00
1.664331697709323876e+01 2.900000000000000000e+01 1.004987562112088995e+01 1.456021977856103611e+01 2.801785145224380003e+01 2.109502310972898798e+01 0.000000000000000000e+00 1.923538406167134340e+01 2.385372088375312671e+01 1.992485884517127559e+01 3.000000000000000000e+00 2.555386467836127551e+01 3.026549190084311292e+01 1.476482306023340030e+01 1.868154169226940553e+01 8.062257748298549132e+00 1.077032961426900748e+01 2.000000000000000000e+01 3.551056180912940619e+01 1.931320791582796659e+01
9.433981132056603158e+00 1.170469991071962568e+01 2.483948469674844262e+01 1.392838827718411920e+01 9.219544457292887074e+00 2.002498439450078749e+01 1.923538406167134340e+01 0.000000000000000000e+00 1.170469991071962568e+01 3.605551275463989125e+00 2.080865204668481283e+01 1.360147050873544394e+01 1.838477631085023489e+01 1.649242250247064234e+01 1.500000000000000000e+01 2.729468812791236232e+01 8.602325267042626677e+00 2.102379604162863913e+01 1.640121946685672683e+01 1.603121954188139853e+01
7.211102550927978250e+00 8.000000000000000000e+00 3.231098884280702066e+01 1.081665382639196871e+01 1.077032961426900748e+01 3.140063693621516450e+01 2.385372088375312671e+01 1.170469991071962568e+01 0.000000000000000000e+00 1.523154621172781731e+01 2.641968962724581260e+01 2.000000000000000000e+00 2.941088233970548416e+01 2.700000000000000000e+01 8.246211251235321171e+00 3.124099870362661591e+01 1.627882059609970611e+01 3.214031735997639316e+01 1.702938636592640265e+01 2.745906043549196340e+01
1.280624847486569706e+01 1.414213562373095101e+01 2.408318915758459156e+01 1.700000000000000000e+01 1.077032961426900748e+01 1.702938636592640265e+01 1.992485884517127559e+01 3.605551275463989125e+00 1.523154621172781731e+01 0.000000000000000000e+00 2.102379604162863913e+01 1.708800749063506075e+01 1.486606874731850603e+01 1.431782106327635340e+01 1.843908891458577415e+01 2.785677655436823841e+01 9.219544457292887074e+00 1.824828759089465890e+01 1.702938636592640265e+01 1.303840481040529831e+01
1.923538406167134340e+01 3.114482300479487265e+01 7.071067811865475505e+00 1.746424919657297892e+01 2.983286778035259701e+01 1.969771560359220786e+01 3.000000000000000000e+00 2.080865204668481283e+01 2.641968962724581260e+01 2.102379604162863913e+01 0.000000000000000000e+00 2.817800560721074277e+01 3.001666203960726875e+01 1.360147050873544394e+01 2.158703314492290204e+01 7.071067811865475505e+00 1.220655561573370207e+01 1.835755975068581947e+01 3.720215047547655018e+01 1.843908891458577415e+01
8.944271909999159220e+00 8.246211251235321171e+00 3.417601498127012150e+01 1.204159457879229578e+01 1.166190378969060149e+01 3.337663853655727308e+01 2.555386467836127551e+01 1.360147050873544394e+01 2.000000000000000000e+00 1.708800749063506075e+01 2.817800560721074277e+01 0.000000000000000000e+00 3.106444913401813324e+01 2.900000000000000000e+01 8.944271909999159220e+00 3.280243893371345365e+01 1.824828759089465890e+01 3.413209633175202384e+01 1.726267650163206824e+01 2.942787793912432193e+01
2.765863337187866122e+01 2.563201123595259290e+01 2.961418578992169515e+01 3.162277660168379256e+01 2.118962010041709121e+01 1.389244398944980396e+01 3.026549190084311292e+01 1.838477631085023489e+01 2.941088233970548416e+01 1.486606874731850603e+01 3.001666203960726875e+01 3.106444913401813324e+01 0.000000000000000000e+00 1.726267650163206824e+01 3.330165161069342616e+01 3.700000000000000000e+01 2.154065922853801496e+01 1.612451549659709826e+01 2.300000000000000000e+01 1.236931687685298087e+01
2.137755832643194864e+01 2.816025568065744622e+01 1.236931687685298087e+01 2.284731931759172596e+01 2.507987240796890660e+01 6.403124237432848531e+00 1.476482306023340030e+01 1.649242250247064234e+01 2.700000000000000000e+01 1.431782106327635340e+01 1.360147050873544394e+01 2.900000000000000000e+01 1.726267650163206824e+01 0.000000000000000000e+00 2.624880949681337583e+01 2.022374841615668473e+01 1.140175425099137918e+01 5.830951894845300743e+00 3.106444913401813324e+01 5.000000000000000000e+00
5.656854249492380582e+00 1.612451549659709826e+01 2.828427124746190202e+01 4.123105625617660586e+00 1.811077027627483460e+01 3.178049716414140846e+01 1.868154169226940553e+01 1.500000000000000000e+01 8.246211251235321171e+00 1.843908891458577415e+01 2.158703314492290204e+01 8.944271909999159220e+00 3.330165161069342616e+01 2.624880949681337583e+01 0.000000000000000000e+00 2.505992817228333536e+01 1.486606874731850603e+01 3.195309061734091571e+01 2.501999200639360765e+01 2.817800560721074277e+01
2.408318915758459156e+01 3.687817782917154830e+01 1.000000000000000000e+01 2.109502310972898798e+01 3.605551275463989214e+01 2.596150997149434048e+01 8.062257748298549132e+00 2.729468812791236232e+01 3.124099870362661591e+01 2.785677655436823841e+01 7.071067811865475505e+00 3.280243893371345365e+01 3.700000000000000000e+01 2.022374841615668473e+01 2.505992817228333536e+01 0.000000000000000000e+00 1.878829422805593552e+01 2.435159132377184221e+01 4.356604182158393002e+01 2.517935662402834396e+01
1.004987562112088995e+01 1.941648783894759944e+01 1.664331697709323876e+01 1.166190378969060149e+01 1.769180601295413169e+01 1.700000000000000000e+01 1.077032961426900748e+01 8.602325267042626677e+00 1.627882059609970611e+01 9.219544457292887074e+00 1.220655561573370207e+01 1.824828759089465890e+01 2.154065922853801496e+01 1.140175425099137918e+01 1.486606874731850603e+01 1.878829422805593552e+01 0.000000000000000000e+00 1.708800749063506075e+01 2.500000000000000000e+01 1.360147050873544394e+01
2.692582403567251959e+01 3.238826948140329165e+01 1.513274595042155646e+01 2.863564212655270680e+01 2.886173937932362321e+01 2.236067977499789805e+00 2.000000000000000000e+01 2.102379604162863913e+01 3.214031735997639316e+01 1.824828759089465890e+01 1.835755975068581947e+01 3.413209633175202384e+01 1.612451549659709826e+01 5.830951894845300743e+00 3.195309061734091571e+01 2.435159132377184221e+01 1.708800749063506075e+01 0.000000000000000000e+00 3.401470270338990076e+01 5.385164807134503739e+00
2.158703314492290204e+01 9.055385138137417300e+00 4.101219330881975367e+01 2.647640458974745314e+01 7.615773105863908654e+00 3.231098884280702066e+01 3.551056180912940619e+01 1.640121946685672683e+01 1.702938636592640265e+01 1.702938636592640265e+01 3.720215047547655018e+01 1.726267650163206824e+01 2.300000000000000000e+01 3.106444913401813324e+01 2.501999200639360765e+01 4.356604182158393002e+01 2.500000000000000000e+01 3.401470270338990076e+01 0.000000000000000000e+00 2.863564212655270680e+01
2.284731931759172596e+01 2.716615541441224835e+01 1.726267650163206824e+01 2.523885892824792521e+01 2.353720459187963954e+01 4.000000000000000000e+00 1.931320791582796659e+01 1.603121954188139853e+01 2.745906043549196340e+01 1.303840481040529831e+01 1.843908891458577415e+01 2.942787793912432193e+01 1.236931687685298087e+01 5.000000000000000000e+00 2.817800560721074277e+01 2.517935662402834396e+01 1.360147050873544394e+01 5.385164807134503739e+00 2.863564212655270680e+01 0.000000000000000000e+00
