0.000000000000000000e+00 1.414213562373095101e+01 2.200000000000000000e+01 2.000000000000000000e+01 2.507987240796890660e+01 1.118033988749894903e+01 1.360147050873544394e+01 1.897366596101027625e+01 2.549509756796392423e+01 1.044030650891055068e+01 9.899494936611665352e+00 2.801785145224380003e+01 3.330165161069342616e+01 1.431782106327635340e+01 2.420743687382040932e+01 2.121320343559642652e+01 1.552417469626002422e+01 1.992485884517127559e+01 1.627882059609970611e+01 2.641968962724581260e+01 1.204159457879229578e+01 1.843908891458577415e+01 1.969771560359220786e+01 2.282542442102665348e+01 1.612451549659709826e+01
1.414213562373095101e+01 0.000000000000000000e+00 3.352610922848042208e+01 2.280350850198275836e+01 3.590264614203248072e+01 2.247220505424423109e+01 6.708203932499369415e+00 8.944271909999159220e+00 1.303840481040529831e+01 7.000000000000000000e+00 4.242640687119284770e+00 4.201190307520000999e+01 3.700000000000000000e+01 2.334523505985750447e+01 2.657066051117284644e+01 3.535533905932737753e+01 2.865309756378880479e+01 1.835755975068581947e+01 1.431782106327635340e+01 2.641968962724581260e+01 1.118033988749894903e+01 3.255764119219941222e+01 1.969771560359220786e+01 3.661966684720110976e+01 2.408318915758459156e+01
2.200000000000000000e+01 3.352610922848042208e+01 0.000000000000000000e+00 1.886796226411320632e+01 3.605551275463989125e+00 1.118033988749894903e+01 3.522782990761707111e+01 3.328663395418647752e+01 4.022437072223753063e+01 2.692582403567251959e+01 2.983286778035259701e+01 2.376972864800942631e+01 2.220360331117451835e+01 1.081665382639196871e+01 2.024845673131658685e+01 1.655294535724684835e+01 8.062257748298549132e+00 2.483948469674844262e+01 2.483948469674844262e+01 2.469817807045693669e+01 2.418677324489564739e+01 1.720465053408525335e+01 2.280350850198275836e+01 2.282542442102665348e+01 1.131370849898476116e+01
2.000000000000000000e+01 2.280350850198275836e+01 1.886796226411320632e+01 0.000000000000000000e+00 1.910497317454279909e+01 1.403566884761819900e+01 2.773084924772409465e+01 1.811077027627483460e+01 2.404163056034261459e+01 1.615549442140351033e+01 2.102379604162863913e+01 3.920459156782531807e+01 1.431782106327635340e+01 1.004987562112088995e+01 4.242640687119284770e+00 3.114482300479487265e+01 2.022374841615668473e+01 6.708203932499369415e+00 9.000000000000000000e+00 7.071067811865475505e+00 1.170469991071962568e+01 3.000000000000000000e+01 4.472135954999579610e+00 3.601388621073821383e+01 8.246211251235321171e+00
2.507987240796890660e+01 3.590264614203248072e+01 3.605551275463989125e+00 1.910497317454279909e+01 0.000000000000000000e+00 1.400000000000000000e+01 3.805259518088089266e+01 3.488552708502481892e+01 4.167733196834941367e+01 2.912043955712207222e+01 3.238826948140329165e+01 2.657066051117284644e+01 2.000000000000000000e+01 1.264911064067351809e+01 1.972308292331602075e+01 1.972308292331602075e+01 1.166190378969060149e+01 2.549509756796392423e+01 2.607680962081059661e+01 2.418677324489564739e+01 2.600000000000000000e+01 2.061552812808830382e+01 2.334523505985750447e+01 2.607680962081059661e+01 1.252996408614166768e+01
1.118033988749894903e+01 2.247220505424423109e+01 1.118033988749894903e+01 1.403566884761819900e+01 1.400000000000000000e+01 0.000000000000000000e+00 2.408318915758459156e+01 2.334523505985750447e+01 3.041381265149109936e+01 1.612451549659709826e+01 1.868154169226940553e+01 2.549509756796392423e+01 2.441311123146740414e+01 4.472135954999579610e+00 1.746424919657297892e+01 1.746424919657297892e+01 7.211102550927978250e+00 1.772004514666934938e+01 1.612451549659709826e+01 2.109502310972898798e+01 1.414213562373095101e+01 1.603121954188139853e+01 1.627882059609970611e+01 2.200000000000000000e+01 6.708203932499369415e+00
1.360147050873544394e+01 6.708203932499369415e+00 3.522782990761707111e+01 2.773084924772409465e+01 3.805259518088089266e+01 2.408318915758459156e+01 0.000000000000000000e+00 1.565247584249852864e+01 1.910497317454279909e+01 1.166190378969060149e+01 6.708203932499369415e+00 3.962322551231790158e+01 4.204759208325727826e+01 2.607680962081059661e+01 3.176476034853718033e+01 3.383784863137726262e+01 2.912043955712207222e+01 2.420743687382040932e+01 2.000000000000000000e+01 3.220248437620923454e+01 1.612451549659709826e+01 3.080584360149872580e+01 2.523885892824792521e+01 3.394112549695427816e+01 2.729468812791236232e+01
1.897366596101027625e+01 8.944271909999159220e+00 3.328663395418647752e+01 1.811077027627483460e+01 3.488552708502481892e+01 2.334523505985750447e+01 1.565247584249852864e+01 0.000000000000000000e+00 7.071067811865475505e+00 8.544003745317530374e+00 1.104536101718726115e+01 4.652956049652736681e+01 3.125699921617556853e+01 2.247220505424423109e+01 2.102379604162863913e+01 3.911521443121588959e+01 3.041381265149109936e+01 1.204159457879229578e+01 9.219544457292887074e+00 1.964688270438849926e+01 9.219544457292887074e+00 3.671511950137163893e+01 1.400000000000000000e+01 4.162931659299729859e+01 2.236067977499789805e+01
2.549509756796392423e+01 1.303840481040529831e+01 4.022437072223753063e+01 2.404163056034261459e+01 4.167733196834941367e+01 3.041381265149109936e+01 1.910497317454279909e+01 7.071067811865475505e+00 0.000000000000000000e+00 1.526433752247374720e+01 1.649242250247064234e+01 5.333854141237834767e+01 3.601388621073821383e+01 2.941088233970548416e+01 2.630589287593181069e+01 4.604345773288535071e+01 3.748332962798262713e+01 1.746424919657297892e+01 1.565247584249852864e+01 2.400000000000000000e+01 1.627882059609970611e+01 4.356604182158393002e+01 1.964688270438849926e+01 4.830113870293328659e+01 2.915475947422650194e+01
1.044030650891055068e+01 7.000000000000000000e+00 2.692582403567251959e+01 1.615549442140351033e+01 2.912043955712207222e+01 1.612451549659709826e+01 1.166190378969060149e+01 8.544003745317530374e+00 1.526433752247374720e+01 0.000000000000000000e+00 5.000000000000000000e+00 3.807886552931954327e+01 3.046309242345563462e+01 1.649242250247064234e+01 2.012461179749810825e+01 3.080584360149872580e+01 2.280350850198275836e+01 1.272792206135785520e+01 8.485281374238569541e+00 2.061552812808830382e+01 4.472135954999579610e+00 2.830194339616981125e+01 1.360147050873544394e+01 3.310589071449369669e+01 1.711724276862369010e+01
9.899494936611665352e+00 4.242640687119284770e+00 2.983286778035259701e+01 2.102379604162863913e+01 3.238826948140329165e+01 1.868154169226940553e+01 6.708203932499369415e+00 1.104536101718726115e+01 1.649242250247064234e+01 5.000000000000000000e+00 0.000000000000000000e+00 3.780211634287159939e+01 3.534119409414458346e+01 2.002498439450078749e+01 2.505992817228333536e+01 3.111269837220809009e+01 2.459674775249768786e+01 1.769180601295413169e+01 1.345362404707370985e+01 2.561249694973139412e+01 9.433981132056603158e+00 2.831960451701259274e+01 1.860107523773827509e+01 3.244996147917590434e+01 2.102379604162863913e+01
2.801785145224380003e+01 4.201190307520000999e+01 2.376972864800942631e+01 3.920459156782531807e+01 2.657066051117284644e+01 2.549509756796392423e+01 3.962322551231790158e+01 4.652956049652736681e+01 5.333854141237834767e+01 3.807886552931954327e+01 3.780211634287159939e+01 0.000000000000000000e+00 4.589117562233506220e+01 2.915475947422650194e+01 4.201190307520000999e+01 8.062257748298549132e+00 1.902629759044044633e+01 4.317406628984580408e+01 4.110960958218893069e+01 4.609772228646443892e+01 3.807886552931954327e+01 9.848857801796103928e+00 4.177319714841084419e+01 5.830951894845300743e+00 3.106444913401813324e+01
3.330165161069342616e+01 3.700000000000000000e+01 2.220360331117451835e+01 1.431782106327635340e+01 2.000000000000000000e+01 2.441311123146740414e+01 4.204759208325727826e+01 3.125699921617556853e+01 3.601388621073821383e+01 3.046309242345563462e+01 3.534119409414458346e+01 4.589117562233506220e+01 0.000000000000000000e+00 2.000000000000000000e+01 1.044030650891055068e+01 3.832753579347360073e+01 2.785677655436823841e+01 1.923538406167134340e+01 2.280350850198275836e+01 1.204159457879229578e+01 2.600000000000000000e+01 3.827531841800927737e+01 1.746424919657297892e+01 4.427188724235730888e+01 1.780449381476485726e+01
1.431782106327635340e+01 2.334523505985750447e+01 1.081665382639196871e+01 1.004987562112088995e+01 1.264911064067351809e+01 4.472135954999579610e+00 2.607680962081059661e+01 2.247220505424423109e+01 2.941088233970548416e+01 1.649242250247064234e+01 2.002498439450078749e+01 2.915475947422650194e+01 2.000000000000000000e+01 0.000000000000000000e+00 1.315294643796590535e+01 2.109502310972898798e+01 1.019803902718556898e+01 1.476482306023340030e+01 1.414213562373095101e+01 1.700000000000000000e+01 1.341640786499873883e+01 2.002498439450078749e+01 1.300000000000000000e+01 2.607680962081059661e+01 2.236067977499789805e+00
2.420743687382040932e+01 2.657066051117284644e+01 2.024845673131658685e+01 4.242640687119284770e+00 1.972308292331602075e+01 1.746424919657297892e+01 3.176476034853718033e+01 2.102379604162863913e+01 2.630589287593181069e+01 2.012461179749810825e+01 2.505992817228333536e+01 4.201190307520000999e+01 1.044030650891055068e+01 1.315294643796590535e+01 0.000000000000000000e+00 3.400000000000000000e+01 2.300000000000000000e+01 9.000000000000000000e+00 1.236931687685298087e+01 4.472135954999579610e+00 1.565247584249852864e+01 3.313608305156178346e+01 7.071067811865475505e+00 3.920459156782531807e+01 1.104536101718726115e+01
2.121320343559642652e+01 3.535533905932737753e+01 1.655294535724684835e+01 3.114482300479487265e+01 1.972308292331602075e+01 1.746424919657297892e+01 3.383784863137726262e+01 3.911521443121588959e+01 4.604345773288535071e+01 3.080584360149872580e+01 3.111269837220809009e+01 8.062257748298549132e+00 3.832753579347360073e+01 2.109502310972898798e+01 3.400000000000000000e+01 0.000000000000000000e+00 1.100000000000000000e+01 3.517101079013794873e+01 3.324154027718932269e+01 3.805259518088089266e+01 3.041381265149109936e+01 3.162277660168379523e+00 3.373425558686599857e+01 6.403124237432848531e+00 2.302172886644267535e+01
1.552417469626002422e+01 2.865309756378880479e+01 8.062257748298549132e+00 2.022374841615668473e+01 1.166190378969060149e+01 7.211102550927978250e+00 2.912043955712207222e+01 3.041381265149109936e+01 3.748332962798262713e+01 2.280350850198275836e+01 2.459674775249768786e+01 1.902629759044044633e+01 2.785677655436823841e+01 1.019803902718556898e+01 2.300000000000000000e+01 1.100000000000000000e+01 0.000000000000000000e+00 2.469817807045693669e+01 2.332380757938120297e+01 2.707397274136176790e+01 2.126029162546929996e+01 1.044030650891055068e+01 2.308679276123039159e+01 1.649242250247064234e+01 1.204159457879229578e+01
1.992485884517127559e+01 1.835755975068581947e+01 2.483948469674844262e+01 6.708203932499369415e+00 2.549509756796392423e+01 1.772004514666934938e+01 2.420743687382040932e+01 1.204159457879229578e+01 1.746424919657297892e+01 1.272792206135785520e+01 1.769180601295413169e+01 4.317406628984580408e+01 1.923538406167134340e+01 1.476482306023340030e+01 9.000000000000000000e+00 3.517101079013794873e+01 2.469817807045693669e+01 0.000000000000000000e+00 4.242640687119284770e+00 8.062257748298549132e+00 8.602325267042626677e+00 3.354101966249684352e+01 2.236067977499789805e+00 3.931920650267500150e+01 1.360147050873544394e+01
1.627882059609970611e+01 1.431782106327635340e+01 2.483948469674844262e+01 9.000000000000000000e+00 2.607680962081059661e+01 1.612451549659709826e+01 2.000000000000000000e+01 9.219544457292887074e+00 1.565247584249852864e+01 8.485281374238569541e+00 1.345362404707370985e+01 4.110960958218893069e+01 2.280350850198275836e+01 1.414213562373095101e+01 1.236931687685298087e+01 3.324154027718932269e+01 2.332380757938120297e+01 4.242640687119284770e+00 0.000000000000000000e+00 1.220655561573370207e+01 4.472135954999579610e+00 3.132091952673165025e+01 5.385164807134503739e+00 3.687817782917154830e+01 1.360147050873544394e+01
2.641968962724581260e+01 2.641968962724581260e+01 2.469817807045693669e+01 7.071067811865475505e+00 2.418677324489564739e+01 2.109502310972898798e+01 3.220248437620923454e+01 1.964688270438849926e+01 2.400000000000000000e+01 2.061552812808830382e+01 2.561249694973139412e+01 4.609772228646443892e+01 1.204159457879229578e+01 1.700000000000000000e+01 4.472135954999579610e+00 3.805259518088089266e+01 2.707397274136176790e+01 8.062257748298549132e+00 1.220655561573370207e+01 0.000000000000000000e+00 1.627882059609970611e+01 3.701351104664349378e+01 7.071067811865475505e+00 4.304648650006176780e+01 1.503329637837290811e+01
1.204159457879229578e+01 1.118033988749894903e+01 2.418677324489564739e+01 1.170469991071962568e+01 2.600000000000000000e+01 1.414213562373095101e+01 1.612451549659709826e+01 9.219544457292887074e+00 1.627882059609970611e+01 4.472135954999579610e+00 9.433981132056603158e+00 3.807886552931954327e+01 2.600000000000000000e+01 1.341640786499873883e+01 1.565247584249852864e+01 3.041381265149109936e+01 2.126029162546929996e+01 8.602325267042626677e+00 4.472135954999579610e+00 1.627882059609970611e+01 0.000000000000000000e+00 2.823118842698620767e+01 9.219544457292887074e+00 3.352610922848042208e+01 1.360147050873544394e+01
1.843908891458577415e+01 3.255764119219941222e+01 1.720465053408525335e+01 3.000000000000000000e+01 2.061552812808830382e+01 1.603121954188139853e+01 3.080584360149872580e+01 3.671511950137163893e+01 4.356604182158393002e+01 2.830194339616981125e+01 2.831960451701259274e+01 9.848857801796103928e+00 3.827531841800927737e+01 2.002498439450078749e+01 3.313608305156178346e+01 3.162277660168379523e+00 1.044030650891055068e+01 3.354101966249684352e+01 3.132091952673165025e+01 3.701351104664349378e+01 2.823118842698620767e+01 0.000000000000000000e+00 3.224903099319419653e+01 6.082762530298219339e+00 2.209072203437452231e+01
1.969771560359220786e+01 1.969771560359220786e+01 2.280350850198275836e+01 4.472135954999579610e+00 2.334523505985750447e+01 1.627882059609970611e+01 2.523885892824792521e+01 1.400000000000000000e+01 1.964688270438849926e+01 1.360147050873544394e+01 1.860107523773827509e+01 4.177319714841084419e+01 1.746424919657297892e+01 1.300000000000000000e+01 7.071067811865475505e+00 3.373425558686599857e+01 2.308679276123039159e+01 2.236067977499789805e+00 5.385164807134503739e+00 7.071067811865475505e+00 9.219544457292887074e+00 3.224903099319419653e+01 0.000000000000000000e+00 3.811823710509183627e+01 1.166190378969060149e+01
2.282542442102665348e+01 3.661966684720110976e+01 2.282542442102665348e+01 3.601388621073821383e+01 2.607680962081059661e+01 2.200000000000000000e+01 3.394112549695427816e+01 4.162931659299729859e+01 4.830113870293328659e+01 3.310589071449369669e+01 3.244996147917590434e+01 5.830951894845300743e+00 4.427188724235730888e+01 2.607680962081059661e+01 3.920459156782531807e+01 6.403124237432848531e+00 1.649242250247064234e+01 3.931920650267500150e+01 3.687817782917154830e+01 4.304648650006176780e+01 3.352610922848042208e+01 6.082762530298219339e+00 3.811823710509183627e+01 0.000000000000000000e+00 2.816025568065744622e+01
1.612451549659709826e+01 2.408318915758459156e+01 1.131370849898476116e+01 8.246211251235321171e+00 1.252996408614166768e+01 6.708203932499369415e+00 2.729468812791236232e+01 2.236067977499789805e+01 2.915475947422650194e+01 1.711724276862369010e+01 2.102379604162863913e+01 3.106444913401813324e+01 1.780449381476485726e+01 2.236067977499789805e+00 1.104536101718726115e+01 2.302172886644267535e+01 1.204159457879229578e+01 1.360147050873544394e+01 1.360147050873544394e+01 1.503329637837290811e+01 1.360147050873544394e+01 2.209072203437452231e+01 1.166190378969060149e+01 2.816025568065744622e+01 0.000000000000000000e+00
