0.000000000000000000e+00 1.868154169226940553e+01 1.664331697709323876e+01 3.584689665786984136e+01 1.931320791582796659e+01 1.486606874731850603e+01 1.272792206135785520e+01 1.526433752247374720e+01 2.683281572999747766e+01 5.000000000000000000e+00 1.272792206135785520e+01 1.910497317454279909e+01 1.118033988749894903e+01 1.170469991071962568e+01 3.080584360149872580e+01 2.267156809750926882e+01 1.456021977856103611e+01 1.252996408614166768e+01 7.211102550927978250e+00 1.063014581273464998e+01 1.019803902718556898e+01
1.868154169226940553e+01 0.000000000000000000e+00 1.272792206135785520e+01 2.600000000000000000e+01 2.000000000000000000e+00 2.863564212655270680e+01 9.848857801796103928e+00 2.720294101747088789e+01 1.992485884517127559e+01 1.414213562373095101e+01 2.729468812791236232e+01 8.944271909999159220e+00 1.392838827718411920e+01 7.071067811865475505e+00 2.000000000000000000e+01 1.236931687685298087e+01 4.123105625617660586e+00 1.341640786499873883e+01 1.403566884761819900e+01 2.607680962081059661e+01 2.816025568065744622e+01
1.664331697709323876e+01 1.272792206135785520e+01 0.000000000000000000e+00 1.923538406167134340e+01 1.140175425099137918e+01 1.923538406167134340e+01 5.000000000000000000e+00 1.702938636592640265e+01 1.044030650891055068e+01 1.208304597359457233e+01 1.868154169226940553e+01 5.099019513592784492e+00 5.656854249492380582e+00 1.019803902718556898e+01 1.421267040355189515e+01 6.708203932499369415e+00 1.118033988749894903e+01 4.242640687119284770e+00 9.433981132056603158e+00 1.838477631085023489e+01 2.247220505424423109e+01
3.584689665786984136e+01 2.600000000000000000e+01 1.923538406167134340e+01 0.000000000000000000e+00 2.400000000000000000e+01 3.440930106817050671e+01 2.376972864800942631e+01 3.162277660168379256e+01 9.219544457292887074e+00 3.130495168499705727e+01 3.482814953453599571e+01 1.843908891458577415e+01 2.469817807045693669e+01 2.789265136196270589e+01 6.000000000000000000e+00 1.431782106327635340e+01 2.729468812791236232e+01 2.332380757938120297e+01 2.865309756378880479e+01 3.538361202590826338e+01 4.031128874149274566e+01
1.931320791582796659e+01 2.000000000000000000e+00 1.140175425099137918e+01 2.400000000000000000e+01 0.000000000000000000e+00 2.828427124746190202e+01 9.219544457292887074e+00 2.668332812825266842e+01 1.802775637731994607e+01 1.456021977856103611e+01 2.707397274136176790e+01 7.211102550927978250e+00 1.334166406412633421e+01 7.615773105863908654e+00 1.800000000000000000e+01 1.044030650891055068e+01 5.000000000000000000e+00 1.264911064067351809e+01 1.403566884761819900e+01 2.600000000000000000e+01 2.844292530665578411e+01
1.486606874731850603e+01 2.863564212655270680e+01 1.923538406167134340e+01 3.440930106817050671e+01 2.828427124746190202e+01 0.000000000000000000e+00 1.910497317454279909e+01 2.828427124746190291e+00 2.555386467836127551e+01 1.612451549659709826e+01 2.236067977499789805e+00 2.408318915758459156e+01 1.503329637837290811e+01 2.213594362117865444e+01 3.130495168499705727e+01 2.570992026436488231e+01 2.500000000000000000e+01 1.600000000000000000e+01 1.486606874731850603e+01 4.472135954999579610e+00 9.000000000000000000e+00
1.272792206135785520e+01 9.848857801796103928e+00 5.000000000000000000e+00 2.376972864800942631e+01 9.219544457292887074e+00 1.910497317454279909e+01 0.000000000000000000e+00 1.746424919657297892e+01 1.529705854077835525e+01 7.810249675906653977e+00 1.800000000000000000e+01 6.403124237432848531e+00 4.123105625617660586e+00 5.385164807134503739e+00 1.835755975068581947e+01 1.000000000000000000e+01 7.071067811865475505e+00 3.605551275463989125e+00 5.830951894845300743e+00 1.711724276862369010e+01 2.024845673131658685e+01
1.526433752247374720e+01 2.720294101747088789e+01 1.702938636592640265e+01 3.162277660168379256e+01 2.668332812825266842e+01 2.828427124746190291e+00 1.746424919657297892e+01 0.000000000000000000e+00 2.282542442102665348e+01 1.562049935181330795e+01 4.123105625617660586e+00 2.200000000000000000e+01 1.334166406412633421e+01 2.102379604162863913e+01 2.863564212655270680e+01 2.334523505985750447e+01 2.376972864800942631e+01 1.414213562373095101e+01 1.389244398944980396e+01 6.000000000000000000e+00 1.118033988749894903e+01
2.683281572999747766e+01 1.992485884517127559e+01 1.044030650891055068e+01 9.219544457292887074e+00 1.802775637731994607e+01 2.555386467836127551e+01 1.529705854077835525e+01 2.282542442102665348e+01 0.000000000000000000e+00 2.247220505424423109e+01 2.580697580112788003e+01 1.118033988749894903e+01 1.565247584249852864e+01 2.002498439450078749e+01 6.082762530298219339e+00 7.615773105863908654e+00 2.009975124224177989e+01 1.431782106327635340e+01 1.969771560359220786e+01 2.624880949681337583e+01 3.111269837220809009e+01
5.000000000000000000e+00 1.414213562373095101e+01 1.208304597359457233e+01 3.130495168499705727e+01 1.456021977856103611e+01 1.612451549659709826e+01 7.810249675906653977e+00 1.562049935181330795e+01 2.247220505424423109e+01 0.000000000000000000e+00 1.431782106327635340e+01 1.414213562373095101e+01 7.071067811865475505e+00 7.071067811865475505e+00 2.607680962081059661e+01 1.780449381476485726e+01 1.004987562112088995e+01 8.246211251235321171e+00 3.000000000000000000e+00 1.264911064067351809e+01 1.403566884761819900e+01
1.272792206135785520e+01 2.729468812791236232e+01 1.868154169226940553e+01 3.482814953453599571e+01 2.707397274136176790e+01 2.236067977499789805e+00 1.800000000000000000e+01 4.123105625617660586e+00 2.580697580112788003e+01 1.431782106327635340e+01 0.000000000000000000e+00 2.334523505985750447e+01 1.403566884761819900e+01 2.061552812808830382e+01 3.138470965295043058e+01 2.529822128134703618e+01 2.353720459187963954e+01 1.513274595042155646e+01 1.334166406412633421e+01 2.236067977499789805e+00 7.071067811865475505e+00
1.910497317454279909e+01 8.944271909999159220e+00 5.099019513592784492e+00 1.843908891458577415e+01 7.211102550927978250e+00 2.408318915758459156e+01 6.403124237432848531e+00 2.200000000000000000e+01 1.118033988749894903e+01 1.414213562373095101e+01 2.334523505985750447e+01 0.000000000000000000e+00 9.486832980505138124e+00 9.486832980505138124e+00 1.264911064067351809e+01 4.123105625617660586e+00 9.000000000000000000e+00 8.246211251235321171e+00 1.220655561573370207e+01 2.280350850198275836e+01 2.640075756488817049e+01
1.118033988749894903e+01 1.392838827718411920e+01 5.656854249492380582e+00 2.469817807045693669e+01 1.334166406412633421e+01 1.503329637837290811e+01 4.123105625617660586e+00 1.334166406412633421e+01 1.565247584249852864e+01 7.071067811865475505e+00 1.403566884761819900e+01 9.486832980505138124e+00 0.000000000000000000e+00 8.485281374238569541e+00 1.984943324127920761e+01 1.220655561573370207e+01 1.081665382639196871e+01 1.414213562373095145e+00 4.123105625617660586e+00 1.334166406412633421e+01 1.700000000000000000e+01
1.170469991071962568e+01 7.071067811865475505e+00 1.019803902718556898e+01 2.789265136196270589e+01 7.615773105863908654e+00 2.213594362117865444e+01 5.385164807134503739e+00 2.102379604162863913e+01 2.002498439450078749e+01 7.071067811865475505e+00 2.061552812808830382e+01 9.486832980505138124e+00 8.485281374238569541e+00 0.000000000000000000e+00 2.213594362117865444e+01 1.360147050873544394e+01 3.000000000000000000e+00 8.602325267042626677e+00 7.280109889280518054e+00 1.923538406167134340e+01 2.109502310972898798e+01
3.080584360149872580e+01 2.000000000000000000e+01 1.421267040355189515e+01 6.000000000000000000e+00 1.800000000000000000e+01 3.130495168499705727e+01 1.835755975068581947e+01 2.863564212655270680e+01 6.082762530298219339e+00 2.607680962081059661e+01 3.138470965295043058e+01 1.264911064067351809e+01 1.984943324127920761e+01 2.213594362117865444e+01 0.000000000000000000e+00 8.544003745317530374e+00 2.137755832643194864e+01 1.843908891458577415e+01 2.360084744241189370e+01 3.162277660168379256e+01 3.623534186398687496e+01
2.267156809750926882e+01 1.236931687685298087e+01 6.708203932499369415e+00 1.431782106327635340e+01 1.044030650891055068e+01 2.570992026436488231e+01 1.000000000000000000e+01 2.334523505985750447e+01 7.615773105863908654e+00 1.780449381476485726e+01 2.529822128134703618e+01 4.123105625617660586e+00 1.220655561573370207e+01 1.360147050873544394e+01 8.544003745317530374e+00 0.000000000000000000e+00 1.303840481040529831e+01 1.081665382639196871e+01 1.555634918610404505e+01 2.507987240796890660e+01 2.915475947422650194e+01
1.456021977856103611e+01 4.123105625617660586e+00 1.118033988749894903e+01 2.729468812791236232e+01 5.000000000000000000e+00 2.500000000000000000e+01 7.071067811865475505e+00 2.376972864800942631e+01 2.009975124224177989e+01 1.004987562112088995e+01 2.353720459187963954e+01 9.000000000000000000e+00 1.081665382639196871e+01 3.000000000000000000e+00 2.137755832643194864e+01 1.303840481040529831e+01 0.000000000000000000e+00 1.063014581273464998e+01 1.019803902718556898e+01 2.220360331117451835e+01 2.408318915758459156e+01
1.252996408614166768e+01 1.341640786499873883e+01 4.242640687119284770e+00 2.332380757938120297e+01 1.264911064067351809e+01 1.600000000000000000e+01 3.605551275463989125e+00 1.414213562373095101e+01 1.431782106327635340e+01 8.246211251235321171e+00 1.513274595042155646e+01 8.246211251235321171e+00 1.414213562373095145e+00 8.602325267042626677e+00 1.843908891458577415e+01 1.081665382639196871e+01 1.063014581273464998e+01 0.000000000000000000e+00 5.385164807134503739e+00 1.456021977856103611e+01 1.835755975068581947e+01
7.211102550927978250e+00 1.403566884761819900e+01 9.433981132056603158e+00 2.865309756378880479e+01 1.403566884761819900e+01 1.486606874731850603e+01 5.830951894845300743e+00 1.389244398944980396e+01 1.969771560359220786e+01 3.000000000000000000e+00 1.334166406412633421e+01 1.220655561573370207e+01 4.123105625617660586e+00 7.280109889280518054e+00 2.360084744241189370e+01 1.555634918610404505e+01 1.019803902718556898e+01 5.385164807134503739e+00 0.000000000000000000e+00 1.204159457879229578e+01 1.456021977856103611e+01
1.063014581273464998e+01 2.607680962081059661e+01 1.838477631085023489e+01 3.538361202590826338e+01 2.600000000000000000e+01 4.472135954999579610e+00 1.711724276862369010e+01 6.000000000000000000e+00 2.624880949681337583e+01 1.264911064067351809e+01 2.236067977499789805e+00 2.280350850198275836e+01 1.334166406412633421e+01 1.923538406167134340e+01 3.162277660168379256e+01 2.507987240796890660e+01 2.220360331117451835e+01 1.456021977856103611e+01 1.204159457879229578e+01 0.000000000000000000e+00 5.385164807134503739e+00
1.019803902718556898e+01 2.816025568065744622e+01 2.247220505424423109e+01 4.031128874149274566e+01 2.844292530665578411e+01 9.000000000000000000e+00 2.024845673131658685e+01 1.118033988749894903e+01 3.111269837220809009e+01 1.403566884761819900e+01 7.071067811865475505e+00 2.640075756488817049e+01 1.700000000000000000e+01 2.109502310972898798e+01 3.623534186398687496e+01 2.915475947422650194e+01 2.408318915758459156e+01 1.835755975068581947e+01 1.456021977856103611e+01 5.385164807134503739e+00 0.000000000000000000e+00
