0.000000000000000000e+00 3.224903099319419653e+01 3.000000000000000000e+00 1.802775637731994607e+01 2.280350850198275836e+01 2.630589287593181069e+01 4.675467891024383960e+01 1.360147050873544394e+01 1.552417469626002422e+01 2.418677324489564739e+01 1.140175425099137918e+01 4.036087214122112954e+01 9.055385138137417300e+00 2.302172886644267535e+01 2.523885892824792521e+01 3.310589071449369669e+01 2.640075756488817049e+01 3.577708763999663688e+01 1.166190378969060149e+01 1.019803902718556898e+01 1.341640786499873883e+01 2.473863375370596174e+01 2.983286778035259701e+01 2.941088233970548416e+01 8.000000000000000000e+00 6.082762530298219339e+00 1.414213562373095101e+01 2.906888370749726747e+01
3.224903099319419653e+01 0.000000000000000000e+00 2.968164415931165934e+01 1.972308292331602075e+01 2.280350850198275836e+01 1.216552506059643868e+01 1.923538406167134340e+01 4.561797891182817466e+01 1.769180601295413169e+01 2.624880949681337583e+01 4.110960958218893069e+01 1.118033988749894903e+01 4.071854614300466579e+01 2.983286778035259701e+01 7.280109889280518054e+00 2.828427124746190291e+00 1.300000000000000000e+01 2.000000000000000000e+01 2.059126028197400160e+01 2.668332812825266842e+01 3.423448553724738019e+01 3.492849839314595783e+01 5.830951894845300743e+00 1.360147050873544394e+01 3.939543120718441571e+01 3.640054944640259293e+01 2.607680962081059661e+01 3.605551275463989125e+00
3.000000000000000000e+00 2.968164415931165934e+01 0.000000000000000000e+00 1.503329637837290811e+01 2.220360331117451835e+01 2.334523505985750447e+01 4.482186966202993972e+01 1.649242250247064234e+01 1.264911064067351809e+01 2.400000000000000000e+01 1.431782106327635340e+01 3.818376618407356915e+01 1.204159457879229578e+01 2.334523505985750447e+01 2.280350850198275836e+01 3.041381265149109936e+01 2.469817807045693669e+01 3.453983207834108526e+01 9.219544457292887074e+00 1.004987562112088995e+01 1.500000000000000000e+01 2.563201123595259290e+01 2.758622844826744469e+01 2.778488797889960793e+01 1.100000000000000000e+01 7.211102550927978250e+00 1.403566884761819900e+01 2.641968962724581260e+01
1.802775637731994607e+01 1.972308292331602075e+01 1.503329637837290811e+01 0.000000000000000000e+00 2.594224354214569317e+01 9.433981132056603158e+00 3.827531841800927737e+01 3.114482300479487265e+01 5.830951894845300743e+00 2.915475947422650194e+01 2.927456233660889495e+01 3.046309242345563462e+01 2.700000000000000000e+01 3.061045573002793319e+01 1.529705854077835525e+01 1.920937271229854559e+01 2.209072203437452231e+01 3.306055050963308162e+01 1.063014581273464998e+01 1.941648783894759944e+01 2.729468812791236232e+01 3.465544690232691494e+01 2.061552812808830382e+01 2.501999200639360765e+01 2.601922366251537611e+01 1.964688270438849926e+01 2.193171219946130890e+01 1.612451549659709826e+01
2.280350850198275836e+01 2.280350850198275836e+01 2.220360331117451835e+01 2.594224354214569317e+01 0.000000000000000000e+00 2.690724809414741969e+01 2.817800560721074277e+01 3.220248437620923454e+01 2.012461179749810825e+01 3.605551275463989125e+00 2.549509756796392423e+01 2.451530134426252516e+01 2.745906043549196340e+01 7.071067811865475505e+00 1.700000000000000000e+01 2.529822128134703618e+01 1.004987562112088995e+01 1.414213562373095101e+01 1.649242250247064234e+01 1.264911064067351809e+01 1.562049935181330795e+01 1.216552506059643868e+01 1.726267650163206824e+01 1.118033988749894903e+01 2.607680962081059661e+01 2.886173937932362321e+01 8.944271909999159220e+00 2.193171219946130890e+01
2.630589287593181069e+01 1.216552506059643868e+01 2.334523505985750447e+01 9.433981132056603158e+00 2.690724809414741969e+01 0.000000000000000000e+00 3.140063693621516450e+01 3.981205847478876336e+01 1.100000000000000000e+01 3.047950130825634218e+01 3.701351104664349378e+01 2.334523505985750447e+01 3.535533905932737753e+01 3.301514803843835466e+01 1.118033988749894903e+01 1.077032961426900748e+01 1.972308292331602075e+01 2.973213749463701205e+01 1.612451549659709826e+01 2.473863375370596174e+01 3.298484500494128469e+01 3.773592452822641263e+01 1.529705854077835525e+01 2.193171219946130890e+01 3.423448553724738019e+01 2.879236009777593708e+01 2.600000000000000000e+01 9.000000000000000000e+00
4.675467891024383960e+01 1.923538406167134340e+01 4.482186966202993972e+01 3.827531841800927737e+01 2.817800560721074277e+01 3.140063693621516450e+01 0.000000000000000000e+00 5.879625838435639906e+01 3.488552708502481892e+01 3.008321791298264714e+01 5.280151512977634098e+01 8.062257748298549132e+00 5.381449618829483938e+01 3.417601498127012150e+01 2.325940669922601600e+01 2.102379604162863913e+01 2.051828452868319275e+01 1.529705854077835525e+01 3.580502757993631491e+01 3.828837943815329226e+01 4.356604182158393002e+01 3.860051813123756403e+01 1.788854381999831844e+01 1.780449381476485726e+01 5.240229002629560995e+01 5.200961449578337437e+01 3.580502757993631491e+01 2.256102834535695578e+01
1.360147050873544394e+01 4.561797891182817466e+01 1.649242250247064234e+01 3.114482300479487265e+01 3.220248437620923454e+01 3.981205847478876336e+01 5.879625838435639906e+01 0.000000000000000000e+00 2.912043955712207222e+01 3.224903099319419653e+01 7.280109889280518054e+00 5.300943312279428454e+01 5.000000000000000000e+00 2.954657340538831534e+01 3.847076812334268681e+01 4.661544808322666000e+01 3.828837943815329226e+01 4.622769732530488085e+01 2.507987240796890660e+01 2.051828452868319275e+01 1.746424919657297892e+01 2.886173937932362321e+01 4.272001872658765365e+01 4.103656905736638549e+01 6.403124237432848531e+00 1.216552506059643868e+01 2.343074902771996193e+01 4.254409477236529824e+01
1.552417469626002422e+01 1.769180601295413169e+01 1.264911064067351809e+01 5.830951894845300743e+00 2.012461179749810825e+01 1.100000000000000000e+01 3.488552708502481892e+01 2.912043955712207222e+01 0.000000000000000000e+00 2.332380757938120297e+01 2.601922366251537611e+01 2.745906043549196340e+01 2.451530134426252516e+01 2.483948469674844262e+01 1.166190378969060149e+01 1.802775637731994607e+01 1.702938636592640265e+01 2.801785145224380003e+01 5.385164807134503739e+00 1.431782106327635340e+01 2.247220505424423109e+01 2.900000000000000000e+01 1.700000000000000000e+01 2.009975124224177989e+01 2.334523505985750447e+01 1.886796226411320632e+01 1.640121946685672683e+01 1.421267040355189515e+01
2.418677324489564739e+01 2.624880949681337583e+01 2.400000000000000000e+01 2.915475947422650194e+01 3.605551275463989125e+00 3.047950130825634218e+01 3.008321791298264714e+01 3.224903099319419653e+01 2.332380757938120297e+01 0.000000000000000000e+00 2.523885892824792521e+01 2.716615541441224835e+01 2.773084924772409465e+01 4.123105625617660586e+00 2.059126028197400160e+01 2.879236009777593708e+01 1.334166406412633421e+01 1.526433752247374720e+01 1.931320791582796659e+01 1.403566884761819900e+01 1.500000000000000000e+01 9.000000000000000000e+00 2.061552812808830382e+01 1.400000000000000000e+01 2.640075756488817049e+01 3.026549190084311292e+01 1.004987562112088995e+01 2.549509756796392423e+01
1.140175425099137918e+01 4.110960958218893069e+01 1.431782106327635340e+01 2.927456233660889495e+01 2.549509756796392423e+01 3.701351104664349378e+01 5.280151512977634098e+01 7.280109889280518054e+00 2.601922366251537611e+01 2.523885892824792521e+01 0.000000000000000000e+00 4.750789408087881327e+01 4.472135954999579610e+00 2.236067977499789805e+01 3.383784863137726262e+01 4.244997055358224713e+01 3.244996147917590434e+01 3.962322551231790158e+01 2.121320343559642652e+01 1.476482306023340030e+01 1.029563014098700080e+01 2.158703314492290204e+01 3.757658845611187104e+01 3.500000000000000000e+01 4.242640687119284770e+00 1.345362404707370985e+01 1.702938636592640265e+01 3.832753579347360073e+01
4.036087214122112954e+01 1.118033988749894903e+01 3.818376618407356915e+01 3.046309242345563462e+01 2.451530134426252516e+01 2.334523505985750447e+01 8.062257748298549132e+00 5.300943312279428454e+01 2.745906043549196340e+01 2.716615541441224835e+01 4.750789408087881327e+01 0.000000000000000000e+00 4.801041553663121420e+01 3.125699921617556853e+01 1.581138830084189628e+01 1.300000000000000000e+01 1.523154621172781731e+01 1.486606874731850603e+01 2.900000000000000000e+01 3.275667870831839679e+01 3.900000000000000000e+01 3.612478373637688378e+01 1.063014581273464998e+01 1.334166406412633421e+01 4.661544808322666000e+01 4.527692569068708650e+01 3.087069808086626210e+01 1.456021977856103611e+01
9.055385138137417300e+00 4.071854614300466579e+01 1.204159457879229578e+01 2.700000000000000000e+01 2.745906043549196340e+01 3.535533905932737753e+01 5.381449618829483938e+01 5.000000000000000000e+00 2.451530134426252516e+01 2.773084924772409465e+01 4.472135954999579610e+00 4.801041553663121420e+01 0.000000000000000000e+00 2.529822128134703618e+01 3.354101966249684352e+01 4.178516483155235761e+01 3.330165161069342616e+01 4.140048308896890461e+01 2.024845673131658685e+01 1.555634918610404505e+01 1.334166406412633421e+01 2.517935662402834396e+01 3.773592452822641263e+01 3.606937759374286401e+01 1.414213562373095145e+00 9.433981132056603158e+00 1.860107523773827509e+01 3.769615364994152884e+01
2.302172886644267535e+01 2.983286778035259701e+01 2.334523505985750447e+01 3.061045573002793319e+01 7.071067811865475505e+00 3.301514803843835466e+01 3.417601498127012150e+01 2.954657340538831534e+01 2.483948469674844262e+01 4.123105625617660586e+00 2.236067977499789805e+01 3.125699921617556853e+01 2.529822128134703618e+01 0.000000000000000000e+00 2.376972864800942631e+01 3.228002478313794654e+01 1.711724276862369010e+01 1.923538406167134340e+01 2.024845673131658685e+01 1.334166406412633421e+01 1.208304597359457233e+01 5.099019513592784492e+00 2.433105012119287736e+01 1.802775637731994607e+01 2.404163056034261459e+01 2.900000000000000000e+01 9.486832980505138124e+00 2.879236009777593708e+01
2.523885892824792521e+01 7.280109889280518054e+00 2.280350850198275836e+01 1.529705854077835525e+01 1.700000000000000000e+01 1.118033988749894903e+01 2.325940669922601600e+01 3.847076812334268681e+01 1.166190378969060149e+01 2.059126028197400160e+01 3.383784863137726262e+01 1.581138830084189628e+01 3.354101966249684352e+01 2.376972864800942631e+01 0.000000000000000000e+00 9.000000000000000000e+00 8.602325267042626677e+00 1.868154169226940553e+01 1.360147050873544394e+01 1.941648783894759944e+01 2.707397274136176790e+01 2.879236009777593708e+01 5.385164807134503739e+00 1.077032961426900748e+01 3.220248437620923454e+01 2.973213749463701205e+01 1.900000000000000000e+01 5.099019513592784492e+00
3.310589071449369669e+01 2.828427124746190291e+00 3.041381265149109936e+01 1.920937271229854559e+01 2.529822128134703618e+01 1.077032961426900748e+01 2.102379604162863913e+01 4.661544808322666000e+01 1.802775637731994607e+01 2.879236009777593708e+01 4.244997055358224713e+01 1.300000000000000000e+01 4.178516483155235761e+01 3.228002478313794654e+01 9.000000000000000000e+00 0.000000000000000000e+00 1.565247584249852864e+01 2.280350850198275836e+01 2.154065922853801496e+01 2.828427124746190202e+01 3.605551275463989214e+01 3.736308338453881106e+01 8.602325267042626677e+00 1.640121946685672683e+01 4.049691346263317371e+01 3.689173349139343117e+01 2.800000000000000000e+01 4.123105625617660586e+00
2.640075756488817049e+01 1.300000000000000000e+01 2.469817807045693669e+01 2.209072203437452231e+01 1.004987562112088995e+01 1.972308292331602075e+01 2.051828452868319275e+01 3.828837943815329226e+01 1.702938636592640265e+01 1.334166406412633421e+01 3.244996147917590434e+01 1.523154621172781731e+01 3.330165161069342616e+01 1.711724276862369010e+01 8.602325267042626677e+00 1.565247584249852864e+01 0.000000000000000000e+00 1.100000000000000000e+01 1.615549442140351033e+01 1.780449381476485726e+01 2.376972864800942631e+01 2.220360331117451835e+01 7.280109889280518054e+00 3.162277660168379523e+00 3.189043743820394994e+01 3.190611226708763226e+01 1.565247584249852864e+01 1.280624847486569706e+01
3.577708763999663688e+01 2.000000000000000000e+01 3.453983207834108526e+01 3.306055050963308162e+01 1.414213562373095101e+01 2.973213749463701205e+01 1.529705854077835525e+01 4.622769732530488085e+01 2.801785145224380003e+01 1.526433752247374720e+01 3.962322551231790158e+01 1.486606874731850603e+01 4.140048308896890461e+01 1.923538406167134340e+01 1.868154169226940553e+01 2.280350850198275836e+01 1.100000000000000000e+01 0.000000000000000000e+00 2.668332812825266842e+01 2.607680962081059661e+01 2.973213749463701205e+01 2.340939982143925135e+01 1.476482306023340030e+01 8.062257748298549132e+00 4.000000000000000000e+01 4.162931659299729859e+01 2.280350850198275836e+01 2.147091055358388800e+01
1.166190378969060149e+01 2.059126028197400160e+01 9.219544457292887074e+00 1.063014581273464998e+01 1.649242250247064234e+01 1.612451549659709826e+01 3.580502757993631491e+01 2.507987240796890660e+01 5.385164807134503739e+00 1.931320791582796659e+01 2.121320343559642652e+01 2.900000000000000000e+01 2.024845673131658685e+01 2.024845673131658685e+01 1.360147050873544394e+01 2.154065922853801496e+01 1.615549442140351033e+01 2.668332812825266842e+01 0.000000000000000000e+00 8.944271909999159220e+00 1.708800749063506075e+01 2.408318915758459156e+01 1.838477631085023489e+01 1.931320791582796659e+01 1.897366596101027625e+01 1.627882059609970611e+01 1.131370849898476116e+01 1.746424919657297892e+01
1.019803902718556898e+01 2.668332812825266842e+01 1.004987562112088995e+01 1.941648783894759944e+01 1.264911064067351809e+01 2.473863375370596174e+01 3.828837943815329226e+01 2.051828452868319275e+01 1.431782106327635340e+01 1.403566884761819900e+01 1.476482306023340030e+01 3.275667870831839679e+01 1.555634918610404505e+01 1.334166406412633421e+01 1.941648783894759944e+01 2.828427124746190202e+01 1.780449381476485726e+01 2.607680962081059661e+01 8.944271909999159220e+00 0.000000000000000000e+00 8.246211251235321171e+00 1.612451549659709826e+01 2.284731931759172596e+01 2.051828452868319275e+01 1.414213562373095101e+01 1.627882059609970611e+01 4.000000000000000000e+00 2.418677324489564739e+01
1.341640786499873883e+01 3.423448553724738019e+01 1.500000000000000000e+01 2.729468812791236232e+01 1.562049935181330795e+01 3.298484500494128469e+01 4.356604182158393002e+01 1.746424919657297892e+01 2.247220505424423109e+01 1.500000000000000000e+01 1.029563014098700080e+01 3.900000000000000000e+01 1.334166406412633421e+01 1.208304597359457233e+01 2.707397274136176790e+01 3.605551275463989214e+01 2.376972864800942631e+01 2.973213749463701205e+01 1.708800749063506075e+01 8.246211251235321171e+00 0.000000000000000000e+00 1.200000000000000000e+01 2.983286778035259701e+01 2.594224354214569317e+01 1.216552506059643868e+01 1.868154169226940553e+01 8.246211251235321171e+00 3.201562118716424266e+01
2.473863375370596174e+01 3.492849839314595783e+01 2.563201123595259290e+01 3.465544690232691494e+01 1.216552506059643868e+01 3.773592452822641263e+01 3.860051813123756403e+01 2.886173937932362321e+01 2.900000000000000000e+01 9.000000000000000000e+00 2.158703314492290204e+01 3.612478373637688378e+01 2.517935662402834396e+01 5.099019513592784492e+00 2.879236009777593708e+01 3.736308338453881106e+01 2.220360331117451835e+01 2.340939982143925135e+01 2.408318915758459156e+01 1.612451549659709826e+01 1.200000000000000000e+01 0.000000000000000000e+00 2.942787793912432193e+01 2.300000000000000000e+01 2.408318915758459156e+01 3.041381265149109936e+01 1.280624847486569706e+01 3.383784863137726262e+01
2.983286778035259701e+01 5.830951894845300743e+00 2.758622844826744469e+01 2.061552812808830382e+01 1.726267650163206824e+01 1.529705854077835525e+01 1.788854381999831844e+01 4.272001872658765365e+01 1.700000000000000000e+01 2.061552812808830382e+01 3.757658845611187104e+01 1.063014581273464998e+01 3.773592452822641263e+01 2.433105012119287736e+01 5.385164807134503739e+00 8.602325267042626677e+00 7.280109889280518054e+00 1.476482306023340030e+01 1.838477631085023489e+01 2.284731931759172596e+01 2.983286778035259701e+01 2.942787793912432193e+01 0.000000000000000000e+00 7.810249675906653977e+00 3.635931792539568619e+01 3.465544690232691494e+01 2.158703314492290204e+01 6.708203932499369415e+00
2.941088233970548416e+01 1.360147050873544394e+01 2.778488797889960793e+01 2.501999200639360765e+01 1.118033988749894903e+01 2.193171219946130890e+01 1.780449381476485726e+01 4.103656905736638549e+01 2.009975124224177989e+01 1.400000000000000000e+01 3.500000000000000000e+01 1.334166406412633421e+01 3.606937759374286401e+01 1.802775637731994607e+01 1.077032961426900748e+01 1.640121946685672683e+01 3.162277660168379523e+00 8.062257748298549132e+00 1.931320791582796659e+01 2.051828452868319275e+01 2.594224354214569317e+01 2.300000000000000000e+01 7.810249675906653977e+00 0.000000000000000000e+00 3.465544690232691494e+01 3.498571136907180090e+01 1.802775637731994607e+01 1.421267040355189515e+01
8.000000000000000000e+00 3.939543120718441571e+01 1.100000000000000000e+01 2.601922366251537611e+01 2.607680962081059661e+01 3.423448553724738019e+01 5.240229002629560995e+01 6.403124237432848531e+00 2.334523505985750447e+01 2.640075756488817049e+01 4.242640687119284770e+00 4.661544808322666000e+01 1.414213562373095145e+00 2.404163056034261459e+01 3.220248437620923454e+01 4.049691346263317371e+01 3.189043743820394994e+01 4.000000000000000000e+01 1.897366596101027625e+01 1.414213562373095101e+01 1.216552506059643868e+01 2.408318915758459156e+01 3.635931792539568619e+01 3.465544690232691494e+01 0.000000000000000000e+00 9.219544457292887074e+00 1.720465053408525335e+01 3.640054944640259293e+01
6.082762530298219339e+00 3.640054944640259293e+01 7.211102550927978250e+00 1.964688270438849926e+01 2.886173937932362321e+01 2.879236009777593708e+01 5.200961449578337437e+01 1.216552506059643868e+01 1.886796226411320632e+01 3.026549190084311292e+01 1.345362404707370985e+01 4.527692569068708650e+01 9.433981132056603158e+00 2.900000000000000000e+01 2.973213749463701205e+01 3.689173349139343117e+01 3.190611226708763226e+01 4.162931659299729859e+01 1.627882059609970611e+01 1.627882059609970611e+01 1.868154169226940553e+01 3.041381265149109936e+01 3.465544690232691494e+01 3.498571136907180090e+01 9.219544457292887074e+00 0.000000000000000000e+00 2.022374841615668473e+01 3.301514803843835466e+01
1.414213562373095101e+01 2.607680962081059661e+01 1.403566884761819900e+01 2.193171219946130890e+01 8.944271909999159220e+00 2.600000000000000000e+01 3.580502757993631491e+01 2.343074902771996193e+01 1.640121946685672683e+01 1.004987562112088995e+01 1.702938636592640265e+01 3.087069808086626210e+01 1.860107523773827509e+01 9.486832980505138124e+00 1.900000000000000000e+01 2.800000000000000000e+01 1.565247584249852864e+01 2.280350850198275836e+01 1.131370849898476116e+01 4.000000000000000000e+00 8.246211251235321171e+00 1.280624847486569706e+01 2.158703314492290204e+01 1.802775637731994607e+01 1.720465053408525335e+01 2.022374841615668473e+01 0.000000000000000000e+00 2.402082429892862692e+01
2.906888370749726747e+01 3.605551275463989125e+00 2.641968962724581260e+01 1.612451549659709826e+01 2.193171219946130890e+01 9.000000000000000000e+00 2.256102834535695578e+01 4.254409477236529824e+01 1.421267040355189515e+01 2.549509756796392423e+01 3.832753579347360073e+01 1.456021977856103611e+01 3.769615364994152884e+01 2.879236009777593708e+01 5.099019513592784492e+00 4.123105625617660586e+00 1.280624847486569706e+01 2.147091055358388800e+01 1.746424919657297892e+01 2.418677324489564739e+01 3.201562118716424266e+01 3.383784863137726262e+01 6.708203932499369415e+00 1.421267040355189515e+01 3.640054944640259293e+01 3.301514803843835466e+01 2.402082429892862692e+01 0.000000000000000000e+00
