0.000000000000000000e+00 1.708800749063506075e+01 8.485281374238569541e+00 2.080865204668481283e+01 2.416609194718914466e+01 1.063014581273464998e+01 1.612451549659709826e+01 1.868154169226940553e+01 1.264911064067351809e+01 7.211102550927978250e+00 1.700000000000000000e+01 2.941088233970548416e+01 1.442220510185595650e+01 1.843908891458577415e+01 1.552417469626002422e+01 1.615549442140351033e+01 2.236067977499789805e+00 1.824828759089465890e+01 2.102379604162863913e+01 1.708800749063506075e+01 1.992485884517127559e+01 2.080865204668481283e+01
1.708800749063506075e+01 0.000000000000000000e+00 2.200000000000000000e+01 1.802775637731994607e+01 2.863564212655270680e+01 1.664331697709323876e+01 8.000000000000000000e+00 1.118033988749894903e+01 2.163330765278393741e+01 2.209072203437452231e+01 2.801785145224380003e+01 2.435159132377184221e+01 1.456021977856103611e+01 2.039607805437113797e+01 2.418677324489564739e+01 2.325940669922601600e+01 1.552417469626002422e+01 3.061045573002793319e+01 8.602325267042626677e+00 1.200000000000000000e+01 2.692582403567251959e+01 2.334523505985750447e+01
8.485281374238569541e+00 2.200000000000000000e+01 0.000000000000000000e+00 2.920616373302046753e+01 3.224903099319419653e+01 1.910497317454279909e+01 2.340939982143925135e+01 2.640075756488817049e+01 2.059126028197400160e+01 2.000000000000000000e+00 2.376972864800942631e+01 3.780211634287159939e+01 2.280350850198275836e+01 2.690724809414741969e+01 2.325940669922601600e+01 2.418677324489564739e+01 8.062257748298549132e+00 2.418677324489564739e+01 2.789265136196270589e+01 2.505992817228333536e+01 2.773084924772409465e+01 2.920616373302046753e+01
2.080865204668481283e+01 1.802775637731994607e+01 2.920616373302046753e+01 0.000000000000000000e+00 1.220655561573370207e+01 1.077032961426900748e+01 1.004987562112088995e+01 7.071067811865475505e+00 1.300000000000000000e+01 2.801785145224380003e+01 1.772004514666934938e+01 8.602325267042626677e+00 6.403124237432848531e+00 5.385164807134503739e+00 1.334166406412633421e+01 1.140175425099137918e+01 2.126029162546929996e+01 2.088061301782110135e+01 1.170469991071962568e+01 6.082762530298219339e+00 1.303840481040529831e+01 7.071067811865475505e+00
2.416609194718914466e+01 2.863564212655270680e+01 3.224903099319419653e+01 1.220655561573370207e+01 0.000000000000000000e+00 1.431782106327635340e+01 2.088061301782110135e+01 1.878829422805593552e+01 1.166190378969060149e+01 3.052867504494749440e+01 1.118033988749894903e+01 1.486606874731850603e+01 1.414213562373095101e+01 8.246211251235321171e+00 9.219544457292887074e+00 8.062257748298549132e+00 2.563201123595259290e+01 1.360147050873544394e+01 2.370653918225939449e+01 1.708800749063506075e+01 5.000000000000000000e+00 5.385164807134503739e+00
1.063014581273464998e+01 1.664331697709323876e+01 1.910497317454279909e+01 1.077032961426900748e+01 1.431782106327635340e+01 0.000000000000000000e+00 1.081665382639196871e+01 1.140175425099137918e+01 5.000000000000000000e+00 1.769180601295413169e+01 1.140175425099137918e+01 1.923538406167134340e+01 5.000000000000000000e+00 7.810249675906653977e+00 7.615773105863908654e+00 7.071067811865475505e+00 1.166190378969060149e+01 1.414213562373095101e+01 1.565247584249852864e+01 9.219544457292887074e+00 1.104536101718726115e+01 1.029563014098700080e+01
1.612451549659709826e+01 8.000000000000000000e+00 2.340939982143925135e+01 1.004987562112088995e+01 2.088061301782110135e+01 1.081665382639196871e+01 0.000000000000000000e+00 3.605551275463989125e+00 1.562049935181330795e+01 2.280350850198275836e+01 2.193171219946130890e+01 1.700000000000000000e+01 7.211102550927978250e+00 1.264911064067351809e+01 1.769180601295413169e+01 1.640121946685672683e+01 1.552417469626002422e+01 2.483948469674844262e+01 5.099019513592784492e+00 4.000000000000000000e+00 1.972308292331602075e+01 1.552417469626002422e+01
1.868154169226940553e+01 1.118033988749894903e+01 2.640075756488817049e+01 7.071067811865475505e+00 1.878829422805593552e+01 1.140175425099137918e+01 3.605551275463989125e+00 0.000000000000000000e+00 1.565247584249852864e+01 2.563201123595259290e+01 2.163330765278393741e+01 1.341640786499873883e+01 6.708203932499369415e+00 1.081665382639196871e+01 1.720465053408525335e+01 1.562049935181330795e+01 1.838477631085023489e+01 2.469817807045693669e+01 5.000000000000000000e+00 2.236067977499789805e+00 1.843908891458577415e+01 1.341640786499873883e+01
1.264911064067351809e+01 2.163330765278393741e+01 2.059126028197400160e+01 1.300000000000000000e+01 1.166190378969060149e+01 5.000000000000000000e+00 1.562049935181330795e+01 1.565247584249852864e+01 0.000000000000000000e+00 1.886796226411320632e+01 6.403124237432848531e+00 2.061552812808830382e+01 8.944271909999159220e+00 8.246211251235321171e+00 3.000000000000000000e+00 3.605551275463989125e+00 1.431782106327635340e+01 9.219544457292887074e+00 2.024845673131658685e+01 1.341640786499873883e+01 7.280109889280518054e+00 9.433981132056603158e+00
7.211102550927978250e+00 2.209072203437452231e+01 2.000000000000000000e+00 2.801785145224380003e+01 3.052867504494749440e+01 1.769180601295413169e+01 2.280350850198275836e+01 2.563201123595259290e+01 1.886796226411320632e+01 0.000000000000000000e+00 2.184032966784155505e+01 3.661966684720110976e+01 2.163330765278393741e+01 2.545584412271571040e+01 2.147091055358388800e+01 2.247220505424423109e+01 7.280109889280518054e+00 2.220360331117451835e+01 2.745906043549196340e+01 2.416609194718914466e+01 2.594224354214569317e+01 2.765863337187866122e+01
1.700000000000000000e+01 2.801785145224380003e+01 2.376972864800942631e+01 1.772004514666934938e+01 1.118033988749894903e+01 1.140175425099137918e+01 2.193171219946130890e+01 2.163330765278393741e+01 6.403124237432848531e+00 2.184032966784155505e+01 0.000000000000000000e+00 2.400000000000000000e+01 1.500000000000000000e+01 1.236931687685298087e+01 4.472135954999579610e+00 6.324555320336759046e+00 1.902629759044044633e+01 3.162277660168379523e+00 2.640075756488817049e+01 1.941648783894759944e+01 6.324555320336759046e+00 1.200000000000000000e+01
2.941088233970548416e+01 2.435159132377184221e+01 3.780211634287159939e+01 8.602325267042626677e+00 1.486606874731850603e+01 1.923538406167134340e+01 1.700000000000000000e+01 1.341640786499873883e+01 2.061552812808830382e+01 3.661966684720110976e+01 2.400000000000000000e+01 0.000000000000000000e+00 1.500000000000000000e+01 1.236931687685298087e+01 2.009975124224177989e+01 1.811077027627483460e+01 2.983286778035259701e+01 2.701851217221259205e+01 1.627882059609970611e+01 1.360147050873544394e+01 1.811077027627483460e+01 1.200000000000000000e+01
1.442220510185595650e+01 1.456021977856103611e+01 2.280350850198275836e+01 6.403124237432848531e+00 1.414213562373095101e+01 5.000000000000000000e+00 7.211102550927978250e+00 6.708203932499369415e+00 8.944271909999159220e+00 2.163330765278393741e+01 1.500000000000000000e+01 1.500000000000000000e+01 0.000000000000000000e+00 6.000000000000000000e+00 1.063014581273464998e+01 9.219544457292887074e+00 1.486606874731850603e+01 1.802775637731994607e+01 1.140175425099137918e+01 4.472135954999579610e+00 1.252996408614166768e+01 9.000000000000000000e+00
1.843908891458577415e+01 2.039607805437113797e+01 2.690724809414741969e+01 5.385164807134503739e+00 8.246211251235321171e+00 7.810249675906653977e+00 1.264911064067351809e+01 1.081665382639196871e+01 8.246211251235321171e+00 2.545584412271571040e+01 1.236931687685298087e+01 1.236931687685298087e+01 6.000000000000000000e+00 0.000000000000000000e+00 8.062257748298549132e+00 6.082762530298219339e+00 1.941648783894759944e+01 1.552417469626002422e+01 1.581138830084189628e+01 8.944271909999159220e+00 7.810249675906653977e+00 3.000000000000000000e+00
1.552417469626002422e+01 2.418677324489564739e+01 2.325940669922601600e+01 1.334166406412633421e+01 9.219544457292887074e+00 7.615773105863908654e+00 1.769180601295413169e+01 1.720465053408525335e+01 3.000000000000000000e+00 2.147091055358388800e+01 4.472135954999579610e+00 2.009975124224177989e+01 1.063014581273464998e+01 8.062257748298549132e+00 0.000000000000000000e+00 2.000000000000000000e+00 1.726267650163206824e+01 7.615773105863908654e+00 2.202271554554523902e+01 1.500000000000000000e+01 4.472135954999579610e+00 8.246211251235321171e+00
1.615549442140351033e+01 2.325940669922601600e+01 2.418677324489564739e+01 1.140175425099137918e+01 8.062257748298549132e+00 7.071067811865475505e+00 1.640121946685672683e+01 1.562049935181330795e+01 3.605551275463989125e+00 2.247220505424423109e+01 6.324555320336759046e+00 1.811077027627483460e+01 9.219544457292887074e+00 6.082762530298219339e+00 2.000000000000000000e+00 0.000000000000000000e+00 1.772004514666934938e+01 9.486832980505138124e+00 2.051828452868319275e+01 1.345362404707370985e+01 4.000000000000000000e+00 6.324555320336759046e+00
2.236067977499789805e+00 1.552417469626002422e+01 8.062257748298549132e+00 2.126029162546929996e+01 2.563201123595259290e+01 1.166190378969060149e+01 1.552417469626002422e+01 1.838477631085023489e+01 1.431782106327635340e+01 7.280109889280518054e+00 1.902629759044044633e+01 2.983286778035259701e+01 1.486606874731850603e+01 1.941648783894759944e+01 1.726267650163206824e+01 1.772004514666934938e+01 0.000000000000000000e+00 2.039607805437113797e+01 2.022374841615668473e+01 1.700000000000000000e+01 2.158703314492290204e+01 2.195449840010014952e+01
1.824828759089465890e+01 3.061045573002793319e+01 2.418677324489564739e+01 2.088061301782110135e+01 1.360147050873544394e+01 1.414213562373095101e+01 2.483948469674844262e+01 2.469817807045693669e+01 9.219544457292887074e+00 2.220360331117451835e+01 3.162277660168379523e+00 2.701851217221259205e+01 1.802775637731994607e+01 1.552417469626002422e+01 7.615773105863908654e+00 9.486832980505138124e+00 2.039607805437113797e+01 0.000000000000000000e+00 2.941088233970548416e+01 2.247220505424423109e+01 9.055385138137417300e+00 1.503329637837290811e+01
2.102379604162863913e+01 8.602325267042626677e+00 2.789265136196270589e+01 1.170469991071962568e+01 2.370653918225939449e+01 1.565247584249852864e+01 5.099019513592784492e+00 5.000000000000000000e+00 2.024845673131658685e+01 2.745906043549196340e+01 2.640075756488817049e+01 1.627882059609970611e+01 1.140175425099137918e+01 1.581138830084189628e+01 2.202271554554523902e+01 2.051828452868319275e+01 2.022374841615668473e+01 2.941088233970548416e+01 0.000000000000000000e+00 7.071067811865475505e+00 2.343074902771996193e+01 1.835755975068581947e+01
1.708800749063506075e+01 1.200000000000000000e+01 2.505992817228333536e+01 6.082762530298219339e+00 1.708800749063506075e+01 9.219544457292887074e+00 4.000000000000000000e+00 2.236067977499789805e+00 1.341640786499873883e+01 2.416609194718914466e+01 1.941648783894759944e+01 1.360147050873544394e+01 4.472135954999579610e+00 8.944271909999159220e+00 1.500000000000000000e+01 1.345362404707370985e+01 1.700000000000000000e+01 2.247220505424423109e+01 7.071067811865475505e+00 0.000000000000000000e+00 1.640121946685672683e+01 1.170469991071962568e+01
1.992485884517127559e+01 2.692582403567251959e+01 2.773084924772409465e+01 1.303840481040529831e+01 5.000000000000000000e+00 1.104536101718726115e+01 1.972308292331602075e+01 1.843908891458577415e+01 7.280109889280518054e+00 2.594224354214569317e+01 6.324555320336759046e+00 1.811077027627483460e+01 1.252996408614166768e+01 7.810249675906653977e+00 4.472135954999579610e+00 4.000000000000000000e+00 2.158703314492290204e+01 9.055385138137417300e+00 2.343074902771996193e+01 1.640121946685672683e+01 0.000000000000000000e+00 6.324555320336759046e+00
2.080865204668481283e+01 2.334523505985750447e+01 2.920616373302046753e+01 7.071067811865475505e+00 5.385164807134503739e+00 1.029563014098700080e+01 1.552417469626002422e+01 1.341640786499873883e+01 9.433981132056603158e+00 2.765863337187866122e+01 1.200000000000000000e+01 1.200000000000000000e+01 9.000000000000000000e+00 3.000000000000000000e+00 8.246211251235321171e+00 6.324555320336759046e+00 2.195449840010014952e+01 1.503329637837290811e+01 1.835755975068581947e+01 1.170469991071962568e+01 6.324555320336759046e+00 0.000000000000000000e+00
