0.000000000000000000e+00 3.162277660168379523e+00 2.236067977499789805e+01 1.923538406167134340e+01 7.071067811865475505e+00 2.118962010041709121e+01 2.308679276123039159e+01 2.879236009777593708e+01 1.170469991071962568e+01 2.570992026436488231e+01 2.500000000000000000e+01 5.000000000000000000e+00 2.080865204668481283e+01 1.920937271229854559e+01 3.162277660168379523e+00 2.860069929215018192e+01 2.308679276123039159e+01 1.204159457879229578e+01 2.376972864800942631e+01 2.184032966784155505e+01 1.166190378969060149e+01 7.071067811865475505e+00 6.000000000000000000e+00 1.200000000000000000e+01 8.246211251235321171e+00 1.456021977856103611e+01
3.162277660168379523e+00 0.000000000000000000e+00 2.469817807045693669e+01 2.163330765278393741e+01 4.472135954999579610e+00 2.137755832643194864e+01 2.402082429892862692e+01 2.886173937932362321e+01 1.486606874731850603e+01 2.617250465660480074e+01 2.765863337187866122e+01 8.062257748298549132e+00 2.343074902771996193e+01 2.220360331117451835e+01 5.656854249492380582e+00 3.124099870362661591e+01 2.334523505985750447e+01 1.315294643796590535e+01 2.594224354214569317e+01 2.376972864800942631e+01 1.476482306023340030e+01 1.000000000000000000e+01 5.830951894845300743e+00 9.055385138137417300e+00 5.099019513592784492e+00 1.503329637837290811e+01
2.236067977499789805e+01 2.469817807045693669e+01 0.000000000000000000e+00 3.162277660168379523e+00 2.549509756796392423e+01 1.700000000000000000e+01 1.236931687685298087e+01 2.118962010041709121e+01 1.603121954188139853e+01 1.676305461424021104e+01 5.000000000000000000e+00 1.802775637731994607e+01 3.605551275463989125e+00 9.433981132056603158e+00 1.923538406167134340e+01 7.615773105863908654e+00 1.711724276862369010e+01 1.360147050873544394e+01 2.236067977499789805e+00 4.123105625617660586e+00 1.400000000000000000e+01 1.581138830084189628e+01 2.785677655436823841e+01 2.973213749463701205e+01 2.842534080710379030e+01 1.523154621172781731e+01
1.923538406167134340e+01 2.163330765278393741e+01 3.162277660168379523e+00 0.000000000000000000e+00 2.262741699796952233e+01 1.627882059609970611e+01 1.252996408614166768e+01 2.147091055358388800e+01 1.315294643796590535e+01 1.700000000000000000e+01 6.708203932499369415e+00 1.486606874731850603e+01 3.000000000000000000e+00 7.810249675906653977e+00 1.612451549659709826e+01 1.000000000000000000e+01 1.676305461424021104e+01 1.118033988749894903e+01 5.000000000000000000e+00 5.000000000000000000e+00 1.104536101718726115e+01 1.264911064067351809e+01 2.469817807045693669e+01 2.701851217221259205e+01 2.549509756796392423e+01 1.334166406412633421e+01
7.071067811865475505e+00 4.472135954999579610e+00 2.549509756796392423e+01 2.262741699796952233e+01 0.000000000000000000e+00 1.900000000000000000e+01 2.256102834535695578e+01 2.617250465660480074e+01 1.824828759089465890e+01 2.402082429892862692e+01 2.906888370749726747e+01 1.118033988749894903e+01 2.483948469674844262e+01 2.459674775249768786e+01 8.246211251235321171e+00 3.255764119219941222e+01 2.100000000000000000e+01 1.252996408614166768e+01 2.640075756488817049e+01 2.385372088375312671e+01 1.772004514666934938e+01 1.264911064067351809e+01 9.899494936611665352e+00 5.099019513592784492e+00 3.162277660168379523e+00 1.334166406412633421e+01
2.118962010041709121e+01 2.137755832643194864e+01 1.700000000000000000e+01 1.627882059609970611e+01 1.900000000000000000e+01 0.000000000000000000e+00 5.830951894845300743e+00 7.615773105863908654e+00 2.408318915758459156e+01 5.099019513592784492e+00 2.200000000000000000e+01 2.024845673131658685e+01 1.923538406167134340e+01 2.340939982143925135e+01 1.878829422805593552e+01 2.418677324489564739e+01 2.000000000000000000e+00 1.000000000000000000e+01 1.612451549659709826e+01 1.303840481040529831e+01 2.202271554554523902e+01 1.920937271229854559e+01 2.692582403567251959e+01 2.061552812808830382e+01 2.202271554554523902e+01 6.708203932499369415e+00
2.308679276123039159e+01 2.402082429892862692e+01 1.236931687685298087e+01 1.252996408614166768e+01 2.256102834535695578e+01 5.830951894845300743e+00 0.000000000000000000e+00 8.944271909999159220e+00 2.302172886644267535e+01 4.472135954999579610e+00 1.726267650163206824e+01 2.088061301782110135e+01 1.523154621172781731e+01 2.024845673131658685e+01 2.022374841615668473e+01 1.900000000000000000e+01 5.099019513592784492e+00 1.104536101718726115e+01 1.104536101718726115e+01 8.246211251235321171e+00 2.080865204668481283e+01 1.931320791582796659e+01 2.906888370749726747e+01 2.507987240796890660e+01 2.570992026436488231e+01 9.219544457292887074e+00
2.879236009777593708e+01 2.886173937932362321e+01 2.118962010041709121e+01 2.147091055358388800e+01 2.617250465660480074e+01 7.615773105863908654e+00 8.944271909999159220e+00 0.000000000000000000e+00 3.114482300479487265e+01 4.472135954999579610e+00 2.596150997149434048e+01 2.778488797889960793e+01 2.416609194718914466e+01 2.915475947422650194e+01 2.640075756488817049e+01 2.729468812791236232e+01 5.830951894845300743e+00 1.749285568453590045e+01 1.964688270438849926e+01 1.708800749063506075e+01 2.900000000000000000e+01 2.662705391138869615e+01 3.448187929913333249e+01 2.707397274136176790e+01 2.906888370749726747e+01 1.431782106327635340e+01
1.170469991071962568e+01 1.486606874731850603e+01 1.603121954188139853e+01 1.315294643796590535e+01 1.824828759089465890e+01 2.408318915758459156e+01 2.302172886644267535e+01 3.114482300479487265e+01 0.000000000000000000e+00 2.701851217221259205e+01 1.649242250247064234e+01 7.071067811865475505e+00 1.303840481040529831e+01 8.944271909999159220e+00 1.004987562112088995e+01 1.992485884517127559e+01 2.545584412271571040e+01 1.442220510185595650e+01 1.811077027627483460e+01 1.772004514666934938e+01 2.236067977499789805e+00 6.082762530298219339e+00 1.486606874731850603e+01 2.334523505985750447e+01 1.992485884517127559e+01 1.802775637731994607e+01
2.570992026436488231e+01 2.617250465660480074e+01 1.676305461424021104e+01 1.700000000000000000e+01 2.402082429892862692e+01 5.099019513592784492e+00 4.472135954999579610e+00 4.472135954999579610e+00 2.701851217221259205e+01 0.000000000000000000e+00 2.158703314492290204e+01 2.416609194718914466e+01 1.969771560359220786e+01 2.469817807045693669e+01 2.308679276123039159e+01 2.308679276123039159e+01 3.162277660168379523e+00 1.392838827718411920e+01 1.529705854077835525e+01 1.264911064067351809e+01 2.483948469674844262e+01 2.282542442102665348e+01 3.157530680769388809e+01 2.570992026436488231e+01 2.707397274136176790e+01 1.118033988749894903e+01
2.500000000000000000e+01 2.765863337187866122e+01 5.000000000000000000e+00 6.708203932499369415e+00 2.906888370749726747e+01 2.200000000000000000e+01 1.726267650163206824e+01 2.596150997149434048e+01 1.649242250247064234e+01 2.158703314492290204e+01 0.000000000000000000e+00 2.024845673131658685e+01 4.242640687119284770e+00 8.000000000000000000e+00 2.202271554554523902e+01 3.605551275463989125e+00 2.209072203437452231e+01 1.788854381999831844e+01 6.324555320336759046e+00 9.055385138137417300e+00 1.486606874731850603e+01 1.802775637731994607e+01 3.001666203960726875e+01 3.360059523282288296e+01 3.182766092567909766e+01 1.992485884517127559e+01
5.000000000000000000e+00 8.062257748298549132e+00 1.802775637731994607e+01 1.486606874731850603e+01 1.118033988749894903e+01 2.024845673131658685e+01 2.088061301782110135e+01 2.778488797889960793e+01 7.071067811865475505e+00 2.416609194718914466e+01 2.024845673131658685e+01 0.000000000000000000e+00 1.612451549659709826e+01 1.421267040355189515e+01 3.000000000000000000e+00 2.385372088375312671e+01 2.195449840010014952e+01 1.029563014098700080e+01 1.964688270438849926e+01 1.811077027627483460e+01 6.708203932499369415e+00 2.236067977499789805e+00 9.848857801796103928e+00 1.627882059609970611e+01 1.300000000000000000e+01 1.360147050873544394e+01
2.080865204668481283e+01 2.343074902771996193e+01 3.605551275463989125e+00 3.000000000000000000e+00 2.483948469674844262e+01 1.923538406167134340e+01 1.523154621172781731e+01 2.416609194718914466e+01 1.303840481040529831e+01 1.969771560359220786e+01 4.242640687119284770e+00 1.612451549659709826e+01 0.000000000000000000e+00 5.830951894845300743e+00 1.780449381476485726e+01 7.810249675906653977e+00 1.964688270438849926e+01 1.392838827718411920e+01 5.830951894845300743e+00 7.211102550927978250e+00 1.118033988749894903e+01 1.389244398944980396e+01 2.594224354214569317e+01 2.941088233970548416e+01 2.758622844826744469e+01 1.627882059609970611e+01
1.920937271229854559e+01 2.220360331117451835e+01 9.433981132056603158e+00 7.810249675906653977e+00 2.459674775249768786e+01 2.340939982143925135e+01 2.024845673131658685e+01 2.915475947422650194e+01 8.944271909999159220e+00 2.469817807045693669e+01 8.000000000000000000e+00 1.421267040355189515e+01 5.830951894845300743e+00 0.000000000000000000e+00 1.664331697709323876e+01 1.118033988749894903e+01 2.416609194718914466e+01 1.600000000000000000e+01 1.166190378969060149e+01 1.272792206135785520e+01 7.810249675906653977e+00 1.220655561573370207e+01 2.343074902771996193e+01 2.954657340538831534e+01 2.692582403567251959e+01 1.910497317454279909e+01
3.162277660168379523e+00 5.656854249492380582e+00 1.923538406167134340e+01 1.612451549659709826e+01 8.246211251235321171e+00 1.878829422805593552e+01 2.022374841615668473e+01 2.640075756488817049e+01 1.004987562112088995e+01 2.308679276123039159e+01 2.202271554554523902e+01 3.000000000000000000e+00 1.780449381476485726e+01 1.664331697709323876e+01 0.000000000000000000e+00 2.561249694973139412e+01 2.061552812808830382e+01 9.219544457292887074e+00 2.061552812808830382e+01 1.868154169226940553e+01 9.486832980505138124e+00 4.472135954999579610e+00 9.055385138137417300e+00 1.334166406412633421e+01 1.029563014098700080e+01 1.208304597359457233e+01
2.860069929215018192e+01 3.124099870362661591e+01 7.615773105863908654e+00 1.000000000000000000e+01 3.255764119219941222e+01 2.418677324489564739e+01 1.900000000000000000e+01 2.729468812791236232e+01 1.992485884517127559e+01 2.308679276123039159e+01 3.605551275463989125e+00 2.385372088375312671e+01 7.810249675906653977e+00 1.118033988749894903e+01 2.561249694973139412e+01 0.000000000000000000e+00 2.402082429892862692e+01 2.109502310972898798e+01 8.062257748298549132e+00 1.118033988749894903e+01 1.838477631085023489e+01 2.163330765278393741e+01 3.361547262794321966e+01 3.701351104664349378e+01 3.535533905932737753e+01 2.284731931759172596e+01
2.308679276123039159e+01 2.334523505985750447e+01 1.711724276862369010e+01 1.676305461424021104e+01 2.100000000000000000e+01 2.000000000000000000e+00 5.099019513592784492e+00 5.830951894845300743e+00 2.545584412271571040e+01 3.162277660168379523e+00 2.209072203437452231e+01 2.195449840010014952e+01 1.964688270438849926e+01 2.416609194718914466e+01 2.061552812808830382e+01 2.402082429892862692e+01 0.000000000000000000e+00 1.166190378969060149e+01 1.600000000000000000e+01 1.303840481040529831e+01 2.334523505985750447e+01 2.080865204668481283e+01 2.886173937932362321e+01 2.256102834535695578e+01 2.402082429892862692e+01 8.544003745317530374e+00
1.204159457879229578e+01 1.315294643796590535e+01 1.360147050873544394e+01 1.118033988749894903e+01 1.252996408614166768e+01 1.000000000000000000e+01 1.104536101718726115e+01 1.749285568453590045e+01 1.442220510185595650e+01 1.392838827718411920e+01 1.788854381999831844e+01 1.029563014098700080e+01 1.392838827718411920e+01 1.600000000000000000e+01 9.219544457292887074e+00 2.109502310972898798e+01 1.166190378969060149e+01 0.000000000000000000e+00 1.414213562373095101e+01 1.140175425099137918e+01 1.252996408614166768e+01 9.219544457292887074e+00 1.802775637731994607e+01 1.627882059609970611e+01 1.565247584249852864e+01 3.605551275463989125e+00
2.376972864800942631e+01 2.594224354214569317e+01 2.236067977499789805e+00 5.000000000000000000e+00 2.640075756488817049e+01 1.612451549659709826e+01 1.104536101718726115e+01 1.964688270438849926e+01 1.811077027627483460e+01 1.529705854077835525e+01 6.324555320336759046e+00 1.964688270438849926e+01 5.830951894845300743e+00 1.166190378969060149e+01 2.061552812808830382e+01 8.062257748298549132e+00 1.600000000000000000e+01 1.414213562373095101e+01 0.000000000000000000e+00 3.162277660168379523e+00 1.603121954188139853e+01 1.746424919657297892e+01 2.941088233970548416e+01 3.041381265149109936e+01 2.941088233970548416e+01 1.526433752247374720e+01
2.184032966784155505e+01 2.376972864800942631e+01 4.123105625617660586e+00 5.000000000000000000e+00 2.385372088375312671e+01 1.303840481040529831e+01 8.246211251235321171e+00 1.708800749063506075e+01 1.772004514666934938e+01 1.264911064067351809e+01 9.055385138137417300e+00 1.811077027627483460e+01 7.211102550927978250e+00 1.272792206135785520e+01 1.868154169226940553e+01 1.118033988749894903e+01 1.303840481040529831e+01 1.140175425099137918e+01 3.162277660168379523e+00 0.000000000000000000e+00 1.552417469626002422e+01 1.603121954188139853e+01 2.765863337187866122e+01 2.765863337187866122e+01 2.692582403567251959e+01 1.220655561573370207e+01
1.166190378969060149e+01 1.476482306023340030e+01 1.400000000000000000e+01 1.104536101718726115e+01 1.772004514666934938e+01 2.202271554554523902e+01 2.080865204668481283e+01 2.900000000000000000e+01 2.236067977499789805e+00 2.483948469674844262e+01 1.486606874731850603e+01 6.708203932499369415e+00 1.118033988749894903e+01 7.810249675906653977e+00 9.486832980505138124e+00 1.838477631085023489e+01 2.334523505985750447e+01 1.252996408614166768e+01 1.603121954188139853e+01 1.552417469626002422e+01 0.000000000000000000e+00 5.099019513592784492e+00 1.562049935181330795e+01 2.280350850198275836e+01 1.969771560359220786e+01 1.612451549659709826e+01
7.071067811865475505e+00 1.000000000000000000e+01 1.581138830084189628e+01 1.264911064067351809e+01 1.264911064067351809e+01 1.920937271229854559e+01 1.931320791582796659e+01 2.662705391138869615e+01 6.082762530298219339e+00 2.282542442102665348e+01 1.802775637731994607e+01 2.236067977499789805e+00 1.389244398944980396e+01 1.220655561573370207e+01 4.472135954999579610e+00 2.163330765278393741e+01 2.080865204668481283e+01 9.219544457292887074e+00 1.746424919657297892e+01 1.603121954188139853e+01 5.099019513592784492e+00 0.000000000000000000e+00 1.208304597359457233e+01 1.772004514666934938e+01 1.476482306023340030e+01 1.272792206135785520e+01
6.000000000000000000e+00 5.830951894845300743e+00 2.785677655436823841e+01 2.469817807045693669e+01 9.899494936611665352e+00 2.692582403567251959e+01 2.906888370749726747e+01 3.448187929913333249e+01 1.486606874731850603e+01 3.157530680769388809e+01 3.001666203960726875e+01 9.848857801796103928e+00 2.594224354214569317e+01 2.343074902771996193e+01 9.055385138137417300e+00 3.361547262794321966e+01 2.886173937932362321e+01 1.802775637731994607e+01 2.941088233970548416e+01 2.765863337187866122e+01 1.562049935181330795e+01 1.208304597359457233e+01 0.000000000000000000e+00 1.341640786499873883e+01 8.944271909999159220e+00 2.039607805437113797e+01
1.200000000000000000e+01 9.055385138137417300e+00 2.973213749463701205e+01 2.701851217221259205e+01 5.099019513592784492e+00 2.061552812808830382e+01 2.507987240796890660e+01 2.707397274136176790e+01 2.334523505985750447e+01 2.570992026436488231e+01 3.360059523282288296e+01 1.627882059609970611e+01 2.941088233970548416e+01 2.954657340538831534e+01 1.334166406412633421e+01 3.701351104664349378e+01 2.256102834535695578e+01 1.627882059609970611e+01 3.041381265149109936e+01 2.765863337187866122e+01 2.280350850198275836e+01 1.772004514666934938e+01 1.341640786499873883e+01 0.000000000000000000e+00 4.472135954999579610e+00 1.612451549659709826e+01
8.246211251235321171e+00 5.099019513592784492e+00 2.842534080710379030e+01 2.549509756796392423e+01 3.162277660168379523e+00 2.202271554554523902e+01 2.570992026436488231e+01 2.906888370749726747e+01 1.992485884517127559e+01 2.707397274136176790e+01 3.182766092567909766e+01 1.300000000000000000e+01 2.758622844826744469e+01 2.692582403567251959e+01 1.029563014098700080e+01 3.535533905932737753e+01 2.402082429892862692e+01 1.565247584249852864e+01 2.941088233970548416e+01 2.692582403567251959e+01 1.969771560359220786e+01 1.476482306023340030e+01 8.944271909999159220e+00 4.472135954999579610e+00 0.000000000000000000e+00 1.649242250247064234e+01
1.456021977856103611e+01 1.503329637837290811e+01 1.523154621172781731e+01 1.334166406412633421e+01 1.334166406412633421e+01 6.708203932499369415e+00 9.219544457292887074e+00 1.431782106327635340e+01 1.802775637731994607e+01 1.118033988749894903e+01 1.992485884517127559e+01 1.360147050873544394e+01 1.627882059609970611e+01 1.910497317454279909e+01 1.208304597359457233e+01 2.284731931759172596e+01 8.544003745317530374e+00 3.605551275463989125e+00 1.526433752247374720e+01 1.220655561573370207e+01 1.612451549659709826e+01 1.272792206135785520e+01 2.039607805437113797e+01 1.612451549659709826e+01 1.649242250247064234e+01 0.000000000000000000e+00
