0.000000000000000000e+00 3.605551275463989214e+01 2.801785145224380003e+01 1.264911064067351809e+01 4.500000000000000000e+01 3.238826948140329165e+01 4.949747468305832854e+01 2.915475947422650194e+01 1.529705854077835525e+01 2.765863337187866122e+01 4.242640687119284770e+00 3.052867504494749440e+01 2.308679276123039159e+01 1.140175425099137918e+01 4.031128874149274566e+01 3.041381265149109936e+01 3.275667870831839679e+01 3.606937759374286401e+01 4.002499219237900263e+01 1.772004514666934938e+01 1.902629759044044633e+01 3.501428280002319582e+01 4.472135954999579610e+00 3.244996147917590434e+01 1.700000000000000000e+01 3.361547262794321966e+01 4.188078318274384770e+01 6.000000000000000000e+00 4.750789408087881327e+01
3.605551275463989214e+01 0.000000000000000000e+00 3.201562118716424266e+01 3.492849839314595783e+01 1.627882059609970611e+01 1.513274595042155646e+01 1.581138830084189628e+01 7.071067811865475505e+00 3.337663853655727308e+01 3.667424164178449786e+01 4.022437072223753063e+01 1.523154621172781731e+01 1.931320791582796659e+01 3.701351104664349378e+01 8.062257748298549132e+00 1.500000000000000000e+01 3.889730067755344578e+01 7.810249675906653977e+00 3.036445290137795183e+01 3.512833614050059339e+01 2.195449840010014952e+01 3.264965543462901820e+01 3.687817782917154830e+01 1.389244398944980396e+01 3.832753579347360073e+01 7.071067811865475505e+00 1.655294535724684835e+01 3.310589071449369669e+01 1.603121954188139853e+01
2.801785145224380003e+01 3.201562118716424266e+01 0.000000000000000000e+00 1.627882059609970611e+01 2.912043955712207222e+01 4.022437072223753063e+01 3.667424164178449786e+01 2.906888370749726747e+01 1.315294643796590535e+01 5.099019513592784492e+00 3.106444913401813324e+01 1.711724276862369010e+01 3.538361202590826338e+01 3.785498646149540036e+01 3.000000000000000000e+01 3.860051813123756403e+01 7.211102550927978250e+00 2.607680962081059661e+01 5.448853090330111115e+01 1.170469991071962568e+01 3.360059523282288296e+01 7.280109889280518054e+00 3.214031735997639316e+01 1.902629759044044633e+01 1.476482306023340030e+01 3.534119409414458346e+01 2.500000000000000000e+01 2.202271554554523902e+01 3.298484500494128469e+01
1.264911064067351809e+01 3.492849839314595783e+01 1.627882059609970611e+01 0.000000000000000000e+00 3.920459156782531807e+01 3.667424164178449786e+01 4.527692569068708650e+01 2.915475947422650194e+01 3.162277660168379523e+00 1.513274595042155646e+01 1.503329637837290811e+01 2.441311123146740414e+01 2.879236009777593708e+01 2.370653918225939449e+01 3.667424164178449786e+01 3.471310991541956525e+01 2.022374841615668473e+01 3.220248437620923454e+01 4.785394445602159408e+01 5.099019513592784492e+00 2.549509756796392423e+01 2.353720459187963954e+01 1.708800749063506075e+01 2.662705391138869615e+01 5.000000000000000000e+00 3.501428280002319582e+01 3.546829570193639825e+01 7.211102550927978250e+00 4.243819034784588951e+01
4.500000000000000000e+01 1.627882059609970611e+01 2.912043955712207222e+01 3.920459156782531807e+01 0.000000000000000000e+00 3.140063693621516450e+01 8.062257748298549132e+00 2.109502310972898798e+01 3.661966684720110976e+01 3.420526275297414287e+01 4.920365840057017692e+01 1.486606874731850603e+01 3.423448553724738019e+01 4.924428900898052319e+01 8.246211251235321171e+00 3.114482300479487265e+01 3.423448553724738019e+01 1.019803902718556898e+01 4.657252408878007088e+01 3.721558813185679071e+01 3.590264614203248072e+01 2.601922366251537611e+01 4.716990566028302112e+01 1.272792206135785520e+01 4.081666326391709987e+01 2.334523505985750447e+01 4.123105625617660586e+00 4.036087214122112954e+01 4.000000000000000000e+00
3.238826948140329165e+01 1.513274595042155646e+01 4.022437072223753063e+01 3.667424164178449786e+01 3.140063693621516450e+01 0.000000000000000000e+00 3.014962686336266984e+01 1.220655561573370207e+01 3.640054944640259293e+01 4.390899680020029905e+01 3.590264614203248072e+01 2.640075756488817049e+01 9.486832980505138124e+00 2.865309756378880479e+01 2.319482700948640286e+01 2.000000000000000000e+00 4.743416490252568707e+01 2.213594362117865444e+01 1.565247584249852864e+01 3.889730067755344578e+01 1.360147050873544394e+01 4.313930922024598402e+01 3.132091952673165025e+01 2.607680962081059661e+01 4.123105625617660763e+01 8.062257748298549132e+00 3.132091952673165025e+01 3.201562118716424266e+01 3.101612483854164637e+01
4.949747468305832854e+01 1.581138830084189628e+01 3.667424164178449786e+01 4.527692569068708650e+01 8.062257748298549132e+00 3.014962686336266984e+01 0.000000000000000000e+00 2.236067977499789805e+01 4.294182110716777601e+01 4.177319714841084419e+01 5.374011537017761242e+01 2.102379604162863913e+01 3.511409973215887703e+01 5.215361924162119323e+01 9.219544457292887074e+00 3.041381265149109936e+01 4.210700654285459876e+01 1.345362404707370985e+01 4.418144406874904462e+01 4.386342439892261780e+01 3.757658845611187104e+01 3.400000000000000000e+01 5.108815909777920439e+01 1.878829422805593552e+01 4.742362280551750331e+01 2.236067977499789805e+01 1.200000000000000000e+01 4.545327270945404763e+01 4.123105625617660586e+00
2.915475947422650194e+01 7.071067811865475505e+00 2.906888370749726747e+01 2.915475947422650194e+01 2.109502310972898798e+01 1.220655561573370207e+01 2.236067977499789805e+01 0.000000000000000000e+00 2.800000000000000000e+01 3.324154027718932269e+01 3.328663395418647752e+01 1.421267040355189515e+01 1.315294643796590535e+01 3.000000000000000000e+01 1.360147050873544394e+01 1.118033988749894903e+01 3.623534186398687496e+01 1.100000000000000000e+01 2.778488797889960793e+01 3.006659275674581622e+01 1.523154621172781731e+01 3.124099870362661591e+01 2.983286778035259701e+01 1.389244398944980396e+01 3.300000000000000000e+01 6.324555320336759046e+00 2.009975124224177989e+01 2.657066051117284644e+01 2.184032966784155505e+01
1.529705854077835525e+01 3.337663853655727308e+01 1.315294643796590535e+01 3.162277660168379523e+00 3.661966684720110976e+01 3.640054944640259293e+01 4.294182110716777601e+01 2.800000000000000000e+01 0.000000000000000000e+00 1.236931687685298087e+01 1.800000000000000000e+01 2.195449840010014952e+01 2.906888370749726747e+01 2.600000000000000000e+01 3.453983207834108526e+01 3.448187929913333249e+01 1.746424919657297892e+01 3.008321791298264714e+01 4.837354648979129479e+01 2.828427124746190291e+00 2.607680962081059661e+01 2.039607805437113797e+01 1.964688270438849926e+01 2.418677324489564739e+01 5.000000000000000000e+00 3.405877273185280529e+01 3.280243893371345365e+01 9.486832980505138124e+00 3.996248240537617136e+01
2.765863337187866122e+01 3.667424164178449786e+01 5.099019513592784492e+00 1.513274595042155646e+01 3.420526275297414287e+01 4.390899680020029905e+01 4.177319714841084419e+01 3.324154027718932269e+01 1.236931687685298087e+01 0.000000000000000000e+00 3.014962686336266984e+01 2.202271554554523902e+01 3.828837943815329226e+01 3.827531841800927737e+01 3.501428280002319582e+01 4.219004621945797595e+01 5.099019513592784492e+00 3.101612483854164637e+01 5.762811813689563678e+01 1.004987562112088995e+01 3.606937759374286401e+01 1.063014581273464998e+01 3.201562118716424266e+01 2.400000000000000000e+01 1.216552506059643868e+01 3.956008088970496317e+01 3.008321791298264714e+01 2.184032966784155505e+01 3.807886552931954327e+01
4.242640687119284770e+00 4.022437072223753063e+01 3.106444913401813324e+01 1.503329637837290811e+01 4.920365840057017692e+01 3.590264614203248072e+01 5.374011537017761242e+01 3.328663395418647752e+01 1.800000000000000000e+01 3.014962686336266984e+01 0.000000000000000000e+00 3.466987164671942878e+01 2.647640458974745314e+01 1.166190378969060149e+01 4.455333881989092504e+01 3.395585369269929288e+01 3.522782990761707111e+01 4.031128874149274566e+01 4.242640687119285303e+01 2.009975124224177989e+01 2.236067977499789805e+01 3.820994634908559817e+01 5.099019513592784492e+00 3.661966684720110976e+01 1.868154169226940553e+01 3.757658845611187104e+01 4.604345773288535071e+01 9.486832980505138124e+00 5.173973328110611902e+01
3.052867504494749440e+01 1.523154621172781731e+01 1.711724276862369010e+01 2.441311123146740414e+01 1.486606874731850603e+01 2.640075756488817049e+01 2.102379604162863913e+01 1.421267040355189515e+01 2.195449840010014952e+01 2.202271554554523902e+01 3.466987164671942878e+01 0.000000000000000000e+00 2.500000000000000000e+01 3.613862199918530393e+01 1.315294643796590535e+01 2.523885892824792521e+01 2.376972864800942631e+01 9.000000000000000000e+00 4.188078318274384770e+01 2.284731931759172596e+01 2.517935662402834396e+01 1.749285568453590045e+01 3.310589071449369669e+01 2.236067977499789805e+00 2.640075756488817049e+01 1.984943324127920761e+01 1.140175425099137918e+01 2.561249694973139412e+01 1.802775637731994607e+01
2.308679276123039159e+01 1.931320791582796659e+01 3.538361202590826338e+01 2.879236009777593708e+01 3.423448553724738019e+01 9.486832980505138124e+00 3.511409973215887703e+01 1.315294643796590535e+01 2.906888370749726747e+01 3.828837943815329226e+01 2.647640458974745314e+01 2.500000000000000000e+01 0.000000000000000000e+00 1.941648783894759944e+01 2.668332812825266842e+01 7.615773105863908654e+00 4.242640687119285303e+01 2.408318915758459156e+01 1.941648783894759944e+01 3.176476034853718033e+01 4.123105625617660586e+00 3.966106403010387993e+01 2.184032966784155505e+01 2.549509756796392423e+01 3.361547262794321966e+01 1.360147050873544394e+01 3.300000000000000000e+01 2.334523505985750447e+01 3.492849839314595783e+01
1.140175425099137918e+01 3.701351104664349378e+01 3.785498646149540036e+01 2.370653918225939449e+01 4.924428900898052319e+01 2.865309756378880479e+01 5.215361924162119323e+01 3.000000000000000000e+01 2.600000000000000000e+01 3.827531841800927737e+01 1.166190378969060149e+01 3.613862199918530393e+01 1.941648783894759944e+01 0.000000000000000000e+00 4.304648650006176780e+01 2.692582403567251959e+01 4.332435804486893716e+01 3.935733730830885690e+01 3.200000000000000000e+01 2.863564212655270680e+01 1.562049935181330795e+01 4.440720662234903671e+01 7.071067811865475505e+00 3.764306044943742080e+01 2.830194339616981125e+01 3.255764119219941222e+01 4.681879964287850271e+01 1.655294535724684835e+01 5.100000000000000000e+01
4.031128874149274566e+01 8.062257748298549132e+00 3.000000000000000000e+01 3.667424164178449786e+01 8.246211251235321171e+00 2.319482700948640286e+01 9.219544457292887074e+00 1.360147050873544394e+01 3.453983207834108526e+01 3.501428280002319582e+01 4.455333881989092504e+01 1.315294643796590535e+01 2.668332812825266842e+01 4.304648650006176780e+01 0.000000000000000000e+00 2.302172886644267535e+01 3.622154055254966920e+01 4.472135954999579610e+00 3.832753579347360073e+01 3.573513677041127323e+01 2.879236009777593708e+01 2.886173937932362321e+01 4.186884283091664116e+01 1.104536101718726115e+01 3.921734310225515685e+01 1.513274595042155646e+01 9.219544457292887074e+00 3.640054944640259293e+01 8.246211251235321171e+00
3.041381265149109936e+01 1.500000000000000000e+01 3.860051813123756403e+01 3.471310991541956525e+01 3.114482300479487265e+01 2.000000000000000000e+00 3.041381265149109936e+01 1.118033988749894903e+01 3.448187929913333249e+01 4.219004621945797595e+01 3.395585369269929288e+01 2.523885892824792521e+01 7.615773105863908654e+00 2.692582403567251959e+01 2.302172886644267535e+01 0.000000000000000000e+00 4.580392996239514503e+01 2.158703314492290204e+01 1.664331697709323876e+01 3.700000000000000000e+01 1.170469991071962568e+01 4.172529209005013229e+01 2.941088233970548416e+01 2.505992817228333536e+01 3.929376540877699853e+01 8.062257748298549132e+00 3.080584360149872580e+01 3.001666203960726875e+01 3.101612483854164637e+01
3.275667870831839679e+01 3.889730067755344578e+01 7.211102550927978250e+00 2.022374841615668473e+01 3.423448553724738019e+01 4.743416490252568707e+01 4.210700654285459876e+01 3.623534186398687496e+01 1.746424919657297892e+01 5.099019513592784492e+00 3.522782990761707111e+01 2.376972864800942631e+01 4.242640687119285303e+01 4.332435804486893716e+01 3.622154055254966920e+01 4.580392996239514503e+01 0.000000000000000000e+00 3.255764119219941222e+01 6.161980201201558316e+01 1.513274595042155646e+01 4.045985664828781836e+01 8.544003745317530374e+00 3.710795063055894616e+01 2.549509756796392423e+01 1.702938636592640265e+01 4.248529157249600274e+01 3.014962686336266984e+01 2.692582403567251959e+01 3.820994634908559817e+01
3.606937759374286401e+01 7.810249675906653977e+00 2.607680962081059661e+01 3.220248437620923454e+01 1.019803902718556898e+01 2.213594362117865444e+01 1.345362404707370985e+01 1.100000000000000000e+01 3.008321791298264714e+01 3.101612483854164637e+01 4.031128874149274566e+01 9.000000000000000000e+00 2.408318915758459156e+01 3.935733730830885690e+01 4.472135954999579610e+00 2.158703314492290204e+01 3.255764119219941222e+01 0.000000000000000000e+00 3.769615364994152884e+01 3.132091952673165025e+01 2.570992026436488231e+01 2.563201123595259290e+01 3.780211634287159939e+01 7.071067811865475505e+00 3.478505426185217431e+01 1.431782106327635340e+01 9.219544457292887074e+00 3.201562118716424266e+01 1.166190378969060149e+01
4.002499219237900263e+01 3.036445290137795183e+01 5.448853090330111115e+01 4.785394445602159408e+01 4.657252408878007088e+01 1.565247584249852864e+01 4.418144406874904462e+01 2.778488797889960793e+01 4.837354648979129479e+01 5.762811813689563678e+01 4.242640687119285303e+01 4.188078318274384770e+01 1.941648783894759944e+01 3.200000000000000000e+01 3.832753579347360073e+01 1.664331697709323876e+01 6.161980201201558316e+01 3.769615364994152884e+01 0.000000000000000000e+00 5.110772935672255102e+01 2.236067977499789805e+01 5.813776741499453493e+01 3.733630940518894192e+01 4.167733196834941367e+01 5.277309920783504538e+01 2.340939982143925135e+01 4.681879964287850271e+01 4.178516483155235761e+01 4.570557952810575841e+01
1.772004514666934938e+01 3.512833614050059339e+01 1.170469991071962568e+01 5.099019513592784492e+00 3.721558813185679071e+01 3.889730067755344578e+01 4.386342439892261780e+01 3.006659275674581622e+01 2.828427124746190291e+00 1.004987562112088995e+01 2.009975124224177989e+01 2.284731931759172596e+01 3.176476034853718033e+01 2.863564212655270680e+01 3.573513677041127323e+01 3.700000000000000000e+01 1.513274595042155646e+01 3.132091952673165025e+01 5.110772935672255102e+01 0.000000000000000000e+00 2.884441020371191300e+01 1.897366596101027625e+01 2.213594362117865444e+01 2.507987240796890660e+01 3.605551275463989125e+00 3.622154055254966920e+01 3.328663395418647752e+01 1.208304597359457233e+01 4.070626487409523975e+01
1.902629759044044633e+01 2.195449840010014952e+01 3.360059523282288296e+01 2.549509756796392423e+01 3.590264614203248072e+01 1.360147050873544394e+01 3.757658845611187104e+01 1.523154621172781731e+01 2.607680962081059661e+01 3.606937759374286401e+01 2.236067977499789805e+01 2.517935662402834396e+01 4.123105625617660586e+00 1.562049935181330795e+01 2.879236009777593708e+01 1.170469991071962568e+01 4.045985664828781836e+01 2.570992026436488231e+01 2.236067977499789805e+01 2.884441020371191300e+01 0.000000000000000000e+00 3.847076812334268681e+01 1.772004514666934938e+01 2.601922366251537611e+01 3.041381265149109936e+01 1.697056274847713908e+01 3.423448553724738019e+01 1.964688270438849926e+01 3.700000000000000000e+01
3.501428280002319582e+01 3.264965543462901820e+01 7.280109889280518054e+00 2.353720459187963954e+01 2.601922366251537611e+01 4.313930922024598402e+01 3.400000000000000000e+01 3.124099870362661591e+01 2.039607805437113797e+01 1.063014581273464998e+01 3.820994634908559817e+01 1.749285568453590045e+01 3.966106403010387993e+01 4.440720662234903671e+01 2.886173937932362321e+01 4.172529209005013229e+01 8.544003745317530374e+00 2.563201123595259290e+01 5.813776741499453493e+01 1.897366596101027625e+01 3.847076812334268681e+01 0.000000000000000000e+00 3.901281840626231912e+01 1.878829422805593552e+01 2.193171219946130890e+01 3.720215047547655018e+01 2.200000000000000000e+01 2.901723625709381693e+01 3.001666203960726875e+01
4.472135954999579610e+00 3.687817782917154830e+01 3.214031735997639316e+01 1.708800749063506075e+01 4.716990566028302112e+01 3.132091952673165025e+01 5.108815909777920439e+01 2.983286778035259701e+01 1.964688270438849926e+01 3.201562118716424266e+01 5.099019513592784492e+00 3.310589071449369669e+01 2.184032966784155505e+01 7.071067811865475505e+00 4.186884283091664116e+01 2.941088233970548416e+01 3.710795063055894616e+01 3.780211634287159939e+01 3.733630940518894192e+01 2.213594362117865444e+01 1.772004514666934938e+01 3.901281840626231912e+01 0.000000000000000000e+00 3.488552708502481892e+01 2.147091055358388800e+01 3.361547262794321966e+01 4.429446918070020445e+01 1.019803902718556898e+01 4.940647730814249883e+01
3.244996147917590434e+01 1.389244398944980396e+01 1.902629759044044633e+01 2.662705391138869615e+01 1.272792206135785520e+01 2.607680962081059661e+01 1.878829422805593552e+01 1.389244398944980396e+01 2.418677324489564739e+01 2.400000000000000000e+01 3.661966684720110976e+01 2.236067977499789805e+00 2.549509756796392423e+01 3.764306044943742080e+01 1.104536101718726115e+01 2.505992817228333536e+01 2.549509756796392423e+01 7.071067811865475505e+00 4.167733196834941367e+01 2.507987240796890660e+01 2.601922366251537611e+01 1.878829422805593552e+01 3.488552708502481892e+01 0.000000000000000000e+00 2.863564212655270680e+01 1.910497317454279909e+01 9.433981132056603158e+00 2.765863337187866122e+01 1.581138830084189628e+01
1.700000000000000000e+01 3.832753579347360073e+01 1.476482306023340030e+01 5.000000000000000000e+00 4.081666326391709987e+01 4.123105625617660763e+01 4.742362280551750331e+01 3.300000000000000000e+01 5.000000000000000000e+00 1.216552506059643868e+01 1.868154169226940553e+01 2.640075756488817049e+01 3.361547262794321966e+01 2.830194339616981125e+01 3.921734310225515685e+01 3.929376540877699853e+01 1.702938636592640265e+01 3.478505426185217431e+01 5.277309920783504538e+01 3.605551275463989125e+00 3.041381265149109936e+01 2.193171219946130890e+01 2.147091055358388800e+01 2.863564212655270680e+01 0.000000000000000000e+00 3.905124837953326988e+01 3.689173349139343117e+01 1.204159457879229578e+01 4.429446918070020445e+01
3.361547262794321966e+01 7.071067811865475505e+00 3.534119409414458346e+01 3.501428280002319582e+01 2.334523505985750447e+01 8.062257748298549132e+00 2.236067977499789805e+01 6.324555320336759046e+00 3.405877273185280529e+01 3.956008088970496317e+01 3.757658845611187104e+01 1.984943324127920761e+01 1.360147050873544394e+01 3.255764119219941222e+01 1.513274595042155646e+01 8.062257748298549132e+00 4.248529157249600274e+01 1.431782106327635340e+01 2.340939982143925135e+01 3.622154055254966920e+01 1.697056274847713908e+01 3.720215047547655018e+01 3.361547262794321966e+01 1.910497317454279909e+01 3.905124837953326988e+01 0.000000000000000000e+00 2.340939982143925135e+01 3.178049716414140846e+01 2.300000000000000000e+01
4.188078318274384770e+01 1.655294535724684835e+01 2.500000000000000000e+01 3.546829570193639825e+01 4.123105625617660586e+00 3.132091952673165025e+01 1.200000000000000000e+01 2.009975124224177989e+01 3.280243893371345365e+01 3.008321791298264714e+01 4.604345773288535071e+01 1.140175425099137918e+01 3.300000000000000000e+01 4.681879964287850271e+01 9.219544457292887074e+00 3.080584360149872580e+01 3.014962686336266984e+01 9.219544457292887074e+00 4.681879964287850271e+01 3.328663395418647752e+01 3.423448553724738019e+01 2.200000000000000000e+01 4.429446918070020445e+01 9.433981132056603158e+00 3.689173349139343117e+01 2.340939982143925135e+01 0.000000000000000000e+00 3.701351104664349378e+01 8.062257748298549132e+00
6.000000000000000000e+00 3.310589071449369669e+01 2.202271554554523902e+01 7.211102550927978250e+00 4.036087214122112954e+01 3.201562118716424266e+01 4.545327270945404763e+01 2.657066051117284644e+01 9.486832980505138124e+00 2.184032966784155505e+01 9.486832980505138124e+00 2.561249694973139412e+01 2.334523505985750447e+01 1.655294535724684835e+01 3.640054944640259293e+01 3.001666203960726875e+01 2.692582403567251959e+01 3.201562118716424266e+01 4.178516483155235761e+01 1.208304597359457233e+01 1.964688270438849926e+01 2.901723625709381693e+01 1.019803902718556898e+01 2.765863337187866122e+01 1.204159457879229578e+01 3.178049716414140846e+01 3.701351104664349378e+01 0.000000000000000000e+00 4.313930922024598402e+01
4.750789408087881327e+01 1.603121954188139853e+01 3.298484500494128469e+01 4.243819034784588951e+01 4.000000000000000000e+00 3.101612483854164637e+01 4.123105625617660586e+00 2.184032966784155505e+01 3.996248240537617136e+01 3.807886552931954327e+01 5.173973328110611902e+01 1.802775637731994607e+01 3.492849839314595783e+01 5.100000000000000000e+01 8.246211251235321171e+00 3.101612483854164637e+01 3.820994634908559817e+01 1.166190378969060149e+01 4.570557952810575841e+01 4.070626487409523975e+01 3.700000000000000000e+01 3.001666203960726875e+01 4.940647730814249883e+01 1.581138830084189628e+01 4.429446918070020445e+01 2.300000000000000000e+01 8.062257748298549132e+00 4.313930922024598402e+01 0.000000000000000000e+00
