0.000000000000000000e+00 1.860107523773827509e+01 1.360147050873544394e+01 2.523885892824792521e+01 1.702938636592640265e+01 2.647640458974745314e+01 2.451530134426252516e+01 9.433981132056603158e+00 4.123105625617660586e+00 2.828427124746190291e+00 1.140175425099137918e+01 8.062257748298549132e+00 1.345362404707370985e+01 2.059126028197400160e+01 1.526433752247374720e+01 4.242640687119284770e+00 3.162277660168379523e+00 1.403566884761819900e+01 1.442220510185595650e+01 1.979898987322333070e+01 2.102379604162863913e+01 2.325940669922601600e+01
1.860107523773827509e+01 0.000000000000000000e+00 2.886173937932362321e+01 3.612478373637688378e+01 3.538361202590826338e+01 4.401136216933077350e+01 3.945883931389771959e+01 2.022374841615668473e+01 1.486606874731850603e+01 1.923538406167134340e+01 2.973213749463701205e+01 1.941648783894759944e+01 2.402082429892862692e+01 3.301514803843835466e+01 3.383784863137726262e+01 1.969771560359220786e+01 1.788854381999831844e+01 1.431782106327635340e+01 2.716615541441224835e+01 3.162277660168379523e+00 3.944616584663204151e+01 4.167733196834941367e+01
1.360147050873544394e+01 2.886173937932362321e+01 0.000000000000000000e+00 1.280624847486569706e+01 1.711724276862369010e+01 1.581138830084189628e+01 1.104536101718726115e+01 8.944271909999159220e+00 1.726267650163206824e+01 1.118033988749894903e+01 1.431782106327635340e+01 9.486832980505138124e+00 7.211102550927978250e+00 7.810249675906653977e+00 1.200000000000000000e+01 1.004987562112088995e+01 1.204159457879229578e+01 1.720465053408525335e+01 4.123105625617660586e+00 2.879236009777593708e+01 1.431782106327635340e+01 1.612451549659709826e+01
2.523885892824792521e+01 3.612478373637688378e+01 1.280624847486569706e+01 0.000000000000000000e+00 2.879236009777593708e+01 1.964688270438849926e+01 9.486832980505138124e+00 1.708800749063506075e+01 2.817800560721074277e+01 2.247220505424423109e+01 2.692582403567251959e+01 1.838477631085023489e+01 1.264911064067351809e+01 5.000000000000000000e+00 2.340939982143925135e+01 2.109502310972898798e+01 2.282542442102665348e+01 2.200000000000000000e+01 1.081665382639196871e+01 3.500000000000000000e+01 2.308679276123039159e+01 2.400000000000000000e+01
1.702938636592640265e+01 3.538361202590826338e+01 1.711724276862369010e+01 2.879236009777593708e+01 0.000000000000000000e+00 1.700000000000000000e+01 2.220360331117451835e+01 2.184032966784155505e+01 2.051828452868319275e+01 1.749285568453590045e+01 5.656854249492380582e+00 2.118962010041709121e+01 2.308679276123039159e+01 2.404163056034261459e+01 5.385164807134503739e+00 1.788854381999831844e+01 1.886796226411320632e+01 2.954657340538831534e+01 2.102379604162863913e+01 3.679673898594819548e+01 8.944271909999159220e+00 1.044030650891055068e+01
2.647640458974745314e+01 4.401136216933077350e+01 1.581138830084189628e+01 1.964688270438849926e+01 1.700000000000000000e+01 0.000000000000000000e+00 1.019803902718556898e+01 2.469817807045693669e+01 3.059411708155671050e+01 2.500000000000000000e+01 1.941648783894759944e+01 2.505992817228333536e+01 2.267156809750926882e+01 1.700000000000000000e+01 1.334166406412633421e+01 2.435159132377184221e+01 2.624880949681337583e+01 3.301514803843835466e+01 1.910497317454279909e+01 4.428317965096906050e+01 8.062257748298549132e+00 7.071067811865475505e+00
2.451530134426252516e+01 3.945883931389771959e+01 1.104536101718726115e+01 9.486832980505138124e+00 2.220360331117451835e+01 1.019803902718556898e+01 0.000000000000000000e+00 1.923538406167134340e+01 2.828427124746190202e+01 2.220360331117451835e+01 2.202271554554523902e+01 2.009975124224177989e+01 1.581138830084189628e+01 7.810249675906653977e+00 1.702938636592640265e+01 2.109502310972898798e+01 2.308679276123039159e+01 2.657066051117284644e+01 1.236931687685298087e+01 3.905124837953326988e+01 1.486606874731850603e+01 1.529705854077835525e+01
9.433981132056603158e+00 2.022374841615668473e+01 8.944271909999159220e+00 1.708800749063506075e+01 2.184032966784155505e+01 2.469817807045693669e+01 1.923538406167134340e+01 0.000000000000000000e+00 1.140175425099137918e+01 6.708203932499369415e+00 1.711724276862369010e+01 1.414213562373095145e+00 4.472135954999579610e+00 1.315294643796590535e+01 1.788854381999831844e+01 5.385164807134503739e+00 6.403124237432848531e+00 8.485281374238569541e+00 7.000000000000000000e+00 1.992485884517127559e+01 2.202271554554523902e+01 2.408318915758459156e+01
4.123105625617660586e+00 1.486606874731850603e+01 1.726267650163206824e+01 2.817800560721074277e+01 2.051828452868319275e+01 3.059411708155671050e+01 2.828427124746190202e+01 1.140175425099137918e+01 0.000000000000000000e+00 6.082762530298219339e+00 1.486606874731850603e+01 1.000000000000000000e+01 1.581138830084189628e+01 2.376972864800942631e+01 1.923538406167134340e+01 7.280109889280518054e+00 5.385164807134503739e+00 1.334166406412633421e+01 1.746424919657297892e+01 1.640121946685672683e+01 2.507987240796890660e+01 2.731300056749532601e+01
2.828427124746190291e+00 1.923538406167134340e+01 1.118033988749894903e+01 2.247220505424423109e+01 1.749285568453590045e+01 2.500000000000000000e+01 2.220360331117451835e+01 6.708203932499369415e+00 6.082762530298219339e+00 0.000000000000000000e+00 1.208304597359457233e+01 5.385164807134503739e+00 1.063014581273464998e+01 1.788854381999831844e+01 1.486606874731850603e+01 1.414213562373095145e+00 1.414213562373095145e+00 1.236931687685298087e+01 1.166190378969060149e+01 2.000000000000000000e+01 2.024845673131658685e+01 2.247220505424423109e+01
1.140175425099137918e+01 2.973213749463701205e+01 1.431782106327635340e+01 2.692582403567251959e+01 5.656854249492380582e+00 1.941648783894759944e+01 2.202271554554523902e+01 1.711724276862369010e+01 1.486606874731850603e+01 1.208304597359457233e+01 0.000000000000000000e+00 1.627882059609970611e+01 1.910497317454279909e+01 2.195449840010014952e+01 6.082762530298219339e+00 1.264911064067351809e+01 1.341640786499873883e+01 2.435159132377184221e+01 1.772004514666934938e+01 3.114482300479487265e+01 1.200000000000000000e+01 1.403566884761819900e+01
8.062257748298549132e+00 1.941648783894759944e+01 9.486832980505138124e+00 1.838477631085023489e+01 2.118962010041709121e+01 2.505992817228333536e+01 2.009975124224177989e+01 1.414213562373095145e+00 1.000000000000000000e+01 5.385164807134503739e+00 1.627882059609970611e+01 0.000000000000000000e+00 5.830951894845300743e+00 1.431782106327635340e+01 1.749285568453590045e+01 4.123105625617660586e+00 5.000000000000000000e+00 8.602325267042626677e+00 8.062257748298549132e+00 1.931320791582796659e+01 2.193171219946130890e+01 2.404163056034261459e+01
1.345362404707370985e+01 2.402082429892862692e+01 7.211102550927978250e+00 1.264911064067351809e+01 2.308679276123039159e+01 2.267156809750926882e+01 1.581138830084189628e+01 4.472135954999579610e+00 1.581138830084189628e+01 1.063014581273464998e+01 1.910497317454279909e+01 5.830951894845300743e+00 0.000000000000000000e+00 9.000000000000000000e+00 1.843908891458577415e+01 9.219544457292887074e+00 1.063014581273464998e+01 1.077032961426900748e+01 3.605551275463989125e+00 2.334523505985750447e+01 2.147091055358388800e+01 2.332380757938120297e+01
2.059126028197400160e+01 3.301514803843835466e+01 7.810249675906653977e+00 5.000000000000000000e+00 2.404163056034261459e+01 1.700000000000000000e+01 7.810249675906653977e+00 1.315294643796590535e+01 2.376972864800942631e+01 1.788854381999831844e+01 2.195449840010014952e+01 1.431782106327635340e+01 9.000000000000000000e+00 0.000000000000000000e+00 1.868154169226940553e+01 1.655294535724684835e+01 1.838477631085023489e+01 1.941648783894759944e+01 6.324555320336759046e+00 3.224903099319419653e+01 1.902629759044044633e+01 2.022374841615668473e+01
1.526433752247374720e+01 3.383784863137726262e+01 1.200000000000000000e+01 2.340939982143925135e+01 5.385164807134503739e+00 1.334166406412633421e+01 1.702938636592640265e+01 1.788854381999831844e+01 1.923538406167134340e+01 1.486606874731850603e+01 6.082762530298219339e+00 1.749285568453590045e+01 1.843908891458577415e+01 1.868154169226940553e+01 0.000000000000000000e+00 1.486606874731850603e+01 1.627882059609970611e+01 2.607680962081059661e+01 1.603121954188139853e+01 3.482814953453599571e+01 6.082762530298219339e+00 8.246211251235321171e+00
4.242640687119284770e+00 1.969771560359220786e+01 1.004987562112088995e+01 2.109502310972898798e+01 1.788854381999831844e+01 2.435159132377184221e+01 2.109502310972898798e+01 5.385164807134503739e+00 7.280109889280518054e+00 1.414213562373095145e+00 1.264911064067351809e+01 4.123105625617660586e+00 9.219544457292887074e+00 1.655294535724684835e+01 1.486606874731850603e+01 0.000000000000000000e+00 2.000000000000000000e+00 1.170469991071962568e+01 1.029563014098700080e+01 2.024845673131658685e+01 2.000000000000000000e+01 2.220360331117451835e+01
3.162277660168379523e+00 1.788854381999831844e+01 1.204159457879229578e+01 2.282542442102665348e+01 1.886796226411320632e+01 2.624880949681337583e+01 2.308679276123039159e+01 6.403124237432848531e+00 5.385164807134503739e+00 1.414213562373095145e+00 1.341640786499873883e+01 5.000000000000000000e+00 1.063014581273464998e+01 1.838477631085023489e+01 1.627882059609970611e+01 2.000000000000000000e+00 0.000000000000000000e+00 1.118033988749894903e+01 1.208304597359457233e+01 1.860107523773827509e+01 2.163330765278393741e+01 2.385372088375312671e+01
1.403566884761819900e+01 1.431782106327635340e+01 1.720465053408525335e+01 2.200000000000000000e+01 2.954657340538831534e+01 3.301514803843835466e+01 2.657066051117284644e+01 8.485281374238569541e+00 1.334166406412633421e+01 1.236931687685298087e+01 2.435159132377184221e+01 8.602325267042626677e+00 1.077032961426900748e+01 1.941648783894759944e+01 2.607680962081059661e+01 1.170469991071962568e+01 1.118033988749894903e+01 0.000000000000000000e+00 1.431782106327635340e+01 1.300000000000000000e+01 3.047950130825634218e+01 3.255764119219941222e+01
1.442220510185595650e+01 2.716615541441224835e+01 4.123105625617660586e+00 1.081665382639196871e+01 2.102379604162863913e+01 1.910497317454279909e+01 1.236931687685298087e+01 7.000000000000000000e+00 1.746424919657297892e+01 1.166190378969060149e+01 1.772004514666934938e+01 8.062257748298549132e+00 3.605551275463989125e+00 6.324555320336759046e+00 1.603121954188139853e+01 1.029563014098700080e+01 1.208304597359457233e+01 1.431782106327635340e+01 0.000000000000000000e+00 2.668332812825266842e+01 1.838477631085023489e+01 2.012461179749810825e+01
1.979898987322333070e+01 3.162277660168379523e+00 2.879236009777593708e+01 3.500000000000000000e+01 3.679673898594819548e+01 4.428317965096906050e+01 3.905124837953326988e+01 1.992485884517127559e+01 1.640121946685672683e+01 2.000000000000000000e+01 3.114482300479487265e+01 1.931320791582796659e+01 2.334523505985750447e+01 3.224903099319419653e+01 3.482814953453599571e+01 2.024845673131658685e+01 1.860107523773827509e+01 1.300000000000000000e+01 2.668332812825266842e+01 0.000000000000000000e+00 4.022437072223753063e+01 4.243819034784588951e+01
2.102379604162863913e+01 3.944616584663204151e+01 1.431782106327635340e+01 2.308679276123039159e+01 8.944271909999159220e+00 8.062257748298549132e+00 1.486606874731850603e+01 2.202271554554523902e+01 2.507987240796890660e+01 2.024845673131658685e+01 1.200000000000000000e+01 2.193171219946130890e+01 2.147091055358388800e+01 1.902629759044044633e+01 6.082762530298219339e+00 2.000000000000000000e+01 2.163330765278393741e+01 3.047950130825634218e+01 1.838477631085023489e+01 4.022437072223753063e+01 0.000000000000000000e+00 2.236067977499789805e+00
2.325940669922601600e+01 4.167733196834941367e+01 1.612451549659709826e+01 2.400000000000000000e+01 1.044030650891055068e+01 7.071067811865475505e+00 1.529705854077835525e+01 2.408318915758459156e+01 2.731300056749532601e+01 2.247220505424423109e+01 1.403566884761819900e+01 2.404163056034261459e+01 2.332380757938120297e+01 2.022374841615668473e+01 8.246211251235321171e+00 2.220360331117451835e+01 2.385372088375312671e+01 3.255764119219941222e+01 2.012461179749810825e+01 4.243819034784588951e+01 2.236067977499789805e+00 0.000000000000000000e+00
