0.000000000000000000e+00 7.211102550927978250e+00 3.590264614203248072e+01 3.401470270338990076e+01 3.257299494980465937e+01 2.617250465660480074e+01 3.601388621073821383e+01 3.224903099319419653e+01 2.701851217221259205e+01 2.570992026436488231e+01 2.720294101747088789e+01 2.459674775249768786e+01 2.118962010041709121e+01 3.395585369269929288e+01 2.517935662402834396e+01 2.863564212655270680e+01 2.701851217221259205e+01 2.915475947422650194e+01 3.920459156782531807e+01 3.962322551231790158e+01 1.835755975068581947e+01 2.284731931759172596e+01 1.118033988749894903e+01 4.060788100849390503e+01 1.334166406412633421e+01 3.827531841800927737e+01 3.820994634908559817e+01 3.889730067755344578e+01
7.211102550927978250e+00 0.000000000000000000e+00 3.138470965295043058e+01 2.816025568065744622e+01 2.865309756378880479e+01 2.002498439450078749e+01 3.014962686336266984e+01 2.807133769523639799e+01 2.404163056034261459e+01 2.147091055358388800e+01 2.059126028197400160e+01 2.193171219946130890e+01 1.431782106327635340e+01 2.729468812791236232e+01 2.284731931759172596e+01 2.416609194718914466e+01 2.121320343559642652e+01 2.353720459187963954e+01 3.201562118716424266e+01 3.264965543462901820e+01 1.640121946685672683e+01 1.984943324127920761e+01 7.810249675906653977e+00 3.573513677041127323e+01 1.726267650163206824e+01 3.106444913401813324e+01 3.111269837220809009e+01 3.488552708502481892e+01
3.590264614203248072e+01 3.138470965295043058e+01 0.000000000000000000e+00 4.429446918070020445e+01 4.472135954999579610e+00 1.421267040355189515e+01 9.055385138137417300e+00 5.060632371551997721e+01 5.020956084253276686e+01 1.019803902718556898e+01 3.551056180912940619e+01 1.334166406412633421e+01 2.121320343559642652e+01 1.612451549659709826e+01 5.032891812864647818e+01 7.280109889280518054e+00 1.204159457879229578e+01 4.243819034784588951e+01 3.224903099319419653e+01 3.785498646149540036e+01 1.902629759044044633e+01 1.403566884761819900e+01 2.473863375370596174e+01 5.099019513592784492e+00 3.238826948140329165e+01 2.915475947422650194e+01 3.471310991541956525e+01 4.472135954999579610e+00
3.401470270338990076e+01 2.816025568065744622e+01 4.429446918070020445e+01 0.000000000000000000e+00 4.438468204234429493e+01 3.046309242345563462e+01 3.720215047547655018e+01 1.004987562112088995e+01 1.552417469626002422e+01 3.860051813123756403e+01 9.219544457292887074e+00 4.275511665286389729e+01 2.473863375370596174e+01 2.983286778035259701e+01 1.802775637731994607e+01 3.956008088970496317e+01 3.269556544854363267e+01 5.000000000000000000e+00 1.838477631085023489e+01 1.315294643796590535e+01 4.004996878900157498e+01 4.060788100849390503e+01 3.313608305156178346e+01 4.604345773288535071e+01 4.535416188179426911e+01 2.059126028197400160e+01 1.486606874731850603e+01 4.876474136094643796e+01
3.257299494980465937e+01 2.865309756378880479e+01 4.472135954999579610e+00 4.438468204234429493e+01 0.000000000000000000e+00 1.392838827718411920e+01 1.208304597359457233e+01 4.992995093127971273e+01 4.891829923454003648e+01 7.211102550927978250e+00 3.534119409414458346e+01 9.055385138137417300e+00 2.024845673131658685e+01 1.811077027627483460e+01 4.879549159502340672e+01 5.000000000000000000e+00 1.170469991071962568e+01 4.205948168962618183e+01 3.400000000000000000e+01 3.920459156782531807e+01 1.503329637837290811e+01 1.004987562112088995e+01 2.154065922853801496e+01 9.486832980505138124e+00 2.816025568065744622e+01 3.101612483854164637e+01 3.612478373637688378e+01 6.324555320336759046e+00
2.617250465660480074e+01 2.002498439450078749e+01 1.421267040355189515e+01 3.046309242345563462e+01 1.392838827718411920e+01 0.000000000000000000e+00 1.019803902718556898e+01 3.640054944640259293e+01 3.612478373637688378e+01 9.055385138137417300e+00 2.147091055358388800e+01 1.456021977856103611e+01 7.211102550927978250e+00 8.602325267042626677e+00 3.640054944640259293e+01 9.219544457292887074e+00 2.236067977499789805e+00 2.830194339616981125e+01 2.158703314492290204e+01 2.601922366251537611e+01 1.562049935181330795e+01 1.300000000000000000e+01 1.581138830084189628e+01 1.720465053408525335e+01 2.801785145224380003e+01 1.897366596101027625e+01 2.308679276123039159e+01 1.860107523773827509e+01
3.601388621073821383e+01 3.014962686336266984e+01 9.055385138137417300e+00 3.720215047547655018e+01 1.208304597359457233e+01 1.019803902718556898e+01 0.000000000000000000e+00 4.455333881989092504e+01 4.522167621838005402e+01 1.303840481040529831e+01 2.900000000000000000e+01 1.843908891458577415e+01 1.708800749063506075e+01 7.615773105863908654e+00 4.579301256742124338e+01 1.063014581273464998e+01 9.000000000000000000e+00 3.606937759374286401e+01 2.353720459187963954e+01 2.941088233970548416e+01 2.236067977499789805e+01 1.802775637731994607e+01 2.517935662402834396e+01 8.944271909999159220e+00 3.584689665786984136e+01 2.039607805437113797e+01 2.624880949681337583e+01 1.303840481040529831e+01
3.224903099319419653e+01 2.807133769523639799e+01 5.060632371551997721e+01 1.004987562112088995e+01 4.992995093127971273e+01 3.640054944640259293e+01 4.455333881989092504e+01 0.000000000000000000e+00 7.071067811865475505e+00 4.341658669218482203e+01 1.562049935181330795e+01 4.661544808322666000e+01 2.968164415931165934e+01 3.764306044943742080e+01 9.899494936611665352e+00 4.494441010848846219e+01 3.860051813123756403e+01 8.602325267042626677e+00 2.816025568065744622e+01 2.319482700948640286e+01 4.272001872658765365e+01 4.438468204234429493e+01 3.471310991541956525e+01 5.307541803886239506e+01 4.501110973970759943e+01 3.008321791298264714e+01 2.473863375370596174e+01 5.500000000000000000e+01
2.701851217221259205e+01 2.404163056034261459e+01 5.020956084253276686e+01 1.552417469626002422e+01 4.891829923454003648e+01 3.612478373637688378e+01 4.522167621838005402e+01 7.071067811865475505e+00 0.000000000000000000e+00 4.201190307520000999e+01 1.772004514666934938e+01 4.441846462902562109e+01 2.900000000000000000e+01 3.894868418830089496e+01 2.828427124746190291e+00 4.393176527297759293e+01 3.820994634908559817e+01 1.200000000000000000e+01 3.214031735997639316e+01 2.807133769523639799e+01 3.981205847478876336e+01 4.219004621945797595e+01 3.138470965295043058e+01 5.326349594234309848e+01 4.019950248448355978e+01 3.354101966249684352e+01 2.901723625709381693e+01 5.445181356024792763e+01
2.570992026436488231e+01 2.147091055358388800e+01 1.019803902718556898e+01 3.860051813123756403e+01 7.211102550927978250e+00 9.055385138137417300e+00 1.303840481040529831e+01 4.341658669218482203e+01 4.201190307520000999e+01 0.000000000000000000e+00 2.941088233970548416e+01 5.830951894845300743e+00 1.392838827718411920e+01 1.612451549659709826e+01 4.177319714841084419e+01 3.000000000000000000e+00 7.280109889280518054e+00 3.584689665786984136e+01 3.059411708155671050e+01 3.505709628591620941e+01 9.486832980505138124e+00 5.000000000000000000e+00 1.456021977856103611e+01 1.503329637837290811e+01 2.308679276123039159e+01 2.789265136196270589e+01 3.214031735997639316e+01 1.341640786499873883e+01
2.720294101747088789e+01 2.059126028197400160e+01 3.551056180912940619e+01 9.219544457292887074e+00 3.534119409414458346e+01 2.147091055358388800e+01 2.900000000000000000e+01 1.562049935181330795e+01 1.772004514666934938e+01 2.941088233970548416e+01 0.000000000000000000e+00 3.354101966249684352e+01 1.552417469626002422e+01 2.202271554554523902e+01 1.923538406167134340e+01 3.046309242345563462e+01 2.370653918225939449e+01 7.071067811865475505e+00 1.513274595042155646e+01 1.303840481040529831e+01 3.100000000000000000e+01 3.140063693621516450e+01 2.451530134426252516e+01 3.764306044943742080e+01 3.733630940518894192e+01 1.603121954188139853e+01 1.264911064067351809e+01 3.996248240537617136e+01
2.459674775249768786e+01 2.193171219946130890e+01 1.334166406412633421e+01 4.275511665286389729e+01 9.055385138137417300e+00 1.456021977856103611e+01 1.843908891458577415e+01 4.661544808322666000e+01 4.441846462902562109e+01 5.830951894845300743e+00 3.354101966249684352e+01 0.000000000000000000e+00 1.811077027627483460e+01 2.195449840010014952e+01 4.382921400162225467e+01 7.810249675906653977e+00 1.300000000000000000e+01 3.956008088970496317e+01 3.613862199918530393e+01 4.031128874149274566e+01 6.324555320336759046e+00 2.236067977499789805e+00 1.421267040355189515e+01 1.843908891458577415e+01 1.910497317454279909e+01 3.352610922848042208e+01 3.748332962798262713e+01 1.503329637837290811e+01
2.118962010041709121e+01 1.431782106327635340e+01 2.121320343559642652e+01 2.473863375370596174e+01 2.024845673131658685e+01 7.211102550927978250e+00 1.708800749063506075e+01 2.968164415931165934e+01 2.900000000000000000e+01 1.392838827718411920e+01 1.552417469626002422e+01 1.811077027627483460e+01 0.000000000000000000e+00 1.303840481040529831e+01 2.920616373302046753e+01 1.526433752247374720e+01 9.219544457292887074e+00 2.193171219946130890e+01 2.024845673131658685e+01 2.308679276123039159e+01 1.649242250247064234e+01 1.603121954188139853e+01 1.272792206135785520e+01 2.441311123146740414e+01 2.624880949681337583e+01 1.843908891458577415e+01 2.061552812808830382e+01 2.549509756796392423e+01
3.395585369269929288e+01 2.729468812791236232e+01 1.612451549659709826e+01 2.983286778035259701e+01 1.811077027627483460e+01 8.602325267042626677e+00 7.615773105863908654e+00 3.764306044943742080e+01 3.894868418830089496e+01 1.612451549659709826e+01 2.202271554554523902e+01 2.195449840010014952e+01 1.303840481040529831e+01 0.000000000000000000e+00 3.981205847478876336e+01 1.486606874731850603e+01 9.219544457292887074e+00 2.906888370749726747e+01 1.612451549659709826e+01 2.184032966784155505e+01 2.404163056034261459e+01 2.080865204668481283e+01 2.416609194718914466e+01 1.655294535724684835e+01 3.661966684720110976e+01 1.303840481040529831e+01 1.868154169226940553e+01 2.039607805437113797e+01
2.517935662402834396e+01 2.284731931759172596e+01 5.032891812864647818e+01 1.802775637731994607e+01 4.879549159502340672e+01 3.640054944640259293e+01 4.579301256742124338e+01 9.899494936611665352e+00 2.828427124746190291e+00 4.177319714841084419e+01 1.923538406167134340e+01 4.382921400162225467e+01 2.920616373302046753e+01 3.981205847478876336e+01 0.000000000000000000e+00 4.384062043356594529e+01 3.841874542459709119e+01 1.414213562373095101e+01 3.401470270338990076e+01 3.026549190084311292e+01 3.894868418830089496e+01 4.161730409336962566e+01 3.041381265149109936e+01 5.360037313302958495e+01 3.847076812334268681e+01 3.522782990761707111e+01 3.101612483854164637e+01 5.448853090330111115e+01
2.863564212655270680e+01 2.416609194718914466e+01 7.280109889280518054e+00 3.956008088970496317e+01 5.000000000000000000e+00 9.219544457292887074e+00 1.063014581273464998e+01 4.494441010848846219e+01 4.393176527297759293e+01 3.000000000000000000e+00 3.046309242345563462e+01 7.810249675906653977e+00 1.526433752247374720e+01 1.486606874731850603e+01 4.384062043356594529e+01 0.000000000000000000e+00 7.071067811865475505e+00 3.712142238654116966e+01 3.014962686336266984e+01 3.501428280002319582e+01 1.236931687685298087e+01 7.615773105863908654e+00 1.746424919657297892e+01 1.204159457879229578e+01 2.596150997149434048e+01 2.729468812791236232e+01 3.200000000000000000e+01 1.081665382639196871e+01
2.701851217221259205e+01 2.121320343559642652e+01 1.204159457879229578e+01 3.269556544854363267e+01 1.170469991071962568e+01 2.236067977499789805e+00 9.000000000000000000e+00 3.860051813123756403e+01 3.820994634908559817e+01 7.280109889280518054e+00 2.370653918225939449e+01 1.300000000000000000e+01 9.219544457292887074e+00 9.219544457292887074e+00 3.841874542459709119e+01 7.071067811865475505e+00 0.000000000000000000e+00 3.052867504494749440e+01 2.334523505985750447e+01 2.800000000000000000e+01 1.486606874731850603e+01 1.166190378969060149e+01 1.627882059609970611e+01 1.526433752247374720e+01 2.778488797889960793e+01 2.061552812808830382e+01 2.501999200639360765e+01 1.640121946685672683e+01
2.915475947422650194e+01 2.353720459187963954e+01 4.243819034784588951e+01 5.000000000000000000e+00 4.205948168962618183e+01 2.830194339616981125e+01 3.606937759374286401e+01 8.602325267042626677e+00 1.200000000000000000e+01 3.584689665786984136e+01 7.071067811865475505e+00 3.956008088970496317e+01 2.193171219946130890e+01 2.906888370749726747e+01 1.414213562373095101e+01 3.712142238654116966e+01 3.052867504494749440e+01 0.000000000000000000e+00 2.022374841615668473e+01 1.612451549659709826e+01 3.634556369077249371e+01 3.736308338453881106e+01 2.900000000000000000e+01 4.468780594300866227e+01 4.079215610874227593e+01 2.184032966784155505e+01 1.702938636592640265e+01 4.687216658103186262e+01
3.920459156782531807e+01 3.201562118716424266e+01 3.224903099319419653e+01 1.838477631085023489e+01 3.400000000000000000e+01 2.158703314492290204e+01 2.353720459187963954e+01 2.816025568065744622e+01 3.214031735997639316e+01 3.059411708155671050e+01 1.513274595042155646e+01 3.613862199918530393e+01 2.024845673131658685e+01 1.612451549659709826e+01 3.401470270338990076e+01 3.014962686336266984e+01 2.334523505985750447e+01 2.022374841615668473e+01 0.000000000000000000e+00 6.403124237432848531e+00 3.624913792078371699e+01 3.448187929913333249e+01 3.280243893371345365e+01 3.228002478313794654e+01 4.640043103248072498e+01 3.162277660168379523e+00 3.605551275463989125e+00 3.649657518178931781e+01
3.962322551231790158e+01 3.264965543462901820e+01 3.785498646149540036e+01 1.315294643796590535e+01 3.920459156782531807e+01 2.601922366251537611e+01 2.941088233970548416e+01 2.319482700948640286e+01 2.807133769523639799e+01 3.505709628591620941e+01 1.303840481040529831e+01 4.031128874149274566e+01 2.308679276123039159e+01 2.184032966784155505e+01 3.026549190084311292e+01 3.501428280002319582e+01 2.800000000000000000e+01 1.612451549659709826e+01 6.403124237432848531e+00 0.000000000000000000e+00 3.956008088970496317e+01 3.847076812334268681e+01 3.488552708502481892e+01 3.827531841800927737e+01 4.837354648979129479e+01 9.433981132056603158e+00 3.162277660168379523e+00 4.220189569201838253e+01
1.835755975068581947e+01 1.640121946685672683e+01 1.902629759044044633e+01 4.004996878900157498e+01 1.503329637837290811e+01 1.562049935181330795e+01 2.236067977499789805e+01 4.272001872658765365e+01 3.981205847478876336e+01 9.486832980505138124e+00 3.100000000000000000e+01 6.324555320336759046e+00 1.649242250247064234e+01 2.404163056034261459e+01 3.894868418830089496e+01 1.236931687685298087e+01 1.486606874731850603e+01 3.634556369077249371e+01 3.624913792078371699e+01 3.956008088970496317e+01 0.000000000000000000e+00 5.000000000000000000e+00 8.602325267042626677e+00 2.408318915758459156e+01 1.360147050873544394e+01 3.400000000000000000e+01 3.700000000000000000e+01 2.121320343559642652e+01
2.284731931759172596e+01 1.984943324127920761e+01 1.403566884761819900e+01 4.060788100849390503e+01 1.004987562112088995e+01 1.300000000000000000e+01 1.802775637731994607e+01 4.438468204234429493e+01 4.219004621945797595e+01 5.000000000000000000e+00 3.140063693621516450e+01 2.236067977499789805e+00 1.603121954188139853e+01 2.080865204668481283e+01 4.161730409336962566e+01 7.615773105863908654e+00 1.166190378969060149e+01 3.736308338453881106e+01 3.448187929913333249e+01 3.847076812334268681e+01 5.000000000000000000e+00 0.000000000000000000e+00 1.220655561573370207e+01 1.910497317454279909e+01 1.843908891458577415e+01 3.195309061734091571e+01 3.569313659514949677e+01 1.627882059609970611e+01
1.118033988749894903e+01 7.810249675906653977e+00 2.473863375370596174e+01 3.313608305156178346e+01 2.154065922853801496e+01 1.581138830084189628e+01 2.517935662402834396e+01 3.471310991541956525e+01 3.138470965295043058e+01 1.456021977856103611e+01 2.451530134426252516e+01 1.421267040355189515e+01 1.272792206135785520e+01 2.416609194718914466e+01 3.041381265149109936e+01 1.746424919657297892e+01 1.627882059609970611e+01 2.900000000000000000e+01 3.280243893371345365e+01 3.488552708502481892e+01 8.602325267042626677e+00 1.220655561573370207e+01 0.000000000000000000e+00 2.942787793912432193e+01 1.360147050873544394e+01 3.114482300479487265e+01 3.275667870831839679e+01 2.785677655436823841e+01
4.060788100849390503e+01 3.573513677041127323e+01 5.099019513592784492e+00 4.604345773288535071e+01 9.486832980505138124e+00 1.720465053408525335e+01 8.944271909999159220e+00 5.307541803886239506e+01 5.326349594234309848e+01 1.503329637837290811e+01 3.764306044943742080e+01 1.843908891458577415e+01 2.441311123146740414e+01 1.655294535724684835e+01 5.360037313302958495e+01 1.204159457879229578e+01 1.526433752247374720e+01 4.468780594300866227e+01 3.228002478313794654e+01 3.827531841800927737e+01 2.408318915758459156e+01 1.910497317454279909e+01 2.942787793912432193e+01 0.000000000000000000e+00 3.748332962798262713e+01 2.912043955712207222e+01 3.511409973215887703e+01 5.830951894845300743e+00
1.334166406412633421e+01 1.726267650163206824e+01 3.238826948140329165e+01 4.535416188179426911e+01 2.816025568065744622e+01 2.801785145224380003e+01 3.584689665786984136e+01 4.501110973970759943e+01 4.019950248448355978e+01 2.308679276123039159e+01 3.733630940518894192e+01 1.910497317454279909e+01 2.624880949681337583e+01 3.661966684720110976e+01 3.847076812334268681e+01 2.596150997149434048e+01 2.778488797889960793e+01 4.079215610874227593e+01 4.640043103248072498e+01 4.837354648979129479e+01 1.360147050873544394e+01 1.843908891458577415e+01 1.360147050873544394e+01 3.748332962798262713e+01 0.000000000000000000e+00 4.468780594300866227e+01 4.632493928760187885e+01 3.401470270338990076e+01
3.827531841800927737e+01 3.106444913401813324e+01 2.915475947422650194e+01 2.059126028197400160e+01 3.101612483854164637e+01 1.897366596101027625e+01 2.039607805437113797e+01 3.008321791298264714e+01 3.354101966249684352e+01 2.789265136196270589e+01 1.603121954188139853e+01 3.352610922848042208e+01 1.843908891458577415e+01 1.303840481040529831e+01 3.522782990761707111e+01 2.729468812791236232e+01 2.061552812808830382e+01 2.184032966784155505e+01 3.162277660168379523e+00 9.433981132056603158e+00 3.400000000000000000e+01 3.195309061734091571e+01 3.114482300479487265e+01 2.912043955712207222e+01 4.468780594300866227e+01 0.000000000000000000e+00 6.403124237432848531e+00 3.337663853655727308e+01
3.820994634908559817e+01 3.111269837220809009e+01 3.471310991541956525e+01 1.486606874731850603e+01 3.612478373637688378e+01 2.308679276123039159e+01 2.624880949681337583e+01 2.473863375370596174e+01 2.901723625709381693e+01 3.214031735997639316e+01 1.264911064067351809e+01 3.748332962798262713e+01 2.061552812808830382e+01 1.868154169226940553e+01 3.101612483854164637e+01 3.200000000000000000e+01 2.501999200639360765e+01 1.702938636592640265e+01 3.605551275463989125e+00 3.162277660168379523e+00 3.700000000000000000e+01 3.569313659514949677e+01 3.275667870831839679e+01 3.511409973215887703e+01 4.632493928760187885e+01 6.403124237432848531e+00 0.000000000000000000e+00 3.905124837953326988e+01
3.889730067755344578e+01 3.488552708502481892e+01 4.472135954999579610e+00 4.876474136094643796e+01 6.324555320336759046e+00 1.860107523773827509e+01 1.303840481040529831e+01 5.500000000000000000e+01 5.445181356024792763e+01 1.341640786499873883e+01 3.996248240537617136e+01 1.503329637837290811e+01 2.549509756796392423e+01 2.039607805437113797e+01 5.448853090330111115e+01 1.081665382639196871e+01 1.640121946685672683e+01 4.687216658103186262e+01 3.649657518178931781e+01 4.220189569201838253e+01 2.121320343559642652e+01 1.627882059609970611e+01 2.785677655436823841e+01 5.830951894845300743e+00 3.401470270338990076e+01 3.337663853655727308e+01 3.905124837953326988e+01 0.000000000000000000e+00
