0.000000000000000000e+00 1.897366596101027625e+01 2.154065922853801496e+01 1.236931687685298087e+01 1.702938636592640265e+01 8.944271909999159220e+00 2.570992026436488231e+01 2.282542442102665348e+01 3.000000000000000000e+01 3.190611226708763226e+01 2.404163056034261459e+01 1.303840481040529831e+01 1.720465053408525335e+01 1.044030650891055068e+01 3.008321791298264714e+01 2.451530134426252516e+01 2.332380757938120297e+01 1.170469991071962568e+01 1.431782106327635340e+01 3.206243908376279705e+01 2.607680962081059661e+01 1.360147050873544394e+01 2.549509756796392423e+01 1.140175425099137918e+01
1.897366596101027625e+01 0.000000000000000000e+00 2.828427124746190291e+00 3.014962686336266984e+01 5.099019513592784492e+00 1.019803902718556898e+01 3.324154027718932269e+01 2.692582403567251959e+01 3.000000000000000000e+01 1.421267040355189515e+01 1.392838827718411920e+01 2.024845673131658685e+01 2.912043955712207222e+01 2.193171219946130890e+01 1.780449381476485726e+01 6.082762530298219339e+00 1.811077027627483460e+01 2.256102834535695578e+01 1.389244398944980396e+01 1.456021977856103611e+01 1.131370849898476116e+01 1.565247584249852864e+01 1.104536101718726115e+01 9.055385138137417300e+00
2.154065922853801496e+01 2.828427124746190291e+00 0.000000000000000000e+00 3.238826948140329165e+01 7.615773105863908654e+00 1.264911064067351809e+01 3.584689665786984136e+01 2.941088233970548416e+01 3.206243908376279705e+01 1.140175425099137918e+01 1.529705854077835525e+01 2.158703314492290204e+01 3.059411708155671050e+01 2.475883680627989492e+01 1.835755975068581947e+01 5.000000000000000000e+00 2.000000000000000000e+01 2.418677324489564739e+01 1.486606874731850603e+01 1.341640786499873883e+01 1.166190378969060149e+01 1.835755975068581947e+01 9.055385138137417300e+00 1.104536101718726115e+01
1.236931687685298087e+01 3.014962686336266984e+01 3.238826948140329165e+01 0.000000000000000000e+00 2.906888370749726747e+01 2.002498439450078749e+01 3.328663395418647752e+01 3.252691193458118590e+01 4.036087214122112954e+01 4.143669871020131978e+01 3.640054944640259293e+01 1.486606874731850603e+01 1.118033988749894903e+01 1.984943324127920761e+01 4.244997055358224713e+01 3.605551275463989214e+01 3.534119409414458346e+01 1.131370849898476116e+01 2.059126028197400160e+01 4.401136216933077350e+01 3.832753579347360073e+01 2.549509756796392423e+01 3.401470270338990076e+01 2.137755832643194864e+01
1.702938636592640265e+01 5.099019513592784492e+00 7.615773105863908654e+00 2.906888370749726747e+01 0.000000000000000000e+00 9.486832980505138124e+00 2.823118842698620767e+01 2.184032966784155505e+01 2.501999200639360765e+01 1.886796226411320632e+01 1.000000000000000000e+01 2.163330765278393741e+01 2.996664812754339380e+01 1.780449381476485726e+01 1.500000000000000000e+01 8.062257748298549132e+00 1.334166406412633421e+01 2.325940669922601600e+01 1.627882059609970611e+01 1.503329637837290811e+01 9.486832980505138124e+00 1.081665382639196871e+01 1.612451549659709826e+01 1.000000000000000000e+01
8.944271909999159220e+00 1.019803902718556898e+01 1.264911064067351809e+01 2.002498439450078749e+01 9.486832980505138124e+00 0.000000000000000000e+00 2.906888370749726747e+01 2.418677324489564739e+01 2.973213749463701205e+01 2.302172886644267535e+01 1.860107523773827509e+01 1.272792206135785520e+01 2.059126028197400160e+01 1.486606874731850603e+01 2.418677324489564739e+01 1.603121954188139853e+01 2.000000000000000000e+01 1.389244398944980396e+01 9.219544457292887074e+00 2.408318915758459156e+01 1.897366596101027625e+01 1.236931687685298087e+01 1.702938636592640265e+01 3.162277660168379523e+00
2.570992026436488231e+01 3.324154027718932269e+01 3.584689665786984136e+01 3.328663395418647752e+01 2.823118842698620767e+01 2.906888370749726747e+01 0.000000000000000000e+00 7.071067811865475505e+00 1.204159457879229578e+01 4.695742752749558235e+01 2.475883680627989492e+01 3.863935817272331263e+01 4.215447781671598193e+01 1.529705854077835525e+01 2.860069929215018192e+01 3.498571136907180090e+01 1.910497317454279909e+01 3.736308338453881106e+01 3.800000000000000000e+01 3.748332962798262713e+01 3.047950130825634218e+01 1.772004514666934938e+01 4.396589587396121601e+01 3.214031735997639316e+01
2.282542442102665348e+01 2.692582403567251959e+01 2.941088233970548416e+01 3.252691193458118590e+01 2.184032966784155505e+01 2.418677324489564739e+01 7.071067811865475505e+00 0.000000000000000000e+00 8.062257748298549132e+00 4.031128874149274566e+01 1.769180601295413169e+01 3.511409973215887703e+01 3.996248240537617136e+01 1.280624847486569706e+01 2.163330765278393741e+01 2.817800560721074277e+01 1.204159457879229578e+01 3.443835071544512516e+01 3.337663853655727308e+01 3.041381265149109936e+01 2.343074902771996193e+01 1.200000000000000000e+01 3.785498646149540036e+01 2.707397274136176790e+01
3.000000000000000000e+01 3.000000000000000000e+01 3.206243908376279705e+01 4.036087214122112954e+01 2.501999200639360765e+01 2.973213749463701205e+01 1.204159457879229578e+01 8.062257748298549132e+00 0.000000000000000000e+00 4.197618372363071160e+01 1.772004514666934938e+01 4.159326868617084472e+01 4.720169488482378739e+01 2.051828452868319275e+01 1.941648783894759944e+01 2.961418578992169515e+01 1.216552506059643868e+01 4.134005321718877468e+01 3.889730067755344578e+01 2.952964612046680060e+01 2.340939982143925135e+01 1.746424919657297892e+01 4.101219330881975367e+01 3.228002478313794654e+01
3.190611226708763226e+01 1.421267040355189515e+01 1.140175425099137918e+01 4.143669871020131978e+01 1.886796226411320632e+01 2.302172886644267535e+01 4.695742752749558235e+01 4.031128874149274566e+01 4.197618372363071160e+01 0.000000000000000000e+00 2.433105012119287736e+01 2.828427124746190202e+01 3.712142238654116966e+01 3.612478373637688378e+01 2.507987240796890660e+01 1.236931687685298087e+01 2.983286778035259701e+01 3.157530680769388809e+01 2.137755832643194864e+01 1.581138830084189628e+01 1.902629759044044633e+01 2.968164415931165934e+01 8.000000000000000000e+00 2.059126028197400160e+01
2.404163056034261459e+01 1.392838827718411920e+01 1.529705854077835525e+01 3.640054944640259293e+01 1.000000000000000000e+01 1.860107523773827509e+01 2.475883680627989492e+01 1.769180601295413169e+01 1.772004514666934938e+01 2.433105012119287736e+01 0.000000000000000000e+00 3.124099870362661591e+01 3.911521443121588959e+01 2.022374841615668473e+01 6.082762530298219339e+00 1.204159457879229578e+01 5.830951894845300743e+00 3.244996147917590434e+01 2.624880949681337583e+01 1.272792206135785520e+01 5.830951894845300743e+00 1.204159457879229578e+01 2.433105012119287736e+01 1.979898987322333070e+01
1.303840481040529831e+01 2.024845673131658685e+01 2.158703314492290204e+01 1.486606874731850603e+01 2.163330765278393741e+01 1.272792206135785520e+01 3.863935817272331263e+01 3.511409973215887703e+01 4.159326868617084472e+01 2.828427124746190202e+01 3.124099870362661591e+01 0.000000000000000000e+00 9.055385138137417300e+00 2.334523505985750447e+01 3.661966684720110976e+01 2.624880949681337583e+01 3.264965543462901820e+01 3.605551275463989125e+00 7.000000000000000000e+00 3.478505426185217431e+01 3.088689042296100240e+01 2.418677324489564739e+01 2.039607805437113797e+01 1.166190378969060149e+01
1.720465053408525335e+01 2.912043955712207222e+01 3.059411708155671050e+01 1.118033988749894903e+01 2.996664812754339380e+01 2.059126028197400160e+01 4.215447781671598193e+01 3.996248240537617136e+01 4.720169488482378739e+01 3.712142238654116966e+01 3.911521443121588959e+01 9.055385138137417300e+00 0.000000000000000000e+00 2.729468812791236232e+01 4.477722635447621968e+01 3.517101079013794873e+01 3.969886648255841521e+01 6.708203932499369415e+00 1.603121954188139853e+01 4.368065933568311010e+01 3.939543120718441571e+01 3.041381265149109936e+01 2.915475947422650194e+01 2.024845673131658685e+01
1.044030650891055068e+01 2.193171219946130890e+01 2.475883680627989492e+01 1.984943324127920761e+01 1.780449381476485726e+01 1.486606874731850603e+01 1.529705854077835525e+01 1.280624847486569706e+01 2.051828452868319275e+01 3.612478373637688378e+01 2.022374841615668473e+01 2.334523505985750447e+01 2.729468812791236232e+01 0.000000000000000000e+00 2.607680962081059661e+01 2.580697580112788003e+01 1.711724276862369010e+01 2.213594362117865444e+01 2.319482700948640286e+01 3.138470965295043058e+01 2.435159132377184221e+01 8.246211251235321171e+00 3.138470965295043058e+01 1.802775637731994607e+01
3.008321791298264714e+01 1.780449381476485726e+01 1.835755975068581947e+01 4.244997055358224713e+01 1.500000000000000000e+01 2.418677324489564739e+01 2.860069929215018192e+01 2.163330765278393741e+01 1.941648783894759944e+01 2.507987240796890660e+01 6.082762530298219339e+00 3.661966684720110976e+01 4.477722635447621968e+01 2.607680962081059661e+01 0.000000000000000000e+00 1.392838827718411920e+01 9.848857801796103928e+00 3.807886552931954327e+01 3.114482300479487265e+01 1.044030650891055068e+01 6.708203932499369415e+00 1.800000000000000000e+01 2.692582403567251959e+01 2.500000000000000000e+01
2.451530134426252516e+01 6.082762530298219339e+00 5.000000000000000000e+00 3.605551275463989214e+01 8.062257748298549132e+00 1.603121954188139853e+01 3.498571136907180090e+01 2.817800560721074277e+01 2.961418578992169515e+01 1.236931687685298087e+01 1.204159457879229578e+01 2.624880949681337583e+01 3.517101079013794873e+01 2.580697580112788003e+01 1.392838827718411920e+01 0.000000000000000000e+00 1.746424919657297892e+01 2.863564212655270680e+01 1.969771560359220786e+01 8.544003745317530374e+00 7.280109889280518054e+00 1.838477631085023489e+01 1.300000000000000000e+01 1.513274595042155646e+01
2.332380757938120297e+01 1.811077027627483460e+01 2.000000000000000000e+01 3.534119409414458346e+01 1.334166406412633421e+01 2.000000000000000000e+01 1.910497317454279909e+01 1.204159457879229578e+01 1.216552506059643868e+01 2.983286778035259701e+01 5.830951894845300743e+00 3.264965543462901820e+01 3.969886648255841521e+01 1.711724276862369010e+01 9.848857801796103928e+00 1.746424919657297892e+01 0.000000000000000000e+00 3.324154027718932269e+01 2.865309756378880479e+01 1.843908891458577415e+01 1.166190378969060149e+01 9.848857801796103928e+00 2.901723625709381693e+01 2.195449840010014952e+01
1.170469991071962568e+01 2.256102834535695578e+01 2.418677324489564739e+01 1.131370849898476116e+01 2.325940669922601600e+01 1.389244398944980396e+01 3.736308338453881106e+01 3.443835071544512516e+01 4.134005321718877468e+01 3.157530680769388809e+01 3.244996147917590434e+01 3.605551275463989125e+00 6.708203932499369415e+00 2.213594362117865444e+01 3.807886552931954327e+01 2.863564212655270680e+01 3.324154027718932269e+01 0.000000000000000000e+00 1.019803902718556898e+01 3.710795063055894616e+01 3.269556544854363267e+01 2.420743687382040932e+01 2.376972864800942631e+01 1.360147050873544394e+01
1.431782106327635340e+01 1.389244398944980396e+01 1.486606874731850603e+01 2.059126028197400160e+01 1.627882059609970611e+01 9.219544457292887074e+00 3.800000000000000000e+01 3.337663853655727308e+01 3.889730067755344578e+01 2.137755832643194864e+01 2.624880949681337583e+01 7.000000000000000000e+00 1.603121954188139853e+01 2.319482700948640286e+01 3.114482300479487265e+01 1.969771560359220786e+01 2.865309756378880479e+01 1.019803902718556898e+01 0.000000000000000000e+00 2.823118842698620767e+01 2.500000000000000000e+01 2.158703314492290204e+01 1.360147050873544394e+01 6.708203932499369415e+00
3.206243908376279705e+01 1.456021977856103611e+01 1.341640786499873883e+01 4.401136216933077350e+01 1.503329637837290811e+01 2.408318915758459156e+01 3.748332962798262713e+01 3.041381265149109936e+01 2.952964612046680060e+01 1.581138830084189628e+01 1.272792206135785520e+01 3.478505426185217431e+01 4.368065933568311010e+01 3.138470965295043058e+01 1.044030650891055068e+01 8.544003745317530374e+00 1.843908891458577415e+01 3.710795063055894616e+01 2.823118842698620767e+01 0.000000000000000000e+00 7.211102550927978250e+00 2.325940669922601600e+01 1.984943324127920761e+01 2.353720459187963954e+01
2.607680962081059661e+01 1.131370849898476116e+01 1.166190378969060149e+01 3.832753579347360073e+01 9.486832980505138124e+00 1.897366596101027625e+01 3.047950130825634218e+01 2.343074902771996193e+01 2.340939982143925135e+01 1.902629759044044633e+01 5.830951894845300743e+00 3.088689042296100240e+01 3.939543120718441571e+01 2.435159132377184221e+01 6.708203932499369415e+00 7.280109889280518054e+00 1.166190378969060149e+01 3.269556544854363267e+01 2.500000000000000000e+01 7.211102550927978250e+00 0.000000000000000000e+00 1.615549442140351033e+01 2.024845673131658685e+01 1.923538406167134340e+01
1.360147050873544394e+01 1.565247584249852864e+01 1.835755975068581947e+01 2.549509756796392423e+01 1.081665382639196871e+01 1.236931687685298087e+01 1.772004514666934938e+01 1.200000000000000000e+01 1.746424919657297892e+01 2.968164415931165934e+01 1.204159457879229578e+01 2.418677324489564739e+01 3.041381265149109936e+01 8.246211251235321171e+00 1.800000000000000000e+01 1.838477631085023489e+01 9.848857801796103928e+00 2.420743687382040932e+01 2.158703314492290204e+01 2.325940669922601600e+01 1.615549442140351033e+01 0.000000000000000000e+00 2.624880949681337583e+01 1.513274595042155646e+01
2.549509756796392423e+01 1.104536101718726115e+01 9.055385138137417300e+00 3.401470270338990076e+01 1.612451549659709826e+01 1.702938636592640265e+01 4.396589587396121601e+01 3.785498646149540036e+01 4.101219330881975367e+01 8.000000000000000000e+00 2.433105012119287736e+01 2.039607805437113797e+01 2.915475947422650194e+01 3.138470965295043058e+01 2.692582403567251959e+01 1.300000000000000000e+01 2.901723625709381693e+01 2.376972864800942631e+01 1.360147050873544394e+01 1.984943324127920761e+01 2.024845673131658685e+01 2.624880949681337583e+01 0.000000000000000000e+00 1.414213562373095101e+01
1.140175425099137918e+01 9.055385138137417300e+00 1.104536101718726115e+01 2.137755832643194864e+01 1.000000000000000000e+01 3.162277660168379523e+00 3.214031735997639316e+01 2.707397274136176790e+01 3.228002478313794654e+01 2.059126028197400160e+01 1.979898987322333070e+01 1.166190378969060149e+01 2.024845673131658685e+01 1.802775637731994607e+01 2.500000000000000000e+01 1.513274595042155646e+01 2.195449840010014952e+01 1.360147050873544394e+01 6.708203932499369415e+00 2.353720459187963954e+01 1.923538406167134340e+01 1.513274595042155646e+01 1.414213562373095101e+01 0.000000000000000000e+00
