0.000000000000000000e+00 9.848857801796103928e+00 4.854894437575342181e+01 9.219544457292887074e+00 2.236067977499789805e+00 9.433981132056603158e+00 2.607680962081059661e+01 2.517935662402834396e+01 2.745906043549196340e+01 2.549509756796392423e+01 2.941088233970548416e+01 2.308679276123039159e+01 3.106444913401813324e+01 3.178049716414140846e+01 2.236067977499789805e+01 5.000000000000000000e+00 3.757658845611187104e+01 2.828427124746190291e+00 1.902629759044044633e+01 3.101612483854164637e+01 3.354101966249684352e+01 2.402082429892862692e+01 1.140175425099137918e+01 1.581138830084189628e+01
9.848857801796103928e+00 0.000000000000000000e+00 4.386342439892261780e+01 1.476482306023340030e+01 1.000000000000000000e+01 1.264911064067351809e+01 1.711724276862369010e+01 2.961418578992169515e+01 1.802775637731994607e+01 2.927456233660889495e+01 2.580697580112788003e+01 1.702938636592640265e+01 3.104834939252004844e+01 3.324154027718932269e+01 2.647640458974745314e+01 6.000000000000000000e+00 3.201562118716424266e+01 7.280109889280518054e+00 1.118033988749894903e+01 2.256102834535695578e+01 2.408318915758459156e+01 1.529705854077835525e+01 3.000000000000000000e+00 1.360147050873544394e+01
4.854894437575342181e+01 4.386342439892261780e+01 0.000000000000000000e+00 4.254409477236529824e+01 4.664761515876240594e+01 4.024922359499621649e+01 3.176476034853718033e+01 3.801315561749642313e+01 3.401470270338990076e+01 3.601388621073821383e+01 1.923538406167134340e+01 2.687005768508880621e+01 2.400000000000000000e+01 2.816025568065744622e+01 3.721558813185679071e+01 4.841487374764081864e+01 1.220655561573370207e+01 4.801041553663121420e+01 3.330165161069342616e+01 2.692582403567251959e+01 3.298484500494128469e+01 3.190611226708763226e+01 4.596737973824481571e+01 3.275667870831839679e+01
9.219544457292887074e+00 1.476482306023340030e+01 4.254409477236529824e+01 0.000000000000000000e+00 7.071067811865475505e+00 3.162277660168379523e+00 2.640075756488817049e+01 1.603121954188139853e+01 2.865309756378880479e+01 1.627882059609970611e+01 2.340939982143925135e+01 2.009975124224177989e+01 2.267156809750926882e+01 2.282542442102665348e+01 1.315294643796590535e+01 1.303840481040529831e+01 3.275667870831839679e+01 1.100000000000000000e+01 1.878829422805593552e+01 3.008321791298264714e+01 3.443835071544512516e+01 2.416609194718914466e+01 1.746424919657297892e+01 1.100000000000000000e+01
2.236067977499789805e+00 1.000000000000000000e+01 4.664761515876240594e+01 7.071067811865475505e+00 0.000000000000000000e+00 7.211102550927978250e+00 2.531797780234432693e+01 2.308679276123039159e+01 2.692582403567251959e+01 2.334523505985750447e+01 2.745906043549196340e+01 2.158703314492290204e+01 2.884441020371191300e+01 2.954657340538831534e+01 2.022374841615668473e+01 6.324555320336759046e+00 3.584689665786984136e+01 4.123105625617660586e+00 1.802775637731994607e+01 3.001666203960726875e+01 3.298484500494128469e+01 2.319482700948640286e+01 1.204159457879229578e+01 1.389244398944980396e+01
9.433981132056603158e+00 1.264911064067351809e+01 4.024922359499621649e+01 3.162277660168379523e+00 7.211102550927978250e+00 0.000000000000000000e+00 2.325940669922601600e+01 1.711724276862369010e+01 2.555386467836127551e+01 1.700000000000000000e+01 2.102379604162863913e+01 1.702938636592640265e+01 2.163330765278393741e+01 2.247220505424423109e+01 1.403566884761819900e+01 1.216552506059643868e+01 3.008321791298264714e+01 1.044030650891055068e+01 1.565247584249852864e+01 2.692582403567251959e+01 3.130495168499705727e+01 2.102379604162863913e+01 1.552417469626002422e+01 8.062257748298549132e+00
2.607680962081059661e+01 1.711724276862369010e+01 3.176476034853718033e+01 2.640075756488817049e+01 2.531797780234432693e+01 2.325940669922601600e+01 0.000000000000000000e+00 3.546829570193639825e+01 3.162277660168379523e+00 3.420526275297414287e+01 1.910497317454279909e+01 9.848857801796103928e+00 2.941088233970548416e+01 3.361547262794321966e+01 3.255764119219941222e+01 2.308679276123039159e+01 1.969771560359220786e+01 2.400000000000000000e+01 7.615773105863908654e+00 5.830951894845300743e+00 8.062257748298549132e+00 2.236067977499789805e+00 1.772004514666934938e+01 1.702938636592640265e+01
2.517935662402834396e+01 2.961418578992169515e+01 3.801315561749642313e+01 1.603121954188139853e+01 2.308679276123039159e+01 1.711724276862369010e+01 3.546829570193639825e+01 0.000000000000000000e+00 3.841874542459709119e+01 2.000000000000000000e+00 2.247220505424423109e+01 2.617250465660480074e+01 1.403566884761819900e+01 1.077032961426900748e+01 3.162277660168379523e+00 2.900000000000000000e+01 3.228002478313794654e+01 2.701851217221259205e+01 2.884441020371191300e+01 3.687817782917154830e+01 4.313930922024598402e+01 3.342154993413680586e+01 3.255764119219941222e+01 1.886796226411320632e+01
2.745906043549196340e+01 1.802775637731994607e+01 3.401470270338990076e+01 2.865309756378880479e+01 2.692582403567251959e+01 2.555386467836127551e+01 3.162277660168379523e+00 3.841874542459709119e+01 0.000000000000000000e+00 3.720215047547655018e+01 2.220360331117451835e+01 1.300000000000000000e+01 3.257299494980465937e+01 3.676955262170046979e+01 3.546829570193639825e+01 2.402082429892862692e+01 2.213594362117865444e+01 2.517935662402834396e+01 1.000000000000000000e+01 7.211102550927978250e+00 6.082762530298219339e+00 5.000000000000000000e+00 1.811077027627483460e+01 1.979898987322333070e+01
2.549509756796392423e+01 2.927456233660889495e+01 3.601388621073821383e+01 1.627882059609970611e+01 2.334523505985750447e+01 1.700000000000000000e+01 3.420526275297414287e+01 2.000000000000000000e+00 3.720215047547655018e+01 0.000000000000000000e+00 2.061552812808830382e+01 2.475883680627989492e+01 1.204159457879229578e+01 8.944271909999159220e+00 3.162277660168379523e+00 2.906888370749726747e+01 3.036445290137795183e+01 2.716615541441224835e+01 2.778488797889960793e+01 3.538361202590826338e+01 4.177319714841084419e+01 3.220248437620923454e+01 3.224903099319419653e+01 1.788854381999831844e+01
2.941088233970548416e+01 2.580697580112788003e+01 1.923538406167134340e+01 2.340939982143925135e+01 2.745906043549196340e+01 2.102379604162863913e+01 1.910497317454279909e+01 2.247220505424423109e+01 2.220360331117451835e+01 2.061552812808830382e+01 0.000000000000000000e+00 1.019803902718556898e+01 1.140175425099137918e+01 1.627882059609970611e+01 2.061552812808830382e+01 2.969848480983499428e+01 1.004987562112088995e+01 2.906888370749726747e+01 1.676305461424021104e+01 1.746424919657297892e+01 2.469817807045693669e+01 1.800000000000000000e+01 2.830194339616981125e+01 1.360147050873544394e+01
2.308679276123039159e+01 1.702938636592640265e+01 2.687005768508880621e+01 2.009975124224177989e+01 2.158703314492290204e+01 1.702938636592640265e+01 9.848857801796103928e+00 2.617250465660480074e+01 1.300000000000000000e+01 2.475883680627989492e+01 1.019803902718556898e+01 0.000000000000000000e+00 1.964688270438849926e+01 2.376972864800942631e+01 2.343074902771996193e+01 2.195449840010014952e+01 1.500000000000000000e+01 2.193171219946130890e+01 6.708203932499369415e+00 1.081665382639196871e+01 1.702938636592640265e+01 8.246211251235321171e+00 1.910497317454279909e+01 9.219544457292887074e+00
3.106444913401813324e+01 3.104834939252004844e+01 2.400000000000000000e+01 2.267156809750926882e+01 2.884441020371191300e+01 2.163330765278393741e+01 2.941088233970548416e+01 1.403566884761819900e+01 3.257299494980465937e+01 1.204159457879229578e+01 1.140175425099137918e+01 1.964688270438849926e+01 0.000000000000000000e+00 5.000000000000000000e+00 1.360147050873544394e+01 3.310589071449369669e+01 1.972308292331602075e+01 3.176476034853718033e+01 2.507987240796890660e+01 2.865309756378880479e+01 3.577708763999663688e+01 2.789265136196270589e+01 3.395585369269929288e+01 1.746424919657297892e+01
3.178049716414140846e+01 3.324154027718932269e+01 2.816025568065744622e+01 2.282542442102665348e+01 2.954657340538831534e+01 2.247220505424423109e+01 3.361547262794321966e+01 1.077032961426900748e+01 3.676955262170046979e+01 8.944271909999159220e+00 1.627882059609970611e+01 2.376972864800942631e+01 5.000000000000000000e+00 0.000000000000000000e+00 1.140175425099137918e+01 3.448187929913333249e+01 2.469817807045693669e+01 3.289376840679705083e+01 2.863564212655270680e+01 3.328663395418647752e+01 4.031128874149274566e+01 3.195309061734091571e+01 3.622154055254966920e+01 2.000000000000000000e+01
2.236067977499789805e+01 2.647640458974745314e+01 3.721558813185679071e+01 1.315294643796590535e+01 2.022374841615668473e+01 1.403566884761819900e+01 3.255764119219941222e+01 3.162277660168379523e+00 3.546829570193639825e+01 3.162277660168379523e+00 2.061552812808830382e+01 2.343074902771996193e+01 1.360147050873544394e+01 1.140175425099137918e+01 0.000000000000000000e+00 2.601922366251537611e+01 3.059411708155671050e+01 2.408318915758459156e+01 2.580697580112788003e+01 3.420526275297414287e+01 4.031128874149274566e+01 3.047950130825634218e+01 2.942787793912432193e+01 1.581138830084189628e+01
5.000000000000000000e+00 6.000000000000000000e+00 4.841487374764081864e+01 1.303840481040529831e+01 6.324555320336759046e+00 1.216552506059643868e+01 2.308679276123039159e+01 2.900000000000000000e+01 2.402082429892862692e+01 2.906888370749726747e+01 2.969848480983499428e+01 2.195449840010014952e+01 3.310589071449369669e+01 3.448187929913333249e+01 2.601922366251537611e+01 0.000000000000000000e+00 3.689173349139343117e+01 2.236067977499789805e+00 1.676305461424021104e+01 2.844292530665578411e+01 3.006659275674581622e+01 2.121320343559642652e+01 6.708203932499369415e+00 1.640121946685672683e+01
3.757658845611187104e+01 3.201562118716424266e+01 1.220655561573370207e+01 3.275667870831839679e+01 3.584689665786984136e+01 3.008321791298264714e+01 1.969771560359220786e+01 3.228002478313794654e+01 2.213594362117865444e+01 3.036445290137795183e+01 1.004987562112088995e+01 1.500000000000000000e+01 1.972308292331602075e+01 2.469817807045693669e+01 3.059411708155671050e+01 3.689173349139343117e+01 0.000000000000000000e+00 3.671511950137163893e+01 2.121320343559642652e+01 1.529705854077835525e+01 2.202271554554523902e+01 1.972308292331602075e+01 3.397057550292606010e+01 2.213594362117865444e+01
2.828427124746190291e+00 7.280109889280518054e+00 4.801041553663121420e+01 1.100000000000000000e+01 4.123105625617660586e+00 1.044030650891055068e+01 2.400000000000000000e+01 2.701851217221259205e+01 2.517935662402834396e+01 2.716615541441224835e+01 2.906888370749726747e+01 2.193171219946130890e+01 3.176476034853718033e+01 3.289376840679705083e+01 2.408318915758459156e+01 2.236067977499789805e+00 3.671511950137163893e+01 0.000000000000000000e+00 1.726267650163206824e+01 2.915475947422650194e+01 3.125699921617556853e+01 2.202271554554523902e+01 8.602325267042626677e+00 1.555634918610404505e+01
1.902629759044044633e+01 1.118033988749894903e+01 3.330165161069342616e+01 1.878829422805593552e+01 1.802775637731994607e+01 1.565247584249852864e+01 7.615773105863908654e+00 2.884441020371191300e+01 1.000000000000000000e+01 2.778488797889960793e+01 1.676305461424021104e+01 6.708203932499369415e+00 2.507987240796890660e+01 2.863564212655270680e+01 2.580697580112788003e+01 1.676305461424021104e+01 2.121320343559642652e+01 1.726267650163206824e+01 0.000000000000000000e+00 1.200000000000000000e+01 1.565247584249852864e+01 5.385164807134503739e+00 1.280624847486569706e+01 1.000000000000000000e+01
3.101612483854164637e+01 2.256102834535695578e+01 2.692582403567251959e+01 3.008321791298264714e+01 3.001666203960726875e+01 2.692582403567251959e+01 5.830951894845300743e+00 3.687817782917154830e+01 7.211102550927978250e+00 3.538361202590826338e+01 1.746424919657297892e+01 1.081665382639196871e+01 2.865309756378880479e+01 3.328663395418647752e+01 3.420526275297414287e+01 2.844292530665578411e+01 1.529705854077835525e+01 2.915475947422650194e+01 1.200000000000000000e+01 0.000000000000000000e+00 7.280109889280518054e+00 7.280109889280518054e+00 2.340939982143925135e+01 1.969771560359220786e+01
3.354101966249684352e+01 2.408318915758459156e+01 3.298484500494128469e+01 3.443835071544512516e+01 3.298484500494128469e+01 3.130495168499705727e+01 8.062257748298549132e+00 4.313930922024598402e+01 6.082762530298219339e+00 4.177319714841084419e+01 2.469817807045693669e+01 1.702938636592640265e+01 3.577708763999663688e+01 4.031128874149274566e+01 4.031128874149274566e+01 3.006659275674581622e+01 2.202271554554523902e+01 3.125699921617556853e+01 1.565247584249852864e+01 7.280109889280518054e+00 0.000000000000000000e+00 1.029563014098700080e+01 2.402082429892862692e+01 2.500000000000000000e+01
2.402082429892862692e+01 1.529705854077835525e+01 3.190611226708763226e+01 2.416609194718914466e+01 2.319482700948640286e+01 2.102379604162863913e+01 2.236067977499789805e+00 3.342154993413680586e+01 5.000000000000000000e+00 3.220248437620923454e+01 1.800000000000000000e+01 8.246211251235321171e+00 2.789265136196270589e+01 3.195309061734091571e+01 3.047950130825634218e+01 2.121320343559642652e+01 1.972308292331602075e+01 2.202271554554523902e+01 5.385164807134503739e+00 7.280109889280518054e+00 1.029563014098700080e+01 0.000000000000000000e+00 1.615549442140351033e+01 1.486606874731850603e+01
1.140175425099137918e+01 3.000000000000000000e+00 4.596737973824481571e+01 1.746424919657297892e+01 1.204159457879229578e+01 1.552417469626002422e+01 1.772004514666934938e+01 3.255764119219941222e+01 1.811077027627483460e+01 3.224903099319419653e+01 2.830194339616981125e+01 1.910497317454279909e+01 3.395585369269929288e+01 3.622154055254966920e+01 2.942787793912432193e+01 6.708203932499369415e+00 3.397057550292606010e+01 8.602325267042626677e+00 1.280624847486569706e+01 2.340939982143925135e+01 2.402082429892862692e+01 1.615549442140351033e+01 0.000000000000000000e+00 1.649242250247064234e+01
1.581138830084189628e+01 1.360147050873544394e+01 3.275667870831839679e+01 1.100000000000000000e+01 1.389244398944980396e+01 8.062257748298549132e+00 1.702938636592640265e+01 1.886796226411320632e+01 1.979898987322333070e+01 1.788854381999831844e+01 1.360147050873544394e+01 9.219544457292887074e+00 1.746424919657297892e+01 2.000000000000000000e+01 1.581138830084189628e+01 1.640121946685672683e+01 2.213594362117865444e+01 1.555634918610404505e+01 1.000000000000000000e+01 1.969771560359220786e+01 2.500000000000000000e+01 1.486606874731850603e+01 1.649242250247064234e+01 0.000000000000000000e+00
