0.000000000000000000e+00 2.505992817228333536e+01 1.272792206135785520e+01 2.879236009777593708e+01 3.544009029333869876e+01 3.544009029333869876e+01 2.507987240796890660e+01 3.101612483854164637e+01 1.664331697709323876e+01 1.236931687685298087e+01 1.603121954188139853e+01 1.131370849898476116e+01 3.501428280002319582e+01 1.476482306023340030e+01 1.500000000000000000e+01 2.601922366251537611e+01 2.118962010041709121e+01 1.315294643796590535e+01 1.104536101718726115e+01 2.842534080710379030e+01 4.472135954999579610e+00 2.961418578992169515e+01 2.022374841615668473e+01 2.353720459187963954e+01 8.544003745317530374e+00 1.897366596101027625e+01 2.418677324489564739e+01
2.505992817228333536e+01 0.000000000000000000e+00 2.469817807045693669e+01 2.256102834535695578e+01 1.216552506059643868e+01 2.505992817228333536e+01 2.236067977499789805e+00 1.581138830084189628e+01 8.544003745317530374e+00 1.802775637731994607e+01 2.334523505985750447e+01 1.456021977856103611e+01 1.838477631085023489e+01 1.029563014098700080e+01 1.044030650891055068e+01 1.360147050873544394e+01 1.910497317454279909e+01 1.345362404707370985e+01 2.102379604162863913e+01 6.000000000000000000e+00 2.785677655436823841e+01 9.219544457292887074e+00 1.513274595042155646e+01 7.071067811865475505e+00 1.941648783894759944e+01 1.708800749063506075e+01 1.513274595042155646e+01
1.272792206135785520e+01 2.469817807045693669e+01 0.000000000000000000e+00 1.802775637731994607e+01 3.140063693621516450e+01 2.501999200639360765e+01 2.360084744241189370e+01 2.340939982143925135e+01 1.868154169226940553e+01 6.708203932499369415e+00 2.692582403567251959e+01 1.702938636592640265e+01 2.720294101747088789e+01 1.649242250247064234e+01 1.824828759089465890e+01 1.878829422805593552e+01 1.118033988749894903e+01 1.170469991071962568e+01 2.154065922853801496e+01 2.996664812754339380e+01 1.702938636592640265e+01 2.500000000000000000e+01 1.252996408614166768e+01 1.979898987322333070e+01 1.802775637731994607e+01 2.716615541441224835e+01 1.615549442140351033e+01
2.879236009777593708e+01 2.256102834535695578e+01 1.802775637731994607e+01 0.000000000000000000e+00 2.118962010041709121e+01 7.000000000000000000e+00 2.039607805437113797e+01 9.848857801796103928e+00 2.302172886644267535e+01 1.655294535724684835e+01 3.820994634908559817e+01 2.617250465660480074e+01 1.204159457879229578e+01 2.202271554554523902e+01 2.420743687382040932e+01 9.055385138137417300e+00 7.615773105863908654e+00 1.843908891458577415e+01 3.342154993413680586e+01 2.844292530665578411e+01 3.324154027718932269e+01 1.612451549659709826e+01 9.899494936611665352e+00 1.552417469626002422e+01 3.000000000000000000e+01 3.500000000000000000e+01 7.615773105863908654e+00
3.544009029333869876e+01 1.216552506059643868e+01 3.140063693621516450e+01 2.118962010041709121e+01 0.000000000000000000e+00 2.000000000000000000e+01 1.100000000000000000e+01 1.140175425099137918e+01 2.002498439450078749e+01 2.555386467836127551e+01 3.551056180912940619e+01 2.607680962081059661e+01 1.104536101718726115e+01 2.121320343559642652e+01 2.202271554554523902e+01 1.360147050873544394e+01 2.202271554554523902e+01 2.247220505424423109e+01 3.301514803843835466e+01 1.442220510185595650e+01 3.883297567789519888e+01 6.403124237432848531e+00 1.910497317454279909e+01 1.208304597359457233e+01 3.106444913401813324e+01 2.912043955712207222e+01 1.640121946685672683e+01
3.544009029333869876e+01 2.505992817228333536e+01 2.501999200639360765e+01 7.000000000000000000e+00 2.000000000000000000e+01 0.000000000000000000e+00 2.282542442102665348e+01 9.486832980505138124e+00 2.758622844826744469e+01 2.308679276123039159e+01 4.360045871318327926e+01 3.162277660168379256e+01 9.055385138137417300e+00 2.701851217221259205e+01 2.906888370749726747e+01 1.204159457879229578e+01 1.431782106327635340e+01 2.418677324489564739e+01 3.911521443121588959e+01 3.046309242345563462e+01 3.984971769034255118e+01 1.676305461424021104e+01 1.565247584249852864e+01 1.860107523773827509e+01 3.584689665786984136e+01 3.959797974644666141e+01 1.220655561573370207e+01
2.507987240796890660e+01 2.236067977499789805e+00 2.360084744241189370e+01 2.039607805437113797e+01 1.100000000000000000e+01 2.282542442102665348e+01 0.000000000000000000e+00 1.360147050873544394e+01 9.055385138137417300e+00 1.702938636592640265e+01 2.473863375370596174e+01 1.513274595042155646e+01 1.627882059609970611e+01 1.044030650891055068e+01 1.104536101718726115e+01 1.140175425099137918e+01 1.726267650163206824e+01 1.280624847486569706e+01 2.202271554554523902e+01 8.062257748298549132e+00 2.816025568065744622e+01 7.211102550927978250e+00 1.334166406412633421e+01 5.000000000000000000e+00 2.009975124224177989e+01 1.878829422805593552e+01 1.303840481040529831e+01
3.101612483854164637e+01 1.581138830084189628e+01 2.340939982143925135e+01 9.848857801796103928e+00 1.140175425099137918e+01 9.486832980505138124e+00 1.360147050873544394e+01 0.000000000000000000e+00 1.972308292331602075e+01 1.910497317454279909e+01 3.623534186398687496e+01 2.469817807045693669e+01 4.000000000000000000e+00 1.969771560359220786e+01 2.147091055358388800e+01 5.000000000000000000e+00 1.252996408614166768e+01 1.824828759089465890e+01 3.231098884280702066e+01 2.102379604162863913e+01 3.512833614050059339e+01 7.280109889280518054e+00 1.118033988749894903e+01 1.000000000000000000e+01 2.941088233970548416e+01 3.140063693621516450e+01 7.280109889280518054e+00
1.664331697709323876e+01 8.544003745317530374e+00 1.868154169226940553e+01 2.302172886644267535e+01 2.002498439450078749e+01 2.758622844826744469e+01 9.055385138137417300e+00 1.972308292331602075e+01 0.000000000000000000e+00 1.216552506059643868e+01 1.655294535724684835e+01 6.082762530298219339e+00 2.325940669922601600e+01 2.236067977499789805e+00 2.000000000000000000e+00 1.562049935181330795e+01 1.708800749063506075e+01 7.071067811865475505e+00 1.315294643796590535e+01 1.204159457879229578e+01 1.931320791582796659e+01 1.529705854077835525e+01 1.341640786499873883e+01 9.848857801796103928e+00 1.104536101718726115e+01 1.204159457879229578e+01 1.562049935181330795e+01
1.236931687685298087e+01 1.802775637731994607e+01 6.708203932499369415e+00 1.655294535724684835e+01 2.555386467836127551e+01 2.308679276123039159e+01 1.702938636592640265e+01 1.910497317454279909e+01 1.216552506059643868e+01 0.000000000000000000e+00 2.302172886644267535e+01 1.170469991071962568e+01 2.308679276123039159e+01 1.004987562112088995e+01 1.200000000000000000e+01 1.414213562373095101e+01 8.944271909999159220e+00 5.099019513592784492e+00 1.780449381476485726e+01 2.325940669922601600e+01 1.676305461424021104e+01 1.923538406167134340e+01 8.000000000000000000e+00 1.360147050873544394e+01 1.421267040355189515e+01 2.184032966784155505e+01 1.200000000000000000e+01
1.603121954188139853e+01 2.334523505985750447e+01 2.692582403567251959e+01 3.820994634908559817e+01 3.551056180912940619e+01 4.360045871318327926e+01 2.473863375370596174e+01 3.623534186398687496e+01 1.655294535724684835e+01 2.302172886644267535e+01 0.000000000000000000e+00 1.204159457879229578e+01 3.981205847478876336e+01 1.664331697709323876e+01 1.476482306023340030e+01 3.190611226708763226e+01 3.114482300479487265e+01 1.979898987322333070e+01 5.385164807134503739e+00 2.308679276123039159e+01 1.431782106327635340e+01 3.162277660168379256e+01 2.831960451701259274e+01 2.640075756488817049e+01 8.944271909999159220e+00 7.280109889280518054e+00 3.140063693621516450e+01
1.131370849898476116e+01 1.456021977856103611e+01 1.702938636592640265e+01 2.617250465660480074e+01 2.607680962081059661e+01 3.162277660168379256e+01 1.513274595042155646e+01 2.469817807045693669e+01 6.082762530298219339e+00 1.170469991071962568e+01 1.204159457879229578e+01 0.000000000000000000e+00 2.846049894151541437e+01 5.099019513592784492e+00 4.123105625617660586e+00 2.012461179749810825e+01 1.920937271229854559e+01 7.810249675906653977e+00 7.615773105863908654e+00 1.720465053408525335e+01 1.341640786499873883e+01 2.109502310972898798e+01 1.627882059609970611e+01 1.529705854077835525e+01 5.000000000000000000e+00 1.019803902718556898e+01 1.941648783894759944e+01
3.501428280002319582e+01 1.838477631085023489e+01 2.720294101747088789e+01 1.204159457879229578e+01 1.104536101718726115e+01 9.055385138137417300e+00 1.627882059609970611e+01 4.000000000000000000e+00 2.325940669922601600e+01 2.308679276123039159e+01 3.981205847478876336e+01 2.846049894151541437e+01 0.000000000000000000e+00 2.340939982143925135e+01 2.507987240796890660e+01 9.000000000000000000e+00 1.615549442140351033e+01 2.220360331117451835e+01 3.605551275463989214e+01 2.302172886644267535e+01 3.911521443121588959e+01 9.219544457292887074e+00 1.513274595042155646e+01 1.341640786499873883e+01 3.324154027718932269e+01 3.466987164671942878e+01 1.118033988749894903e+01
1.476482306023340030e+01 1.029563014098700080e+01 1.649242250247064234e+01 2.202271554554523902e+01 2.121320343559642652e+01 2.701851217221259205e+01 1.044030650891055068e+01 1.969771560359220786e+01 2.236067977499789805e+00 1.004987562112088995e+01 1.664331697709323876e+01 5.099019513592784492e+00 2.340939982143925135e+01 0.000000000000000000e+00 2.236067977499789805e+00 1.526433752247374720e+01 1.565247584249852864e+01 5.000000000000000000e+00 1.264911064067351809e+01 1.421267040355189515e+01 1.772004514666934938e+01 1.603121954188139853e+01 1.220655561573370207e+01 1.019803902718556898e+01 1.004987562112088995e+01 1.303840481040529831e+01 1.486606874731850603e+01
1.500000000000000000e+01 1.044030650891055068e+01 1.824828759089465890e+01 2.420743687382040932e+01 2.202271554554523902e+01 2.906888370749726747e+01 1.104536101718726115e+01 2.147091055358388800e+01 2.000000000000000000e+00 1.200000000000000000e+01 1.476482306023340030e+01 4.123105625617660586e+00 2.507987240796890660e+01 2.236067977499789805e+00 0.000000000000000000e+00 1.720465053408525335e+01 1.788854381999831844e+01 7.071067811865475505e+00 1.118033988749894903e+01 1.345362404707370985e+01 1.746424919657297892e+01 1.726267650163206824e+01 1.442220510185595650e+01 1.170469991071962568e+01 9.055385138137417300e+00 1.081665382639196871e+01 1.697056274847713908e+01
2.601922366251537611e+01 1.360147050873544394e+01 1.878829422805593552e+01 9.055385138137417300e+00 1.360147050873544394e+01 1.204159457879229578e+01 1.140175425099137918e+01 5.000000000000000000e+00 1.562049935181330795e+01 1.414213562373095101e+01 3.190611226708763226e+01 2.012461179749810825e+01 9.000000000000000000e+00 1.526433752247374720e+01 1.720465053408525335e+01 0.000000000000000000e+00 8.485281374238569541e+00 1.334166406412633421e+01 2.773084924772409465e+01 1.941648783894759944e+01 3.014962686336266984e+01 7.615773105863908654e+00 6.324555320336759046e+00 6.708203932499369415e+00 2.469817807045693669e+01 2.758622844826744469e+01 2.828427124746190291e+00
2.118962010041709121e+01 1.910497317454279909e+01 1.118033988749894903e+01 7.615773105863908654e+00 2.202271554554523902e+01 1.431782106327635340e+01 1.726267650163206824e+01 1.252996408614166768e+01 1.708800749063506075e+01 8.944271909999159220e+00 3.114482300479487265e+01 1.920937271229854559e+01 1.615549442140351033e+01 1.565247584249852864e+01 1.788854381999831844e+01 8.485281374238569541e+00 0.000000000000000000e+00 1.140175425099137918e+01 2.617250465660480074e+01 2.507987240796890660e+01 2.563201123595259290e+01 1.581138830084189628e+01 4.000000000000000000e+00 1.236931687685298087e+01 2.267156809750926882e+01 2.865309756378880479e+01 5.656854249492380582e+00
1.315294643796590535e+01 1.345362404707370985e+01 1.170469991071962568e+01 1.843908891458577415e+01 2.247220505424423109e+01 2.418677324489564739e+01 1.280624847486569706e+01 1.824828759089465890e+01 7.071067811865475505e+00 5.099019513592784492e+00 1.979898987322333070e+01 7.810249675906653977e+00 2.220360331117451835e+01 5.000000000000000000e+00 7.071067811865475505e+00 1.334166406412633421e+01 1.140175425099137918e+01 0.000000000000000000e+00 1.500000000000000000e+01 1.835755975068581947e+01 1.700000000000000000e+01 1.649242250247064234e+01 8.602325267042626677e+00 1.044030650891055068e+01 1.166190378969060149e+01 1.746424919657297892e+01 1.208304597359457233e+01
1.104536101718726115e+01 2.102379604162863913e+01 2.154065922853801496e+01 3.342154993413680586e+01 3.301514803843835466e+01 3.911521443121588959e+01 2.202271554554523902e+01 3.231098884280702066e+01 1.315294643796590535e+01 1.780449381476485726e+01 5.385164807134503739e+00 7.615773105863908654e+00 3.605551275463989214e+01 1.264911064067351809e+01 1.118033988749894903e+01 2.773084924772409465e+01 2.617250465660480074e+01 1.500000000000000000e+01 0.000000000000000000e+00 2.213594362117865444e+01 1.029563014098700080e+01 2.844292530665578411e+01 2.360084744241189370e+01 2.280350850198275836e+01 3.605551275463989125e+00 8.602325267042626677e+00 2.692582403567251959e+01
2.842534080710379030e+01 6.000000000000000000e+00 2.996664812754339380e+01 2.844292530665578411e+01 1.442220510185595650e+01 3.046309242345563462e+01 8.062257748298549132e+00 2.102379604162863913e+01 1.204159457879229578e+01 2.325940669922601600e+01 2.308679276123039159e+01 1.720465053408525335e+01 2.302172886644267535e+01 1.421267040355189515e+01 1.345362404707370985e+01 1.941648783894759944e+01 2.507987240796890660e+01 1.835755975068581947e+01 2.213594362117865444e+01 0.000000000000000000e+00 3.052867504494749440e+01 1.389244398944980396e+01 2.109502310972898798e+01 1.303840481040529831e+01 2.147091055358388800e+01 1.600000000000000000e+01 2.109502310972898798e+01
4.472135954999579610e+00 2.785677655436823841e+01 1.702938636592640265e+01 3.324154027718932269e+01 3.883297567789519888e+01 3.984971769034255118e+01 2.816025568065744622e+01 3.512833614050059339e+01 1.931320791582796659e+01 1.676305461424021104e+01 1.431782106327635340e+01 1.341640786499873883e+01 3.911521443121588959e+01 1.772004514666934938e+01 1.746424919657297892e+01 3.014962686336266984e+01 2.563201123595259290e+01 1.700000000000000000e+01 1.029563014098700080e+01 3.052867504494749440e+01 0.000000000000000000e+00 3.324154027718932269e+01 2.451530134426252516e+01 2.716615541441224835e+01 9.219544457292887074e+00 1.886796226411320632e+01 2.844292530665578411e+01
2.961418578992169515e+01 9.219544457292887074e+00 2.500000000000000000e+01 1.612451549659709826e+01 6.403124237432848531e+00 1.676305461424021104e+01 7.211102550927978250e+00 7.280109889280518054e+00 1.529705854077835525e+01 1.923538406167134340e+01 3.162277660168379256e+01 2.109502310972898798e+01 9.219544457292887074e+00 1.603121954188139853e+01 1.726267650163206824e+01 7.615773105863908654e+00 1.581138830084189628e+01 1.649242250247064234e+01 2.844292530665578411e+01 1.389244398944980396e+01 3.324154027718932269e+01 0.000000000000000000e+00 1.272792206135785520e+01 6.082762530298219339e+00 2.607680962081059661e+01 2.594224354214569317e+01 1.029563014098700080e+01
2.022374841615668473e+01 1.513274595042155646e+01 1.252996408614166768e+01 9.899494936611665352e+00 1.910497317454279909e+01 1.565247584249852864e+01 1.334166406412633421e+01 1.118033988749894903e+01 1.341640786499873883e+01 8.000000000000000000e+00 2.831960451701259274e+01 1.627882059609970611e+01 1.513274595042155646e+01 1.220655561573370207e+01 1.442220510185595650e+01 6.324555320336759046e+00 4.000000000000000000e+00 8.602325267042626677e+00 2.360084744241189370e+01 2.109502310972898798e+01 2.451530134426252516e+01 1.272792206135785520e+01 0.000000000000000000e+00 8.544003745317530374e+00 2.024845673131658685e+01 2.523885892824792521e+01 4.000000000000000000e+00
2.353720459187963954e+01 7.071067811865475505e+00 1.979898987322333070e+01 1.552417469626002422e+01 1.208304597359457233e+01 1.860107523773827509e+01 5.000000000000000000e+00 1.000000000000000000e+01 9.848857801796103928e+00 1.360147050873544394e+01 2.640075756488817049e+01 1.529705854077835525e+01 1.341640786499873883e+01 1.019803902718556898e+01 1.170469991071962568e+01 6.708203932499369415e+00 1.236931687685298087e+01 1.044030650891055068e+01 2.280350850198275836e+01 1.303840481040529831e+01 2.716615541441224835e+01 6.082762530298219339e+00 8.544003745317530374e+00 0.000000000000000000e+00 2.022374841615668473e+01 2.140093455903269515e+01 8.062257748298549132e+00
8.544003745317530374e+00 1.941648783894759944e+01 1.802775637731994607e+01 3.000000000000000000e+01 3.106444913401813324e+01 3.584689665786984136e+01 2.009975124224177989e+01 2.941088233970548416e+01 1.104536101718726115e+01 1.421267040355189515e+01 8.944271909999159220e+00 5.000000000000000000e+00 3.324154027718932269e+01 1.004987562112088995e+01 9.055385138137417300e+00 2.469817807045693669e+01 2.267156809750926882e+01 1.166190378969060149e+01 3.605551275463989125e+00 2.147091055358388800e+01 9.219544457292887074e+00 2.607680962081059661e+01 2.024845673131658685e+01 2.022374841615668473e+01 0.000000000000000000e+00 1.044030650891055068e+01 2.370653918225939449e+01
1.897366596101027625e+01 1.708800749063506075e+01 2.716615541441224835e+01 3.500000000000000000e+01 2.912043955712207222e+01 3.959797974644666141e+01 1.878829422805593552e+01 3.140063693621516450e+01 1.204159457879229578e+01 2.184032966784155505e+01 7.280109889280518054e+00 1.019803902718556898e+01 3.466987164671942878e+01 1.303840481040529831e+01 1.081665382639196871e+01 2.758622844826744469e+01 2.865309756378880479e+01 1.746424919657297892e+01 8.602325267042626677e+00 1.600000000000000000e+01 1.886796226411320632e+01 2.594224354214569317e+01 2.523885892824792521e+01 2.140093455903269515e+01 1.044030650891055068e+01 0.000000000000000000e+00 2.765863337187866122e+01
2.418677324489564739e+01 1.513274595042155646e+01 1.615549442140351033e+01 7.615773105863908654e+00 1.640121946685672683e+01 1.220655561573370207e+01 1.303840481040529831e+01 7.280109889280518054e+00 1.562049935181330795e+01 1.200000000000000000e+01 3.140063693621516450e+01 1.941648783894759944e+01 1.118033988749894903e+01 1.486606874731850603e+01 1.697056274847713908e+01 2.828427124746190291e+00 5.656854249492380582e+00 1.208304597359457233e+01 2.692582403567251959e+01 2.109502310972898798e+01 2.844292530665578411e+01 1.029563014098700080e+01 4.000000000000000000e+00 8.062257748298549132e+00 2.370653918225939449e+01 2.765863337187866122e+01 0.000000000000000000e+00
