0.000000000000000000e+00 1.897366596101027625e+01 2.906888370749726747e+01 3.956008088970496317e+01 3.352610922848042208e+01 1.140175425099137918e+01 7.280109889280518054e+00 3.501428280002319582e+01 2.402082429892862692e+01 3.956008088970496317e+01 1.389244398944980396e+01 3.059411708155671050e+01 2.126029162546929996e+01 2.531797780234432693e+01 2.024845673131658685e+01 1.000000000000000000e+01 3.712142238654116966e+01 1.552417469626002422e+01 3.373425558686599857e+01 1.303840481040529831e+01 1.802775637731994607e+01 1.749285568453590045e+01 1.360147050873544394e+01 1.581138830084189628e+01 4.441846462902562109e+01 1.878829422805593552e+01 3.721558813185679071e+01 2.319482700948640286e+01
1.897366596101027625e+01 0.000000000000000000e+00 1.170469991071962568e+01 2.061552812808830382e+01 1.456021977856103611e+01 1.581138830084189628e+01 2.061552812808830382e+01 1.772004514666934938e+01 7.810249675906653977e+00 2.624880949681337583e+01 6.082762530298219339e+00 1.200000000000000000e+01 8.246211251235321171e+00 1.220655561573370207e+01 2.404163056034261459e+01 1.562049935181330795e+01 2.745906043549196340e+01 3.605551275463989125e+00 1.503329637837290811e+01 1.838477631085023489e+01 2.594224354214569317e+01 1.529705854077835525e+01 2.308679276123039159e+01 5.830951894845300743e+00 3.522782990761707111e+01 2.507987240796890660e+01 1.910497317454279909e+01 1.029563014098700080e+01
2.906888370749726747e+01 1.170469991071962568e+01 0.000000000000000000e+00 1.442220510185595650e+01 8.544003745317530374e+00 2.193171219946130890e+01 2.846049894151541437e+01 6.082762530298219339e+00 5.099019513592784492e+00 1.581138830084189628e+01 1.772004514666934938e+01 4.123105625617660586e+00 1.769180601295413169e+01 7.211102550927978250e+00 2.617250465660480074e+01 2.247220505424423109e+01 1.941648783894759944e+01 1.414213562373095101e+01 6.403124237432848531e+00 3.008321791298264714e+01 2.983286778035259701e+01 1.780449381476485726e+01 3.478505426185217431e+01 1.746424919657297892e+01 2.657066051117284644e+01 2.831960451701259274e+01 8.246211251235321171e+00 7.810249675906653977e+00
3.956008088970496317e+01 2.061552812808830382e+01 1.442220510185595650e+01 0.000000000000000000e+00 6.403124237432848531e+00 3.500000000000000000e+01 4.081666326391709987e+01 1.315294643796590535e+01 1.838477631085023489e+01 2.501999200639360765e+01 2.596150997149434048e+01 1.063014581273464998e+01 2.100000000000000000e+01 2.163330765278393741e+01 4.045985664828781836e+01 3.522782990761707111e+01 3.125699921617556853e+01 2.416609194718914466e+01 8.062257748298549132e+00 3.601388621073821383e+01 4.384062043356594529e+01 3.182766092567909766e+01 4.101219330881975367e+01 2.451530134426252516e+01 3.701351104664349378e+01 4.244997055358224713e+01 1.000000000000000000e+01 2.202271554554523902e+01
3.352610922848042208e+01 1.456021977856103611e+01 8.544003745317530374e+00 6.403124237432848531e+00 0.000000000000000000e+00 2.860069929215018192e+01 3.448187929913333249e+01 9.486832980505138124e+00 1.204159457879229578e+01 2.184032966784155505e+01 2.022374841615668473e+01 4.472135954999579610e+00 1.649242250247064234e+01 1.565247584249852864e+01 3.420526275297414287e+01 2.884441020371191300e+01 2.701851217221259205e+01 1.802775637731994607e+01 3.162277660168379523e+00 3.114482300479487265e+01 3.748332962798262713e+01 2.549509756796392423e+01 3.612478373637688378e+01 1.902629759044044633e+01 3.354101966249684352e+01 3.612478373637688378e+01 7.810249675906653977e+00 1.581138830084189628e+01
1.140175425099137918e+01 1.581138830084189628e+01 2.193171219946130890e+01 3.500000000000000000e+01 2.860069929215018192e+01 0.000000000000000000e+00 7.000000000000000000e+00 2.720294101747088789e+01 1.700000000000000000e+01 2.927456233660889495e+01 1.431782106327635340e+01 2.469817807045693669e+01 2.213594362117865444e+01 1.627882059609970611e+01 1.019803902718556898e+01 1.414213562373095145e+00 2.600000000000000000e+01 1.252996408614166768e+01 2.778488797889960793e+01 2.154065922853801496e+01 1.044030650891055068e+01 6.324555320336759046e+00 2.385372088375312671e+01 1.649242250247064234e+01 3.312099032335839155e+01 1.004987562112088995e+01 3.008321791298264714e+01 1.456021977856103611e+01
7.280109889280518054e+00 2.061552812808830382e+01 2.846049894151541437e+01 4.081666326391709987e+01 3.448187929913333249e+01 7.000000000000000000e+00 0.000000000000000000e+00 3.395585369269929288e+01 2.340939982143925135e+01 3.622154055254966920e+01 1.720465053408525335e+01 3.087069808086626210e+01 2.523885892824792521e+01 2.319482700948640286e+01 1.345362404707370985e+01 6.082762530298219339e+00 3.257299494980465937e+01 1.702938636592640265e+01 3.401470270338990076e+01 2.002498439450078749e+01 1.077032961426900748e+01 1.315294643796590535e+01 2.088061301782110135e+01 1.941648783894759944e+01 3.939543120718441571e+01 1.166190378969060149e+01 3.668787265568828104e+01 2.137755832643194864e+01
3.501428280002319582e+01 1.772004514666934938e+01 6.082762530298219339e+00 1.315294643796590535e+01 9.486832980505138124e+00 2.720294101747088789e+01 3.395585369269929288e+01 0.000000000000000000e+00 1.100000000000000000e+01 1.236931687685298087e+01 2.376972864800942631e+01 7.071067811865475505e+00 2.302172886644267535e+01 1.118033988749894903e+01 3.000000000000000000e+01 2.789265136196270589e+01 1.811077027627483460e+01 2.022374841615668473e+01 6.324555320336759046e+00 3.605551275463989214e+01 3.413209633175202384e+01 2.236067977499789805e+01 4.080441152620633005e+01 2.340939982143925135e+01 2.418677324489564739e+01 3.244996147917590434e+01 3.605551275463989125e+00 1.264911064067351809e+01
2.402082429892862692e+01 7.810249675906653977e+00 5.099019513592784492e+00 1.838477631085023489e+01 1.204159457879229578e+01 1.700000000000000000e+01 2.340939982143925135e+01 1.100000000000000000e+01 0.000000000000000000e+00 1.843908891458577415e+01 1.341640786499873883e+01 7.810249675906653977e+00 1.526433752247374720e+01 5.099019513592784492e+00 2.220360331117451835e+01 1.746424919657297892e+01 2.012461179749810825e+01 9.486832980505138124e+00 1.081665382639196871e+01 2.594224354214569317e+01 2.545584412271571040e+01 1.345362404707370985e+01 3.046309242345563462e+01 1.360147050873544394e+01 2.778488797889960793e+01 2.408318915758459156e+01 1.334166406412633421e+01 4.123105625617660586e+00
3.956008088970496317e+01 2.624880949681337583e+01 1.581138830084189628e+01 2.501999200639360765e+01 2.184032966784155505e+01 2.927456233660889495e+01 3.622154055254966920e+01 1.236931687685298087e+01 1.843908891458577415e+01 0.000000000000000000e+00 3.162277660168379256e+01 1.878829422805593552e+01 3.330165161069342616e+01 1.476482306023340030e+01 2.765863337187866122e+01 3.041381265149109936e+01 7.810249675906653977e+00 2.745906043549196340e+01 1.868154169226940553e+01 4.410215414239988974e+01 3.255764119219941222e+01 2.308679276123039159e+01 4.837354648979129479e+01 3.201562118716424266e+01 1.200000000000000000e+01 3.059411708155671050e+01 1.503329637837290811e+01 1.700000000000000000e+01
1.389244398944980396e+01 6.082762530298219339e+00 1.772004514666934938e+01 2.596150997149434048e+01 2.022374841615668473e+01 1.431782106327635340e+01 1.720465053408525335e+01 2.376972864800942631e+01 1.341640786499873883e+01 3.162277660168379256e+01 0.000000000000000000e+00 1.802775637731994607e+01 8.062257748298549132e+00 1.702938636592640265e+01 2.402082429892862692e+01 1.360147050873544394e+01 3.189043743820394994e+01 4.242640687119284770e+00 2.100000000000000000e+01 1.252996408614166768e+01 2.473863375370596174e+01 1.627882059609970611e+01 1.708800749063506075e+01 2.236067977499789805e+00 3.969886648255841521e+01 2.433105012119287736e+01 2.517935662402834396e+01 1.486606874731850603e+01
3.059411708155671050e+01 1.200000000000000000e+01 4.123105625617660586e+00 1.063014581273464998e+01 4.472135954999579610e+00 2.469817807045693669e+01 3.087069808086626210e+01 7.071067811865475505e+00 7.810249675906653977e+00 1.878829422805593552e+01 1.802775637731994607e+01 0.000000000000000000e+00 1.612451549659709826e+01 1.118033988749894903e+01 2.983286778035259701e+01 2.505992817228333536e+01 2.319482700948640286e+01 1.513274595042155646e+01 3.162277660168379523e+00 2.983286778035259701e+01 3.324154027718932269e+01 2.121320343559642652e+01 3.471310991541956525e+01 1.726267650163206824e+01 3.008321791298264714e+01 3.182766092567909766e+01 7.280109889280518054e+00 1.140175425099137918e+01
2.126029162546929996e+01 8.246211251235321171e+00 1.769180601295413169e+01 2.100000000000000000e+01 1.649242250247064234e+01 2.213594362117865444e+01 2.523885892824792521e+01 2.302172886644267535e+01 1.526433752247374720e+01 3.330165161069342616e+01 8.062257748298549132e+00 1.612451549659709826e+01 0.000000000000000000e+00 2.012461179749810825e+01 3.140063693621516450e+01 2.154065922853801496e+01 3.535533905932737753e+01 1.004987562112088995e+01 1.838477631085023489e+01 1.503329637837290811e+01 3.257299494980465937e+01 2.302172886644267535e+01 2.002498439450078749e+01 5.830951894845300743e+00 4.304648650006176780e+01 3.201562118716424266e+01 2.325940669922601600e+01 1.838477631085023489e+01
2.531797780234432693e+01 1.220655561573370207e+01 7.211102550927978250e+00 2.163330765278393741e+01 1.565247584249852864e+01 1.627882059609970611e+01 2.319482700948640286e+01 1.118033988749894903e+01 5.099019513592784492e+00 1.476482306023340030e+01 1.702938636592640265e+01 1.118033988749894903e+01 2.012461179749810825e+01 0.000000000000000000e+00 1.910497317454279909e+01 1.711724276862369010e+01 1.526433752247374720e+01 1.280624847486569706e+01 1.360147050873544394e+01 2.941088233970548416e+01 2.302172886644267535e+01 1.118033988749894903e+01 3.361547262794321966e+01 1.769180601295413169e+01 2.302172886644267535e+01 2.140093455903269515e+01 1.442220510185595650e+01 2.236067977499789805e+00
2.024845673131658685e+01 2.404163056034261459e+01 2.617250465660480074e+01 4.045985664828781836e+01 3.420526275297414287e+01 1.019803902718556898e+01 1.345362404707370985e+01 3.000000000000000000e+01 2.220360331117451835e+01 2.765863337187866122e+01 2.402082429892862692e+01 2.983286778035259701e+01 3.140063693621516450e+01 1.910497317454279909e+01 0.000000000000000000e+00 1.140175425099137918e+01 2.200000000000000000e+01 2.137755832643194864e+01 3.255764119219941222e+01 3.162277660168379256e+01 5.000000000000000000e+00 8.944271909999159220e+00 3.354101966249684352e+01 2.607680962081059661e+01 2.765863337187866122e+01 3.000000000000000000e+00 3.342154993413680586e+01 1.843908891458577415e+01
1.000000000000000000e+01 1.562049935181330795e+01 2.247220505424423109e+01 3.522782990761707111e+01 2.884441020371191300e+01 1.414213562373095145e+00 6.082762530298219339e+00 2.789265136196270589e+01 1.746424919657297892e+01 3.041381265149109936e+01 1.360147050873544394e+01 2.505992817228333536e+01 2.154065922853801496e+01 1.711724276862369010e+01 1.140175425099137918e+01 0.000000000000000000e+00 2.731300056749532601e+01 1.220655561573370207e+01 2.817800560721074277e+01 2.024845673131658685e+01 1.118033988749894903e+01 7.615773105863908654e+00 2.247220505424423109e+01 1.581138830084189628e+01 3.448187929913333249e+01 1.100000000000000000e+01 3.067572330035593353e+01 1.529705854077835525e+01
3.712142238654116966e+01 2.745906043549196340e+01 1.941648783894759944e+01 3.125699921617556853e+01 2.701851217221259205e+01 2.600000000000000000e+01 3.257299494980465937e+01 1.811077027627483460e+01 2.012461179749810825e+01 7.810249675906653977e+00 3.189043743820394994e+01 2.319482700948640286e+01 3.535533905932737753e+01 1.526433752247374720e+01 2.200000000000000000e+01 2.731300056749532601e+01 0.000000000000000000e+00 2.765863337187866122e+01 2.400000000000000000e+01 4.386342439892261780e+01 2.700000000000000000e+01 1.969771560359220786e+01 4.763402145525821396e+01 3.280243893371345365e+01 7.810249675906653977e+00 2.500000000000000000e+01 2.137755832643194864e+01 1.720465053408525335e+01
1.552417469626002422e+01 3.605551275463989125e+00 1.414213562373095101e+01 2.416609194718914466e+01 1.802775637731994607e+01 1.252996408614166768e+01 1.702938636592640265e+01 2.022374841615668473e+01 9.486832980505138124e+00 2.745906043549196340e+01 4.242640687119284770e+00 1.513274595042155646e+01 1.004987562112088995e+01 1.280624847486569706e+01 2.137755832643194864e+01 1.220655561573370207e+01 2.765863337187866122e+01 0.000000000000000000e+00 1.824828759089465890e+01 1.664331697709323876e+01 2.284731931759172596e+01 1.300000000000000000e+01 2.102379604162863913e+01 5.385164807134503739e+00 3.546829570193639825e+01 2.213594362117865444e+01 2.200000000000000000e+01 1.063014581273464998e+01
3.373425558686599857e+01 1.503329637837290811e+01 6.403124237432848531e+00 8.062257748298549132e+00 3.162277660168379523e+00 2.778488797889960793e+01 3.401470270338990076e+01 6.324555320336759046e+00 1.081665382639196871e+01 1.868154169226940553e+01 2.100000000000000000e+01 3.162277660168379523e+00 1.838477631085023489e+01 1.360147050873544394e+01 3.255764119219941222e+01 2.817800560721074277e+01 2.400000000000000000e+01 1.824828759089465890e+01 0.000000000000000000e+00 3.255764119219941222e+01 3.612478373637688378e+01 2.408318915758459156e+01 3.748332962798262713e+01 2.009975124224177989e+01 3.041381265149109936e+01 3.465544690232691494e+01 5.000000000000000000e+00 1.414213562373095101e+01
1.303840481040529831e+01 1.838477631085023489e+01 3.008321791298264714e+01 3.601388621073821383e+01 3.114482300479487265e+01 2.154065922853801496e+01 2.002498439450078749e+01 3.605551275463989214e+01 2.594224354214569317e+01 4.410215414239988974e+01 1.252996408614166768e+01 2.983286778035259701e+01 1.503329637837290811e+01 2.941088233970548416e+01 3.162277660168379256e+01 2.024845673131658685e+01 4.386342439892261780e+01 1.664331697709323876e+01 3.255764119219941222e+01 0.000000000000000000e+00 3.041381265149109936e+01 2.607680962081059661e+01 5.000000000000000000e+00 1.264911064067351809e+01 5.162363799656122865e+01 3.080584360149872580e+01 3.710795063055894616e+01 2.720294101747088789e+01
1.802775637731994607e+01 2.594224354214569317e+01 2.983286778035259701e+01 4.384062043356594529e+01 3.748332962798262713e+01 1.044030650891055068e+01 1.077032961426900748e+01 3.413209633175202384e+01 2.545584412271571040e+01 3.255764119219941222e+01 2.473863375370596174e+01 3.324154027718932269e+01 3.257299494980465937e+01 2.302172886644267535e+01 5.000000000000000000e+00 1.118033988749894903e+01 2.700000000000000000e+01 2.284731931759172596e+01 3.612478373637688378e+01 3.041381265149109936e+01 0.000000000000000000e+00 1.204159457879229578e+01 3.162277660168379256e+01 2.692582403567251959e+01 3.255764119219941222e+01 2.000000000000000000e+00 3.744329045369811126e+01 2.202271554554523902e+01
1.749285568453590045e+01 1.529705854077835525e+01 1.780449381476485726e+01 3.182766092567909766e+01 2.549509756796392423e+01 6.324555320336759046e+00 1.315294643796590535e+01 2.236067977499789805e+01 1.345362404707370985e+01 2.308679276123039159e+01 1.627882059609970611e+01 2.121320343559642652e+01 2.302172886644267535e+01 1.118033988749894903e+01 8.944271909999159220e+00 7.615773105863908654e+00 1.969771560359220786e+01 1.300000000000000000e+01 2.408318915758459156e+01 2.607680962081059661e+01 1.204159457879229578e+01 0.000000000000000000e+00 2.906888370749726747e+01 1.811077027627483460e+01 2.692582403567251959e+01 1.063014581273464998e+01 2.555386467836127551e+01 1.000000000000000000e+01
1.360147050873544394e+01 2.308679276123039159e+01 3.478505426185217431e+01 4.101219330881975367e+01 3.612478373637688378e+01 2.385372088375312671e+01 2.088061301782110135e+01 4.080441152620633005e+01 3.046309242345563462e+01 4.837354648979129479e+01 1.708800749063506075e+01 3.471310991541956525e+01 2.002498439450078749e+01 3.361547262794321966e+01 3.354101966249684352e+01 2.247220505424423109e+01 4.763402145525821396e+01 2.102379604162863913e+01 3.748332962798262713e+01 5.000000000000000000e+00 3.162277660168379256e+01 2.906888370749726747e+01 0.000000000000000000e+00 1.746424919657297892e+01 5.531726674375732244e+01 3.231098884280702066e+01 4.197618372363071160e+01 3.138470965295043058e+01
1.581138830084189628e+01 5.830951894845300743e+00 1.746424919657297892e+01 2.451530134426252516e+01 1.902629759044044633e+01 1.649242250247064234e+01 1.941648783894759944e+01 2.340939982143925135e+01 1.360147050873544394e+01 3.201562118716424266e+01 2.236067977499789805e+00 1.726267650163206824e+01 5.830951894845300743e+00 1.769180601295413169e+01 2.607680962081059661e+01 1.581138830084189628e+01 3.280243893371345365e+01 5.385164807134503739e+00 2.009975124224177989e+01 1.264911064067351809e+01 2.692582403567251959e+01 1.811077027627483460e+01 1.746424919657297892e+01 0.000000000000000000e+00 4.060788100849390503e+01 2.647640458974745314e+01 2.451530134426252516e+01 1.562049935181330795e+01
4.441846462902562109e+01 3.522782990761707111e+01 2.657066051117284644e+01 3.701351104664349378e+01 3.354101966249684352e+01 3.312099032335839155e+01 3.939543120718441571e+01 2.418677324489564739e+01 2.778488797889960793e+01 1.200000000000000000e+01 3.969886648255841521e+01 3.008321791298264714e+01 4.304648650006176780e+01 2.302172886644267535e+01 2.765863337187866122e+01 3.448187929913333249e+01 7.810249675906653977e+00 3.546829570193639825e+01 3.041381265149109936e+01 5.162363799656122865e+01 3.255764119219941222e+01 2.692582403567251959e+01 5.531726674375732244e+01 4.060788100849390503e+01 0.000000000000000000e+00 3.059411708155671050e+01 2.701851217221259205e+01 2.500000000000000000e+01
1.878829422805593552e+01 2.507987240796890660e+01 2.831960451701259274e+01 4.244997055358224713e+01 3.612478373637688378e+01 1.004987562112088995e+01 1.166190378969060149e+01 3.244996147917590434e+01 2.408318915758459156e+01 3.059411708155671050e+01 2.433105012119287736e+01 3.182766092567909766e+01 3.201562118716424266e+01 2.140093455903269515e+01 3.000000000000000000e+00 1.100000000000000000e+01 2.500000000000000000e+01 2.213594362117865444e+01 3.465544690232691494e+01 3.080584360149872580e+01 2.000000000000000000e+00 1.063014581273464998e+01 3.231098884280702066e+01 2.647640458974745314e+01 3.059411708155671050e+01 0.000000000000000000e+00 3.580502757993631491e+01 2.051828452868319275e+01
3.721558813185679071e+01 1.910497317454279909e+01 8.246211251235321171e+00 1.000000000000000000e+01 7.810249675906653977e+00 3.008321791298264714e+01 3.668787265568828104e+01 3.605551275463989125e+00 1.334166406412633421e+01 1.503329637837290811e+01 2.517935662402834396e+01 7.280109889280518054e+00 2.325940669922601600e+01 1.442220510185595650e+01 3.342154993413680586e+01 3.067572330035593353e+01 2.137755832643194864e+01 2.200000000000000000e+01 5.000000000000000000e+00 3.710795063055894616e+01 3.744329045369811126e+01 2.555386467836127551e+01 4.197618372363071160e+01 2.451530134426252516e+01 2.701851217221259205e+01 3.580502757993631491e+01 0.000000000000000000e+00 1.565247584249852864e+01
2.319482700948640286e+01 1.029563014098700080e+01 7.810249675906653977e+00 2.202271554554523902e+01 1.581138830084189628e+01 1.456021977856103611e+01 2.137755832643194864e+01 1.264911064067351809e+01 4.123105625617660586e+00 1.700000000000000000e+01 1.486606874731850603e+01 1.140175425099137918e+01 1.838477631085023489e+01 2.236067977499789805e+00 1.843908891458577415e+01 1.529705854077835525e+01 1.720465053408525335e+01 1.063014581273464998e+01 1.414213562373095101e+01 2.720294101747088789e+01 2.202271554554523902e+01 1.000000000000000000e+01 3.138470965295043058e+01 1.562049935181330795e+01 2.500000000000000000e+01 2.051828452868319275e+01 1.565247584249852864e+01 0.000000000000000000e+00
