0.000000000000000000e+00 2.109502310972898798e+01 1.627882059609970611e+01 1.077032961426900748e+01 1.749285568453590045e+01 2.906888370749726747e+01 1.838477631085023489e+01 1.529705854077835525e+01 1.414213562373095101e+01 1.044030650891055068e+01 1.868154169226940553e+01 7.000000000000000000e+00 9.433981132056603158e+00 2.247220505424423109e+01 1.811077027627483460e+01 1.992485884517127559e+01 1.000000000000000000e+01 1.923538406167134340e+01 1.019803902718556898e+01 1.389244398944980396e+01 2.828427124746190291e+00 1.676305461424021104e+01 1.303840481040529831e+01 1.476482306023340030e+01 1.811077027627483460e+01
2.109502310972898798e+01 0.000000000000000000e+00 2.901723625709381693e+01 1.700000000000000000e+01 3.605551275463989125e+00 4.079215610874227593e+01 3.522782990761707111e+01 8.544003745317530374e+00 9.848857801796103928e+00 3.130495168499705727e+01 3.939543120718441571e+01 1.555634918610404505e+01 2.302172886644267535e+01 3.104834939252004844e+01 9.000000000000000000e+00 3.733630940518894192e+01 3.061045573002793319e+01 4.031128874149274566e+01 2.002498439450078749e+01 3.026549190084311292e+01 2.193171219946130890e+01 1.612451549659709826e+01 3.413209633175202384e+01 3.584689665786984136e+01 3.827531841800927737e+01
1.627882059609970611e+01 2.901723625709381693e+01 0.000000000000000000e+00 2.640075756488817049e+01 2.617250465660480074e+01 1.303840481040529831e+01 7.810249675906653977e+00 2.751363298439520833e+01 2.692582403567251959e+01 1.503329637837290811e+01 1.838477631085023489e+01 2.163330765278393741e+01 2.561249694973139412e+01 7.071067811865475505e+00 3.067572330035593353e+01 1.000000000000000000e+01 2.061552812808830382e+01 2.184032966784155505e+01 9.219544457292887074e+00 5.099019513592784492e+00 1.345362404707370985e+01 3.190611226708763226e+01 1.900000000000000000e+01 1.910497317454279909e+01 1.565247584249852864e+01
1.077032961426900748e+01 1.700000000000000000e+01 2.640075756488817049e+01 0.000000000000000000e+00 1.392838827718411920e+01 3.940812099047606409e+01 2.915475947422650194e+01 8.602325267042626677e+00 7.211102550927978250e+00 2.002498439450078749e+01 2.801785145224380003e+01 5.000000000000000000e+00 6.403124237432848531e+00 3.182766092567909766e+01 1.000000000000000000e+01 3.067572330035593353e+01 1.649242250247064234e+01 2.745906043549196340e+01 1.843908891458577415e+01 2.459674775249768786e+01 1.341640786499873883e+01 6.082762530298219339e+00 2.121320343559642652e+01 2.319482700948640286e+01 2.807133769523639799e+01
1.749285568453590045e+01 3.605551275463989125e+00 2.617250465660480074e+01 1.392838827718411920e+01 0.000000000000000000e+00 3.832753579347360073e+01 3.206243908376279705e+01 6.000000000000000000e+00 7.071067811865475505e+00 2.773084924772409465e+01 3.584689665786984136e+01 1.204159457879229578e+01 1.972308292331602075e+01 2.879236009777593708e+01 7.615773105863908654e+00 3.413209633175202384e+01 2.701851217221259205e+01 3.671511950137163893e+01 1.702938636592640265e+01 2.707397274136176790e+01 1.838477631085023489e+01 1.403566884761819900e+01 3.052867504494749440e+01 3.224903099319419653e+01 3.478505426185217431e+01
2.906888370749726747e+01 4.079215610874227593e+01 1.303840481040529831e+01 3.940812099047606409e+01 3.832753579347360073e+01 0.000000000000000000e+00 1.300000000000000000e+01 4.031128874149274566e+01 3.981205847478876336e+01 2.505992817228333536e+01 2.433105012119287736e+01 3.466987164671942878e+01 3.818376618407356915e+01 1.000000000000000000e+01 4.346262762420145975e+01 1.334166406412633421e+01 3.138470965295043058e+01 2.844292530665578411e+01 2.193171219946130890e+01 1.562049935181330795e+01 2.624880949681337583e+01 4.494441010848846219e+01 2.823118842698620767e+01 2.751363298439520833e+01 2.137755832643194864e+01
1.838477631085023489e+01 3.522782990761707111e+01 7.810249675906653977e+00 2.915475947422650194e+01 3.206243908376279705e+01 1.300000000000000000e+01 0.000000000000000000e+00 3.224903099319419653e+01 3.140063693621516450e+01 1.220655561573370207e+01 1.204159457879229578e+01 2.500000000000000000e+01 2.662705391138869615e+01 1.300000000000000000e+01 3.535533905932737753e+01 2.236067977499789805e+00 1.860107523773827509e+01 1.600000000000000000e+01 1.529705854077835525e+01 5.000000000000000000e+00 1.581138830084189628e+01 3.511409973215887703e+01 1.523154621172781731e+01 1.456021977856103611e+01 9.055385138137417300e+00
1.529705854077835525e+01 8.544003745317530374e+00 2.751363298439520833e+01 8.602325267042626677e+00 6.000000000000000000e+00 4.031128874149274566e+01 3.224903099319419653e+01 0.000000000000000000e+00 1.414213562373095145e+00 2.570992026436488231e+01 3.395585369269929288e+01 8.544003745317530374e+00 1.486606874731850603e+01 3.138470965295043058e+01 3.162277660168379523e+00 3.413209633175202384e+01 2.370653918225939449e+01 3.417601498127012150e+01 1.838477631085023489e+01 2.729468812791236232e+01 1.702938636592640265e+01 8.062257748298549132e+00 2.785677655436823841e+01 2.973213749463701205e+01 3.337663853655727308e+01
1.414213562373095101e+01 9.848857801796103928e+00 2.692582403567251959e+01 7.211102550927978250e+00 7.071067811865475505e+00 3.981205847478876336e+01 3.140063693621516450e+01 1.414213562373095145e+00 0.000000000000000000e+00 2.451530134426252516e+01 3.275667870831839679e+01 7.280109889280518054e+00 1.345362404707370985e+01 3.106444913401813324e+01 4.000000000000000000e+00 3.324154027718932269e+01 2.236067977499789805e+01 3.289376840679705083e+01 1.788854381999831844e+01 2.647640458974745314e+01 1.600000000000000000e+01 7.280109889280518054e+00 2.657066051117284644e+01 2.846049894151541437e+01 3.224903099319419653e+01
1.044030650891055068e+01 3.130495168499705727e+01 1.503329637837290811e+01 2.002498439450078749e+01 2.773084924772409465e+01 2.505992817228333536e+01 1.220655561573370207e+01 2.570992026436488231e+01 2.451530134426252516e+01 0.000000000000000000e+00 8.246211251235321171e+00 1.726267650163206824e+01 1.581138830084189628e+01 2.209072203437452231e+01 2.844292530665578411e+01 1.272792206135785520e+01 6.403124237432848531e+00 9.219544457292887074e+00 1.526433752247374720e+01 1.019803902718556898e+01 9.433981132056603158e+00 2.607680962081059661e+01 4.123105625617660586e+00 5.000000000000000000e+00 8.062257748298549132e+00
1.868154169226940553e+01 3.939543120718441571e+01 1.838477631085023489e+01 2.801785145224380003e+01 3.584689665786984136e+01 2.433105012119287736e+01 1.204159457879229578e+01 3.395585369269929288e+01 3.275667870831839679e+01 8.246211251235321171e+00 0.000000000000000000e+00 2.549509756796392423e+01 2.319482700948640286e+01 2.473863375370596174e+01 3.667424164178449786e+01 1.104536101718726115e+01 1.236931687685298087e+01 4.123105625617660586e+00 2.193171219946130890e+01 1.341640786499873883e+01 1.746424919657297892e+01 3.400000000000000000e+01 7.280109889280518054e+00 5.385164807134503739e+00 3.000000000000000000e+00
7.000000000000000000e+00 1.555634918610404505e+01 2.163330765278393741e+01 5.000000000000000000e+00 1.204159457879229578e+01 3.466987164671942878e+01 2.500000000000000000e+01 8.544003745317530374e+00 7.280109889280518054e+00 1.726267650163206824e+01 2.549509756796392423e+01 0.000000000000000000e+00 8.246211251235321171e+00 2.687005768508880621e+01 1.118033988749894903e+01 2.668332812825266842e+01 1.526433752247374720e+01 2.563201123595259290e+01 1.345362404707370985e+01 2.024845673131658685e+01 9.219544457292887074e+00 1.029563014098700080e+01 1.931320791582796659e+01 2.118962010041709121e+01 2.507987240796890660e+01
9.433981132056603158e+00 2.302172886644267535e+01 2.561249694973139412e+01 6.403124237432848531e+00 1.972308292331602075e+01 3.818376618407356915e+01 2.662705391138869615e+01 1.486606874731850603e+01 1.345362404707370985e+01 1.581138830084189628e+01 2.319482700948640286e+01 8.246211251235321171e+00 0.000000000000000000e+00 3.190611226708763226e+01 1.640121946685672683e+01 2.778488797889960793e+01 1.100000000000000000e+01 2.202271554554523902e+01 1.931320791582796659e+01 2.267156809750926882e+01 1.220655561573370207e+01 1.140175425099137918e+01 1.603121954188139853e+01 1.802775637731994607e+01 2.376972864800942631e+01
2.247220505424423109e+01 3.104834939252004844e+01 7.071067811865475505e+00 3.182766092567909766e+01 2.879236009777593708e+01 1.000000000000000000e+01 1.300000000000000000e+01 3.138470965295043058e+01 3.106444913401813324e+01 2.209072203437452231e+01 2.473863375370596174e+01 2.687005768508880621e+01 3.190611226708763226e+01 0.000000000000000000e+00 3.448187929913333249e+01 1.476482306023340030e+01 2.765863337187866122e+01 2.844292530665578411e+01 1.345362404707370985e+01 1.200000000000000000e+01 1.972308292331602075e+01 3.687817782917154830e+01 2.601922366251537611e+01 2.601922366251537611e+01 2.184032966784155505e+01
1.811077027627483460e+01 9.000000000000000000e+00 3.067572330035593353e+01 1.000000000000000000e+01 7.615773105863908654e+00 4.346262762420145975e+01 3.535533905932737753e+01 3.162277660168379523e+00 4.000000000000000000e+00 2.844292530665578411e+01 3.667424164178449786e+01 1.118033988749894903e+01 1.640121946685672683e+01 3.448187929913333249e+01 0.000000000000000000e+00 3.721558813185679071e+01 2.600000000000000000e+01 3.668787265568828104e+01 2.154065922853801496e+01 3.041381265149109936e+01 2.000000000000000000e+01 7.280109889280518054e+00 3.036445290137795183e+01 3.228002478313794654e+01 3.622154055254966920e+01
1.992485884517127559e+01 3.733630940518894192e+01 1.000000000000000000e+01 3.067572330035593353e+01 3.413209633175202384e+01 1.334166406412633421e+01 2.236067977499789805e+00 3.413209633175202384e+01 3.324154027718932269e+01 1.272792206135785520e+01 1.104536101718726115e+01 2.668332812825266842e+01 2.778488797889960793e+01 1.476482306023340030e+01 3.721558813185679071e+01 0.000000000000000000e+00 1.910497317454279909e+01 1.513274595042155646e+01 1.746424919657297892e+01 7.071067811865475505e+00 1.746424919657297892e+01 3.668787265568828104e+01 1.526433752247374720e+01 1.431782106327635340e+01 8.062257748298549132e+00
1.000000000000000000e+01 3.061045573002793319e+01 2.061552812808830382e+01 1.649242250247064234e+01 2.701851217221259205e+01 3.138470965295043058e+01 1.860107523773827509e+01 2.370653918225939449e+01 2.236067977499789805e+01 6.403124237432848531e+00 1.236931687685298087e+01 1.526433752247374720e+01 1.100000000000000000e+01 2.765863337187866122e+01 2.600000000000000000e+01 1.910497317454279909e+01 0.000000000000000000e+00 1.104536101718726115e+01 1.843908891458577415e+01 1.615549442140351033e+01 1.077032961426900748e+01 2.220360331117451835e+01 5.099019513592784492e+00 7.071067811865475505e+00 1.341640786499873883e+01
1.923538406167134340e+01 4.031128874149274566e+01 2.184032966784155505e+01 2.745906043549196340e+01 3.671511950137163893e+01 2.844292530665578411e+01 1.600000000000000000e+01 3.417601498127012150e+01 3.289376840679705083e+01 9.219544457292887074e+00 4.123105625617660586e+00 2.563201123595259290e+01 2.202271554554523902e+01 2.844292530665578411e+01 3.668787265568828104e+01 1.513274595042155646e+01 1.104536101718726115e+01 0.000000000000000000e+00 2.420743687382040932e+01 1.676305461424021104e+01 1.860107523773827509e+01 3.324154027718932269e+01 6.324555320336759046e+00 4.472135954999579610e+00 7.071067811865475505e+00
1.019803902718556898e+01 2.002498439450078749e+01 9.219544457292887074e+00 1.843908891458577415e+01 1.702938636592640265e+01 2.193171219946130890e+01 1.529705854077835525e+01 1.838477631085023489e+01 1.788854381999831844e+01 1.526433752247374720e+01 2.193171219946130890e+01 1.345362404707370985e+01 1.931320791582796659e+01 1.345362404707370985e+01 2.154065922853801496e+01 1.746424919657297892e+01 1.843908891458577415e+01 2.420743687382040932e+01 0.000000000000000000e+00 1.044030650891055068e+01 8.000000000000000000e+00 2.343074902771996193e+01 1.923538406167134340e+01 2.024845673131658685e+01 2.000000000000000000e+01
1.389244398944980396e+01 3.026549190084311292e+01 5.099019513592784492e+00 2.459674775249768786e+01 2.707397274136176790e+01 1.562049935181330795e+01 5.000000000000000000e+00 2.729468812791236232e+01 2.647640458974745314e+01 1.019803902718556898e+01 1.341640786499873883e+01 2.024845673131658685e+01 2.267156809750926882e+01 1.200000000000000000e+01 3.041381265149109936e+01 7.071067811865475505e+00 1.615549442140351033e+01 1.676305461424021104e+01 1.044030650891055068e+01 0.000000000000000000e+00 1.118033988749894903e+01 3.046309242345563462e+01 1.403566884761819900e+01 1.403566884761819900e+01 1.081665382639196871e+01
2.828427124746190291e+00 2.193171219946130890e+01 1.345362404707370985e+01 1.341640786499873883e+01 1.838477631085023489e+01 2.624880949681337583e+01 1.581138830084189628e+01 1.702938636592640265e+01 1.600000000000000000e+01 9.433981132056603158e+00 1.746424919657297892e+01 9.219544457292887074e+00 1.220655561573370207e+01 1.972308292331602075e+01 2.000000000000000000e+01 1.746424919657297892e+01 1.077032961426900748e+01 1.860107523773827509e+01 8.000000000000000000e+00 1.118033988749894903e+01 0.000000000000000000e+00 1.931320791582796659e+01 1.272792206135785520e+01 1.421267040355189515e+01 1.649242250247064234e+01
1.676305461424021104e+01 1.612451549659709826e+01 3.190611226708763226e+01 6.082762530298219339e+00 1.403566884761819900e+01 4.494441010848846219e+01 3.511409973215887703e+01 8.062257748298549132e+00 7.280109889280518054e+00 2.607680962081059661e+01 3.400000000000000000e+01 1.029563014098700080e+01 1.140175425099137918e+01 3.687817782917154830e+01 7.280109889280518054e+00 3.668787265568828104e+01 2.220360331117451835e+01 3.324154027718932269e+01 2.343074902771996193e+01 3.046309242345563462e+01 1.931320791582796659e+01 0.000000000000000000e+00 2.707397274136176790e+01 2.906888370749726747e+01 3.413209633175202384e+01
1.303840481040529831e+01 3.413209633175202384e+01 1.900000000000000000e+01 2.121320343559642652e+01 3.052867504494749440e+01 2.823118842698620767e+01 1.523154621172781731e+01 2.785677655436823841e+01 2.657066051117284644e+01 4.123105625617660586e+00 7.280109889280518054e+00 1.931320791582796659e+01 1.603121954188139853e+01 2.601922366251537611e+01 3.036445290137795183e+01 1.526433752247374720e+01 5.099019513592784492e+00 6.324555320336759046e+00 1.923538406167134340e+01 1.403566884761819900e+01 1.272792206135785520e+01 2.707397274136176790e+01 0.000000000000000000e+00 2.000000000000000000e+00 8.602325267042626677e+00
1.476482306023340030e+01 3.584689665786984136e+01 1.910497317454279909e+01 2.319482700948640286e+01 3.224903099319419653e+01 2.751363298439520833e+01 1.456021977856103611e+01 2.973213749463701205e+01 2.846049894151541437e+01 5.000000000000000000e+00 5.385164807134503739e+00 2.118962010041709121e+01 1.802775637731994607e+01 2.601922366251537611e+01 3.228002478313794654e+01 1.431782106327635340e+01 7.071067811865475505e+00 4.472135954999579610e+00 2.024845673131658685e+01 1.403566884761819900e+01 1.421267040355189515e+01 2.906888370749726747e+01 2.000000000000000000e+00 0.000000000000000000e+00 7.071067811865475505e+00
1.811077027627483460e+01 3.827531841800927737e+01 1.565247584249852864e+01 2.807133769523639799e+01 3.478505426185217431e+01 2.137755832643194864e+01 9.055385138137417300e+00 3.337663853655727308e+01 3.224903099319419653e+01 8.062257748298549132e+00 3.000000000000000000e+00 2.507987240796890660e+01 2.376972864800942631e+01 2.184032966784155505e+01 3.622154055254966920e+01 8.062257748298549132e+00 1.341640786499873883e+01 7.071067811865475505e+00 2.000000000000000000e+01 1.081665382639196871e+01 1.649242250247064234e+01 3.413209633175202384e+01 8.602325267042626677e+00 7.071067811865475505e+00 0.000000000000000000e+00
