0.000000000000000000e+00 1.886796226411320632e+01 6.403124237432848531e+00 1.941648783894759944e+01 2.954657340538831534e+01 2.624880949681337583e+01 1.104536101718726115e+01 1.456021977856103611e+01 1.236931687685298087e+01 3.820994634908559817e+01 2.785677655436823841e+01 3.138470965295043058e+01 2.308679276123039159e+01 3.301514803843835466e+01 2.500000000000000000e+01 1.140175425099137918e+01 6.324555320336759046e+00 2.692582403567251959e+01 7.071067811865475505e+00 3.361547262794321966e+01 2.617250465660480074e+01 2.886173937932362321e+01 1.984943324127920761e+01 1.992485884517127559e+01 2.624880949681337583e+01 2.500000000000000000e+01
1.886796226411320632e+01 0.000000000000000000e+00 2.061552812808830382e+01 6.708203932499369415e+00 1.118033988749894903e+01 8.062257748298549132e+00 2.580697580112788003e+01 2.683281572999747766e+01 1.360147050873544394e+01 3.929376540877699853e+01 2.236067977499789805e+01 3.700000000000000000e+01 6.708203932499369415e+00 1.421267040355189515e+01 2.531797780234432693e+01 8.602325267042626677e+00 2.126029162546929996e+01 8.062257748298549132e+00 1.860107523773827509e+01 1.529705854077835525e+01 1.640121946685672683e+01 2.080865204668481283e+01 2.302172886644267535e+01 3.067572330035593353e+01 3.590264614203248072e+01 1.878829422805593552e+01
6.403124237432848531e+00 2.061552812808830382e+01 0.000000000000000000e+00 2.302172886644267535e+01 3.178049716414140846e+01 2.683281572999747766e+01 1.676305461424021104e+01 2.061552812808830382e+01 1.788854381999831844e+01 4.459820624195551630e+01 3.354101966249684352e+01 3.773592452822641263e+01 2.607680962081059661e+01 3.401470270338990076e+01 3.124099870362661591e+01 1.513274595042155646e+01 1.252996408614166768e+01 2.846049894151541437e+01 1.345362404707370985e+01 3.590264614203248072e+01 3.104834939252004844e+01 3.417601498127012150e+01 2.617250465660480074e+01 2.600000000000000000e+01 3.231098884280702066e+01 3.046309242345563462e+01
1.941648783894759944e+01 6.708203932499369415e+00 2.302172886644267535e+01 0.000000000000000000e+00 1.131370849898476116e+01 1.303840481040529831e+01 2.343074902771996193e+01 2.343074902771996193e+01 9.899494936611665352e+00 3.275667870831839679e+01 1.565247584249852864e+01 3.114482300479487265e+01 4.242640687119284770e+00 1.700000000000000000e+01 1.902629759044044633e+01 8.062257748298549132e+00 1.972308292331602075e+01 1.077032961426900748e+01 1.664331697709323876e+01 1.500000000000000000e+01 9.899494936611665352e+00 1.421267040355189515e+01 1.746424919657297892e+01 2.641968962724581260e+01 3.101612483854164637e+01 1.208304597359457233e+01
2.954657340538831534e+01 1.118033988749894903e+01 3.178049716414140846e+01 1.131370849898476116e+01 0.000000000000000000e+00 8.602325267042626677e+00 3.471310991541956525e+01 3.471310991541956525e+01 2.121320343559642652e+01 4.001249804748510996e+01 2.202271554554523902e+01 4.052159917870962147e+01 7.071067811865475505e+00 7.000000000000000000e+00 2.789265136196270589e+01 1.835755975068581947e+01 3.080584360149872580e+01 4.472135954999579610e+00 2.780287754891568852e+01 4.123105625617660586e+00 1.503329637837290811e+01 1.902629759044044633e+01 2.773084924772409465e+01 3.744329045369811126e+01 4.159326868617084472e+01 1.923538406167134340e+01
2.624880949681337583e+01 8.062257748298549132e+00 2.683281572999747766e+01 1.303840481040529831e+01 8.602325267042626677e+00 0.000000000000000000e+00 3.383784863137726262e+01 3.488552708502481892e+01 2.154065922853801496e+01 4.539823785126466760e+01 2.765863337187866122e+01 4.418144406874904462e+01 1.019803902718556898e+01 7.280109889280518054e+00 3.200000000000000000e+01 1.664331697709323876e+01 2.920616373302046753e+01 4.242640687119284770e+00 2.662705391138869615e+01 1.170469991071962568e+01 2.088061301782110135e+01 2.529822128134703618e+01 3.041381265149109936e+01 3.862641583165593318e+01 4.368065933568311010e+01 2.433105012119287736e+01
1.104536101718726115e+01 2.580697580112788003e+01 1.676305461424021104e+01 2.343074902771996193e+01 3.471310991541956525e+01 3.383784863137726262e+01 0.000000000000000000e+00 4.242640687119284770e+00 1.360147050873544394e+01 3.023243291566194912e+01 2.501999200639360765e+01 2.193171219946130890e+01 2.765863337187866122e+01 3.969886648255841521e+01 1.941648783894759944e+01 1.720465053408525335e+01 5.099019513592784492e+00 3.330165161069342616e+01 7.211102550927978250e+00 3.841874542459709119e+01 2.624880949681337583e+01 2.729468812791236232e+01 1.414213562373095101e+01 9.433981132056603158e+00 1.565247584249852864e+01 2.334523505985750447e+01
1.456021977856103611e+01 2.683281572999747766e+01 2.061552812808830382e+01 2.343074902771996193e+01 3.471310991541956525e+01 3.488552708502481892e+01 4.242640687119284770e+00 0.000000000000000000e+00 1.360147050873544394e+01 2.607680962081059661e+01 2.236067977499789805e+01 1.769180601295413169e+01 2.765863337187866122e+01 4.022437072223753063e+01 1.603121954188139853e+01 1.838477631085023489e+01 8.246211251235321171e+00 3.383784863137726262e+01 9.055385138137417300e+00 3.818376618407356915e+01 2.459674775249768786e+01 2.500000000000000000e+01 1.104536101718726115e+01 5.385164807134503739e+00 1.170469991071962568e+01 2.118962010041709121e+01
1.236931687685298087e+01 1.360147050873544394e+01 1.788854381999831844e+01 9.899494936611665352e+00 2.121320343559642652e+01 2.154065922853801496e+01 1.360147050873544394e+01 1.360147050873544394e+01 0.000000000000000000e+00 2.865309756378880479e+01 1.565247584249852864e+01 2.433105012119287736e+01 1.414213562373095101e+01 2.662705391138869615e+01 1.442220510185595650e+01 6.082762530298219339e+00 1.044030650891055068e+01 2.024845673131658685e+01 7.280109889280518054e+00 2.483948469674844262e+01 1.400000000000000000e+01 1.649242250247064234e+01 1.044030650891055068e+01 1.708800749063506075e+01 2.236067977499789805e+01 1.264911064067351809e+01
3.820994634908559817e+01 3.929376540877699853e+01 4.459820624195551630e+01 3.275667870831839679e+01 4.001249804748510996e+01 4.539823785126466760e+01 3.023243291566194912e+01 2.607680962081059661e+01 2.865309756378880479e+01 0.000000000000000000e+00 1.800000000000000000e+01 1.004987562112088995e+01 3.522782990761707111e+01 4.701063709417263681e+01 1.431782106327635340e+01 3.443835071544512516e+01 3.255764119219941222e+01 4.210700654285459876e+01 3.114482300479487265e+01 4.130375285612676350e+01 2.500000000000000000e+01 2.109502310972898798e+01 1.860107523773827509e+01 2.193171219946130890e+01 1.824828759089465890e+01 2.109502310972898798e+01
2.785677655436823841e+01 2.236067977499789805e+01 3.354101966249684352e+01 1.565247584249852864e+01 2.202271554554523902e+01 2.765863337187866122e+01 2.501999200639360765e+01 2.236067977499789805e+01 1.565247584249852864e+01 1.800000000000000000e+01 0.000000000000000000e+00 1.972308292331602075e+01 1.746424919657297892e+01 2.901723625709381693e+01 7.810249675906653977e+00 1.984943324127920761e+01 2.433105012119287736e+01 2.418677324489564739e+01 2.158703314492290204e+01 2.353720459187963954e+01 7.000000000000000000e+00 3.605551275463989125e+00 1.140175425099137918e+01 2.193171219946130890e+01 2.343074902771996193e+01 3.605551275463989125e+00
3.138470965295043058e+01 3.700000000000000000e+01 3.773592452822641263e+01 3.114482300479487265e+01 4.052159917870962147e+01 4.418144406874904462e+01 2.193171219946130890e+01 1.769180601295413169e+01 2.433105012119287736e+01 1.004987562112088995e+01 1.972308292331602075e+01 0.000000000000000000e+00 3.452535300326413648e+01 4.729693436154187225e+01 1.264911064067351809e+01 3.041381265149109936e+01 2.523885892824792521e+01 4.159326868617084472e+01 2.459674775249768786e+01 4.272001872658765365e+01 2.600000000000000000e+01 2.332380757938120297e+01 1.403566884761819900e+01 1.280624847486569706e+01 8.246211251235321171e+00 2.154065922853801496e+01
2.308679276123039159e+01 6.708203932499369415e+00 2.607680962081059661e+01 4.242640687119284770e+00 7.071067811865475505e+00 1.019803902718556898e+01 2.765863337187866122e+01 2.765863337187866122e+01 1.414213562373095101e+01 3.522782990761707111e+01 1.746424919657297892e+01 3.452535300326413648e+01 0.000000000000000000e+00 1.300000000000000000e+01 2.209072203437452231e+01 1.170469991071962568e+01 2.385372088375312671e+01 7.071067811865475505e+00 2.080865204668481283e+01 1.081665382639196871e+01 1.077032961426900748e+01 1.523154621172781731e+01 2.118962010041709121e+01 3.052867504494749440e+01 3.492849839314595783e+01 1.414213562373095101e+01
3.301514803843835466e+01 1.421267040355189515e+01 3.401470270338990076e+01 1.700000000000000000e+01 7.000000000000000000e+00 7.280109889280518054e+00 3.969886648255841521e+01 4.022437072223753063e+01 2.662705391138869615e+01 4.701063709417263681e+01 2.901723625709381693e+01 4.729693436154187225e+01 1.300000000000000000e+01 0.000000000000000000e+00 3.471310991541956525e+01 2.262741699796952233e+01 3.535533905932737753e+01 6.403124237432848531e+00 3.255764119219941222e+01 7.211102550927978250e+00 2.202271554554523902e+01 2.601922366251537611e+01 3.417601498127012150e+01 4.341658669218482203e+01 4.792702786528703740e+01 2.617250465660480074e+01
2.500000000000000000e+01 2.531797780234432693e+01 3.124099870362661591e+01 1.902629759044044633e+01 2.789265136196270589e+01 3.200000000000000000e+01 1.941648783894759944e+01 1.603121954188139853e+01 1.442220510185595650e+01 1.431782106327635340e+01 7.810249675906653977e+00 1.264911064067351809e+01 2.209072203437452231e+01 3.471310991541956525e+01 0.000000000000000000e+00 2.012461179749810825e+01 2.012461179749810825e+01 2.915475947422650194e+01 1.802775637731994607e+01 3.008321791298264714e+01 1.341640786499873883e+01 1.131370849898476116e+01 5.385164807134503739e+00 1.456021977856103611e+01 1.562049935181330795e+01 8.944271909999159220e+00
1.140175425099137918e+01 8.602325267042626677e+00 1.513274595042155646e+01 8.062257748298549132e+00 1.835755975068581947e+01 1.664331697709323876e+01 1.720465053408525335e+01 1.838477631085023489e+01 6.082762530298219339e+00 3.443835071544512516e+01 1.984943324127920761e+01 3.041381265149109936e+01 1.170469991071962568e+01 2.262741699796952233e+01 2.012461179749810825e+01 0.000000000000000000e+00 1.272792206135785520e+01 1.627882059609970611e+01 1.000000000000000000e+01 2.236067977499789805e+01 1.615549442140351033e+01 1.972308292331602075e+01 1.649242250247064234e+01 2.256102834535695578e+01 2.816025568065744622e+01 1.640121946685672683e+01
6.324555320336759046e+00 2.126029162546929996e+01 1.252996408614166768e+01 1.972308292331602075e+01 3.080584360149872580e+01 2.920616373302046753e+01 5.099019513592784492e+00 8.246211251235321171e+00 1.044030650891055068e+01 3.255764119219941222e+01 2.433105012119287736e+01 2.523885892824792521e+01 2.385372088375312671e+01 3.535533905932737753e+01 2.012461179749810825e+01 1.272792206135785520e+01 0.000000000000000000e+00 2.900000000000000000e+01 3.162277660168379523e+00 3.466987164671942878e+01 2.418677324489564739e+01 2.601922366251537611e+01 1.476482306023340030e+01 1.360147050873544394e+01 1.992485884517127559e+01 2.202271554554523902e+01
2.692582403567251959e+01 8.062257748298549132e+00 2.846049894151541437e+01 1.077032961426900748e+01 4.472135954999579610e+00 4.242640687119284770e+00 3.330165161069342616e+01 3.383784863137726262e+01 2.024845673131658685e+01 4.210700654285459876e+01 2.418677324489564739e+01 4.159326868617084472e+01 7.071067811865475505e+00 6.403124237432848531e+00 2.915475947422650194e+01 1.627882059609970611e+01 2.900000000000000000e+01 0.000000000000000000e+00 2.617250465660480074e+01 8.062257748298549132e+00 1.726267650163206824e+01 2.158703314492290204e+01 2.816025568065744622e+01 3.712142238654116966e+01 4.178516483155235761e+01 2.102379604162863913e+01
7.071067811865475505e+00 1.860107523773827509e+01 1.345362404707370985e+01 1.664331697709323876e+01 2.780287754891568852e+01 2.662705391138869615e+01 7.211102550927978250e+00 9.055385138137417300e+00 7.280109889280518054e+00 3.114482300479487265e+01 2.158703314492290204e+01 2.459674775249768786e+01 2.080865204668481283e+01 3.255764119219941222e+01 1.802775637731994607e+01 1.000000000000000000e+01 3.162277660168379523e+00 2.617250465660480074e+01 0.000000000000000000e+00 3.162277660168379256e+01 2.109502310972898798e+01 2.308679276123039159e+01 1.280624847486569706e+01 1.403566884761819900e+01 2.022374841615668473e+01 1.910497317454279909e+01
3.361547262794321966e+01 1.529705854077835525e+01 3.590264614203248072e+01 1.500000000000000000e+01 4.123105625617660586e+00 1.170469991071962568e+01 3.841874542459709119e+01 3.818376618407356915e+01 2.483948469674844262e+01 4.130375285612676350e+01 2.353720459187963954e+01 4.272001872658765365e+01 1.081665382639196871e+01 7.211102550927978250e+00 3.008321791298264714e+01 2.236067977499789805e+01 3.466987164671942878e+01 8.062257748298549132e+00 3.162277660168379256e+01 0.000000000000000000e+00 1.676305461424021104e+01 2.022374841615668473e+01 3.052867504494749440e+01 4.060788100849390503e+01 4.441846462902562109e+01 2.118962010041709121e+01
2.617250465660480074e+01 1.640121946685672683e+01 3.104834939252004844e+01 9.899494936611665352e+00 1.503329637837290811e+01 2.088061301782110135e+01 2.624880949681337583e+01 2.459674775249768786e+01 1.400000000000000000e+01 2.500000000000000000e+01 7.000000000000000000e+00 2.600000000000000000e+01 1.077032961426900748e+01 2.202271554554523902e+01 1.341640786499873883e+01 1.615549442140351033e+01 2.418677324489564739e+01 1.726267650163206824e+01 2.109502310972898798e+01 1.676305461424021104e+01 0.000000000000000000e+00 4.472135954999579610e+00 1.486606874731850603e+01 2.561249694973139412e+01 2.842534080710379030e+01 4.472135954999579610e+00
2.886173937932362321e+01 2.080865204668481283e+01 3.417601498127012150e+01 1.421267040355189515e+01 1.902629759044044633e+01 2.529822128134703618e+01 2.729468812791236232e+01 2.500000000000000000e+01 1.649242250247064234e+01 2.109502310972898798e+01 3.605551275463989125e+00 2.332380757938120297e+01 1.523154621172781731e+01 2.601922366251537611e+01 1.131370849898476116e+01 1.972308292331602075e+01 2.601922366251537611e+01 2.158703314492290204e+01 2.308679276123039159e+01 2.022374841615668473e+01 4.472135954999579610e+00 0.000000000000000000e+00 1.431782106327635340e+01 2.505992817228333536e+01 2.690724809414741969e+01 4.000000000000000000e+00
1.984943324127920761e+01 2.302172886644267535e+01 2.617250465660480074e+01 1.746424919657297892e+01 2.773084924772409465e+01 3.041381265149109936e+01 1.414213562373095101e+01 1.104536101718726115e+01 1.044030650891055068e+01 1.860107523773827509e+01 1.140175425099137918e+01 1.403566884761819900e+01 2.118962010041709121e+01 3.417601498127012150e+01 5.385164807134503739e+00 1.649242250247064234e+01 1.476482306023340030e+01 2.816025568065744622e+01 1.280624847486569706e+01 3.052867504494749440e+01 1.486606874731850603e+01 1.431782106327635340e+01 0.000000000000000000e+00 1.081665382639196871e+01 1.389244398944980396e+01 1.081665382639196871e+01
1.992485884517127559e+01 3.067572330035593353e+01 2.600000000000000000e+01 2.641968962724581260e+01 3.744329045369811126e+01 3.862641583165593318e+01 9.433981132056603158e+00 5.385164807134503739e+00 1.708800749063506075e+01 2.193171219946130890e+01 2.193171219946130890e+01 1.280624847486569706e+01 3.052867504494749440e+01 4.341658669218482203e+01 1.456021977856103611e+01 2.256102834535695578e+01 1.360147050873544394e+01 3.712142238654116966e+01 1.403566884761819900e+01 4.060788100849390503e+01 2.561249694973139412e+01 2.505992817228333536e+01 1.081665382639196871e+01 0.000000000000000000e+00 6.324555320336759046e+00 2.163330765278393741e+01
2.624880949681337583e+01 3.590264614203248072e+01 3.231098884280702066e+01 3.101612483854164637e+01 4.159326868617084472e+01 4.368065933568311010e+01 1.565247584249852864e+01 1.170469991071962568e+01 2.236067977499789805e+01 1.824828759089465890e+01 2.343074902771996193e+01 8.246211251235321171e+00 3.492849839314595783e+01 4.792702786528703740e+01 1.562049935181330795e+01 2.816025568065744622e+01 1.992485884517127559e+01 4.178516483155235761e+01 2.022374841615668473e+01 4.441846462902562109e+01 2.842534080710379030e+01 2.690724809414741969e+01 1.389244398944980396e+01 6.324555320336759046e+00 0.000000000000000000e+00 2.408318915758459156e+01
2.500000000000000000e+01 1.878829422805593552e+01 3.046309242345563462e+01 1.208304597359457233e+01 1.923538406167134340e+01 2.433105012119287736e+01 2.334523505985750447e+01 2.118962010041709121e+01 1.264911064067351809e+01 2.109502310972898798e+01 3.605551275463989125e+00 2.154065922853801496e+01 1.414213562373095101e+01 2.617250465660480074e+01 8.944271909999159220e+00 1.640121946685672683e+01 2.202271554554523902e+01 2.102379604162863913e+01 1.910497317454279909e+01 2.118962010041709121e+01 4.472135954999579610e+00 4.000000000000000000e+00 1.081665382639196871e+01 2.163330765278393741e+01 2.408318915758459156e+01 0.000000000000000000e+00
