0.000000000000000000e+00 1.802775637731994607e+01 3.067572330035593353e+01 1.252996408614166768e+01 1.170469991071962568e+01 7.071067811865475505e+00 2.193171219946130890e+01 1.513274595042155646e+01 1.208304597359457233e+01 1.523154621172781731e+01 1.220655561573370207e+01 3.036445290137795183e+01 1.843908891458577415e+01 2.473863375370596174e+01 5.099019513592784492e+00 3.059411708155671050e+01 1.104536101718726115e+01 3.577708763999663688e+01 1.200000000000000000e+01 3.605551275463989125e+00 3.111269837220809009e+01 9.848857801796103928e+00 3.397057550292606010e+01 8.944271909999159220e+00 1.204159457879229578e+01 1.486606874731850603e+01
1.802775637731994607e+01 0.000000000000000000e+00 2.000000000000000000e+01 1.341640786499873883e+01 2.973213749463701205e+01 1.627882059609970611e+01 1.529705854077835525e+01 1.749285568453590045e+01 2.780287754891568852e+01 2.435159132377184221e+01 1.077032961426900748e+01 1.236931687685298087e+01 2.729468812791236232e+01 3.195309061734091571e+01 1.300000000000000000e+01 1.300000000000000000e+01 2.475883680627989492e+01 2.662705391138869615e+01 1.802775637731994607e+01 1.529705854077835525e+01 2.844292530665578411e+01 2.785677655436823841e+01 3.157530680769388809e+01 1.315294643796590535e+01 2.915475947422650194e+01 8.602325267042626677e+00
3.067572330035593353e+01 2.000000000000000000e+01 0.000000000000000000e+00 1.843908891458577415e+01 4.044749683231336945e+01 2.451530134426252516e+01 9.055385138137417300e+00 3.679673898594819548e+01 3.401470270338990076e+01 4.243819034784588951e+01 2.973213749463701205e+01 1.900000000000000000e+01 2.624880949681337583e+01 2.692582403567251959e+01 2.640075756488817049e+01 1.603121954188139853e+01 3.001666203960726875e+01 6.708203932499369415e+00 3.640054944640259293e+01 2.996664812754339380e+01 1.389244398944980396e+01 3.847076812334268681e+01 1.615549442140351033e+01 3.080584360149872580e+01 3.701351104664349378e+01 2.831960451701259274e+01
1.252996408614166768e+01 1.341640786499873883e+01 1.843908891458577415e+01 0.000000000000000000e+00 2.209072203437452231e+01 6.082762530298219339e+00 9.486832980505138124e+00 2.284731931759172596e+01 1.676305461424021104e+01 2.624880949681337583e+01 1.649242250247064234e+01 2.343074902771996193e+01 1.389244398944980396e+01 1.868154169226940553e+01 9.219544457292887074e+00 2.247220505424423109e+01 1.300000000000000000e+01 2.325940669922601600e+01 2.109502310972898798e+01 1.272792206135785520e+01 1.941648783894759944e+01 2.009975124224177989e+01 2.247220505424423109e+01 1.565247584249852864e+01 1.923538406167134340e+01 1.702938636592640265e+01
1.170469991071962568e+01 2.973213749463701205e+01 4.044749683231336945e+01 2.209072203437452231e+01 0.000000000000000000e+00 1.603121954188139853e+01 3.140063693621516450e+01 2.302172886644267535e+01 9.219544457292887074e+00 1.868154169226940553e+01 2.280350850198275836e+01 4.205948168962618183e+01 2.051828452868319275e+01 2.624880949681337583e+01 1.676305461424021104e+01 4.220189569201838253e+01 1.220655561573370207e+01 4.464302857109942835e+01 1.941648783894759944e+01 1.476482306023340030e+01 3.758989225842500304e+01 2.000000000000000000e+00 3.996248240537617136e+01 1.920937271229854559e+01 5.830951894845300743e+00 2.580697580112788003e+01
7.071067811865475505e+00 1.627882059609970611e+01 2.451530134426252516e+01 6.082762530298219339e+00 1.603121954188139853e+01 0.000000000000000000e+00 1.552417469626002422e+01 2.022374841615668473e+01 1.166190378969060149e+01 2.195449840010014952e+01 1.513274595042155646e+01 2.778488797889960793e+01 1.303840481040529831e+01 1.902629759044044633e+01 6.000000000000000000e+00 2.731300056749532601e+01 8.485281374238569541e+00 2.915475947422650194e+01 1.772004514666934938e+01 8.544003745317530374e+00 2.404163056034261459e+01 1.403566884761819900e+01 2.690724809414741969e+01 1.303840481040529831e+01 1.360147050873544394e+01 1.676305461424021104e+01
2.193171219946130890e+01 1.529705854077835525e+01 9.055385138137417300e+00 9.486832980505138124e+00 3.140063693621516450e+01 1.552417469626002422e+01 0.000000000000000000e+00 3.000000000000000000e+01 2.507987240796890660e+01 3.471310991541956525e+01 2.302172886644267535e+01 2.012461179749810825e+01 1.835755975068581947e+01 2.051828452868319275e+01 1.802775637731994607e+01 1.802775637731994607e+01 2.109502310972898798e+01 1.389244398944980396e+01 2.900000000000000000e+01 2.163330765278393741e+01 1.315294643796590535e+01 2.942787793912432193e+01 1.627882059609970611e+01 2.334523505985750447e+01 2.800000000000000000e+01 2.236067977499789805e+01
1.513274595042155646e+01 1.749285568453590045e+01 3.679673898594819548e+01 2.284731931759172596e+01 2.302172886644267535e+01 2.022374841615668473e+01 3.000000000000000000e+01 0.000000000000000000e+00 2.692582403567251959e+01 8.062257748298549132e+00 7.071067811865475505e+00 2.765863337187866122e+01 3.306055050963308162e+01 3.920459156782531807e+01 1.431782106327635340e+01 2.941088233970548416e+01 2.617250465660480074e+01 4.313930922024598402e+01 3.605551275463989125e+00 1.200000000000000000e+01 4.205948168962618183e+01 2.195449840010014952e+01 4.517742799230607176e+01 7.280109889280518054e+00 2.600000000000000000e+01 8.944271909999159220e+00
1.208304597359457233e+01 2.780287754891568852e+01 3.401470270338990076e+01 1.676305461424021104e+01 9.219544457292887074e+00 1.166190378969060149e+01 2.507987240796890660e+01 2.692582403567251959e+01 0.000000000000000000e+00 2.501999200639360765e+01 2.418677324489564739e+01 3.944616584663204151e+01 1.140175425099137918e+01 1.702938636592640265e+01 1.562049935181330795e+01 3.891015291668743714e+01 4.000000000000000000e+00 3.733630940518894192e+01 2.353720459187963954e+01 1.565247584249852864e+01 2.915475947422650194e+01 8.062257748298549132e+00 3.130495168499705727e+01 2.102379604162863913e+01 3.605551275463989125e+00 2.662705391138869615e+01
1.523154621172781731e+01 2.435159132377184221e+01 4.243819034784588951e+01 2.624880949681337583e+01 1.868154169226940553e+01 2.195449840010014952e+01 3.471310991541956525e+01 8.062257748298549132e+00 2.501999200639360765e+01 0.000000000000000000e+00 1.360147050873544394e+01 3.535533905932737753e+01 3.352610922848042208e+01 3.984971769034255118e+01 1.702938636592640265e+01 3.687817782917154830e+01 2.549509756796392423e+01 4.841487374764081864e+01 6.324555320336759046e+00 1.360147050873544394e+01 4.560701700396551672e+01 1.824828759089465890e+01 4.860041152089146976e+01 1.166190378969060149e+01 2.308679276123039159e+01 1.627882059609970611e+01
1.220655561573370207e+01 1.077032961426900748e+01 2.973213749463701205e+01 1.649242250247064234e+01 2.280350850198275836e+01 1.513274595042155646e+01 2.302172886644267535e+01 7.071067811865475505e+00 2.418677324489564739e+01 1.360147050873544394e+01 0.000000000000000000e+00 2.202271554554523902e+01 2.816025568065744622e+01 3.401470270338990076e+01 9.219544457292887074e+00 2.334523505985750447e+01 2.247220505424423109e+01 3.606937759374286401e+01 7.280109889280518054e+00 8.602325267042626677e+00 3.534119409414458346e+01 2.126029162546929996e+01 3.848376280978771291e+01 3.605551275463989125e+00 2.420743687382040932e+01 3.162277660168379523e+00
3.036445290137795183e+01 1.236931687685298087e+01 1.900000000000000000e+01 2.343074902771996193e+01 4.205948168962618183e+01 2.778488797889960793e+01 2.012461179749810825e+01 2.765863337187866122e+01 3.944616584663204151e+01 3.535533905932737753e+01 2.202271554554523902e+01 0.000000000000000000e+00 3.679673898594819548e+01 4.022437072223753063e+01 2.529822128134703618e+01 3.162277660168379523e+00 3.605551275463989214e+01 2.517935662402834396e+01 2.915475947422650194e+01 2.765863337187866122e+01 3.178049716414140846e+01 4.016217125604640614e+01 3.452535300326413648e+01 2.501999200639360765e+01 4.114608122288196768e+01 1.910497317454279909e+01
1.843908891458577415e+01 2.729468812791236232e+01 2.624880949681337583e+01 1.389244398944980396e+01 2.051828452868319275e+01 1.303840481040529831e+01 1.835755975068581947e+01 3.306055050963308162e+01 1.140175425099137918e+01 3.352610922848042208e+01 2.816025568065744622e+01 3.679673898594819548e+01 0.000000000000000000e+00 6.324555320336759046e+00 1.902629759044044633e+01 3.538361202590826338e+01 8.602325267042626677e+00 2.807133769523639799e+01 3.026549190084311292e+01 2.109502310972898798e+01 1.843908891458577415e+01 1.910497317454279909e+01 2.024845673131658685e+01 2.600000000000000000e+01 1.500000000000000000e+01 2.961418578992169515e+01
2.473863375370596174e+01 3.195309061734091571e+01 2.692582403567251959e+01 1.868154169226940553e+01 2.624880949681337583e+01 1.902629759044044633e+01 2.051828452868319275e+01 3.920459156782531807e+01 1.702938636592640265e+01 3.984971769034255118e+01 3.401470270338990076e+01 4.022437072223753063e+01 6.324555320336759046e+00 0.000000000000000000e+00 2.501999200639360765e+01 3.841874542459709119e+01 1.476482306023340030e+01 2.720294101747088789e+01 3.649657518178931781e+01 2.729468812791236232e+01 1.612451549659709826e+01 2.500000000000000000e+01 1.702938636592640265e+01 3.206243908376279705e+01 2.051828452868319275e+01 3.522782990761707111e+01
5.099019513592784492e+00 1.300000000000000000e+01 2.640075756488817049e+01 9.219544457292887074e+00 1.676305461424021104e+01 6.000000000000000000e+00 1.802775637731994607e+01 1.431782106327635340e+01 1.562049935181330795e+01 1.702938636592640265e+01 9.219544457292887074e+00 2.529822128134703618e+01 1.902629759044044633e+01 2.501999200639360765e+01 0.000000000000000000e+00 2.549509756796392423e+01 1.341640786499873883e+01 3.190611226708763226e+01 1.208304597359457233e+01 3.605551275463989125e+00 2.860069929215018192e+01 1.486606874731850603e+01 3.162277660168379256e+01 7.071067811865475505e+00 1.640121946685672683e+01 1.118033988749894903e+01
3.059411708155671050e+01 1.300000000000000000e+01 1.603121954188139853e+01 2.247220505424423109e+01 4.220189569201838253e+01 2.731300056749532601e+01 1.802775637731994607e+01 2.941088233970548416e+01 3.891015291668743714e+01 3.687817782917154830e+01 2.334523505985750447e+01 3.162277660168379523e+00 3.538361202590826338e+01 3.841874542459709119e+01 2.549509756796392423e+01 0.000000000000000000e+00 3.535533905932737753e+01 2.209072203437452231e+01 3.059411708155671050e+01 2.816025568065744622e+01 2.912043955712207222e+01 4.026164427839479032e+01 3.178049716414140846e+01 2.607680962081059661e+01 4.085339643163099055e+01 2.061552812808830382e+01
1.104536101718726115e+01 2.475883680627989492e+01 3.001666203960726875e+01 1.300000000000000000e+01 1.220655561573370207e+01 8.485281374238569541e+00 2.109502310972898798e+01 2.617250465660480074e+01 4.000000000000000000e+00 2.549509756796392423e+01 2.247220505424423109e+01 3.605551275463989214e+01 8.602325267042626677e+00 1.476482306023340030e+01 1.341640786499873883e+01 3.535533905932737753e+01 0.000000000000000000e+00 3.337663853655727308e+01 2.302172886644267535e+01 1.431782106327635340e+01 2.549509756796392423e+01 1.063014581273464998e+01 2.778488797889960793e+01 1.964688270438849926e+01 7.280109889280518054e+00 2.459674775249768786e+01
3.577708763999663688e+01 2.662705391138869615e+01 6.708203932499369415e+00 2.325940669922601600e+01 4.464302857109942835e+01 2.915475947422650194e+01 1.389244398944980396e+01 4.313930922024598402e+01 3.733630940518894192e+01 4.841487374764081864e+01 3.606937759374286401e+01 2.517935662402834396e+01 2.807133769523639799e+01 2.720294101747088789e+01 3.190611226708763226e+01 2.209072203437452231e+01 3.337663853655727308e+01 0.000000000000000000e+00 4.252058325093859992e+01 3.551056180912940619e+01 1.166190378969060149e+01 4.272001872658765365e+01 1.272792206135785520e+01 3.687817782917154830e+01 4.060788100849390503e+01 3.482814953453599571e+01
1.200000000000000000e+01 1.802775637731994607e+01 3.640054944640259293e+01 2.109502310972898798e+01 1.941648783894759944e+01 1.772004514666934938e+01 2.900000000000000000e+01 3.605551275463989125e+00 2.353720459187963954e+01 6.324555320336759046e+00 7.280109889280518054e+00 2.915475947422650194e+01 3.026549190084311292e+01 3.649657518178931781e+01 1.208304597359457233e+01 3.059411708155671050e+01 2.302172886644267535e+01 4.252058325093859992e+01 0.000000000000000000e+00 9.219544457292887074e+00 4.049691346263317371e+01 1.835755975068581947e+01 4.356604182158393002e+01 5.656854249492380582e+00 2.247220505424423109e+01 1.004987562112088995e+01
3.605551275463989125e+00 1.529705854077835525e+01 2.996664812754339380e+01 1.272792206135785520e+01 1.476482306023340030e+01 8.544003745317530374e+00 2.163330765278393741e+01 1.200000000000000000e+01 1.565247584249852864e+01 1.360147050873544394e+01 8.602325267042626677e+00 2.765863337187866122e+01 2.109502310972898798e+01 2.729468812791236232e+01 3.605551275463989125e+00 2.816025568065744622e+01 1.431782106327635340e+01 3.551056180912940619e+01 9.219544457292887074e+00 0.000000000000000000e+00 3.201562118716424266e+01 1.303840481040529831e+01 3.500000000000000000e+01 5.385164807134503739e+00 1.562049935181330795e+01 1.131370849898476116e+01
3.111269837220809009e+01 2.844292530665578411e+01 1.389244398944980396e+01 1.941648783894759944e+01 3.758989225842500304e+01 2.404163056034261459e+01 1.315294643796590535e+01 4.205948168962618183e+01 2.915475947422650194e+01 4.560701700396551672e+01 3.534119409414458346e+01 3.178049716414140846e+01 1.843908891458577415e+01 1.612451549659709826e+01 2.860069929215018192e+01 2.912043955712207222e+01 2.549509756796392423e+01 1.166190378969060149e+01 4.049691346263317371e+01 3.201562118716424266e+01 0.000000000000000000e+00 3.584689665786984136e+01 3.162277660168379523e+00 3.498571136907180090e+01 3.269556544854363267e+01 3.511409973215887703e+01
9.848857801796103928e+00 2.785677655436823841e+01 3.847076812334268681e+01 2.009975124224177989e+01 2.000000000000000000e+00 1.403566884761819900e+01 2.942787793912432193e+01 2.195449840010014952e+01 8.062257748298549132e+00 1.824828759089465890e+01 2.126029162546929996e+01 4.016217125604640614e+01 1.910497317454279909e+01 2.500000000000000000e+01 1.486606874731850603e+01 4.026164427839479032e+01 1.063014581273464998e+01 4.272001872658765365e+01 1.835755975068581947e+01 1.303840481040529831e+01 3.584689665786984136e+01 0.000000000000000000e+00 3.827531841800927737e+01 1.769180601295413169e+01 5.099019513592784492e+00 2.420743687382040932e+01
3.397057550292606010e+01 3.157530680769388809e+01 1.615549442140351033e+01 2.247220505424423109e+01 3.996248240537617136e+01 2.690724809414741969e+01 1.627882059609970611e+01 4.517742799230607176e+01 3.130495168499705727e+01 4.860041152089146976e+01 3.848376280978771291e+01 3.452535300326413648e+01 2.024845673131658685e+01 1.702938636592640265e+01 3.162277660168379256e+01 3.178049716414140846e+01 2.778488797889960793e+01 1.272792206135785520e+01 4.356604182158393002e+01 3.500000000000000000e+01 3.162277660168379523e+00 3.827531841800927737e+01 0.000000000000000000e+00 3.807886552931954327e+01 3.488552708502481892e+01 3.827531841800927737e+01
8.944271909999159220e+00 1.315294643796590535e+01 3.080584360149872580e+01 1.565247584249852864e+01 1.920937271229854559e+01 1.303840481040529831e+01 2.334523505985750447e+01 7.280109889280518054e+00 2.102379604162863913e+01 1.166190378969060149e+01 3.605551275463989125e+00 2.501999200639360765e+01 2.600000000000000000e+01 3.206243908376279705e+01 7.071067811865475505e+00 2.607680962081059661e+01 1.964688270438849926e+01 3.687817782917154830e+01 5.656854249492380582e+00 5.385164807134503739e+00 3.498571136907180090e+01 1.769180601295413169e+01 3.807886552931954327e+01 0.000000000000000000e+00 2.080865204668481283e+01 6.708203932499369415e+00
1.204159457879229578e+01 2.915475947422650194e+01 3.701351104664349378e+01 1.923538406167134340e+01 5.830951894845300743e+00 1.360147050873544394e+01 2.800000000000000000e+01 2.600000000000000000e+01 3.605551275463989125e+00 2.308679276123039159e+01 2.420743687382040932e+01 4.114608122288196768e+01 1.500000000000000000e+01 2.051828452868319275e+01 1.640121946685672683e+01 4.085339643163099055e+01 7.280109889280518054e+00 4.060788100849390503e+01 2.247220505424423109e+01 1.562049935181330795e+01 3.269556544854363267e+01 5.099019513592784492e+00 3.488552708502481892e+01 2.080865204668481283e+01 0.000000000000000000e+00 2.690724809414741969e+01
1.486606874731850603e+01 8.602325267042626677e+00 2.831960451701259274e+01 1.702938636592640265e+01 2.580697580112788003e+01 1.676305461424021104e+01 2.236067977499789805e+01 8.944271909999159220e+00 2.662705391138869615e+01 1.627882059609970611e+01 3.162277660168379523e+00 1.910497317454279909e+01 2.961418578992169515e+01 3.522782990761707111e+01 1.118033988749894903e+01 2.061552812808830382e+01 2.459674775249768786e+01 3.482814953453599571e+01 1.004987562112088995e+01 1.131370849898476116e+01 3.511409973215887703e+01 2.420743687382040932e+01 3.827531841800927737e+01 6.708203932499369415e+00 2.690724809414741969e+01 0.000000000000000000e+00
