0.000000000000000000e+00 4.045985664828781836e+01 3.544009029333869876e+01 1.600000000000000000e+01 4.177319714841084419e+01 1.900000000000000000e+01 2.282542442102665348e+01 2.801785145224380003e+01 5.000000000000000000e+00 4.500000000000000000e+01 1.860107523773827509e+01 4.382921400162225467e+01 2.801785145224380003e+01 1.140175425099137918e+01 7.071067811865475505e+00 3.087069808086626210e+01 4.459820624195551630e+01 4.026164427839479032e+01 2.247220505424423109e+01 1.486606874731850603e+01
4.045985664828781836e+01 0.000000000000000000e+00 1.627882059609970611e+01 3.257299494980465937e+01 5.830951894845300743e+00 3.178049716414140846e+01 2.088061301782110135e+01 2.716615541441224835e+01 3.546829570193639825e+01 1.077032961426900748e+01 2.193171219946130890e+01 5.099019513592784492e+00 3.206243908376279705e+01 3.176476034853718033e+01 3.612478373637688378e+01 1.334166406412633421e+01 4.472135954999579610e+00 1.788854381999831844e+01 2.353720459187963954e+01 2.863564212655270680e+01
3.544009029333869876e+01 1.627882059609970611e+01 0.000000000000000000e+00 3.452535300326413648e+01 2.184032966784155505e+01 3.517101079013794873e+01 2.507987240796890660e+01 1.252996408614166768e+01 3.080584360149872580e+01 2.692582403567251959e+01 1.902629759044044633e+01 1.513274595042155646e+01 3.935733730830885690e+01 3.101612483854164637e+01 2.915475947422650194e+01 6.708203932499369415e+00 2.002498439450078749e+01 5.000000000000000000e+00 2.823118842698620767e+01 2.927456233660889495e+01
1.600000000000000000e+01 3.257299494980465937e+01 3.452535300326413648e+01 0.000000000000000000e+00 3.176476034853718033e+01 3.000000000000000000e+00 1.170469991071962568e+01 3.275667870831839679e+01 1.360147050873544394e+01 3.360059523282288296e+01 1.581138830084189628e+01 3.710795063055894616e+01 1.204159457879229578e+01 5.830951894845300743e+00 1.838477631085023489e+01 2.816025568065744622e+01 3.584689665786984136e+01 3.945883931389771959e+01 9.433981132056603158e+00 5.385164807134503739e+00
4.177319714841084419e+01 5.830951894845300743e+00 2.184032966784155505e+01 3.176476034853718033e+01 0.000000000000000000e+00 3.046309242345563462e+01 2.024845673131658685e+01 3.200000000000000000e+01 3.687817782917154830e+01 5.099019513592784492e+00 2.385372088375312671e+01 1.000000000000000000e+01 2.915475947422650194e+01 3.201562118716424266e+01 3.827531841800927737e+01 1.800000000000000000e+01 5.099019513592784492e+00 2.370653918225939449e+01 2.236067977499789805e+01 2.860069929215018192e+01
1.900000000000000000e+01 3.178049716414140846e+01 3.517101079013794873e+01 3.000000000000000000e+00 3.046309242345563462e+01 0.000000000000000000e+00 1.104536101718726115e+01 3.440930106817050671e+01 1.649242250247064234e+01 3.190611226708763226e+01 1.700000000000000000e+01 3.649657518178931781e+01 9.055385138137417300e+00 8.544003745317530374e+00 2.118962010041709121e+01 2.863564212655270680e+01 3.478505426185217431e+01 4.002499219237900263e+01 8.246211251235321171e+00 7.071067811865475505e+00
2.282542442102665348e+01 2.088061301782110135e+01 2.507987240796890660e+01 1.170469991071962568e+01 2.024845673131658685e+01 1.104536101718726115e+01 0.000000000000000000e+00 2.701851217221259205e+01 1.838477631085023489e+01 2.262741699796952233e+01 9.848857801796103928e+00 2.549509756796392423e+01 1.442220510185595650e+01 1.204159457879229578e+01 2.137755832643194864e+01 1.838477631085023489e+01 2.416609194718914466e+01 2.973213749463701205e+01 3.162277660168379523e+00 8.485281374238569541e+00
2.801785145224380003e+01 2.716615541441224835e+01 1.252996408614166768e+01 3.275667870831839679e+01 3.200000000000000000e+01 3.440930106817050671e+01 2.701851217221259205e+01 0.000000000000000000e+00 2.433105012119287736e+01 3.701351104664349378e+01 1.769180601295413169e+01 2.720294101747088789e+01 4.101219330881975367e+01 2.773084924772409465e+01 2.100000000000000000e+01 1.400000000000000000e+01 3.140063693621516450e+01 1.555634918610404505e+01 2.973213749463701205e+01 2.745906043549196340e+01
5.000000000000000000e+00 3.546829570193639825e+01 3.080584360149872580e+01 1.360147050873544394e+01 3.687817782917154830e+01 1.649242250247064234e+01 1.838477631085023489e+01 2.433105012119287736e+01 0.000000000000000000e+00 4.022437072223753063e+01 1.360147050873544394e+01 3.883297567789519888e+01 2.549509756796392423e+01 8.062257748298549132e+00 5.000000000000000000e+00 2.600000000000000000e+01 3.962322551231790158e+01 3.569313659514949677e+01 1.843908891458577415e+01 1.104536101718726115e+01
4.500000000000000000e+01 1.077032961426900748e+01 2.692582403567251959e+01 3.360059523282288296e+01 5.099019513592784492e+00 3.190611226708763226e+01 2.262741699796952233e+01 3.701351104664349378e+01 4.022437072223753063e+01 0.000000000000000000e+00 2.773084924772409465e+01 1.421267040355189515e+01 2.912043955712207222e+01 3.465544690232691494e+01 4.205948168962618183e+01 2.302172886644267535e+01 8.485281374238569541e+00 2.863564212655270680e+01 2.420743687382040932e+01 3.111269837220809009e+01
1.860107523773827509e+01 2.193171219946130890e+01 1.902629759044044633e+01 1.581138830084189628e+01 2.385372088375312671e+01 1.700000000000000000e+01 9.848857801796103928e+00 1.769180601295413169e+01 1.360147050873544394e+01 2.773084924772409465e+01 0.000000000000000000e+00 2.523885892824792521e+01 2.334523505985750447e+01 1.200000000000000000e+01 1.442220510185595650e+01 1.315294643796590535e+01 2.617250465660480074e+01 2.402082429892862692e+01 1.220655561573370207e+01 1.044030650891055068e+01
4.382921400162225467e+01 5.099019513592784492e+00 1.513274595042155646e+01 3.710795063055894616e+01 1.000000000000000000e+01 3.649657518178931781e+01 2.549509756796392423e+01 2.720294101747088789e+01 3.883297567789519888e+01 1.421267040355189515e+01 2.523885892824792521e+01 0.000000000000000000e+00 3.712142238654116966e+01 3.584689665786984136e+01 3.894868418830089496e+01 1.442220510185595650e+01 5.830951894845300743e+00 1.529705854077835525e+01 2.828427124746190202e+01 3.289376840679705083e+01
2.801785145224380003e+01 3.206243908376279705e+01 3.935733730830885690e+01 1.204159457879229578e+01 2.915475947422650194e+01 9.055385138137417300e+00 1.442220510185595650e+01 4.101219330881975367e+01 2.549509756796392423e+01 2.912043955712207222e+01 2.334523505985750447e+01 3.712142238654116966e+01 0.000000000000000000e+00 1.746424919657297892e+01 3.008321791298264714e+01 3.264965543462901820e+01 3.405877273185280529e+01 4.386342439892261780e+01 1.140175425099137918e+01 1.523154621172781731e+01
1.140175425099137918e+01 3.176476034853718033e+01 3.101612483854164637e+01 5.830951894845300743e+00 3.201562118716424266e+01 8.544003745317530374e+00 1.204159457879229578e+01 2.773084924772409465e+01 8.062257748298549132e+00 3.465544690232691494e+01 1.200000000000000000e+01 3.584689665786984136e+01 1.746424919657297892e+01 0.000000000000000000e+00 1.264911064067351809e+01 2.507987240796890660e+01 3.551056180912940619e+01 3.601388621073821383e+01 1.118033988749894903e+01 3.605551275463989125e+00
7.071067811865475505e+00 3.612478373637688378e+01 2.915475947422650194e+01 1.838477631085023489e+01 3.827531841800927737e+01 2.118962010041709121e+01 2.137755832643194864e+01 2.100000000000000000e+01 5.000000000000000000e+00 4.205948168962618183e+01 1.442220510185595650e+01 3.894868418830089496e+01 3.008321791298264714e+01 1.264911064067351809e+01 0.000000000000000000e+00 2.523885892824792521e+01 4.045985664828781836e+01 3.383784863137726262e+01 2.202271554554523902e+01 1.513274595042155646e+01
3.087069808086626210e+01 1.334166406412633421e+01 6.708203932499369415e+00 2.816025568065744622e+01 1.800000000000000000e+01 2.863564212655270680e+01 1.838477631085023489e+01 1.400000000000000000e+01 2.600000000000000000e+01 2.302172886644267535e+01 1.315294643796590535e+01 1.442220510185595650e+01 3.264965543462901820e+01 2.507987240796890660e+01 2.523885892824792521e+01 0.000000000000000000e+00 1.772004514666934938e+01 1.140175425099137918e+01 2.154065922853801496e+01 2.302172886644267535e+01
4.459820624195551630e+01 4.472135954999579610e+00 2.002498439450078749e+01 3.584689665786984136e+01 5.099019513592784492e+00 3.478505426185217431e+01 2.416609194718914466e+01 3.140063693621516450e+01 3.962322551231790158e+01 8.485281374238569541e+00 2.617250465660480074e+01 5.830951894845300743e+00 3.405877273185280529e+01 3.551056180912940619e+01 4.045985664828781836e+01 1.772004514666934938e+01 0.000000000000000000e+00 2.088061301782110135e+01 2.657066051117284644e+01 3.224903099319419653e+01
4.026164427839479032e+01 1.788854381999831844e+01 5.000000000000000000e+00 3.945883931389771959e+01 2.370653918225939449e+01 4.002499219237900263e+01 2.973213749463701205e+01 1.555634918610404505e+01 3.569313659514949677e+01 2.863564212655270680e+01 2.402082429892862692e+01 1.529705854077835525e+01 4.386342439892261780e+01 3.601388621073821383e+01 3.383784863137726262e+01 1.140175425099137918e+01 2.088061301782110135e+01 0.000000000000000000e+00 3.289376840679705083e+01 3.423448553724738019e+01
2.247220505424423109e+01 2.353720459187963954e+01 2.823118842698620767e+01 9.433981132056603158e+00 2.236067977499789805e+01 8.246211251235321171e+00 3.162277660168379523e+00 2.973213749463701205e+01 1.843908891458577415e+01 2.420743687382040932e+01 1.220655561573370207e+01 2.828427124746190202e+01 1.140175425099137918e+01 1.118033988749894903e+01 2.202271554554523902e+01 2.154065922853801496e+01 2.657066051117284644e+01 3.289376840679705083e+01 0.000000000000000000e+00 7.615773105863908654e+00
1.486606874731850603e+01 2.863564212655270680e+01 2.927456233660889495e+01 5.385164807134503739e+00 2.860069929215018192e+01 7.071067811865475505e+00 8.485281374238569541e+00 2.745906043549196340e+01 1.104536101718726115e+01 3.111269837220809009e+01 1.044030650891055068e+01 3.289376840679705083e+01 1.523154621172781731e+01 3.605551275463989125e+00 1.513274595042155646e+01 2.302172886644267535e+01 3.224903099319419653e+01 3.423448553724738019e+01 7.615773105863908654e+00 0.000000000000000000e+00
