0.000000000000000000e+00 2.051828452868319275e+01 1.811077027627483460e+01 3.605551275463989214e+01 5.099019513592784492e+00 2.915475947422650194e+01 2.343074902771996193e+01 1.902629759044044633e+01 1.529705854077835525e+01 3.687817782917154830e+01 2.236067977499789805e+01 7.071067811865475505e+00 3.584689665786984136e+01 2.927456233660889495e+01 2.109502310972898798e+01 2.745906043549196340e+01 1.835755975068581947e+01 2.716615541441224835e+01 8.062257748298549132e+00 2.126029162546929996e+01 3.679673898594819548e+01 3.257299494980465937e+01 1.640121946685672683e+01
2.051828452868319275e+01 0.000000000000000000e+00 1.746424919657297892e+01 1.676305461424021104e+01 2.385372088375312671e+01 1.920937271229854559e+01 3.162277660168379523e+00 1.676305461424021104e+01 1.802775637731994607e+01 1.664331697709323876e+01 2.061552812808830382e+01 2.555386467836127551e+01 1.800000000000000000e+01 2.420743687382040932e+01 4.242640687119284770e+00 1.500000000000000000e+01 5.099019513592784492e+00 1.627882059609970611e+01 1.280624847486569706e+01 2.236067977499789805e+00 1.640121946685672683e+01 1.772004514666934938e+01 4.472135954999579610e+00
1.811077027627483460e+01 1.746424919657297892e+01 0.000000000000000000e+00 2.505992817228333536e+01 1.726267650163206824e+01 1.208304597359457233e+01 2.022374841615668473e+01 1.414213562373095145e+00 3.162277660168379523e+00 2.785677655436823841e+01 4.472135954999579610e+00 1.772004514666934938e+01 3.522782990761707111e+01 1.118033988749894903e+01 2.118962010041709121e+01 3.178049716414140846e+01 2.012461179749810825e+01 3.264965543462901820e+01 1.664331697709323876e+01 1.612451549659709826e+01 2.846049894151541437e+01 1.769180601295413169e+01 1.700000000000000000e+01
3.605551275463989214e+01 1.676305461424021104e+01 2.505992817228333536e+01 0.000000000000000000e+00 3.828837943815329226e+01 1.702938636592640265e+01 1.513274595042155646e+01 2.370653918225939449e+01 2.745906043549196340e+01 4.472135954999579610e+00 2.529822128134703618e+01 3.962322551231790158e+01 2.061552812808830382e+01 2.402082429892862692e+01 1.910497317454279909e+01 2.596150997149434048e+01 2.137755832643194864e+01 2.789265136196270589e+01 2.906888370749726747e+01 1.523154621172781731e+01 5.830951894845300743e+00 1.004987562112088995e+01 2.118962010041709121e+01
5.099019513592784492e+00 2.385372088375312671e+01 1.726267650163206824e+01 3.828837943815329226e+01 0.000000000000000000e+00 2.912043955712207222e+01 2.692582403567251959e+01 1.843908891458577415e+01 1.414213562373095101e+01 3.962322551231790158e+01 2.102379604162863913e+01 2.000000000000000000e+00 4.016217125604640614e+01 2.801785145224380003e+01 2.507987240796890660e+01 3.224903099319419653e+01 2.247220505424423109e+01 3.206243908376279705e+01 1.236931687685298087e+01 2.420743687382040932e+01 3.969886648255841521e+01 3.354101966249684352e+01 2.012461179749810825e+01
2.915475947422650194e+01 1.920937271229854559e+01 1.208304597359457233e+01 1.702938636592640265e+01 2.912043955712207222e+01 0.000000000000000000e+00 2.051828452868319275e+01 1.077032961426900748e+01 1.523154621172781731e+01 2.102379604162863913e+01 9.899494936611665352e+00 2.973213749463701205e+01 3.354101966249684352e+01 7.000000000000000000e+00 2.343074902771996193e+01 3.394112549695427816e+01 2.385372088375312671e+01 3.538361202590826338e+01 2.531797780234432693e+01 1.702938636592640265e+01 2.209072203437452231e+01 7.280109889280518054e+00 2.147091055358388800e+01
2.343074902771996193e+01 3.162277660168379523e+00 2.022374841615668473e+01 1.513274595042155646e+01 2.692582403567251959e+01 2.051828452868319275e+01 0.000000000000000000e+00 1.941648783894759944e+01 2.100000000000000000e+01 1.431782106327635340e+01 2.308679276123039159e+01 2.865309756378880479e+01 1.503329637837290811e+01 2.607680962081059661e+01 4.000000000000000000e+00 1.345362404707370985e+01 6.324555320336759046e+00 1.500000000000000000e+01 1.555634918610404505e+01 4.123105625617660586e+00 1.389244398944980396e+01 1.788854381999831844e+01 7.071067811865475505e+00
1.902629759044044633e+01 1.676305461424021104e+01 1.414213562373095145e+00 2.370653918225939449e+01 1.843908891458577415e+01 1.077032961426900748e+01 1.941648783894759944e+01 0.000000000000000000e+00 4.472135954999579610e+00 2.657066051117284644e+01 4.242640687119284770e+00 1.897366596101027625e+01 3.436568055487916240e+01 1.044030650891055068e+01 2.061552812808830382e+01 3.130495168499705727e+01 1.972308292331602075e+01 3.224903099319419653e+01 1.700000000000000000e+01 1.529705854077835525e+01 2.720294101747088789e+01 1.627882059609970611e+01 1.664331697709323876e+01
1.529705854077835525e+01 1.802775637731994607e+01 3.162277660168379523e+00 2.745906043549196340e+01 1.414213562373095101e+01 1.523154621172781731e+01 2.100000000000000000e+01 4.472135954999579610e+00 0.000000000000000000e+00 2.996664812754339380e+01 7.071067811865475505e+00 1.456021977856103611e+01 3.601388621073821383e+01 1.403566884761819900e+01 2.137755832643194864e+01 3.162277660168379256e+01 1.992485884517127559e+01 3.231098884280702066e+01 1.486606874731850603e+01 1.702938636592640265e+01 3.046309242345563462e+01 2.061552812808830382e+01 1.676305461424021104e+01
3.687817782917154830e+01 1.664331697709323876e+01 2.785677655436823841e+01 4.472135954999579610e+00 3.962322551231790158e+01 2.102379604162863913e+01 1.431782106327635340e+01 2.657066051117284644e+01 2.996664812754339380e+01 0.000000000000000000e+00 2.863564212655270680e+01 4.110960958218893069e+01 1.664331697709323876e+01 2.801785145224380003e+01 1.802775637731994607e+01 2.319482700948640286e+01 2.061552812808830382e+01 2.517935662402834396e+01 2.941088233970548416e+01 1.562049935181330795e+01 1.414213562373095145e+00 1.431782106327635340e+01 2.109502310972898798e+01
2.236067977499789805e+01 2.061552812808830382e+01 4.472135954999579610e+00 2.529822128134703618e+01 2.102379604162863913e+01 9.899494936611665352e+00 2.308679276123039159e+01 4.242640687119284770e+00 7.071067811865475505e+00 2.863564212655270680e+01 0.000000000000000000e+00 2.121320343559642652e+01 3.785498646149540036e+01 7.000000000000000000e+00 2.459674775249768786e+01 3.535533905932737753e+01 2.385372088375312671e+01 3.635931792539568619e+01 2.109502310972898798e+01 1.897366596101027625e+01 2.942787793912432193e+01 1.664331697709323876e+01 2.080865204668481283e+01
7.071067811865475505e+00 2.555386467836127551e+01 1.772004514666934938e+01 3.962322551231790158e+01 2.000000000000000000e+00 2.973213749463701205e+01 2.865309756378880479e+01 1.897366596101027625e+01 1.456021977856103611e+01 4.110960958218893069e+01 2.121320343559642652e+01 0.000000000000000000e+00 4.205948168962618183e+01 2.816025568065744622e+01 2.692582403567251959e+01 3.423448553724738019e+01 2.435159132377184221e+01 3.405877273185280529e+01 1.431782106327635340e+01 2.580697580112788003e+01 4.123105625617660763e+01 3.448187929913333249e+01 2.193171219946130890e+01
3.584689665786984136e+01 1.800000000000000000e+01 3.522782990761707111e+01 2.061552812808830382e+01 4.016217125604640614e+01 3.354101966249684352e+01 1.503329637837290811e+01 3.436568055487916240e+01 3.601388621073821383e+01 1.664331697709323876e+01 3.785498646149540036e+01 4.205948168962618183e+01 0.000000000000000000e+00 3.992492955535426091e+01 1.529705854077835525e+01 1.081665382639196871e+01 1.772004514666934938e+01 1.252996408614166768e+01 2.785677655436823841e+01 1.910497317454279909e+01 1.526433752247374720e+01 2.860069929215018192e+01 2.039607805437113797e+01
2.927456233660889495e+01 2.420743687382040932e+01 1.118033988749894903e+01 2.402082429892862692e+01 2.801785145224380003e+01 7.000000000000000000e+00 2.607680962081059661e+01 1.044030650891055068e+01 1.403566884761819900e+01 2.801785145224380003e+01 7.000000000000000000e+00 2.816025568065744622e+01 3.992492955535426091e+01 0.000000000000000000e+00 2.842534080710379030e+01 3.920459156782531807e+01 2.828427124746190202e+01 4.045985664828781836e+01 2.731300056749532601e+01 2.220360331117451835e+01 2.906888370749726747e+01 1.414213562373095101e+01 2.549509756796392423e+01
2.109502310972898798e+01 4.242640687119284770e+00 2.118962010041709121e+01 1.910497317454279909e+01 2.507987240796890660e+01 2.343074902771996193e+01 4.000000000000000000e+00 2.061552812808830382e+01 2.137755832643194864e+01 1.802775637731994607e+01 2.459674775249768786e+01 2.692582403567251959e+01 1.529705854077835525e+01 2.842534080710379030e+01 0.000000000000000000e+00 1.081665382639196871e+01 2.828427124746190291e+00 1.204159457879229578e+01 1.303840481040529831e+01 6.403124237432848531e+00 1.746424919657297892e+01 2.154065922853801496e+01 5.099019513592784492e+00
2.745906043549196340e+01 1.500000000000000000e+01 3.178049716414140846e+01 2.596150997149434048e+01 3.224903099319419653e+01 3.394112549695427816e+01 1.345362404707370985e+01 3.130495168499705727e+01 3.162277660168379256e+01 2.319482700948640286e+01 3.535533905932737753e+01 3.423448553724738019e+01 1.081665382639196871e+01 3.920459156782531807e+01 1.081665382639196871e+01 0.000000000000000000e+00 1.170469991071962568e+01 2.000000000000000000e+00 2.002498439450078749e+01 1.702938636592640265e+01 2.209072203437452231e+01 3.106444913401813324e+01 1.486606874731850603e+01
1.835755975068581947e+01 5.099019513592784492e+00 2.012461179749810825e+01 2.137755832643194864e+01 2.247220505424423109e+01 2.385372088375312671e+01 6.324555320336759046e+00 1.972308292331602075e+01 1.992485884517127559e+01 2.061552812808830382e+01 2.385372088375312671e+01 2.435159132377184221e+01 1.772004514666934938e+01 2.828427124746190202e+01 2.828427124746190291e+00 1.170469991071962568e+01 0.000000000000000000e+00 1.252996408614166768e+01 1.029563014098700080e+01 7.280109889280518054e+00 2.012461179749810825e+01 2.280350850198275836e+01 3.162277660168379523e+00
2.716615541441224835e+01 1.627882059609970611e+01 3.264965543462901820e+01 2.789265136196270589e+01 3.206243908376279705e+01 3.538361202590826338e+01 1.500000000000000000e+01 3.224903099319419653e+01 3.231098884280702066e+01 2.517935662402834396e+01 3.635931792539568619e+01 3.405877273185280529e+01 1.252996408614166768e+01 4.045985664828781836e+01 1.204159457879229578e+01 2.000000000000000000e+00 1.252996408614166768e+01 0.000000000000000000e+00 2.002498439450078749e+01 1.838477631085023489e+01 2.408318915758459156e+01 3.275667870831839679e+01 1.565247584249852864e+01
8.062257748298549132e+00 1.280624847486569706e+01 1.664331697709323876e+01 2.906888370749726747e+01 1.236931687685298087e+01 2.531797780234432693e+01 1.555634918610404505e+01 1.700000000000000000e+01 1.486606874731850603e+01 2.941088233970548416e+01 2.109502310972898798e+01 1.431782106327635340e+01 2.785677655436823841e+01 2.731300056749532601e+01 1.303840481040529831e+01 2.002498439450078749e+01 1.029563014098700080e+01 2.002498439450078749e+01 0.000000000000000000e+00 1.389244398944980396e+01 2.920616373302046753e+01 2.716615541441224835e+01 8.485281374238569541e+00
2.126029162546929996e+01 2.236067977499789805e+00 1.612451549659709826e+01 1.523154621172781731e+01 2.420743687382040932e+01 1.702938636592640265e+01 4.123105625617660586e+00 1.529705854077835525e+01 1.702938636592640265e+01 1.562049935181330795e+01 1.897366596101027625e+01 2.580697580112788003e+01 1.910497317454279909e+01 2.220360331117451835e+01 6.403124237432848531e+00 1.702938636592640265e+01 7.280109889280518054e+00 1.838477631085023489e+01 1.389244398944980396e+01 0.000000000000000000e+00 1.555634918610404505e+01 1.552417469626002422e+01 6.082762530298219339e+00
3.679673898594819548e+01 1.640121946685672683e+01 2.846049894151541437e+01 5.830951894845300743e+00 3.969886648255841521e+01 2.209072203437452231e+01 1.389244398944980396e+01 2.720294101747088789e+01 3.046309242345563462e+01 1.414213562373095145e+00 2.942787793912432193e+01 4.123105625617660763e+01 1.526433752247374720e+01 2.906888370749726747e+01 1.746424919657297892e+01 2.209072203437452231e+01 2.012461179749810825e+01 2.408318915758459156e+01 2.920616373302046753e+01 1.555634918610404505e+01 0.000000000000000000e+00 1.552417469626002422e+01 2.080865204668481283e+01
3.257299494980465937e+01 1.772004514666934938e+01 1.769180601295413169e+01 1.004987562112088995e+01 3.354101966249684352e+01 7.280109889280518054e+00 1.788854381999831844e+01 1.627882059609970611e+01 2.061552812808830382e+01 1.431782106327635340e+01 1.664331697709323876e+01 3.448187929913333249e+01 2.860069929215018192e+01 1.414213562373095101e+01 2.154065922853801496e+01 3.106444913401813324e+01 2.280350850198275836e+01 3.275667870831839679e+01 2.716615541441224835e+01 1.552417469626002422e+01 1.552417469626002422e+01 0.000000000000000000e+00 2.121320343559642652e+01
1.640121946685672683e+01 4.472135954999579610e+00 1.700000000000000000e+01 2.118962010041709121e+01 2.012461179749810825e+01 2.147091055358388800e+01 7.071067811865475505e+00 1.664331697709323876e+01 1.676305461424021104e+01 2.109502310972898798e+01 2.080865204668481283e+01 2.193171219946130890e+01 2.039607805437113797e+01 2.549509756796392423e+01 5.099019513592784492e+00 1.486606874731850603e+01 3.162277660168379523e+00 1.565247584249852864e+01 8.485281374238569541e+00 6.082762530298219339e+00 2.080865204668481283e+01 2.121320343559642652e+01 0.000000000000000000e+00
