0.000000000000000000e+00 3.269556544854363267e+01 3.052867504494749440e+01 6.324555320336759046e+00 3.100000000000000000e+01 7.810249675906653977e+00 2.012461179749810825e+01 2.865309756378880479e+01 3.080584360149872580e+01 3.360059523282288296e+01 2.402082429892862692e+01 2.954657340538831534e+01 3.162277660168379256e+01 3.962322551231790158e+01 1.910497317454279909e+01 9.219544457292887074e+00 1.414213562373095101e+01 1.802775637731994607e+01 2.915475947422650194e+01 2.000000000000000000e+01 3.106444913401813324e+01 1.000000000000000000e+01 1.802775637731994607e+01 3.443835071544512516e+01 1.992485884517127559e+01 3.679673898594819548e+01 3.047950130825634218e+01
3.269556544854363267e+01 0.000000000000000000e+00 1.910497317454279909e+01 3.721558813185679071e+01 1.303840481040529831e+01 3.140063693621516450e+01 2.158703314492290204e+01 2.000000000000000000e+01 6.000000000000000000e+00 1.720465053408525335e+01 3.289376840679705083e+01 3.162277660168379523e+00 2.300000000000000000e+01 1.403566884761819900e+01 3.190611226708763226e+01 2.983286778035259701e+01 4.186884283091664116e+01 1.476482306023340030e+01 1.004987562112088995e+01 1.640121946685672683e+01 3.328663395418647752e+01 2.308679276123039159e+01 3.622154055254966920e+01 2.343074902771996193e+01 2.473863375370596174e+01 1.486606874731850603e+01 1.414213562373095101e+01
3.052867504494749440e+01 1.910497317454279909e+01 0.000000000000000000e+00 3.671511950137163893e+01 3.001666203960726875e+01 3.383784863137726262e+01 1.063014581273464998e+01 2.236067977499789805e+00 2.360084744241189370e+01 4.123105625617660586e+00 1.711724276862369010e+01 1.780449381476485726e+01 3.862641583165593318e+01 1.303840481040529831e+01 4.011234224026316042e+01 3.324154027718932269e+01 4.386342439892261780e+01 2.002498439450078749e+01 2.641968962724581260e+01 2.630589287593181069e+01 1.486606874731850603e+01 2.154065922853801496e+01 2.376972864800942631e+01 5.099019513592784492e+00 1.220655561573370207e+01 9.055385138137417300e+00 5.000000000000000000e+00
6.324555320336759046e+00 3.721558813185679071e+01 3.671511950137163893e+01 0.000000000000000000e+00 3.354101966249684352e+01 7.000000000000000000e+00 2.640075756488817049e+01 3.488552708502481892e+01 3.453983207834108526e+01 3.966106403010387993e+01 3.001666203960726875e+01 3.413209633175202384e+01 3.224903099319419653e+01 4.527692569068708650e+01 1.700000000000000000e+01 9.000000000000000000e+00 8.000000000000000000e+00 2.247220505424423109e+01 3.228002478313794654e+01 2.280350850198275836e+01 3.721558813185679071e+01 1.562049935181330795e+01 2.334523505985750447e+01 4.071854614300466579e+01 2.624880949681337583e+01 4.263801121065568367e+01 3.640054944640259293e+01
3.100000000000000000e+01 1.303840481040529831e+01 3.001666203960726875e+01 3.354101966249684352e+01 0.000000000000000000e+00 2.668332812825266842e+01 2.842534080710379030e+01 3.023243291566194912e+01 7.071067811865475505e+00 2.915475947422650194e+01 4.000000000000000000e+01 1.264911064067351809e+01 1.004987562112088995e+01 2.707397274136176790e+01 2.280350850198275836e+01 2.473863375370596174e+01 3.584689665786984136e+01 1.523154621172781731e+01 3.605551275463989125e+00 1.100000000000000000e+01 4.244997055358224713e+01 2.376972864800942631e+01 4.071854614300466579e+01 3.488552708502481892e+01 3.140063693621516450e+01 2.765863337187866122e+01 2.549509756796392423e+01
7.810249675906653977e+00 3.140063693621516450e+01 3.383784863137726262e+01 7.000000000000000000e+00 2.668332812825266842e+01 0.000000000000000000e+00 2.433105012119287736e+01 3.228002478313794654e+01 2.817800560721074277e+01 3.624913792078371699e+01 3.059411708155671050e+01 2.842534080710379030e+01 2.531797780234432693e+01 4.080441152620633005e+01 1.131370849898476116e+01 2.000000000000000000e+00 1.063014581273464998e+01 1.697056274847713908e+01 2.563201123595259290e+01 1.615549442140351033e+01 3.712142238654116966e+01 1.236931687685298087e+01 2.549509756796392423e+01 3.832753579347360073e+01 2.501999200639360765e+01 3.858756276314947797e+01 3.264965543462901820e+01
2.012461179749810825e+01 2.158703314492290204e+01 1.063014581273464998e+01 2.640075756488817049e+01 2.842534080710379030e+01 2.433105012119287736e+01 0.000000000000000000e+00 8.602325267042626677e+00 2.370653918225939449e+01 1.421267040355189515e+01 1.166190378969060149e+01 1.897366596101027625e+01 3.500000000000000000e+01 2.193171219946130890e+01 3.224903099319419653e+01 2.408318915758459156e+01 3.383784863137726262e+01 1.442220510185595650e+01 2.500000000000000000e+01 2.109502310972898798e+01 1.476482306023340030e+01 1.204159457879229578e+01 1.503329637837290811e+01 1.431782106327635340e+01 3.162277660168379523e+00 1.835755975068581947e+01 1.208304597359457233e+01
2.865309756378880479e+01 2.000000000000000000e+01 2.236067977499789805e+00 3.488552708502481892e+01 3.023243291566194912e+01 3.228002478313794654e+01 8.602325267042626677e+00 0.000000000000000000e+00 2.408318915758459156e+01 6.324555320336759046e+00 1.503329637837290811e+01 1.838477631085023489e+01 3.848376280978771291e+01 1.513274595042155646e+01 3.901281840626231912e+01 3.178049716414140846e+01 4.215447781671598193e+01 1.923538406167134340e+01 2.662705391138869615e+01 2.570992026436488231e+01 1.341640786499873883e+01 1.992485884517127559e+01 2.154065922853801496e+01 6.082762530298219339e+00 1.000000000000000000e+01 1.118033988749894903e+01 6.324555320336759046e+00
3.080584360149872580e+01 6.000000000000000000e+00 2.360084744241189370e+01 3.453983207834108526e+01 7.071067811865475505e+00 2.817800560721074277e+01 2.370653918225939449e+01 2.408318915758459156e+01 0.000000000000000000e+00 2.236067977499789805e+01 3.535533905932737753e+01 5.830951894845300743e+00 1.700000000000000000e+01 2.002498439450078749e+01 2.701851217221259205e+01 2.641968962724581260e+01 3.827531841800927737e+01 1.303840481040529831e+01 4.123105625617660586e+00 1.220655561573370207e+01 3.687817782917154830e+01 2.202271554554523902e+01 3.736308338453881106e+01 2.830194339616981125e+01 2.683281572999747766e+01 2.061552812808830382e+01 1.886796226411320632e+01
3.360059523282288296e+01 1.720465053408525335e+01 4.123105625617660586e+00 3.966106403010387993e+01 2.915475947422650194e+01 3.624913792078371699e+01 1.421267040355189515e+01 6.324555320336759046e+00 2.236067977499789805e+01 0.000000000000000000e+00 2.121320343559642652e+01 1.655294535724684835e+01 3.832753579347360073e+01 9.000000000000000000e+00 4.159326868617084472e+01 3.546829570193639825e+01 4.652956049652736681e+01 2.121320343559642652e+01 2.563201123595259290e+01 2.700000000000000000e+01 1.843908891458577415e+01 2.418677324489564739e+01 2.785677655436823841e+01 6.403124237432848531e+00 1.612451549659709826e+01 5.000000000000000000e+00 4.000000000000000000e+00
2.402082429892862692e+01 3.289376840679705083e+01 1.711724276862369010e+01 3.001666203960726875e+01 4.000000000000000000e+01 3.059411708155671050e+01 1.166190378969060149e+01 1.503329637837290811e+01 3.535533905932737753e+01 2.121320343559642652e+01 0.000000000000000000e+00 3.046309242345563462e+01 4.601086828130936368e+01 3.014962686336266984e+01 4.049691346263317371e+01 3.104834939252004844e+01 3.801315561749642313e+01 2.545584412271571040e+01 3.661966684720110976e+01 3.189043743820394994e+01 7.615773105863908654e+00 2.012461179749810825e+01 8.602325267042626677e+00 1.746424919657297892e+01 8.602325267042626677e+00 2.617250465660480074e+01 2.102379604162863913e+01
2.954657340538831534e+01 3.162277660168379523e+00 1.780449381476485726e+01 3.413209633175202384e+01 1.264911064067351809e+01 2.842534080710379030e+01 1.897366596101027625e+01 1.838477631085023489e+01 5.830951894845300743e+00 1.655294535724684835e+01 3.046309242345563462e+01 0.000000000000000000e+00 2.220360331117451835e+01 1.513274595042155646e+01 2.952964612046680060e+01 2.690724809414741969e+01 3.894868418830089496e+01 1.166190378969060149e+01 9.219544457292887074e+00 1.389244398944980396e+01 3.140063693621516450e+01 1.992485884517127559e+01 3.337663853655727308e+01 2.247220505424423109e+01 2.213594362117865444e+01 1.513274595042155646e+01 1.303840481040529831e+01
3.162277660168379256e+01 2.300000000000000000e+01 3.862641583165593318e+01 3.224903099319419653e+01 1.004987562112088995e+01 2.531797780234432693e+01 3.500000000000000000e+01 3.848376280978771291e+01 1.700000000000000000e+01 3.832753579347360073e+01 4.601086828130936368e+01 2.220360331117451835e+01 0.000000000000000000e+00 3.701351104664349378e+01 1.746424919657297892e+01 2.334523505985750447e+01 3.224903099319419653e+01 2.061552812808830382e+01 1.303840481040529831e+01 1.414213562373095101e+01 4.964876634922563881e+01 2.720294101747088789e+01 4.500000000000000000e+01 4.365775990588614519e+01 3.764306044943742080e+01 3.733630940518894192e+01 3.448187929913333249e+01
3.962322551231790158e+01 1.403566884761819900e+01 1.303840481040529831e+01 4.527692569068708650e+01 2.707397274136176790e+01 4.080441152620633005e+01 2.193171219946130890e+01 1.513274595042155646e+01 2.002498439450078749e+01 9.000000000000000000e+00 3.014962686336266984e+01 1.513274595042155646e+01 3.701351104664349378e+01 0.000000000000000000e+00 4.401136216933077350e+01 3.966106403010387993e+01 5.140038910358558866e+01 2.418677324489564739e+01 2.400000000000000000e+01 2.846049894151541437e+01 2.729468812791236232e+01 2.969848480983499428e+01 3.640054944640259293e+01 1.456021977856103611e+01 2.435159132377184221e+01 4.000000000000000000e+00 9.848857801796103928e+00
1.910497317454279909e+01 3.190611226708763226e+01 4.011234224026316042e+01 1.700000000000000000e+01 2.280350850198275836e+01 1.131370849898476116e+01 3.224903099319419653e+01 3.901281840626231912e+01 2.701851217221259205e+01 4.159326868617084472e+01 4.049691346263317371e+01 2.952964612046680060e+01 1.746424919657297892e+01 4.401136216933077350e+01 0.000000000000000000e+00 1.000000000000000000e+01 1.500000000000000000e+01 2.039607805437113797e+01 2.334523505985750447e+01 1.565247584249852864e+01 4.632493928760187885e+01 2.061552812808830382e+01 3.635931792539568619e+01 4.504442251822083421e+01 3.373425558686599857e+01 4.272001872658765365e+01 3.765634076752546378e+01
9.219544457292887074e+00 2.983286778035259701e+01 3.324154027718932269e+01 9.000000000000000000e+00 2.473863375370596174e+01 2.000000000000000000e+00 2.408318915758459156e+01 3.178049716414140846e+01 2.641968962724581260e+01 3.546829570193639825e+01 3.104834939252004844e+01 2.690724809414741969e+01 2.334523505985750447e+01 3.966106403010387993e+01 1.000000000000000000e+01 0.000000000000000000e+00 1.204159457879229578e+01 1.562049935181330795e+01 2.376972864800942631e+01 1.431782106327635340e+01 3.733630940518894192e+01 1.204159457879229578e+01 2.641968962724581260e+01 3.785498646149540036e+01 2.501999200639360765e+01 3.758989225842500304e+01 3.178049716414140846e+01
1.414213562373095101e+01 4.186884283091664116e+01 4.386342439892261780e+01 8.000000000000000000e+00 3.584689665786984136e+01 1.063014581273464998e+01 3.383784863137726262e+01 4.215447781671598193e+01 3.827531841800927737e+01 4.652956049652736681e+01 3.801315561749642313e+01 3.894868418830089496e+01 3.224903099319419653e+01 5.140038910358558866e+01 1.500000000000000000e+01 1.204159457879229578e+01 0.000000000000000000e+00 2.758622844826744469e+01 3.535533905932737753e+01 2.607680962081059661e+01 4.517742799230607176e+01 2.236067977499789805e+01 3.125699921617556853e+01 4.810405388322277531e+01 3.395585369269929288e+01 4.909175083453430943e+01 4.304648650006176780e+01
1.802775637731994607e+01 1.476482306023340030e+01 2.002498439450078749e+01 2.247220505424423109e+01 1.523154621172781731e+01 1.697056274847713908e+01 1.442220510185595650e+01 1.923538406167134340e+01 1.303840481040529831e+01 2.121320343559642652e+01 2.545584412271571040e+01 1.166190378969060149e+01 2.061552812808830382e+01 2.418677324489564739e+01 2.039607805437113797e+01 1.562049935181330795e+01 2.758622844826744469e+01 0.000000000000000000e+00 1.236931687685298087e+01 6.708203932499369415e+00 2.915475947422650194e+01 9.000000000000000000e+00 2.549509756796392423e+01 2.507987240796890660e+01 1.702938636592640265e+01 2.247220505424423109e+01 1.726267650163206824e+01
2.915475947422650194e+01 1.004987562112088995e+01 2.641968962724581260e+01 3.228002478313794654e+01 3.605551275463989125e+00 2.563201123595259290e+01 2.500000000000000000e+01 2.662705391138869615e+01 4.123105625617660586e+00 2.563201123595259290e+01 3.661966684720110976e+01 9.219544457292887074e+00 1.303840481040529831e+01 2.400000000000000000e+01 2.334523505985750447e+01 2.376972864800942631e+01 3.535533905932737753e+01 1.236931687685298087e+01 0.000000000000000000e+00 9.486832980505138124e+00 3.889730067755344578e+01 2.121320343559642652e+01 3.769615364994152884e+01 3.130495168499705727e+01 2.801785145224380003e+01 2.433105012119287736e+01 2.193171219946130890e+01
2.000000000000000000e+01 1.640121946685672683e+01 2.630589287593181069e+01 2.280350850198275836e+01 1.100000000000000000e+01 1.615549442140351033e+01 2.109502310972898798e+01 2.570992026436488231e+01 1.220655561573370207e+01 2.700000000000000000e+01 3.189043743820394994e+01 1.389244398944980396e+01 1.414213562373095101e+01 2.846049894151541437e+01 1.565247584249852864e+01 1.431782106327635340e+01 2.607680962081059661e+01 6.708203932499369415e+00 9.486832980505138124e+00 0.000000000000000000e+00 3.584689665786984136e+01 1.341640786499873883e+01 3.106444913401813324e+01 3.140063693621516450e+01 2.360084744241189370e+01 2.745906043549196340e+01 2.300000000000000000e+01
3.106444913401813324e+01 3.328663395418647752e+01 1.486606874731850603e+01 3.721558813185679071e+01 4.244997055358224713e+01 3.712142238654116966e+01 1.476482306023340030e+01 1.341640786499873883e+01 3.687817782917154830e+01 1.843908891458577415e+01 7.615773105863908654e+00 3.140063693621516450e+01 4.964876634922563881e+01 2.729468812791236232e+01 4.632493928760187885e+01 3.733630940518894192e+01 4.517742799230607176e+01 2.915475947422650194e+01 3.889730067755344578e+01 3.584689665786984136e+01 0.000000000000000000e+00 2.570992026436488231e+01 1.612451549659709826e+01 1.300000000000000000e+01 1.264911064067351809e+01 2.334523505985750447e+01 1.969771560359220786e+01
1.000000000000000000e+01 2.308679276123039159e+01 2.154065922853801496e+01 1.562049935181330795e+01 2.376972864800942631e+01 1.236931687685298087e+01 1.204159457879229578e+01 1.992485884517127559e+01 2.202271554554523902e+01 2.418677324489564739e+01 2.012461179749810825e+01 1.992485884517127559e+01 2.720294101747088789e+01 2.969848480983499428e+01 2.061552812808830382e+01 1.204159457879229578e+01 2.236067977499789805e+01 9.000000000000000000e+00 2.121320343559642652e+01 1.341640786499873883e+01 2.570992026436488231e+01 0.000000000000000000e+00 1.780449381476485726e+01 2.596150997149434048e+01 1.315294643796590535e+01 2.701851217221259205e+01 2.080865204668481283e+01
1.802775637731994607e+01 3.622154055254966920e+01 2.376972864800942631e+01 2.334523505985750447e+01 4.071854614300466579e+01 2.549509756796392423e+01 1.503329637837290811e+01 2.154065922853801496e+01 3.736308338453881106e+01 2.785677655436823841e+01 8.602325267042626677e+00 3.337663853655727308e+01 4.500000000000000000e+01 3.640054944640259293e+01 3.635931792539568619e+01 2.641968962724581260e+01 3.125699921617556853e+01 2.549509756796392423e+01 3.769615364994152884e+01 3.106444913401813324e+01 1.612451549659709826e+01 1.780449381476485726e+01 0.000000000000000000e+00 2.523885892824792521e+01 1.216552506059643868e+01 3.257299494980465937e+01 2.668332812825266842e+01
3.443835071544512516e+01 2.343074902771996193e+01 5.099019513592784492e+00 4.071854614300466579e+01 3.488552708502481892e+01 3.832753579347360073e+01 1.431782106327635340e+01 6.082762530298219339e+00 2.830194339616981125e+01 6.403124237432848531e+00 1.746424919657297892e+01 2.247220505424423109e+01 4.365775990588614519e+01 1.456021977856103611e+01 4.504442251822083421e+01 3.785498646149540036e+01 4.810405388322277531e+01 2.507987240796890660e+01 3.130495168499705727e+01 3.140063693621516450e+01 1.300000000000000000e+01 2.596150997149434048e+01 2.523885892824792521e+01 0.000000000000000000e+00 1.500000000000000000e+01 1.077032961426900748e+01 9.433981132056603158e+00
1.992485884517127559e+01 2.473863375370596174e+01 1.220655561573370207e+01 2.624880949681337583e+01 3.140063693621516450e+01 2.501999200639360765e+01 3.162277660168379523e+00 1.000000000000000000e+01 2.683281572999747766e+01 1.612451549659709826e+01 8.602325267042626677e+00 2.213594362117865444e+01 3.764306044943742080e+01 2.435159132377184221e+01 3.373425558686599857e+01 2.501999200639360765e+01 3.395585369269929288e+01 1.702938636592640265e+01 2.801785145224380003e+01 2.360084744241189370e+01 1.264911064067351809e+01 1.315294643796590535e+01 1.216552506059643868e+01 1.500000000000000000e+01 0.000000000000000000e+00 2.061552812808830382e+01 1.456021977856103611e+01
3.679673898594819548e+01 1.486606874731850603e+01 9.055385138137417300e+00 4.263801121065568367e+01 2.765863337187866122e+01 3.858756276314947797e+01 1.835755975068581947e+01 1.118033988749894903e+01 2.061552812808830382e+01 5.000000000000000000e+00 2.617250465660480074e+01 1.513274595042155646e+01 3.733630940518894192e+01 4.000000000000000000e+00 4.272001872658765365e+01 3.758989225842500304e+01 4.909175083453430943e+01 2.247220505424423109e+01 2.433105012119287736e+01 2.745906043549196340e+01 2.334523505985750447e+01 2.701851217221259205e+01 3.257299494980465937e+01 1.077032961426900748e+01 2.061552812808830382e+01 0.000000000000000000e+00 6.403124237432848531e+00
3.047950130825634218e+01 1.414213562373095101e+01 5.000000000000000000e+00 3.640054944640259293e+01 2.549509756796392423e+01 3.264965543462901820e+01 1.208304597359457233e+01 6.324555320336759046e+00 1.886796226411320632e+01 4.000000000000000000e+00 2.102379604162863913e+01 1.303840481040529831e+01 3.448187929913333249e+01 9.848857801796103928e+00 3.765634076752546378e+01 3.178049716414140846e+01 4.304648650006176780e+01 1.726267650163206824e+01 2.193171219946130890e+01 2.300000000000000000e+01 1.969771560359220786e+01 2.080865204668481283e+01 2.668332812825266842e+01 9.433981132056603158e+00 1.456021977856103611e+01 6.403124237432848531e+00 0.000000000000000000e+00
