0.000000000000000000e+00 1.264911064067351809e+01 1.166190378969060149e+01 1.824828759089465890e+01 2.236067977499789805e+00 2.236067977499789805e+00 5.099019513592784492e+00 2.692582403567251959e+01 6.082762530298219339e+00 1.702938636592640265e+01 2.707397274136176790e+01 2.195449840010014952e+01 1.941648783894759944e+01 2.729468812791236232e+01 2.000000000000000000e+01 1.992485884517127559e+01 2.002498439450078749e+01 2.024845673131658685e+01 1.664331697709323876e+01 1.204159457879229578e+01 2.102379604162863913e+01 2.376972864800942631e+01
1.264911064067351809e+01 0.000000000000000000e+00 1.523154621172781731e+01 3.080584360149872580e+01 1.118033988749894903e+01 1.431782106327635340e+01 1.421267040355189515e+01 3.640054944640259293e+01 1.118033988749894903e+01 2.915475947422650194e+01 3.257299494980465937e+01 2.302172886644267535e+01 3.100000000000000000e+01 3.753664875824691904e+01 2.000000000000000000e+01 2.376972864800942631e+01 2.729468812791236232e+01 3.264965543462901820e+01 1.824828759089465890e+01 5.000000000000000000e+00 2.731300056749532601e+01 2.765863337187866122e+01
1.166190378969060149e+01 1.523154621172781731e+01 0.000000000000000000e+00 2.500000000000000000e+01 1.300000000000000000e+01 1.360147050873544394e+01 7.071067811865475505e+00 2.193171219946130890e+01 1.676305461424021104e+01 1.902629759044044633e+01 1.746424919657297892e+01 1.029563014098700080e+01 2.865309756378880479e+01 2.360084744241189370e+01 8.485281374238569541e+00 9.000000000000000000e+00 1.220655561573370207e+01 2.302172886644267535e+01 5.000000000000000000e+00 1.081665382639196871e+01 1.208304597359457233e+01 1.300000000000000000e+01
1.824828759089465890e+01 3.080584360149872580e+01 2.500000000000000000e+01 0.000000000000000000e+00 1.964688270438849926e+01 1.649242250247064234e+01 1.910497317454279909e+01 2.340939982143925135e+01 2.102379604162863913e+01 9.433981132056603158e+00 3.124099870362661591e+01 3.312099032335839155e+01 7.071067811865475505e+00 2.158703314492290204e+01 3.269556544854363267e+01 2.884441020371191300e+01 2.404163056034261459e+01 8.062257748298549132e+00 2.915475947422650194e+01 3.006659275674581622e+01 2.617250465660480074e+01 3.124099870362661591e+01
2.236067977499789805e+00 1.118033988749894903e+01 1.300000000000000000e+01 1.964688270438849926e+01 0.000000000000000000e+00 3.162277660168379523e+00 7.000000000000000000e+00 2.915475947422650194e+01 4.000000000000000000e+00 1.910497317454279909e+01 2.901723625709381693e+01 2.325940669922601600e+01 2.009975124224177989e+01 2.952964612046680060e+01 2.109502310972898798e+01 2.158703314492290204e+01 2.209072203437452231e+01 2.220360331117451835e+01 1.788854381999831844e+01 1.140175425099137918e+01 2.300000000000000000e+01 2.549509756796392423e+01
2.236067977499789805e+00 1.431782106327635340e+01 1.360147050873544394e+01 1.649242250247064234e+01 3.162277660168379523e+00 0.000000000000000000e+00 6.708203932499369415e+00 2.720294101747088789e+01 5.830951894845300743e+00 1.627882059609970611e+01 2.828427124746190202e+01 2.385372088375312671e+01 1.726267650163206824e+01 2.731300056749532601e+01 2.202271554554523902e+01 2.154065922853801496e+01 2.102379604162863913e+01 1.920937271229854559e+01 1.860107523773827509e+01 1.414213562373095101e+01 2.220360331117451835e+01 2.529822128134703618e+01
5.099019513592784492e+00 1.421267040355189515e+01 7.071067811865475505e+00 1.910497317454279909e+01 7.000000000000000000e+00 6.708203932499369415e+00 0.000000000000000000e+00 2.282542442102665348e+01 1.100000000000000000e+01 1.523154621172781731e+01 2.202271554554523902e+01 1.720465053408525335e+01 2.193171219946130890e+01 2.360084744241189370e+01 1.555634918610404505e+01 1.486606874731850603e+01 1.513274595042155646e+01 1.897366596101027625e+01 1.204159457879229578e+01 1.170469991071962568e+01 1.600000000000000000e+01 1.868154169226940553e+01
2.692582403567251959e+01 3.640054944640259293e+01 2.193171219946130890e+01 2.340939982143925135e+01 2.915475947422650194e+01 2.720294101747088789e+01 2.282542442102665348e+01 0.000000000000000000e+00 3.289376840679705083e+01 1.431782106327635340e+01 1.216552506059643868e+01 2.184032966784155505e+01 3.036445290137795183e+01 3.162277660168379523e+00 2.376972864800942631e+01 1.708800749063506075e+01 1.029563014098700080e+01 1.565247584249852864e+01 2.195449840010014952e+01 3.255764119219941222e+01 1.170469991071962568e+01 1.612451549659709826e+01
6.082762530298219339e+00 1.118033988749894903e+01 1.676305461424021104e+01 2.102379604162863913e+01 4.000000000000000000e+00 5.830951894845300743e+00 1.100000000000000000e+01 3.289376840679705083e+01 0.000000000000000000e+00 2.202271554554523902e+01 3.301514803843835466e+01 2.692582403567251959e+01 2.009975124224177989e+01 3.310589071449369669e+01 2.459674775249768786e+01 2.549509756796392423e+01 2.607680962081059661e+01 2.475883680627989492e+01 2.154065922853801496e+01 1.303840481040529831e+01 2.700000000000000000e+01 2.942787793912432193e+01
1.702938636592640265e+01 2.915475947422650194e+01 1.902629759044044633e+01 9.433981132056603158e+00 1.910497317454279909e+01 1.627882059609970611e+01 1.523154621172781731e+01 1.431782106327635340e+01 2.202271554554523902e+01 0.000000000000000000e+00 2.193171219946130890e+01 2.529822128134703618e+01 1.615549442140351033e+01 1.300000000000000000e+01 2.549509756796392423e+01 2.061552812808830382e+01 1.500000000000000000e+01 4.000000000000000000e+00 2.220360331117451835e+01 2.692582403567251959e+01 1.720465053408525335e+01 2.247220505424423109e+01
2.707397274136176790e+01 3.257299494980465937e+01 1.746424919657297892e+01 3.124099870362661591e+01 2.901723625709381693e+01 2.828427124746190202e+01 2.202271554554523902e+01 1.216552506059643868e+01 3.301514803843835466e+01 2.193171219946130890e+01 0.000000000000000000e+00 1.204159457879229578e+01 3.744329045369811126e+01 1.529705854077835525e+01 1.486606874731850603e+01 8.944271909999159220e+00 7.615773105863908654e+00 2.483948469674844262e+01 1.476482306023340030e+01 2.785677655436823841e+01 6.082762530298219339e+00 5.656854249492380582e+00
2.195449840010014952e+01 2.302172886644267535e+01 1.029563014098700080e+01 3.312099032335839155e+01 2.325940669922601600e+01 2.385372088375312671e+01 1.720465053408525335e+01 2.184032966784155505e+01 2.692582403567251959e+01 2.529822128134703618e+01 1.204159457879229578e+01 0.000000000000000000e+00 3.780211634287159939e+01 2.451530134426252516e+01 3.162277660168379523e+00 5.000000000000000000e+00 1.204159457879229578e+01 2.912043955712207222e+01 5.385164807134503739e+00 1.802775637731994607e+01 1.019803902718556898e+01 6.403124237432848531e+00
1.941648783894759944e+01 3.100000000000000000e+01 2.865309756378880479e+01 7.071067811865475505e+00 2.009975124224177989e+01 1.726267650163206824e+01 2.193171219946130890e+01 3.036445290137795183e+01 2.009975124224177989e+01 1.615549442140351033e+01 3.744329045369811126e+01 3.780211634287159939e+01 0.000000000000000000e+00 2.863564212655270680e+01 3.689173349139343117e+01 3.397057550292606010e+01 3.000000000000000000e+01 1.513274595042155646e+01 3.328663395418647752e+01 3.140063693621516450e+01 3.201562118716424266e+01 3.679673898594819548e+01
2.729468812791236232e+01 3.753664875824691904e+01 2.360084744241189370e+01 2.158703314492290204e+01 2.952964612046680060e+01 2.731300056749532601e+01 2.360084744241189370e+01 3.162277660168379523e+00 3.310589071449369669e+01 1.300000000000000000e+01 1.529705854077835525e+01 2.451530134426252516e+01 2.863564212655270680e+01 0.000000000000000000e+00 2.624880949681337583e+01 1.964688270438849926e+01 1.264911064067351809e+01 1.360147050873544394e+01 2.416609194718914466e+01 3.397057550292606010e+01 1.431782106327635340e+01 1.902629759044044633e+01
2.000000000000000000e+01 2.000000000000000000e+01 8.485281374238569541e+00 3.269556544854363267e+01 2.109502310972898798e+01 2.202271554554523902e+01 1.555634918610404505e+01 2.376972864800942631e+01 2.459674775249768786e+01 2.549509756796392423e+01 1.486606874731850603e+01 3.162277660168379523e+00 3.689173349139343117e+01 2.624880949681337583e+01 0.000000000000000000e+00 6.708203932499369415e+00 1.360147050873544394e+01 2.942787793912432193e+01 3.605551275463989125e+00 1.500000000000000000e+01 1.208304597359457233e+01 9.219544457292887074e+00
1.992485884517127559e+01 2.376972864800942631e+01 9.000000000000000000e+00 2.884441020371191300e+01 2.158703314492290204e+01 2.154065922853801496e+01 1.486606874731850603e+01 1.708800749063506075e+01 2.549509756796392423e+01 2.061552812808830382e+01 8.944271909999159220e+00 5.000000000000000000e+00 3.397057550292606010e+01 1.964688270438849926e+01 6.708203932499369415e+00 0.000000000000000000e+00 7.071067811865475505e+00 2.435159132377184221e+01 5.830951894845300743e+00 1.897366596101027625e+01 5.385164807134503739e+00 4.000000000000000000e+00
2.002498439450078749e+01 2.729468812791236232e+01 1.220655561573370207e+01 2.404163056034261459e+01 2.209072203437452231e+01 2.102379604162863913e+01 1.513274595042155646e+01 1.029563014098700080e+01 2.607680962081059661e+01 1.500000000000000000e+01 7.615773105863908654e+00 1.204159457879229578e+01 3.000000000000000000e+01 1.264911064067351809e+01 1.360147050873544394e+01 7.071067811865475505e+00 0.000000000000000000e+00 1.835755975068581947e+01 1.166190378969060149e+01 2.302172886644267535e+01 2.236067977499789805e+00 7.615773105863908654e+00
2.024845673131658685e+01 3.264965543462901820e+01 2.302172886644267535e+01 8.062257748298549132e+00 2.220360331117451835e+01 1.920937271229854559e+01 1.897366596101027625e+01 1.565247584249852864e+01 2.475883680627989492e+01 4.000000000000000000e+00 2.483948469674844262e+01 2.912043955712207222e+01 1.513274595042155646e+01 1.360147050873544394e+01 2.942787793912432193e+01 2.435159132377184221e+01 1.835755975068581947e+01 0.000000000000000000e+00 2.617250465660480074e+01 3.067572330035593353e+01 2.059126028197400160e+01 2.594224354214569317e+01
1.664331697709323876e+01 1.824828759089465890e+01 5.000000000000000000e+00 2.915475947422650194e+01 1.788854381999831844e+01 1.860107523773827509e+01 1.204159457879229578e+01 2.195449840010014952e+01 2.154065922853801496e+01 2.220360331117451835e+01 1.476482306023340030e+01 5.385164807134503739e+00 3.328663395418647752e+01 2.416609194718914466e+01 3.605551275463989125e+00 5.830951894845300743e+00 1.166190378969060149e+01 2.617250465660480074e+01 0.000000000000000000e+00 1.334166406412633421e+01 1.063014581273464998e+01 9.486832980505138124e+00
1.204159457879229578e+01 5.000000000000000000e+00 1.081665382639196871e+01 3.006659275674581622e+01 1.140175425099137918e+01 1.414213562373095101e+01 1.170469991071962568e+01 3.255764119219941222e+01 1.303840481040529831e+01 2.692582403567251959e+01 2.785677655436823841e+01 1.802775637731994607e+01 3.140063693621516450e+01 3.397057550292606010e+01 1.500000000000000000e+01 1.897366596101027625e+01 2.302172886644267535e+01 3.067572330035593353e+01 1.334166406412633421e+01 0.000000000000000000e+00 2.282542442102665348e+01 2.280350850198275836e+01
2.102379604162863913e+01 2.731300056749532601e+01 1.208304597359457233e+01 2.617250465660480074e+01 2.300000000000000000e+01 2.220360331117451835e+01 1.600000000000000000e+01 1.170469991071962568e+01 2.700000000000000000e+01 1.720465053408525335e+01 6.082762530298219339e+00 1.019803902718556898e+01 3.201562118716424266e+01 1.431782106327635340e+01 1.208304597359457233e+01 5.385164807134503739e+00 2.236067977499789805e+00 2.059126028197400160e+01 1.063014581273464998e+01 2.282542442102665348e+01 0.000000000000000000e+00 5.385164807134503739e+00
2.376972864800942631e+01 2.765863337187866122e+01 1.300000000000000000e+01 3.124099870362661591e+01 2.549509756796392423e+01 2.529822128134703618e+01 1.868154169226940553e+01 1.612451549659709826e+01 2.942787793912432193e+01 2.247220505424423109e+01 5.656854249492380582e+00 6.403124237432848531e+00 3.679673898594819548e+01 1.902629759044044633e+01 9.219544457292887074e+00 4.000000000000000000e+00 7.615773105863908654e+00 2.594224354214569317e+01 9.486832980505138124e+00 2.280350850198275836e+01 5.385164807134503739e+00 0.000000000000000000e+00
