0.000000000000000000e+00 1.421267040355189515e+01 2.580697580112788003e+01 2.024845673131658685e+01 1.166190378969060149e+01 1.104536101718726115e+01 2.302172886644267535e+01 2.830194339616981125e+01 1.726267650163206824e+01 1.431782106327635340e+01 5.000000000000000000e+00 2.563201123595259290e+01 6.708203932499369415e+00 1.941648783894759944e+01 2.022374841615668473e+01 1.140175425099137918e+01 1.236931687685298087e+01 1.166190378969060149e+01 2.308679276123039159e+01 1.421267040355189515e+01 1.421267040355189515e+01 3.162277660168379523e+00 1.552417469626002422e+01 8.062257748298549132e+00 1.780449381476485726e+01 9.000000000000000000e+00
1.421267040355189515e+01 0.000000000000000000e+00 2.863564212655270680e+01 2.059126028197400160e+01 3.162277660168379523e+00 1.000000000000000000e+01 2.600000000000000000e+01 1.552417469626002422e+01 1.612451549659709826e+01 2.418677324489564739e+01 1.920937271229854559e+01 2.500000000000000000e+01 1.700000000000000000e+01 7.000000000000000000e+00 1.780449381476485726e+01 1.414213562373095101e+01 2.594224354214569317e+01 1.503329637837290811e+01 1.360147050873544394e+01 2.200000000000000000e+01 2.009975124224177989e+01 1.341640786499873883e+01 6.403124237432848531e+00 2.080865204668481283e+01 5.000000000000000000e+00 9.219544457292887074e+00
2.580697580112788003e+01 2.863564212655270680e+01 0.000000000000000000e+00 8.246211251235321171e+00 2.915475947422650194e+01 3.405877273185280529e+01 2.828427124746190291e+00 3.014962686336266984e+01 1.264911064067351809e+01 1.513274595042155646e+01 2.640075756488817049e+01 6.708203932499369415e+00 3.244996147917590434e+01 2.647640458974745314e+01 1.204159457879229578e+01 1.562049935181330795e+01 2.418677324489564739e+01 3.679673898594819548e+01 2.202271554554523902e+01 1.264911064067351809e+01 1.166190378969060149e+01 2.280350850198275836e+01 3.448187929913333249e+01 3.220248437620923454e+01 2.692582403567251959e+01 3.189043743820394994e+01
2.024845673131658685e+01 2.059126028197400160e+01 8.246211251235321171e+00 0.000000000000000000e+00 2.140093455903269515e+01 2.690724809414741969e+01 6.000000000000000000e+00 2.256102834535695578e+01 4.472135954999579610e+00 1.431782106327635340e+01 2.220360331117451835e+01 5.385164807134503739e+00 2.692582403567251959e+01 1.824828759089465890e+01 4.123105625617660586e+00 8.944271909999159220e+00 2.256102834535695578e+01 3.023243291566194912e+01 1.431782106327635340e+01 1.077032961426900748e+01 8.246211251235321171e+00 1.708800749063506075e+01 2.662705391138869615e+01 2.765863337187866122e+01 1.868154169226940553e+01 2.483948469674844262e+01
1.166190378969060149e+01 3.162277660168379523e+00 2.915475947422650194e+01 2.140093455903269515e+01 0.000000000000000000e+00 7.071067811865475505e+00 2.641968962724581260e+01 1.868154169226940553e+01 1.702938636592640265e+01 2.300000000000000000e+01 1.664331697709323876e+01 2.617250465660480074e+01 1.389244398944980396e+01 1.004987562112088995e+01 1.910497317454279909e+01 1.392838827718411920e+01 2.376972864800942631e+01 1.200000000000000000e+01 1.627882059609970611e+01 2.121320343559642652e+01 1.964688270438849926e+01 1.140175425099137918e+01 5.385164807134503739e+00 1.780449381476485726e+01 8.062257748298549132e+00 6.082762530298219339e+00
1.104536101718726115e+01 1.000000000000000000e+01 3.405877273185280529e+01 2.690724809414741969e+01 7.071067811865475505e+00 0.000000000000000000e+00 3.124099870362661591e+01 2.531797780234432693e+01 2.280350850198275836e+01 2.500000000000000000e+01 1.513274595042155646e+01 3.201562118716424266e+01 9.433981132056603158e+00 1.700000000000000000e+01 2.523885892824792521e+01 1.843908891458577415e+01 2.308679276123039159e+01 5.099019513592784492e+00 2.334523505985750447e+01 2.416609194718914466e+01 2.332380757938120297e+01 1.264911064067351809e+01 6.403124237432848531e+00 1.389244398944980396e+01 1.500000000000000000e+01 2.236067977499789805e+00
2.302172886644267535e+01 2.600000000000000000e+01 2.828427124746190291e+00 6.000000000000000000e+00 2.641968962724581260e+01 3.124099870362661591e+01 0.000000000000000000e+00 2.844292530665578411e+01 1.019803902718556898e+01 1.300000000000000000e+01 2.376972864800942631e+01 6.403124237432848531e+00 2.968164415931165934e+01 2.418677324489564739e+01 1.004987562112088995e+01 1.280624847486569706e+01 2.202271554554523902e+01 3.397057550292606010e+01 2.022374841615668473e+01 1.019803902718556898e+01 8.944271909999159220e+00 2.000000000000000000e+01 3.176476034853718033e+01 2.954657340538831534e+01 2.451530134426252516e+01 2.906888370749726747e+01
2.830194339616981125e+01 1.552417469626002422e+01 3.014962686336266984e+01 2.256102834535695578e+01 1.868154169226940553e+01 2.531797780234432693e+01 2.844292530665578411e+01 0.000000000000000000e+00 1.931320791582796659e+01 3.328663395418647752e+01 3.301514803843835466e+01 2.400000000000000000e+01 3.231098884280702066e+01 8.944271909999159220e+00 1.843908891458577415e+01 2.220360331117451835e+01 3.818376618407356915e+01 3.041381265149109936e+01 8.246211251235321171e+00 3.001666203960726875e+01 2.729468812791236232e+01 2.640075756488817049e+01 2.000000000000000000e+01 3.577708763999663688e+01 1.077032961426900748e+01 2.473863375370596174e+01
1.726267650163206824e+01 1.612451549659709826e+01 1.264911064067351809e+01 4.472135954999579610e+00 1.702938636592640265e+01 2.280350850198275836e+01 1.019803902718556898e+01 1.931320791582796659e+01 0.000000000000000000e+00 1.486606874731850603e+01 2.002498439450078749e+01 9.219544457292887074e+00 2.376972864800942631e+01 1.403566884761819900e+01 3.000000000000000000e+00 6.000000000000000000e+00 2.193171219946130890e+01 2.641968962724581260e+01 1.118033988749894903e+01 1.131370849898476116e+01 8.485281374238569541e+00 1.414213562373095101e+01 2.220360331117451835e+01 2.507987240796890660e+01 1.431782106327635340e+01 2.080865204668481283e+01
1.431782106327635340e+01 2.418677324489564739e+01 1.513274595042155646e+01 1.431782106327635340e+01 2.300000000000000000e+01 2.500000000000000000e+01 1.300000000000000000e+01 3.328663395418647752e+01 1.486606874731850603e+01 0.000000000000000000e+00 1.272792206135785520e+01 1.843908891458577415e+01 2.000000000000000000e+01 2.600000000000000000e+01 1.720465053408525335e+01 1.118033988749894903e+01 9.055385138137417300e+00 2.594224354214569317e+01 2.561249694973139412e+01 3.605551275463989125e+00 6.403124237432848531e+00 1.236931687685298087e+01 2.807133769523639799e+01 1.843908891458577415e+01 2.529822128134703618e+01 2.280350850198275836e+01
5.000000000000000000e+00 1.920937271229854559e+01 2.640075756488817049e+01 2.220360331117451835e+01 1.664331697709323876e+01 1.513274595042155646e+01 2.376972864800942631e+01 3.301514803843835466e+01 2.002498439450078749e+01 1.272792206135785520e+01 0.000000000000000000e+00 2.745906043549196340e+01 7.615773105863908654e+00 2.420743687382040932e+01 2.302172886644267535e+01 1.403566884761819900e+01 8.000000000000000000e+00 1.431782106327635340e+01 2.731300056749532601e+01 1.389244398944980396e+01 1.486606874731850603e+01 6.708203932499369415e+00 2.024845673131658685e+01 5.830951894845300743e+00 2.267156809750926882e+01 1.334166406412633421e+01
2.563201123595259290e+01 2.500000000000000000e+01 6.708203932499369415e+00 5.385164807134503739e+00 2.617250465660480074e+01 3.201562118716424266e+01 6.403124237432848531e+00 2.400000000000000000e+01 9.219544457292887074e+00 1.843908891458577415e+01 2.745906043549196340e+01 0.000000000000000000e+00 3.231098884280702066e+01 2.154065922853801496e+01 7.211102550927978250e+00 1.431782106327635340e+01 2.716615541441224835e+01 3.551056180912940619e+01 1.612451549659709826e+01 1.513274595042155646e+01 1.300000000000000000e+01 2.247220505424423109e+01 3.124099870362661591e+01 3.298484500494128469e+01 2.236067977499789805e+01 3.000000000000000000e+01
6.708203932499369415e+00 1.700000000000000000e+01 3.244996147917590434e+01 2.692582403567251959e+01 1.389244398944980396e+01 9.433981132056603158e+00 2.968164415931165934e+01 3.231098884280702066e+01 2.376972864800942631e+01 2.000000000000000000e+01 7.615773105863908654e+00 3.231098884280702066e+01 0.000000000000000000e+00 2.340939982143925135e+01 2.668332812825266842e+01 1.802775637731994607e+01 1.529705854077835525e+01 7.000000000000000000e+00 2.828427124746190202e+01 2.051828452868319275e+01 2.080865204668481283e+01 9.848857801796103928e+00 1.562049935181330795e+01 4.472135954999579610e+00 2.154065922853801496e+01 8.485281374238569541e+00
1.941648783894759944e+01 7.000000000000000000e+00 2.647640458974745314e+01 1.824828759089465890e+01 1.004987562112088995e+01 1.700000000000000000e+01 2.418677324489564739e+01 8.944271909999159220e+00 1.403566884761819900e+01 2.600000000000000000e+01 2.420743687382040932e+01 2.154065922853801496e+01 2.340939982143925135e+01 0.000000000000000000e+00 1.456021977856103611e+01 1.486606874731850603e+01 2.983286778035259701e+01 2.202271554554523902e+01 7.211102550927978250e+00 2.308679276123039159e+01 2.061552812808830382e+01 1.769180601295413169e+01 1.264911064067351809e+01 2.683281572999747766e+01 2.000000000000000000e+00 1.612451549659709826e+01
2.022374841615668473e+01 1.780449381476485726e+01 1.204159457879229578e+01 4.123105625617660586e+00 1.910497317454279909e+01 2.523885892824792521e+01 1.004987562112088995e+01 1.843908891458577415e+01 3.000000000000000000e+00 1.720465053408525335e+01 2.302172886644267535e+01 7.211102550927978250e+00 2.668332812825266842e+01 1.456021977856103611e+01 0.000000000000000000e+00 9.000000000000000000e+00 2.469817807045693669e+01 2.906888370749726747e+01 1.019803902718556898e+01 1.360147050873544394e+01 1.081665382639196871e+01 1.711724276862369010e+01 2.408318915758459156e+01 2.807133769523639799e+01 1.523154621172781731e+01 2.332380757938120297e+01
1.140175425099137918e+01 1.414213562373095101e+01 1.562049935181330795e+01 8.944271909999159220e+00 1.392838827718411920e+01 1.843908891458577415e+01 1.280624847486569706e+01 2.220360331117451835e+01 6.000000000000000000e+00 1.118033988749894903e+01 1.403566884761819900e+01 1.431782106327635340e+01 1.802775637731994607e+01 1.486606874731850603e+01 9.000000000000000000e+00 0.000000000000000000e+00 1.664331697709323876e+01 2.140093455903269515e+01 1.486606874731850603e+01 8.246211251235321171e+00 6.000000000000000000e+00 8.246211251235321171e+00 1.931320791582796659e+01 1.910497317454279909e+01 1.431782106327635340e+01 1.627882059609970611e+01
1.236931687685298087e+01 2.594224354214569317e+01 2.418677324489564739e+01 2.256102834535695578e+01 2.376972864800942631e+01 2.308679276123039159e+01 2.202271554554523902e+01 3.818376618407356915e+01 2.193171219946130890e+01 9.055385138137417300e+00 8.000000000000000000e+00 2.716615541441224835e+01 1.529705854077835525e+01 2.983286778035259701e+01 2.469817807045693669e+01 1.664331697709323876e+01 0.000000000000000000e+00 2.220360331117451835e+01 3.140063693621516450e+01 1.204159457879229578e+01 1.431782106327635340e+01 1.252996408614166768e+01 2.789265136196270589e+01 1.208304597359457233e+01 2.860069929215018192e+01 2.121320343559642652e+01
1.166190378969060149e+01 1.503329637837290811e+01 3.679673898594819548e+01 3.023243291566194912e+01 1.200000000000000000e+01 5.099019513592784492e+00 3.397057550292606010e+01 3.041381265149109936e+01 2.641968962724581260e+01 2.594224354214569317e+01 1.431782106327635340e+01 3.551056180912940619e+01 7.000000000000000000e+00 2.202271554554523902e+01 2.906888370749726747e+01 2.140093455903269515e+01 2.220360331117451835e+01 0.000000000000000000e+00 2.816025568065744622e+01 2.580697580112788003e+01 2.549509756796392423e+01 1.421267040355189515e+01 1.118033988749894903e+01 1.118033988749894903e+01 2.002498439450078749e+01 6.082762530298219339e+00
2.308679276123039159e+01 1.360147050873544394e+01 2.202271554554523902e+01 1.431782106327635340e+01 1.627882059609970611e+01 2.334523505985750447e+01 2.022374841615668473e+01 8.246211251235321171e+00 1.118033988749894903e+01 2.561249694973139412e+01 2.731300056749532601e+01 1.612451549659709826e+01 2.828427124746190202e+01 7.211102550927978250e+00 1.019803902718556898e+01 1.486606874731850603e+01 3.140063693621516450e+01 2.816025568065744622e+01 0.000000000000000000e+00 2.220360331117451835e+01 1.941648783894759944e+01 2.061552812808830382e+01 1.969771560359220786e+01 3.104834939252004844e+01 8.944271909999159220e+00 2.209072203437452231e+01
1.421267040355189515e+01 2.200000000000000000e+01 1.264911064067351809e+01 1.077032961426900748e+01 2.121320343559642652e+01 2.416609194718914466e+01 1.019803902718556898e+01 3.001666203960726875e+01 1.131370849898476116e+01 3.605551275463989125e+00 1.389244398944980396e+01 1.513274595042155646e+01 2.051828452868319275e+01 2.308679276123039159e+01 1.360147050873544394e+01 8.246211251235321171e+00 1.204159457879229578e+01 2.580697580112788003e+01 2.220360331117451835e+01 0.000000000000000000e+00 2.828427124746190291e+00 1.166190378969060149e+01 2.647640458974745314e+01 1.972308292331602075e+01 2.256102834535695578e+01 2.193171219946130890e+01
1.421267040355189515e+01 2.009975124224177989e+01 1.166190378969060149e+01 8.246211251235321171e+00 1.964688270438849926e+01 2.332380757938120297e+01 8.944271909999159220e+00 2.729468812791236232e+01 8.485281374238569541e+00 6.403124237432848531e+00 1.486606874731850603e+01 1.300000000000000000e+01 2.080865204668481283e+01 2.061552812808830382e+01 1.081665382639196871e+01 6.000000000000000000e+00 1.431782106327635340e+01 2.549509756796392423e+01 1.941648783894759944e+01 2.828427124746190291e+00 0.000000000000000000e+00 1.131370849898476116e+01 2.500000000000000000e+01 2.061552812808830382e+01 2.022374841615668473e+01 2.109502310972898798e+01
3.162277660168379523e+00 1.341640786499873883e+01 2.280350850198275836e+01 1.708800749063506075e+01 1.140175425099137918e+01 1.264911064067351809e+01 2.000000000000000000e+01 2.640075756488817049e+01 1.414213562373095101e+01 1.236931687685298087e+01 6.708203932499369415e+00 2.247220505424423109e+01 9.848857801796103928e+00 1.769180601295413169e+01 1.711724276862369010e+01 8.246211251235321171e+00 1.252996408614166768e+01 1.421267040355189515e+01 2.061552812808830382e+01 1.166190378969060149e+01 1.131370849898476116e+01 0.000000000000000000e+00 1.603121954188139853e+01 1.100000000000000000e+01 1.627882059609970611e+01 1.044030650891055068e+01
1.552417469626002422e+01 6.403124237432848531e+00 3.448187929913333249e+01 2.662705391138869615e+01 5.385164807134503739e+00 6.403124237432848531e+00 3.176476034853718033e+01 2.000000000000000000e+01 2.220360331117451835e+01 2.807133769523639799e+01 2.024845673131658685e+01 3.124099870362661591e+01 1.562049935181330795e+01 1.264911064067351809e+01 2.408318915758459156e+01 1.931320791582796659e+01 2.789265136196270589e+01 1.118033988749894903e+01 1.969771560359220786e+01 2.647640458974745314e+01 2.500000000000000000e+01 1.603121954188139853e+01 0.000000000000000000e+00 2.000000000000000000e+01 1.077032961426900748e+01 7.211102550927978250e+00
8.062257748298549132e+00 2.080865204668481283e+01 3.220248437620923454e+01 2.765863337187866122e+01 1.780449381476485726e+01 1.389244398944980396e+01 2.954657340538831534e+01 3.577708763999663688e+01 2.507987240796890660e+01 1.843908891458577415e+01 5.830951894845300743e+00 3.298484500494128469e+01 4.472135954999579610e+00 2.683281572999747766e+01 2.807133769523639799e+01 1.910497317454279909e+01 1.208304597359457233e+01 1.118033988749894903e+01 3.104834939252004844e+01 1.972308292331602075e+01 2.061552812808830382e+01 1.100000000000000000e+01 2.000000000000000000e+01 0.000000000000000000e+00 2.505992817228333536e+01 1.280624847486569706e+01
1.780449381476485726e+01 5.000000000000000000e+00 2.692582403567251959e+01 1.868154169226940553e+01 8.062257748298549132e+00 1.500000000000000000e+01 2.451530134426252516e+01 1.077032961426900748e+01 1.431782106327635340e+01 2.529822128134703618e+01 2.267156809750926882e+01 2.236067977499789805e+01 2.154065922853801496e+01 2.000000000000000000e+00 1.523154621172781731e+01 1.431782106327635340e+01 2.860069929215018192e+01 2.002498439450078749e+01 8.944271909999159220e+00 2.256102834535695578e+01 2.022374841615668473e+01 1.627882059609970611e+01 1.077032961426900748e+01 2.505992817228333536e+01 0.000000000000000000e+00 1.414213562373095101e+01
9.000000000000000000e+00 9.219544457292887074e+00 3.189043743820394994e+01 2.483948469674844262e+01 6.082762530298219339e+00 2.236067977499789805e+00 2.906888370749726747e+01 2.473863375370596174e+01 2.080865204668481283e+01 2.280350850198275836e+01 1.334166406412633421e+01 3.000000000000000000e+01 8.485281374238569541e+00 1.612451549659709826e+01 2.332380757938120297e+01 1.627882059609970611e+01 2.121320343559642652e+01 6.082762530298219339e+00 2.209072203437452231e+01 2.193171219946130890e+01 2.109502310972898798e+01 1.044030650891055068e+01 7.211102550927978250e+00 1.280624847486569706e+01 1.414213562373095101e+01 0.000000000000000000e+00
