0.000000000000000000e+00 1.360147050873544394e+01 6.324555320336759046e+00 4.242640687119284770e+00 2.121320343559642652e+01 1.264911064067351809e+01 1.004987562112088995e+01 1.972308292331602075e+01 2.475883680627989492e+01 7.280109889280518054e+00 3.689173349139343117e+01 2.340939982143925135e+01 1.500000000000000000e+01 1.649242250247064234e+01 1.004987562112088995e+01 1.303840481040529831e+01 1.486606874731850603e+01 1.824828759089465890e+01 2.662705391138869615e+01 2.570992026436488231e+01 1.334166406412633421e+01 3.001666203960726875e+01 2.118962010041709121e+01 1.769180601295413169e+01 1.000000000000000000e+01 2.220360331117451835e+01 1.513274595042155646e+01 1.526433752247374720e+01 1.077032961426900748e+01
1.360147050873544394e+01 0.000000000000000000e+00 7.810249675906653977e+00 1.780449381476485726e+01 2.692582403567251959e+01 8.062257748298549132e+00 2.163330765278393741e+01 3.264965543462901820e+01 3.820994634908559817e+01 9.055385138137417300e+00 5.047771785649585041e+01 3.667424164178449786e+01 2.039607805437113797e+01 2.729468812791236232e+01 1.216552506059643868e+01 2.617250465660480074e+01 2.842534080710379030e+01 3.101612483854164637e+01 3.373425558686599857e+01 3.862641583165593318e+01 2.451530134426252516e+01 4.159326868617084472e+01 3.443835071544512516e+01 3.124099870362661591e+01 2.360084744241189370e+01 2.942787793912432193e+01 1.077032961426900748e+01 2.831960451701259274e+01 2.343074902771996193e+01
6.324555320336759046e+00 7.810249675906653977e+00 0.000000000000000000e+00 1.029563014098700080e+01 2.469817807045693669e+01 1.019803902718556898e+01 1.389244398944980396e+01 2.483948469674844262e+01 3.047950130825634218e+01 6.403124237432848531e+00 4.304648650006176780e+01 2.973213749463701205e+01 1.802775637731994607e+01 2.209072203437452231e+01 1.063014581273464998e+01 1.838477631085023489e+01 2.080865204668481283e+01 2.451530134426252516e+01 3.087069808086626210e+01 3.201562118716424266e+01 1.902629759044044633e+01 3.601388621073821383e+01 2.751363298439520833e+01 2.360084744241189370e+01 1.612451549659709826e+01 2.640075756488817049e+01 9.848857801796103928e+00 2.051828452868319275e+01 1.562049935181330795e+01
4.242640687119284770e+00 1.780449381476485726e+01 1.029563014098700080e+01 0.000000000000000000e+00 2.163330765278393741e+01 1.655294535724684835e+01 7.280109889280518054e+00 1.565247584249852864e+01 2.051828452868319275e+01 1.118033988749894903e+01 3.275667870831839679e+01 1.964688270438849926e+01 1.615549442140351033e+01 1.476482306023340030e+01 1.315294643796590535e+01 8.944271909999159220e+00 1.063014581273464998e+01 1.500000000000000000e+01 2.617250465660480074e+01 2.220360331117451835e+01 1.166190378969060149e+01 2.729468812791236232e+01 1.746424919657297892e+01 1.345362404707370985e+01 5.830951894845300743e+00 2.193171219946130890e+01 1.802775637731994607e+01 1.118033988749894903e+01 7.071067811865475505e+00
2.121320343559642652e+01 2.692582403567251959e+01 2.469817807045693669e+01 2.163330765278393741e+01 0.000000000000000000e+00 1.923538406167134340e+01 2.865309756378880479e+01 3.238826948140329165e+01 3.306055050963308162e+01 1.878829422805593552e+01 3.848376280978771291e+01 2.404163056034261459e+01 6.708203932499369415e+00 1.104536101718726115e+01 1.486606874731850603e+01 2.720294101747088789e+01 2.531797780234432693e+01 1.824828759089465890e+01 7.000000000000000000e+00 2.325940669922601600e+01 1.216552506059643868e+01 2.051828452868319275e+01 2.256102834535695578e+01 2.707397274136176790e+01 2.213594362117865444e+01 3.605551275463989125e+00 3.448187929913333249e+01 2.886173937932362321e+01 2.731300056749532601e+01
1.264911064067351809e+01 8.062257748298549132e+00 1.019803902718556898e+01 1.655294535724684835e+01 1.923538406167134340e+01 0.000000000000000000e+00 2.256102834535695578e+01 3.220248437620923454e+01 3.661966684720110976e+01 5.385164807134503739e+00 4.742362280551750331e+01 3.280243893371345365e+01 1.300000000000000000e+01 2.154065922853801496e+01 5.385164807134503739e+00 2.549509756796392423e+01 2.662705391138869615e+01 2.662705391138869615e+01 2.617250465660480074e+01 3.413209633175202384e+01 1.923538406167134340e+01 3.573513677041127323e+01 3.061045573002793319e+01 2.941088233970548416e+01 2.163330765278393741e+01 2.202271554554523902e+01 1.780449381476485726e+01 2.773084924772409465e+01 2.340939982143925135e+01
1.004987562112088995e+01 2.163330765278393741e+01 1.389244398944980396e+01 7.280109889280518054e+00 2.865309756378880479e+01 2.256102834535695578e+01 0.000000000000000000e+00 1.140175425099137918e+01 1.788854381999831844e+01 1.726267650163206824e+01 3.162277660168379256e+01 2.109502310972898798e+01 2.340939982143925135e+01 2.051828452868319275e+01 2.000000000000000000e+01 6.082762530298219339e+00 1.000000000000000000e+01 1.838477631085023489e+01 3.264965543462901820e+01 2.433105012119287736e+01 1.769180601295413169e+01 3.101612483854164637e+01 1.923538406167134340e+01 1.216552506059643868e+01 8.062257748298549132e+00 2.860069929215018192e+01 1.788854381999831844e+01 7.615773105863908654e+00 3.000000000000000000e+00
1.972308292331602075e+01 3.264965543462901820e+01 2.483948469674844262e+01 1.565247584249852864e+01 3.238826948140329165e+01 3.220248437620923454e+01 1.140175425099137918e+01 0.000000000000000000e+00 7.071067811865475505e+00 2.683281572999747766e+01 2.121320343559642652e+01 1.500000000000000000e+01 2.901723625709381693e+01 2.184032966784155505e+01 2.846049894151541437e+01 6.708203932499369415e+00 7.071067811865475505e+00 1.612451549659709826e+01 3.417601498127012150e+01 1.860107523773827509e+01 2.022374841615668473e+01 2.690724809414741969e+01 1.414213562373095101e+01 5.830951894845300743e+00 1.118033988749894903e+01 3.104834939252004844e+01 2.915475947422650194e+01 4.472135954999579610e+00 9.219544457292887074e+00
2.475883680627989492e+01 3.820994634908559817e+01 3.047950130825634218e+01 2.051828452868319275e+01 3.306055050963308162e+01 3.661966684720110976e+01 1.788854381999831844e+01 7.071067811865475505e+00 0.000000000000000000e+00 3.140063693621516450e+01 1.414213562373095101e+01 1.118033988749894903e+01 3.104834939252004844e+01 2.202271554554523902e+01 3.224903099319419653e+01 1.220655561573370207e+01 1.000000000000000000e+01 1.503329637837290811e+01 3.337663853655727308e+01 1.442220510185595650e+01 2.137755832643194864e+01 2.302172886644267535e+01 1.140175425099137918e+01 7.211102550927978250e+00 1.500000000000000000e+01 3.101612483854164637e+01 3.577708763999663688e+01 1.029563014098700080e+01 1.526433752247374720e+01
7.280109889280518054e+00 9.055385138137417300e+00 6.403124237432848531e+00 1.118033988749894903e+01 1.878829422805593552e+01 5.385164807134503739e+00 1.726267650163206824e+01 2.683281572999747766e+01 3.140063693621516450e+01 0.000000000000000000e+00 4.263801121065568367e+01 2.830194339616981125e+01 1.208304597359457233e+01 1.824828759089465890e+01 4.242640687119284770e+00 2.012461179749810825e+01 2.140093455903269515e+01 2.236067977499789805e+01 2.529822128134703618e+01 2.996664812754339380e+01 1.552417469626002422e+01 3.255764119219941222e+01 2.607680962081059661e+01 2.420743687382040932e+01 1.640121946685672683e+01 2.088061301782110135e+01 1.581138830084189628e+01 2.236067977499789805e+01 1.802775637731994607e+01
3.689173349139343117e+01 5.047771785649585041e+01 4.304648650006176780e+01 3.275667870831839679e+01 3.848376280978771291e+01 4.742362280551750331e+01 3.162277660168379256e+01 2.121320343559642652e+01 1.414213562373095101e+01 4.263801121065568367e+01 0.000000000000000000e+00 1.500000000000000000e+01 3.883297567789519888e+01 2.830194339616981125e+01 4.242640687119285303e+01 2.563201123595259290e+01 2.236067977499789805e+01 2.140093455903269515e+01 3.613862199918530393e+01 1.523154621172781731e+01 2.920616373302046753e+01 2.102379604162863913e+01 1.702938636592640265e+01 1.969771560359220786e+01 2.692582403567251959e+01 3.546829570193639825e+01 4.939635614091387339e+01 2.404163056034261459e+01 2.879236009777593708e+01
2.340939982143925135e+01 3.667424164178449786e+01 2.973213749463701205e+01 1.964688270438849926e+01 2.404163056034261459e+01 3.280243893371345365e+01 2.109502310972898798e+01 1.500000000000000000e+01 1.118033988749894903e+01 2.830194339616981125e+01 1.500000000000000000e+01 0.000000000000000000e+00 2.385372088375312671e+01 1.341640786499873883e+01 2.765863337187866122e+01 1.529705854077835525e+01 1.118033988749894903e+01 6.403124237432848531e+00 2.300000000000000000e+01 3.605551275463989125e+00 1.421267040355189515e+01 1.204159457879229578e+01 2.236067977499789805e+00 9.848857801796103928e+00 1.414213562373095101e+01 2.137755832643194864e+01 3.748332962798262713e+01 1.486606874731850603e+01 1.811077027627483460e+01
1.500000000000000000e+01 2.039607805437113797e+01 1.802775637731994607e+01 1.615549442140351033e+01 6.708203932499369415e+00 1.300000000000000000e+01 2.340939982143925135e+01 2.901723625709381693e+01 3.104834939252004844e+01 1.208304597359457233e+01 3.883297567789519888e+01 2.385372088375312671e+01 0.000000000000000000e+00 1.063014581273464998e+01 8.246211251235321171e+00 2.308679276123039159e+01 2.209072203437452231e+01 1.749285568453590045e+01 1.334166406412633421e+01 2.408318915758459156e+01 9.848857801796103928e+00 2.370653918225939449e+01 2.195449840010014952e+01 2.433105012119287736e+01 1.802775637731994607e+01 9.055385138137417300e+00 2.778488797889960793e+01 2.501999200639360765e+01 2.256102834535695578e+01
1.649242250247064234e+01 2.729468812791236232e+01 2.209072203437452231e+01 1.476482306023340030e+01 1.104536101718726115e+01 2.154065922853801496e+01 2.051828452868319275e+01 2.184032966784155505e+01 2.202271554554523902e+01 1.824828759089465890e+01 2.830194339616981125e+01 1.341640786499873883e+01 1.063014581273464998e+01 0.000000000000000000e+00 1.615549442140351033e+01 1.749285568453590045e+01 1.486606874731850603e+01 7.280109889280518054e+00 1.252996408614166768e+01 1.345362404707370985e+01 3.162277660168379523e+00 1.431782106327635340e+01 1.170469991071962568e+01 1.627882059609970611e+01 1.280624847486569706e+01 9.219544457292887074e+00 3.157530680769388809e+01 1.878829422805593552e+01 1.843908891458577415e+01
1.004987562112088995e+01 1.216552506059643868e+01 1.063014581273464998e+01 1.315294643796590535e+01 1.486606874731850603e+01 5.385164807134503739e+00 2.000000000000000000e+01 2.846049894151541437e+01 3.224903099319419653e+01 4.242640687119284770e+00 4.242640687119285303e+01 2.765863337187866122e+01 8.246211251235321171e+00 1.615549442140351033e+01 0.000000000000000000e+00 2.184032966784155505e+01 2.236067977499789805e+01 2.140093455903269515e+01 2.158703314492290204e+01 2.884441020371191300e+01 1.389244398944980396e+01 3.036445290137795183e+01 2.549509756796392423e+01 2.505992817228333536e+01 1.746424919657297892e+01 1.726267650163206824e+01 2.000000000000000000e+01 2.404163056034261459e+01 2.022374841615668473e+01
1.303840481040529831e+01 2.617250465660480074e+01 1.838477631085023489e+01 8.944271909999159220e+00 2.720294101747088789e+01 2.549509756796392423e+01 6.082762530298219339e+00 6.708203932499369415e+00 1.220655561573370207e+01 2.012461179749810825e+01 2.563201123595259290e+01 1.529705854077835525e+01 2.308679276123039159e+01 1.749285568453590045e+01 2.184032966784155505e+01 0.000000000000000000e+00 4.123105625617660586e+00 1.360147050873544394e+01 3.001666203960726875e+01 1.868154169226940553e+01 1.523154621172781731e+01 2.594224354214569317e+01 1.360147050873544394e+01 6.082762530298219339e+00 5.099019513592784492e+00 2.640075756488817049e+01 2.376972864800942631e+01 2.236067977499789805e+00 3.162277660168379523e+00
1.486606874731850603e+01 2.842534080710379030e+01 2.080865204668481283e+01 1.063014581273464998e+01 2.531797780234432693e+01 2.662705391138869615e+01 1.000000000000000000e+01 7.071067811865475505e+00 1.000000000000000000e+01 2.140093455903269515e+01 2.236067977499789805e+01 1.118033988749894903e+01 2.209072203437452231e+01 1.486606874731850603e+01 2.236067977499789805e+01 4.123105625617660586e+00 0.000000000000000000e+00 9.899494936611665352e+00 2.731300056749532601e+01 1.456021977856103611e+01 1.315294643796590535e+01 2.195449840010014952e+01 9.486832980505138124e+00 2.828427124746190291e+00 5.000000000000000000e+00 2.404163056034261459e+01 2.720294101747088789e+01 4.242640687119284770e+00 7.000000000000000000e+00
1.824828759089465890e+01 3.101612483854164637e+01 2.451530134426252516e+01 1.500000000000000000e+01 1.824828759089465890e+01 2.662705391138869615e+01 1.838477631085023489e+01 1.612451549659709826e+01 1.503329637837290811e+01 2.236067977499789805e+01 2.140093455903269515e+01 6.403124237432848531e+00 1.749285568453590045e+01 7.280109889280518054e+00 2.140093455903269515e+01 1.360147050873544394e+01 9.899494936611665352e+00 0.000000000000000000e+00 1.843908891458577415e+01 7.615773105863908654e+00 7.810249675906653977e+00 1.264911064067351809e+01 4.472135954999579610e+00 1.029563014098700080e+01 1.044030650891055068e+01 1.600000000000000000e+01 3.301514803843835466e+01 1.414213562373095101e+01 1.565247584249852864e+01
2.662705391138869615e+01 3.373425558686599857e+01 3.087069808086626210e+01 2.617250465660480074e+01 7.000000000000000000e+00 2.617250465660480074e+01 3.264965543462901820e+01 3.417601498127012150e+01 3.337663853655727308e+01 2.529822128134703618e+01 3.613862199918530393e+01 2.300000000000000000e+01 1.334166406412633421e+01 1.252996408614166768e+01 2.158703314492290204e+01 3.001666203960726875e+01 2.731300056749532601e+01 1.843908891458577415e+01 0.000000000000000000e+00 2.121320343559642652e+01 1.500000000000000000e+01 1.612451549659709826e+01 2.209072203437452231e+01 2.846049894151541437e+01 2.523885892824792521e+01 4.472135954999579610e+00 4.071854614300466579e+01 3.130495168499705727e+01 3.080584360149872580e+01
2.570992026436488231e+01 3.862641583165593318e+01 3.201562118716424266e+01 2.220360331117451835e+01 2.325940669922601600e+01 3.413209633175202384e+01 2.433105012119287736e+01 1.860107523773827509e+01 1.442220510185595650e+01 2.996664812754339380e+01 1.523154621172781731e+01 3.605551275463989125e+00 2.408318915758459156e+01 1.345362404707370985e+01 2.884441020371191300e+01 1.868154169226940553e+01 1.456021977856103611e+01 7.615773105863908654e+00 2.121320343559642652e+01 0.000000000000000000e+00 1.500000000000000000e+01 8.602325267042626677e+00 5.099019513592784492e+00 1.341640786499873883e+01 1.700000000000000000e+01 2.024845673131658685e+01 4.019950248448355978e+01 1.838477631085023489e+01 2.137755832643194864e+01
1.334166406412633421e+01 2.451530134426252516e+01 1.902629759044044633e+01 1.166190378969060149e+01 1.216552506059643868e+01 1.923538406167134340e+01 1.769180601295413169e+01 2.022374841615668473e+01 2.137755832643194864e+01 1.552417469626002422e+01 2.920616373302046753e+01 1.421267040355189515e+01 9.848857801796103928e+00 3.162277660168379523e+00 1.389244398944980396e+01 1.523154621172781731e+01 1.315294643796590535e+01 7.810249675906653977e+00 1.500000000000000000e+01 1.500000000000000000e+01 0.000000000000000000e+00 1.711724276862369010e+01 1.220655561573370207e+01 1.500000000000000000e+01 1.029563014098700080e+01 1.118033988749894903e+01 2.844292530665578411e+01 1.676305461424021104e+01 1.581138830084189628e+01
3.001666203960726875e+01 4.159326868617084472e+01 3.601388621073821383e+01 2.729468812791236232e+01 2.051828452868319275e+01 3.573513677041127323e+01 3.101612483854164637e+01 2.690724809414741969e+01 2.302172886644267535e+01 3.255764119219941222e+01 2.102379604162863913e+01 1.204159457879229578e+01 2.370653918225939449e+01 1.431782106327635340e+01 3.036445290137795183e+01 2.594224354214569317e+01 2.195449840010014952e+01 1.264911064067351809e+01 1.612451549659709826e+01 8.602325267042626677e+00 1.711724276862369010e+01 0.000000000000000000e+00 1.280624847486569706e+01 2.140093455903269515e+01 2.308679276123039159e+01 1.697056274847713908e+01 4.509988913511872255e+01 2.607680962081059661e+01 2.823118842698620767e+01
2.118962010041709121e+01 3.443835071544512516e+01 2.751363298439520833e+01 1.746424919657297892e+01 2.256102834535695578e+01 3.061045573002793319e+01 1.923538406167134340e+01 1.414213562373095101e+01 1.140175425099137918e+01 2.607680962081059661e+01 1.702938636592640265e+01 2.236067977499789805e+00 2.195449840010014952e+01 1.170469991071962568e+01 2.549509756796392423e+01 1.360147050873544394e+01 9.486832980505138124e+00 4.472135954999579610e+00 2.209072203437452231e+01 5.099019513592784492e+00 1.220655561573370207e+01 1.280624847486569706e+01 0.000000000000000000e+00 8.602325267042626677e+00 1.204159457879229578e+01 2.009975124224177989e+01 3.535533905932737753e+01 1.341640786499873883e+01 1.627882059609970611e+01
1.769180601295413169e+01 3.124099870362661591e+01 2.360084744241189370e+01 1.345362404707370985e+01 2.707397274136176790e+01 2.941088233970548416e+01 1.216552506059643868e+01 5.830951894845300743e+00 7.211102550927978250e+00 2.420743687382040932e+01 1.969771560359220786e+01 9.848857801796103928e+00 2.433105012119287736e+01 1.627882059609970611e+01 2.505992817228333536e+01 6.082762530298219339e+00 2.828427124746190291e+00 1.029563014098700080e+01 2.846049894151541437e+01 1.341640786499873883e+01 1.500000000000000000e+01 2.140093455903269515e+01 8.602325267042626677e+00 0.000000000000000000e+00 7.810249675906653977e+00 2.549509756796392423e+01 2.973213749463701205e+01 5.099019513592784492e+00 9.219544457292887074e+00
1.000000000000000000e+01 2.360084744241189370e+01 1.612451549659709826e+01 5.830951894845300743e+00 2.213594362117865444e+01 2.163330765278393741e+01 8.062257748298549132e+00 1.118033988749894903e+01 1.500000000000000000e+01 1.640121946685672683e+01 2.692582403567251959e+01 1.414213562373095101e+01 1.802775637731994607e+01 1.280624847486569706e+01 1.746424919657297892e+01 5.099019513592784492e+00 5.000000000000000000e+00 1.044030650891055068e+01 2.523885892824792521e+01 1.700000000000000000e+01 1.029563014098700080e+01 2.308679276123039159e+01 1.204159457879229578e+01 7.810249675906653977e+00 0.000000000000000000e+00 2.147091055358388800e+01 2.334523505985750447e+01 7.000000000000000000e+00 5.656854249492380582e+00
2.220360331117451835e+01 2.942787793912432193e+01 2.640075756488817049e+01 2.193171219946130890e+01 3.605551275463989125e+00 2.202271554554523902e+01 2.860069929215018192e+01 3.104834939252004844e+01 3.101612483854164637e+01 2.088061301782110135e+01 3.546829570193639825e+01 2.137755832643194864e+01 9.055385138137417300e+00 9.219544457292887074e+00 1.726267650163206824e+01 2.640075756488817049e+01 2.404163056034261459e+01 1.600000000000000000e+01 4.472135954999579610e+00 2.024845673131658685e+01 1.118033988749894903e+01 1.697056274847713908e+01 2.009975124224177989e+01 2.549509756796392423e+01 2.147091055358388800e+01 0.000000000000000000e+00 3.624913792078371699e+01 2.785677655436823841e+01 2.692582403567251959e+01
1.513274595042155646e+01 1.077032961426900748e+01 9.848857801796103928e+00 1.802775637731994607e+01 3.448187929913333249e+01 1.780449381476485726e+01 1.788854381999831844e+01 2.915475947422650194e+01 3.577708763999663688e+01 1.581138830084189628e+01 4.939635614091387339e+01 3.748332962798262713e+01 2.778488797889960793e+01 3.157530680769388809e+01 2.000000000000000000e+01 2.376972864800942631e+01 2.720294101747088789e+01 3.301514803843835466e+01 4.071854614300466579e+01 4.019950248448355978e+01 2.844292530665578411e+01 4.509988913511872255e+01 3.535533905932737753e+01 2.973213749463701205e+01 2.334523505985750447e+01 3.624913792078371699e+01 0.000000000000000000e+00 2.549509756796392423e+01 2.061552812808830382e+01
1.526433752247374720e+01 2.831960451701259274e+01 2.051828452868319275e+01 1.118033988749894903e+01 2.886173937932362321e+01 2.773084924772409465e+01 7.615773105863908654e+00 4.472135954999579610e+00 1.029563014098700080e+01 2.236067977499789805e+01 2.404163056034261459e+01 1.486606874731850603e+01 2.501999200639360765e+01 1.878829422805593552e+01 2.404163056034261459e+01 2.236067977499789805e+00 4.242640687119284770e+00 1.414213562373095101e+01 3.130495168499705727e+01 1.838477631085023489e+01 1.676305461424021104e+01 2.607680962081059661e+01 1.341640786499873883e+01 5.099019513592784492e+00 7.000000000000000000e+00 2.785677655436823841e+01 2.549509756796392423e+01 0.000000000000000000e+00 5.000000000000000000e+00
1.077032961426900748e+01 2.343074902771996193e+01 1.562049935181330795e+01 7.071067811865475505e+00 2.731300056749532601e+01 2.340939982143925135e+01 3.000000000000000000e+00 9.219544457292887074e+00 1.526433752247374720e+01 1.802775637731994607e+01 2.879236009777593708e+01 1.811077027627483460e+01 2.256102834535695578e+01 1.843908891458577415e+01 2.022374841615668473e+01 3.162277660168379523e+00 7.000000000000000000e+00 1.565247584249852864e+01 3.080584360149872580e+01 2.137755832643194864e+01 1.581138830084189628e+01 2.823118842698620767e+01 1.627882059609970611e+01 9.219544457292887074e+00 5.656854249492380582e+00 2.692582403567251959e+01 2.061552812808830382e+01 5.000000000000000000e+00 0.000000000000000000e+00
