0.000000000000000000e+00 4.161730409336962566e+01 2.906888370749726747e+01 3.862641583165593318e+01 2.816025568065744622e+01 4.022437072223753063e+01 3.383784863137726262e+01 2.751363298439520833e+01 2.220360331117451835e+01 1.676305461424021104e+01 2.184032966784155505e+01 1.300000000000000000e+01 8.944271909999159220e+00 4.534313619501853765e+01 3.889730067755344578e+01 3.679673898594819548e+01 7.071067811865475505e+00 2.024845673131658685e+01 4.420407221060068537e+01 3.178049716414140846e+01 3.982461550347975532e+01 2.800000000000000000e+01 2.716615541441224835e+01 3.538361202590826338e+01 4.123105625617660586e+00 1.627882059609970611e+01 8.246211251235321171e+00
4.161730409336962566e+01 0.000000000000000000e+00 2.109502310972898798e+01 3.805259518088089266e+01 2.765863337187866122e+01 1.414213562373095145e+00 7.810249675906653977e+00 2.507987240796890660e+01 4.031128874149274566e+01 3.413209633175202384e+01 2.220360331117451835e+01 3.640054944640259293e+01 4.386342439892261780e+01 6.000000000000000000e+00 1.236931687685298087e+01 7.071067811865475505e+00 3.712142238654116966e+01 2.140093455903269515e+01 3.162277660168379523e+00 1.726267650163206824e+01 5.099019513592784492e+00 3.423448553724738019e+01 2.213594362117865444e+01 1.019803902718556898e+01 4.482186966202993972e+01 4.134005321718877468e+01 3.577708763999663688e+01
2.906888370749726747e+01 2.109502310972898798e+01 0.000000000000000000e+00 4.614108798023730884e+01 3.264965543462901820e+01 2.022374841615668473e+01 1.655294535724684835e+01 4.000000000000000000e+00 3.931920650267500150e+01 3.114482300479487265e+01 2.154065922853801496e+01 3.101612483854164637e+01 3.517101079013794873e+01 2.137755832643194864e+01 2.778488797889960793e+01 1.403566884761819900e+01 2.247220505424423109e+01 1.552417469626002422e+01 2.202271554554523902e+01 2.617250465660480074e+01 2.308679276123039159e+01 1.315294643796590535e+01 2.692582403567251959e+01 1.100000000000000000e+01 3.310589071449369669e+01 3.701351104664349378e+01 2.109502310972898798e+01
3.862641583165593318e+01 3.805259518088089266e+01 4.614108798023730884e+01 0.000000000000000000e+00 1.360147050873544394e+01 3.712142238654116966e+01 3.395585369269929288e+01 4.825971404805461873e+01 1.802775637731994607e+01 2.193171219946130890e+01 2.500000000000000000e+01 2.563201123595259290e+01 3.255764119219941222e+01 4.404543109109047805e+01 2.601922366251537611e+01 4.002499219237900263e+01 4.081666326391709987e+01 3.140063693621516450e+01 4.101219330881975367e+01 2.158703314492290204e+01 3.301514803843835466e+01 5.531726674375732244e+01 1.923538406167134340e+01 4.176122603564220270e+01 3.832753579347360073e+01 2.418677324489564739e+01 4.049691346263317371e+01
2.816025568065744622e+01 2.765863337187866122e+01 3.264965543462901820e+01 1.360147050873544394e+01 0.000000000000000000e+00 2.647640458974745314e+01 2.200000000000000000e+01 3.466987164671942878e+01 1.414213562373095101e+01 1.216552506059643868e+01 1.140175425099137918e+01 1.612451549659709826e+01 2.451530134426252516e+01 3.354101966249684352e+01 1.749285568453590045e+01 2.801785145224380003e+01 2.879236009777593708e+01 1.780449381476485726e+01 3.080584360149872580e+01 1.044030650891055068e+01 2.308679276123039159e+01 4.177319714841084419e+01 6.082762530298219339e+00 2.927456233660889495e+01 2.901723625709381693e+01 1.788854381999831844e+01 2.823118842698620767e+01
4.022437072223753063e+01 1.414213562373095145e+00 2.022374841615668473e+01 3.712142238654116966e+01 2.647640458974745314e+01 0.000000000000000000e+00 6.403124237432848531e+00 2.418677324489564739e+01 3.900000000000000000e+01 3.275667870831839679e+01 2.080865204668481283e+01 3.500000000000000000e+01 4.244997055358224713e+01 7.071067811865475505e+00 1.170469991071962568e+01 6.324555320336759046e+00 3.577708763999663688e+01 2.000000000000000000e+01 4.472135954999579610e+00 1.612451549659709826e+01 4.472135954999579610e+00 3.337663853655727308e+01 2.088061301782110135e+01 9.486832980505138124e+00 4.341658669218482203e+01 3.996248240537617136e+01 3.443835071544512516e+01
3.383784863137726262e+01 7.810249675906653977e+00 1.655294535724684835e+01 3.395585369269929288e+01 2.200000000000000000e+01 6.403124237432848531e+00 0.000000000000000000e+00 2.024845673131658685e+01 3.352610922848042208e+01 2.683281572999747766e+01 1.476482306023340030e+01 2.884441020371191300e+01 3.612478373637688378e+01 1.252996408614166768e+01 1.140175425099137918e+01 6.082762530298219339e+00 2.954657340538831534e+01 1.360147050873544394e+01 1.063014581273464998e+01 1.236931687685298087e+01 7.000000000000000000e+00 2.941088233970548416e+01 1.603121954188139853e+01 8.062257748298549132e+00 3.701351104664349378e+01 3.400000000000000000e+01 2.823118842698620767e+01
2.751363298439520833e+01 2.507987240796890660e+01 4.000000000000000000e+00 4.825971404805461873e+01 3.466987164671942878e+01 2.418677324489564739e+01 2.024845673131658685e+01 0.000000000000000000e+00 4.002499219237900263e+01 3.178049716414140846e+01 2.332380757938120297e+01 3.114482300479487265e+01 3.436568055487916240e+01 2.531797780234432693e+01 3.130495168499705727e+01 1.802775637731994607e+01 2.061552812808830382e+01 1.700000000000000000e+01 2.601922366251537611e+01 2.906888370749726747e+01 2.692582403567251959e+01 9.219544457292887074e+00 2.920616373302046753e+01 1.500000000000000000e+01 3.162277660168379256e+01 3.712142238654116966e+01 1.931320791582796659e+01
2.220360331117451835e+01 4.031128874149274566e+01 3.931920650267500150e+01 1.802775637731994607e+01 1.414213562373095101e+01 3.900000000000000000e+01 3.352610922848042208e+01 4.002499219237900263e+01 0.000000000000000000e+00 8.246211251235321171e+00 1.923538406167134340e+01 1.000000000000000000e+01 1.486606874731850603e+01 4.588027898781784586e+01 3.140063693621516450e+01 3.905124837953326988e+01 2.624880949681337583e+01 2.402082429892862692e+01 4.346262762420145975e+01 2.385372088375312671e+01 3.623534186398687496e+01 4.477722635447621968e+01 1.835755975068581947e+01 3.945883931389771959e+01 2.102379604162863913e+01 6.324555320336759046e+00 2.640075756488817049e+01
1.676305461424021104e+01 3.413209633175202384e+01 3.114482300479487265e+01 2.193171219946130890e+01 1.216552506059643868e+01 3.275667870831839679e+01 2.683281572999747766e+01 3.178049716414140846e+01 8.246211251235321171e+00 0.000000000000000000e+00 1.208304597359457233e+01 4.000000000000000000e+00 1.236931687685298087e+01 3.935733730830885690e+01 2.701851217221259205e+01 3.195309061734091571e+01 1.920937271229854559e+01 1.603121954188139853e+01 3.721558813185679071e+01 1.920937271229854559e+01 3.061045573002793319e+01 3.667424164178449786e+01 1.360147050873544394e+01 3.201562118716424266e+01 1.702938636592640265e+01 7.211102550927978250e+00 1.910497317454279909e+01
2.184032966784155505e+01 2.220360331117451835e+01 2.154065922853801496e+01 2.500000000000000000e+01 1.140175425099137918e+01 2.080865204668481283e+01 1.476482306023340030e+01 2.332380757938120297e+01 1.923538406167134340e+01 1.208304597359457233e+01 0.000000000000000000e+00 1.421267040355189515e+01 2.202271554554523902e+01 2.729468812791236232e+01 1.708800749063506075e+01 1.992485884517127559e+01 2.002498439450078749e+01 6.403124237432848531e+00 2.523885892824792521e+01 1.004987562112088995e+01 1.910497317454279909e+01 3.041381265149109936e+01 6.708203932499369415e+00 2.022374841615668473e+01 2.416609194718914466e+01 1.923538406167134340e+01 1.910497317454279909e+01
1.300000000000000000e+01 3.640054944640259293e+01 3.101612483854164637e+01 2.563201123595259290e+01 1.612451549659709826e+01 3.500000000000000000e+01 2.884441020371191300e+01 3.114482300479487265e+01 1.000000000000000000e+01 4.000000000000000000e+00 1.421267040355189515e+01 0.000000000000000000e+00 8.544003745317530374e+00 4.134005321718877468e+01 3.023243291566194912e+01 3.354101966249684352e+01 1.627882059609970611e+01 1.676305461424021104e+01 3.940812099047606409e+01 2.247220505424423109e+01 3.324154027718932269e+01 3.511409973215887703e+01 1.700000000000000000e+01 3.324154027718932269e+01 1.303840481040529831e+01 6.000000000000000000e+00 1.640121946685672683e+01
8.944271909999159220e+00 4.386342439892261780e+01 3.517101079013794873e+01 3.255764119219941222e+01 2.451530134426252516e+01 4.244997055358224713e+01 3.612478373637688378e+01 3.436568055487916240e+01 1.486606874731850603e+01 1.236931687685298087e+01 2.202271554554523902e+01 8.544003745317530374e+00 0.000000000000000000e+00 4.841487374764081864e+01 3.858756276314947797e+01 4.022437072223753063e+01 1.529705854077835525e+01 2.302172886644267535e+01 4.675467891024383960e+01 3.088689042296100240e+01 4.110960958218893069e+01 3.622154055254966920e+01 2.549509756796392423e+01 3.944616584663204151e+01 6.403124237432848531e+00 8.544003745317530374e+00 1.612451549659709826e+01
4.534313619501853765e+01 6.000000000000000000e+00 2.137755832643194864e+01 4.404543109109047805e+01 3.354101966249684352e+01 7.071067811865475505e+00 1.252996408614166768e+01 2.531797780234432693e+01 4.588027898781784586e+01 3.935733730830885690e+01 2.729468812791236232e+01 4.134005321718877468e+01 4.841487374764081864e+01 0.000000000000000000e+00 1.824828759089465890e+01 8.602325267042626677e+00 4.022437072223753063e+01 2.549509756796392423e+01 3.162277660168379523e+00 2.319482700948640286e+01 1.104536101718726115e+01 3.405877273185280529e+01 2.789265136196270589e+01 1.077032961426900748e+01 4.879549159502340672e+01 4.652956049652736681e+01 3.883297567789519888e+01
3.889730067755344578e+01 1.236931687685298087e+01 2.778488797889960793e+01 2.601922366251537611e+01 1.749285568453590045e+01 1.170469991071962568e+01 1.140175425099137918e+01 3.130495168499705727e+01 3.140063693621516450e+01 2.701851217221259205e+01 1.708800749063506075e+01 3.023243291566194912e+01 3.858756276314947797e+01 1.824828759089465890e+01 0.000000000000000000e+00 1.640121946685672683e+01 3.634556369077249371e+01 2.002498439450078749e+01 1.513274595042155646e+01 7.810249675906653977e+00 7.280109889280518054e+00 4.031128874149274566e+01 1.345362404707370985e+01 1.910497317454279909e+01 4.123105625617660763e+01 3.397057550292606010e+01 3.522782990761707111e+01
3.679673898594819548e+01 7.071067811865475505e+00 1.403566884761819900e+01 4.002499219237900263e+01 2.801785145224380003e+01 6.324555320336759046e+00 6.082762530298219339e+00 1.802775637731994607e+01 3.905124837953326988e+01 3.195309061734091571e+01 1.992485884517127559e+01 3.354101966249684352e+01 4.022437072223753063e+01 8.602325267042626677e+00 1.640121946685672683e+01 0.000000000000000000e+00 3.162277660168379256e+01 1.720465053408525335e+01 8.246211251235321171e+00 1.843908891458577415e+01 1.000000000000000000e+01 2.716615541441224835e+01 2.200000000000000000e+01 3.162277660168379523e+00 4.031128874149274566e+01 3.900000000000000000e+01 3.023243291566194912e+01
7.071067811865475505e+00 3.712142238654116966e+01 2.247220505424423109e+01 4.081666326391709987e+01 2.879236009777593708e+01 3.577708763999663688e+01 2.954657340538831534e+01 2.061552812808830382e+01 2.624880949681337583e+01 1.920937271229854559e+01 2.002498439450078749e+01 1.627882059609970611e+01 1.529705854077835525e+01 4.022437072223753063e+01 3.634556369077249371e+01 3.162277660168379256e+01 0.000000000000000000e+00 1.649242250247064234e+01 3.944616584663204151e+01 3.000000000000000000e+01 3.605551275463989214e+01 2.102379604162863913e+01 2.630589287593181069e+01 2.983286778035259701e+01 1.118033988749894903e+01 2.109502310972898798e+01 1.414213562373095145e+00
2.024845673131658685e+01 2.140093455903269515e+01 1.552417469626002422e+01 3.140063693621516450e+01 1.780449381476485726e+01 2.000000000000000000e+01 1.360147050873544394e+01 1.700000000000000000e+01 2.402082429892862692e+01 1.603121954188139853e+01 6.403124237432848531e+00 1.676305461424021104e+01 2.302172886644267535e+01 2.549509756796392423e+01 2.002498439450078749e+01 1.720465053408525335e+01 1.649242250247064234e+01 0.000000000000000000e+00 2.408318915758459156e+01 1.456021977856103611e+01 1.969771560359220786e+01 2.404163056034261459e+01 1.280624847486569706e+01 1.655294535724684835e+01 2.343074902771996193e+01 2.256102834535695578e+01 1.529705854077835525e+01
4.420407221060068537e+01 3.162277660168379523e+00 2.202271554554523902e+01 4.101219330881975367e+01 3.080584360149872580e+01 4.472135954999579610e+00 1.063014581273464998e+01 2.601922366251537611e+01 4.346262762420145975e+01 3.721558813185679071e+01 2.523885892824792521e+01 3.940812099047606409e+01 4.675467891024383960e+01 3.162277660168379523e+00 1.513274595042155646e+01 8.246211251235321171e+00 3.944616584663204151e+01 2.408318915758459156e+01 0.000000000000000000e+00 2.039607805437113797e+01 8.000000000000000000e+00 3.501428280002319582e+01 2.529822128134703618e+01 1.104536101718726115e+01 4.750789408087881327e+01 4.441846462902562109e+01 3.807886552931954327e+01
3.178049716414140846e+01 1.726267650163206824e+01 2.617250465660480074e+01 2.158703314492290204e+01 1.044030650891055068e+01 1.612451549659709826e+01 1.236931687685298087e+01 2.906888370749726747e+01 2.385372088375312671e+01 1.920937271229854559e+01 1.004987562112088995e+01 2.247220505424423109e+01 3.088689042296100240e+01 2.319482700948640286e+01 7.810249675906653977e+00 1.843908891458577415e+01 3.000000000000000000e+01 1.456021977856103611e+01 2.039607805437113797e+01 0.000000000000000000e+00 1.264911064067351809e+01 3.744329045369811126e+01 5.656854249492380582e+00 2.024845673131658685e+01 3.383784863137726262e+01 2.617250465660480074e+01 2.901723625709381693e+01
3.982461550347975532e+01 5.099019513592784492e+00 2.308679276123039159e+01 3.301514803843835466e+01 2.308679276123039159e+01 4.472135954999579610e+00 7.000000000000000000e+00 2.692582403567251959e+01 3.623534186398687496e+01 3.061045573002793319e+01 1.910497317454279909e+01 3.324154027718932269e+01 4.110960958218893069e+01 1.104536101718726115e+01 7.280109889280518054e+00 1.000000000000000000e+01 3.605551275463989214e+01 1.969771560359220786e+01 8.000000000000000000e+00 1.264911064067351809e+01 0.000000000000000000e+00 3.613862199918530393e+01 1.788854381999831844e+01 1.303840481040529831e+01 4.272001872658765365e+01 3.780211634287159939e+01 3.478505426185217431e+01
2.800000000000000000e+01 3.423448553724738019e+01 1.315294643796590535e+01 5.531726674375732244e+01 4.177319714841084419e+01 3.337663853655727308e+01 2.941088233970548416e+01 9.219544457292887074e+00 4.477722635447621968e+01 3.667424164178449786e+01 3.041381265149109936e+01 3.511409973215887703e+01 3.622154055254966920e+01 3.405877273185280529e+01 4.031128874149274566e+01 2.716615541441224835e+01 2.102379604162863913e+01 2.404163056034261459e+01 3.501428280002319582e+01 3.744329045369811126e+01 3.613862199918530393e+01 0.000000000000000000e+00 3.679673898594819548e+01 2.408318915758459156e+01 3.201562118716424266e+01 4.080441152620633005e+01 2.009975124224177989e+01
2.716615541441224835e+01 2.213594362117865444e+01 2.692582403567251959e+01 1.923538406167134340e+01 6.082762530298219339e+00 2.088061301782110135e+01 1.603121954188139853e+01 2.920616373302046753e+01 1.835755975068581947e+01 1.360147050873544394e+01 6.708203932499369415e+00 1.700000000000000000e+01 2.549509756796392423e+01 2.789265136196270589e+01 1.345362404707370985e+01 2.200000000000000000e+01 2.630589287593181069e+01 1.280624847486569706e+01 2.529822128134703618e+01 5.656854249492380582e+00 1.788854381999831844e+01 3.679673898594819548e+01 0.000000000000000000e+00 2.319482700948640286e+01 2.886173937932362321e+01 2.051828452868319275e+01 2.549509756796392423e+01
3.538361202590826338e+01 1.019803902718556898e+01 1.100000000000000000e+01 4.176122603564220270e+01 2.927456233660889495e+01 9.486832980505138124e+00 8.062257748298549132e+00 1.500000000000000000e+01 3.945883931389771959e+01 3.201562118716424266e+01 2.022374841615668473e+01 3.324154027718932269e+01 3.944616584663204151e+01 1.077032961426900748e+01 1.910497317454279909e+01 3.162277660168379523e+00 2.983286778035259701e+01 1.655294535724684835e+01 1.104536101718726115e+01 2.024845673131658685e+01 1.303840481040529831e+01 2.408318915758459156e+01 2.319482700948640286e+01 0.000000000000000000e+00 3.905124837953326988e+01 3.889730067755344578e+01 2.842534080710379030e+01
4.123105625617660586e+00 4.482186966202993972e+01 3.310589071449369669e+01 3.832753579347360073e+01 2.901723625709381693e+01 4.341658669218482203e+01 3.701351104664349378e+01 3.162277660168379256e+01 2.102379604162863913e+01 1.702938636592640265e+01 2.416609194718914466e+01 1.303840481040529831e+01 6.403124237432848531e+00 4.879549159502340672e+01 4.123105625617660763e+01 4.031128874149274566e+01 1.118033988749894903e+01 2.343074902771996193e+01 4.750789408087881327e+01 3.383784863137726262e+01 4.272001872658765365e+01 3.201562118716424266e+01 2.886173937932362321e+01 3.905124837953326988e+01 0.000000000000000000e+00 1.476482306023340030e+01 1.236931687685298087e+01
1.627882059609970611e+01 4.134005321718877468e+01 3.701351104664349378e+01 2.418677324489564739e+01 1.788854381999831844e+01 3.996248240537617136e+01 3.400000000000000000e+01 3.712142238654116966e+01 6.324555320336759046e+00 7.211102550927978250e+00 1.923538406167134340e+01 6.000000000000000000e+00 8.544003745317530374e+00 4.652956049652736681e+01 3.397057550292606010e+01 3.900000000000000000e+01 2.109502310972898798e+01 2.256102834535695578e+01 4.441846462902562109e+01 2.617250465660480074e+01 3.780211634287159939e+01 4.080441152620633005e+01 2.051828452868319275e+01 3.889730067755344578e+01 1.476482306023340030e+01 0.000000000000000000e+00 2.147091055358388800e+01
8.246211251235321171e+00 3.577708763999663688e+01 2.109502310972898798e+01 4.049691346263317371e+01 2.823118842698620767e+01 3.443835071544512516e+01 2.823118842698620767e+01 1.931320791582796659e+01 2.640075756488817049e+01 1.910497317454279909e+01 1.910497317454279909e+01 1.640121946685672683e+01 1.612451549659709826e+01 3.883297567789519888e+01 3.522782990761707111e+01 3.023243291566194912e+01 1.414213562373095145e+00 1.529705854077835525e+01 3.807886552931954327e+01 2.901723625709381693e+01 3.478505426185217431e+01 2.009975124224177989e+01 2.549509756796392423e+01 2.842534080710379030e+01 1.236931687685298087e+01 2.147091055358388800e+01 0.000000000000000000e+00
