0.000000000000000000e+00 2.828427124746190202e+01 1.000000000000000000e+01 2.692582403567251959e+01 5.830951894845300743e+00 2.308679276123039159e+01 2.220360331117451835e+01 7.810249675906653977e+00 1.772004514666934938e+01 1.565247584249852864e+01 4.242640687119284770e+00 7.000000000000000000e+00 3.551056180912940619e+01 4.000000000000000000e+00 2.340939982143925135e+01 1.676305461424021104e+01 8.062257748298549132e+00 1.104536101718726115e+01 2.692582403567251959e+01 1.300000000000000000e+01
2.828427124746190202e+01 0.000000000000000000e+00 2.863564212655270680e+01 3.605551275463989125e+00 2.302172886644267535e+01 2.765863337187866122e+01 9.219544457292887074e+00 2.202271554554523902e+01 2.641968962724581260e+01 2.325940669922601600e+01 3.101612483854164637e+01 2.816025568065744622e+01 1.513274595042155646e+01 3.224903099319419653e+01 1.341640786499873883e+01 3.511409973215887703e+01 3.214031735997639316e+01 1.772004514666934938e+01 6.708203932499369415e+00 1.835755975068581947e+01
1.000000000000000000e+01 2.863564212655270680e+01 0.000000000000000000e+00 2.617250465660480074e+01 8.602325267042626677e+00 1.389244398944980396e+01 2.555386467836127551e+01 7.810249675906653977e+00 8.602325267042626677e+00 8.062257748298549132e+00 7.615773105863908654e+00 3.000000000000000000e+00 3.132091952673165025e+01 1.077032961426900748e+01 2.842534080710379030e+01 7.810249675906653977e+00 5.000000000000000000e+00 1.555634918610404505e+01 2.500000000000000000e+01 1.920937271229854559e+01
2.692582403567251959e+01 3.605551275463989125e+00 2.617250465660480074e+01 0.000000000000000000e+00 2.137755832643194864e+01 2.420743687382040932e+01 1.077032961426900748e+01 2.009975124224177989e+01 2.325940669922601600e+01 2.024845673131658685e+01 2.927456233660889495e+01 2.600000000000000000e+01 1.264911064067351809e+01 3.080584360149872580e+01 1.552417469626002422e+01 3.228002478313794654e+01 3.000000000000000000e+01 1.700000000000000000e+01 3.162277660168379523e+00 1.843908891458577415e+01
5.830951894845300743e+00 2.302172886644267535e+01 8.602325267042626677e+00 2.137755832643194864e+01 0.000000000000000000e+00 1.910497317454279909e+01 1.802775637731994607e+01 2.236067977499789805e+00 1.400000000000000000e+01 1.118033988749894903e+01 8.000000000000000000e+00 6.403124237432848531e+00 2.968164415931165934e+01 9.486832980505138124e+00 2.024845673131658685e+01 1.640121946685672683e+01 9.848857801796103928e+00 7.211102550927978250e+00 2.118962010041709121e+01 1.063014581273464998e+01
2.308679276123039159e+01 2.765863337187866122e+01 1.389244398944980396e+01 2.420743687382040932e+01 1.910497317454279909e+01 0.000000000000000000e+00 2.915475947422650194e+01 1.702938636592640265e+01 5.385164807134503739e+00 8.000000000000000000e+00 2.147091055358388800e+01 1.655294535724684835e+01 2.319482700948640286e+01 2.459674775249768786e+01 3.354101966249684352e+01 1.341640786499873883e+01 1.860107523773827509e+01 2.334523505985750447e+01 2.163330765278393741e+01 2.745906043549196340e+01
2.220360331117451835e+01 9.219544457292887074e+00 2.555386467836127551e+01 1.077032961426900748e+01 1.802775637731994607e+01 2.915475947422650194e+01 0.000000000000000000e+00 1.788854381999831844e+01 2.624880949681337583e+01 2.267156809750926882e+01 2.570992026436488231e+01 2.416609194718914466e+01 2.340939982143925135e+01 2.617250465660480074e+01 5.000000000000000000e+00 3.301514803843835466e+01 2.785677655436823841e+01 1.118033988749894903e+01 1.334166406412633421e+01 1.019803902718556898e+01
7.810249675906653977e+00 2.202271554554523902e+01 7.810249675906653977e+00 2.009975124224177989e+01 2.236067977499789805e+00 1.702938636592640265e+01 1.788854381999831844e+01 0.000000000000000000e+00 1.204159457879229578e+01 9.055385138137417300e+00 9.219544457292887074e+00 6.324555320336759046e+00 2.778488797889960793e+01 1.118033988749894903e+01 2.061552812808830382e+01 1.555634918610404505e+01 1.019803902718556898e+01 7.810249675906653977e+00 1.964688270438849926e+01 1.166190378969060149e+01
1.772004514666934938e+01 2.641968962724581260e+01 8.602325267042626677e+00 2.325940669922601600e+01 1.400000000000000000e+01 5.385164807134503739e+00 2.624880949681337583e+01 1.204159457879229578e+01 0.000000000000000000e+00 3.605551275463989125e+00 1.612451549659709826e+01 1.118033988749894903e+01 2.507987240796890660e+01 1.923538406167134340e+01 3.023243291566194912e+01 1.004987562112088995e+01 1.345362404707370985e+01 1.897366596101027625e+01 2.118962010041709121e+01 2.308679276123039159e+01
1.565247584249852864e+01 2.325940669922601600e+01 8.062257748298549132e+00 2.024845673131658685e+01 1.118033988749894903e+01 8.000000000000000000e+00 2.267156809750926882e+01 9.055385138137417300e+00 3.605551275463989125e+00 0.000000000000000000e+00 1.486606874731850603e+01 9.899494936611665352e+00 2.353720459187963954e+01 1.780449381476485726e+01 2.662705391138869615e+01 1.216552506059643868e+01 1.303840481040529831e+01 1.552417469626002422e+01 1.843908891458577415e+01 1.964688270438849926e+01
4.242640687119284770e+00 3.101612483854164637e+01 7.615773105863908654e+00 2.927456233660889495e+01 8.000000000000000000e+00 2.147091055358388800e+01 2.570992026436488231e+01 9.219544457292887074e+00 1.612451549659709826e+01 1.486606874731850603e+01 0.000000000000000000e+00 5.000000000000000000e+00 3.667424164178449786e+01 3.162277660168379523e+00 2.731300056749532601e+01 1.315294643796590535e+01 4.123105625617660586e+00 1.456021977856103611e+01 2.886173937932362321e+01 1.700000000000000000e+01
7.000000000000000000e+00 2.816025568065744622e+01 3.000000000000000000e+00 2.600000000000000000e+01 6.403124237432848531e+00 1.655294535724684835e+01 2.416609194718914466e+01 6.324555320336759046e+00 1.118033988749894903e+01 9.899494936611665352e+00 5.000000000000000000e+00 0.000000000000000000e+00 3.231098884280702066e+01 8.062257748298549132e+00 2.662705391138869615e+01 1.029563014098700080e+01 4.000000000000000000e+00 1.360147050873544394e+01 2.517935662402834396e+01 1.697056274847713908e+01
3.551056180912940619e+01 1.513274595042155646e+01 3.132091952673165025e+01 1.264911064067351809e+01 2.968164415931165934e+01 2.319482700948640286e+01 2.340939982143925135e+01 2.778488797889960793e+01 2.507987240796890660e+01 2.353720459187963954e+01 3.667424164178449786e+01 3.231098884280702066e+01 0.000000000000000000e+00 3.894868418830089496e+01 2.816025568065744622e+01 3.512833614050059339e+01 3.605551275463989214e+01 2.758622844826744469e+01 1.029563014098700080e+01 3.000000000000000000e+01
4.000000000000000000e+00 3.224903099319419653e+01 1.077032961426900748e+01 3.080584360149872580e+01 9.486832980505138124e+00 2.459674775249768786e+01 2.617250465660480074e+01 1.118033988749894903e+01 1.923538406167134340e+01 1.780449381476485726e+01 3.162277660168379523e+00 8.062257748298549132e+00 3.894868418830089496e+01 0.000000000000000000e+00 2.720294101747088789e+01 1.603121954188139853e+01 7.000000000000000000e+00 1.503329637837290811e+01 3.067572330035593353e+01 1.676305461424021104e+01
2.340939982143925135e+01 1.341640786499873883e+01 2.842534080710379030e+01 1.552417469626002422e+01 2.024845673131658685e+01 3.354101966249684352e+01 5.000000000000000000e+00 2.061552812808830382e+01 3.023243291566194912e+01 2.662705391138869615e+01 2.731300056749532601e+01 2.662705391138869615e+01 2.816025568065744622e+01 2.720294101747088789e+01 0.000000000000000000e+00 3.612478373637688378e+01 3.001666203960726875e+01 1.303840481040529831e+01 1.824828759089465890e+01 1.044030650891055068e+01
1.676305461424021104e+01 3.511409973215887703e+01 7.810249675906653977e+00 3.228002478313794654e+01 1.640121946685672683e+01 1.341640786499873883e+01 3.301514803843835466e+01 1.555634918610404505e+01 1.004987562112088995e+01 1.216552506059643868e+01 1.315294643796590535e+01 1.029563014098700080e+01 3.512833614050059339e+01 1.603121954188139853e+01 3.612478373637688378e+01 0.000000000000000000e+00 9.055385138137417300e+00 2.334523505985750447e+01 3.059411708155671050e+01 2.701851217221259205e+01
8.062257748298549132e+00 3.214031735997639316e+01 5.000000000000000000e+00 3.000000000000000000e+01 9.848857801796103928e+00 1.860107523773827509e+01 2.785677655436823841e+01 1.019803902718556898e+01 1.345362404707370985e+01 1.303840481040529831e+01 4.123105625617660586e+00 4.000000000000000000e+00 3.605551275463989214e+01 7.000000000000000000e+00 3.001666203960726875e+01 9.055385138137417300e+00 0.000000000000000000e+00 1.700000000000000000e+01 2.915475947422650194e+01 2.000000000000000000e+01
1.104536101718726115e+01 1.772004514666934938e+01 1.555634918610404505e+01 1.700000000000000000e+01 7.211102550927978250e+00 2.334523505985750447e+01 1.118033988749894903e+01 7.810249675906653977e+00 1.897366596101027625e+01 1.552417469626002422e+01 1.456021977856103611e+01 1.360147050873544394e+01 2.758622844826744469e+01 1.503329637837290811e+01 1.303840481040529831e+01 2.334523505985750447e+01 1.700000000000000000e+01 0.000000000000000000e+00 1.780449381476485726e+01 4.123105625617660586e+00
2.692582403567251959e+01 6.708203932499369415e+00 2.500000000000000000e+01 3.162277660168379523e+00 2.118962010041709121e+01 2.163330765278393741e+01 1.334166406412633421e+01 1.964688270438849926e+01 2.118962010041709121e+01 1.843908891458577415e+01 2.886173937932362321e+01 2.517935662402834396e+01 1.029563014098700080e+01 3.067572330035593353e+01 1.824828759089465890e+01 3.059411708155671050e+01 2.915475947422650194e+01 1.780449381476485726e+01 0.000000000000000000e+00 1.984943324127920761e+01
1.300000000000000000e+01 1.835755975068581947e+01 1.920937271229854559e+01 1.843908891458577415e+01 1.063014581273464998e+01 2.745906043549196340e+01 1.019803902718556898e+01 1.166190378969060149e+01 2.308679276123039159e+01 1.964688270438849926e+01 1.700000000000000000e+01 1.697056274847713908e+01 3.000000000000000000e+01 1.676305461424021104e+01 1.044030650891055068e+01 2.701851217221259205e+01 2.000000000000000000e+01 4.123105625617660586e+00 1.984943324127920761e+01 0.000000000000000000e+00
