0.000000000000000000e+00 1.389244398944980396e+01 1.118033988749894903e+01 2.102379604162863913e+01 2.024845673131658685e+01 1.100000000000000000e+01 2.580697580112788003e+01 1.923538406167134340e+01 2.404163056034261459e+01 2.121320343559642652e+01 2.334523505985750447e+01 1.860107523773827509e+01 2.024845673131658685e+01 2.302172886644267535e+01 1.414213562373095145e+00 1.004987562112088995e+01 1.702938636592640265e+01 1.004987562112088995e+01 1.565247584249852864e+01 2.163330765278393741e+01 4.000000000000000000e+00 9.486832980505138124e+00 2.059126028197400160e+01 6.708203932499369415e+00 1.627882059609970611e+01
1.389244398944980396e+01 0.000000000000000000e+00 1.456021977856103611e+01 1.910497317454279909e+01 2.247220505424423109e+01 7.071067811865475505e+00 3.041381265149109936e+01 2.418677324489564739e+01 3.041381265149109936e+01 1.664331697709323876e+01 3.687817782917154830e+01 2.435159132377184221e+01 3.100000000000000000e+01 2.773084924772409465e+01 1.252996408614166768e+01 2.140093455903269515e+01 2.640075756488817049e+01 2.280350850198275836e+01 2.024845673131658685e+01 3.041381265149109936e+01 1.746424919657297892e+01 1.835755975068581947e+01 2.507987240796890660e+01 9.055385138137417300e+00 4.000000000000000000e+00
1.118033988749894903e+01 1.456021977856103611e+01 0.000000000000000000e+00 1.004987562112088995e+01 9.433981132056603158e+00 1.702938636592640265e+01 1.640121946685672683e+01 3.008321791298264714e+01 3.517101079013794873e+01 1.118033988749894903e+01 3.130495168499705727e+01 9.848857801796103928e+00 1.746424919657297892e+01 1.360147050873544394e+01 1.044030650891055068e+01 2.102379604162863913e+01 2.816025568065744622e+01 1.280624847486569706e+01 5.830951894845300743e+00 1.603121954188139853e+01 1.118033988749894903e+01 2.061552812808830382e+01 3.138470965295043058e+01 7.071067811865475505e+00 1.400000000000000000e+01
2.102379604162863913e+01 1.910497317454279909e+01 1.004987562112088995e+01 0.000000000000000000e+00 6.324555320336759046e+00 2.418677324489564739e+01 1.400000000000000000e+01 3.929376540877699853e+01 4.472135954999579610e+01 4.000000000000000000e+00 4.085339643163099055e+01 1.166190378969060149e+01 2.280350850198275836e+01 1.216552506059643868e+01 2.009975124224177989e+01 3.100000000000000000e+01 3.805259518088089266e+01 2.193171219946130890e+01 9.219544457292887074e+00 1.923538406167134340e+01 2.121320343559642652e+01 3.026549190084311292e+01 4.052159917870962147e+01 1.552417469626002422e+01 1.640121946685672683e+01
2.024845673131658685e+01 2.247220505424423109e+01 9.433981132056603158e+00 6.324555320336759046e+00 0.000000000000000000e+00 2.617250465660480074e+01 8.246211251235321171e+00 3.939543120718441571e+01 4.427188724235730888e+01 1.019803902718556898e+01 3.710795063055894616e+01 5.656854249492380582e+00 1.697056274847713908e+01 6.000000000000000000e+00 1.969771560359220786e+01 2.961418578992169515e+01 3.687817782917154830e+01 1.824828759089465890e+01 5.000000000000000000e+00 1.303840481040529831e+01 1.923538406167134340e+01 2.973213749463701205e+01 4.071854614300466579e+01 1.640121946685672683e+01 2.061552812808830382e+01
1.100000000000000000e+01 7.071067811865475505e+00 1.702938636592640265e+01 2.418677324489564739e+01 2.617250465660480074e+01 0.000000000000000000e+00 3.342154993413680586e+01 1.711724276862369010e+01 2.334523505985750447e+01 2.247220505424423109e+01 3.190611226708763226e+01 2.662705391138869615e+01 3.080584360149872580e+01 3.061045573002793319e+01 1.004987562112088995e+01 1.562049935181330795e+01 1.972308292331602075e+01 2.102379604162863913e+01 2.280350850198275836e+01 3.138470965295043058e+01 1.500000000000000000e+01 1.204159457879229578e+01 1.802775637731994607e+01 1.000000000000000000e+01 1.104536101718726115e+01
2.580697580112788003e+01 3.041381265149109936e+01 1.640121946685672683e+01 1.400000000000000000e+01 8.246211251235321171e+00 3.342154993413680586e+01 0.000000000000000000e+00 4.494441010848846219e+01 4.919349550499537571e+01 1.800000000000000000e+01 3.801315561749642313e+01 7.211102550927978250e+00 1.456021977856103611e+01 2.828427124746190291e+00 2.561249694973139412e+01 3.401470270338990076e+01 4.123105625617660763e+01 2.061552812808830382e+01 1.063014581273464998e+01 9.486832980505138124e+00 2.370653918225939449e+01 3.498571136907180090e+01 4.632493928760187885e+01 2.343074902771996193e+01 2.879236009777593708e+01
1.923538406167134340e+01 2.418677324489564739e+01 3.008321791298264714e+01 3.929376540877699853e+01 3.939543120718441571e+01 1.711724276862369010e+01 4.494441010848846219e+01 0.000000000000000000e+00 6.324555320336759046e+00 3.847076812334268681e+01 2.500000000000000000e+01 3.773592452822641263e+01 3.687817782917154830e+01 4.219004621945797595e+01 1.969771560359220786e+01 1.220655561573370207e+01 8.000000000000000000e+00 2.617250465660480074e+01 3.488552708502481892e+01 3.962322551231790158e+01 2.140093455903269515e+01 1.000000000000000000e+01 1.414213562373095145e+00 2.376972864800942631e+01 2.816025568065744622e+01
2.404163056034261459e+01 3.041381265149109936e+01 3.517101079013794873e+01 4.472135954999579610e+01 4.427188724235730888e+01 2.334523505985750447e+01 4.919349550499537571e+01 6.324555320336759046e+00 0.000000000000000000e+00 4.418144406874904462e+01 2.376972864800942631e+01 4.204759208325727826e+01 3.969886648255841521e+01 4.651881339845203200e+01 2.473863375370596174e+01 1.526433752247374720e+01 8.485281374238569541e+00 2.941088233970548416e+01 3.956008088970496317e+01 4.301162633521313694e+01 2.549509756796392423e+01 1.456021977856103611e+01 5.830951894845300743e+00 2.927456233660889495e+01 3.436568055487916240e+01
2.121320343559642652e+01 1.664331697709323876e+01 1.118033988749894903e+01 4.000000000000000000e+00 1.019803902718556898e+01 2.247220505424423109e+01 1.800000000000000000e+01 3.847076812334268681e+01 4.418144406874904462e+01 0.000000000000000000e+00 4.248529157249600274e+01 1.523154621172781731e+01 2.607680962081059661e+01 1.612451549659709826e+01 2.009975124224177989e+01 3.125699921617556853e+01 3.805259518088089266e+01 2.385372088375312671e+01 1.220655561573370207e+01 2.284731931759172596e+01 2.213594362117865444e+01 3.000000000000000000e+01 3.962322551231790158e+01 1.500000000000000000e+01 1.345362404707370985e+01
2.334523505985750447e+01 3.687817782917154830e+01 3.130495168499705727e+01 4.085339643163099055e+01 3.710795063055894616e+01 3.190611226708763226e+01 3.801315561749642313e+01 2.500000000000000000e+01 2.376972864800942631e+01 4.248529157249600274e+01 0.000000000000000000e+00 3.238826948140329165e+01 2.418677324489564739e+01 3.612478373637688378e+01 2.475883680627989492e+01 1.655294535724684835e+01 1.700000000000000000e+01 1.897366596101027625e+01 3.228002478313794654e+01 2.906888370749726747e+01 2.080865204668481283e+01 2.061552812808830382e+01 2.601922366251537611e+01 2.983286778035259701e+01 3.959797974644666141e+01
1.860107523773827509e+01 2.435159132377184221e+01 9.848857801796103928e+00 1.166190378969060149e+01 5.656854249492380582e+00 2.662705391138869615e+01 7.211102550927978250e+00 3.773592452822641263e+01 4.204759208325727826e+01 1.523154621172781731e+01 3.238826948140329165e+01 0.000000000000000000e+00 1.131370849898476116e+01 4.472135954999579610e+00 1.843908891458577415e+01 2.692582403567251959e+01 3.417601498127012150e+01 1.403566884761819900e+01 4.123105625617660586e+00 7.615773105863908654e+00 1.655294535724684835e+01 2.778488797889960793e+01 3.911521443121588959e+01 1.664331697709323876e+01 2.334523505985750447e+01
2.024845673131658685e+01 3.100000000000000000e+01 1.746424919657297892e+01 2.280350850198275836e+01 1.697056274847713908e+01 3.080584360149872580e+01 1.456021977856103611e+01 3.687817782917154830e+01 3.969886648255841521e+01 2.607680962081059661e+01 2.418677324489564739e+01 1.131370849898476116e+01 0.000000000000000000e+00 1.341640786499873883e+01 2.088061301782110135e+01 2.475883680627989492e+01 3.124099870362661591e+01 1.081665382639196871e+01 1.389244398944980396e+01 5.099019513592784492e+00 1.655294535724684835e+01 2.720294101747088789e+01 3.828837943815329226e+01 2.202271554554523902e+01 3.125699921617556853e+01
2.302172886644267535e+01 2.773084924772409465e+01 1.360147050873544394e+01 1.216552506059643868e+01 6.000000000000000000e+00 3.061045573002793319e+01 2.828427124746190291e+00 4.219004621945797595e+01 4.651881339845203200e+01 1.612451549659709826e+01 3.612478373637688378e+01 4.472135954999579610e+00 1.341640786499873883e+01 0.000000000000000000e+00 2.280350850198275836e+01 3.138470965295043058e+01 3.862641583165593318e+01 1.824828759089465890e+01 7.810249675906653977e+00 8.602325267042626677e+00 2.102379604162863913e+01 3.224903099319419653e+01 4.356604182158393002e+01 2.061552812808830382e+01 2.624880949681337583e+01
1.414213562373095145e+00 1.252996408614166768e+01 1.044030650891055068e+01 2.009975124224177989e+01 1.969771560359220786e+01 1.004987562112088995e+01 2.561249694973139412e+01 1.969771560359220786e+01 2.473863375370596174e+01 2.009975124224177989e+01 2.475883680627989492e+01 1.843908891458577415e+01 2.088061301782110135e+01 2.280350850198275836e+01 0.000000000000000000e+00 1.118033988749894903e+01 1.800000000000000000e+01 1.100000000000000000e+01 1.526433752247374720e+01 2.195449840010014952e+01 5.099019513592784492e+00 1.019803902718556898e+01 2.102379604162863913e+01 5.385164807134503739e+00 1.486606874731850603e+01
1.004987562112088995e+01 2.140093455903269515e+01 2.102379604162863913e+01 3.100000000000000000e+01 2.961418578992169515e+01 1.562049935181330795e+01 3.401470270338990076e+01 1.220655561573370207e+01 1.526433752247374720e+01 3.125699921617556853e+01 1.655294535724684835e+01 2.692582403567251959e+01 2.475883680627989492e+01 3.138470965295043058e+01 1.118033988749894903e+01 0.000000000000000000e+00 7.280109889280518054e+00 1.421267040355189515e+01 2.473863375370596174e+01 2.780287754891568852e+01 1.044030650891055068e+01 4.123105625617660586e+00 1.360147050873544394e+01 1.649242250247064234e+01 2.469817807045693669e+01
1.702938636592640265e+01 2.640075756488817049e+01 2.816025568065744622e+01 3.805259518088089266e+01 3.687817782917154830e+01 1.972308292331602075e+01 4.123105625617660763e+01 8.000000000000000000e+00 8.485281374238569541e+00 3.805259518088089266e+01 1.700000000000000000e+01 3.417601498127012150e+01 3.124099870362661591e+01 3.862641583165593318e+01 1.800000000000000000e+01 7.280109889280518054e+00 0.000000000000000000e+00 2.109502310972898798e+01 3.201562118716424266e+01 3.466987164671942878e+01 1.772004514666934938e+01 8.246211251235321171e+00 9.055385138137417300e+00 2.308679276123039159e+01 3.008321791298264714e+01
1.004987562112088995e+01 2.280350850198275836e+01 1.280624847486569706e+01 2.193171219946130890e+01 1.824828759089465890e+01 2.102379604162863913e+01 2.061552812808830382e+01 2.617250465660480074e+01 2.941088233970548416e+01 2.385372088375312671e+01 1.897366596101027625e+01 1.403566884761819900e+01 1.081665382639196871e+01 1.824828759089465890e+01 1.100000000000000000e+01 1.421267040355189515e+01 2.109502310972898798e+01 0.000000000000000000e+00 1.334166406412633421e+01 1.360147050873544394e+01 6.082762530298219339e+00 1.640121946685672683e+01 2.758622844826744469e+01 1.392838827718411920e+01 2.416609194718914466e+01
1.565247584249852864e+01 2.024845673131658685e+01 5.830951894845300743e+00 9.219544457292887074e+00 5.000000000000000000e+00 2.280350850198275836e+01 1.063014581273464998e+01 3.488552708502481892e+01 3.956008088970496317e+01 1.220655561573370207e+01 3.228002478313794654e+01 4.123105625617660586e+00 1.389244398944980396e+01 7.810249675906653977e+00 1.526433752247374720e+01 2.473863375370596174e+01 3.201562118716424266e+01 1.334166406412633421e+01 0.000000000000000000e+00 1.118033988749894903e+01 1.431782106327635340e+01 2.507987240796890660e+01 3.623534186398687496e+01 1.280624847486569706e+01 1.923538406167134340e+01
2.163330765278393741e+01 3.041381265149109936e+01 1.603121954188139853e+01 1.923538406167134340e+01 1.303840481040529831e+01 3.138470965295043058e+01 9.486832980505138124e+00 3.962322551231790158e+01 4.301162633521313694e+01 2.284731931759172596e+01 2.906888370749726747e+01 7.615773105863908654e+00 5.099019513592784492e+00 8.602325267042626677e+00 2.195449840010014952e+01 2.780287754891568852e+01 3.466987164671942878e+01 1.360147050873544394e+01 1.118033988749894903e+01 0.000000000000000000e+00 1.843908891458577415e+01 2.969848480983499428e+01 4.103656905736638549e+01 2.184032966784155505e+01 3.001666203960726875e+01
4.000000000000000000e+00 1.746424919657297892e+01 1.118033988749894903e+01 2.121320343559642652e+01 1.923538406167134340e+01 1.500000000000000000e+01 2.370653918225939449e+01 2.140093455903269515e+01 2.549509756796392423e+01 2.213594362117865444e+01 2.080865204668481283e+01 1.655294535724684835e+01 1.655294535724684835e+01 2.102379604162863913e+01 5.099019513592784492e+00 1.044030650891055068e+01 1.772004514666934938e+01 6.082762530298219339e+00 1.431782106327635340e+01 1.843908891458577415e+01 0.000000000000000000e+00 1.140175425099137918e+01 2.280350850198275836e+01 9.219544457292887074e+00 1.941648783894759944e+01
9.486832980505138124e+00 1.835755975068581947e+01 2.061552812808830382e+01 3.026549190084311292e+01 2.973213749463701205e+01 1.204159457879229578e+01 3.498571136907180090e+01 1.000000000000000000e+01 1.456021977856103611e+01 3.000000000000000000e+01 2.061552812808830382e+01 2.778488797889960793e+01 2.720294101747088789e+01 3.224903099319419653e+01 1.019803902718556898e+01 4.123105625617660586e+00 8.246211251235321171e+00 1.640121946685672683e+01 2.507987240796890660e+01 2.969848480983499428e+01 1.140175425099137918e+01 0.000000000000000000e+00 1.140175425099137918e+01 1.500000000000000000e+01 2.193171219946130890e+01
2.059126028197400160e+01 2.507987240796890660e+01 3.138470965295043058e+01 4.052159917870962147e+01 4.071854614300466579e+01 1.802775637731994607e+01 4.632493928760187885e+01 1.414213562373095145e+00 5.830951894845300743e+00 3.962322551231790158e+01 2.601922366251537611e+01 3.911521443121588959e+01 3.828837943815329226e+01 4.356604182158393002e+01 2.102379604162863913e+01 1.360147050873544394e+01 9.055385138137417300e+00 2.758622844826744469e+01 3.623534186398687496e+01 4.103656905736638549e+01 2.280350850198275836e+01 1.140175425099137918e+01 0.000000000000000000e+00 2.500000000000000000e+01 2.906888370749726747e+01
6.708203932499369415e+00 9.055385138137417300e+00 7.071067811865475505e+00 1.552417469626002422e+01 1.640121946685672683e+01 1.000000000000000000e+01 2.343074902771996193e+01 2.376972864800942631e+01 2.927456233660889495e+01 1.500000000000000000e+01 2.983286778035259701e+01 1.664331697709323876e+01 2.202271554554523902e+01 2.061552812808830382e+01 5.385164807134503739e+00 1.649242250247064234e+01 2.308679276123039159e+01 1.392838827718411920e+01 1.280624847486569706e+01 2.184032966784155505e+01 9.219544457292887074e+00 1.500000000000000000e+01 2.500000000000000000e+01 0.000000000000000000e+00 1.029563014098700080e+01
1.627882059609970611e+01 4.000000000000000000e+00 1.400000000000000000e+01 1.640121946685672683e+01 2.061552812808830382e+01 1.104536101718726115e+01 2.879236009777593708e+01 2.816025568065744622e+01 3.436568055487916240e+01 1.345362404707370985e+01 3.959797974644666141e+01 2.334523505985750447e+01 3.125699921617556853e+01 2.624880949681337583e+01 1.486606874731850603e+01 2.469817807045693669e+01 3.008321791298264714e+01 2.416609194718914466e+01 1.923538406167134340e+01 3.001666203960726875e+01 1.941648783894759944e+01 2.193171219946130890e+01 2.906888370749726747e+01 1.029563014098700080e+01 0.000000000000000000e+00
