0.000000000000000000e+00 1.081665382639196871e+01 1.303840481040529831e+01 1.208304597359457233e+01 8.944271909999159220e+00 1.746424919657297892e+01 2.692582403567251959e+01 3.138470965295043058e+01 8.544003745317530374e+00 1.749285568453590045e+01 1.414213562373095145e+00 2.863564212655270680e+01 2.370653918225939449e+01 1.004987562112088995e+01 7.211102550927978250e+00 1.964688270438849926e+01 1.360147050873544394e+01 7.211102550927978250e+00 2.912043955712207222e+01 5.385164807134503739e+00 2.236067977499789805e+00
1.081665382639196871e+01 0.000000000000000000e+00 2.385372088375312671e+01 1.118033988749894903e+01 1.711724276862369010e+01 1.476482306023340030e+01 1.772004514666934938e+01 3.264965543462901820e+01 1.843908891458577415e+01 2.418677324489564739e+01 1.063014581273464998e+01 2.662705391138869615e+01 1.513274595042155646e+01 2.024845673131658685e+01 5.000000000000000000e+00 1.360147050873544394e+01 4.472135954999579610e+00 1.044030650891055068e+01 2.780287754891568852e+01 5.656854249492380582e+00 1.208304597359457233e+01
1.303840481040529831e+01 2.385372088375312671e+01 0.000000000000000000e+00 2.209072203437452231e+01 1.140175425099137918e+01 2.700000000000000000e+01 3.905124837953326988e+01 3.436568055487916240e+01 8.062257748298549132e+00 1.649242250247064234e+01 1.341640786499873883e+01 3.535533905932737753e+01 3.560898762952971452e+01 6.082762530298219339e+00 1.984943324127920761e+01 3.052867504494749440e+01 2.640075756488817049e+01 1.726267650163206824e+01 3.512833614050059339e+01 1.835755975068581947e+01 1.204159457879229578e+01
1.208304597359457233e+01 1.118033988749894903e+01 2.209072203437452231e+01 0.000000000000000000e+00 2.102379604162863913e+01 5.385164807134503739e+00 2.816025568065744622e+01 4.186884283091664116e+01 1.431782106327635340e+01 2.952964612046680060e+01 1.077032961426900748e+01 3.712142238654116966e+01 2.600000000000000000e+01 2.137755832643194864e+01 1.303840481040529831e+01 2.473863375370596174e+01 9.219544457292887074e+00 5.099019513592784492e+00 3.807886552931954327e+01 9.219544457292887074e+00 1.431782106327635340e+01
8.944271909999159220e+00 1.711724276862369010e+01 1.140175425099137918e+01 2.102379604162863913e+01 0.000000000000000000e+00 2.640075756488817049e+01 2.906888370749726747e+01 2.435159132377184221e+01 1.300000000000000000e+01 8.602325267042626677e+00 1.029563014098700080e+01 2.408318915758459156e+01 2.549509756796392423e+01 5.385164807134503739e+00 1.216552506059643868e+01 1.984943324127920761e+01 2.100000000000000000e+01 1.612451549659709826e+01 2.400000000000000000e+01 1.315294643796590535e+01 6.708203932499369415e+00
1.746424919657297892e+01 1.476482306023340030e+01 2.700000000000000000e+01 5.385164807134503739e+00 2.640075756488817049e+01 0.000000000000000000e+00 3.006659275674581622e+01 4.669047011971500893e+01 1.902629759044044633e+01 3.488552708502481892e+01 1.615549442140351033e+01 4.134005321718877468e+01 2.844292530665578411e+01 2.668332812825266842e+01 1.769180601295413169e+01 2.823118842698620767e+01 1.140175425099137918e+01 1.044030650891055068e+01 4.243819034784588951e+01 1.421267040355189515e+01 1.969771560359220786e+01
2.692582403567251959e+01 1.772004514666934938e+01 3.905124837953326988e+01 2.816025568065744622e+01 2.906888370749726747e+01 3.006659275674581622e+01 0.000000000000000000e+00 3.026549190084311292e+01 3.535533905932737753e+01 3.220248437620923454e+01 2.729468812791236232e+01 2.061552812808830382e+01 3.605551275463989125e+00 3.394112549695427816e+01 1.972308292331602075e+01 9.848857801796103928e+00 1.902629759044044633e+01 2.816025568065744622e+01 2.256102834535695578e+01 2.284731931759172596e+01 2.720294101747088789e+01
3.138470965295043058e+01 3.264965543462901820e+01 3.436568055487916240e+01 4.186884283091664116e+01 2.435159132377184221e+01 4.669047011971500893e+01 3.026549190084311292e+01 0.000000000000000000e+00 3.733630940518894192e+01 1.802775637731994607e+01 3.275667870831839679e+01 1.004987562112088995e+01 2.765863337187866122e+01 2.863564212655270680e+01 2.900000000000000000e+01 2.247220505424423109e+01 3.701351104664349378e+01 3.801315561749642313e+01 8.062257748298549132e+00 3.264965543462901820e+01 2.952964612046680060e+01
8.544003745317530374e+00 1.843908891458577415e+01 8.062257748298549132e+00 1.431782106327635340e+01 1.300000000000000000e+01 1.902629759044044633e+01 3.535533905932737753e+01 3.733630940518894192e+01 0.000000000000000000e+00 2.080865204668481283e+01 8.062257748298549132e+00 3.612478373637688378e+01 3.220248437620923454e+01 9.899494936611665352e+00 1.565247584249852864e+01 2.816025568065744622e+01 2.000000000000000000e+01 9.848857801796103928e+00 3.634556369077249371e+01 1.280624847486569706e+01 9.055385138137417300e+00
1.749285568453590045e+01 2.418677324489564739e+01 1.649242250247064234e+01 2.952964612046680060e+01 8.602325267042626677e+00 3.488552708502481892e+01 3.220248437620923454e+01 1.802775637731994607e+01 2.080865204668481283e+01 0.000000000000000000e+00 1.886796226411320632e+01 2.102379604162863913e+01 2.863564212655270680e+01 1.118033988749894903e+01 1.923538406167134340e+01 2.236067977499789805e+01 2.844292530665578411e+01 2.469817807045693669e+01 2.024845673131658685e+01 2.118962010041709121e+01 1.526433752247374720e+01
1.414213562373095145e+00 1.063014581273464998e+01 1.341640786499873883e+01 1.077032961426900748e+01 1.029563014098700080e+01 1.615549442140351033e+01 2.729468812791236232e+01 3.275667870831839679e+01 8.062257748298549132e+00 1.886796226411320632e+01 0.000000000000000000e+00 2.983286778035259701e+01 2.416609194718914466e+01 1.100000000000000000e+01 7.615773105863908654e+00 2.039607805437113797e+01 1.300000000000000000e+01 5.830951894845300743e+00 3.036445290137795183e+01 5.000000000000000000e+00 3.605551275463989125e+00
2.863564212655270680e+01 2.662705391138869615e+01 3.535533905932737753e+01 3.712142238654116966e+01 2.408318915758459156e+01 4.134005321718877468e+01 2.061552812808830382e+01 1.004987562112088995e+01 3.612478373637688378e+01 2.102379604162863913e+01 2.983286778035259701e+01 0.000000000000000000e+00 1.838477631085023489e+01 2.927456233660889495e+01 2.416609194718914466e+01 1.421267040355189515e+01 3.061045573002793319e+01 3.417601498127012150e+01 2.000000000000000000e+00 2.823118842698620767e+01 2.729468812791236232e+01
2.370653918225939449e+01 1.513274595042155646e+01 3.560898762952971452e+01 2.600000000000000000e+01 2.549509756796392423e+01 2.844292530665578411e+01 3.605551275463989125e+00 2.765863337187866122e+01 3.220248437620923454e+01 2.863564212655270680e+01 2.416609194718914466e+01 1.838477631085023489e+01 0.000000000000000000e+00 3.041381265149109936e+01 1.655294535724684835e+01 6.324555320336759046e+00 1.711724276862369010e+01 2.549509756796392423e+01 2.024845673131658685e+01 1.992485884517127559e+01 2.385372088375312671e+01
1.004987562112088995e+01 2.024845673131658685e+01 6.082762530298219339e+00 2.137755832643194864e+01 5.385164807134503739e+00 2.668332812825266842e+01 3.394112549695427816e+01 2.863564212655270680e+01 9.899494936611665352e+00 1.118033988749894903e+01 1.100000000000000000e+01 2.927456233660889495e+01 3.041381265149109936e+01 0.000000000000000000e+00 1.565247584249852864e+01 2.500000000000000000e+01 2.353720459187963954e+01 1.627882059609970611e+01 2.906888370749726747e+01 1.529705854077835525e+01 8.246211251235321171e+00
7.211102550927978250e+00 5.000000000000000000e+00 1.984943324127920761e+01 1.303840481040529831e+01 1.216552506059643868e+01 1.769180601295413169e+01 1.972308292331602075e+01 2.900000000000000000e+01 1.565247584249852864e+01 1.923538406167134340e+01 7.615773105863908654e+00 2.416609194718914466e+01 1.655294535724684835e+01 1.565247584249852864e+01 0.000000000000000000e+00 1.303840481040529831e+01 9.219544457292887074e+00 1.019803902718556898e+01 2.505992817228333536e+01 4.123105625617660586e+00 7.810249675906653977e+00
1.964688270438849926e+01 1.360147050873544394e+01 3.052867504494749440e+01 2.473863375370596174e+01 1.984943324127920761e+01 2.823118842698620767e+01 9.848857801796103928e+00 2.247220505424423109e+01 2.816025568065744622e+01 2.236067977499789805e+01 2.039607805437113797e+01 1.421267040355189515e+01 6.324555320336759046e+00 2.500000000000000000e+01 1.303840481040529831e+01 0.000000000000000000e+00 1.700000000000000000e+01 2.302172886644267535e+01 1.581138830084189628e+01 1.700000000000000000e+01 1.931320791582796659e+01
1.360147050873544394e+01 4.472135954999579610e+00 2.640075756488817049e+01 9.219544457292887074e+00 2.100000000000000000e+01 1.140175425099137918e+01 1.902629759044044633e+01 3.701351104664349378e+01 2.000000000000000000e+01 2.844292530665578411e+01 1.300000000000000000e+01 3.061045573002793319e+01 1.711724276862369010e+01 2.353720459187963954e+01 9.219544457292887074e+00 1.700000000000000000e+01 0.000000000000000000e+00 1.063014581273464998e+01 3.189043743820394994e+01 8.246211251235321171e+00 1.529705854077835525e+01
7.211102550927978250e+00 1.044030650891055068e+01 1.726267650163206824e+01 5.099019513592784492e+00 1.612451549659709826e+01 1.044030650891055068e+01 2.816025568065744622e+01 3.801315561749642313e+01 9.848857801796103928e+00 2.469817807045693669e+01 5.830951894845300743e+00 3.417601498127012150e+01 2.549509756796392423e+01 1.627882059609970611e+01 1.019803902718556898e+01 2.302172886644267535e+01 1.063014581273464998e+01 0.000000000000000000e+00 3.492849839314595783e+01 6.082762530298219339e+00 9.433981132056603158e+00
2.912043955712207222e+01 2.780287754891568852e+01 3.512833614050059339e+01 3.807886552931954327e+01 2.400000000000000000e+01 4.243819034784588951e+01 2.256102834535695578e+01 8.062257748298549132e+00 3.634556369077249371e+01 2.024845673131658685e+01 3.036445290137795183e+01 2.000000000000000000e+00 2.024845673131658685e+01 2.906888370749726747e+01 2.505992817228333536e+01 1.581138830084189628e+01 3.189043743820394994e+01 3.492849839314595783e+01 0.000000000000000000e+00 2.906888370749726747e+01 2.765863337187866122e+01
5.385164807134503739e+00 5.656854249492380582e+00 1.835755975068581947e+01 9.219544457292887074e+00 1.315294643796590535e+01 1.421267040355189515e+01 2.284731931759172596e+01 3.264965543462901820e+01 1.280624847486569706e+01 2.118962010041709121e+01 5.000000000000000000e+00 2.823118842698620767e+01 1.992485884517127559e+01 1.529705854077835525e+01 4.123105625617660586e+00 1.700000000000000000e+01 8.246211251235321171e+00 6.082762530298219339e+00 2.906888370749726747e+01 0.000000000000000000e+00 7.071067811865475505e+00
2.236067977499789805e+00 1.208304597359457233e+01 1.204159457879229578e+01 1.431782106327635340e+01 6.708203932499369415e+00 1.969771560359220786e+01 2.720294101747088789e+01 2.952964612046680060e+01 9.055385138137417300e+00 1.526433752247374720e+01 3.605551275463989125e+00 2.729468812791236232e+01 2.385372088375312671e+01 8.246211251235321171e+00 7.810249675906653977e+00 1.931320791582796659e+01 1.529705854077835525e+01 9.433981132056603158e+00 2.765863337187866122e+01 7.071067811865475505e+00 0.000000000000000000e+00
