0.000000000000000000e+00 1.131370849898476116e+01 7.615773105863908654e+00 1.749285568453590045e+01 1.843908891458577415e+01 2.828427124746190291e+00 9.899494936611665352e+00 9.219544457292887074e+00 1.972308292331602075e+01 1.421267040355189515e+01 1.004987562112088995e+01 1.788854381999831844e+01 2.370653918225939449e+01 2.483948469674844262e+01 6.000000000000000000e+00 2.300000000000000000e+01 1.431782106327635340e+01 1.503329637837290811e+01 6.324555320336759046e+00 2.213594362117865444e+01 2.000000000000000000e+01 2.308679276123039159e+01 1.000000000000000000e+01 7.211102550927978250e+00 1.640121946685672683e+01 1.640121946685672683e+01 2.193171219946130890e+01 5.099019513592784492e+00 1.711724276862369010e+01
1.131370849898476116e+01 0.000000000000000000e+00 1.581138830084189628e+01 1.838477631085023489e+01 2.630589287593181069e+01 1.166190378969060149e+01 1.414213562373095145e+00 1.802775637731994607e+01 3.080584360149872580e+01 1.902629759044044633e+01 7.280109889280518054e+00 2.400000000000000000e+01 2.915475947422650194e+01 3.612478373637688378e+01 1.612451549659709826e+01 3.201562118716424266e+01 2.256102834535695578e+01 2.469817807045693669e+01 1.720465053408525335e+01 3.264965543462901820e+01 3.124099870362661591e+01 3.001666203960726875e+01 1.400000000000000000e+01 1.843908891458577415e+01 2.109502310972898798e+01 5.385164807134503739e+00 3.275667870831839679e+01 7.615773105863908654e+00 2.692582403567251959e+01
7.615773105863908654e+00 1.581138830084189628e+01 0.000000000000000000e+00 2.505992817228333536e+01 2.370653918225939449e+01 1.029563014098700080e+01 1.456021977856103611e+01 2.236067977499789805e+00 2.022374841615668473e+01 7.211102550927978250e+00 1.063014581273464998e+01 1.029563014098700080e+01 3.000000000000000000e+01 2.376972864800942631e+01 3.162277660168379523e+00 2.692582403567251959e+01 1.972308292331602075e+01 8.944271909999159220e+00 5.099019513592784492e+00 2.400000000000000000e+01 1.964688270438849926e+01 2.865309756378880479e+01 1.749285568453590045e+01 9.486832980505138124e+00 9.219544457292887074e+00 1.972308292331602075e+01 2.308679276123039159e+01 8.246211251235321171e+00 2.061552812808830382e+01
1.749285568453590045e+01 1.838477631085023489e+01 2.505992817228333536e+01 0.000000000000000000e+00 1.421267040355189515e+01 1.476482306023340030e+01 1.788854381999831844e+01 2.640075756488817049e+01 2.624880949681337583e+01 3.162277660168379256e+01 2.360084744241189370e+01 3.535533905932737753e+01 1.264911064067351809e+01 3.257299494980465937e+01 2.284731931759172596e+01 2.051828452868319275e+01 1.300000000000000000e+01 3.104834939252004844e+01 2.213594362117865444e+01 2.505992817228333536e+01 2.789265136196270589e+01 1.526433752247374720e+01 7.615773105863908654e+00 1.923538406167134340e+01 3.383784863137726262e+01 2.256102834535695578e+01 2.640075756488817049e+01 1.979898987322333070e+01 1.878829422805593552e+01
1.843908891458577415e+01 2.630589287593181069e+01 2.370653918225939449e+01 1.421267040355189515e+01 0.000000000000000000e+00 1.612451549659709826e+01 2.517935662402834396e+01 2.385372088375312671e+01 1.403566884761819900e+01 3.088689042296100240e+01 2.816025568065744622e+01 3.280243893371345365e+01 7.615773105863908654e+00 2.002498439450078749e+01 2.059126028197400160e+01 6.403124237432848531e+00 4.123105625617660586e+00 2.549509756796392423e+01 1.886796226411320632e+01 1.140175425099137918e+01 1.612451549659709826e+01 5.000000000000000000e+00 1.264911064067351809e+01 1.442220510185595650e+01 3.275667870831839679e+01 3.157530680769388809e+01 1.315294643796590535e+01 2.319482700948640286e+01 6.082762530298219339e+00
2.828427124746190291e+00 1.166190378969060149e+01 1.029563014098700080e+01 1.476482306023340030e+01 1.612451549659709826e+01 0.000000000000000000e+00 1.029563014098700080e+01 1.170469991071962568e+01 1.920937271229854559e+01 1.702938636592640265e+01 1.204159457879229578e+01 2.059126028197400160e+01 2.102379604162863913e+01 2.475883680627989492e+01 8.246211251235321171e+00 2.109502310972898798e+01 1.204159457879229578e+01 1.702938636592640265e+01 8.000000000000000000e+00 2.102379604162863913e+01 1.979898987322333070e+01 2.061552812808830382e+01 7.211102550927978250e+00 7.211102550927978250e+00 1.920937271229854559e+01 1.700000000000000000e+01 2.109502310972898798e+01 7.071067811865475505e+00 1.552417469626002422e+01
9.899494936611665352e+00 1.414213562373095145e+00 1.456021977856103611e+01 1.788854381999831844e+01 2.517935662402834396e+01 1.029563014098700080e+01 0.000000000000000000e+00 1.676305461424021104e+01 2.941088233970548416e+01 1.811077027627483460e+01 6.708203932499369415e+00 2.302172886644267535e+01 2.828427124746190202e+01 3.471310991541956525e+01 1.476482306023340030e+01 3.080584360149872580e+01 2.137755832643194864e+01 2.340939982143925135e+01 1.581138830084189628e+01 3.130495168499705727e+01 2.983286778035259701e+01 2.900000000000000000e+01 1.303840481040529831e+01 1.702938636592640265e+01 2.022374841615668473e+01 6.708203932499369415e+00 3.138470965295043058e+01 6.324555320336759046e+00 2.563201123595259290e+01
9.219544457292887074e+00 1.802775637731994607e+01 2.236067977499789805e+00 2.640075756488817049e+01 2.385372088375312671e+01 1.170469991071962568e+01 1.676305461424021104e+01 0.000000000000000000e+00 1.902629759044044633e+01 7.280109889280518054e+00 1.280624847486569706e+01 9.219544457292887074e+00 3.047950130825634218e+01 2.213594362117865444e+01 3.605551275463989125e+00 2.657066051117284644e+01 2.000000000000000000e+01 6.708203932499369415e+00 5.000000000000000000e+00 2.308679276123039159e+01 1.824828759089465890e+01 2.884441020371191300e+01 1.878829422805593552e+01 9.433981132056603158e+00 8.944271909999159220e+00 2.195449840010014952e+01 2.200000000000000000e+01 1.044030650891055068e+01 2.024845673131658685e+01
1.972308292331602075e+01 3.080584360149872580e+01 2.022374841615668473e+01 2.624880949681337583e+01 1.403566884761819900e+01 1.920937271229854559e+01 2.941088233970548416e+01 1.902629759044044633e+01 0.000000000000000000e+00 2.601922366251537611e+01 2.915475947422650194e+01 2.570992026436488231e+01 2.137755832643194864e+01 6.324555320336759046e+00 1.746424919657297892e+01 1.166190378969060149e+01 1.334166406412633421e+01 1.676305461424021104e+01 1.552417469626002422e+01 5.000000000000000000e+00 2.236067977499789805e+00 1.772004514666934938e+01 2.109502310972898798e+01 1.252996408614166768e+01 2.716615541441224835e+01 3.605551275463989214e+01 3.162277660168379523e+00 2.459674775249768786e+01 8.000000000000000000e+00
1.421267040355189515e+01 1.902629759044044633e+01 7.211102550927978250e+00 3.162277660168379256e+01 3.088689042296100240e+01 1.702938636592640265e+01 1.811077027627483460e+01 7.280109889280518054e+00 2.601922366251537611e+01 0.000000000000000000e+00 1.204159457879229578e+01 5.099019513592784492e+00 3.720215047547655018e+01 2.844292530665578411e+01 1.029563014098700080e+01 3.383784863137726262e+01 2.692582403567251959e+01 1.077032961426900748e+01 1.208304597359457233e+01 3.026549190084311292e+01 2.501999200639360765e+01 3.584689665786984136e+01 2.420743687382040932e+01 1.655294535724684835e+01 2.236067977499789805e+00 2.137755832643194864e+01 2.906888370749726747e+01 1.264911064067351809e+01 2.751363298439520833e+01
1.004987562112088995e+01 7.280109889280518054e+00 1.063014581273464998e+01 2.360084744241189370e+01 2.816025568065744622e+01 1.204159457879229578e+01 6.708203932499369415e+00 1.280624847486569706e+01 2.915475947422650194e+01 1.204159457879229578e+01 0.000000000000000000e+00 1.711724276862369010e+01 3.257299494980465937e+01 3.361547262794321966e+01 1.220655561573370207e+01 3.301514803843835466e+01 2.408318915758459156e+01 1.941648783894759944e+01 1.389244398944980396e+01 3.201562118716424266e+01 2.906888370749726747e+01 3.255764119219941222e+01 1.746424919657297892e+01 1.676305461424021104e+01 1.400000000000000000e+01 9.486832980505138124e+00 3.162277660168379256e+01 5.000000000000000000e+00 2.716615541441224835e+01
1.788854381999831844e+01 2.400000000000000000e+01 1.029563014098700080e+01 3.535533905932737753e+01 3.280243893371345365e+01 2.059126028197400160e+01 2.302172886644267535e+01 9.219544457292887074e+00 2.570992026436488231e+01 5.099019513592784492e+00 1.711724276862369010e+01 0.000000000000000000e+00 3.962322551231790158e+01 2.700000000000000000e+01 1.280624847486569706e+01 3.488552708502481892e+01 2.906888370749726747e+01 9.055385138137417300e+00 1.414213562373095101e+01 3.036445290137795183e+01 2.433105012119287736e+01 3.780211634287159939e+01 2.778488797889960793e+01 1.843908891458577415e+01 3.605551275463989125e+00 2.647640458974745314e+01 2.886173937932362321e+01 1.726267650163206824e+01 2.865309756378880479e+01
2.370653918225939449e+01 2.915475947422650194e+01 3.000000000000000000e+01 1.264911064067351809e+01 7.615773105863908654e+00 2.102379604162863913e+01 2.828427124746190202e+01 3.047950130825634218e+01 2.137755832643194864e+01 3.720215047547655018e+01 3.257299494980465937e+01 3.962322551231790158e+01 0.000000000000000000e+00 2.707397274136176790e+01 2.701851217221259205e+01 1.118033988749894903e+01 1.063014581273464998e+01 3.280243893371345365e+01 2.549509756796392423e+01 1.800000000000000000e+01 2.353720459187963954e+01 4.123105625617660586e+00 1.529705854077835525e+01 2.121320343559642652e+01 3.920459156782531807e+01 3.401470270338990076e+01 2.002498439450078749e+01 2.785677655436823841e+01 1.360147050873544394e+01
2.483948469674844262e+01 3.612478373637688378e+01 2.376972864800942631e+01 3.257299494980465937e+01 2.002498439450078749e+01 2.475883680627989492e+01 3.471310991541956525e+01 2.213594362117865444e+01 6.324555320336759046e+00 2.844292530665578411e+01 3.361547262794321966e+01 2.700000000000000000e+01 2.707397274136176790e+01 0.000000000000000000e+00 2.147091055358388800e+01 1.649242250247064234e+01 1.964688270438849926e+01 1.802775637731994607e+01 1.972308292331602075e+01 9.219544457292887074e+00 5.000000000000000000e+00 2.319482700948640286e+01 2.729468812791236232e+01 1.769180601295413169e+01 2.915475947422650194e+01 4.123105625617660763e+01 7.071067811865475505e+00 2.941088233970548416e+01 1.414213562373095101e+01
6.000000000000000000e+00 1.612451549659709826e+01 3.162277660168379523e+00 2.284731931759172596e+01 2.059126028197400160e+01 8.246211251235321171e+00 1.476482306023340030e+01 3.605551275463989125e+00 1.746424919657297892e+01 1.029563014098700080e+01 1.220655561573370207e+01 1.280624847486569706e+01 2.701851217221259205e+01 2.147091055358388800e+01 0.000000000000000000e+00 2.376972864800942631e+01 1.664331697709323876e+01 9.055385138137417300e+00 2.000000000000000000e+00 2.102379604162863913e+01 1.708800749063506075e+01 2.555386467836127551e+01 1.523154621172781731e+01 6.324555320336759046e+00 1.220655561573370207e+01 2.061552812808830382e+01 2.022374841615668473e+01 8.602325267042626677e+00 1.746424919657297892e+01
2.300000000000000000e+01 3.201562118716424266e+01 2.692582403567251959e+01 2.051828452868319275e+01 6.403124237432848531e+00 2.109502310972898798e+01 3.080584360149872580e+01 2.657066051117284644e+01 1.166190378969060149e+01 3.383784863137726262e+01 3.301514803843835466e+01 3.488552708502481892e+01 1.118033988749894903e+01 1.649242250247064234e+01 2.376972864800942631e+01 0.000000000000000000e+00 9.486832980505138124e+00 2.662705391138869615e+01 2.184032966784155505e+01 7.280109889280518054e+00 1.389244398944980396e+01 7.071067811865475505e+00 1.878829422805593552e+01 1.746424919657297892e+01 3.546829570193639825e+01 3.736308338453881106e+01 9.486832980505138124e+00 2.801785145224380003e+01 6.324555320336759046e+00
1.431782106327635340e+01 2.256102834535695578e+01 1.972308292331602075e+01 1.300000000000000000e+01 4.123105625617660586e+00 1.204159457879229578e+01 2.137755832643194864e+01 2.000000000000000000e+01 1.334166406412633421e+01 2.692582403567251959e+01 2.408318915758459156e+01 2.906888370749726747e+01 1.063014581273464998e+01 1.964688270438849926e+01 1.664331697709323876e+01 9.486832980505138124e+00 0.000000000000000000e+00 2.220360331117451835e+01 1.500000000000000000e+01 1.220655561573370207e+01 1.513274595042155646e+01 8.944271909999159220e+00 9.433981132056603158e+00 1.063014581273464998e+01 2.884441020371191300e+01 2.789265136196270589e+01 1.341640786499873883e+01 1.910497317454279909e+01 5.830951894845300743e+00
1.503329637837290811e+01 2.469817807045693669e+01 8.944271909999159220e+00 3.104834939252004844e+01 2.549509756796392423e+01 1.702938636592640265e+01 2.340939982143925135e+01 6.708203932499369415e+00 1.676305461424021104e+01 1.077032961426900748e+01 1.941648783894759944e+01 9.055385138137417300e+00 3.280243893371345365e+01 1.802775637731994607e+01 9.055385138137417300e+00 2.662705391138869615e+01 2.220360331117451835e+01 0.000000000000000000e+00 9.055385138137417300e+00 2.154065922853801496e+01 1.529705854077835525e+01 3.041381265149109936e+01 2.353720459187963954e+01 1.208304597359457233e+01 1.118033988749894903e+01 2.865309756378880479e+01 1.992485884517127559e+01 1.708800749063506075e+01 2.061552812808830382e+01
6.324555320336759046e+00 1.720465053408525335e+01 5.099019513592784492e+00 2.213594362117865444e+01 1.886796226411320632e+01 8.000000000000000000e+00 1.581138830084189628e+01 5.000000000000000000e+00 1.552417469626002422e+01 1.208304597359457233e+01 1.389244398944980396e+01 1.414213562373095101e+01 2.549509756796392423e+01 1.972308292331602075e+01 2.000000000000000000e+00 2.184032966784155505e+01 1.500000000000000000e+01 9.055385138137417300e+00 0.000000000000000000e+00 1.902629759044044633e+01 1.523154621172781731e+01 2.385372088375312671e+01 1.456021977856103611e+01 4.472135954999579610e+00 1.389244398944980396e+01 2.193171219946130890e+01 1.824828759089465890e+01 9.899494936611665352e+00 1.552417469626002422e+01
2.213594362117865444e+01 3.264965543462901820e+01 2.400000000000000000e+01 2.505992817228333536e+01 1.140175425099137918e+01 2.102379604162863913e+01 3.130495168499705727e+01 2.308679276123039159e+01 5.000000000000000000e+00 3.026549190084311292e+01 3.201562118716424266e+01 3.036445290137795183e+01 1.800000000000000000e+01 9.219544457292887074e+00 2.102379604162863913e+01 7.280109889280518054e+00 1.220655561573370207e+01 2.154065922853801496e+01 1.902629759044044633e+01 0.000000000000000000e+00 7.071067811865475505e+00 1.403566884761819900e+01 2.121320343559642652e+01 1.529705854077835525e+01 3.157530680769388809e+01 3.801315561749642313e+01 2.236067977499789805e+00 2.720294101747088789e+01 6.403124237432848531e+00
2.000000000000000000e+01 3.124099870362661591e+01 1.964688270438849926e+01 2.789265136196270589e+01 1.612451549659709826e+01 1.979898987322333070e+01 2.983286778035259701e+01 1.824828759089465890e+01 2.236067977499789805e+00 2.501999200639360765e+01 2.906888370749726747e+01 2.433105012119287736e+01 2.353720459187963954e+01 5.000000000000000000e+00 1.708800749063506075e+01 1.389244398944980396e+01 1.513274595042155646e+01 1.529705854077835525e+01 1.523154621172781731e+01 7.071067811865475505e+00 0.000000000000000000e+00 1.992485884517127559e+01 2.236067977499789805e+01 1.280624847486569706e+01 2.601922366251537611e+01 3.640054944640259293e+01 5.000000000000000000e+00 2.469817807045693669e+01 1.004987562112088995e+01
2.308679276123039159e+01 3.001666203960726875e+01 2.865309756378880479e+01 1.526433752247374720e+01 5.000000000000000000e+00 2.061552812808830382e+01 2.900000000000000000e+01 2.884441020371191300e+01 1.772004514666934938e+01 3.584689665786984136e+01 3.255764119219941222e+01 3.780211634287159939e+01 4.123105625617660586e+00 2.319482700948640286e+01 2.555386467836127551e+01 7.071067811865475505e+00 8.944271909999159220e+00 3.041381265149109936e+01 2.385372088375312671e+01 1.403566884761819900e+01 1.992485884517127559e+01 0.000000000000000000e+00 1.603121954188139853e+01 1.941648783894759944e+01 3.773592452822641263e+01 3.512833614050059339e+01 1.612451549659709826e+01 2.765863337187866122e+01 1.029563014098700080e+01
1.000000000000000000e+01 1.400000000000000000e+01 1.749285568453590045e+01 7.615773105863908654e+00 1.264911064067351809e+01 7.211102550927978250e+00 1.303840481040529831e+01 1.878829422805593552e+01 2.109502310972898798e+01 2.420743687382040932e+01 1.746424919657297892e+01 2.778488797889960793e+01 1.529705854077835525e+01 2.729468812791236232e+01 1.523154621172781731e+01 1.878829422805593552e+01 9.433981132056603158e+00 2.353720459187963954e+01 1.456021977856103611e+01 2.121320343559642652e+01 2.236067977499789805e+01 1.603121954188139853e+01 0.000000000000000000e+00 1.200000000000000000e+01 2.640075756488817049e+01 1.910497317454279909e+01 2.202271554554523902e+01 1.303840481040529831e+01 1.486606874731850603e+01
7.211102550927978250e+00 1.843908891458577415e+01 9.486832980505138124e+00 1.923538406167134340e+01 1.442220510185595650e+01 7.211102550927978250e+00 1.702938636592640265e+01 9.433981132056603158e+00 1.252996408614166768e+01 1.655294535724684835e+01 1.676305461424021104e+01 1.843908891458577415e+01 2.121320343559642652e+01 1.769180601295413169e+01 6.324555320336759046e+00 1.746424919657297892e+01 1.063014581273464998e+01 1.208304597359457233e+01 4.472135954999579610e+00 1.529705854077835525e+01 1.280624847486569706e+01 1.941648783894759944e+01 1.200000000000000000e+01 0.000000000000000000e+00 1.835755975068581947e+01 2.360084744241189370e+01 1.486606874731850603e+01 1.208304597359457233e+01 1.118033988749894903e+01
1.640121946685672683e+01 2.109502310972898798e+01 9.219544457292887074e+00 3.383784863137726262e+01 3.275667870831839679e+01 1.920937271229854559e+01 2.022374841615668473e+01 8.944271909999159220e+00 2.716615541441224835e+01 2.236067977499789805e+00 1.400000000000000000e+01 3.605551275463989125e+00 3.920459156782531807e+01 2.915475947422650194e+01 1.220655561573370207e+01 3.546829570193639825e+01 2.884441020371191300e+01 1.118033988749894903e+01 1.389244398944980396e+01 3.157530680769388809e+01 2.601922366251537611e+01 3.773592452822641263e+01 2.640075756488817049e+01 1.835755975068581947e+01 0.000000000000000000e+00 2.319482700948640286e+01 3.026549190084311292e+01 1.486606874731850603e+01 2.915475947422650194e+01
1.640121946685672683e+01 5.385164807134503739e+00 1.972308292331602075e+01 2.256102834535695578e+01 3.157530680769388809e+01 1.700000000000000000e+01 6.708203932499369415e+00 2.195449840010014952e+01 3.605551275463989214e+01 2.137755832643194864e+01 9.486832980505138124e+00 2.647640458974745314e+01 3.401470270338990076e+01 4.123105625617660763e+01 2.061552812808830382e+01 3.736308338453881106e+01 2.789265136196270589e+01 2.865309756378880479e+01 2.193171219946130890e+01 3.801315561749642313e+01 3.640054944640259293e+01 3.512833614050059339e+01 1.910497317454279909e+01 2.360084744241189370e+01 2.319482700948640286e+01 0.000000000000000000e+00 3.807886552931954327e+01 1.204159457879229578e+01 3.231098884280702066e+01
2.193171219946130890e+01 3.275667870831839679e+01 2.308679276123039159e+01 2.640075756488817049e+01 1.315294643796590535e+01 2.109502310972898798e+01 3.138470965295043058e+01 2.200000000000000000e+01 3.162277660168379523e+00 2.906888370749726747e+01 3.162277660168379256e+01 2.886173937932362321e+01 2.002498439450078749e+01 7.071067811865475505e+00 2.022374841615668473e+01 9.486832980505138124e+00 1.341640786499873883e+01 1.992485884517127559e+01 1.824828759089465890e+01 2.236067977499789805e+00 5.000000000000000000e+00 1.612451549659709826e+01 2.202271554554523902e+01 1.486606874731850603e+01 3.026549190084311292e+01 3.807886552931954327e+01 0.000000000000000000e+00 2.692582403567251959e+01 7.615773105863908654e+00
5.099019513592784492e+00 7.615773105863908654e+00 8.246211251235321171e+00 1.979898987322333070e+01 2.319482700948640286e+01 7.071067811865475505e+00 6.324555320336759046e+00 1.044030650891055068e+01 2.459674775249768786e+01 1.264911064067351809e+01 5.000000000000000000e+00 1.726267650163206824e+01 2.785677655436823841e+01 2.941088233970548416e+01 8.602325267042626677e+00 2.801785145224380003e+01 1.910497317454279909e+01 1.708800749063506075e+01 9.899494936611665352e+00 2.720294101747088789e+01 2.469817807045693669e+01 2.765863337187866122e+01 1.303840481040529831e+01 1.208304597359457233e+01 1.486606874731850603e+01 1.204159457879229578e+01 2.692582403567251959e+01 0.000000000000000000e+00 2.220360331117451835e+01
1.711724276862369010e+01 2.692582403567251959e+01 2.061552812808830382e+01 1.878829422805593552e+01 6.082762530298219339e+00 1.552417469626002422e+01 2.563201123595259290e+01 2.024845673131658685e+01 8.000000000000000000e+00 2.751363298439520833e+01 2.716615541441224835e+01 2.865309756378880479e+01 1.360147050873544394e+01 1.414213562373095101e+01 1.746424919657297892e+01 6.324555320336759046e+00 5.830951894845300743e+00 2.061552812808830382e+01 1.552417469626002422e+01 6.403124237432848531e+00 1.004987562112088995e+01 1.029563014098700080e+01 1.486606874731850603e+01 1.118033988749894903e+01 2.915475947422650194e+01 3.231098884280702066e+01 7.615773105863908654e+00 2.220360331117451835e+01 0.000000000000000000e+00
