0.000000000000000000e+00 5.830951894845300743e+00 8.246211251235321171e+00 3.201562118716424266e+01 7.071067811865475505e+00 5.000000000000000000e+00 8.485281374238569541e+00 6.403124237432848531e+00 3.624913792078371699e+01 3.613862199918530393e+01 3.488552708502481892e+01 1.979898987322333070e+01 3.832753579347360073e+01 3.000000000000000000e+00 3.453983207834108526e+01 1.523154621172781731e+01 3.228002478313794654e+01 3.522782990761707111e+01 3.014962686336266984e+01 1.664331697709323876e+01 2.807133769523639799e+01 3.551056180912940619e+01 9.433981132056603158e+00 2.563201123595259290e+01
5.830951894845300743e+00 0.000000000000000000e+00 1.303840481040529831e+01 2.961418578992169515e+01 2.828427124746190291e+00 9.000000000000000000e+00 1.140175425099137918e+01 9.219544457292887074e+00 3.605551275463989214e+01 3.224903099319419653e+01 3.500000000000000000e+01 2.195449840010014952e+01 3.436568055487916240e+01 8.544003745317530374e+00 3.413209633175202384e+01 1.104536101718726115e+01 3.130495168499705727e+01 3.324154027718932269e+01 2.816025568065744622e+01 1.780449381476485726e+01 2.517935662402834396e+01 3.201562118716424266e+01 1.118033988749894903e+01 2.137755832643194864e+01
8.246211251235321171e+00 1.303840481040529831e+01 0.000000000000000000e+00 3.080584360149872580e+01 1.503329637837290811e+01 4.123105625617660586e+00 4.472135954999579610e+00 5.000000000000000000e+00 3.178049716414140846e+01 3.712142238654116966e+01 3.008321791298264714e+01 1.341640786499873883e+01 3.935733730830885690e+01 5.385164807134503739e+00 3.041381265149109936e+01 1.843908891458577415e+01 2.901723625709381693e+01 3.324154027718932269e+01 2.844292530665578411e+01 1.204159457879229578e+01 2.785677655436823841e+01 3.584689665786984136e+01 6.708203932499369415e+00 2.780287754891568852e+01
3.201562118716424266e+01 2.961418578992169515e+01 3.080584360149872580e+01 0.000000000000000000e+00 3.201562118716424266e+01 2.915475947422650194e+01 2.647640458974745314e+01 2.716615541441224835e+01 1.403566884761819900e+01 1.044030650891055068e+01 1.503329637837290811e+01 2.220360331117451835e+01 1.208304597359457233e+01 3.206243908376279705e+01 1.200000000000000000e+01 1.931320791582796659e+01 8.062257748298549132e+00 4.242640687119284770e+00 2.828427124746190291e+00 1.969771560359220786e+01 5.000000000000000000e+00 7.615773105863908654e+00 2.433105012119287736e+01 1.280624847486569706e+01
7.071067811865475505e+00 2.828427124746190291e+00 1.503329637837290811e+01 3.201562118716424266e+01 0.000000000000000000e+00 1.118033988749894903e+01 1.392838827718411920e+01 1.170469991071962568e+01 3.883297567789519888e+01 3.405877273185280529e+01 3.780211634287159939e+01 2.469817807045693669e+01 3.612478373637688378e+01 1.004987562112088995e+01 3.689173349139343117e+01 1.303840481040529831e+01 3.400000000000000000e+01 3.573513677041127323e+01 3.067572330035593353e+01 2.061552812808830382e+01 2.745906043549196340e+01 3.401470270338990076e+01 1.389244398944980396e+01 2.308679276123039159e+01
5.000000000000000000e+00 9.000000000000000000e+00 4.123105625617660586e+00 2.915475947422650194e+01 1.118033988749894903e+01 0.000000000000000000e+00 3.605551275463989125e+00 2.000000000000000000e+00 3.195309061734091571e+01 3.453983207834108526e+01 3.046309242345563462e+01 1.486606874731850603e+01 3.676955262170046979e+01 3.162277660168379523e+00 3.036445290137795183e+01 1.486606874731850603e+01 2.844292530665578411e+01 3.200000000000000000e+01 2.701851217221259205e+01 1.208304597359457233e+01 2.570992026436488231e+01 3.352610922848042208e+01 5.099019513592784492e+00 2.469817807045693669e+01
8.485281374238569541e+00 1.140175425099137918e+01 4.472135954999579610e+00 2.647640458974745314e+01 1.392838827718411920e+01 3.605551275463989125e+00 0.000000000000000000e+00 2.236067977499789805e+00 2.846049894151541437e+01 3.264965543462901820e+01 2.692582403567251959e+01 1.131370849898476116e+01 3.488552708502481892e+01 6.708203932499369415e+00 2.692582403567251959e+01 1.442220510185595650e+01 2.517935662402834396e+01 2.906888370749726747e+01 2.418677324489564739e+01 8.544003745317530374e+00 2.340939982143925135e+01 3.138470965295043058e+01 2.236067977499789805e+00 2.343074902771996193e+01
6.403124237432848531e+00 9.219544457292887074e+00 5.000000000000000000e+00 2.716615541441224835e+01 1.170469991071962568e+01 2.000000000000000000e+00 2.236067977499789805e+00 0.000000000000000000e+00 3.008321791298264714e+01 3.269556544854363267e+01 2.863564212655270680e+01 1.345362404707370985e+01 3.492849839314595783e+01 5.099019513592784492e+00 2.846049894151541437e+01 1.345362404707370985e+01 2.647640458974745314e+01 3.000000000000000000e+01 2.501999200639360765e+01 1.029563014098700080e+01 2.376972864800942631e+01 3.162277660168379256e+01 3.162277660168379523e+00 2.302172886644267535e+01
3.624913792078371699e+01 3.605551275463989214e+01 3.178049716414140846e+01 1.403566884761819900e+01 3.883297567789519888e+01 3.195309061734091571e+01 2.846049894151541437e+01 3.008321791298264714e+01 0.000000000000000000e+00 2.408318915758459156e+01 2.236067977499789805e+00 1.902629759044044633e+01 2.531797780234432693e+01 3.511409973215887703e+01 2.236067977499789805e+00 2.831960451701259274e+01 6.324555320336759046e+00 1.118033988749894903e+01 1.236931687685298087e+01 1.992485884517127559e+01 1.772004514666934938e+01 2.109502310972898798e+01 2.692582403567251959e+01 2.563201123595259290e+01
3.613862199918530393e+01 3.224903099319419653e+01 3.712142238654116966e+01 1.044030650891055068e+01 3.405877273185280529e+01 3.453983207834108526e+01 3.264965543462901820e+01 3.269556544854363267e+01 2.408318915758459156e+01 0.000000000000000000e+00 2.531797780234432693e+01 3.114482300479487265e+01 2.236067977499789805e+00 3.700000000000000000e+01 2.220360331117451835e+01 2.121320343559642652e+01 1.843908891458577415e+01 1.300000000000000000e+01 1.300000000000000000e+01 2.765863337187866122e+01 9.899494936611665352e+00 3.000000000000000000e+00 3.041381265149109936e+01 1.100000000000000000e+01
3.488552708502481892e+01 3.500000000000000000e+01 3.008321791298264714e+01 1.503329637837290811e+01 3.780211634287159939e+01 3.046309242345563462e+01 2.692582403567251959e+01 2.863564212655270680e+01 2.236067977499789805e+00 2.531797780234432693e+01 0.000000000000000000e+00 1.711724276862369010e+01 2.668332812825266842e+01 3.361547262794321966e+01 3.162277660168379523e+00 2.780287754891568852e+01 7.000000000000000000e+00 1.264911064067351809e+01 1.303840481040529831e+01 1.838477631085023489e+01 1.824828759089465890e+01 2.236067977499789805e+01 2.549509756796392423e+01 2.596150997149434048e+01
1.979898987322333070e+01 2.195449840010014952e+01 1.341640786499873883e+01 2.220360331117451835e+01 2.469817807045693669e+01 1.486606874731850603e+01 1.131370849898476116e+01 1.345362404707370985e+01 1.902629759044044633e+01 3.114482300479487265e+01 1.711724276862369010e+01 0.000000000000000000e+00 3.324154027718932269e+01 1.780449381476485726e+01 1.802775637731994607e+01 2.000000000000000000e+01 1.772004514666934938e+01 2.325940669922601600e+01 1.941648783894759944e+01 5.000000000000000000e+00 2.126029162546929996e+01 2.900000000000000000e+01 1.081665382639196871e+01 2.507987240796890660e+01
3.832753579347360073e+01 3.436568055487916240e+01 3.935733730830885690e+01 1.208304597359457233e+01 3.612478373637688378e+01 3.676955262170046979e+01 3.488552708502481892e+01 3.492849839314595783e+01 2.531797780234432693e+01 2.236067977499789805e+00 2.668332812825266842e+01 3.324154027718932269e+01 0.000000000000000000e+00 3.921734310225515685e+01 2.353720459187963954e+01 2.334523505985750447e+01 1.992485884517127559e+01 1.414213562373095101e+01 1.476482306023340030e+01 2.983286778035259701e+01 1.204159457879229578e+01 4.472135954999579610e+00 3.264965543462901820e+01 1.303840481040529831e+01
3.000000000000000000e+00 8.544003745317530374e+00 5.385164807134503739e+00 3.206243908376279705e+01 1.004987562112088995e+01 3.162277660168379523e+00 6.708203932499369415e+00 5.099019513592784492e+00 3.511409973215887703e+01 3.700000000000000000e+01 3.361547262794321966e+01 1.780449381476485726e+01 3.921734310225515685e+01 0.000000000000000000e+00 3.352610922848042208e+01 1.664331697709323876e+01 3.157530680769388809e+01 3.501428280002319582e+01 3.000000000000000000e+01 1.523154621172781731e+01 2.844292530665578411e+01 3.613862199918530393e+01 8.246211251235321171e+00 2.683281572999747766e+01
3.453983207834108526e+01 3.413209633175202384e+01 3.041381265149109936e+01 1.200000000000000000e+01 3.689173349139343117e+01 3.036445290137795183e+01 2.692582403567251959e+01 2.846049894151541437e+01 2.236067977499789805e+00 2.220360331117451835e+01 3.162277660168379523e+00 1.802775637731994607e+01 2.353720459187963954e+01 3.352610922848042208e+01 0.000000000000000000e+00 2.617250465660480074e+01 4.123105625617660586e+00 9.486832980505138124e+00 1.019803902718556898e+01 1.843908891458577415e+01 1.552417469626002422e+01 1.923538406167134340e+01 2.529822128134703618e+01 2.340939982143925135e+01
1.523154621172781731e+01 1.104536101718726115e+01 1.843908891458577415e+01 1.931320791582796659e+01 1.303840481040529831e+01 1.486606874731850603e+01 1.442220510185595650e+01 1.345362404707370985e+01 2.831960451701259274e+01 2.121320343559642652e+01 2.780287754891568852e+01 2.000000000000000000e+01 2.334523505985750447e+01 1.664331697709323876e+01 2.617250465660480074e+01 0.000000000000000000e+00 2.267156809750926882e+01 2.325940669922601600e+01 1.835755975068581947e+01 1.500000000000000000e+01 1.456021977856103611e+01 2.100000000000000000e+01 1.252996408614166768e+01 1.044030650891055068e+01
3.228002478313794654e+01 3.130495168499705727e+01 2.901723625709381693e+01 8.062257748298549132e+00 3.400000000000000000e+01 2.844292530665578411e+01 2.517935662402834396e+01 2.647640458974745314e+01 6.324555320336759046e+00 1.843908891458577415e+01 7.000000000000000000e+00 1.772004514666934938e+01 1.992485884517127559e+01 3.157530680769388809e+01 4.123105625617660586e+00 2.267156809750926882e+01 0.000000000000000000e+00 6.403124237432848531e+00 6.082762530298219339e+00 1.700000000000000000e+01 1.140175425099137918e+01 1.552417469626002422e+01 2.334523505985750447e+01 1.931320791582796659e+01
3.522782990761707111e+01 3.324154027718932269e+01 3.324154027718932269e+01 4.242640687119284770e+00 3.573513677041127323e+01 3.200000000000000000e+01 2.906888370749726747e+01 3.000000000000000000e+01 1.118033988749894903e+01 1.300000000000000000e+01 1.264911064067351809e+01 2.325940669922601600e+01 1.414213562373095101e+01 3.501428280002319582e+01 9.486832980505138124e+00 2.325940669922601600e+01 6.403124237432848531e+00 0.000000000000000000e+00 5.099019513592784492e+00 2.158703314492290204e+01 9.219544457292887074e+00 1.000000000000000000e+01 2.701851217221259205e+01 1.702938636592640265e+01
3.014962686336266984e+01 2.816025568065744622e+01 2.844292530665578411e+01 2.828427124746190291e+00 3.067572330035593353e+01 2.701851217221259205e+01 2.418677324489564739e+01 2.501999200639360765e+01 1.236931687685298087e+01 1.300000000000000000e+01 1.303840481040529831e+01 1.941648783894759944e+01 1.476482306023340030e+01 3.000000000000000000e+01 1.019803902718556898e+01 1.835755975068581947e+01 6.082762530298219339e+00 5.099019513592784492e+00 0.000000000000000000e+00 1.708800749063506075e+01 5.385164807134503739e+00 1.029563014098700080e+01 2.209072203437452231e+01 1.341640786499873883e+01
1.664331697709323876e+01 1.780449381476485726e+01 1.204159457879229578e+01 1.969771560359220786e+01 2.061552812808830382e+01 1.208304597359457233e+01 8.544003745317530374e+00 1.029563014098700080e+01 1.992485884517127559e+01 2.765863337187866122e+01 1.838477631085023489e+01 5.000000000000000000e+00 2.983286778035259701e+01 1.523154621172781731e+01 1.843908891458577415e+01 1.500000000000000000e+01 1.700000000000000000e+01 2.158703314492290204e+01 1.708800749063506075e+01 0.000000000000000000e+00 1.780449381476485726e+01 2.580697580112788003e+01 7.211102550927978250e+00 2.059126028197400160e+01
2.807133769523639799e+01 2.517935662402834396e+01 2.785677655436823841e+01 5.000000000000000000e+00 2.745906043549196340e+01 2.570992026436488231e+01 2.340939982143925135e+01 2.376972864800942631e+01 1.772004514666934938e+01 9.899494936611665352e+00 1.824828759089465890e+01 2.126029162546929996e+01 1.204159457879229578e+01 2.844292530665578411e+01 1.552417469626002422e+01 1.456021977856103611e+01 1.140175425099137918e+01 9.219544457292887074e+00 5.385164807134503739e+00 1.780449381476485726e+01 0.000000000000000000e+00 8.062257748298549132e+00 2.118962010041709121e+01 8.062257748298549132e+00
3.551056180912940619e+01 3.201562118716424266e+01 3.584689665786984136e+01 7.615773105863908654e+00 3.401470270338990076e+01 3.352610922848042208e+01 3.138470965295043058e+01 3.162277660168379256e+01 2.109502310972898798e+01 3.000000000000000000e+00 2.236067977499789805e+01 2.900000000000000000e+01 4.472135954999579610e+00 3.613862199918530393e+01 1.923538406167134340e+01 2.100000000000000000e+01 1.552417469626002422e+01 1.000000000000000000e+01 1.029563014098700080e+01 2.580697580112788003e+01 8.062257748298549132e+00 0.000000000000000000e+00 2.915475947422650194e+01 1.140175425099137918e+01
9.433981132056603158e+00 1.118033988749894903e+01 6.708203932499369415e+00 2.433105012119287736e+01 1.389244398944980396e+01 5.099019513592784492e+00 2.236067977499789805e+00 3.162277660168379523e+00 2.692582403567251959e+01 3.041381265149109936e+01 2.549509756796392423e+01 1.081665382639196871e+01 3.264965543462901820e+01 8.246211251235321171e+00 2.529822128134703618e+01 1.252996408614166768e+01 2.334523505985750447e+01 2.701851217221259205e+01 2.209072203437452231e+01 7.211102550927978250e+00 2.118962010041709121e+01 2.915475947422650194e+01 0.000000000000000000e+00 2.126029162546929996e+01
2.563201123595259290e+01 2.137755832643194864e+01 2.780287754891568852e+01 1.280624847486569706e+01 2.308679276123039159e+01 2.469817807045693669e+01 2.343074902771996193e+01 2.302172886644267535e+01 2.563201123595259290e+01 1.100000000000000000e+01 2.596150997149434048e+01 2.507987240796890660e+01 1.303840481040529831e+01 2.683281572999747766e+01 2.340939982143925135e+01 1.044030650891055068e+01 1.931320791582796659e+01 1.702938636592640265e+01 1.341640786499873883e+01 2.059126028197400160e+01 8.062257748298549132e+00 1.140175425099137918e+01 2.126029162546929996e+01 0.000000000000000000e+00
