0.000000000000000000e+00 2.102379604162863913e+01 1.360147050873544394e+01 2.051828452868319275e+01 1.910497317454279909e+01 4.242640687119284770e+00 2.000000000000000000e+01 2.302172886644267535e+01 9.219544457292887074e+00 1.360147050873544394e+01 1.118033988749894903e+01 1.220655561573370207e+01 1.708800749063506075e+01 1.414213562373095101e+01 1.204159457879229578e+01 1.655294535724684835e+01 1.802775637731994607e+01 3.201562118716424266e+01 2.370653918225939449e+01 5.830951894845300743e+00 2.617250465660480074e+01 2.061552812808830382e+01
2.102379604162863913e+01 0.000000000000000000e+00 3.182766092567909766e+01 2.451530134426252516e+01 3.275667870831839679e+01 2.280350850198275836e+01 9.055385138137417300e+00 2.200000000000000000e+01 3.008321791298264714e+01 2.662705391138869615e+01 1.360147050873544394e+01 1.835755975068581947e+01 3.535533905932737753e+01 9.055385138137417300e+00 2.900000000000000000e+01 2.683281572999747766e+01 3.360059523282288296e+01 3.401470270338990076e+01 2.828427124746190291e+00 2.473863375370596174e+01 2.801785145224380003e+01 3.764306044943742080e+01
1.360147050873544394e+01 3.182766092567909766e+01 0.000000000000000000e+00 1.811077027627483460e+01 8.485281374238569541e+00 1.603121954188139853e+01 2.729468812791236232e+01 2.300000000000000000e+01 1.208304597359457233e+01 8.000000000000000000e+00 1.860107523773827509e+01 1.523154621172781731e+01 3.605551275463989125e+00 2.692582403567251959e+01 3.162277660168379523e+00 1.118033988749894903e+01 5.830951894845300743e+00 2.683281572999747766e+01 3.465544690232691494e+01 1.603121954188139853e+01 2.280350850198275836e+01 7.071067811865475505e+00
2.051828452868319275e+01 2.451530134426252516e+01 1.811077027627483460e+01 0.000000000000000000e+00 1.264911064067351809e+01 2.475883680627989492e+01 1.615549442140351033e+01 5.385164807134503739e+00 2.641968962724581260e+01 1.019803902718556898e+01 1.334166406412633421e+01 8.944271909999159220e+00 2.002498439450078749e+01 2.531797780234432693e+01 1.529705854077835525e+01 7.000000000000000000e+00 1.529705854077835525e+01 1.166190378969060149e+01 2.692582403567251959e+01 2.617250465660480074e+01 5.656854249492380582e+00 1.964688270438849926e+01
1.910497317454279909e+01 3.275667870831839679e+01 8.485281374238569541e+00 1.264911064067351809e+01 0.000000000000000000e+00 2.256102834535695578e+01 2.617250465660480074e+01 1.802775637731994607e+01 2.024845673131658685e+01 6.324555320336759046e+00 1.923538406167134340e+01 1.442220510185595650e+01 8.544003745317530374e+00 3.008321791298264714e+01 7.615773105863908654e+00 6.403124237432848531e+00 3.162277660168379523e+00 1.897366596101027625e+01 3.551056180912940619e+01 2.308679276123039159e+01 1.600000000000000000e+01 7.071067811865475505e+00
4.242640687119284770e+00 2.280350850198275836e+01 1.603121954188139853e+01 2.475883680627989492e+01 2.256102834535695578e+01 0.000000000000000000e+00 2.319482700948640286e+01 2.720294101747088789e+01 7.810249675906653977e+00 1.746424919657297892e+01 1.486606874731850603e+01 1.640121946685672683e+01 1.923538406167134340e+01 1.476482306023340030e+01 1.513274595042155646e+01 2.059126028197400160e+01 2.109502310972898798e+01 3.623534186398687496e+01 2.529822128134703618e+01 2.000000000000000000e+00 3.041381265149109936e+01 2.308679276123039159e+01
2.000000000000000000e+01 9.055385138137417300e+00 2.729468812791236232e+01 1.615549442140351033e+01 2.617250465660480074e+01 2.319482700948640286e+01 0.000000000000000000e+00 1.303840481040529831e+01 2.906888370749726747e+01 2.061552812808830382e+01 9.219544457292887074e+00 1.220655561573370207e+01 3.052867504494749440e+01 1.414213562373095101e+01 2.418677324489564739e+01 1.984943324127920761e+01 2.765863337187866122e+01 2.500000000000000000e+01 1.104536101718726115e+01 2.517935662402834396e+01 1.910497317454279909e+01 3.201562118716424266e+01
2.302172886644267535e+01 2.200000000000000000e+01 2.300000000000000000e+01 5.385164807134503739e+00 1.802775637731994607e+01 2.720294101747088789e+01 1.303840481040529831e+01 0.000000000000000000e+00 3.008321791298264714e+01 1.500000000000000000e+01 1.360147050873544394e+01 1.081665382639196871e+01 2.517935662402834396e+01 2.469817807045693669e+01 2.002498439450078749e+01 1.216552506059643868e+01 2.061552812808830382e+01 1.204159457879229578e+01 2.408318915758459156e+01 2.884441020371191300e+01 6.082762530298219339e+00 2.500000000000000000e+01
9.219544457292887074e+00 3.008321791298264714e+01 1.208304597359457233e+01 2.641968962724581260e+01 2.024845673131658685e+01 7.810249675906653977e+00 2.906888370749726747e+01 3.008321791298264714e+01 0.000000000000000000e+00 1.702938636592640265e+01 2.000000000000000000e+01 1.964688270438849926e+01 1.431782106327635340e+01 2.247220505424423109e+01 1.280624847486569706e+01 2.061552812808830382e+01 1.788854381999831844e+01 3.701351104664349378e+01 3.269556544854363267e+01 6.403124237432848531e+00 3.190611226708763226e+01 1.843908891458577415e+01
1.360147050873544394e+01 2.662705391138869615e+01 8.000000000000000000e+00 1.019803902718556898e+01 6.324555320336759046e+00 1.746424919657297892e+01 2.061552812808830382e+01 1.500000000000000000e+01 1.702938636592640265e+01 0.000000000000000000e+00 1.303840481040529831e+01 8.485281374238569541e+00 1.044030650891055068e+01 2.376972864800942631e+01 5.099019513592784492e+00 3.605551275463989125e+00 7.071067811865475505e+00 2.000000000000000000e+01 2.941088233970548416e+01 1.835755975068581947e+01 1.523154621172781731e+01 1.140175425099137918e+01
1.118033988749894903e+01 1.360147050873544394e+01 1.860107523773827509e+01 1.334166406412633421e+01 1.923538406167134340e+01 1.486606874731850603e+01 9.219544457292887074e+00 1.360147050873544394e+01 2.000000000000000000e+01 1.303840481040529831e+01 0.000000000000000000e+00 5.099019513592784492e+00 2.202271554554523902e+01 1.204159457879229578e+01 1.562049935181330795e+01 1.360147050873544394e+01 2.000000000000000000e+01 2.469817807045693669e+01 1.640121946685672683e+01 1.676305461424021104e+01 1.838477631085023489e+01 2.408318915758459156e+01
1.220655561573370207e+01 1.835755975068581947e+01 1.523154621172781731e+01 8.944271909999159220e+00 1.442220510185595650e+01 1.640121946685672683e+01 1.220655561573370207e+01 1.081665382639196871e+01 1.964688270438849926e+01 8.485281374238569541e+00 5.099019513592784492e+00 0.000000000000000000e+00 1.835755975068581947e+01 1.700000000000000000e+01 1.208304597359457233e+01 8.544003745317530374e+00 1.555634918610404505e+01 2.059126028197400160e+01 2.109502310972898798e+01 1.802775637731994607e+01 1.442220510185595650e+01 1.984943324127920761e+01
1.708800749063506075e+01 3.535533905932737753e+01 3.605551275463989125e+00 2.002498439450078749e+01 8.544003745317530374e+00 1.923538406167134340e+01 3.052867504494749440e+01 2.517935662402834396e+01 1.431782106327635340e+01 1.044030650891055068e+01 2.202271554554523902e+01 1.835755975068581947e+01 0.000000000000000000e+00 3.052867504494749440e+01 6.403124237432848531e+00 1.303840481040529831e+01 5.385164807134503739e+00 2.751363298439520833e+01 3.818376618407356915e+01 1.902629759044044633e+01 2.418677324489564739e+01 4.123105625617660586e+00
1.414213562373095101e+01 9.055385138137417300e+00 2.692582403567251959e+01 2.531797780234432693e+01 3.008321791298264714e+01 1.476482306023340030e+01 1.414213562373095101e+01 2.469817807045693669e+01 2.247220505424423109e+01 2.376972864800942631e+01 1.204159457879229578e+01 1.700000000000000000e+01 3.052867504494749440e+01 0.000000000000000000e+00 2.459674775249768786e+01 2.517935662402834396e+01 3.008321791298264714e+01 3.640054944640259293e+01 1.104536101718726115e+01 1.655294535724684835e+01 3.008321791298264714e+01 3.354101966249684352e+01
1.204159457879229578e+01 2.900000000000000000e+01 3.162277660168379523e+00 1.529705854077835525e+01 7.615773105863908654e+00 1.513274595042155646e+01 2.418677324489564739e+01 2.002498439450078749e+01 1.280624847486569706e+01 5.099019513592784492e+00 1.562049935181330795e+01 1.208304597359457233e+01 6.403124237432848531e+00 2.459674775249768786e+01 0.000000000000000000e+00 8.544003745317530374e+00 6.000000000000000000e+00 2.469817807045693669e+01 3.182766092567909766e+01 1.552417469626002422e+01 2.024845673131658685e+01 8.944271909999159220e+00
1.655294535724684835e+01 2.683281572999747766e+01 1.118033988749894903e+01 7.000000000000000000e+00 6.403124237432848531e+00 2.059126028197400160e+01 1.984943324127920761e+01 1.216552506059643868e+01 2.061552812808830382e+01 3.605551275463989125e+00 1.360147050873544394e+01 8.544003745317530374e+00 1.303840481040529831e+01 2.517935662402834396e+01 8.544003745317530374e+00 0.000000000000000000e+00 8.544003745317530374e+00 1.640121946685672683e+01 2.952964612046680060e+01 2.163330765278393741e+01 1.170469991071962568e+01 1.300000000000000000e+01
1.802775637731994607e+01 3.360059523282288296e+01 5.830951894845300743e+00 1.529705854077835525e+01 3.162277660168379523e+00 2.109502310972898798e+01 2.765863337187866122e+01 2.061552812808830382e+01 1.788854381999831844e+01 7.071067811865475505e+00 2.000000000000000000e+01 1.555634918610404505e+01 5.385164807134503739e+00 3.008321791298264714e+01 6.000000000000000000e+00 8.544003745317530374e+00 0.000000000000000000e+00 2.213594362117865444e+01 3.640054944640259293e+01 2.137755832643194864e+01 1.902629759044044633e+01 4.472135954999579610e+00
3.201562118716424266e+01 3.401470270338990076e+01 2.683281572999747766e+01 1.166190378969060149e+01 1.897366596101027625e+01 3.623534186398687496e+01 2.500000000000000000e+01 1.204159457879229578e+01 3.701351104664349378e+01 2.000000000000000000e+01 2.469817807045693669e+01 2.059126028197400160e+01 2.751363298439520833e+01 3.640054944640259293e+01 2.469817807045693669e+01 1.640121946685672683e+01 2.213594362117865444e+01 0.000000000000000000e+00 3.601388621073821383e+01 3.753664875824691904e+01 6.324555320336759046e+00 2.549509756796392423e+01
2.370653918225939449e+01 2.828427124746190291e+00 3.465544690232691494e+01 2.692582403567251959e+01 3.551056180912940619e+01 2.529822128134703618e+01 1.104536101718726115e+01 2.408318915758459156e+01 3.269556544854363267e+01 2.941088233970548416e+01 1.640121946685672683e+01 2.109502310972898798e+01 3.818376618407356915e+01 1.104536101718726115e+01 3.182766092567909766e+01 2.952964612046680060e+01 3.640054944640259293e+01 3.601388621073821383e+01 0.000000000000000000e+00 2.720294101747088789e+01 3.014962686336266984e+01 4.045985664828781836e+01
5.830951894845300743e+00 2.473863375370596174e+01 1.603121954188139853e+01 2.617250465660480074e+01 2.308679276123039159e+01 2.000000000000000000e+00 2.517935662402834396e+01 2.884441020371191300e+01 6.403124237432848531e+00 1.835755975068581947e+01 1.676305461424021104e+01 1.802775637731994607e+01 1.902629759044044633e+01 1.655294535724684835e+01 1.552417469626002422e+01 2.163330765278393741e+01 2.137755832643194864e+01 3.753664875824691904e+01 2.720294101747088789e+01 0.000000000000000000e+00 3.182766092567909766e+01 2.300000000000000000e+01
2.617250465660480074e+01 2.801785145224380003e+01 2.280350850198275836e+01 5.656854249492380582e+00 1.600000000000000000e+01 3.041381265149109936e+01 1.910497317454279909e+01 6.082762530298219339e+00 3.190611226708763226e+01 1.523154621172781731e+01 1.838477631085023489e+01 1.442220510185595650e+01 2.418677324489564739e+01 3.008321791298264714e+01 2.024845673131658685e+01 1.170469991071962568e+01 1.902629759044044633e+01 6.324555320336759046e+00 3.014962686336266984e+01 3.182766092567909766e+01 0.000000000000000000e+00 2.302172886644267535e+01
2.061552812808830382e+01 3.764306044943742080e+01 7.071067811865475505e+00 1.964688270438849926e+01 7.071067811865475505e+00 2.308679276123039159e+01 3.201562118716424266e+01 2.500000000000000000e+01 1.843908891458577415e+01 1.140175425099137918e+01 2.408318915758459156e+01 1.984943324127920761e+01 4.123105625617660586e+00 3.354101966249684352e+01 8.944271909999159220e+00 1.300000000000000000e+01 4.472135954999579610e+00 2.549509756796392423e+01 4.045985664828781836e+01 2.300000000000000000e+01 2.302172886644267535e+01 0.000000000000000000e+00
