0.000000000000000000e+00 1.649242250247064234e+01 2.282542442102665348e+01 1.000000000000000000e+01 2.720294101747088789e+01 1.720465053408525335e+01 1.360147050873544394e+01 2.102379604162863913e+01 2.193171219946130890e+01 2.195449840010014952e+01 1.392838827718411920e+01 1.486606874731850603e+01 7.615773105863908654e+00 2.080865204668481283e+01 2.000000000000000000e+00 1.063014581273464998e+01 1.992485884517127559e+01 2.024845673131658685e+01 1.886796226411320632e+01 2.302172886644267535e+01 2.340939982143925135e+01 1.200000000000000000e+01 1.600000000000000000e+01
1.649242250247064234e+01 0.000000000000000000e+00 3.667424164178449786e+01 1.562049935181330795e+01 4.294182110716777601e+01 6.324555320336759046e+00 3.000000000000000000e+00 5.830951894845300743e+00 6.403124237432848531e+00 1.529705854077835525e+01 9.486832980505138124e+00 2.109502310972898798e+01 2.195449840010014952e+01 3.667424164178449786e+01 1.612451549659709826e+01 2.334523505985750447e+01 3.640054944640259293e+01 7.071067811865475505e+00 3.492849839314595783e+01 3.891015291668743714e+01 1.341640786499873883e+01 2.828427124746190202e+01 4.000000000000000000e+00
2.282542442102665348e+01 3.667424164178449786e+01 0.000000000000000000e+00 3.220248437620923454e+01 2.707397274136176790e+01 3.401470270338990076e+01 3.373425558686599857e+01 4.220189569201838253e+01 4.004996878900157498e+01 4.477722635447621968e+01 3.667424164178449786e+01 3.535533905932737753e+01 2.475883680627989492e+01 2.319482700948640286e+01 2.193171219946130890e+01 1.334166406412633421e+01 1.702938636592640265e+01 3.700000000000000000e+01 2.137755832643194864e+01 2.402082429892862692e+01 4.609772228646443892e+01 1.360147050873544394e+01 3.764306044943742080e+01
1.000000000000000000e+01 1.562049935181330795e+01 3.220248437620923454e+01 0.000000000000000000e+00 2.912043955712207222e+01 1.969771560359220786e+01 1.389244398944980396e+01 1.749285568453590045e+01 2.202271554554523902e+01 1.334166406412633421e+01 7.615773105863908654e+00 6.082762530298219339e+00 9.055385138137417300e+00 2.334523505985750447e+01 1.166190378969060149e+01 2.061552812808830382e+01 2.507987240796890660e+01 2.195449840010014952e+01 2.209072203437452231e+01 2.549509756796392423e+01 1.600000000000000000e+01 1.969771560359220786e+01 1.280624847486569706e+01
2.720294101747088789e+01 4.294182110716777601e+01 2.707397274136176790e+01 2.912043955712207222e+01 0.000000000000000000e+00 4.440720662234903671e+01 4.031128874149274566e+01 4.623851208678756564e+01 4.887739763939974580e+01 4.130375285612676350e+01 3.668787265568828104e+01 2.707397274136176790e+01 2.102379604162863913e+01 6.403124237432848531e+00 2.842534080710379030e+01 2.830194339616981125e+01 1.044030650891055068e+01 4.743416490252568707e+01 8.485281374238569541e+00 4.242640687119284770e+00 4.472135954999579610e+01 1.886796226411320632e+01 4.123105625617660763e+01
1.720465053408525335e+01 6.324555320336759046e+00 3.401470270338990076e+01 1.969771560359220786e+01 4.440720662234903671e+01 0.000000000000000000e+00 6.082762530298219339e+00 1.140175425099137918e+01 6.082762530298219339e+00 2.158703314492290204e+01 1.503329637837290811e+01 2.563201123595259290e+01 2.404163056034261459e+01 3.801315561749642313e+01 1.612451549659709826e+01 2.109502310972898798e+01 3.667424164178449786e+01 3.162277660168379523e+00 3.605551275463989214e+01 4.022437072223753063e+01 1.969771560359220786e+01 2.785677655436823841e+01 1.019803902718556898e+01
1.360147050873544394e+01 3.000000000000000000e+00 3.373425558686599857e+01 1.389244398944980396e+01 4.031128874149274566e+01 6.082762530298219339e+00 0.000000000000000000e+00 8.544003745317530374e+00 8.602325267042626677e+00 1.615549442140351033e+01 9.000000000000000000e+00 1.969771560359220786e+01 1.941648783894759944e+01 3.400000000000000000e+01 1.315294643796590535e+01 2.039607805437113797e+01 3.352610922848042208e+01 8.062257748298549132e+00 3.220248437620923454e+01 3.623534186398687496e+01 1.500000000000000000e+01 2.531797780234432693e+01 5.000000000000000000e+00
2.102379604162863913e+01 5.830951894845300743e+00 4.220189569201838253e+01 1.749285568453590045e+01 4.623851208678756564e+01 1.140175425099137918e+01 8.544003745317530374e+00 0.000000000000000000e+00 8.062257748298549132e+00 1.216552506059643868e+01 1.000000000000000000e+01 2.193171219946130890e+01 2.529822128134703618e+01 4.016217125604640614e+01 2.102379604162863913e+01 2.886173937932362321e+01 4.060788100849390503e+01 1.077032961426900748e+01 3.860051813123756403e+01 4.237924020083418242e+01 9.055385138137417300e+00 3.301514803843835466e+01 5.099019513592784492e+00
2.193171219946130890e+01 6.403124237432848531e+00 4.004996878900157498e+01 2.202271554554523902e+01 4.887739763939974580e+01 6.082762530298219339e+00 8.602325267042626677e+00 8.062257748298549132e+00 0.000000000000000000e+00 2.002498439450078749e+01 1.565247584249852864e+01 2.745906043549196340e+01 2.801785145224380003e+01 4.254409477236529824e+01 2.118962010041709121e+01 2.701851217221259205e+01 4.178516483155235761e+01 3.605551275463989125e+00 4.070626487409523975e+01 4.477722635447621968e+01 1.711724276862369010e+01 3.324154027718932269e+01 9.848857801796103928e+00
2.195449840010014952e+01 1.529705854077835525e+01 4.477722635447621968e+01 1.334166406412633421e+01 4.130375285612676350e+01 2.158703314492290204e+01 1.615549442140351033e+01 1.216552506059643868e+01 2.002498439450078749e+01 0.000000000000000000e+00 8.485281374238569541e+00 1.431782106327635340e+01 2.236067977499789805e+01 3.601388621073821383e+01 2.302172886644267535e+01 3.220248437620923454e+01 3.832753579347360073e+01 2.209072203437452231e+01 3.501428280002319582e+01 3.805259518088089266e+01 4.242640687119284770e+00 3.289376840679705083e+01 1.140175425099137918e+01
1.392838827718411920e+01 9.486832980505138124e+00 3.667424164178449786e+01 7.615773105863908654e+00 3.668787265568828104e+01 1.503329637837290811e+01 9.000000000000000000e+00 1.000000000000000000e+01 1.565247584249852864e+01 8.485281374238569541e+00 0.000000000000000000e+00 1.204159457879229578e+01 1.612451549659709826e+01 3.080584360149872580e+01 1.476482306023340030e+01 2.385372088375312671e+01 3.201562118716424266e+01 1.649242250247064234e+01 2.942787793912432193e+01 3.298484500494128469e+01 9.486832980505138124e+00 2.549509756796392423e+01 5.830951894845300743e+00
1.486606874731850603e+01 2.109502310972898798e+01 3.535533905932737753e+01 6.082762530298219339e+00 2.707397274136176790e+01 2.563201123595259290e+01 1.969771560359220786e+01 2.193171219946130890e+01 2.745906043549196340e+01 1.431782106327635340e+01 1.204159457879229578e+01 0.000000000000000000e+00 1.063014581273464998e+01 2.209072203437452231e+01 1.676305461424021104e+01 2.505992817228333536e+01 2.529822128134703618e+01 2.773084924772409465e+01 2.137755832643194864e+01 2.402082429892862692e+01 1.802775637731994607e+01 2.202271554554523902e+01 1.780449381476485726e+01
7.615773105863908654e+00 2.195449840010014952e+01 2.475883680627989492e+01 9.055385138137417300e+00 2.102379604162863913e+01 2.404163056034261459e+01 1.941648783894759944e+01 2.529822128134703618e+01 2.801785145224380003e+01 2.236067977499789805e+01 1.612451549659709826e+01 1.063014581273464998e+01 0.000000000000000000e+00 1.486606874731850603e+01 9.486832980505138124e+00 1.552417469626002422e+01 1.603121954188139853e+01 2.690724809414741969e+01 1.334166406412633421e+01 1.708800749063506075e+01 2.501999200639360765e+01 1.140175425099137918e+01 2.024845673131658685e+01
2.080865204668481283e+01 3.667424164178449786e+01 2.319482700948640286e+01 2.334523505985750447e+01 6.403124237432848531e+00 3.801315561749642313e+01 3.400000000000000000e+01 4.016217125604640614e+01 4.254409477236529824e+01 3.601388621073821383e+01 3.080584360149872580e+01 2.209072203437452231e+01 1.486606874731850603e+01 0.000000000000000000e+00 2.202271554554523902e+01 2.236067977499789805e+01 6.324555320336759046e+00 4.104875150354758517e+01 2.236067977499789805e+00 2.236067977499789805e+00 3.920459156782531807e+01 1.300000000000000000e+01 3.511409973215887703e+01
2.000000000000000000e+00 1.612451549659709826e+01 2.193171219946130890e+01 1.166190378969060149e+01 2.842534080710379030e+01 1.612451549659709826e+01 1.315294643796590535e+01 2.102379604162863913e+01 2.118962010041709121e+01 2.302172886644267535e+01 1.476482306023340030e+01 1.676305461424021104e+01 9.486832980505138124e+00 2.202271554554523902e+01 0.000000000000000000e+00 9.219544457292887074e+00 2.061552812808830382e+01 1.923538406167134340e+01 2.000000000000000000e+01 2.420743687382040932e+01 2.416609194718914466e+01 1.216552506059643868e+01 1.612451549659709826e+01
1.063014581273464998e+01 2.334523505985750447e+01 1.334166406412633421e+01 2.061552812808830382e+01 2.830194339616981125e+01 2.109502310972898798e+01 2.039607805437113797e+01 2.886173937932362321e+01 2.701851217221259205e+01 3.220248437620923454e+01 2.385372088375312671e+01 2.505992817228333536e+01 1.552417469626002422e+01 2.236067977499789805e+01 9.219544457292887074e+00 0.000000000000000000e+00 1.843908891458577415e+01 2.418677324489564739e+01 2.012461179749810825e+01 2.418677324489564739e+01 3.312099032335839155e+01 9.433981132056603158e+00 2.435159132377184221e+01
1.992485884517127559e+01 3.640054944640259293e+01 1.702938636592640265e+01 2.507987240796890660e+01 1.044030650891055068e+01 3.667424164178449786e+01 3.352610922848042208e+01 4.060788100849390503e+01 4.178516483155235761e+01 3.832753579347360073e+01 3.201562118716424266e+01 2.529822128134703618e+01 1.603121954188139853e+01 6.324555320336759046e+00 2.061552812808830382e+01 1.843908891458577415e+01 0.000000000000000000e+00 3.981205847478876336e+01 5.000000000000000000e+00 7.000000000000000000e+00 4.104875150354758517e+01 9.219544457292887074e+00 3.551056180912940619e+01
2.024845673131658685e+01 7.071067811865475505e+00 3.700000000000000000e+01 2.195449840010014952e+01 4.743416490252568707e+01 3.162277660168379523e+00 8.062257748298549132e+00 1.077032961426900748e+01 3.605551275463989125e+00 2.209072203437452231e+01 1.649242250247064234e+01 2.773084924772409465e+01 2.690724809414741969e+01 4.104875150354758517e+01 1.923538406167134340e+01 2.418677324489564739e+01 3.981205847478876336e+01 0.000000000000000000e+00 3.911521443121588959e+01 4.326661530556787483e+01 1.964688270438849926e+01 3.101612483854164637e+01 1.104536101718726115e+01
1.886796226411320632e+01 3.492849839314595783e+01 2.137755832643194864e+01 2.209072203437452231e+01 8.485281374238569541e+00 3.605551275463989214e+01 3.220248437620923454e+01 3.860051813123756403e+01 4.070626487409523975e+01 3.501428280002319582e+01 2.942787793912432193e+01 2.137755832643194864e+01 1.334166406412633421e+01 2.236067977499789805e+00 2.000000000000000000e+01 2.012461179749810825e+01 5.000000000000000000e+00 3.911521443121588959e+01 0.000000000000000000e+00 4.242640687119284770e+00 3.805259518088089266e+01 1.077032961426900748e+01 3.352610922848042208e+01
2.302172886644267535e+01 3.891015291668743714e+01 2.402082429892862692e+01 2.549509756796392423e+01 4.242640687119284770e+00 4.022437072223753063e+01 3.623534186398687496e+01 4.237924020083418242e+01 4.477722635447621968e+01 3.805259518088089266e+01 3.298484500494128469e+01 2.402082429892862692e+01 1.708800749063506075e+01 2.236067977499789805e+00 2.420743687382040932e+01 2.418677324489564739e+01 7.000000000000000000e+00 4.326661530556787483e+01 4.242640687119284770e+00 0.000000000000000000e+00 4.130375285612676350e+01 1.476482306023340030e+01 3.733630940518894192e+01
2.340939982143925135e+01 1.341640786499873883e+01 4.609772228646443892e+01 1.600000000000000000e+01 4.472135954999579610e+01 1.969771560359220786e+01 1.500000000000000000e+01 9.055385138137417300e+00 1.711724276862369010e+01 4.242640687119284770e+00 9.486832980505138124e+00 1.802775637731994607e+01 2.501999200639360765e+01 3.920459156782531807e+01 2.416609194718914466e+01 3.312099032335839155e+01 4.104875150354758517e+01 1.964688270438849926e+01 3.805259518088089266e+01 4.130375285612676350e+01 0.000000000000000000e+00 3.492849839314595783e+01 1.000000000000000000e+01
1.200000000000000000e+01 2.828427124746190202e+01 1.360147050873544394e+01 1.969771560359220786e+01 1.886796226411320632e+01 2.785677655436823841e+01 2.531797780234432693e+01 3.301514803843835466e+01 3.324154027718932269e+01 3.289376840679705083e+01 2.549509756796392423e+01 2.202271554554523902e+01 1.140175425099137918e+01 1.300000000000000000e+01 1.216552506059643868e+01 9.433981132056603158e+00 9.219544457292887074e+00 3.101612483854164637e+01 1.077032961426900748e+01 1.476482306023340030e+01 3.492849839314595783e+01 0.000000000000000000e+00 2.800000000000000000e+01
1.600000000000000000e+01 4.000000000000000000e+00 3.764306044943742080e+01 1.280624847486569706e+01 4.123105625617660763e+01 1.019803902718556898e+01 5.000000000000000000e+00 5.099019513592784492e+00 9.848857801796103928e+00 1.140175425099137918e+01 5.830951894845300743e+00 1.780449381476485726e+01 2.024845673131658685e+01 3.511409973215887703e+01 1.612451549659709826e+01 2.435159132377184221e+01 3.551056180912940619e+01 1.104536101718726115e+01 3.352610922848042208e+01 3.733630940518894192e+01 1.000000000000000000e+01 2.800000000000000000e+01 0.000000000000000000e+00
