0.000000000000000000e+00 2.884441020371191300e+01 3.753664875824691904e+01 1.414213562373095101e+01 2.154065922853801496e+01 1.664331697709323876e+01 1.315294643796590535e+01 2.000000000000000000e+01 1.676305461424021104e+01 6.082762530298219339e+00 1.170469991071962568e+01 2.302172886644267535e+01 2.334523505985750447e+01 2.102379604162863913e+01 2.816025568065744622e+01 2.555386467836127551e+01 2.334523505985750447e+01 1.603121954188139853e+01 1.431782106327635340e+01 1.456021977856103611e+01 2.807133769523639799e+01 2.973213749463701205e+01 2.789265136196270589e+01
2.884441020371191300e+01 0.000000000000000000e+00 9.848857801796103928e+00 1.523154621172781731e+01 1.649242250247064234e+01 3.354101966249684352e+01 3.640054944640259293e+01 8.944271909999159220e+00 2.247220505424423109e+01 2.692582403567251959e+01 2.061552812808830382e+01 1.503329637837290811e+01 2.886173937932362321e+01 1.529705854077835525e+01 1.360147050873544394e+01 2.906888370749726747e+01 2.118962010041709121e+01 2.300000000000000000e+01 4.172529209005013229e+01 1.562049935181330795e+01 2.505992817228333536e+01 7.211102550927978250e+00 2.024845673131658685e+01
3.753664875824691904e+01 9.848857801796103928e+00 0.000000000000000000e+00 2.343074902771996193e+01 2.061552812808830382e+01 4.338202392696772591e+01 4.604345773288535071e+01 1.769180601295413169e+01 3.231098884280702066e+01 3.466987164671942878e+01 2.778488797889960793e+01 2.451530134426252516e+01 3.206243908376279705e+01 1.992485884517127559e+01 2.200000000000000000e+01 3.847076812334268681e+01 2.408318915758459156e+01 2.846049894151541437e+01 5.099019513592784847e+01 2.523885892824792521e+01 2.617250465660480074e+01 8.544003745317530374e+00 2.109502310972898798e+01
1.414213562373095101e+01 1.523154621172781731e+01 2.343074902771996193e+01 0.000000000000000000e+00 1.019803902718556898e+01 2.402082429892862692e+01 2.435159132377184221e+01 6.324555320336759046e+00 1.615549442140351033e+01 1.170469991071962568e+01 6.082762530298219339e+00 1.581138830084189628e+01 1.910497317454279909e+01 9.055385138137417300e+00 1.931320791582796659e+01 2.594224354214569317e+01 1.431782106327635340e+01 1.081665382639196871e+01 2.801785145224380003e+01 7.211102550927978250e+00 1.969771560359220786e+01 1.562049935181330795e+01 1.726267650163206824e+01
2.154065922853801496e+01 1.649242250247064234e+01 2.061552812808830382e+01 1.019803902718556898e+01 0.000000000000000000e+00 3.401470270338990076e+01 3.354101966249684352e+01 1.131370849898476116e+01 2.624880949681337583e+01 1.664331697709323876e+01 9.848857801796103928e+00 2.420743687382040932e+01 1.236931687685298087e+01 1.414213562373095145e+00 2.624880949681337583e+01 3.584689665786984136e+01 5.000000000000000000e+00 8.062257748298549132e+00 3.584689665786984136e+01 1.708800749063506075e+01 1.000000000000000000e+01 1.216552506059643868e+01 7.071067811865475505e+00
1.664331697709323876e+01 3.354101966249684352e+01 4.338202392696772591e+01 2.402082429892862692e+01 3.401470270338990076e+01 0.000000000000000000e+00 7.071067811865475505e+00 2.692582403567251959e+01 1.140175425099137918e+01 2.236067977499789805e+01 2.549509756796392423e+01 2.051828452868319275e+01 3.921734310225515685e+01 3.300000000000000000e+01 2.549509756796392423e+01 1.303840481040529831e+01 3.733630940518894192e+01 3.104834939252004844e+01 1.503329637837290811e+01 1.868154169226940553e+01 4.257933771208753626e+01 3.764306044943742080e+01 4.104875150354758517e+01
1.315294643796590535e+01 3.640054944640259293e+01 4.604345773288535071e+01 2.435159132377184221e+01 3.354101966249684352e+01 7.071067811865475505e+00 0.000000000000000000e+00 2.865309756378880479e+01 1.612451549659709826e+01 1.923538406167134340e+01 2.408318915758459156e+01 2.523885892824792521e+01 3.649657518178931781e+01 3.275667870831839679e+01 3.052867504494749440e+01 2.000000000000000000e+01 3.605551275463989214e+01 2.901723625709381693e+01 8.000000000000000000e+00 2.080865204668481283e+01 4.100000000000000000e+01 3.935733730830885690e+01 4.031128874149274566e+01
2.000000000000000000e+01 8.944271909999159220e+00 1.769180601295413169e+01 6.324555320336759046e+00 1.131370849898476116e+01 2.692582403567251959e+01 2.865309756378880479e+01 0.000000000000000000e+00 1.700000000000000000e+01 1.802775637731994607e+01 1.204159457879229578e+01 1.303840481040529831e+01 2.282542442102665348e+01 9.899494936611665352e+00 1.500000000000000000e+01 2.570992026436488231e+01 1.627882059609970611e+01 1.552417469626002422e+01 3.330165161069342616e+01 8.246211251235321171e+00 2.126029162546929996e+01 1.077032961426900748e+01 1.749285568453590045e+01
1.676305461424021104e+01 2.247220505424423109e+01 3.231098884280702066e+01 1.615549442140351033e+01 2.624880949681337583e+01 1.140175425099137918e+01 1.612451549659709826e+01 1.700000000000000000e+01 0.000000000000000000e+00 2.024845673131658685e+01 2.000000000000000000e+01 9.219544457292887074e+00 3.440930106817050671e+01 2.500000000000000000e+01 1.442220510185595650e+01 1.000000000000000000e+01 3.046309242345563462e+01 2.580697580112788003e+01 2.340939982143925135e+01 9.219544457292887074e+00 3.584689665786984136e+01 2.729468812791236232e+01 3.324154027718932269e+01
6.082762530298219339e+00 2.692582403567251959e+01 3.466987164671942878e+01 1.170469991071962568e+01 1.664331697709323876e+01 2.236067977499789805e+01 1.923538406167134340e+01 1.802775637731994607e+01 2.024845673131658685e+01 0.000000000000000000e+00 7.071067811865475505e+00 2.451530134426252516e+01 1.726267650163206824e+01 1.640121946685672683e+01 2.915475947422650194e+01 2.983286778035259701e+01 1.772004514666934938e+01 1.019803902718556898e+01 1.964688270438849926e+01 1.513274595042155646e+01 2.220360331117451835e+01 2.640075756488817049e+01 2.247220505424423109e+01
1.170469991071962568e+01 2.061552812808830382e+01 2.778488797889960793e+01 6.082762530298219339e+00 9.848857801796103928e+00 2.549509756796392423e+01 2.408318915758459156e+01 1.204159457879229578e+01 2.000000000000000000e+01 7.071067811865475505e+00 0.000000000000000000e+00 2.147091055358388800e+01 1.442220510185595650e+01 9.433981132056603158e+00 2.529822128134703618e+01 3.000000000000000000e+01 1.200000000000000000e+01 5.830951894845300743e+00 2.600000000000000000e+01 1.220655561573370207e+01 1.711724276862369010e+01 1.941648783894759944e+01 1.627882059609970611e+01
2.302172886644267535e+01 1.503329637837290811e+01 2.451530134426252516e+01 1.581138830084189628e+01 2.420743687382040932e+01 2.051828452868319275e+01 2.523885892824792521e+01 1.303840481040529831e+01 9.219544457292887074e+00 2.451530134426252516e+01 2.147091055358388800e+01 0.000000000000000000e+00 3.482814953453599571e+01 2.280350850198275836e+01 5.385164807134503739e+00 1.403566884761819900e+01 2.906888370749726747e+01 2.662705391138869615e+01 3.220248437620923454e+01 9.486832980505138124e+00 3.420526275297414287e+01 2.121320343559642652e+01 3.052867504494749440e+01
2.334523505985750447e+01 2.886173937932362321e+01 3.206243908376279705e+01 1.910497317454279909e+01 1.236931687685298087e+01 3.921734310225515685e+01 3.649657518178931781e+01 2.282542442102665348e+01 3.440930106817050671e+01 1.726267650163206824e+01 1.442220510185595650e+01 3.482814953453599571e+01 0.000000000000000000e+00 1.360147050873544394e+01 3.773592452822641263e+01 4.440720662234903671e+01 8.000000000000000000e+00 8.602325267042626677e+00 3.605551275463989214e+01 2.617250465660480074e+01 7.810249675906653977e+00 2.402082429892862692e+01 1.170469991071962568e+01
2.102379604162863913e+01 1.529705854077835525e+01 1.992485884517127559e+01 9.055385138137417300e+00 1.414213562373095145e+00 3.300000000000000000e+01 3.275667870831839679e+01 9.899494936611665352e+00 2.500000000000000000e+01 1.640121946685672683e+01 9.433981132056603158e+00 2.280350850198275836e+01 1.360147050873544394e+01 0.000000000000000000e+00 2.483948469674844262e+01 3.453983207834108526e+01 6.403124237432848531e+00 8.544003745317530374e+00 3.534119409414458346e+01 1.581138830084189628e+01 1.140175425099137918e+01 1.140175425099137918e+01 8.246211251235321171e+00
2.816025568065744622e+01 1.360147050873544394e+01 2.200000000000000000e+01 1.931320791582796659e+01 2.624880949681337583e+01 2.549509756796392423e+01 3.052867504494749440e+01 1.500000000000000000e+01 1.442220510185595650e+01 2.915475947422650194e+01 2.529822128134703618e+01 5.385164807134503739e+00 3.773592452822641263e+01 2.483948469674844262e+01 0.000000000000000000e+00 1.708800749063506075e+01 3.124099870362661591e+01 2.996664812754339380e+01 3.757658845611187104e+01 1.403566884761819900e+01 3.606937759374286401e+01 2.061552812808830382e+01 3.189043743820394994e+01
2.555386467836127551e+01 2.906888370749726747e+01 3.847076812334268681e+01 2.594224354214569317e+01 3.584689665786984136e+01 1.303840481040529831e+01 2.000000000000000000e+01 2.570992026436488231e+01 1.000000000000000000e+01 2.983286778035259701e+01 3.000000000000000000e+01 1.403566884761819900e+01 4.440720662234903671e+01 3.453983207834108526e+01 1.708800749063506075e+01 0.000000000000000000e+00 4.024922359499621649e+01 3.580502757993631491e+01 2.800000000000000000e+01 1.878829422805593552e+01 4.561797891182817466e+01 3.505709628591620941e+01 4.272001872658765365e+01
2.334523505985750447e+01 2.118962010041709121e+01 2.408318915758459156e+01 1.431782106327635340e+01 5.000000000000000000e+00 3.733630940518894192e+01 3.605551275463989214e+01 1.627882059609970611e+01 3.046309242345563462e+01 1.772004514666934938e+01 1.200000000000000000e+01 2.906888370749726747e+01 8.000000000000000000e+00 6.403124237432848531e+00 3.124099870362661591e+01 4.024922359499621649e+01 0.000000000000000000e+00 7.615773105863908654e+00 3.736308338453881106e+01 2.147091055358388800e+01 5.385164807134503739e+00 1.603121954188139853e+01 5.000000000000000000e+00
1.603121954188139853e+01 2.300000000000000000e+01 2.846049894151541437e+01 1.081665382639196871e+01 8.062257748298549132e+00 3.104834939252004844e+01 2.901723625709381693e+01 1.552417469626002422e+01 2.580697580112788003e+01 1.019803902718556898e+01 5.830951894845300743e+00 2.662705391138869615e+01 8.602325267042626677e+00 8.544003745317530374e+00 2.996664812754339380e+01 3.580502757993631491e+01 7.615773105863908654e+00 0.000000000000000000e+00 2.983286778035259701e+01 1.769180601295413169e+01 1.204159457879229578e+01 1.992485884517127559e+01 1.252996408614166768e+01
1.431782106327635340e+01 4.172529209005013229e+01 5.099019513592784847e+01 2.801785145224380003e+01 3.584689665786984136e+01 1.503329637837290811e+01 8.000000000000000000e+00 3.330165161069342616e+01 2.340939982143925135e+01 1.964688270438849926e+01 2.600000000000000000e+01 3.220248437620923454e+01 3.605551275463989214e+01 3.534119409414458346e+01 3.757658845611187104e+01 2.800000000000000000e+01 3.736308338453881106e+01 2.983286778035259701e+01 0.000000000000000000e+00 2.624880949681337583e+01 4.177319714841084419e+01 4.360045871318327926e+01 4.205948168962618183e+01
1.456021977856103611e+01 1.562049935181330795e+01 2.523885892824792521e+01 7.211102550927978250e+00 1.708800749063506075e+01 1.868154169226940553e+01 2.080865204668481283e+01 8.246211251235321171e+00 9.219544457292887074e+00 1.513274595042155646e+01 1.220655561573370207e+01 9.486832980505138124e+00 2.617250465660480074e+01 1.581138830084189628e+01 1.403566884761819900e+01 1.878829422805593552e+01 2.147091055358388800e+01 1.769180601295413169e+01 2.624880949681337583e+01 0.000000000000000000e+00 2.683281572999747766e+01 1.897366596101027625e+01 2.404163056034261459e+01
2.807133769523639799e+01 2.505992817228333536e+01 2.617250465660480074e+01 1.969771560359220786e+01 1.000000000000000000e+01 4.257933771208753626e+01 4.100000000000000000e+01 2.126029162546929996e+01 3.584689665786984136e+01 2.220360331117451835e+01 1.711724276862369010e+01 3.420526275297414287e+01 7.810249675906653977e+00 1.140175425099137918e+01 3.606937759374286401e+01 4.561797891182817466e+01 5.385164807134503739e+00 1.204159457879229578e+01 4.177319714841084419e+01 2.683281572999747766e+01 0.000000000000000000e+00 1.897366596101027625e+01 5.099019513592784492e+00
2.973213749463701205e+01 7.211102550927978250e+00 8.544003745317530374e+00 1.562049935181330795e+01 1.216552506059643868e+01 3.764306044943742080e+01 3.935733730830885690e+01 1.077032961426900748e+01 2.729468812791236232e+01 2.640075756488817049e+01 1.941648783894759944e+01 2.121320343559642652e+01 2.402082429892862692e+01 1.140175425099137918e+01 2.061552812808830382e+01 3.505709628591620941e+01 1.603121954188139853e+01 1.992485884517127559e+01 4.360045871318327926e+01 1.897366596101027625e+01 1.897366596101027625e+01 0.000000000000000000e+00 1.392838827718411920e+01
2.789265136196270589e+01 2.024845673131658685e+01 2.109502310972898798e+01 1.726267650163206824e+01 7.071067811865475505e+00 4.104875150354758517e+01 4.031128874149274566e+01 1.749285568453590045e+01 3.324154027718932269e+01 2.247220505424423109e+01 1.627882059609970611e+01 3.052867504494749440e+01 1.170469991071962568e+01 8.246211251235321171e+00 3.189043743820394994e+01 4.272001872658765365e+01 5.000000000000000000e+00 1.252996408614166768e+01 4.205948168962618183e+01 2.404163056034261459e+01 5.099019513592784492e+00 1.392838827718411920e+01 0.000000000000000000e+00
