0.000000000000000000e+00 3.310589071449369669e+01 1.923538406167134340e+01 1.972308292331602075e+01 2.061552812808830382e+01 3.622154055254966920e+01 5.000000000000000000e+00 2.941088233970548416e+01 2.607680962081059661e+01 3.324154027718932269e+01 3.220248437620923454e+01 5.385164807134503739e+00 1.503329637837290811e+01 2.402082429892862692e+01 2.163330765278393741e+01 1.910497317454279909e+01 1.300000000000000000e+01 1.204159457879229578e+01 2.647640458974745314e+01 3.130495168499705727e+01 4.031128874149274566e+01
3.310589071449369669e+01 0.000000000000000000e+00 2.121320343559642652e+01 1.360147050873544394e+01 1.711724276862369010e+01 1.897366596101027625e+01 3.448187929913333249e+01 4.016217125604640614e+01 1.649242250247064234e+01 3.748332962798262713e+01 2.801785145224380003e+01 3.324154027718932269e+01 2.121320343559642652e+01 1.615549442140351033e+01 2.863564212655270680e+01 1.941648783894759944e+01 3.606937759374286401e+01 2.256102834535695578e+01 9.848857801796103928e+00 2.000000000000000000e+00 1.345362404707370985e+01
1.923538406167134340e+01 2.121320343559642652e+01 0.000000000000000000e+00 1.063014581273464998e+01 4.123105625617660586e+00 3.420526275297414287e+01 1.769180601295413169e+01 4.177319714841084419e+01 2.549509756796392423e+01 4.272001872658765365e+01 3.689173349139343117e+01 1.627882059609970611e+01 1.897366596101027625e+01 2.343074902771996193e+01 3.036445290137795183e+01 2.147091055358388800e+01 2.927456233660889495e+01 8.062257748298549132e+00 2.080865204668481283e+01 1.923538406167134340e+01 3.324154027718932269e+01
1.972308292331602075e+01 1.360147050873544394e+01 1.063014581273464998e+01 0.000000000000000000e+00 7.211102550927978250e+00 2.360084744241189370e+01 2.088061301782110135e+01 3.400000000000000000e+01 1.500000000000000000e+01 3.373425558686599857e+01 2.683281572999747766e+01 1.964688270438849926e+01 1.118033988749894903e+01 1.303840481040529831e+01 2.202271554554523902e+01 1.216552506059643868e+01 2.505992817228333536e+01 9.055385138137417300e+00 1.029563014098700080e+01 1.170469991071962568e+01 2.353720459187963954e+01
2.061552812808830382e+01 1.711724276862369010e+01 4.123105625617660586e+00 7.211102550927978250e+00 0.000000000000000000e+00 3.047950130825634218e+01 2.000000000000000000e+01 4.019950248448355978e+01 2.220360331117451835e+01 4.052159917870962147e+01 3.400000000000000000e+01 1.860107523773827509e+01 1.711724276862369010e+01 2.024845673131658685e+01 2.844292530665578411e+01 1.897366596101027625e+01 2.912043955712207222e+01 8.602325267042626677e+00 1.702938636592640265e+01 1.513274595042155646e+01 2.915475947422650194e+01
3.622154055254966920e+01 1.897366596101027625e+01 3.420526275297414287e+01 2.360084744241189370e+01 3.047950130825634218e+01 0.000000000000000000e+00 3.981205847478876336e+01 2.758622844826744469e+01 1.019803902718556898e+01 2.247220505424423109e+01 1.220655561573370207e+01 3.905124837953326988e+01 2.121320343559642652e+01 1.236931687685298087e+01 1.969771560359220786e+01 1.711724276862369010e+01 3.201562118716424266e+01 3.087069808086626210e+01 1.345362404707370985e+01 1.969771560359220786e+01 9.848857801796103928e+00
5.000000000000000000e+00 3.448187929913333249e+01 1.769180601295413169e+01 2.088061301782110135e+01 2.000000000000000000e+01 3.981205847478876336e+01 0.000000000000000000e+00 3.440930106817050671e+01 2.961418578992169515e+01 3.818376618407356915e+01 3.671511950137163893e+01 1.414213562373095145e+00 1.868154169226940553e+01 2.745906043549196340e+01 2.640075756488817049e+01 2.280350850198275836e+01 1.788854381999831844e+01 1.208304597359457233e+01 2.901723625709381693e+01 3.257299494980465937e+01 4.301162633521313694e+01
2.941088233970548416e+01 4.016217125604640614e+01 4.177319714841084419e+01 3.400000000000000000e+01 4.019950248448355978e+01 2.758622844826744469e+01 3.440930106817050671e+01 0.000000000000000000e+00 2.376972864800942631e+01 7.071067811865475505e+00 1.562049935181330795e+01 3.466987164671942878e+01 2.308679276123039159e+01 2.404163056034261459e+01 1.204159457879229578e+01 2.209072203437452231e+01 1.697056274847713908e+01 3.420526275297414287e+01 3.036445290137795183e+01 3.956008088970496317e+01 3.701351104664349378e+01
2.607680962081059661e+01 1.649242250247064234e+01 2.549509756796392423e+01 1.500000000000000000e+01 2.220360331117451835e+01 1.019803902718556898e+01 2.961418578992169515e+01 2.376972864800942631e+01 0.000000000000000000e+00 2.109502310972898798e+01 1.236931687685298087e+01 2.886173937932362321e+01 1.104536101718726115e+01 2.236067977499789805e+00 1.280624847486569706e+01 7.000000000000000000e+00 2.325940669922601600e+01 2.109502310972898798e+01 7.000000000000000000e+00 1.612451549659709826e+01 1.565247584249852864e+01
3.324154027718932269e+01 3.748332962798262713e+01 4.272001872658765365e+01 3.373425558686599857e+01 4.052159917870962147e+01 2.247220505424423109e+01 3.818376618407356915e+01 7.071067811865475505e+00 2.109502310972898798e+01 0.000000000000000000e+00 1.029563014098700080e+01 3.820994634908559817e+01 2.376972864800942631e+01 2.200000000000000000e+01 1.252996408614166768e+01 2.158703314492290204e+01 2.195449840010014952e+01 3.577708763999663688e+01 2.807133769523639799e+01 3.721558813185679071e+01 3.224903099319419653e+01
3.220248437620923454e+01 2.801785145224380003e+01 3.689173349139343117e+01 2.683281572999747766e+01 3.400000000000000000e+01 1.220655561573370207e+01 3.671511950137163893e+01 1.562049935181330795e+01 1.236931687685298087e+01 1.029563014098700080e+01 0.000000000000000000e+00 3.635931792539568619e+01 1.910497317454279909e+01 1.392838827718411920e+01 1.118033988749894903e+01 1.562049935181330795e+01 2.408318915758459156e+01 3.114482300479487265e+01 1.923538406167134340e+01 2.801785145224380003e+01 2.195449840010014952e+01
5.385164807134503739e+00 3.324154027718932269e+01 1.627882059609970611e+01 1.964688270438849926e+01 1.860107523773827509e+01 3.905124837953326988e+01 1.414213562373095145e+00 3.466987164671942878e+01 2.886173937932362321e+01 3.820994634908559817e+01 3.635931792539568619e+01 0.000000000000000000e+00 1.802775637731994607e+01 2.668332812825266842e+01 2.624880949681337583e+01 2.213594362117865444e+01 1.838477631085023489e+01 1.077032961426900748e+01 2.800000000000000000e+01 3.132091952673165025e+01 4.200000000000000000e+01
1.503329637837290811e+01 2.121320343559642652e+01 1.897366596101027625e+01 1.118033988749894903e+01 1.711724276862369010e+01 2.121320343559642652e+01 1.868154169226940553e+01 2.308679276123039159e+01 1.104536101718726115e+01 2.376972864800942631e+01 1.910497317454279909e+01 1.802775637731994607e+01 0.000000000000000000e+00 9.000000000000000000e+00 1.140175425099137918e+01 4.123105625617660586e+00 1.486606874731850603e+01 1.220655561573370207e+01 1.252996408614166768e+01 1.984943324127920761e+01 2.570992026436488231e+01
2.402082429892862692e+01 1.615549442140351033e+01 2.343074902771996193e+01 1.303840481040529831e+01 2.024845673131658685e+01 1.236931687685298087e+01 2.745906043549196340e+01 2.404163056034261459e+01 2.236067977499789805e+00 2.200000000000000000e+01 1.392838827718411920e+01 2.668332812825266842e+01 9.000000000000000000e+00 0.000000000000000000e+00 1.252996408614166768e+01 5.099019513592784492e+00 2.195449840010014952e+01 1.886796226411320632e+01 6.324555320336759046e+00 1.552417469626002422e+01 1.708800749063506075e+01
2.163330765278393741e+01 2.863564212655270680e+01 3.036445290137795183e+01 2.202271554554523902e+01 2.844292530665578411e+01 1.969771560359220786e+01 2.640075756488817049e+01 1.204159457879229578e+01 1.280624847486569706e+01 1.252996408614166768e+01 1.118033988749894903e+01 2.624880949681337583e+01 1.140175425099137918e+01 1.252996408614166768e+01 0.000000000000000000e+00 1.004987562112088995e+01 1.300000000000000000e+01 2.325940669922601600e+01 1.878829422805593552e+01 2.785677655436823841e+01 2.780287754891568852e+01
1.910497317454279909e+01 1.941648783894759944e+01 2.147091055358388800e+01 1.216552506059643868e+01 1.897366596101027625e+01 1.711724276862369010e+01 2.280350850198275836e+01 2.209072203437452231e+01 7.000000000000000000e+00 2.158703314492290204e+01 1.562049935181330795e+01 2.213594362117865444e+01 4.123105625617660586e+00 5.099019513592784492e+00 1.004987562112088995e+01 0.000000000000000000e+00 1.720465053408525335e+01 1.555634918610404505e+01 9.899494936611665352e+00 1.835755975068581947e+01 2.213594362117865444e+01
1.300000000000000000e+01 3.606937759374286401e+01 2.927456233660889495e+01 2.505992817228333536e+01 2.912043955712207222e+01 3.201562118716424266e+01 1.788854381999831844e+01 1.697056274847713908e+01 2.325940669922601600e+01 2.195449840010014952e+01 2.408318915758459156e+01 1.838477631085023489e+01 1.486606874731850603e+01 2.195449840010014952e+01 1.300000000000000000e+01 1.720465053408525335e+01 0.000000000000000000e+00 2.121320343559642652e+01 2.701851217221259205e+01 3.471310991541956525e+01 3.891015291668743714e+01
1.204159457879229578e+01 2.256102834535695578e+01 8.062257748298549132e+00 9.055385138137417300e+00 8.602325267042626677e+00 3.087069808086626210e+01 1.208304597359457233e+01 3.420526275297414287e+01 2.109502310972898798e+01 3.577708763999663688e+01 3.114482300479487265e+01 1.077032961426900748e+01 1.220655561573370207e+01 1.886796226411320632e+01 2.325940669922601600e+01 1.555634918610404505e+01 2.121320343559642652e+01 0.000000000000000000e+00 1.843908891458577415e+01 2.061552812808830382e+01 3.224903099319419653e+01
2.647640458974745314e+01 9.848857801796103928e+00 2.080865204668481283e+01 1.029563014098700080e+01 1.702938636592640265e+01 1.345362404707370985e+01 2.901723625709381693e+01 3.036445290137795183e+01 7.000000000000000000e+00 2.807133769523639799e+01 1.923538406167134340e+01 2.800000000000000000e+01 1.252996408614166768e+01 6.324555320336759046e+00 1.878829422805593552e+01 9.899494936611665352e+00 2.701851217221259205e+01 1.843908891458577415e+01 0.000000000000000000e+00 9.219544457292887074e+00 1.400000000000000000e+01
3.130495168499705727e+01 2.000000000000000000e+00 1.923538406167134340e+01 1.170469991071962568e+01 1.513274595042155646e+01 1.969771560359220786e+01 3.257299494980465937e+01 3.956008088970496317e+01 1.612451549659709826e+01 3.721558813185679071e+01 2.801785145224380003e+01 3.132091952673165025e+01 1.984943324127920761e+01 1.552417469626002422e+01 2.785677655436823841e+01 1.835755975068581947e+01 3.471310991541956525e+01 2.061552812808830382e+01 9.219544457292887074e+00 0.000000000000000000e+00 1.500000000000000000e+01
4.031128874149274566e+01 1.345362404707370985e+01 3.324154027718932269e+01 2.353720459187963954e+01 2.915475947422650194e+01 9.848857801796103928e+00 4.301162633521313694e+01 3.701351104664349378e+01 1.565247584249852864e+01 3.224903099319419653e+01 2.195449840010014952e+01 4.200000000000000000e+01 2.570992026436488231e+01 1.708800749063506075e+01 2.780287754891568852e+01 2.213594362117865444e+01 3.891015291668743714e+01 3.224903099319419653e+01 1.400000000000000000e+01 1.500000000000000000e+01 0.000000000000000000e+00
