0.000000000000000000e+00 2.022374841615668473e+01 6.324555320336759046e+00 3.275667870831839679e+01 2.137755832643194864e+01 1.104536101718726115e+01 1.941648783894759944e+01 2.745906043549196340e+01 2.765863337187866122e+01 2.102379604162863913e+01 2.941088233970548416e+01 1.216552506059643868e+01 2.154065922853801496e+01 2.109502310972898798e+01 1.118033988749894903e+01 2.420743687382040932e+01 1.780449381476485726e+01 2.828427124746190291e+00 2.729468812791236232e+01 1.612451549659709826e+01 1.100000000000000000e+01 4.242640687119284770e+00
2.022374841615668473e+01 0.000000000000000000e+00 2.012461179749810825e+01 3.114482300479487265e+01 1.414213562373095145e+00 2.061552812808830382e+01 2.720294101747088789e+01 1.063014581273464998e+01 3.310589071449369669e+01 6.082762530298219339e+00 2.716615541441224835e+01 8.062257748298549132e+00 1.100000000000000000e+01 3.000000000000000000e+01 1.655294535724684835e+01 1.802775637731994607e+01 1.523154621172781731e+01 1.868154169226940553e+01 2.789265136196270589e+01 2.617250465660480074e+01 2.441311123146740414e+01 1.802775637731994607e+01
6.324555320336759046e+00 2.012461179749810825e+01 0.000000000000000000e+00 2.662705391138869615e+01 2.147091055358388800e+01 1.702938636592640265e+01 1.315294643796590535e+01 2.501999200639360765e+01 2.137755832643194864e+01 2.267156809750926882e+01 2.343074902771996193e+01 1.280624847486569706e+01 1.811077027627483460e+01 1.500000000000000000e+01 1.627882059609970611e+01 1.923538406167134340e+01 1.300000000000000000e+01 4.000000000000000000e+00 2.109502310972898798e+01 1.000000000000000000e+01 5.385164807134503739e+00 3.162277660168379523e+00
3.275667870831839679e+01 3.114482300479487265e+01 2.662705391138869615e+01 0.000000000000000000e+00 3.224903099319419653e+01 4.215447781671598193e+01 1.581138830084189628e+01 2.507987240796890660e+01 1.104536101718726115e+01 3.705401462729781059e+01 4.000000000000000000e+00 3.041381265149109936e+01 2.022374841615668473e+01 1.655294535724684835e+01 3.984971769034255118e+01 1.315294643796590535e+01 1.726267650163206824e+01 3.001666203960726875e+01 5.656854249492380582e+00 1.920937271229854559e+01 2.404163056034261459e+01 2.865309756378880479e+01
2.137755832643194864e+01 1.414213562373095145e+00 2.147091055358388800e+01 3.224903099319419653e+01 0.000000000000000000e+00 2.118962010041709121e+01 2.860069929215018192e+01 1.081665382639196871e+01 3.443835071544512516e+01 5.385164807134503739e+00 2.828427124746190202e+01 9.219544457292887074e+00 1.204159457879229578e+01 3.140063693621516450e+01 1.708800749063506075e+01 1.910497317454279909e+01 1.655294535724684835e+01 1.992485884517127559e+01 2.912043955712207222e+01 2.758622844826744469e+01 2.580697580112788003e+01 1.931320791582796659e+01
1.104536101718726115e+01 2.061552812808830382e+01 1.702938636592640265e+01 4.215447781671598193e+01 2.118962010041709121e+01 0.000000000000000000e+00 3.014962686336266984e+01 3.052867504494749440e+01 3.832753579347360073e+01 1.811077027627483460e+01 3.848376280978771291e+01 1.421267040355189515e+01 2.687005768508880621e+01 3.201562118716424266e+01 4.123105625617660586e+00 3.162277660168379256e+01 2.555386467836127551e+01 1.303840481040529831e+01 3.700000000000000000e+01 2.701851217221259205e+01 2.202271554554523902e+01 1.414213562373095101e+01
1.941648783894759944e+01 2.720294101747088789e+01 1.315294643796590535e+01 1.581138830084189628e+01 2.860069929215018192e+01 3.014962686336266984e+01 0.000000000000000000e+00 2.692582403567251959e+01 8.246211251235321171e+00 3.176476034853718033e+01 1.392838827718411920e+01 2.247220505424423109e+01 1.941648783894759944e+01 2.828427124746190291e+00 2.901723625709381693e+01 1.552417469626002422e+01 1.280624847486569706e+01 1.711724276862369010e+01 1.029563014098700080e+01 3.605551275463989125e+00 8.944271909999159220e+00 1.603121954188139853e+01
2.745906043549196340e+01 1.063014581273464998e+01 2.501999200639360765e+01 2.507987240796890660e+01 1.081665382639196871e+01 3.052867504494749440e+01 2.692582403567251959e+01 0.000000000000000000e+00 3.041381265149109936e+01 1.612451549659709826e+01 2.147091055358388800e+01 1.655294535724684835e+01 7.615773105863908654e+00 2.968164415931165934e+01 2.662705391138869615e+01 1.280624847486569706e+01 1.431782106327635340e+01 2.517935662402834396e+01 2.360084744241189370e+01 2.731300056749532601e+01 2.765863337187866122e+01 2.408318915758459156e+01
2.765863337187866122e+01 3.310589071449369669e+01 2.137755832643194864e+01 1.104536101718726115e+01 3.443835071544512516e+01 3.832753579347360073e+01 8.246211251235321171e+00 3.041381265149109936e+01 0.000000000000000000e+00 3.827531841800927737e+01 1.140175425099137918e+01 2.961418578992169515e+01 2.360084744241189370e+01 7.211102550927978250e+00 3.701351104664349378e+01 1.769180601295413169e+01 1.788854381999831844e+01 2.531797780234432693e+01 7.615773105863908654e+00 1.170469991071962568e+01 1.708800749063506075e+01 2.418677324489564739e+01
2.102379604162863913e+01 6.082762530298219339e+00 2.267156809750926882e+01 3.705401462729781059e+01 5.385164807134503739e+00 1.811077027627483460e+01 3.176476034853718033e+01 1.612451549659709826e+01 3.827531841800927737e+01 0.000000000000000000e+00 3.306055050963308162e+01 9.899494936611665352e+00 1.702938636592640265e+01 3.448187929913333249e+01 1.403566884761819900e+01 2.400000000000000000e+01 2.061552812808830382e+01 2.024845673131658685e+01 3.354101966249684352e+01 3.023243291566194912e+01 2.758622844826744469e+01 2.000000000000000000e+01
2.941088233970548416e+01 2.716615541441224835e+01 2.343074902771996193e+01 4.000000000000000000e+00 2.828427124746190202e+01 3.848376280978771291e+01 1.392838827718411920e+01 2.147091055358388800e+01 1.140175425099137918e+01 3.306055050963308162e+01 0.000000000000000000e+00 2.647640458974745314e+01 1.627882059609970611e+01 1.529705854077835525e+01 3.605551275463989214e+01 9.219544457292887074e+00 1.334166406412633421e+01 2.662705391138869615e+01 4.000000000000000000e+00 1.700000000000000000e+01 2.140093455903269515e+01 2.523885892824792521e+01
1.216552506059643868e+01 8.062257748298549132e+00 1.280624847486569706e+01 3.041381265149109936e+01 9.219544457292887074e+00 1.421267040355189515e+01 2.247220505424423109e+01 1.655294535724684835e+01 2.961418578992169515e+01 9.899494936611665352e+00 2.647640458974745314e+01 0.000000000000000000e+00 1.280624847486569706e+01 2.507987240796890660e+01 1.063014581273464998e+01 1.838477631085023489e+01 1.315294643796590535e+01 1.077032961426900748e+01 2.601922366251537611e+01 2.059126028197400160e+01 1.769180601295413169e+01 1.029563014098700080e+01
2.154065922853801496e+01 1.100000000000000000e+01 1.811077027627483460e+01 2.022374841615668473e+01 1.204159457879229578e+01 2.687005768508880621e+01 1.941648783894759944e+01 7.615773105863908654e+00 2.360084744241189370e+01 1.702938636592640265e+01 1.627882059609970611e+01 1.280624847486569706e+01 0.000000000000000000e+00 2.220360331117451835e+01 2.343074902771996193e+01 7.071067811865475505e+00 6.708203932499369415e+00 1.897366596101027625e+01 1.746424919657297892e+01 1.969771560359220786e+01 2.022374841615668473e+01 1.772004514666934938e+01
2.109502310972898798e+01 3.000000000000000000e+01 1.500000000000000000e+01 1.655294535724684835e+01 3.140063693621516450e+01 3.201562118716424266e+01 2.828427124746190291e+00 2.968164415931165934e+01 7.211102550927978250e+00 3.448187929913333249e+01 1.529705854077835525e+01 2.507987240796890660e+01 2.220360331117451835e+01 0.000000000000000000e+00 3.114482300479487265e+01 1.802775637731994607e+01 1.562049935181330795e+01 1.900000000000000000e+01 1.140175425099137918e+01 5.000000000000000000e+00 1.019803902718556898e+01 1.802775637731994607e+01
1.118033988749894903e+01 1.655294535724684835e+01 1.627882059609970611e+01 3.984971769034255118e+01 1.708800749063506075e+01 4.123105625617660586e+00 2.901723625709381693e+01 2.662705391138869615e+01 3.701351104664349378e+01 1.403566884761819900e+01 3.605551275463989214e+01 1.063014581273464998e+01 2.343074902771996193e+01 3.114482300479487265e+01 0.000000000000000000e+00 2.865309756378880479e+01 2.284731931759172596e+01 1.236931687685298087e+01 3.492849839314595783e+01 2.617250465660480074e+01 2.158703314492290204e+01 1.315294643796590535e+01
2.420743687382040932e+01 1.802775637731994607e+01 1.923538406167134340e+01 1.315294643796590535e+01 1.910497317454279909e+01 3.162277660168379256e+01 1.552417469626002422e+01 1.280624847486569706e+01 1.769180601295413169e+01 2.400000000000000000e+01 9.219544457292887074e+00 1.838477631085023489e+01 7.071067811865475505e+00 1.802775637731994607e+01 2.865309756378880479e+01 0.000000000000000000e+00 6.403124237432848531e+00 2.140093455903269515e+01 1.081665382639196871e+01 1.702938636592640265e+01 1.941648783894759944e+01 2.000000000000000000e+01
1.780449381476485726e+01 1.523154621172781731e+01 1.300000000000000000e+01 1.726267650163206824e+01 1.655294535724684835e+01 2.555386467836127551e+01 1.280624847486569706e+01 1.431782106327635340e+01 1.788854381999831844e+01 2.061552812808830382e+01 1.334166406412633421e+01 1.315294643796590535e+01 6.708203932499369415e+00 1.562049935181330795e+01 2.284731931759172596e+01 6.403124237432848531e+00 0.000000000000000000e+00 1.500000000000000000e+01 1.303840481040529831e+01 1.300000000000000000e+01 1.400000000000000000e+01 1.360147050873544394e+01
2.828427124746190291e+00 1.868154169226940553e+01 4.000000000000000000e+00 3.001666203960726875e+01 1.992485884517127559e+01 1.303840481040529831e+01 1.711724276862369010e+01 2.517935662402834396e+01 2.531797780234432693e+01 2.024845673131658685e+01 2.662705391138869615e+01 1.077032961426900748e+01 1.897366596101027625e+01 1.900000000000000000e+01 1.236931687685298087e+01 2.140093455903269515e+01 1.500000000000000000e+01 0.000000000000000000e+00 2.459674775249768786e+01 1.400000000000000000e+01 9.219544457292887074e+00 1.414213562373095145e+00
2.729468812791236232e+01 2.789265136196270589e+01 2.109502310972898798e+01 5.656854249492380582e+00 2.912043955712207222e+01 3.700000000000000000e+01 1.029563014098700080e+01 2.360084744241189370e+01 7.615773105863908654e+00 3.354101966249684352e+01 4.000000000000000000e+00 2.601922366251537611e+01 1.746424919657297892e+01 1.140175425099137918e+01 3.492849839314595783e+01 1.081665382639196871e+01 1.303840481040529831e+01 2.459674775249768786e+01 0.000000000000000000e+00 1.360147050873544394e+01 1.838477631085023489e+01 2.325940669922601600e+01
1.612451549659709826e+01 2.617250465660480074e+01 1.000000000000000000e+01 1.920937271229854559e+01 2.758622844826744469e+01 2.701851217221259205e+01 3.605551275463989125e+00 2.731300056749532601e+01 1.170469991071962568e+01 3.023243291566194912e+01 1.700000000000000000e+01 2.059126028197400160e+01 1.969771560359220786e+01 5.000000000000000000e+00 2.617250465660480074e+01 1.702938636592640265e+01 1.300000000000000000e+01 1.400000000000000000e+01 1.360147050873544394e+01 0.000000000000000000e+00 5.385164807134503739e+00 1.303840481040529831e+01
1.100000000000000000e+01 2.441311123146740414e+01 5.385164807134503739e+00 2.404163056034261459e+01 2.580697580112788003e+01 2.202271554554523902e+01 8.944271909999159220e+00 2.765863337187866122e+01 1.708800749063506075e+01 2.758622844826744469e+01 2.140093455903269515e+01 1.769180601295413169e+01 2.022374841615668473e+01 1.019803902718556898e+01 2.158703314492290204e+01 1.941648783894759944e+01 1.400000000000000000e+01 9.219544457292887074e+00 1.838477631085023489e+01 5.385164807134503739e+00 0.000000000000000000e+00 8.544003745317530374e+00
4.242640687119284770e+00 1.802775637731994607e+01 3.162277660168379523e+00 2.865309756378880479e+01 1.931320791582796659e+01 1.414213562373095101e+01 1.603121954188139853e+01 2.408318915758459156e+01 2.418677324489564739e+01 2.000000000000000000e+01 2.523885892824792521e+01 1.029563014098700080e+01 1.772004514666934938e+01 1.802775637731994607e+01 1.315294643796590535e+01 2.000000000000000000e+01 1.360147050873544394e+01 1.414213562373095145e+00 2.325940669922601600e+01 1.303840481040529831e+01 8.544003745317530374e+00 0.000000000000000000e+00
