0.000000000000000000e+00 1.513274595042155646e+01 1.992485884517127559e+01 2.716615541441224835e+01 5.830951894845300743e+00 2.915475947422650194e+01 9.486832980505138124e+00 2.729468812791236232e+01 2.193171219946130890e+01 2.517935662402834396e+01 1.019803902718556898e+01 2.830194339616981125e+01 2.692582403567251959e+01 1.236931687685298087e+01 2.823118842698620767e+01 4.000000000000000000e+00 1.902629759044044633e+01 7.211102550927978250e+00 2.308679276123039159e+01 2.402082429892862692e+01 3.138470965295043058e+01 1.104536101718726115e+01 2.433105012119287736e+01 2.600000000000000000e+01 1.118033988749894903e+01 1.769180601295413169e+01 1.802775637731994607e+01 2.200000000000000000e+01
1.513274595042155646e+01 0.000000000000000000e+00 5.656854249492380582e+00 3.080584360149872580e+01 1.236931687685298087e+01 1.500000000000000000e+01 1.931320791582796659e+01 2.731300056749532601e+01 1.897366596101027625e+01 1.004987562112088995e+01 5.000000000000000000e+00 1.581138830084189628e+01 1.280624847486569706e+01 3.162277660168379523e+00 2.433105012119287736e+01 1.615549442140351033e+01 4.123105625617660586e+00 1.081665382639196871e+01 8.000000000000000000e+00 2.720294101747088789e+01 1.843908891458577415e+01 4.123105625617660586e+00 1.081665382639196871e+01 2.830194339616981125e+01 1.923538406167134340e+01 1.140175425099137918e+01 2.262741699796952233e+01 7.280109889280518054e+00
1.992485884517127559e+01 5.656854249492380582e+00 0.000000000000000000e+00 3.041381265149109936e+01 1.603121954188139853e+01 9.433981132056603158e+00 2.220360331117451835e+01 2.580697580112788003e+01 1.720465053408525335e+01 6.708203932499369415e+00 9.848857801796103928e+00 1.029563014098700080e+01 7.211102550927978250e+00 7.615773105863908654e+00 2.154065922853801496e+01 2.147091055358388800e+01 5.000000000000000000e+00 1.640121946685672683e+01 5.656854249492380582e+00 2.690724809414741969e+01 1.280624847486569706e+01 9.433981132056603158e+00 1.118033988749894903e+01 2.758622844826744469e+01 2.158703314492290204e+01 9.899494936611665352e+00 2.332380757938120297e+01 6.708203932499369415e+00
2.716615541441224835e+01 3.080584360149872580e+01 3.041381265149109936e+01 0.000000000000000000e+00 2.280350850198275836e+01 3.400000000000000000e+01 1.800000000000000000e+01 7.000000000000000000e+00 1.389244398944980396e+01 3.687817782917154830e+01 2.817800560721074277e+01 2.954657340538831534e+01 3.275667870831839679e+01 2.830194339616981125e+01 1.403566884761819900e+01 3.114482300479487265e+01 3.405877273185280529e+01 3.228002478313794654e+01 3.606937759374286401e+01 3.605551275463989125e+00 3.195309061734091571e+01 2.952964612046680060e+01 4.110960958218893069e+01 3.162277660168379523e+00 1.603121954188139853e+01 2.051828452868319275e+01 9.219544457292887074e+00 3.679673898594819548e+01
5.830951894845300743e+00 1.236931687685298087e+01 1.603121954188139853e+01 2.280350850198275836e+01 0.000000000000000000e+00 2.473863375370596174e+01 7.211102550927978250e+00 2.202271554554523902e+01 1.615549442140351033e+01 2.209072203437452231e+01 7.615773105863908654e+00 2.325940669922601600e+01 2.256102834535695578e+01 9.219544457292887074e+00 2.247220505424423109e+01 9.486832980505138124e+00 1.649242250247064234e+01 9.486832980505138124e+00 2.022374841615668473e+01 1.941648783894759944e+01 2.640075756488817049e+01 8.944271909999159220e+00 2.284731931759172596e+01 2.121320343559642652e+01 7.810249675906653977e+00 1.204159457879229578e+01 1.360147050873544394e+01 1.964688270438849926e+01
2.915475947422650194e+01 1.500000000000000000e+01 9.433981132056603158e+00 3.400000000000000000e+01 2.473863375370596174e+01 0.000000000000000000e+00 3.006659275674581622e+01 2.801785145224380003e+01 2.012461179749810825e+01 8.246211251235321171e+00 1.923538406167134340e+01 5.000000000000000000e+00 2.236067977499789805e+00 1.700000000000000000e+01 2.193171219946130890e+01 3.088689042296100240e+01 1.280624847486569706e+01 2.580697580112788003e+01 9.848857801796103928e+00 3.087069808086626210e+01 5.000000000000000000e+00 1.886796226411320632e+01 1.529705854077835525e+01 3.088689042296100240e+01 2.900000000000000000e+01 1.513274595042155646e+01 2.886173937932362321e+01 1.208304597359457233e+01
9.486832980505138124e+00 1.931320791582796659e+01 2.220360331117451835e+01 1.800000000000000000e+01 7.211102550927978250e+00 3.006659275674581622e+01 0.000000000000000000e+00 1.931320791582796659e+01 1.627882059609970611e+01 2.863564212655270680e+01 1.476482306023340030e+01 2.765863337187866122e+01 2.801785145224380003e+01 1.615549442140351033e+01 2.202271554554523902e+01 1.334166406412633421e+01 2.340939982143925135e+01 1.581138830084189628e+01 2.692582403567251959e+01 1.513274595042155646e+01 3.080584360149872580e+01 1.612451549659709826e+01 2.996664812754339380e+01 1.726267650163206824e+01 2.236067977499789805e+00 1.552417469626002422e+01 9.219544457292887074e+00 2.657066051117284644e+01
2.729468812791236232e+01 2.731300056749532601e+01 2.580697580112788003e+01 7.000000000000000000e+00 2.202271554554523902e+01 2.801785145224380003e+01 1.931320791582796659e+01 0.000000000000000000e+00 8.602325267042626677e+00 3.189043743820394994e+01 2.570992026436488231e+01 2.332380757938120297e+01 2.701851217221259205e+01 2.529822128134703618e+01 7.071067811865475505e+00 3.125699921617556853e+01 3.001666203960726875e+01 3.106444913401813324e+01 3.140063693621516450e+01 5.830951894845300743e+00 2.549509756796392423e+01 2.692582403567251959e+01 3.689173349139343117e+01 4.123105625617660586e+00 1.708800749063506075e+01 1.612451549659709826e+01 1.029563014098700080e+01 3.244996147917590434e+01
2.193171219946130890e+01 1.897366596101027625e+01 1.720465053408525335e+01 1.389244398944980396e+01 1.615549442140351033e+01 2.012461179749810825e+01 1.627882059609970611e+01 8.602325267042626677e+00 0.000000000000000000e+00 2.334523505985750447e+01 1.802775637731994607e+01 1.581138830084189628e+01 1.886796226411320632e+01 1.726267650163206824e+01 6.324555320336759046e+00 2.563201123595259290e+01 2.147091055358388800e+01 2.418677324489564739e+01 2.280350850198275836e+01 1.077032961426900748e+01 1.843908891458577415e+01 1.910497317454279909e+01 2.830194339616981125e+01 1.081665382639196871e+01 1.421267040355189515e+01 7.615773105863908654e+00 1.019803902718556898e+01 2.385372088375312671e+01
2.517935662402834396e+01 1.004987562112088995e+01 6.708203932499369415e+00 3.687817782917154830e+01 2.209072203437452231e+01 8.246211251235321171e+00 2.863564212655270680e+01 3.189043743820394994e+01 2.334523505985750447e+01 0.000000000000000000e+00 1.503329637837290811e+01 1.204159457879229578e+01 7.000000000000000000e+00 1.300000000000000000e+01 2.692582403567251959e+01 2.596150997149434048e+01 6.324555320336759046e+00 2.024845673131658685e+01 2.236067977499789805e+00 3.342154993413680586e+01 1.315294643796590535e+01 1.414213562373095101e+01 7.071067811865475505e+00 3.397057550292606010e+01 2.816025568065744622e+01 1.640121946685672683e+01 3.001666203960726875e+01 4.242640687119284770e+00
1.019803902718556898e+01 5.000000000000000000e+00 9.848857801796103928e+00 2.817800560721074277e+01 7.615773105863908654e+00 1.923538406167134340e+01 1.476482306023340030e+01 2.570992026436488231e+01 1.802775637731994607e+01 1.503329637837290811e+01 0.000000000000000000e+00 1.910497317454279909e+01 1.700000000000000000e+01 2.236067977499789805e+00 2.402082429892862692e+01 1.166190378969060149e+01 9.055385138137417300e+00 7.211102550927978250e+00 1.300000000000000000e+01 2.459674775249768786e+01 2.202271554554523902e+01 1.414213562373095145e+00 1.523154621172781731e+01 2.600000000000000000e+01 1.500000000000000000e+01 1.118033988749894903e+01 1.941648783894759944e+01 1.216552506059643868e+01
2.830194339616981125e+01 1.581138830084189628e+01 1.029563014098700080e+01 2.954657340538831534e+01 2.325940669922601600e+01 5.000000000000000000e+00 2.765863337187866122e+01 2.332380757938120297e+01 1.581138830084189628e+01 1.204159457879229578e+01 1.910497317454279909e+01 0.000000000000000000e+00 5.099019513592784492e+00 1.697056274847713908e+01 1.702938636592640265e+01 3.061045573002793319e+01 1.486606874731850603e+01 2.617250465660480074e+01 1.303840481040529831e+01 2.657066051117284644e+01 3.162277660168379523e+00 1.910497317454279909e+01 1.900000000000000000e+01 2.640075756488817049e+01 2.630589287593181069e+01 1.216552506059643868e+01 2.517935662402834396e+01 1.513274595042155646e+01
2.692582403567251959e+01 1.280624847486569706e+01 7.211102550927978250e+00 3.275667870831839679e+01 2.256102834535695578e+01 2.236067977499789805e+00 2.801785145224380003e+01 2.701851217221259205e+01 1.886796226411320632e+01 7.000000000000000000e+00 1.700000000000000000e+01 5.099019513592784492e+00 0.000000000000000000e+00 1.476482306023340030e+01 2.126029162546929996e+01 2.865309756378880479e+01 1.081665382639196871e+01 2.360084744241189370e+01 8.246211251235321171e+00 2.952964612046680060e+01 6.324555320336759046e+00 1.664331697709323876e+01 1.403566884761819900e+01 2.968164415931165934e+01 2.701851217221259205e+01 1.334166406412633421e+01 2.720294101747088789e+01 1.044030650891055068e+01
1.236931687685298087e+01 3.162277660168379523e+00 7.615773105863908654e+00 2.830194339616981125e+01 9.219544457292887074e+00 1.700000000000000000e+01 1.615549442140351033e+01 2.529822128134703618e+01 1.726267650163206824e+01 1.300000000000000000e+01 2.236067977499789805e+00 1.697056274847713908e+01 1.476482306023340030e+01 0.000000000000000000e+00 2.302172886644267535e+01 1.389244398944980396e+01 7.280109889280518054e+00 9.219544457292887074e+00 1.104536101718726115e+01 2.469817807045693669e+01 1.984943324127920761e+01 2.236067977499789805e+00 1.389244398944980396e+01 2.594224354214569317e+01 1.612451549659709826e+01 1.000000000000000000e+01 1.984943324127920761e+01 1.044030650891055068e+01
2.823118842698620767e+01 2.433105012119287736e+01 2.154065922853801496e+01 1.403566884761819900e+01 2.247220505424423109e+01 2.193171219946130890e+01 2.202271554554523902e+01 7.071067811865475505e+00 6.324555320336759046e+00 2.692582403567251959e+01 2.402082429892862692e+01 1.702938636592640265e+01 2.126029162546929996e+01 2.302172886644267535e+01 0.000000000000000000e+00 3.195309061734091571e+01 2.624880949681337583e+01 3.041381265149109936e+01 2.683281572999747766e+01 1.216552506059643868e+01 1.886796226411320632e+01 2.500000000000000000e+01 3.269556544854363267e+01 1.100000000000000000e+01 1.984943324127920761e+01 1.303840481040529831e+01 1.442220510185595650e+01 2.823118842698620767e+01
4.000000000000000000e+00 1.615549442140351033e+01 2.147091055358388800e+01 3.114482300479487265e+01 9.486832980505138124e+00 3.088689042296100240e+01 1.334166406412633421e+01 3.125699921617556853e+01 2.563201123595259290e+01 2.596150997149434048e+01 1.166190378969060149e+01 3.061045573002793319e+01 2.865309756378880479e+01 1.389244398944980396e+01 3.195309061734091571e+01 0.000000000000000000e+00 1.964688270438849926e+01 6.000000000000000000e+00 2.376972864800942631e+01 2.801785145224380003e+01 3.360059523282288296e+01 1.208304597359457233e+01 2.400000000000000000e+01 3.000000000000000000e+01 1.513274595042155646e+01 2.080865204668481283e+01 2.202271554554523902e+01 2.236067977499789805e+01
1.902629759044044633e+01 4.123105625617660586e+00 5.000000000000000000e+00 3.405877273185280529e+01 1.649242250247064234e+01 1.280624847486569706e+01 2.340939982143925135e+01 3.001666203960726875e+01 2.147091055358388800e+01 6.324555320336759046e+00 9.055385138137417300e+00 1.486606874731850603e+01 1.081665382639196871e+01 7.280109889280518054e+00 2.624880949681337583e+01 1.964688270438849926e+01 0.000000000000000000e+00 1.392838827718411920e+01 4.123105625617660586e+00 3.047950130825634218e+01 1.700000000000000000e+01 8.000000000000000000e+00 7.071067811865475505e+00 3.140063693621516450e+01 2.325940669922601600e+01 1.389244398944980396e+01 2.624880949681337583e+01 3.162277660168379523e+00
7.211102550927978250e+00 1.081665382639196871e+01 1.640121946685672683e+01 3.228002478313794654e+01 9.486832980505138124e+00 2.580697580112788003e+01 1.581138830084189628e+01 3.106444913401813324e+01 2.418677324489564739e+01 2.024845673131658685e+01 7.211102550927978250e+00 2.617250465660480074e+01 2.360084744241189370e+01 9.219544457292887074e+00 3.041381265149109936e+01 6.000000000000000000e+00 1.392838827718411920e+01 0.000000000000000000e+00 1.802775637731994607e+01 2.886173937932362321e+01 2.900000000000000000e+01 7.071067811865475505e+00 1.800000000000000000e+01 3.059411708155671050e+01 1.700000000000000000e+01 1.802775637731994607e+01 2.308679276123039159e+01 1.649242250247064234e+01
2.308679276123039159e+01 8.000000000000000000e+00 5.656854249492380582e+00 3.606937759374286401e+01 2.022374841615668473e+01 9.848857801796103928e+00 2.692582403567251959e+01 3.140063693621516450e+01 2.280350850198275836e+01 2.236067977499789805e+00 1.300000000000000000e+01 1.303840481040529831e+01 8.246211251235321171e+00 1.104536101718726115e+01 2.683281572999747766e+01 2.376972864800942631e+01 4.123105625617660586e+00 1.802775637731994607e+01 0.000000000000000000e+00 3.255764119219941222e+01 1.456021977856103611e+01 1.204159457879229578e+01 6.082762530298219339e+00 3.324154027718932269e+01 2.657066051117284644e+01 1.555634918610404505e+01 2.884441020371191300e+01 2.236067977499789805e+00
2.402082429892862692e+01 2.720294101747088789e+01 2.690724809414741969e+01 3.605551275463989125e+00 1.941648783894759944e+01 3.087069808086626210e+01 1.513274595042155646e+01 5.830951894845300743e+00 1.077032961426900748e+01 3.342154993413680586e+01 2.459674775249768786e+01 2.657066051117284644e+01 2.952964612046680060e+01 2.469817807045693669e+01 1.216552506059643868e+01 2.801785145224380003e+01 3.047950130825634218e+01 2.886173937932362321e+01 3.255764119219941222e+01 0.000000000000000000e+00 2.912043955712207222e+01 2.594224354214569317e+01 3.753664875824691904e+01 2.236067977499789805e+00 1.303840481040529831e+01 1.702938636592640265e+01 6.000000000000000000e+00 3.324154027718932269e+01
3.138470965295043058e+01 1.843908891458577415e+01 1.280624847486569706e+01 3.195309061734091571e+01 2.640075756488817049e+01 5.000000000000000000e+00 3.080584360149872580e+01 2.549509756796392423e+01 1.843908891458577415e+01 1.315294643796590535e+01 2.202271554554523902e+01 3.162277660168379523e+00 6.324555320336759046e+00 1.984943324127920761e+01 1.886796226411320632e+01 3.360059523282288296e+01 1.700000000000000000e+01 2.900000000000000000e+01 1.456021977856103611e+01 2.912043955712207222e+01 0.000000000000000000e+00 2.193171219946130890e+01 2.022374841615668473e+01 2.879236009777593708e+01 2.942787793912432193e+01 1.529705854077835525e+01 2.807133769523639799e+01 1.676305461424021104e+01
1.104536101718726115e+01 4.123105625617660586e+00 9.433981132056603158e+00 2.952964612046680060e+01 8.944271909999159220e+00 1.886796226411320632e+01 1.612451549659709826e+01 2.692582403567251959e+01 1.910497317454279909e+01 1.414213562373095101e+01 1.414213562373095145e+00 1.910497317454279909e+01 1.664331697709323876e+01 2.236067977499789805e+00 2.500000000000000000e+01 1.208304597359457233e+01 8.000000000000000000e+00 7.071067811865475505e+00 1.204159457879229578e+01 2.594224354214569317e+01 2.193171219946130890e+01 0.000000000000000000e+00 1.392838827718411920e+01 2.731300056749532601e+01 1.640121946685672683e+01 1.204159457879229578e+01 2.080865204668481283e+01 1.104536101718726115e+01
2.433105012119287736e+01 1.081665382639196871e+01 1.118033988749894903e+01 4.110960958218893069e+01 2.284731931759172596e+01 1.529705854077835525e+01 2.996664812754339380e+01 3.689173349139343117e+01 2.830194339616981125e+01 7.071067811865475505e+00 1.523154621172781731e+01 1.900000000000000000e+01 1.403566884761819900e+01 1.389244398944980396e+01 3.269556544854363267e+01 2.400000000000000000e+01 7.071067811865475505e+00 1.800000000000000000e+01 6.082762530298219339e+00 3.753664875824691904e+01 2.022374841615668473e+01 1.392838827718411920e+01 0.000000000000000000e+00 3.841874542459709119e+01 3.001666203960726875e+01 2.080865204668481283e+01 3.330165161069342616e+01 4.472135954999579610e+00
2.600000000000000000e+01 2.830194339616981125e+01 2.758622844826744469e+01 3.162277660168379523e+00 2.121320343559642652e+01 3.088689042296100240e+01 1.726267650163206824e+01 4.123105625617660586e+00 1.081665382639196871e+01 3.397057550292606010e+01 2.600000000000000000e+01 2.640075756488817049e+01 2.968164415931165934e+01 2.594224354214569317e+01 1.100000000000000000e+01 3.000000000000000000e+01 3.140063693621516450e+01 3.059411708155671050e+01 3.324154027718932269e+01 2.236067977499789805e+00 2.879236009777593708e+01 2.731300056749532601e+01 3.841874542459709119e+01 0.000000000000000000e+00 1.513274595042155646e+01 1.769180601295413169e+01 8.062257748298549132e+00 3.405877273185280529e+01
1.118033988749894903e+01 1.923538406167134340e+01 2.158703314492290204e+01 1.603121954188139853e+01 7.810249675906653977e+00 2.900000000000000000e+01 2.236067977499789805e+00 1.708800749063506075e+01 1.421267040355189515e+01 2.816025568065744622e+01 1.500000000000000000e+01 2.630589287593181069e+01 2.701851217221259205e+01 1.612451549659709826e+01 1.984943324127920761e+01 1.513274595042155646e+01 2.325940669922601600e+01 1.700000000000000000e+01 2.657066051117284644e+01 1.303840481040529831e+01 2.942787793912432193e+01 1.640121946685672683e+01 3.001666203960726875e+01 1.513274595042155646e+01 0.000000000000000000e+00 1.414213562373095101e+01 7.071067811865475505e+00 2.640075756488817049e+01
1.769180601295413169e+01 1.140175425099137918e+01 9.899494936611665352e+00 2.051828452868319275e+01 1.204159457879229578e+01 1.513274595042155646e+01 1.552417469626002422e+01 1.612451549659709826e+01 7.615773105863908654e+00 1.640121946685672683e+01 1.118033988749894903e+01 1.216552506059643868e+01 1.334166406412633421e+01 1.000000000000000000e+01 1.303840481040529831e+01 2.080865204668481283e+01 1.389244398944980396e+01 1.802775637731994607e+01 1.555634918610404505e+01 1.702938636592640265e+01 1.529705854077835525e+01 1.204159457879229578e+01 2.080865204668481283e+01 1.769180601295413169e+01 1.414213562373095101e+01 0.000000000000000000e+00 1.392838827718411920e+01 1.640121946685672683e+01
1.802775637731994607e+01 2.262741699796952233e+01 2.332380757938120297e+01 9.219544457292887074e+00 1.360147050873544394e+01 2.886173937932362321e+01 9.219544457292887074e+00 1.029563014098700080e+01 1.019803902718556898e+01 3.001666203960726875e+01 1.941648783894759944e+01 2.517935662402834396e+01 2.720294101747088789e+01 1.984943324127920761e+01 1.442220510185595650e+01 2.202271554554523902e+01 2.624880949681337583e+01 2.308679276123039159e+01 2.884441020371191300e+01 6.000000000000000000e+00 2.807133769523639799e+01 2.080865204668481283e+01 3.330165161069342616e+01 8.062257748298549132e+00 7.071067811865475505e+00 1.392838827718411920e+01 0.000000000000000000e+00 2.920616373302046753e+01
2.200000000000000000e+01 7.280109889280518054e+00 6.708203932499369415e+00 3.679673898594819548e+01 1.964688270438849926e+01 1.208304597359457233e+01 2.657066051117284644e+01 3.244996147917590434e+01 2.385372088375312671e+01 4.242640687119284770e+00 1.216552506059643868e+01 1.513274595042155646e+01 1.044030650891055068e+01 1.044030650891055068e+01 2.823118842698620767e+01 2.236067977499789805e+01 3.162277660168379523e+00 1.649242250247064234e+01 2.236067977499789805e+00 3.324154027718932269e+01 1.676305461424021104e+01 1.104536101718726115e+01 4.472135954999579610e+00 3.405877273185280529e+01 2.640075756488817049e+01 1.640121946685672683e+01 2.920616373302046753e+01 0.000000000000000000e+00
