0.000000000000000000e+00 1.392838827718411920e+01 1.941648783894759944e+01 2.707397274136176790e+01 1.456021977856103611e+01 2.884441020371191300e+01 2.332380757938120297e+01 8.944271909999159220e+00 3.361547262794321966e+01 2.657066051117284644e+01 1.788854381999831844e+01 2.416609194718914466e+01 3.612478373637688378e+01 3.962322551231790158e+01 2.236067977499789805e+01 1.788854381999831844e+01 2.789265136196270589e+01 6.000000000000000000e+00 8.944271909999159220e+00 2.332380757938120297e+01 1.400000000000000000e+01 8.246211251235321171e+00 2.927456233660889495e+01 2.973213749463701205e+01 1.029563014098700080e+01
1.392838827718411920e+01 0.000000000000000000e+00 6.708203932499369415e+00 2.459674775249768786e+01 2.701851217221259205e+01 1.923538406167134340e+01 3.712142238654116966e+01 1.581138830084189628e+01 4.753945729601885262e+01 2.039607805437113797e+01 1.208304597359457233e+01 3.807886552931954327e+01 4.428317965096906050e+01 4.741307836451878899e+01 2.745906043549196340e+01 2.915475947422650194e+01 4.176122603564220270e+01 1.303840481040529831e+01 5.099019513592784492e+00 3.373425558686599857e+01 1.581138830084189628e+01 2.213594362117865444e+01 4.295346318982905842e+01 4.130375285612676350e+01 1.843908891458577415e+01
1.941648783894759944e+01 6.708203932499369415e+00 0.000000000000000000e+00 2.126029162546929996e+01 3.080584360149872580e+01 1.300000000000000000e+01 4.272001872658765365e+01 2.247220505424423109e+01 5.277309920783504538e+01 1.565247584249852864e+01 9.433981132056603158e+00 4.341658669218482203e+01 4.492215489043240240e+01 4.775981574503821037e+01 2.751363298439520833e+01 3.214031735997639316e+01 4.661544808322666000e+01 1.676305461424021104e+01 1.063014581273464998e+01 3.601388621073821383e+01 1.627882059609970611e+01 2.729468812791236232e+01 4.743416490252568707e+01 4.401136216933077350e+01 2.109502310972898798e+01
2.707397274136176790e+01 2.459674775249768786e+01 2.126029162546929996e+01 0.000000000000000000e+00 2.801785145224380003e+01 1.431782106327635340e+01 4.477722635447621968e+01 3.505709628591620941e+01 5.185556864985669279e+01 7.280109889280518054e+00 1.252996408614166768e+01 4.410215414239988974e+01 2.915475947422650194e+01 3.100000000000000000e+01 1.389244398944980396e+01 2.617250465660480074e+01 4.468780594300866227e+01 2.109502310972898798e+01 2.376972864800942631e+01 2.662705391138869615e+01 1.315294643796590535e+01 3.067572330035593353e+01 4.384062043356594529e+01 3.448187929913333249e+01 1.931320791582796659e+01
1.456021977856103611e+01 2.701851217221259205e+01 3.080584360149872580e+01 2.801785145224380003e+01 0.000000000000000000e+00 3.605551275463989214e+01 1.708800749063506075e+01 2.163330765278393741e+01 2.404163056034261459e+01 3.114482300479487265e+01 2.505992817228333536e+01 1.612451549659709826e+01 2.385372088375312671e+01 2.745906043549196340e+01 1.649242250247064234e+01 4.472135954999579610e+00 1.702938636592640265e+01 1.414213562373095101e+01 2.200000000000000000e+01 1.000000000000000000e+01 1.720465053408525335e+01 8.485281374238569541e+00 1.700000000000000000e+01 1.523154621172781731e+01 1.029563014098700080e+01
2.884441020371191300e+01 1.923538406167134340e+01 1.300000000000000000e+01 1.431782106327635340e+01 3.605551275463989214e+01 0.000000000000000000e+00 5.091168824543142080e+01 3.417601498127012150e+01 5.981638571495272316e+01 7.071067811865475505e+00 1.131370849898476116e+01 5.099019513592784847e+01 4.300000000000000000e+01 4.509988913511872255e+01 2.630589287593181069e+01 3.577708763999663688e+01 5.300943312279428454e+01 2.408318915758459156e+01 2.154065922853801496e+01 3.794733192202055250e+01 1.886796226411320632e+01 3.538361202590826338e+01 5.300000000000000000e+01 4.617358552246078318e+01 2.580697580112788003e+01
2.332380757938120297e+01 3.712142238654116966e+01 4.272001872658765365e+01 4.477722635447621968e+01 1.708800749063506075e+01 5.091168824543142080e+01 0.000000000000000000e+00 2.433105012119287736e+01 1.104536101718726115e+01 4.701063709417263681e+01 3.959797974644666141e+01 2.828427124746190291e+00 3.667424164178449786e+01 4.002499219237900263e+01 3.352610922848042208e+01 2.039607805437113797e+01 8.602325267042626677e+00 2.690724809414741969e+01 3.224903099319419653e+01 2.400000000000000000e+01 3.280243893371345365e+01 1.562049935181330795e+01 1.204159457879229578e+01 2.340939982143925135e+01 2.580697580112788003e+01
8.944271909999159220e+00 1.581138830084189628e+01 2.247220505424423109e+01 3.505709628591620941e+01 2.163330765278393741e+01 3.417601498127012150e+01 2.433105012119287736e+01 0.000000000000000000e+00 3.535533905932737753e+01 3.337663853655727308e+01 2.433105012119287736e+01 2.607680962081059661e+01 4.455333881989092504e+01 4.810405388322277531e+01 3.130495168499705727e+01 2.561249694973139412e+01 3.101612483854164637e+01 1.456021977856103611e+01 1.264911064067351809e+01 3.124099870362661591e+01 2.236067977499789805e+01 1.341640786499873883e+01 3.324154027718932269e+01 3.671511950137163893e+01 1.923538406167134340e+01
3.361547262794321966e+01 4.753945729601885262e+01 5.277309920783504538e+01 5.185556864985669279e+01 2.404163056034261459e+01 5.981638571495272316e+01 1.104536101718726115e+01 3.535533905932737753e+01 0.000000000000000000e+00 5.517245689653488938e+01 4.860041152089146976e+01 9.486832980505138124e+00 3.721558813185679071e+01 4.004996878900157498e+01 3.911521443121588959e+01 2.580697580112788003e+01 7.211102550927978250e+00 3.635931792539568619e+01 4.254409477236529824e+01 2.731300056749532601e+01 4.110960958218893069e+01 2.549509756796392423e+01 9.219544457292887074e+00 2.319482700948640286e+01 3.405877273185280529e+01
2.657066051117284644e+01 2.039607805437113797e+01 1.565247584249852864e+01 7.280109889280518054e+00 3.114482300479487265e+01 7.071067811865475505e+00 4.701063709417263681e+01 3.337663853655727308e+01 5.517245689653488938e+01 0.000000000000000000e+00 9.055385138137417300e+00 4.675467891024383960e+01 3.601388621073821383e+01 3.805259518088089266e+01 1.964688270438849926e+01 3.023243291566194912e+01 4.816637831516918311e+01 2.102379604162863913e+01 2.102379604162863913e+01 3.178049716414140846e+01 1.421267040355189515e+01 3.190611226708763226e+01 4.780167361086847677e+01 3.992492955535426091e+01 2.126029162546929996e+01
1.788854381999831844e+01 1.208304597359457233e+01 9.433981132056603158e+00 1.252996408614166768e+01 2.505992817228333536e+01 1.131370849898476116e+01 3.959797974644666141e+01 2.433105012119287736e+01 4.860041152089146976e+01 9.055385138137417300e+00 0.000000000000000000e+00 3.969886648255841521e+01 3.590264614203248072e+01 3.860051813123756403e+01 1.843908891458577415e+01 2.529822128134703618e+01 4.188078318274384770e+01 1.280624847486569706e+01 1.200000000000000000e+01 2.828427124746190202e+01 8.246211251235321171e+00 2.408318915758459156e+01 4.205948168962618183e+01 3.649657518178931781e+01 1.476482306023340030e+01
2.416609194718914466e+01 3.807886552931954327e+01 4.341658669218482203e+01 4.410215414239988974e+01 1.612451549659709826e+01 5.099019513592784847e+01 2.828427124746190291e+00 2.607680962081059661e+01 9.486832980505138124e+00 4.675467891024383960e+01 3.969886648255841521e+01 0.000000000000000000e+00 3.436568055487916240e+01 3.765634076752546378e+01 3.231098884280702066e+01 1.897366596101027625e+01 5.830951894845300743e+00 2.720294101747088789e+01 3.310589071449369669e+01 2.209072203437452231e+01 3.255764119219941222e+01 1.612451549659709826e+01 9.219544457292887074e+00 2.088061301782110135e+01 2.549509756796392423e+01
3.612478373637688378e+01 4.428317965096906050e+01 4.492215489043240240e+01 2.915475947422650194e+01 2.385372088375312671e+01 4.300000000000000000e+01 3.667424164178449786e+01 4.455333881989092504e+01 3.721558813185679071e+01 3.601388621073821383e+01 3.590264614203248072e+01 3.436568055487916240e+01 0.000000000000000000e+00 3.605551275463989125e+00 1.746424919657297892e+01 1.941648783894759944e+01 3.100000000000000000e+01 3.244996147917590434e+01 4.031128874149274566e+01 1.389244398944980396e+01 2.879236009777593708e+01 3.220248437620923454e+01 2.807133769523639799e+01 1.403566884761819900e+01 2.662705391138869615e+01
3.962322551231790158e+01 4.741307836451878899e+01 4.775981574503821037e+01 3.100000000000000000e+01 2.745906043549196340e+01 4.509988913511872255e+01 4.002499219237900263e+01 4.810405388322277531e+01 4.004996878900157498e+01 3.805259518088089266e+01 3.860051813123756403e+01 3.765634076752546378e+01 3.605551275463989125e+00 0.000000000000000000e+00 2.024845673131658685e+01 2.302172886644267535e+01 3.405877273185280529e+01 3.580502757993631491e+01 4.356604182158393002e+01 1.749285568453590045e+01 3.178049716414140846e+01 3.580502757993631491e+01 3.100000000000000000e+01 1.702938636592640265e+01 3.000000000000000000e+01
2.236067977499789805e+01 2.745906043549196340e+01 2.751363298439520833e+01 1.389244398944980396e+01 1.649242250247064234e+01 2.630589287593181069e+01 3.352610922848042208e+01 3.130495168499705727e+01 3.911521443121588959e+01 1.964688270438849926e+01 1.843908891458577415e+01 3.231098884280702066e+01 1.746424919657297892e+01 2.024845673131658685e+01 0.000000000000000000e+00 1.341640786499873883e+01 3.190611226708763226e+01 1.720465053408525335e+01 2.408318915758459156e+01 1.280624847486569706e+01 1.166190378969060149e+01 2.209072203437452231e+01 3.061045573002793319e+01 2.059126028197400160e+01 1.208304597359457233e+01
1.788854381999831844e+01 2.915475947422650194e+01 3.214031735997639316e+01 2.617250465660480074e+01 4.472135954999579610e+00 3.577708763999663688e+01 2.039607805437113797e+01 2.561249694973139412e+01 2.580697580112788003e+01 3.023243291566194912e+01 2.529822128134703618e+01 1.897366596101027625e+01 1.941648783894759944e+01 2.302172886644267535e+01 1.341640786499873883e+01 0.000000000000000000e+00 1.860107523773827509e+01 1.612451549659709826e+01 2.433105012119287736e+01 5.656854249492380582e+00 1.708800749063506075e+01 1.280624847486569706e+01 1.769180601295413169e+01 1.216552506059643868e+01 1.104536101718726115e+01
2.789265136196270589e+01 4.176122603564220270e+01 4.661544808322666000e+01 4.468780594300866227e+01 1.702938636592640265e+01 5.300943312279428454e+01 8.602325267042626677e+00 3.101612483854164637e+01 7.211102550927978250e+00 4.816637831516918311e+01 4.188078318274384770e+01 5.830951894845300743e+00 3.100000000000000000e+01 3.405877273185280529e+01 3.190611226708763226e+01 1.860107523773827509e+01 0.000000000000000000e+00 2.996664812754339380e+01 3.668787265568828104e+01 2.024845673131658685e+01 3.420526275297414287e+01 1.964688270438849926e+01 3.605551275463989125e+00 1.702938636592640265e+01 2.720294101747088789e+01
6.000000000000000000e+00 1.303840481040529831e+01 1.676305461424021104e+01 2.109502310972898798e+01 1.414213562373095101e+01 2.408318915758459156e+01 2.690724809414741969e+01 1.456021977856103611e+01 3.635931792539568619e+01 2.102379604162863913e+01 1.280624847486569706e+01 2.720294101747088789e+01 3.244996147917590434e+01 3.580502757993631491e+01 1.720465053408525335e+01 1.612451549659709826e+01 2.996664812754339380e+01 0.000000000000000000e+00 8.246211251235321171e+00 2.088061301782110135e+01 8.000000000000000000e+00 1.131370849898476116e+01 3.067572330035593353e+01 2.828427124746190202e+01 5.830951894845300743e+00
8.944271909999159220e+00 5.099019513592784492e+00 1.063014581273464998e+01 2.376972864800942631e+01 2.200000000000000000e+01 2.154065922853801496e+01 3.224903099319419653e+01 1.264911064067351809e+01 4.254409477236529824e+01 2.102379604162863913e+01 1.200000000000000000e+01 3.310589071449369669e+01 4.031128874149274566e+01 4.356604182158393002e+01 2.408318915758459156e+01 2.433105012119287736e+01 3.668787265568828104e+01 8.246211251235321171e+00 0.000000000000000000e+00 2.912043955712207222e+01 1.280624847486569706e+01 1.708800749063506075e+01 3.785498646149540036e+01 3.649657518178931781e+01 1.392838827718411920e+01
2.332380757938120297e+01 3.373425558686599857e+01 3.601388621073821383e+01 2.662705391138869615e+01 1.000000000000000000e+01 3.794733192202055250e+01 2.400000000000000000e+01 3.124099870362661591e+01 2.731300056749532601e+01 3.178049716414140846e+01 2.828427124746190202e+01 2.209072203437452231e+01 1.389244398944980396e+01 1.749285568453590045e+01 1.280624847486569706e+01 5.656854249492380582e+00 2.024845673131658685e+01 2.088061301782110135e+01 2.912043955712207222e+01 0.000000000000000000e+00 2.009975124224177989e+01 1.843908891458577415e+01 1.835755975068581947e+01 8.246211251235321171e+00 1.529705854077835525e+01
1.400000000000000000e+01 1.581138830084189628e+01 1.627882059609970611e+01 1.315294643796590535e+01 1.720465053408525335e+01 1.886796226411320632e+01 3.280243893371345365e+01 2.236067977499789805e+01 4.110960958218893069e+01 1.421267040355189515e+01 8.246211251235321171e+00 3.255764119219941222e+01 2.879236009777593708e+01 3.178049716414140846e+01 1.166190378969060149e+01 1.708800749063506075e+01 3.420526275297414287e+01 8.000000000000000000e+00 1.280624847486569706e+01 2.009975124224177989e+01 0.000000000000000000e+00 1.788854381999831844e+01 3.413209633175202384e+01 2.828427124746190202e+01 7.071067811865475505e+00
8.246211251235321171e+00 2.213594362117865444e+01 2.729468812791236232e+01 3.067572330035593353e+01 8.485281374238569541e+00 3.538361202590826338e+01 1.562049935181330795e+01 1.341640786499873883e+01 2.549509756796392423e+01 3.190611226708763226e+01 2.408318915758459156e+01 1.612451549659709826e+01 3.220248437620923454e+01 3.580502757993631491e+01 2.209072203437452231e+01 1.280624847486569706e+01 1.964688270438849926e+01 1.131370849898476116e+01 1.708800749063506075e+01 1.843908891458577415e+01 1.788854381999831844e+01 0.000000000000000000e+00 2.109502310972898798e+01 2.332380757938120297e+01 1.140175425099137918e+01
2.927456233660889495e+01 4.295346318982905842e+01 4.743416490252568707e+01 4.384062043356594529e+01 1.700000000000000000e+01 5.300000000000000000e+01 1.204159457879229578e+01 3.324154027718932269e+01 9.219544457292887074e+00 4.780167361086847677e+01 4.205948168962618183e+01 9.219544457292887074e+00 2.807133769523639799e+01 3.100000000000000000e+01 3.061045573002793319e+01 1.769180601295413169e+01 3.605551275463989125e+00 3.067572330035593353e+01 3.785498646149540036e+01 1.835755975068581947e+01 3.413209633175202384e+01 2.109502310972898798e+01 0.000000000000000000e+00 1.403566884761819900e+01 2.729468812791236232e+01
2.973213749463701205e+01 4.130375285612676350e+01 4.401136216933077350e+01 3.448187929913333249e+01 1.523154621172781731e+01 4.617358552246078318e+01 2.340939982143925135e+01 3.671511950137163893e+01 2.319482700948640286e+01 3.992492955535426091e+01 3.649657518178931781e+01 2.088061301782110135e+01 1.403566884761819900e+01 1.702938636592640265e+01 2.059126028197400160e+01 1.216552506059643868e+01 1.702938636592640265e+01 2.828427124746190202e+01 3.649657518178931781e+01 8.246211251235321171e+00 2.828427124746190202e+01 2.332380757938120297e+01 1.403566884761819900e+01 0.000000000000000000e+00 2.302172886644267535e+01
1.029563014098700080e+01 1.843908891458577415e+01 2.109502310972898798e+01 1.931320791582796659e+01 1.029563014098700080e+01 2.580697580112788003e+01 2.580697580112788003e+01 1.923538406167134340e+01 3.405877273185280529e+01 2.126029162546929996e+01 1.476482306023340030e+01 2.549509756796392423e+01 2.662705391138869615e+01 3.000000000000000000e+01 1.208304597359457233e+01 1.104536101718726115e+01 2.720294101747088789e+01 5.830951894845300743e+00 1.392838827718411920e+01 1.529705854077835525e+01 7.071067811865475505e+00 1.140175425099137918e+01 2.729468812791236232e+01 2.302172886644267535e+01 0.000000000000000000e+00
