0.000000000000000000e+00 1.272792206135785520e+01 7.211102550927978250e+00 2.088061301782110135e+01 2.051828452868319275e+01 2.039607805437113797e+01 1.627882059609970611e+01 1.442220510185595650e+01 9.486832980505138124e+00 2.360084744241189370e+01 1.140175425099137918e+01 1.300000000000000000e+01 1.529705854077835525e+01 1.000000000000000000e+01 1.360147050873544394e+01 1.486606874731850603e+01 6.403124237432848531e+00 1.552417469626002422e+01 1.835755975068581947e+01 2.109502310972898798e+01 2.523885892824792521e+01 1.897366596101027625e+01 1.345362404707370985e+01 1.220655561573370207e+01 2.024845673131658685e+01
1.272792206135785520e+01 0.000000000000000000e+00 5.830951894845300743e+00 3.264965543462901820e+01 2.451530134426252516e+01 2.942787793912432193e+01 3.605551275463989125e+00 2.102379604162863913e+01 6.000000000000000000e+00 3.623534186398687496e+01 6.324555320336759046e+00 2.523885892824792521e+01 2.683281572999747766e+01 9.055385138137417300e+00 2.555386467836127551e+01 6.403124237432848531e+00 1.360147050873544394e+01 2.729468812791236232e+01 7.000000000000000000e+00 3.360059523282288296e+01 2.594224354214569317e+01 2.716615541441224835e+01 1.802775637731994607e+01 2.236067977499789805e+00 2.807133769523639799e+01
7.211102550927978250e+00 5.830951894845300743e+00 0.000000000000000000e+00 2.785677655436823841e+01 2.325940669922601600e+01 2.600000000000000000e+01 9.433981132056603158e+00 1.612451549659709826e+01 3.162277660168379523e+00 3.080584360149872580e+01 5.099019513592784492e+00 2.012461179749810825e+01 2.102379604162863913e+01 5.656854249492380582e+00 2.061552812808830382e+01 1.004987562112088995e+01 8.062257748298549132e+00 2.247220505424423109e+01 1.118033988749894903e+01 2.830194339616981125e+01 2.343074902771996193e+01 2.200000000000000000e+01 1.360147050873544394e+01 5.000000000000000000e+00 2.517935662402834396e+01
2.088061301782110135e+01 3.264965543462901820e+01 2.785677655436823841e+01 0.000000000000000000e+00 2.061552812808830382e+01 1.000000000000000000e+01 3.584689665786984136e+01 2.863564212655270680e+01 3.036445290137795183e+01 8.062257748298549132e+00 3.228002478313794654e+01 8.062257748298549132e+00 1.923538406167134340e+01 3.059411708155671050e+01 7.280109889280518054e+00 3.201562118716424266e+01 2.507987240796890660e+01 5.385164807134503739e+00 3.900000000000000000e+01 5.385164807134503739e+00 4.177319714841084419e+01 2.863564212655270680e+01 3.014962686336266984e+01 3.269556544854363267e+01 1.303840481040529831e+01
2.051828452868319275e+01 2.451530134426252516e+01 2.325940669922601600e+01 2.061552812808830382e+01 0.000000000000000000e+00 1.118033988749894903e+01 2.607680962081059661e+01 3.471310991541956525e+01 2.640075756488817049e+01 2.828427124746190202e+01 2.823118842698620767e+01 1.923538406167134340e+01 3.138470965295043058e+01 2.865309756378880479e+01 1.811077027627483460e+01 2.000000000000000000e+01 2.690724809414741969e+01 1.800000000000000000e+01 3.140063693621516450e+01 2.517935662402834396e+01 4.560701700396551672e+01 3.827531841800927737e+01 3.397057550292606010e+01 2.596150997149434048e+01 8.062257748298549132e+00
2.039607805437113797e+01 2.942787793912432193e+01 2.600000000000000000e+01 1.000000000000000000e+01 1.118033988749894903e+01 0.000000000000000000e+00 3.201562118716424266e+01 3.224903099319419653e+01 2.901723625709381693e+01 1.802775637731994607e+01 3.101612483854164637e+01 1.204159457879229578e+01 2.549509756796392423e+01 3.026549190084311292e+01 1.063014581273464998e+01 2.692582403567251959e+01 2.624880949681337583e+01 9.433981132056603158e+00 3.634556369077249371e+01 1.513274595042155646e+01 4.477722635447621968e+01 3.405877273185280529e+01 3.269556544854363267e+01 3.014962686336266984e+01 3.162277660168379523e+00
1.627882059609970611e+01 3.605551275463989125e+00 9.433981132056603158e+00 3.584689665786984136e+01 2.607680962081059661e+01 3.201562118716424266e+01 0.000000000000000000e+00 2.418677324489564739e+01 9.219544457292887074e+00 3.969886648255841521e+01 9.000000000000000000e+00 2.860069929215018192e+01 3.041381265149109936e+01 1.204159457879229578e+01 2.884441020371191300e+01 6.324555320336759046e+00 1.708800749063506075e+01 3.052867504494749440e+01 5.830951894845300743e+00 3.701351104664349378e+01 2.785677655436823841e+01 3.041381265149109936e+01 2.102379604162863913e+01 5.099019513592784492e+00 3.041381265149109936e+01
1.442220510185595650e+01 2.102379604162863913e+01 1.612451549659709826e+01 2.863564212655270680e+01 3.471310991541956525e+01 3.224903099319419653e+01 2.418677324489564739e+01 0.000000000000000000e+00 1.503329637837290811e+01 2.707397274136176790e+01 1.529705854077835525e+01 2.118962010041709121e+01 1.140175425099137918e+01 1.216552506059643868e+01 2.247220505424423109e+01 2.617250465660480074e+01 8.544003745317530374e+00 2.435159132377184221e+01 2.247220505424423109e+01 2.601922366251537611e+01 1.315294643796590535e+01 6.324555320336759046e+00 3.605551275463989125e+00 1.910497317454279909e+01 3.301514803843835466e+01
9.486832980505138124e+00 6.000000000000000000e+00 3.162277660168379523e+00 3.036445290137795183e+01 2.640075756488817049e+01 2.901723625709381693e+01 9.219544457292887074e+00 1.503329637837290811e+01 0.000000000000000000e+00 3.275667870831839679e+01 2.000000000000000000e+00 2.247220505424423109e+01 2.163330765278393741e+01 3.162277660168379523e+00 2.308679276123039159e+01 1.170469991071962568e+01 8.062257748298549132e+00 2.500000000000000000e+01 9.219544457292887074e+00 3.041381265149109936e+01 2.080865204668481283e+01 2.121320343559642652e+01 1.204159457879229578e+01 4.123105625617660586e+00 2.828427124746190202e+01
2.360084744241189370e+01 3.623534186398687496e+01 3.080584360149872580e+01 8.062257748298549132e+00 2.828427124746190202e+01 1.802775637731994607e+01 3.969886648255841521e+01 2.707397274136176790e+01 3.275667870831839679e+01 0.000000000000000000e+00 3.448187929913333249e+01 1.140175425099137918e+01 1.603121954188139853e+01 3.220248437620923454e+01 1.166190378969060149e+01 3.687817782917154830e+01 2.600000000000000000e+01 1.077032961426900748e+01 4.188078318274384770e+01 3.162277660168379523e+00 4.000000000000000000e+01 2.531797780234432693e+01 2.942787793912432193e+01 3.580502757993631491e+01 2.100000000000000000e+01
1.140175425099137918e+01 6.324555320336759046e+00 5.099019513592784492e+00 3.228002478313794654e+01 2.823118842698620767e+01 3.101612483854164637e+01 9.000000000000000000e+00 1.529705854077835525e+01 2.000000000000000000e+00 3.448187929913333249e+01 0.000000000000000000e+00 2.435159132377184221e+01 2.280350850198275836e+01 3.162277660168379523e+00 2.500000000000000000e+01 1.252996408614166768e+01 9.219544457292887074e+00 2.692582403567251959e+01 7.810249675906653977e+00 3.220248437620923454e+01 1.972308292331602075e+01 2.158703314492290204e+01 1.204159457879229578e+01 4.123105625617660586e+00 3.026549190084311292e+01
1.300000000000000000e+01 2.523885892824792521e+01 2.012461179749810825e+01 8.062257748298549132e+00 1.923538406167134340e+01 1.204159457879229578e+01 2.860069929215018192e+01 2.118962010041709121e+01 2.247220505424423109e+01 1.140175425099137918e+01 2.435159132377184221e+01 0.000000000000000000e+00 1.345362404707370985e+01 2.256102834535695578e+01 1.414213562373095145e+00 2.549509756796392423e+01 1.702938636592640265e+01 3.162277660168379523e+00 3.130495168499705727e+01 8.485281374238569541e+00 3.420526275297414287e+01 2.220360331117451835e+01 2.236067977499789805e+01 2.505992817228333536e+01 1.389244398944980396e+01
1.529705854077835525e+01 2.683281572999747766e+01 2.102379604162863913e+01 1.923538406167134340e+01 3.138470965295043058e+01 2.549509756796392423e+01 3.041381265149109936e+01 1.140175425099137918e+01 2.163330765278393741e+01 1.603121954188139853e+01 2.280350850198275836e+01 1.345362404707370985e+01 0.000000000000000000e+00 1.984943324127920761e+01 1.486606874731850603e+01 3.008321791298264714e+01 1.360147050873544394e+01 1.627882059609970611e+01 3.061045573002793319e+01 1.552417469626002422e+01 2.402082429892862692e+01 9.486832980505138124e+00 1.431782106327635340e+01 2.555386467836127551e+01 2.720294101747088789e+01
1.000000000000000000e+01 9.055385138137417300e+00 5.656854249492380582e+00 3.059411708155671050e+01 2.865309756378880479e+01 3.026549190084311292e+01 1.204159457879229578e+01 1.216552506059643868e+01 3.162277660168379523e+00 3.220248437620923454e+01 3.162277660168379523e+00 2.256102834535695578e+01 1.984943324127920761e+01 0.000000000000000000e+00 2.334523505985750447e+01 1.486606874731850603e+01 6.403124237432848531e+00 2.531797780234432693e+01 1.081665382639196871e+01 3.008321791298264714e+01 1.780449381476485726e+01 1.843908891458577415e+01 9.000000000000000000e+00 7.000000000000000000e+00 2.983286778035259701e+01
1.360147050873544394e+01 2.555386467836127551e+01 2.061552812808830382e+01 7.280109889280518054e+00 1.811077027627483460e+01 1.063014581273464998e+01 2.884441020371191300e+01 2.247220505424423109e+01 2.308679276123039159e+01 1.166190378969060149e+01 2.500000000000000000e+01 1.414213562373095145e+00 1.486606874731850603e+01 2.334523505985750447e+01 0.000000000000000000e+00 2.545584412271571040e+01 1.800000000000000000e+01 2.000000000000000000e+00 3.178049716414140846e+01 8.602325267042626677e+00 3.544009029333869876e+01 2.360084744241189370e+01 2.353720459187963954e+01 2.549509756796392423e+01 1.252996408614166768e+01
1.486606874731850603e+01 6.403124237432848531e+00 1.004987562112088995e+01 3.201562118716424266e+01 2.000000000000000000e+01 2.692582403567251959e+01 6.324555320336759046e+00 2.617250465660480074e+01 1.170469991071962568e+01 3.687817782917154830e+01 1.252996408614166768e+01 2.549509756796392423e+01 3.008321791298264714e+01 1.486606874731850603e+01 2.545584412271571040e+01 0.000000000000000000e+00 1.800000000000000000e+01 2.690724809414741969e+01 1.208304597359457233e+01 3.397057550292606010e+01 3.224903099319419653e+01 3.201562118716424266e+01 2.353720459187963954e+01 8.602325267042626677e+00 2.500000000000000000e+01
6.403124237432848531e+00 1.360147050873544394e+01 8.062257748298549132e+00 2.507987240796890660e+01 2.690724809414741969e+01 2.624880949681337583e+01 1.708800749063506075e+01 8.544003745317530374e+00 8.062257748298549132e+00 2.600000000000000000e+01 9.219544457292887074e+00 1.702938636592640265e+01 1.360147050873544394e+01 6.403124237432848531e+00 1.800000000000000000e+01 1.800000000000000000e+01 0.000000000000000000e+00 2.000000000000000000e+01 1.702938636592640265e+01 2.404163056034261459e+01 1.886796226411320632e+01 1.403566884761819900e+01 7.071067811865475505e+00 1.208304597359457233e+01 2.640075756488817049e+01
1.552417469626002422e+01 2.729468812791236232e+01 2.247220505424423109e+01 5.385164807134503739e+00 1.800000000000000000e+01 9.433981132056603158e+00 3.052867504494749440e+01 2.435159132377184221e+01 2.500000000000000000e+01 1.077032961426900748e+01 2.692582403567251959e+01 3.162277660168379523e+00 1.627882059609970611e+01 2.531797780234432693e+01 2.000000000000000000e+00 2.690724809414741969e+01 2.000000000000000000e+01 0.000000000000000000e+00 3.361547262794321966e+01 7.615773105863908654e+00 3.736308338453881106e+01 2.523885892824792521e+01 2.549509756796392423e+01 2.731300056749532601e+01 1.170469991071962568e+01
1.835755975068581947e+01 7.000000000000000000e+00 1.118033988749894903e+01 3.900000000000000000e+01 3.140063693621516450e+01 3.634556369077249371e+01 5.830951894845300743e+00 2.247220505424423109e+01 9.219544457292887074e+00 4.188078318274384770e+01 7.810249675906653977e+00 3.130495168499705727e+01 3.061045573002793319e+01 1.081665382639196871e+01 3.178049716414140846e+01 1.208304597359457233e+01 1.702938636592640265e+01 3.361547262794321966e+01 0.000000000000000000e+00 3.944616584663204151e+01 2.353720459187963954e+01 2.879236009777593708e+01 1.897366596101027625e+01 6.324555320336759046e+00 3.505709628591620941e+01
2.109502310972898798e+01 3.360059523282288296e+01 2.830194339616981125e+01 5.385164807134503739e+00 2.517935662402834396e+01 1.513274595042155646e+01 3.701351104664349378e+01 2.601922366251537611e+01 3.041381265149109936e+01 3.162277660168379523e+00 3.220248437620923454e+01 8.485281374238569541e+00 1.552417469626002422e+01 3.008321791298264714e+01 8.602325267042626677e+00 3.397057550292606010e+01 2.404163056034261459e+01 7.615773105863908654e+00 3.944616584663204151e+01 0.000000000000000000e+00 3.911521443121588959e+01 2.500000000000000000e+01 2.807133769523639799e+01 3.328663395418647752e+01 1.802775637731994607e+01
2.523885892824792521e+01 2.594224354214569317e+01 2.343074902771996193e+01 4.177319714841084419e+01 4.560701700396551672e+01 4.477722635447621968e+01 2.785677655436823841e+01 1.315294643796590535e+01 2.080865204668481283e+01 4.000000000000000000e+01 1.972308292331602075e+01 3.420526275297414287e+01 2.402082429892862692e+01 1.780449381476485726e+01 3.544009029333869876e+01 3.224903099319419653e+01 1.886796226411320632e+01 3.736308338453881106e+01 2.353720459187963954e+01 3.911521443121588959e+01 0.000000000000000000e+00 1.552417469626002422e+01 1.208304597359457233e+01 2.370653918225939449e+01 4.517742799230607176e+01
1.897366596101027625e+01 2.716615541441224835e+01 2.200000000000000000e+01 2.863564212655270680e+01 3.827531841800927737e+01 3.405877273185280529e+01 3.041381265149109936e+01 6.324555320336759046e+00 2.121320343559642652e+01 2.531797780234432693e+01 2.158703314492290204e+01 2.220360331117451835e+01 9.486832980505138124e+00 1.843908891458577415e+01 2.360084744241189370e+01 3.201562118716424266e+01 1.403566884761819900e+01 2.523885892824792521e+01 2.879236009777593708e+01 2.500000000000000000e+01 1.552417469626002422e+01 0.000000000000000000e+00 9.848857801796103928e+00 2.531797780234432693e+01 3.535533905932737753e+01
1.345362404707370985e+01 1.802775637731994607e+01 1.360147050873544394e+01 3.014962686336266984e+01 3.397057550292606010e+01 3.269556544854363267e+01 2.102379604162863913e+01 3.605551275463989125e+00 1.204159457879229578e+01 2.942787793912432193e+01 1.204159457879229578e+01 2.236067977499789805e+01 1.431782106327635340e+01 9.000000000000000000e+00 2.353720459187963954e+01 2.353720459187963954e+01 7.071067811865475505e+00 2.549509756796392423e+01 1.897366596101027625e+01 2.807133769523639799e+01 1.208304597359457233e+01 9.848857801796103928e+00 0.000000000000000000e+00 1.600000000000000000e+01 3.312099032335839155e+01
1.220655561573370207e+01 2.236067977499789805e+00 5.000000000000000000e+00 3.269556544854363267e+01 2.596150997149434048e+01 3.014962686336266984e+01 5.099019513592784492e+00 1.910497317454279909e+01 4.123105625617660586e+00 3.580502757993631491e+01 4.123105625617660586e+00 2.505992817228333536e+01 2.555386467836127551e+01 7.000000000000000000e+00 2.549509756796392423e+01 8.602325267042626677e+00 1.208304597359457233e+01 2.731300056749532601e+01 6.324555320336759046e+00 3.328663395418647752e+01 2.370653918225939449e+01 2.531797780234432693e+01 1.600000000000000000e+01 0.000000000000000000e+00 2.900000000000000000e+01
2.024845673131658685e+01 2.807133769523639799e+01 2.517935662402834396e+01 1.303840481040529831e+01 8.062257748298549132e+00 3.162277660168379523e+00 3.041381265149109936e+01 3.301514803843835466e+01 2.828427124746190202e+01 2.100000000000000000e+01 3.026549190084311292e+01 1.389244398944980396e+01 2.720294101747088789e+01 2.983286778035259701e+01 1.252996408614166768e+01 2.500000000000000000e+01 2.640075756488817049e+01 1.170469991071962568e+01 3.505709628591620941e+01 1.802775637731994607e+01 4.517742799230607176e+01 3.535533905932737753e+01 3.312099032335839155e+01 2.900000000000000000e+01 0.000000000000000000e+00
