0.000000000000000000e+00 2.729468812791236232e+01 1.612451549659709826e+01 1.220655561573370207e+01 3.383784863137726262e+01 1.414213562373095145e+00 3.894868418830089496e+01 2.080865204668481283e+01 2.451530134426252516e+01 2.137755832643194864e+01 1.565247584249852864e+01 1.802775637731994607e+01 8.246211251235321171e+00 7.071067811865475505e+00 1.421267040355189515e+01 1.280624847486569706e+01 1.923538406167134340e+01 2.475883680627989492e+01 1.360147050873544394e+01 2.469817807045693669e+01 1.749285568453590045e+01 3.140063693621516450e+01 2.147091055358388800e+01 2.500000000000000000e+01 1.676305461424021104e+01 1.200000000000000000e+01 1.360147050873544394e+01 1.140175425099137918e+01
2.729468812791236232e+01 0.000000000000000000e+00 3.138470965295043058e+01 1.726267650163206824e+01 1.581138830084189628e+01 2.844292530665578411e+01 1.655294535724684835e+01 1.280624847486569706e+01 9.486832980505138124e+00 1.000000000000000000e+01 1.334166406412633421e+01 1.019803902718556898e+01 1.910497317454279909e+01 3.008321791298264714e+01 1.931320791582796659e+01 2.080865204668481283e+01 2.830194339616981125e+01 1.720465053408525335e+01 2.469817807045693669e+01 1.081665382639196871e+01 2.109502310972898798e+01 2.308679276123039159e+01 2.860069929215018192e+01 1.140175425099137918e+01 1.421267040355189515e+01 1.552417469626002422e+01 1.612451549659709826e+01 1.746424919657297892e+01
1.612451549659709826e+01 3.138470965295043058e+01 0.000000000000000000e+00 1.500000000000000000e+01 4.341658669218482203e+01 1.702938636592640265e+01 3.612478373637688378e+01 1.941648783894759944e+01 3.342154993413680586e+01 3.047950130825634218e+01 1.835755975068581947e+01 2.147091055358388800e+01 1.720465053408525335e+01 2.302172886644267535e+01 1.208304597359457233e+01 2.683281572999747766e+01 5.830951894845300743e+00 1.910497317454279909e+01 6.708203932499369415e+00 2.319482700948640286e+01 1.104536101718726115e+01 4.420407221060068537e+01 3.700000000000000000e+01 3.471310991541956525e+01 2.765863337187866122e+01 2.126029162546929996e+01 2.500000000000000000e+01 2.302172886644267535e+01
1.220655561573370207e+01 1.726267650163206824e+01 1.500000000000000000e+01 0.000000000000000000e+00 2.842534080710379030e+01 1.360147050873544394e+01 2.683281572999747766e+01 8.602325267042626677e+00 1.843908891458577415e+01 1.555634918610404505e+01 4.000000000000000000e+00 7.071067811865475505e+00 5.385164807134503739e+00 1.780449381476485726e+01 4.123105625617660586e+00 1.500000000000000000e+01 1.389244398944980396e+01 1.303840481040529831e+01 8.485281374238569541e+00 1.252996408614166768e+01 8.062257748298549132e+00 3.001666203960726875e+01 2.600000000000000000e+01 1.979898987322333070e+01 1.341640786499873883e+01 7.280109889280518054e+00 1.140175425099137918e+01 1.004987562112088995e+01
3.383784863137726262e+01 1.581138830084189628e+01 4.341658669218482203e+01 2.842534080710379030e+01 0.000000000000000000e+00 3.448187929913333249e+01 3.006659275674581622e+01 2.745906043549196340e+01 1.000000000000000000e+01 1.303840481040529831e+01 2.545584412271571040e+01 2.267156809750926882e+01 2.729468812791236232e+01 3.324154027718932269e+01 3.182766092567909766e+01 2.220360331117451835e+01 4.172529209005013229e+01 3.264965543462901820e+01 3.687817782917154830e+01 2.640075756488817049e+01 3.471310991541956525e+01 1.063014581273464998e+01 2.340939982143925135e+01 8.944271909999159220e+00 1.708800749063506075e+01 2.282542442102665348e+01 2.024845673131658685e+01 2.247220505424423109e+01
1.414213562373095145e+00 2.844292530665578411e+01 1.702938636592640265e+01 1.360147050873544394e+01 3.448187929913333249e+01 0.000000000000000000e+00 4.031128874149274566e+01 2.220360331117451835e+01 2.531797780234432693e+01 2.220360331117451835e+01 1.700000000000000000e+01 1.931320791582796659e+01 9.486832980505138124e+00 6.000000000000000000e+00 1.562049935181330795e+01 1.303840481040529831e+01 2.039607805437113797e+01 2.617250465660480074e+01 1.486606874731850603e+01 2.607680962081059661e+01 1.886796226411320632e+01 3.162277660168379256e+01 2.109502310972898798e+01 2.570992026436488231e+01 1.746424919657297892e+01 1.303840481040529831e+01 1.431782106327635340e+01 1.216552506059643868e+01
3.894868418830089496e+01 1.655294535724684835e+01 3.612478373637688378e+01 2.683281572999747766e+01 3.006659275674581622e+01 4.031128874149274566e+01 0.000000000000000000e+00 1.838477631085023489e+01 2.600000000000000000e+01 2.641968962724581260e+01 2.332380757938120297e+01 2.140093455903269515e+01 3.106444913401813324e+01 4.360045871318327926e+01 2.624880949681337583e+01 3.612478373637688378e+01 3.100000000000000000e+01 1.702938636592640265e+01 3.059411708155671050e+01 1.431782106327635340e+01 2.531797780234432693e+01 3.905124837953326988e+01 4.494441010848846219e+01 2.785677655436823841e+01 3.000000000000000000e+01 2.906888370749726747e+01 3.114482300479487265e+01 3.182766092567909766e+01
2.080865204668481283e+01 1.280624847486569706e+01 1.941648783894759944e+01 8.602325267042626677e+00 2.745906043549196340e+01 2.220360331117451835e+01 1.838477631085023489e+01 0.000000000000000000e+00 1.838477631085023489e+01 1.649242250247064234e+01 5.830951894845300743e+00 6.000000000000000000e+00 1.345362404707370985e+01 2.617250465660480074e+01 8.062257748298549132e+00 2.118962010041709121e+01 1.565247584249852864e+01 6.000000000000000000e+00 1.303840481040529831e+01 4.123105625617660586e+00 8.544003745317530374e+00 3.201562118716424266e+01 3.178049716414140846e+01 2.024845673131658685e+01 1.702938636592640265e+01 1.300000000000000000e+01 1.649242250247064234e+01 1.615549442140351033e+01
2.451530134426252516e+01 9.486832980505138124e+00 3.342154993413680586e+01 1.843908891458577415e+01 1.000000000000000000e+01 2.531797780234432693e+01 2.600000000000000000e+01 1.838477631085023489e+01 0.000000000000000000e+00 3.162277660168379523e+00 1.562049935181330795e+01 1.303840481040529831e+01 1.746424919657297892e+01 2.507987240796890660e+01 2.193171219946130890e+01 1.431782106327635340e+01 3.189043743820394994e+01 2.404163056034261459e+01 2.690724809414741969e+01 1.824828759089465890e+01 2.500000000000000000e+01 1.403566884761819900e+01 1.979898987322333070e+01 2.000000000000000000e+00 8.000000000000000000e+00 1.300000000000000000e+01 1.104536101718726115e+01 1.315294643796590535e+01
2.137755832643194864e+01 1.000000000000000000e+01 3.047950130825634218e+01 1.555634918610404505e+01 1.303840481040529831e+01 2.220360331117451835e+01 2.641968962724581260e+01 1.649242250247064234e+01 3.162277660168379523e+00 0.000000000000000000e+00 1.303840481040529831e+01 1.077032961426900748e+01 1.431782106327635340e+01 2.220360331117451835e+01 1.920937271229854559e+01 1.170469991071962568e+01 2.920616373302046753e+01 2.236067977499789805e+01 2.404163056034261459e+01 1.700000000000000000e+01 2.247220505424423109e+01 1.552417469626002422e+01 1.860107523773827509e+01 4.242640687119284770e+00 5.099019513592784492e+00 9.848857801796103928e+00 8.000000000000000000e+00 1.004987562112088995e+01
1.565247584249852864e+01 1.334166406412633421e+01 1.835755975068581947e+01 4.000000000000000000e+00 2.545584412271571040e+01 1.700000000000000000e+01 2.332380757938120297e+01 5.830951894845300743e+00 1.562049935181330795e+01 1.303840481040529831e+01 0.000000000000000000e+00 3.162277660168379523e+00 7.810249675906653977e+00 2.051828452868319275e+01 6.403124237432848531e+00 1.552417469626002422e+01 1.627882059609970611e+01 1.140175425099137918e+01 1.166190378969060149e+01 9.219544457292887074e+00 9.433981132056603158e+00 2.823118842698620767e+01 2.630589287593181069e+01 1.720465053408525335e+01 1.216552506059643868e+01 7.280109889280518054e+00 1.104536101718726115e+01 1.044030650891055068e+01
1.802775637731994607e+01 1.019803902718556898e+01 2.147091055358388800e+01 7.071067811865475505e+00 2.267156809750926882e+01 1.931320791582796659e+01 2.140093455903269515e+01 6.000000000000000000e+00 1.303840481040529831e+01 1.077032961426900748e+01 3.162277660168379523e+00 0.000000000000000000e+00 9.848857801796103928e+00 2.220360331117451835e+01 9.433981132056603158e+00 1.565247584249852864e+01 1.910497317454279909e+01 1.200000000000000000e+01 1.476482306023340030e+01 8.062257748298549132e+00 1.204159457879229578e+01 2.624880949681337583e+01 2.596150997149434048e+01 1.476482306023340030e+01 1.104536101718726115e+01 7.810249675906653977e+00 1.077032961426900748e+01 1.081665382639196871e+01
8.246211251235321171e+00 1.910497317454279909e+01 1.720465053408525335e+01 5.385164807134503739e+00 2.729468812791236232e+01 9.486832980505138124e+00 3.106444913401813324e+01 1.345362404707370985e+01 1.746424919657297892e+01 1.431782106327635340e+01 7.810249675906653977e+00 9.848857801796103928e+00 0.000000000000000000e+00 1.272792206135785520e+01 9.055385138137417300e+00 1.019803902718556898e+01 1.772004514666934938e+01 1.835755975068581947e+01 1.170469991071962568e+01 1.702938636592640265e+01 1.303840481040529831e+01 2.701851217221259205e+01 2.109502310972898798e+01 1.835755975068581947e+01 1.063014581273464998e+01 4.472135954999579610e+00 7.810249675906653977e+00 5.830951894845300743e+00
7.071067811865475505e+00 3.008321791298264714e+01 2.302172886644267535e+01 1.780449381476485726e+01 3.324154027718932269e+01 6.000000000000000000e+00 4.360045871318327926e+01 2.617250465660480074e+01 2.507987240796890660e+01 2.220360331117451835e+01 2.051828452868319275e+01 2.220360331117451835e+01 1.272792206135785520e+01 0.000000000000000000e+00 2.059126028197400160e+01 1.104536101718726115e+01 2.630589287593181069e+01 3.080584360149872580e+01 2.061552812808830382e+01 2.973213749463701205e+01 2.416609194718914466e+01 2.863564212655270680e+01 1.627882059609970611e+01 2.500000000000000000e+01 1.711724276862369010e+01 1.476482306023340030e+01 1.431782106327635340e+01 1.264911064067351809e+01
1.421267040355189515e+01 1.931320791582796659e+01 1.208304597359457233e+01 4.123105625617660586e+00 3.182766092567909766e+01 1.562049935181330795e+01 2.624880949681337583e+01 8.062257748298549132e+00 2.193171219946130890e+01 1.920937271229854559e+01 6.403124237432848531e+00 9.433981132056603158e+00 9.055385138137417300e+00 2.059126028197400160e+01 0.000000000000000000e+00 1.902629759044044633e+01 1.000000000000000000e+01 1.063014581273464998e+01 5.385164807134503739e+00 1.216552506059643868e+01 4.000000000000000000e+00 3.400000000000000000e+01 3.001666203960726875e+01 2.343074902771996193e+01 1.746424919657297892e+01 1.140175425099137918e+01 1.552417469626002422e+01 1.414213562373095101e+01
1.280624847486569706e+01 2.080865204668481283e+01 2.683281572999747766e+01 1.500000000000000000e+01 2.220360331117451835e+01 1.303840481040529831e+01 3.612478373637688378e+01 2.118962010041709121e+01 1.431782106327635340e+01 1.170469991071962568e+01 1.552417469626002422e+01 1.565247584249852864e+01 1.019803902718556898e+01 1.104536101718726115e+01 1.902629759044044633e+01 0.000000000000000000e+00 2.789265136196270589e+01 2.692582403567251959e+01 2.184032966784155505e+01 2.370653918225939449e+01 2.302172886644267535e+01 1.860107523773827509e+01 1.100000000000000000e+01 1.403566884761819900e+01 6.708203932499369415e+00 8.246211251235321171e+00 5.000000000000000000e+00 5.099019513592784492e+00
1.923538406167134340e+01 2.830194339616981125e+01 5.830951894845300743e+00 1.389244398944980396e+01 4.172529209005013229e+01 2.039607805437113797e+01 3.100000000000000000e+01 1.565247584249852864e+01 3.189043743820394994e+01 2.920616373302046753e+01 1.627882059609970611e+01 1.910497317454279909e+01 1.772004514666934938e+01 2.630589287593181069e+01 1.000000000000000000e+01 2.789265136196270589e+01 0.000000000000000000e+00 1.403566884761819900e+01 6.082762530298219339e+00 1.897366596101027625e+01 7.211102550927978250e+00 4.390899680020029905e+01 3.863935817272331263e+01 3.342154993413680586e+01 2.729468812791236232e+01 2.102379604162863913e+01 2.507987240796890660e+01 2.340939982143925135e+01
2.475883680627989492e+01 1.720465053408525335e+01 1.910497317454279909e+01 1.303840481040529831e+01 3.264965543462901820e+01 2.617250465660480074e+01 1.702938636592640265e+01 6.000000000000000000e+00 2.404163056034261459e+01 2.236067977499789805e+01 1.140175425099137918e+01 1.200000000000000000e+01 1.835755975068581947e+01 3.080584360149872580e+01 1.063014581273464998e+01 2.692582403567251959e+01 1.403566884761819900e+01 0.000000000000000000e+00 1.392838827718411920e+01 6.403124237432848531e+00 8.544003745317530374e+00 3.785498646149540036e+01 3.765634076752546378e+01 2.596150997149434048e+01 2.302172886644267535e+01 1.868154169226940553e+01 2.236067977499789805e+01 2.184032966784155505e+01
1.360147050873544394e+01 2.469817807045693669e+01 6.708203932499369415e+00 8.485281374238569541e+00 3.687817782917154830e+01 1.486606874731850603e+01 3.059411708155671050e+01 1.303840481040529831e+01 2.690724809414741969e+01 2.404163056034261459e+01 1.166190378969060149e+01 1.476482306023340030e+01 1.170469991071962568e+01 2.061552812808830382e+01 5.385164807134503739e+00 2.184032966784155505e+01 6.082762530298219339e+00 1.392838827718411920e+01 0.000000000000000000e+00 1.700000000000000000e+01 5.385164807134503739e+00 3.827531841800927737e+01 3.255764119219941222e+01 2.828427124746190202e+01 2.163330765278393741e+01 1.526433752247374720e+01 1.923538406167134340e+01 1.746424919657297892e+01
2.469817807045693669e+01 1.081665382639196871e+01 2.319482700948640286e+01 1.252996408614166768e+01 2.640075756488817049e+01 2.607680962081059661e+01 1.431782106327635340e+01 4.123105625617660586e+00 1.824828759089465890e+01 1.700000000000000000e+01 9.219544457292887074e+00 8.062257748298549132e+00 1.702938636592640265e+01 2.973213749463701205e+01 1.216552506059643868e+01 2.370653918225939449e+01 1.897366596101027625e+01 6.403124237432848531e+00 1.700000000000000000e+01 0.000000000000000000e+00 1.216552506059643868e+01 3.224903099319419653e+01 3.383784863137726262e+01 2.022374841615668473e+01 1.868154169226940553e+01 1.581138830084189628e+01 1.878829422805593552e+01 1.886796226411320632e+01
1.749285568453590045e+01 2.109502310972898798e+01 1.104536101718726115e+01 8.062257748298549132e+00 3.471310991541956525e+01 1.886796226411320632e+01 2.531797780234432693e+01 8.544003745317530374e+00 2.500000000000000000e+01 2.247220505424423109e+01 9.433981132056603158e+00 1.204159457879229578e+01 1.303840481040529831e+01 2.416609194718914466e+01 4.000000000000000000e+00 2.302172886644267535e+01 7.211102550927978250e+00 8.544003745317530374e+00 5.385164807134503739e+00 1.216552506059643868e+01 0.000000000000000000e+00 3.757658845611187104e+01 3.401470270338990076e+01 2.662705391138869615e+01 2.118962010041709121e+01 1.529705854077835525e+01 1.941648783894759944e+01 1.811077027627483460e+01
3.140063693621516450e+01 2.308679276123039159e+01 4.420407221060068537e+01 3.001666203960726875e+01 1.063014581273464998e+01 3.162277660168379256e+01 3.905124837953326988e+01 3.201562118716424266e+01 1.403566884761819900e+01 1.552417469626002422e+01 2.823118842698620767e+01 2.624880949681337583e+01 2.701851217221259205e+01 2.863564212655270680e+01 3.400000000000000000e+01 1.860107523773827509e+01 4.390899680020029905e+01 3.785498646149540036e+01 3.827531841800927737e+01 3.224903099319419653e+01 3.757658845611187104e+01 0.000000000000000000e+00 1.500000000000000000e+01 1.204159457879229578e+01 1.664331697709323876e+01 2.302172886644267535e+01 1.920937271229854559e+01 2.126029162546929996e+01
2.147091055358388800e+01 2.860069929215018192e+01 3.700000000000000000e+01 2.600000000000000000e+01 2.340939982143925135e+01 2.109502310972898798e+01 4.494441010848846219e+01 3.178049716414140846e+01 1.979898987322333070e+01 1.860107523773827509e+01 2.630589287593181069e+01 2.596150997149434048e+01 2.109502310972898798e+01 1.627882059609970611e+01 3.001666203960726875e+01 1.100000000000000000e+01 3.863935817272331263e+01 3.765634076752546378e+01 3.255764119219941222e+01 3.383784863137726262e+01 3.401470270338990076e+01 1.500000000000000000e+01 0.000000000000000000e+00 1.843908891458577415e+01 1.523154621172781731e+01 1.910497317454279909e+01 1.529705854077835525e+01 1.603121954188139853e+01
2.500000000000000000e+01 1.140175425099137918e+01 3.471310991541956525e+01 1.979898987322333070e+01 8.944271909999159220e+00 2.570992026436488231e+01 2.785677655436823841e+01 2.024845673131658685e+01 2.000000000000000000e+00 4.242640687119284770e+00 1.720465053408525335e+01 1.476482306023340030e+01 1.835755975068581947e+01 2.500000000000000000e+01 2.343074902771996193e+01 1.403566884761819900e+01 3.342154993413680586e+01 2.596150997149434048e+01 2.828427124746190202e+01 2.022374841615668473e+01 2.662705391138869615e+01 1.204159457879229578e+01 1.843908891458577415e+01 0.000000000000000000e+00 8.246211251235321171e+00 1.389244398944980396e+01 1.140175425099137918e+01 1.360147050873544394e+01
1.676305461424021104e+01 1.421267040355189515e+01 2.765863337187866122e+01 1.341640786499873883e+01 1.708800749063506075e+01 1.746424919657297892e+01 3.000000000000000000e+01 1.702938636592640265e+01 8.000000000000000000e+00 5.099019513592784492e+00 1.216552506059643868e+01 1.104536101718726115e+01 1.063014581273464998e+01 1.711724276862369010e+01 1.746424919657297892e+01 6.708203932499369415e+00 2.729468812791236232e+01 2.302172886644267535e+01 2.163330765278393741e+01 1.868154169226940553e+01 2.118962010041709121e+01 1.664331697709323876e+01 1.523154621172781731e+01 8.246211251235321171e+00 0.000000000000000000e+00 6.403124237432848531e+00 3.162277660168379523e+00 5.385164807134503739e+00
1.200000000000000000e+01 1.552417469626002422e+01 2.126029162546929996e+01 7.280109889280518054e+00 2.282542442102665348e+01 1.303840481040529831e+01 2.906888370749726747e+01 1.300000000000000000e+01 1.300000000000000000e+01 9.848857801796103928e+00 7.280109889280518054e+00 7.810249675906653977e+00 4.472135954999579610e+00 1.476482306023340030e+01 1.140175425099137918e+01 8.246211251235321171e+00 2.102379604162863913e+01 1.868154169226940553e+01 1.526433752247374720e+01 1.581138830084189628e+01 1.529705854077835525e+01 2.302172886644267535e+01 1.910497317454279909e+01 1.389244398944980396e+01 6.403124237432848531e+00 0.000000000000000000e+00 4.123105625617660586e+00 3.162277660168379523e+00
1.360147050873544394e+01 1.612451549659709826e+01 2.500000000000000000e+01 1.140175425099137918e+01 2.024845673131658685e+01 1.431782106327635340e+01 3.114482300479487265e+01 1.649242250247064234e+01 1.104536101718726115e+01 8.000000000000000000e+00 1.104536101718726115e+01 1.077032961426900748e+01 7.810249675906653977e+00 1.431782106327635340e+01 1.552417469626002422e+01 5.000000000000000000e+00 2.507987240796890660e+01 2.236067977499789805e+01 1.923538406167134340e+01 1.878829422805593552e+01 1.941648783894759944e+01 1.920937271229854559e+01 1.529705854077835525e+01 1.140175425099137918e+01 3.162277660168379523e+00 4.123105625617660586e+00 0.000000000000000000e+00 2.236067977499789805e+00
1.140175425099137918e+01 1.746424919657297892e+01 2.302172886644267535e+01 1.004987562112088995e+01 2.247220505424423109e+01 1.216552506059643868e+01 3.182766092567909766e+01 1.615549442140351033e+01 1.315294643796590535e+01 1.004987562112088995e+01 1.044030650891055068e+01 1.081665382639196871e+01 5.830951894845300743e+00 1.264911064067351809e+01 1.414213562373095101e+01 5.099019513592784492e+00 2.340939982143925135e+01 2.184032966784155505e+01 1.746424919657297892e+01 1.886796226411320632e+01 1.811077027627483460e+01 2.126029162546929996e+01 1.603121954188139853e+01 1.360147050873544394e+01 5.385164807134503739e+00 3.162277660168379523e+00 2.236067977499789805e+00 0.000000000000000000e+00
