0.000000000000000000e+00 1.886796226411320632e+01 5.000000000000000000e+00 1.204159457879229578e+01 1.711724276862369010e+01 1.204159457879229578e+01 1.019803902718556898e+01 1.303840481040529831e+01 1.403566884761819900e+01 1.341640786499873883e+01 9.000000000000000000e+00 1.104536101718726115e+01 1.746424919657297892e+01 1.555634918610404505e+01 7.280109889280518054e+00 1.523154621172781731e+01 2.195449840010014952e+01 2.360084744241189370e+01 4.472135954999579610e+00 2.022374841615668473e+01 1.476482306023340030e+01 7.000000000000000000e+00 2.280350850198275836e+01 9.899494936611665352e+00 1.166190378969060149e+01 2.360084744241189370e+01
1.886796226411320632e+01 0.000000000000000000e+00 1.769180601295413169e+01 2.402082429892862692e+01 3.395585369269929288e+01 2.061552812808830382e+01 2.441311123146740414e+01 3.101612483854164637e+01 2.941088233970548416e+01 2.416609194718914466e+01 2.483948469674844262e+01 1.208304597359457233e+01 3.584689665786984136e+01 2.158703314492290204e+01 2.594224354214569317e+01 1.612451549659709826e+01 3.501428280002319582e+01 4.243819034784588951e+01 1.897366596101027625e+01 2.147091055358388800e+01 1.726267650163206824e+01 2.507987240796890660e+01 8.246211251235321171e+00 1.923538406167134340e+01 1.708800749063506075e+01 3.522782990761707111e+01
5.000000000000000000e+00 1.769180601295413169e+01 0.000000000000000000e+00 1.697056274847713908e+01 2.158703314492290204e+01 7.211102550927978250e+00 7.280109889280518054e+00 1.711724276862369010e+01 1.208304597359457233e+01 9.219544457292887074e+00 7.211102550927978250e+00 7.280109889280518054e+00 2.102379604162863913e+01 1.063014581273464998e+01 1.104536101718726115e+01 1.044030650891055068e+01 2.692582403567251959e+01 2.549509756796392423e+01 9.219544457292887074e+00 2.404163056034261459e+01 9.848857801796103928e+00 1.140175425099137918e+01 2.325940669922601600e+01 5.000000000000000000e+00 6.708203932499369415e+00 2.860069929215018192e+01
1.204159457879229578e+01 2.402082429892862692e+01 1.697056274847713908e+01 0.000000000000000000e+00 1.140175425099137918e+01 2.408318915758459156e+01 2.147091055358388800e+01 1.118033988749894903e+01 2.404163056034261459e+01 2.523885892824792521e+01 1.969771560359220786e+01 2.147091055358388800e+01 1.581138830084189628e+01 2.758622844826744469e+01 1.104536101718726115e+01 2.662705391138869615e+01 1.118033988749894903e+01 2.549509756796392423e+01 7.810249675906653977e+00 1.208304597359457233e+01 2.640075756488817049e+01 9.055385138137417300e+00 2.376972864800942631e+01 2.193171219946130890e+01 2.343074902771996193e+01 1.208304597359457233e+01
1.711724276862369010e+01 3.395585369269929288e+01 2.158703314492290204e+01 1.140175425099137918e+01 0.000000000000000000e+00 2.731300056749532601e+01 2.247220505424423109e+01 5.000000000000000000e+00 2.262741699796952233e+01 2.692582403567251959e+01 2.024845673131658685e+01 2.816025568065744622e+01 6.000000000000000000e+00 3.087069808086626210e+01 1.077032961426900748e+01 3.201562118716424266e+01 9.219544457292887074e+00 1.612451549659709826e+01 1.513274595042155646e+01 2.280350850198275836e+01 3.132091952673165025e+01 1.019803902718556898e+01 3.488552708502481892e+01 2.563201123595259290e+01 2.816025568065744622e+01 1.216552506059643868e+01
1.204159457879229578e+01 2.061552812808830382e+01 7.211102550927978250e+00 2.408318915758459156e+01 2.731300056749532601e+01 0.000000000000000000e+00 6.082762530298219339e+00 2.247220505424423109e+01 1.029563014098700080e+01 3.605551275463989125e+00 8.000000000000000000e+00 8.544003745317530374e+00 2.549509756796392423e+01 3.605551275463989125e+00 1.655294535724684835e+01 6.708203932499369415e+00 3.360059523282288296e+01 2.745906043549196340e+01 1.640121946685672683e+01 3.101612483854164637e+01 5.385164807134503739e+00 1.749285568453590045e+01 2.765863337187866122e+01 2.236067977499789805e+00 3.605551275463989125e+00 3.546829570193639825e+01
1.019803902718556898e+01 2.441311123146740414e+01 7.280109889280518054e+00 2.147091055358388800e+01 2.247220505424423109e+01 6.082762530298219339e+00 0.000000000000000000e+00 1.749285568453590045e+01 5.000000000000000000e+00 4.472135954999579610e+00 2.236067977499789805e+00 1.272792206135785520e+01 1.992485884517127559e+01 9.055385138137417300e+00 1.204159457879229578e+01 1.264911064067351809e+01 2.969848480983499428e+01 2.137755832643194864e+01 1.456021977856103611e+01 3.041381265149109936e+01 1.140175425099137918e+01 1.345362404707370985e+01 3.046309242345563462e+01 5.830951894845300743e+00 8.944271909999159220e+00 3.189043743820394994e+01
1.303840481040529831e+01 3.101612483854164637e+01 1.711724276862369010e+01 1.118033988749894903e+01 5.000000000000000000e+00 2.247220505424423109e+01 1.749285568453590045e+01 0.000000000000000000e+00 1.769180601295413169e+01 2.195449840010014952e+01 1.526433752247374720e+01 2.400000000000000000e+01 5.000000000000000000e+00 2.600000000000000000e+01 6.082762530298219339e+00 2.745906043549196340e+01 1.341640786499873883e+01 1.431782106327635340e+01 1.208304597359457233e+01 2.325940669922601600e+01 2.668332812825266842e+01 6.082762530298219339e+00 3.301514803843835466e+01 2.088061301782110135e+01 2.353720459187963954e+01 1.615549442140351033e+01
1.403566884761819900e+01 2.941088233970548416e+01 1.208304597359457233e+01 2.404163056034261459e+01 2.262741699796952233e+01 1.029563014098700080e+01 5.000000000000000000e+00 1.769180601295413169e+01 0.000000000000000000e+00 7.280109889280518054e+00 5.099019513592784492e+00 1.769180601295413169e+01 1.886796226411320632e+01 1.236931687685298087e+01 1.341640786499873883e+01 1.700000000000000000e+01 3.080584360149872580e+01 1.800000000000000000e+01 1.802775637731994607e+01 3.405877273185280529e+01 1.565247584249852864e+01 1.523154621172781731e+01 3.534119409414458346e+01 1.063014581273464998e+01 1.360147050873544394e+01 3.328663395418647752e+01
1.341640786499873883e+01 2.416609194718914466e+01 9.219544457292887074e+00 2.523885892824792521e+01 2.692582403567251959e+01 3.605551275463989125e+00 4.472135954999579610e+00 2.195449840010014952e+01 7.280109889280518054e+00 0.000000000000000000e+00 6.708203932499369415e+00 1.208304597359457233e+01 2.435159132377184221e+01 5.099019513592784492e+00 1.640121946685672683e+01 1.000000000000000000e+01 3.397057550292606010e+01 2.507987240796890660e+01 1.788854381999831844e+01 3.324154027718932269e+01 8.602325267042626677e+00 1.769180601295413169e+01 3.104834939252004844e+01 5.099019513592784492e+00 7.211102550927978250e+00 3.606937759374286401e+01
9.000000000000000000e+00 2.483948469674844262e+01 7.211102550927978250e+00 1.969771560359220786e+01 2.024845673131658685e+01 8.000000000000000000e+00 2.236067977499789805e+00 1.526433752247374720e+01 5.099019513592784492e+00 6.708203932499369415e+00 0.000000000000000000e+00 1.360147050873544394e+01 1.772004514666934938e+01 1.118033988749894903e+01 9.899494936611665352e+00 1.431782106327635340e+01 2.758622844826744469e+01 1.964688270438849926e+01 1.315294643796590535e+01 2.915475947422650194e+01 1.315294643796590535e+01 1.140175425099137918e+01 3.041381265149109936e+01 7.280109889280518054e+00 1.044030650891055068e+01 2.983286778035259701e+01
1.104536101718726115e+01 1.208304597359457233e+01 7.280109889280518054e+00 2.147091055358388800e+01 2.816025568065744622e+01 8.544003745317530374e+00 1.272792206135785520e+01 2.400000000000000000e+01 1.769180601295413169e+01 1.208304597359457233e+01 1.360147050873544394e+01 0.000000000000000000e+00 2.816025568065744622e+01 1.000000000000000000e+01 1.802775637731994607e+01 5.830951894845300743e+00 3.231098884280702066e+01 3.269556544854363267e+01 1.392838827718411920e+01 2.523885892824792521e+01 6.324555320336759046e+00 1.802775637731994607e+01 1.923538406167134340e+01 7.211102550927978250e+00 5.099019513592784492e+00 3.354101966249684352e+01
1.746424919657297892e+01 3.584689665786984136e+01 2.102379604162863913e+01 1.581138830084189628e+01 6.000000000000000000e+00 2.549509756796392423e+01 1.992485884517127559e+01 5.000000000000000000e+00 1.886796226411320632e+01 2.435159132377184221e+01 1.772004514666934938e+01 2.816025568065744622e+01 0.000000000000000000e+00 2.886173937932362321e+01 1.019803902718556898e+01 3.106444913401813324e+01 1.513274595042155646e+01 1.019803902718556898e+01 1.700000000000000000e+01 2.778488797889960793e+01 3.014962686336266984e+01 1.077032961426900748e+01 3.801315561749642313e+01 2.418677324489564739e+01 2.707397274136176790e+01 1.811077027627483460e+01
1.555634918610404505e+01 2.158703314492290204e+01 1.063014581273464998e+01 2.758622844826744469e+01 3.087069808086626210e+01 3.605551275463989125e+00 9.055385138137417300e+00 2.600000000000000000e+01 1.236931687685298087e+01 5.099019513592784492e+00 1.118033988749894903e+01 1.000000000000000000e+01 2.886173937932362321e+01 0.000000000000000000e+00 2.012461179749810825e+01 5.830951894845300743e+00 3.720215047547655018e+01 3.014962686336266984e+01 1.984943324127920761e+01 3.401470270338990076e+01 4.472135954999579610e+00 2.109502310972898798e+01 2.915475947422650194e+01 5.656854249492380582e+00 5.099019513592784492e+00 3.905124837953326988e+01
7.280109889280518054e+00 2.594224354214569317e+01 1.104536101718726115e+01 1.104536101718726115e+01 1.077032961426900748e+01 1.655294535724684835e+01 1.204159457879229578e+01 6.082762530298219339e+00 1.341640786499873883e+01 1.640121946685672683e+01 9.899494936611665352e+00 1.802775637731994607e+01 1.019803902718556898e+01 2.012461179749810825e+01 0.000000000000000000e+00 2.137755832643194864e+01 1.769180601295413169e+01 1.697056274847713908e+01 7.810249675906653977e+00 2.236067977499789805e+01 2.061552812808830382e+01 2.000000000000000000e+00 2.900000000000000000e+01 1.486606874731850603e+01 1.746424919657297892e+01 2.000000000000000000e+01
1.523154621172781731e+01 1.612451549659709826e+01 1.044030650891055068e+01 2.662705391138869615e+01 3.201562118716424266e+01 6.708203932499369415e+00 1.264911064067351809e+01 2.745906043549196340e+01 1.700000000000000000e+01 1.000000000000000000e+01 1.431782106327635340e+01 5.830951894845300743e+00 3.106444913401813324e+01 5.830951894845300743e+00 2.137755832643194864e+01 0.000000000000000000e+00 3.712142238654116966e+01 3.395585369269929288e+01 1.886796226411320632e+01 3.106444913401813324e+01 1.414213562373095145e+00 2.184032966784155505e+01 2.400000000000000000e+01 7.071067811865475505e+00 4.000000000000000000e+00 3.858756276314947797e+01
2.195449840010014952e+01 3.501428280002319582e+01 2.692582403567251959e+01 1.118033988749894903e+01 9.219544457292887074e+00 3.360059523282288296e+01 2.969848480983499428e+01 1.341640786499873883e+01 3.080584360149872580e+01 3.397057550292606010e+01 2.758622844826744469e+01 3.231098884280702066e+01 1.513274595042155646e+01 3.720215047547655018e+01 1.769180601295413169e+01 3.712142238654116966e+01 0.000000000000000000e+00 2.500000000000000000e+01 1.838477631085023489e+01 1.835755975068581947e+01 3.671511950137163893e+01 1.627882059609970611e+01 3.373425558686599857e+01 3.162277660168379256e+01 3.361547262794321966e+01 3.000000000000000000e+00
2.360084744241189370e+01 4.243819034784588951e+01 2.549509756796392423e+01 2.549509756796392423e+01 1.612451549659709826e+01 2.745906043549196340e+01 2.137755832643194864e+01 1.431782106327635340e+01 1.800000000000000000e+01 2.507987240796890660e+01 1.964688270438849926e+01 3.269556544854363267e+01 1.019803902718556898e+01 3.014962686336266984e+01 1.697056274847713908e+01 3.395585369269929288e+01 2.500000000000000000e+01 0.000000000000000000e+00 2.475883680627989492e+01 3.757658845611187104e+01 3.275667870831839679e+01 1.843908891458577415e+01 4.596737973824481571e+01 2.692582403567251959e+01 3.008321791298264714e+01 2.800000000000000000e+01
4.472135954999579610e+00 1.897366596101027625e+01 9.219544457292887074e+00 7.810249675906653977e+00 1.513274595042155646e+01 1.640121946685672683e+01 1.456021977856103611e+01 1.208304597359457233e+01 1.802775637731994607e+01 1.788854381999831844e+01 1.315294643796590535e+01 1.392838827718411920e+01 1.700000000000000000e+01 1.984943324127920761e+01 7.810249675906653977e+00 1.886796226411320632e+01 1.838477631085023489e+01 2.475883680627989492e+01 0.000000000000000000e+00 1.603121954188139853e+01 1.860107523773827509e+01 6.403124237432848531e+00 2.126029162546929996e+01 1.421267040355189515e+01 1.562049935181330795e+01 1.972308292331602075e+01
2.022374841615668473e+01 2.147091055358388800e+01 2.404163056034261459e+01 1.208304597359457233e+01 2.280350850198275836e+01 3.101612483854164637e+01 3.041381265149109936e+01 2.325940669922601600e+01 3.405877273185280529e+01 3.324154027718932269e+01 2.915475947422650194e+01 2.523885892824792521e+01 2.778488797889960793e+01 3.401470270338990076e+01 2.236067977499789805e+01 3.106444913401813324e+01 1.835755975068581947e+01 3.757658845611187104e+01 1.603121954188139853e+01 0.000000000000000000e+00 3.138470965295043058e+01 2.039607805437113797e+01 1.711724276862369010e+01 2.879236009777593708e+01 2.906888370749726747e+01 1.708800749063506075e+01
1.476482306023340030e+01 1.726267650163206824e+01 9.848857801796103928e+00 2.640075756488817049e+01 3.132091952673165025e+01 5.385164807134503739e+00 1.140175425099137918e+01 2.668332812825266842e+01 1.565247584249852864e+01 8.602325267042626677e+00 1.315294643796590535e+01 6.324555320336759046e+00 3.014962686336266984e+01 4.472135954999579610e+00 2.061552812808830382e+01 1.414213562373095145e+00 3.671511950137163893e+01 3.275667870831839679e+01 1.860107523773827509e+01 3.138470965295043058e+01 0.000000000000000000e+00 2.118962010041709121e+01 2.501999200639360765e+01 6.000000000000000000e+00 3.162277660168379523e+00 3.827531841800927737e+01
7.000000000000000000e+00 2.507987240796890660e+01 1.140175425099137918e+01 9.055385138137417300e+00 1.019803902718556898e+01 1.749285568453590045e+01 1.345362404707370985e+01 6.082762530298219339e+00 1.523154621172781731e+01 1.769180601295413169e+01 1.140175425099137918e+01 1.802775637731994607e+01 1.077032961426900748e+01 2.109502310972898798e+01 2.000000000000000000e+00 2.184032966784155505e+01 1.627882059609970611e+01 1.843908891458577415e+01 6.403124237432848531e+00 2.039607805437113797e+01 2.118962010041709121e+01 0.000000000000000000e+00 2.765863337187866122e+01 1.565247584249852864e+01 1.802775637731994607e+01 1.843908891458577415e+01
2.280350850198275836e+01 8.246211251235321171e+00 2.325940669922601600e+01 2.376972864800942631e+01 3.488552708502481892e+01 2.765863337187866122e+01 3.046309242345563462e+01 3.301514803843835466e+01 3.534119409414458346e+01 3.104834939252004844e+01 3.041381265149109936e+01 1.923538406167134340e+01 3.801315561749642313e+01 2.915475947422650194e+01 2.900000000000000000e+01 2.400000000000000000e+01 3.373425558686599857e+01 4.596737973824481571e+01 2.126029162546929996e+01 1.711724276862369010e+01 2.501999200639360765e+01 2.765863337187866122e+01 0.000000000000000000e+00 2.596150997149434048e+01 2.433105012119287736e+01 3.324154027718932269e+01
9.899494936611665352e+00 1.923538406167134340e+01 5.000000000000000000e+00 2.193171219946130890e+01 2.563201123595259290e+01 2.236067977499789805e+00 5.830951894845300743e+00 2.088061301782110135e+01 1.063014581273464998e+01 5.099019513592784492e+00 7.280109889280518054e+00 7.211102550927978250e+00 2.418677324489564739e+01 5.656854249492380582e+00 1.486606874731850603e+01 7.071067811865475505e+00 3.162277660168379256e+01 2.692582403567251959e+01 1.421267040355189515e+01 2.879236009777593708e+01 6.000000000000000000e+00 1.565247584249852864e+01 2.596150997149434048e+01 0.000000000000000000e+00 3.162277660168379523e+00 3.342154993413680586e+01
1.166190378969060149e+01 1.708800749063506075e+01 6.708203932499369415e+00 2.343074902771996193e+01 2.816025568065744622e+01 3.605551275463989125e+00 8.944271909999159220e+00 2.353720459187963954e+01 1.360147050873544394e+01 7.211102550927978250e+00 1.044030650891055068e+01 5.099019513592784492e+00 2.707397274136176790e+01 5.099019513592784492e+00 1.746424919657297892e+01 4.000000000000000000e+00 3.361547262794321966e+01 3.008321791298264714e+01 1.562049935181330795e+01 2.906888370749726747e+01 3.162277660168379523e+00 1.802775637731994607e+01 2.433105012119287736e+01 3.162277660168379523e+00 0.000000000000000000e+00 3.522782990761707111e+01
2.360084744241189370e+01 3.522782990761707111e+01 2.860069929215018192e+01 1.208304597359457233e+01 1.216552506059643868e+01 3.546829570193639825e+01 3.189043743820394994e+01 1.615549442140351033e+01 3.328663395418647752e+01 3.606937759374286401e+01 2.983286778035259701e+01 3.354101966249684352e+01 1.811077027627483460e+01 3.905124837953326988e+01 2.000000000000000000e+01 3.858756276314947797e+01 3.000000000000000000e+00 2.800000000000000000e+01 1.972308292331602075e+01 1.708800749063506075e+01 3.827531841800927737e+01 1.843908891458577415e+01 3.324154027718932269e+01 3.342154993413680586e+01 3.522782990761707111e+01 0.000000000000000000e+00
