0.000000000000000000e+00 4.000000000000000000e+00 3.920459156782531807e+01 1.100000000000000000e+01 2.088061301782110135e+01 3.640054944640259293e+01 3.710795063055894616e+01 4.455333881989092504e+01 2.969848480983499428e+01 2.906888370749726747e+01 3.298484500494128469e+01 1.236931687685298087e+01 2.236067977499789805e+00 2.927456233660889495e+01 3.860051813123756403e+01 8.485281374238569541e+00 3.522782990761707111e+01 2.561249694973139412e+01 1.500000000000000000e+01 8.246211251235321171e+00 3.214031735997639316e+01
4.000000000000000000e+00 0.000000000000000000e+00 3.612478373637688378e+01 1.170469991071962568e+01 2.009975124224177989e+01 3.257299494980465937e+01 3.324154027718932269e+01 4.186884283091664116e+01 2.701851217221259205e+01 2.751363298439520833e+01 3.224903099319419653e+01 8.544003745317530374e+00 5.385164807134503739e+00 2.531797780234432693e+01 3.635931792539568619e+01 6.324555320336759046e+00 3.201562118716424266e+01 2.332380757938120297e+01 1.552417469626002422e+01 4.472135954999579610e+00 2.816025568065744622e+01
3.920459156782531807e+01 3.612478373637688378e+01 0.000000000000000000e+00 3.361547262794321966e+01 2.531797780234432693e+01 1.456021977856103611e+01 1.581138830084189628e+01 8.000000000000000000e+00 1.044030650891055068e+01 1.811077027627483460e+01 2.435159132377184221e+01 3.301514803843835466e+01 3.883297567789519888e+01 2.807133769523639799e+01 1.063014581273464998e+01 3.905124837953326988e+01 4.472135954999579610e+00 1.552417469626002422e+01 3.228002478313794654e+01 3.182766092567909766e+01 2.701851217221259205e+01
1.100000000000000000e+01 1.170469991071962568e+01 3.361547262794321966e+01 0.000000000000000000e+00 1.081665382639196871e+01 3.501428280002319582e+01 3.605551275463989214e+01 3.744329045369811126e+01 2.325940669922601600e+01 1.984943324127920761e+01 2.247220505424423109e+01 1.843908891458577415e+01 9.055385138137417300e+00 3.264965543462901820e+01 3.047950130825634218e+01 1.802775637731994607e+01 3.036445290137795183e+01 1.835755975068581947e+01 4.000000000000000000e+00 1.204159457879229578e+01 3.492849839314595783e+01
2.088061301782110135e+01 2.009975124224177989e+01 2.531797780234432693e+01 1.081665382639196871e+01 0.000000000000000000e+00 3.067572330035593353e+01 3.195309061734091571e+01 2.773084924772409465e+01 1.503329637837290811e+01 9.219544457292887074e+00 1.216552506059643868e+01 2.376972864800942631e+01 1.931320791582796659e+01 3.324154027718932269e+01 2.024845673131658685e+01 2.600000000000000000e+01 2.300000000000000000e+01 1.000000000000000000e+01 7.810249675906653977e+00 1.811077027627483460e+01 3.471310991541956525e+01
3.640054944640259293e+01 3.257299494980465937e+01 1.456021977856103611e+01 3.501428280002319582e+01 3.067572330035593353e+01 0.000000000000000000e+00 1.414213562373095145e+00 2.236067977499789805e+01 1.780449381476485726e+01 2.720294101747088789e+01 3.482814953453599571e+01 2.641968962724581260e+01 3.687817782917154830e+01 1.523154621172781731e+01 2.418677324489564739e+01 3.312099032335839155e+01 1.166190378969060149e+01 2.147091055358388800e+01 3.535533905932737753e+01 2.816025568065744622e+01 1.334166406412633421e+01
3.710795063055894616e+01 3.324154027718932269e+01 1.581138830084189628e+01 3.605551275463989214e+01 3.195309061734091571e+01 1.414213562373095145e+00 0.000000000000000000e+00 2.353720459187963954e+01 1.920937271229854559e+01 2.860069929215018192e+01 3.623534186398687496e+01 2.683281572999747766e+01 3.765634076752546378e+01 1.476482306023340030e+01 2.555386467836127551e+01 3.354101966249684352e+01 1.303840481040529831e+01 2.282542442102665348e+01 3.649657518178931781e+01 2.886173937932362321e+01 1.264911064067351809e+01
4.455333881989092504e+01 4.186884283091664116e+01 8.000000000000000000e+00 3.744329045369811126e+01 2.773084924772409465e+01 2.236067977499789805e+01 2.353720459187963954e+01 0.000000000000000000e+00 1.486606874731850603e+01 1.897366596101027625e+01 2.300000000000000000e+01 3.982461550347975532e+01 4.386342439892261780e+01 3.605551275463989214e+01 8.062257748298549132e+00 4.548626166217663780e+01 1.216552506059643868e+01 1.920937271229854559e+01 3.535533905932737753e+01 3.780211634287159939e+01 3.501428280002319582e+01
2.969848480983499428e+01 2.701851217221259205e+01 1.044030650891055068e+01 2.325940669922601600e+01 1.503329637837290811e+01 1.780449381476485726e+01 1.920937271229854559e+01 1.486606874731850603e+01 0.000000000000000000e+00 9.433981132056603158e+00 1.702938636592640265e+01 2.563201123595259290e+01 2.906888370749726747e+01 2.624880949681337583e+01 1.019803902718556898e+01 3.088689042296100240e+01 8.062257748298549132e+00 5.099019513592784492e+00 2.184032966784155505e+01 2.302172886644267535e+01 2.640075756488817049e+01
2.906888370749726747e+01 2.751363298439520833e+01 1.811077027627483460e+01 1.984943324127920761e+01 9.219544457292887074e+00 2.720294101747088789e+01 2.860069929215018192e+01 1.897366596101027625e+01 9.433981132056603158e+00 0.000000000000000000e+00 7.810249675906653977e+00 2.901723625709381693e+01 2.778488797889960793e+01 3.400000000000000000e+01 1.118033988749894903e+01 3.275667870831839679e+01 1.708800749063506075e+01 6.708203932499369415e+00 1.702938636592640265e+01 2.451530134426252516e+01 3.466987164671942878e+01
3.298484500494128469e+01 3.224903099319419653e+01 2.435159132377184221e+01 2.247220505424423109e+01 1.216552506059643868e+01 3.482814953453599571e+01 3.623534186398687496e+01 2.300000000000000000e+01 1.702938636592640265e+01 7.810249675906653977e+00 0.000000000000000000e+00 3.522782990761707111e+01 3.132091952673165025e+01 4.167733196834941367e+01 1.503329637837290811e+01 3.805259518088089266e+01 2.418677324489564739e+01 1.442220510185595650e+01 1.878829422805593552e+01 3.000000000000000000e+01 4.243819034784588951e+01
1.236931687685298087e+01 8.544003745317530374e+00 3.301514803843835466e+01 1.843908891458577415e+01 2.376972864800942631e+01 2.641968962724581260e+01 2.683281572999747766e+01 3.982461550347975532e+01 2.563201123595259290e+01 2.901723625709381693e+01 3.522782990761707111e+01 0.000000000000000000e+00 1.392838827718411920e+01 1.702938636592640265e+01 3.573513677041127323e+01 6.708203932499369415e+00 2.860069929215018192e+01 2.334523505985750447e+01 2.163330765278393741e+01 6.403124237432848531e+00 2.000000000000000000e+01
2.236067977499789805e+00 5.385164807134503739e+00 3.883297567789519888e+01 9.055385138137417300e+00 1.931320791582796659e+01 3.687817782917154830e+01 3.765634076752546378e+01 4.386342439892261780e+01 2.906888370749726747e+01 2.778488797889960793e+01 3.132091952673165025e+01 1.392838827718411920e+01 0.000000000000000000e+00 3.059411708155671050e+01 3.764306044943742080e+01 1.063014581273464998e+01 3.498571136907180090e+01 2.475883680627989492e+01 1.303840481040529831e+01 9.000000000000000000e+00 3.337663853655727308e+01
2.927456233660889495e+01 2.531797780234432693e+01 2.807133769523639799e+01 3.264965543462901820e+01 3.324154027718932269e+01 1.523154621172781731e+01 1.476482306023340030e+01 3.605551275463989214e+01 2.624880949681337583e+01 3.400000000000000000e+01 4.167733196834941367e+01 1.702938636592640265e+01 3.059411708155671050e+01 0.000000000000000000e+00 3.551056180912940619e+01 2.308679276123039159e+01 2.400000000000000000e+01 2.729468812791236232e+01 3.466987164671942878e+01 2.184032966784155505e+01 3.162277660168379523e+00
3.860051813123756403e+01 3.635931792539568619e+01 1.063014581273464998e+01 3.047950130825634218e+01 2.024845673131658685e+01 2.418677324489564739e+01 2.555386467836127551e+01 8.062257748298549132e+00 1.019803902718556898e+01 1.118033988749894903e+01 1.503329637837290811e+01 3.573513677041127323e+01 3.764306044943742080e+01 3.551056180912940619e+01 0.000000000000000000e+00 4.071854614300466579e+01 1.252996408614166768e+01 1.303840481040529831e+01 2.801785145224380003e+01 3.264965543462901820e+01 3.517101079013794873e+01
8.485281374238569541e+00 6.324555320336759046e+00 3.905124837953326988e+01 1.802775637731994607e+01 2.600000000000000000e+01 3.312099032335839155e+01 3.354101966249684352e+01 4.548626166217663780e+01 3.088689042296100240e+01 3.275667870831839679e+01 3.805259518088089266e+01 6.708203932499369415e+00 1.063014581273464998e+01 2.308679276123039159e+01 4.071854614300466579e+01 0.000000000000000000e+00 3.471310991541956525e+01 2.785677655436823841e+01 2.184032966784155505e+01 8.246211251235321171e+00 2.617250465660480074e+01
3.522782990761707111e+01 3.201562118716424266e+01 4.472135954999579610e+00 3.036445290137795183e+01 2.300000000000000000e+01 1.166190378969060149e+01 1.303840481040529831e+01 1.216552506059643868e+01 8.062257748298549132e+00 1.708800749063506075e+01 2.418677324489564739e+01 2.860069929215018192e+01 3.498571136907180090e+01 2.400000000000000000e+01 1.252996408614166768e+01 3.471310991541956525e+01 0.000000000000000000e+00 1.300000000000000000e+01 2.942787793912432193e+01 2.765863337187866122e+01 2.319482700948640286e+01
2.561249694973139412e+01 2.332380757938120297e+01 1.552417469626002422e+01 1.835755975068581947e+01 1.000000000000000000e+01 2.147091055358388800e+01 2.282542442102665348e+01 1.920937271229854559e+01 5.099019513592784492e+00 6.708203932499369415e+00 1.442220510185595650e+01 2.334523505985750447e+01 2.475883680627989492e+01 2.729468812791236232e+01 1.303840481040529831e+01 2.785677655436823841e+01 1.300000000000000000e+01 0.000000000000000000e+00 1.676305461424021104e+01 1.969771560359220786e+01 2.801785145224380003e+01
1.500000000000000000e+01 1.552417469626002422e+01 3.228002478313794654e+01 4.000000000000000000e+00 7.810249675906653977e+00 3.535533905932737753e+01 3.649657518178931781e+01 3.535533905932737753e+01 2.184032966784155505e+01 1.702938636592640265e+01 1.878829422805593552e+01 2.163330765278393741e+01 1.303840481040529831e+01 3.466987164671942878e+01 2.801785145224380003e+01 2.184032966784155505e+01 2.942787793912432193e+01 1.676305461424021104e+01 0.000000000000000000e+00 1.526433752247374720e+01 3.671511950137163893e+01
8.246211251235321171e+00 4.472135954999579610e+00 3.182766092567909766e+01 1.204159457879229578e+01 1.811077027627483460e+01 2.816025568065744622e+01 2.886173937932362321e+01 3.780211634287159939e+01 2.302172886644267535e+01 2.451530134426252516e+01 3.000000000000000000e+01 6.403124237432848531e+00 9.000000000000000000e+00 2.184032966784155505e+01 3.264965543462901820e+01 8.246211251235321171e+00 2.765863337187866122e+01 1.969771560359220786e+01 1.526433752247374720e+01 0.000000000000000000e+00 2.451530134426252516e+01
3.214031735997639316e+01 2.816025568065744622e+01 2.701851217221259205e+01 3.492849839314595783e+01 3.471310991541956525e+01 1.334166406412633421e+01 1.264911064067351809e+01 3.501428280002319582e+01 2.640075756488817049e+01 3.466987164671942878e+01 4.243819034784588951e+01 2.000000000000000000e+01 3.337663853655727308e+01 3.162277660168379523e+00 3.517101079013794873e+01 2.617250465660480074e+01 2.319482700948640286e+01 2.801785145224380003e+01 3.671511950137163893e+01 2.451530134426252516e+01 0.000000000000000000e+00
