0.000000000000000000e+00 2.865309756378880479e+01 1.081665382639196871e+01 9.848857801796103928e+00 2.262741699796952233e+01 1.702938636592640265e+01 1.170469991071962568e+01 2.745906043549196340e+01 9.000000000000000000e+00 1.414213562373095101e+01 1.104536101718726115e+01 7.071067811865475505e+00 2.247220505424423109e+01 2.109502310972898798e+01 3.605551275463989125e+00 1.341640786499873883e+01 6.708203932499369415e+00 1.910497317454279909e+01 2.475883680627989492e+01 2.024845673131658685e+01
2.865309756378880479e+01 0.000000000000000000e+00 3.944616584663204151e+01 2.158703314492290204e+01 9.219544457292887074e+00 3.811823710509183627e+01 2.280350850198275836e+01 2.236067977499789805e+00 3.676955262170046979e+01 3.522782990761707111e+01 2.617250465660480074e+01 3.189043743820394994e+01 2.668332812825266842e+01 7.615773105863908654e+00 3.224903099319419653e+01 4.045985664828781836e+01 2.549509756796392423e+01 1.341640786499873883e+01 7.615773105863908654e+00 2.184032966784155505e+01
1.081665382639196871e+01 3.944616584663204151e+01 0.000000000000000000e+00 1.984943324127920761e+01 3.330165161069342616e+01 1.746424919657297892e+01 2.009975124224177989e+01 3.827531841800927737e+01 6.000000000000000000e+00 1.603121954188139853e+01 1.878829422805593552e+01 1.004987562112088995e+01 2.863564212655270680e+01 3.190611226708763226e+01 7.211102550927978250e+00 6.708203932499369415e+00 1.529705854077835525e+01 2.912043955712207222e+01 3.546829570193639825e+01 2.801785145224380003e+01
9.848857801796103928e+00 2.158703314492290204e+01 1.984943324127920761e+01 0.000000000000000000e+00 1.389244398944980396e+01 1.711724276862369010e+01 1.476482306023340030e+01 1.992485884517127559e+01 1.581138830084189628e+01 1.403566884761819900e+01 5.385164807134503739e+00 1.627882059609970611e+01 2.580697580112788003e+01 1.414213562373095101e+01 1.303840481040529831e+01 2.325940669922601600e+01 1.216552506059643868e+01 1.655294535724684835e+01 1.612451549659709826e+01 2.193171219946130890e+01
2.262741699796952233e+01 9.219544457292887074e+00 3.330165161069342616e+01 1.389244398944980396e+01 0.000000000000000000e+00 2.942787793912432193e+01 2.061552812808830382e+01 7.071067811865475505e+00 2.968164415931165934e+01 2.668332812825266842e+01 1.772004514666934938e+01 2.745906043549196340e+01 2.816025568065744622e+01 5.385164807134503739e+00 2.617250465660480074e+01 3.560898762952971452e+01 2.147091055358388800e+01 1.431782106327635340e+01 2.236067977499789805e+00 2.319482700948640286e+01
1.702938636592640265e+01 3.811823710509183627e+01 1.746424919657297892e+01 1.711724276862369010e+01 2.942787793912432193e+01 0.000000000000000000e+00 2.830194339616981125e+01 3.622154055254966920e+01 1.170469991071962568e+01 3.162277660168379523e+00 1.200000000000000000e+01 2.280350850198275836e+01 3.940812099047606409e+01 3.100000000000000000e+01 1.640121946685672683e+01 2.404163056034261459e+01 2.360084744241189370e+01 3.324154027718932269e+01 3.157530680769388809e+01 3.671511950137163893e+01
1.170469991071962568e+01 2.280350850198275836e+01 2.009975124224177989e+01 1.476482306023340030e+01 2.061552812808830382e+01 2.830194339616981125e+01 0.000000000000000000e+00 2.247220505424423109e+01 2.039607805437113797e+01 2.523885892824792521e+01 1.920937271229854559e+01 1.044030650891055068e+01 1.131370849898476116e+01 1.655294535724684835e+01 1.414213562373095101e+01 1.878829422805593552e+01 5.099019513592784492e+00 1.000000000000000000e+01 2.213594362117865444e+01 8.544003745317530374e+00
2.745906043549196340e+01 2.236067977499789805e+00 3.827531841800927737e+01 1.992485884517127559e+01 7.071067811865475505e+00 3.622154055254966920e+01 2.247220505424423109e+01 0.000000000000000000e+00 3.534119409414458346e+01 3.337663853655727308e+01 2.433105012119287736e+01 3.111269837220809009e+01 2.729468812791236232e+01 6.403124237432848531e+00 3.106444913401813324e+01 3.962322551231790158e+01 2.475883680627989492e+01 1.360147050873544394e+01 5.385164807134503739e+00 2.236067977499789805e+01
9.000000000000000000e+00 3.676955262170046979e+01 6.000000000000000000e+00 1.581138830084189628e+01 2.968164415931165934e+01 1.170469991071962568e+01 2.039607805437113797e+01 3.534119409414458346e+01 0.000000000000000000e+00 1.004987562112088995e+01 1.360147050873544394e+01 1.220655561573370207e+01 3.046309242345563462e+01 2.915475947422650194e+01 6.324555320336759046e+00 1.236931687685298087e+01 1.529705854077835525e+01 2.807133769523639799e+01 3.190611226708763226e+01 2.886173937932362321e+01
1.414213562373095101e+01 3.522782990761707111e+01 1.603121954188139853e+01 1.403566884761819900e+01 2.668332812825266842e+01 3.162277660168379523e+00 2.523885892824792521e+01 3.337663853655727308e+01 1.004987562112088995e+01 0.000000000000000000e+00 9.055385138137417300e+00 2.024845673131658685e+01 3.640054944640259293e+01 2.801785145224380003e+01 1.389244398944980396e+01 2.236067977499789805e+01 2.061552812808830382e+01 3.008321791298264714e+01 2.886173937932362321e+01 3.361547262794321966e+01
1.104536101718726115e+01 2.617250465660480074e+01 1.878829422805593552e+01 5.385164807134503739e+00 1.772004514666934938e+01 1.200000000000000000e+01 1.920937271229854559e+01 2.433105012119287736e+01 1.360147050873544394e+01 9.055385138137417300e+00 0.000000000000000000e+00 1.811077027627483460e+01 3.047950130825634218e+01 1.900000000000000000e+01 1.315294643796590535e+01 2.353720459187963954e+01 1.565247584249852864e+01 2.193171219946130890e+01 1.992485884517127559e+01 2.690724809414741969e+01
7.071067811865475505e+00 3.189043743820394994e+01 1.004987562112088995e+01 1.627882059609970611e+01 2.745906043549196340e+01 2.280350850198275836e+01 1.044030650891055068e+01 3.111269837220809009e+01 1.220655561573370207e+01 2.024845673131658685e+01 1.811077027627483460e+01 0.000000000000000000e+00 1.868154169226940553e+01 2.475883680627989492e+01 6.403124237432848531e+00 8.602325267042626677e+00 6.403124237432848531e+00 2.012461179749810825e+01 2.941088233970548416e+01 1.800000000000000000e+01
2.247220505424423109e+01 2.668332812825266842e+01 2.863564212655270680e+01 2.580697580112788003e+01 2.816025568065744622e+01 3.940812099047606409e+01 1.131370849898476116e+01 2.729468812791236232e+01 3.046309242345563462e+01 3.640054944640259293e+01 3.047950130825634218e+01 1.868154169226940553e+01 0.000000000000000000e+00 2.302172886644267535e+01 2.416609194718914466e+01 2.500000000000000000e+01 1.581138830084189628e+01 1.400000000000000000e+01 2.901723625709381693e+01 5.000000000000000000e+00
2.109502310972898798e+01 7.615773105863908654e+00 3.190611226708763226e+01 1.414213562373095101e+01 5.385164807134503739e+00 3.100000000000000000e+01 1.655294535724684835e+01 6.403124237432848531e+00 2.915475947422650194e+01 2.801785145224380003e+01 1.900000000000000000e+01 2.475883680627989492e+01 2.302172886644267535e+01 0.000000000000000000e+00 2.469817807045693669e+01 3.324154027718932269e+01 1.843908891458577415e+01 9.055385138137417300e+00 6.000000000000000000e+00 1.802775637731994607e+01
3.605551275463989125e+00 3.224903099319419653e+01 7.211102550927978250e+00 1.303840481040529831e+01 2.617250465660480074e+01 1.640121946685672683e+01 1.414213562373095101e+01 3.106444913401813324e+01 6.324555320336759046e+00 1.389244398944980396e+01 1.315294643796590535e+01 6.403124237432848531e+00 2.416609194718914466e+01 2.469817807045693669e+01 0.000000000000000000e+00 1.044030650891055068e+01 9.055385138137417300e+00 2.236067977499789805e+01 2.831960451701259274e+01 2.256102834535695578e+01
1.341640786499873883e+01 4.045985664828781836e+01 6.708203932499369415e+00 2.325940669922601600e+01 3.560898762952971452e+01 2.404163056034261459e+01 1.878829422805593552e+01 3.962322551231790158e+01 1.236931687685298087e+01 2.236067977499789805e+01 2.353720459187963954e+01 8.602325267042626677e+00 2.500000000000000000e+01 3.324154027718932269e+01 1.044030650891055068e+01 0.000000000000000000e+00 1.500000000000000000e+01 2.865309756378880479e+01 3.764306044943742080e+01 2.549509756796392423e+01
6.708203932499369415e+00 2.549509756796392423e+01 1.529705854077835525e+01 1.216552506059643868e+01 2.147091055358388800e+01 2.360084744241189370e+01 5.099019513592784492e+00 2.475883680627989492e+01 1.529705854077835525e+01 2.061552812808830382e+01 1.565247584249852864e+01 6.403124237432848531e+00 1.581138830084189628e+01 1.843908891458577415e+01 9.055385138137417300e+00 1.500000000000000000e+01 0.000000000000000000e+00 1.392838827718411920e+01 2.332380757938120297e+01 1.360147050873544394e+01
1.910497317454279909e+01 1.341640786499873883e+01 2.912043955712207222e+01 1.655294535724684835e+01 1.431782106327635340e+01 3.324154027718932269e+01 1.000000000000000000e+01 1.360147050873544394e+01 2.807133769523639799e+01 3.008321791298264714e+01 2.193171219946130890e+01 2.012461179749810825e+01 1.400000000000000000e+01 9.055385138137417300e+00 2.236067977499789805e+01 2.865309756378880479e+01 1.392838827718411920e+01 0.000000000000000000e+00 1.503329637837290811e+01 9.000000000000000000e+00
2.475883680627989492e+01 7.615773105863908654e+00 3.546829570193639825e+01 1.612451549659709826e+01 2.236067977499789805e+00 3.157530680769388809e+01 2.213594362117865444e+01 5.385164807134503739e+00 3.190611226708763226e+01 2.886173937932362321e+01 1.992485884517127559e+01 2.941088233970548416e+01 2.901723625709381693e+01 6.000000000000000000e+00 2.831960451701259274e+01 3.764306044943742080e+01 2.332380757938120297e+01 1.503329637837290811e+01 0.000000000000000000e+00 2.402082429892862692e+01
2.024845673131658685e+01 2.184032966784155505e+01 2.801785145224380003e+01 2.193171219946130890e+01 2.319482700948640286e+01 3.671511950137163893e+01 8.544003745317530374e+00 2.236067977499789805e+01 2.886173937932362321e+01 3.361547262794321966e+01 2.690724809414741969e+01 1.800000000000000000e+01 5.000000000000000000e+00 1.802775637731994607e+01 2.256102834535695578e+01 2.549509756796392423e+01 1.360147050873544394e+01 9.000000000000000000e+00 2.402082429892862692e+01 0.000000000000000000e+00
