0.000000000000000000e+00 2.549509756796392423e+01 3.342154993413680586e+01 1.523154621172781731e+01 1.923538406167134340e+01 2.039607805437113797e+01 1.941648783894759944e+01 2.280350850198275836e+01 3.195309061734091571e+01 2.202271554554523902e+01 1.878829422805593552e+01 2.284731931759172596e+01 1.802775637731994607e+01 9.055385138137417300e+00 5.385164807134503739e+00 2.353720459187963954e+01 1.208304597359457233e+01 2.376972864800942631e+01 6.403124237432848531e+00 2.154065922853801496e+01 1.077032961426900748e+01 2.954657340538831534e+01 7.071067811865475505e+00 3.780211634287159939e+01
2.549509756796392423e+01 0.000000000000000000e+00 1.513274595042155646e+01 1.923538406167134340e+01 2.154065922853801496e+01 2.846049894151541437e+01 2.308679276123039159e+01 1.702938636592640265e+01 2.308679276123039159e+01 6.708203932499369415e+00 1.615549442140351033e+01 3.352610922848042208e+01 2.961418578992169515e+01 2.408318915758459156e+01 2.640075756488817049e+01 3.046309242345563462e+01 3.452535300326413648e+01 2.236067977499789805e+00 3.138470965295043058e+01 3.228002478313794654e+01 3.624913792078371699e+01 2.334523505985750447e+01 1.897366596101027625e+01 1.389244398944980396e+01
3.342154993413680586e+01 1.513274595042155646e+01 0.000000000000000000e+00 3.275667870831839679e+01 1.931320791582796659e+01 2.570992026436488231e+01 3.733630940518894192e+01 3.201562118716424266e+01 3.807886552931954327e+01 1.264911064067351809e+01 1.581138830084189628e+01 3.041381265149109936e+01 2.846049894151541437e+01 2.780287754891568852e+01 3.635931792539568619e+01 2.617250465660480074e+01 3.827531841800927737e+01 1.702938636592640265e+01 3.982461550347975532e+01 2.961418578992169515e+01 4.313930922024598402e+01 3.847076812334268681e+01 2.640075756488817049e+01 9.486832980505138124e+00
1.523154621172781731e+01 1.923538406167134340e+01 3.275667870831839679e+01 0.000000000000000000e+00 2.731300056749532601e+01 3.162277660168379256e+01 5.385164807134503739e+00 8.000000000000000000e+00 1.676305461424021104e+01 2.022374841615668473e+01 2.376972864800942631e+01 3.546829570193639825e+01 3.047950130825634218e+01 2.121320343559642652e+01 1.204159457879229578e+01 3.466987164671942878e+01 2.731300056749532601e+01 1.700000000000000000e+01 1.802775637731994607e+01 3.405877273185280529e+01 2.408318915758459156e+01 1.431782106327635340e+01 1.421267040355189515e+01 3.312099032335839155e+01
1.923538406167134340e+01 2.154065922853801496e+01 1.931320791582796659e+01 2.731300056749532601e+01 0.000000000000000000e+00 7.071067811865475505e+00 3.269556544854363267e+01 3.140063693621516450e+01 4.036087214122112954e+01 1.486606874731850603e+01 5.385164807134503739e+00 1.216552506059643868e+01 9.219544457292887074e+00 1.077032961426900748e+01 2.402082429892862692e+01 8.944271909999159220e+00 1.979898987322333070e+01 2.147091055358388800e+01 2.500000000000000000e+01 1.104536101718726115e+01 2.641968962724581260e+01 3.920459156782531807e+01 1.414213562373095101e+01 2.729468812791236232e+01
2.039607805437113797e+01 2.846049894151541437e+01 2.570992026436488231e+01 3.162277660168379256e+01 7.071067811865475505e+00 0.000000000000000000e+00 3.689173349139343117e+01 3.676955262170046979e+01 4.601086828130936368e+01 2.184032966784155505e+01 1.236931687685298087e+01 5.099019513592784492e+00 3.605551275463989125e+00 1.140175425099137918e+01 2.570992026436488231e+01 3.162277660168379523e+00 1.655294535724684835e+01 2.823118842698620767e+01 2.500000000000000000e+01 4.000000000000000000e+00 2.473863375370596174e+01 4.455333881989092504e+01 1.749285568453590045e+01 3.413209633175202384e+01
1.941648783894759944e+01 2.308679276123039159e+01 3.733630940518894192e+01 5.385164807134503739e+00 3.269556544854363267e+01 3.689173349139343117e+01 0.000000000000000000e+00 7.810249675906653977e+00 1.400000000000000000e+01 2.501999200639360765e+01 2.912043955712207222e+01 4.060788100849390503e+01 3.560898762952971452e+01 2.624880949681337583e+01 1.523154621172781731e+01 3.996248240537617136e+01 3.138470965295043058e+01 2.088061301782110135e+01 2.088061301782110135e+01 3.920459156782531807e+01 2.692582403567251959e+01 1.104536101718726115e+01 1.941648783894759944e+01 3.676955262170046979e+01
2.280350850198275836e+01 1.702938636592640265e+01 3.201562118716424266e+01 8.000000000000000000e+00 3.140063693621516450e+01 3.676955262170046979e+01 7.810249675906653977e+00 0.000000000000000000e+00 9.433981132056603158e+00 2.061552812808830382e+01 2.692582403567251959e+01 4.110960958218893069e+01 3.623534186398687496e+01 2.745906043549196340e+01 2.002498439450078749e+01 3.962322551231790158e+01 3.478505426185217431e+01 1.500000000000000000e+01 2.601922366251537611e+01 3.969886648255841521e+01 3.206243908376279705e+01 7.810249675906653977e+00 2.024845673131658685e+01 3.008321791298264714e+01
3.195309061734091571e+01 2.308679276123039159e+01 3.807886552931954327e+01 1.676305461424021104e+01 4.036087214122112954e+01 4.601086828130936368e+01 1.400000000000000000e+01 9.433981132056603158e+00 0.000000000000000000e+00 2.817800560721074277e+01 3.560898762952971452e+01 5.044799302251775686e+01 4.560701700396551672e+01 3.689173349139343117e+01 2.863564212655270680e+01 4.879549159502340672e+01 4.401136216933077350e+01 2.154065922853801496e+01 3.452535300326413648e+01 4.904079934095691584e+01 4.060788100849390503e+01 3.162277660168379523e+00 2.968164415931165934e+01 3.400000000000000000e+01
2.202271554554523902e+01 6.708203932499369415e+00 1.264911064067351809e+01 2.022374841615668473e+01 1.486606874731850603e+01 2.184032966784155505e+01 2.501999200639360765e+01 2.061552812808830382e+01 2.817800560721074277e+01 0.000000000000000000e+00 9.486832980505138124e+00 2.692582403567251959e+01 2.319482700948640286e+01 1.868154169226940553e+01 2.420743687382040932e+01 2.376972864800942631e+01 2.941088233970548416e+01 7.071067811865475505e+00 2.831960451701259274e+01 2.570992026436488231e+01 3.244996147917590434e+01 2.785677655436823841e+01 1.500000000000000000e+01 1.581138830084189628e+01
1.878829422805593552e+01 1.615549442140351033e+01 1.581138830084189628e+01 2.376972864800942631e+01 5.385164807134503739e+00 1.236931687685298087e+01 2.912043955712207222e+01 2.692582403567251959e+01 3.560898762952971452e+01 9.486832980505138124e+00 0.000000000000000000e+00 1.746424919657297892e+01 1.400000000000000000e+01 1.204159457879229578e+01 2.280350850198275836e+01 1.431782106327635340e+01 2.247220505424423109e+01 1.612451549659709826e+01 2.505992817228333536e+01 1.627882059609970611e+01 2.765863337187866122e+01 3.466987164671942878e+01 1.236931687685298087e+01 2.280350850198275836e+01
2.284731931759172596e+01 3.352610922848042208e+01 3.041381265149109936e+01 3.546829570193639825e+01 1.216552506059643868e+01 5.099019513592784492e+00 4.060788100849390503e+01 4.110960958218893069e+01 5.044799302251775686e+01 2.692582403567251959e+01 1.746424919657297892e+01 0.000000000000000000e+00 5.000000000000000000e+00 1.442220510185595650e+01 2.823118842698620767e+01 4.472135954999579610e+00 1.612451549659709826e+01 3.324154027718932269e+01 2.647640458974745314e+01 1.414213562373095145e+00 2.501999200639360765e+01 4.883646178829911833e+01 2.126029162546929996e+01 3.905124837953326988e+01
1.802775637731994607e+01 2.961418578992169515e+01 2.846049894151541437e+01 3.047950130825634218e+01 9.219544457292887074e+00 3.605551275463989125e+00 3.560898762952971452e+01 3.623534186398687496e+01 4.560701700396551672e+01 2.319482700948640286e+01 1.400000000000000000e+01 5.000000000000000000e+00 0.000000000000000000e+00 9.433981132056603158e+00 2.340939982143925135e+01 6.082762530298219339e+00 1.300000000000000000e+01 2.912043955712207222e+01 2.209072203437452231e+01 3.605551275463989125e+00 2.137755832643194864e+01 4.393176527297759293e+01 1.627882059609970611e+01 3.649657518178931781e+01
9.055385138137417300e+00 2.408318915758459156e+01 2.780287754891568852e+01 2.121320343559642652e+01 1.077032961426900748e+01 1.140175425099137918e+01 2.624880949681337583e+01 2.745906043549196340e+01 3.689173349139343117e+01 1.868154169226940553e+01 1.204159457879229578e+01 1.442220510185595650e+01 9.433981132056603158e+00 0.000000000000000000e+00 1.431782106327635340e+01 1.456021977856103611e+01 1.077032961426900748e+01 2.300000000000000000e+01 1.431782106327635340e+01 1.303840481040529831e+01 1.581138830084189628e+01 3.500000000000000000e+01 7.211102550927978250e+00 3.401470270338990076e+01
5.385164807134503739e+00 2.640075756488817049e+01 3.635931792539568619e+01 1.204159457879229578e+01 2.402082429892862692e+01 2.570992026436488231e+01 1.523154621172781731e+01 2.002498439450078749e+01 2.863564212655270680e+01 2.420743687382040932e+01 2.280350850198275836e+01 2.823118842698620767e+01 2.340939982143925135e+01 1.431782106327635340e+01 0.000000000000000000e+00 2.886173937932362321e+01 1.640121946685672683e+01 2.441311123146740414e+01 6.000000000000000000e+00 2.692582403567251959e+01 1.204159457879229578e+01 2.596150997149434048e+01 1.044030650891055068e+01 3.959797974644666141e+01
2.353720459187963954e+01 3.046309242345563462e+01 2.617250465660480074e+01 3.466987164671942878e+01 8.944271909999159220e+00 3.162277660168379523e+00 3.996248240537617136e+01 3.962322551231790158e+01 4.879549159502340672e+01 2.376972864800942631e+01 1.431782106327635340e+01 4.472135954999579610e+00 6.082762530298219339e+00 1.456021977856103611e+01 2.886173937932362321e+01 0.000000000000000000e+00 1.897366596101027625e+01 3.041381265149109936e+01 2.801785145224380003e+01 4.242640687119284770e+00 2.745906043549196340e+01 4.742362280551750331e+01 2.059126028197400160e+01 3.500000000000000000e+01
1.208304597359457233e+01 3.452535300326413648e+01 3.827531841800927737e+01 2.731300056749532601e+01 1.979898987322333070e+01 1.655294535724684835e+01 3.138470965295043058e+01 3.478505426185217431e+01 4.401136216933077350e+01 2.941088233970548416e+01 2.247220505424423109e+01 1.612451549659709826e+01 1.300000000000000000e+01 1.077032961426900748e+01 1.640121946685672683e+01 1.897366596101027625e+01 0.000000000000000000e+00 3.324154027718932269e+01 1.220655561573370207e+01 1.529705854077835525e+01 9.055385138137417300e+00 4.162931659299729859e+01 1.600000000000000000e+01 4.477722635447621968e+01
2.376972864800942631e+01 2.236067977499789805e+00 1.702938636592640265e+01 1.700000000000000000e+01 2.147091055358388800e+01 2.823118842698620767e+01 2.088061301782110135e+01 1.500000000000000000e+01 2.154065922853801496e+01 7.071067811865475505e+00 1.612451549659709826e+01 3.324154027718932269e+01 2.912043955712207222e+01 2.300000000000000000e+01 2.441311123146740414e+01 3.041381265149109936e+01 3.324154027718932269e+01 0.000000000000000000e+00 2.952964612046680060e+01 3.195309061734091571e+01 3.453983207834108526e+01 2.158703314492290204e+01 1.746424919657297892e+01 1.612451549659709826e+01
6.403124237432848531e+00 3.138470965295043058e+01 3.982461550347975532e+01 1.802775637731994607e+01 2.500000000000000000e+01 2.500000000000000000e+01 2.088061301782110135e+01 2.601922366251537611e+01 3.452535300326413648e+01 2.831960451701259274e+01 2.505992817228333536e+01 2.647640458974745314e+01 2.209072203437452231e+01 1.431782106327635340e+01 6.000000000000000000e+00 2.801785145224380003e+01 1.220655561573370207e+01 2.952964612046680060e+01 0.000000000000000000e+00 2.531797780234432693e+01 6.082762530298219339e+00 3.178049716414140846e+01 1.345362404707370985e+01 4.404543109109047805e+01
2.154065922853801496e+01 3.228002478313794654e+01 2.961418578992169515e+01 3.405877273185280529e+01 1.104536101718726115e+01 4.000000000000000000e+00 3.920459156782531807e+01 3.969886648255841521e+01 4.904079934095691584e+01 2.570992026436488231e+01 1.627882059609970611e+01 1.414213562373095145e+00 3.605551275463989125e+00 1.303840481040529831e+01 2.692582403567251959e+01 4.242640687119284770e+00 1.529705854077835525e+01 3.195309061734091571e+01 2.531797780234432693e+01 0.000000000000000000e+00 2.408318915758459156e+01 4.742362280551750331e+01 1.984943324127920761e+01 3.811823710509183627e+01
1.077032961426900748e+01 3.624913792078371699e+01 4.313930922024598402e+01 2.408318915758459156e+01 2.641968962724581260e+01 2.473863375370596174e+01 2.692582403567251959e+01 3.206243908376279705e+01 4.060788100849390503e+01 3.244996147917590434e+01 2.765863337187866122e+01 2.501999200639360765e+01 2.137755832643194864e+01 1.581138830084189628e+01 1.204159457879229578e+01 2.745906043549196340e+01 9.055385138137417300e+00 3.453983207834108526e+01 6.082762530298219339e+00 2.408318915758459156e+01 0.000000000000000000e+00 3.785498646149540036e+01 1.749285568453590045e+01 4.825971404805461873e+01
2.954657340538831534e+01 2.334523505985750447e+01 3.847076812334268681e+01 1.431782106327635340e+01 3.920459156782531807e+01 4.455333881989092504e+01 1.104536101718726115e+01 7.810249675906653977e+00 3.162277660168379523e+00 2.785677655436823841e+01 3.466987164671942878e+01 4.883646178829911833e+01 4.393176527297759293e+01 3.500000000000000000e+01 2.596150997149434048e+01 4.742362280551750331e+01 4.162931659299729859e+01 2.158703314492290204e+01 3.178049716414140846e+01 4.742362280551750331e+01 3.785498646149540036e+01 0.000000000000000000e+00 2.780287754891568852e+01 3.512833614050059339e+01
7.071067811865475505e+00 1.897366596101027625e+01 2.640075756488817049e+01 1.421267040355189515e+01 1.414213562373095101e+01 1.749285568453590045e+01 1.941648783894759944e+01 2.024845673131658685e+01 2.968164415931165934e+01 1.500000000000000000e+01 1.236931687685298087e+01 2.126029162546929996e+01 1.627882059609970611e+01 7.211102550927978250e+00 1.044030650891055068e+01 2.059126028197400160e+01 1.600000000000000000e+01 1.746424919657297892e+01 1.345362404707370985e+01 1.984943324127920761e+01 1.749285568453590045e+01 2.780287754891568852e+01 0.000000000000000000e+00 3.080584360149872580e+01
3.780211634287159939e+01 1.389244398944980396e+01 9.486832980505138124e+00 3.312099032335839155e+01 2.729468812791236232e+01 3.413209633175202384e+01 3.676955262170046979e+01 3.008321791298264714e+01 3.400000000000000000e+01 1.581138830084189628e+01 2.280350850198275836e+01 3.905124837953326988e+01 3.649657518178931781e+01 3.401470270338990076e+01 3.959797974644666141e+01 3.500000000000000000e+01 4.477722635447621968e+01 1.612451549659709826e+01 4.404543109109047805e+01 3.811823710509183627e+01 4.825971404805461873e+01 3.512833614050059339e+01 3.080584360149872580e+01 0.000000000000000000e+00
