0.000000000000000000e+00 2.256102834535695578e+01 2.247220505424423109e+01 1.923538406167134340e+01 1.140175425099137918e+01 3.231098884280702066e+01 3.324154027718932269e+01 2.927456233660889495e+01 1.431782106327635340e+01 1.615549442140351033e+01 1.200000000000000000e+01 2.451530134426252516e+01 2.823118842698620767e+01 3.863935817272331263e+01 7.211102550927978250e+00 4.110960958218893069e+01 2.483948469674844262e+01 8.000000000000000000e+00 1.910497317454279909e+01 3.992492955535426091e+01 6.082762530298219339e+00 3.601388621073821383e+01
2.256102834535695578e+01 0.000000000000000000e+00 2.126029162546929996e+01 2.865309756378880479e+01 1.118033988749894903e+01 4.220189569201838253e+01 4.110960958218893069e+01 3.000000000000000000e+01 3.687817782917154830e+01 7.071067811865475505e+00 2.308679276123039159e+01 1.019803902718556898e+01 2.370653918225939449e+01 4.393176527297759293e+01 2.601922366251537611e+01 3.517101079013794873e+01 1.523154621172781731e+01 1.486606874731850603e+01 2.441311123146740414e+01 3.275667870831839679e+01 2.102379604162863913e+01 3.744329045369811126e+01
2.247220505424423109e+01 2.126029162546929996e+01 0.000000000000000000e+00 1.118033988749894903e+01 1.824828759089465890e+01 2.193171219946130890e+01 2.024845673131658685e+01 8.944271909999159220e+00 3.255764119219941222e+01 1.655294535724684835e+01 1.204159457879229578e+01 3.052867504494749440e+01 5.830951894845300743e+00 2.267156809750926882e+01 1.920937271229854559e+01 1.868154169226940553e+01 8.246211251235321171e+00 2.100000000000000000e+01 6.324555320336759046e+00 1.746424919657297892e+01 1.655294535724684835e+01 1.655294535724684835e+01
1.923538406167134340e+01 2.865309756378880479e+01 1.118033988749894903e+01 0.000000000000000000e+00 2.126029162546929996e+01 1.421267040355189515e+01 1.431782106327635340e+01 1.220655561573370207e+01 2.459674775249768786e+01 2.220360331117451835e+01 7.615773105863908654e+00 3.612478373637688378e+01 1.565247584249852864e+01 1.941648783894759944e+01 1.303840481040529831e+01 2.561249694973139412e+01 1.900000000000000000e+01 2.195449840010014952e+01 5.000000000000000000e+00 2.545584412271571040e+01 1.360147050873544394e+01 1.746424919657297892e+01
1.140175425099137918e+01 1.118033988749894903e+01 1.824828759089465890e+01 2.126029162546929996e+01 0.000000000000000000e+00 3.546829570193639825e+01 3.522782990761707111e+01 2.692582403567251959e+01 2.570992026436488231e+01 5.000000000000000000e+00 1.421267040355189515e+01 1.526433752247374720e+01 2.300000000000000000e+01 3.935733730830885690e+01 1.529705854077835525e+01 3.605551275463989214e+01 1.676305461424021104e+01 4.242640687119284770e+00 1.835755975068581947e+01 3.423448553724738019e+01 1.044030650891055068e+01 3.448187929913333249e+01
3.231098884280702066e+01 4.220189569201838253e+01 2.193171219946130890e+01 1.421267040355189515e+01 3.546829570193639825e+01 0.000000000000000000e+00 3.605551275463989125e+00 1.603121954188139853e+01 3.306055050963308162e+01 3.612478373637688378e+01 2.163330765278393741e+01 5.020956084253276686e+01 2.334523505985750447e+01 9.433981132056603158e+00 2.529822128134703618e+01 2.657066051117284644e+01 3.008321791298264714e+01 3.605551275463989214e+01 1.780449381476485726e+01 2.789265136196270589e+01 2.729468812791236232e+01 1.431782106327635340e+01
3.324154027718932269e+01 4.110960958218893069e+01 2.024845673131658685e+01 1.431782106327635340e+01 3.522782990761707111e+01 3.605551275463989125e+00 0.000000000000000000e+00 1.334166406412633421e+01 3.535533905932737753e+01 3.538361202590826338e+01 2.193171219946130890e+01 4.957822102496216132e+01 2.088061301782110135e+01 6.324555320336759046e+00 2.647640458974745314e+01 2.308679276123039159e+01 2.817800560721074277e+01 3.623534186398687496e+01 1.702938636592640265e+01 2.451530134426252516e+01 2.785677655436823841e+01 1.077032961426900748e+01
2.927456233660889495e+01 3.000000000000000000e+01 8.944271909999159220e+00 1.220655561573370207e+01 2.692582403567251959e+01 1.603121954188139853e+01 1.334166406412633421e+01 0.000000000000000000e+00 3.671511950137163893e+01 2.549509756796392423e+01 1.746424919657297892e+01 3.944616584663204151e+01 7.615773105863908654e+00 1.421267040355189515e+01 2.435159132377184221e+01 1.345362404707370985e+01 1.562049935181330795e+01 2.927456233660889495e+01 1.019803902718556898e+01 1.360147050873544394e+01 2.319482700948640286e+01 7.615773105863908654e+00
1.431782106327635340e+01 3.687817782917154830e+01 3.255764119219941222e+01 2.459674775249768786e+01 2.570992026436488231e+01 3.306055050963308162e+01 3.535533905932737753e+01 3.671511950137163893e+01 0.000000000000000000e+00 3.036445290137795183e+01 2.051828452868319275e+01 3.805259518088089266e+01 3.828837943815329226e+01 4.159326868617084472e+01 1.345362404707370985e+01 4.992995093127971273e+01 3.720215047547655018e+01 2.220360331117451835e+01 2.720294101747088789e+01 4.940647730814249883e+01 1.749285568453590045e+01 4.178516483155235761e+01
1.615549442140351033e+01 7.071067811865475505e+00 1.655294535724684835e+01 2.220360331117451835e+01 5.000000000000000000e+00 3.612478373637688378e+01 3.538361202590826338e+01 2.549509756796392423e+01 3.036445290137795183e+01 0.000000000000000000e+00 1.615549442140351033e+01 1.421267040355189515e+01 2.039607805437113797e+01 3.883297567789519888e+01 1.900000000000000000e+01 3.306055050963308162e+01 1.303840481040529831e+01 9.219544457292887074e+00 1.838477631085023489e+01 3.100000000000000000e+01 1.400000000000000000e+01 3.310589071449369669e+01
1.200000000000000000e+01 2.308679276123039159e+01 1.204159457879229578e+01 7.615773105863908654e+00 1.421267040355189515e+01 2.163330765278393741e+01 2.193171219946130890e+01 1.746424919657297892e+01 2.051828452868319275e+01 1.615549442140351033e+01 0.000000000000000000e+00 2.941088233970548416e+01 1.780449381476485726e+01 2.692582403567251959e+01 7.211102550927978250e+00 2.996664812754339380e+01 1.746424919657297892e+01 1.442220510185595650e+01 7.280109889280518054e+00 2.915475947422650194e+01 6.082762530298219339e+00 2.402082429892862692e+01
2.451530134426252516e+01 1.019803902718556898e+01 3.052867504494749440e+01 3.612478373637688378e+01 1.526433752247374720e+01 5.020956084253276686e+01 4.957822102496216132e+01 3.944616584663204151e+01 3.805259518088089266e+01 1.421267040355189515e+01 2.941088233970548416e+01 0.000000000000000000e+00 3.361547262794321966e+01 5.300943312279428454e+01 3.008321791298264714e+01 4.535416188179426911e+01 2.529822128134703618e+01 1.676305461424021104e+01 3.255764119219941222e+01 4.295346318982905842e+01 2.549509756796392423e+01 4.701063709417263681e+01
2.823118842698620767e+01 2.370653918225939449e+01 5.830951894845300743e+00 1.565247584249852864e+01 2.300000000000000000e+01 2.334523505985750447e+01 2.088061301782110135e+01 7.615773105863908654e+00 3.828837943815329226e+01 2.039607805437113797e+01 1.780449381476485726e+01 3.361547262794321966e+01 0.000000000000000000e+00 2.163330765278393741e+01 2.500000000000000000e+01 1.315294643796590535e+01 8.602325267042626677e+00 2.617250465660480074e+01 1.140175425099137918e+01 1.170469991071962568e+01 2.236067977499789805e+01 1.414213562373095101e+01
3.863935817272331263e+01 4.393176527297759293e+01 2.267156809750926882e+01 1.941648783894759944e+01 3.935733730830885690e+01 9.433981132056603158e+00 6.324555320336759046e+00 1.421267040355189515e+01 4.159326868617084472e+01 3.883297567789519888e+01 2.692582403567251959e+01 5.300943312279428454e+01 2.163330765278393741e+01 0.000000000000000000e+00 3.214031735997639316e+01 2.002498439450078749e+01 2.983286778035259701e+01 4.085339643163099055e+01 2.102379604162863913e+01 2.202271554554523902e+01 3.298484500494128469e+01 8.246211251235321171e+00
7.211102550927978250e+00 2.601922366251537611e+01 1.920937271229854559e+01 1.303840481040529831e+01 1.529705854077835525e+01 2.529822128134703618e+01 2.647640458974745314e+01 2.435159132377184221e+01 1.345362404707370985e+01 1.900000000000000000e+01 7.211102550927978250e+00 3.008321791298264714e+01 2.500000000000000000e+01 3.214031735997639316e+01 0.000000000000000000e+00 3.712142238654116966e+01 2.385372088375312671e+01 1.341640786499873883e+01 1.431782106327635340e+01 3.635931792539568619e+01 5.000000000000000000e+00 3.041381265149109936e+01
4.110960958218893069e+01 3.517101079013794873e+01 1.868154169226940553e+01 2.561249694973139412e+01 3.605551275463989214e+01 2.657066051117284644e+01 2.308679276123039159e+01 1.345362404707370985e+01 4.992995093127971273e+01 3.306055050963308162e+01 2.996664812754339380e+01 4.535416188179426911e+01 1.315294643796590535e+01 2.002498439450078749e+01 3.712142238654116966e+01 0.000000000000000000e+00 2.022374841615668473e+01 3.931920650267500150e+01 2.282542442102665348e+01 2.828427124746190291e+00 3.511409973215887703e+01 1.236931687685298087e+01
2.483948469674844262e+01 1.523154621172781731e+01 8.246211251235321171e+00 1.900000000000000000e+01 1.676305461424021104e+01 3.008321791298264714e+01 2.817800560721074277e+01 1.562049935181330795e+01 3.720215047547655018e+01 1.303840481040529831e+01 1.746424919657297892e+01 2.529822128134703618e+01 8.602325267042626677e+00 2.983286778035259701e+01 2.385372088375312671e+01 2.022374841615668473e+01 0.000000000000000000e+00 2.061552812808830382e+01 1.400000000000000000e+01 1.802775637731994607e+01 1.984943324127920761e+01 2.267156809750926882e+01
8.000000000000000000e+00 1.486606874731850603e+01 2.100000000000000000e+01 2.195449840010014952e+01 4.242640687119284770e+00 3.605551275463989214e+01 3.623534186398687496e+01 2.927456233660889495e+01 2.220360331117451835e+01 9.219544457292887074e+00 1.442220510185595650e+01 1.676305461424021104e+01 2.617250465660480074e+01 4.085339643163099055e+01 1.341640786499873883e+01 3.931920650267500150e+01 2.061552812808830382e+01 0.000000000000000000e+00 1.992485884517127559e+01 3.765634076752546378e+01 9.219544457292887074e+00 3.667424164178449786e+01
1.910497317454279909e+01 2.441311123146740414e+01 6.324555320336759046e+00 5.000000000000000000e+00 1.835755975068581947e+01 1.780449381476485726e+01 1.702938636592640265e+01 1.019803902718556898e+01 2.720294101747088789e+01 1.838477631085023489e+01 7.280109889280518054e+00 3.255764119219941222e+01 1.140175425099137918e+01 2.102379604162863913e+01 1.431782106327635340e+01 2.282542442102665348e+01 1.400000000000000000e+01 1.992485884517127559e+01 0.000000000000000000e+00 2.220360331117451835e+01 1.303840481040529831e+01 1.702938636592640265e+01
3.992492955535426091e+01 3.275667870831839679e+01 1.746424919657297892e+01 2.545584412271571040e+01 3.423448553724738019e+01 2.789265136196270589e+01 2.451530134426252516e+01 1.360147050873544394e+01 4.940647730814249883e+01 3.100000000000000000e+01 2.915475947422650194e+01 4.295346318982905842e+01 1.170469991071962568e+01 2.202271554554523902e+01 3.635931792539568619e+01 2.828427124746190291e+00 1.802775637731994607e+01 3.765634076752546378e+01 2.220360331117451835e+01 0.000000000000000000e+00 3.401470270338990076e+01 1.403566884761819900e+01
6.082762530298219339e+00 2.102379604162863913e+01 1.655294535724684835e+01 1.360147050873544394e+01 1.044030650891055068e+01 2.729468812791236232e+01 2.785677655436823841e+01 2.319482700948640286e+01 1.749285568453590045e+01 1.400000000000000000e+01 6.082762530298219339e+00 2.549509756796392423e+01 2.236067977499789805e+01 3.298484500494128469e+01 5.000000000000000000e+00 3.511409973215887703e+01 1.984943324127920761e+01 9.219544457292887074e+00 1.303840481040529831e+01 3.401470270338990076e+01 0.000000000000000000e+00 3.000000000000000000e+01
3.601388621073821383e+01 3.744329045369811126e+01 1.655294535724684835e+01 1.746424919657297892e+01 3.448187929913333249e+01 1.431782106327635340e+01 1.077032961426900748e+01 7.615773105863908654e+00 4.178516483155235761e+01 3.310589071449369669e+01 2.402082429892862692e+01 4.701063709417263681e+01 1.414213562373095101e+01 8.246211251235321171e+00 3.041381265149109936e+01 1.236931687685298087e+01 2.267156809750926882e+01 3.667424164178449786e+01 1.702938636592640265e+01 1.403566884761819900e+01 3.000000000000000000e+01 0.000000000000000000e+00
