0.000000000000000000e+00 2.109502310972898798e+01 1.004987562112088995e+01 2.517935662402834396e+01 1.360147050873544394e+01 2.247220505424423109e+01 1.824828759089465890e+01 1.503329637837290811e+01 3.417601498127012150e+01 2.600000000000000000e+01 2.154065922853801496e+01 1.526433752247374720e+01 2.137755832643194864e+01 3.001666203960726875e+01 2.716615541441224835e+01 3.584689665786984136e+01 3.275667870831839679e+01 5.099019513592784492e+00 2.469817807045693669e+01 2.061552812808830382e+01 2.137755832643194864e+01 2.865309756378880479e+01 2.400000000000000000e+01 8.062257748298549132e+00 2.000000000000000000e+00 4.482186966202993972e+01
2.109502310972898798e+01 0.000000000000000000e+00 1.902629759044044633e+01 1.063014581273464998e+01 7.615773105863908654e+00 4.242640687119284770e+00 8.000000000000000000e+00 1.236931687685298087e+01 1.403566884761819900e+01 1.360147050873544394e+01 2.751363298439520833e+01 5.830951894845300743e+00 2.416609194718914466e+01 8.944271909999159220e+00 2.193171219946130890e+01 1.476482306023340030e+01 1.456021977856103611e+01 1.802775637731994607e+01 5.385164807134503739e+00 6.324555320336759046e+00 1.720465053408525335e+01 7.615773105863908654e+00 1.252996408614166768e+01 2.785677655436823841e+01 1.941648783894759944e+01 2.404163056034261459e+01
1.004987562112088995e+01 1.902629759044044633e+01 0.000000000000000000e+00 2.692582403567251959e+01 1.216552506059643868e+01 2.209072203437452231e+01 2.024845673131658685e+01 1.941648783894759944e+01 3.306055050963308162e+01 2.879236009777593708e+01 1.220655561573370207e+01 1.414213562373095101e+01 1.140175425099137918e+01 2.745906043549196340e+01 1.746424919657297892e+01 3.298484500494128469e+01 3.313608305156178346e+01 5.385164807134503739e+00 2.402082429892862692e+01 2.158703314492290204e+01 1.208304597359457233e+01 2.630589287593181069e+01 2.692582403567251959e+01 1.140175425099137918e+01 1.044030650891055068e+01 4.024922359499621649e+01
2.517935662402834396e+01 1.063014581273464998e+01 2.692582403567251959e+01 0.000000000000000000e+00 1.486606874731850603e+01 6.403124237432848531e+00 7.000000000000000000e+00 1.077032961426900748e+01 1.140175425099137918e+01 3.162277660168379523e+00 3.712142238654116966e+01 1.300000000000000000e+01 3.413209633175202384e+01 1.204159457879229578e+01 3.255764119219941222e+01 1.615549442140351033e+01 8.062257748298549132e+00 2.408318915758459156e+01 6.324555320336759046e+00 5.385164807134503739e+00 2.765863337187866122e+01 1.100000000000000000e+01 3.162277660168379523e+00 3.306055050963308162e+01 2.319482700948640286e+01 2.692582403567251959e+01
1.360147050873544394e+01 7.615773105863908654e+00 1.216552506059643868e+01 1.486606874731850603e+01 0.000000000000000000e+00 1.000000000000000000e+01 8.602325267042626677e+00 9.848857801796103928e+00 2.137755832643194864e+01 1.700000000000000000e+01 2.247220505424423109e+01 2.000000000000000000e+00 1.984943324127920761e+01 1.655294535724684835e+01 2.061552812808830382e+01 2.236067977499789805e+01 2.102379604162863913e+01 1.044030650891055068e+01 1.204159457879229578e+01 9.486832980505138124e+00 1.476482306023340030e+01 1.523154621172781731e+01 1.526433752247374720e+01 2.024845673131658685e+01 1.204159457879229578e+01 3.124099870362661591e+01
2.247220505424423109e+01 4.242640687119284770e+00 2.209072203437452231e+01 6.403124237432848531e+00 1.000000000000000000e+01 0.000000000000000000e+00 5.830951894845300743e+00 1.081665382639196871e+01 1.170469991071962568e+01 9.433981132056603158e+00 3.138470965295043058e+01 8.000000000000000000e+00 2.817800560721074277e+01 8.602325267042626677e+00 2.617250465660480074e+01 1.414213562373095101e+01 1.104536101718726115e+01 2.022374841615668473e+01 2.236067977499789805e+00 3.162277660168379523e+00 2.140093455903269515e+01 7.211102550927978250e+00 8.544003745317530374e+00 2.983286778035259701e+01 2.061552812808830382e+01 2.441311123146740414e+01
1.824828759089465890e+01 8.000000000000000000e+00 2.024845673131658685e+01 7.000000000000000000e+00 8.602325267042626677e+00 5.830951894845300743e+00 0.000000000000000000e+00 5.000000000000000000e+00 1.664331697709323876e+01 8.544003745317530374e+00 3.106444913401813324e+01 7.071067811865475505e+00 2.842534080710379030e+01 1.442220510185595650e+01 2.830194339616981125e+01 1.984943324127920761e+01 1.456021977856103611e+01 1.711724276862369010e+01 7.810249675906653977e+00 2.828427124746190291e+00 2.280350850198275836e+01 1.303840481040529831e+01 6.708203932499369415e+00 2.607680962081059661e+01 1.627882059609970611e+01 3.023243291566194912e+01
1.503329637837290811e+01 1.236931687685298087e+01 1.941648783894759944e+01 1.077032961426900748e+01 9.848857801796103928e+00 1.081665382639196871e+01 5.000000000000000000e+00 0.000000000000000000e+00 2.140093455903269515e+01 1.104536101718726115e+01 3.114482300479487265e+01 9.219544457292887074e+00 2.906888370749726747e+01 1.941648783894759944e+01 3.046309242345563462e+01 2.483948469674844262e+01 1.878829422805593552e+01 1.523154621172781731e+01 1.280624847486569706e+01 7.810249675906653977e+00 2.459674775249768786e+01 1.802775637731994607e+01 9.055385138137417300e+00 2.308679276123039159e+01 1.303840481040529831e+01 3.522782990761707111e+01
3.417601498127012150e+01 1.403566884761819900e+01 3.306055050963308162e+01 1.140175425099137918e+01 2.137755832643194864e+01 1.170469991071962568e+01 1.664331697709323876e+01 2.140093455903269515e+01 0.000000000000000000e+00 1.341640786499873883e+01 4.079215610874227593e+01 1.941648783894759944e+01 3.710795063055894616e+01 6.708203932499369415e+00 3.264965543462901820e+01 6.082762530298219339e+00 5.000000000000000000e+00 3.178049716414140846e+01 9.486832980505138124e+00 1.389244398944980396e+01 2.941088233970548416e+01 7.280109889280518054e+00 1.442220510185595650e+01 4.148493702538308270e+01 3.231098884280702066e+01 1.627882059609970611e+01
2.600000000000000000e+01 1.360147050873544394e+01 2.879236009777593708e+01 3.162277660168379523e+00 1.700000000000000000e+01 9.433981132056603158e+00 8.544003745317530374e+00 1.104536101718726115e+01 1.341640786499873883e+01 0.000000000000000000e+00 3.944616584663204151e+01 1.526433752247374720e+01 3.661966684720110976e+01 1.500000000000000000e+01 3.546829570193639825e+01 1.868154169226940553e+01 9.219544457292887074e+00 2.549509756796392423e+01 9.486832980505138124e+00 7.810249675906653977e+00 3.041381265149109936e+01 1.403566884761819900e+01 2.000000000000000000e+00 3.401470270338990076e+01 2.400000000000000000e+01 2.941088233970548416e+01
2.154065922853801496e+01 2.751363298439520833e+01 1.220655561573370207e+01 3.712142238654116966e+01 2.247220505424423109e+01 3.138470965295043058e+01 3.106444913401813324e+01 3.114482300479487265e+01 4.079215610874227593e+01 3.944616584663204151e+01 0.000000000000000000e+00 2.418677324489564739e+01 4.123105625617660586e+00 3.436568055487916240e+01 1.303840481040529831e+01 3.905124837953326988e+01 4.205948168962618183e+01 1.749285568453590045e+01 3.289376840679705083e+01 3.176476034853718033e+01 1.204159457879229578e+01 3.354101966249684352e+01 3.773592452822641263e+01 1.900000000000000000e+01 2.236067977499789805e+01 4.373785545725807822e+01
1.526433752247374720e+01 5.830951894845300743e+00 1.414213562373095101e+01 1.300000000000000000e+01 2.000000000000000000e+00 8.000000000000000000e+00 7.071067811865475505e+00 9.219544457292887074e+00 1.941648783894759944e+01 1.526433752247374720e+01 2.418677324489564739e+01 0.000000000000000000e+00 2.140093455903269515e+01 1.476482306023340030e+01 2.147091055358388800e+01 2.059126028197400160e+01 1.902629759044044633e+01 1.236931687685298087e+01 1.004987562112088995e+01 7.615773105863908654e+00 1.581138830084189628e+01 1.341640786499873883e+01 1.360147050873544394e+01 2.213594362117865444e+01 1.360147050873544394e+01 2.973213749463701205e+01
2.137755832643194864e+01 2.416609194718914466e+01 1.140175425099137918e+01 3.413209633175202384e+01 1.984943324127920761e+01 2.817800560721074277e+01 2.842534080710379030e+01 2.906888370749726747e+01 3.710795063055894616e+01 3.661966684720110976e+01 4.123105625617660586e+00 2.140093455903269515e+01 0.000000000000000000e+00 3.059411708155671050e+01 9.219544457292887074e+00 3.512833614050059339e+01 3.862641583165593318e+01 1.676305461424021104e+01 2.954657340538831534e+01 2.884441020371191300e+01 8.000000000000000000e+00 2.983286778035259701e+01 3.500000000000000000e+01 2.039607805437113797e+01 2.184032966784155505e+01 3.962322551231790158e+01
3.001666203960726875e+01 8.944271909999159220e+00 2.745906043549196340e+01 1.204159457879229578e+01 1.655294535724684835e+01 8.602325267042626677e+00 1.442220510185595650e+01 1.941648783894759944e+01 6.708203932499369415e+00 1.500000000000000000e+01 3.436568055487916240e+01 1.476482306023340030e+01 3.059411708155671050e+01 0.000000000000000000e+00 2.594224354214569317e+01 5.830951894845300743e+00 1.000000000000000000e+01 2.692582403567251959e+01 6.708203932499369415e+00 1.166190378969060149e+01 2.280350850198275836e+01 1.414213562373095145e+00 1.513274595042155646e+01 3.676955262170046979e+01 2.830194339616981125e+01 1.581138830084189628e+01
2.716615541441224835e+01 2.193171219946130890e+01 1.746424919657297892e+01 3.255764119219941222e+01 2.061552812808830382e+01 2.617250465660480074e+01 2.830194339616981125e+01 3.046309242345563462e+01 3.264965543462901820e+01 3.546829570193639825e+01 1.303840481040529831e+01 2.147091055358388800e+01 9.219544457292887074e+00 2.594224354214569317e+01 0.000000000000000000e+00 2.941088233970548416e+01 3.522782990761707111e+01 2.209072203437452231e+01 2.690724809414741969e+01 2.780287754891568852e+01 6.082762530298219339e+00 2.555386467836127551e+01 3.420526275297414287e+01 2.823118842698620767e+01 2.701851217221259205e+01 3.201562118716424266e+01
3.584689665786984136e+01 1.476482306023340030e+01 3.298484500494128469e+01 1.615549442140351033e+01 2.236067977499789805e+01 1.414213562373095101e+01 1.984943324127920761e+01 2.483948469674844262e+01 6.082762530298219339e+00 1.868154169226940553e+01 3.905124837953326988e+01 2.059126028197400160e+01 3.512833614050059339e+01 5.830951894845300743e+00 2.941088233970548416e+01 0.000000000000000000e+00 1.104536101718726115e+01 3.269556544854363267e+01 1.204159457879229578e+01 1.702938636592640265e+01 2.716615541441224835e+01 7.211102550927978250e+00 1.931320791582796659e+01 4.254409477236529824e+01 3.413209633175202384e+01 1.077032961426900748e+01
3.275667870831839679e+01 1.456021977856103611e+01 3.313608305156178346e+01 8.062257748298549132e+00 2.102379604162863913e+01 1.104536101718726115e+01 1.456021977856103611e+01 1.878829422805593552e+01 5.000000000000000000e+00 9.219544457292887074e+00 4.205948168962618183e+01 1.902629759044044633e+01 3.862641583165593318e+01 1.000000000000000000e+01 3.522782990761707111e+01 1.104536101718726115e+01 0.000000000000000000e+00 3.106444913401813324e+01 9.219544457292887074e+00 1.216552506059643868e+01 3.130495168499705727e+01 9.899494936611665352e+00 1.063014581273464998e+01 4.044749683231336945e+01 3.080584360149872580e+01 2.121320343559642652e+01
5.099019513592784492e+00 1.802775637731994607e+01 5.385164807134503739e+00 2.408318915758459156e+01 1.044030650891055068e+01 2.022374841615668473e+01 1.711724276862369010e+01 1.523154621172781731e+01 3.178049716414140846e+01 2.549509756796392423e+01 1.749285568453590045e+01 1.236931687685298087e+01 1.676305461424021104e+01 2.692582403567251959e+01 2.209072203437452231e+01 3.269556544854363267e+01 3.106444913401813324e+01 0.000000000000000000e+00 2.236067977499789805e+01 1.900000000000000000e+01 1.627882059609970611e+01 2.563201123595259290e+01 2.353720459187963954e+01 9.848857801796103928e+00 5.099019513592784492e+00 4.104875150354758517e+01
2.469817807045693669e+01 5.385164807134503739e+00 2.402082429892862692e+01 6.324555320336759046e+00 1.204159457879229578e+01 2.236067977499789805e+00 7.810249675906653977e+00 1.280624847486569706e+01 9.486832980505138124e+00 9.486832980505138124e+00 3.289376840679705083e+01 1.004987562112088995e+01 2.954657340538831534e+01 6.708203932499369415e+00 2.690724809414741969e+01 1.204159457879229578e+01 9.219544457292887074e+00 2.236067977499789805e+01 0.000000000000000000e+00 5.000000000000000000e+00 2.247220505424423109e+01 5.385164807134503739e+00 9.055385138137417300e+00 3.201562118716424266e+01 2.284731931759172596e+01 2.247220505424423109e+01
2.061552812808830382e+01 6.324555320336759046e+00 2.158703314492290204e+01 5.385164807134503739e+00 9.486832980505138124e+00 3.162277660168379523e+00 2.828427124746190291e+00 7.810249675906653977e+00 1.389244398944980396e+01 7.810249675906653977e+00 3.176476034853718033e+01 7.615773105863908654e+00 2.884441020371191300e+01 1.166190378969060149e+01 2.780287754891568852e+01 1.702938636592640265e+01 1.216552506059643868e+01 1.900000000000000000e+01 5.000000000000000000e+00 0.000000000000000000e+00 2.262741699796952233e+01 1.029563014098700080e+01 6.403124237432848531e+00 2.828427124746190202e+01 1.868154169226940553e+01 2.745906043549196340e+01
2.137755832643194864e+01 1.720465053408525335e+01 1.208304597359457233e+01 2.765863337187866122e+01 1.476482306023340030e+01 2.140093455903269515e+01 2.280350850198275836e+01 2.459674775249768786e+01 2.941088233970548416e+01 3.041381265149109936e+01 1.204159457879229578e+01 1.581138830084189628e+01 8.000000000000000000e+00 2.280350850198275836e+01 6.082762530298219339e+00 2.716615541441224835e+01 3.130495168499705727e+01 1.627882059609970611e+01 2.247220505424423109e+01 2.262741699796952233e+01 0.000000000000000000e+00 2.213594362117865444e+01 2.900000000000000000e+01 2.332380757938120297e+01 2.109502310972898798e+01 3.178049716414140846e+01
2.865309756378880479e+01 7.615773105863908654e+00 2.630589287593181069e+01 1.100000000000000000e+01 1.523154621172781731e+01 7.211102550927978250e+00 1.303840481040529831e+01 1.802775637731994607e+01 7.280109889280518054e+00 1.403566884761819900e+01 3.354101966249684352e+01 1.341640786499873883e+01 2.983286778035259701e+01 1.414213562373095145e+00 2.555386467836127551e+01 7.211102550927978250e+00 9.899494936611665352e+00 2.563201123595259290e+01 5.385164807134503739e+00 1.029563014098700080e+01 2.213594362117865444e+01 0.000000000000000000e+00 1.403566884761819900e+01 3.546829570193639825e+01 2.692582403567251959e+01 1.720465053408525335e+01
2.400000000000000000e+01 1.252996408614166768e+01 2.692582403567251959e+01 3.162277660168379523e+00 1.526433752247374720e+01 8.544003745317530374e+00 6.708203932499369415e+00 9.055385138137417300e+00 1.442220510185595650e+01 2.000000000000000000e+00 3.773592452822641263e+01 1.360147050873544394e+01 3.500000000000000000e+01 1.513274595042155646e+01 3.420526275297414287e+01 1.931320791582796659e+01 1.063014581273464998e+01 2.353720459187963954e+01 9.055385138137417300e+00 6.403124237432848531e+00 2.900000000000000000e+01 1.403566884761819900e+01 0.000000000000000000e+00 3.201562118716424266e+01 2.200000000000000000e+01 3.008321791298264714e+01
8.062257748298549132e+00 2.785677655436823841e+01 1.140175425099137918e+01 3.306055050963308162e+01 2.024845673131658685e+01 2.983286778035259701e+01 2.607680962081059661e+01 2.308679276123039159e+01 4.148493702538308270e+01 3.401470270338990076e+01 1.900000000000000000e+01 2.213594362117865444e+01 2.039607805437113797e+01 3.676955262170046979e+01 2.823118842698620767e+01 4.254409477236529824e+01 4.044749683231336945e+01 9.848857801796103928e+00 3.201562118716424266e+01 2.828427124746190202e+01 2.332380757938120297e+01 3.546829570193639825e+01 3.201562118716424266e+01 0.000000000000000000e+00 1.004987562112088995e+01 5.077400909914441485e+01
2.000000000000000000e+00 1.941648783894759944e+01 1.044030650891055068e+01 2.319482700948640286e+01 1.204159457879229578e+01 2.061552812808830382e+01 1.627882059609970611e+01 1.303840481040529831e+01 3.231098884280702066e+01 2.400000000000000000e+01 2.236067977499789805e+01 1.360147050873544394e+01 2.184032966784155505e+01 2.830194339616981125e+01 2.701851217221259205e+01 3.413209633175202384e+01 3.080584360149872580e+01 5.099019513592784492e+00 2.284731931759172596e+01 1.868154169226940553e+01 2.109502310972898798e+01 2.692582403567251959e+01 2.200000000000000000e+01 1.004987562112088995e+01 0.000000000000000000e+00 4.327817001676480402e+01
4.482186966202993972e+01 2.404163056034261459e+01 4.024922359499621649e+01 2.692582403567251959e+01 3.124099870362661591e+01 2.441311123146740414e+01 3.023243291566194912e+01 3.522782990761707111e+01 1.627882059609970611e+01 2.941088233970548416e+01 4.373785545725807822e+01 2.973213749463701205e+01 3.962322551231790158e+01 1.581138830084189628e+01 3.201562118716424266e+01 1.077032961426900748e+01 2.121320343559642652e+01 4.104875150354758517e+01 2.247220505424423109e+01 2.745906043549196340e+01 3.178049716414140846e+01 1.720465053408525335e+01 3.008321791298264714e+01 5.077400909914441485e+01 4.327817001676480402e+01 0.000000000000000000e+00
