0.000000000000000000e+00 3.104834939252004844e+01 3.534119409414458346e+01 3.231098884280702066e+01 1.170469991071962568e+01 1.118033988749894903e+01 2.475883680627989492e+01 1.431782106327635340e+01 2.024845673131658685e+01 3.546829570193639825e+01 1.044030650891055068e+01 1.600000000000000000e+01 9.433981132056603158e+00 3.000000000000000000e+01 7.071067811865475505e+00 2.789265136196270589e+01 2.202271554554523902e+01 6.324555320336759046e+00 3.088689042296100240e+01 2.469817807045693669e+01 9.848857801796103928e+00 2.220360331117451835e+01 1.720465053408525335e+01 2.416609194718914466e+01
3.104834939252004844e+01 0.000000000000000000e+00 7.280109889280518054e+00 2.000000000000000000e+01 1.941648783894759944e+01 2.507987240796890660e+01 2.773084924772409465e+01 1.941648783894759944e+01 1.104536101718726115e+01 2.121320343559642652e+01 2.282542442102665348e+01 3.841874542459709119e+01 2.500000000000000000e+01 8.000000000000000000e+00 2.901723625709381693e+01 1.529705854077835525e+01 1.204159457879229578e+01 2.600000000000000000e+01 2.319482700948640286e+01 1.029563014098700080e+01 2.137755832643194864e+01 9.433981132056603158e+00 1.612451549659709826e+01 8.246211251235321171e+00
3.534119409414458346e+01 7.280109889280518054e+00 0.000000000000000000e+00 2.707397274136176790e+01 2.370653918225939449e+01 2.745906043549196340e+01 3.492849839314595783e+01 2.545584412271571040e+01 1.526433752247374720e+01 2.801785145224380003e+01 2.842534080710379030e+01 4.455333881989092504e+01 2.789265136196270589e+01 1.513274595042155646e+01 3.201562118716424266e+01 2.256102834535695578e+01 1.886796226411320632e+01 3.106444913401813324e+01 3.041381265149109936e+01 1.118033988749894903e+01 2.549509756796392423e+01 1.562049935181330795e+01 1.868154169226940553e+01 1.118033988749894903e+01
3.231098884280702066e+01 2.000000000000000000e+01 2.707397274136176790e+01 0.000000000000000000e+00 2.483948469674844262e+01 3.330165161069342616e+01 1.300000000000000000e+01 1.835755975068581947e+01 2.195449840010014952e+01 3.162277660168379523e+00 2.193171219946130890e+01 3.026549190084311292e+01 3.201562118716424266e+01 1.200000000000000000e+01 3.466987164671942878e+01 5.830951894845300743e+00 1.360147050873544394e+01 2.600000000000000000e+01 4.242640687119284770e+00 2.657066051117284644e+01 2.640075756488817049e+01 1.700000000000000000e+01 2.720294101747088789e+01 2.340939982143925135e+01
1.170469991071962568e+01 1.941648783894759944e+01 2.370653918225939449e+01 2.483948469674844262e+01 0.000000000000000000e+00 8.485281374238569541e+00 2.213594362117865444e+01 7.615773105863908654e+00 8.544003745317530374e+00 2.780287754891568852e+01 7.071067811865475505e+00 2.282542442102665348e+01 7.211102550927978250e+00 1.941648783894759944e+01 1.044030650891055068e+01 1.941648783894759944e+01 1.208304597359457233e+01 7.810249675906653977e+00 2.483948469674844262e+01 1.345362404707370985e+01 2.000000000000000000e+00 1.104536101718726115e+01 6.708203932499369415e+00 1.252996408614166768e+01
1.118033988749894903e+01 2.507987240796890660e+01 2.745906043549196340e+01 3.330165161069342616e+01 8.485281374238569541e+00 0.000000000000000000e+00 2.996664812754339380e+01 1.581138830084189628e+01 1.431782106327635340e+01 3.623534186398687496e+01 1.392838827718411920e+01 2.647640458974745314e+01 2.000000000000000000e+00 2.692582403567251959e+01 5.000000000000000000e+00 2.780287754891568852e+01 2.024845673131658685e+01 1.204159457879229578e+01 3.330165161069342616e+01 1.627882059609970611e+01 7.211102550927978250e+00 1.838477631085023489e+01 9.000000000000000000e+00 1.700000000000000000e+01
2.475883680627989492e+01 2.773084924772409465e+01 3.492849839314595783e+01 1.300000000000000000e+01 2.213594362117865444e+01 2.996664812754339380e+01 0.000000000000000000e+00 1.456021977856103611e+01 2.402082429892862692e+01 1.552417469626002422e+01 1.612451549659709826e+01 1.802775637731994607e+01 2.817800560721074277e+01 2.080865204668481283e+01 2.941088233970548416e+01 1.345362404707370985e+01 1.649242250247064234e+01 1.920937271229854559e+01 9.219544457292887074e+00 3.014962686336266984e+01 2.284731931759172596e+01 2.039607805437113797e+01 2.729468812791236232e+01 2.729468812791236232e+01
1.431782106327635340e+01 1.941648783894759944e+01 2.545584412271571040e+01 1.835755975068581947e+01 7.615773105863908654e+00 1.581138830084189628e+01 1.456021977856103611e+01 0.000000000000000000e+00 1.118033988749894903e+01 2.147091055358388800e+01 4.000000000000000000e+00 1.910497317454279909e+01 1.421267040355189515e+01 1.627882059609970611e+01 1.640121946685672683e+01 1.360147050873544394e+01 8.246211251235321171e+00 8.062257748298549132e+00 1.769180601295413169e+01 1.746424919657297892e+01 8.602325267042626677e+00 1.000000000000000000e+01 1.300000000000000000e+01 1.526433752247374720e+01
2.024845673131658685e+01 1.104536101718726115e+01 1.526433752247374720e+01 2.195449840010014952e+01 8.544003745317530374e+00 1.431782106327635340e+01 2.402082429892862692e+01 1.118033988749894903e+01 0.000000000000000000e+00 2.441311123146740414e+01 1.345362404707370985e+01 2.983286778035259701e+01 1.403566884761819900e+01 1.303840481040529831e+01 1.800000000000000000e+01 1.612451549659709826e+01 8.544003745317530374e+00 1.581138830084189628e+01 2.340939982143925135e+01 6.324555320336759046e+00 1.044030650891055068e+01 5.000000000000000000e+00 5.830951894845300743e+00 4.242640687119284770e+00
3.546829570193639825e+01 2.121320343559642652e+01 2.801785145224380003e+01 3.162277660168379523e+00 2.780287754891568852e+01 3.623534186398687496e+01 1.552417469626002422e+01 2.147091055358388800e+01 2.441311123146740414e+01 0.000000000000000000e+00 2.507987240796890660e+01 3.313608305156178346e+01 3.500000000000000000e+01 1.334166406412633421e+01 3.773592452822641263e+01 8.485281374238569541e+00 1.627882059609970611e+01 2.915475947422650194e+01 6.324555320336759046e+00 2.863564212655270680e+01 2.941088233970548416e+01 1.941648783894759944e+01 2.983286778035259701e+01 2.549509756796392423e+01
1.044030650891055068e+01 2.282542442102665348e+01 2.842534080710379030e+01 2.193171219946130890e+01 7.071067811865475505e+00 1.392838827718411920e+01 1.612451549659709826e+01 4.000000000000000000e+00 1.345362404707370985e+01 2.507987240796890660e+01 0.000000000000000000e+00 1.640121946685672683e+01 1.208304597359457233e+01 2.022374841615668473e+01 1.345362404707370985e+01 1.746424919657297892e+01 1.216552506059643868e+01 4.123105625617660586e+00 2.080865204668481283e+01 1.941648783894759944e+01 7.071067811865475505e+00 1.341640786499873883e+01 1.360147050873544394e+01 1.769180601295413169e+01
1.600000000000000000e+01 3.841874542459709119e+01 4.455333881989092504e+01 3.026549190084311292e+01 2.282542442102665348e+01 2.647640458974745314e+01 1.802775637731994607e+01 1.910497317454279909e+01 2.983286778035259701e+01 3.313608305156178346e+01 1.640121946685672683e+01 0.000000000000000000e+00 2.451530134426252516e+01 3.400000000000000000e+01 2.302172886644267535e+01 2.846049894151541437e+01 2.662705391138869615e+01 1.523154621172781731e+01 2.701851217221259205e+01 3.580502757993631491e+01 2.193171219946130890e+01 2.906888370749726747e+01 2.952964612046680060e+01 3.405877273185280529e+01
9.433981132056603158e+00 2.500000000000000000e+01 2.789265136196270589e+01 3.201562118716424266e+01 7.211102550927978250e+00 2.000000000000000000e+00 2.817800560721074277e+01 1.421267040355189515e+01 1.403566884761819900e+01 3.500000000000000000e+01 1.208304597359457233e+01 2.451530134426252516e+01 0.000000000000000000e+00 2.624880949681337583e+01 4.123105625617660586e+00 2.662705391138869615e+01 1.923538406167134340e+01 1.004987562112088995e+01 3.182766092567909766e+01 1.676305461424021104e+01 5.656854249492380582e+00 1.772004514666934938e+01 9.219544457292887074e+00 1.711724276862369010e+01
3.000000000000000000e+01 8.000000000000000000e+00 1.513274595042155646e+01 1.200000000000000000e+01 1.941648783894759944e+01 2.692582403567251959e+01 2.080865204668481283e+01 1.627882059609970611e+01 1.303840481040529831e+01 1.334166406412633421e+01 2.022374841615668473e+01 3.400000000000000000e+01 2.624880949681337583e+01 0.000000000000000000e+00 2.983286778035259701e+01 7.615773105863908654e+00 8.062257748298549132e+00 2.408318915758459156e+01 1.529705854077835525e+01 1.581138830084189628e+01 2.137755832643194864e+01 8.544003745317530374e+00 1.886796226411320632e+01 1.280624847486569706e+01
7.071067811865475505e+00 2.901723625709381693e+01 3.201562118716424266e+01 3.466987164671942878e+01 1.044030650891055068e+01 5.000000000000000000e+00 2.941088233970548416e+01 1.640121946685672683e+01 1.800000000000000000e+01 3.773592452822641263e+01 1.345362404707370985e+01 2.302172886644267535e+01 4.123105625617660586e+00 2.983286778035259701e+01 0.000000000000000000e+00 2.952964612046680060e+01 2.247220505424423109e+01 1.029563014098700080e+01 3.405877273185280529e+01 2.088061301782110135e+01 8.544003745317530374e+00 2.137755832643194864e+01 1.334166406412633421e+01 2.121320343559642652e+01
2.789265136196270589e+01 1.529705854077835525e+01 2.256102834535695578e+01 5.830951894845300743e+00 1.941648783894759944e+01 2.780287754891568852e+01 1.345362404707370985e+01 1.360147050873544394e+01 1.612451549659709826e+01 8.485281374238569541e+00 1.746424919657297892e+01 2.846049894151541437e+01 2.662705391138869615e+01 7.615773105863908654e+00 2.952964612046680060e+01 0.000000000000000000e+00 7.810249675906653977e+00 2.158703314492290204e+01 8.000000000000000000e+00 2.088061301782110135e+01 2.109502310972898798e+01 1.118033988749894903e+01 2.140093455903269515e+01 1.772004514666934938e+01
2.202271554554523902e+01 1.204159457879229578e+01 1.886796226411320632e+01 1.360147050873544394e+01 1.208304597359457233e+01 2.024845673131658685e+01 1.649242250247064234e+01 8.246211251235321171e+00 8.544003745317530374e+00 1.627882059609970611e+01 1.216552506059643868e+01 2.662705391138869615e+01 1.923538406167134340e+01 8.062257748298549132e+00 2.247220505424423109e+01 7.810249675906653977e+00 0.000000000000000000e+00 1.603121954188139853e+01 1.486606874731850603e+01 1.403566884761819900e+01 1.392838827718411920e+01 4.000000000000000000e+00 1.360147050873544394e+01 1.100000000000000000e+01
6.324555320336759046e+00 2.600000000000000000e+01 3.106444913401813324e+01 2.600000000000000000e+01 7.810249675906653977e+00 1.204159457879229578e+01 1.920937271229854559e+01 8.062257748298549132e+00 1.581138830084189628e+01 2.915475947422650194e+01 4.123105625617660586e+00 1.523154621172781731e+01 1.004987562112088995e+01 2.408318915758459156e+01 1.029563014098700080e+01 2.158703314492290204e+01 1.603121954188139853e+01 0.000000000000000000e+00 2.469817807045693669e+01 2.121320343559642652e+01 6.708203932499369415e+00 1.676305461424021104e+01 1.442220510185595650e+01 2.000000000000000000e+01
3.088689042296100240e+01 2.319482700948640286e+01 3.041381265149109936e+01 4.242640687119284770e+00 2.483948469674844262e+01 3.330165161069342616e+01 9.219544457292887074e+00 1.769180601295413169e+01 2.340939982143925135e+01 6.324555320336759046e+00 2.080865204668481283e+01 2.701851217221259205e+01 3.182766092567909766e+01 1.529705854077835525e+01 3.405877273185280529e+01 8.000000000000000000e+00 1.486606874731850603e+01 2.469817807045693669e+01 0.000000000000000000e+00 2.863564212655270680e+01 2.617250465660480074e+01 1.868154169226940553e+01 2.817800560721074277e+01 2.549509756796392423e+01
2.469817807045693669e+01 1.029563014098700080e+01 1.118033988749894903e+01 2.657066051117284644e+01 1.345362404707370985e+01 1.627882059609970611e+01 3.014962686336266984e+01 1.746424919657297892e+01 6.324555320336759046e+00 2.863564212655270680e+01 1.941648783894759944e+01 3.580502757993631491e+01 1.676305461424021104e+01 1.581138830084189628e+01 2.088061301782110135e+01 2.088061301782110135e+01 1.403566884761819900e+01 2.121320343559642652e+01 2.863564212655270680e+01 0.000000000000000000e+00 1.500000000000000000e+01 1.004987562112088995e+01 7.615773105863908654e+00 3.162277660168379523e+00
9.848857801796103928e+00 2.137755832643194864e+01 2.549509756796392423e+01 2.640075756488817049e+01 2.000000000000000000e+00 7.211102550927978250e+00 2.284731931759172596e+01 8.602325267042626677e+00 1.044030650891055068e+01 2.941088233970548416e+01 7.071067811865475505e+00 2.193171219946130890e+01 5.656854249492380582e+00 2.137755832643194864e+01 8.544003745317530374e+00 2.109502310972898798e+01 1.392838827718411920e+01 6.708203932499369415e+00 2.617250465660480074e+01 1.500000000000000000e+01 0.000000000000000000e+00 1.303840481040529831e+01 7.810249675906653977e+00 1.431782106327635340e+01
2.220360331117451835e+01 9.433981132056603158e+00 1.562049935181330795e+01 1.700000000000000000e+01 1.104536101718726115e+01 1.838477631085023489e+01 2.039607805437113797e+01 1.000000000000000000e+01 5.000000000000000000e+00 1.941648783894759944e+01 1.341640786499873883e+01 2.906888370749726747e+01 1.772004514666934938e+01 8.544003745317530374e+00 2.137755832643194864e+01 1.118033988749894903e+01 4.000000000000000000e+00 1.676305461424021104e+01 1.868154169226940553e+01 1.004987562112088995e+01 1.303840481040529831e+01 0.000000000000000000e+00 1.063014581273464998e+01 7.000000000000000000e+00
1.720465053408525335e+01 1.612451549659709826e+01 1.868154169226940553e+01 2.720294101747088789e+01 6.708203932499369415e+00 9.000000000000000000e+00 2.729468812791236232e+01 1.300000000000000000e+01 5.830951894845300743e+00 2.983286778035259701e+01 1.360147050873544394e+01 2.952964612046680060e+01 9.219544457292887074e+00 1.886796226411320632e+01 1.334166406412633421e+01 2.140093455903269515e+01 1.360147050873544394e+01 1.442220510185595650e+01 2.817800560721074277e+01 7.615773105863908654e+00 7.810249675906653977e+00 1.063014581273464998e+01 0.000000000000000000e+00 8.000000000000000000e+00
2.416609194718914466e+01 8.246211251235321171e+00 1.118033988749894903e+01 2.340939982143925135e+01 1.252996408614166768e+01 1.700000000000000000e+01 2.729468812791236232e+01 1.526433752247374720e+01 4.242640687119284770e+00 2.549509756796392423e+01 1.769180601295413169e+01 3.405877273185280529e+01 1.711724276862369010e+01 1.280624847486569706e+01 2.121320343559642652e+01 1.772004514666934938e+01 1.100000000000000000e+01 2.000000000000000000e+01 2.549509756796392423e+01 3.162277660168379523e+00 1.431782106327635340e+01 7.000000000000000000e+00 8.000000000000000000e+00 0.000000000000000000e+00
