0.000000000000000000e+00 3.106444913401813324e+01 3.337663853655727308e+01 1.769180601295413169e+01 1.104536101718726115e+01 1.063014581273464998e+01 3.420526275297414287e+01 2.353720459187963954e+01 1.170469991071962568e+01 4.341658669218482203e+01 2.900000000000000000e+01 7.615773105863908654e+00 1.118033988749894903e+01 3.405877273185280529e+01 3.080584360149872580e+01 2.601922366251537611e+01 3.894868418830089496e+01 3.228002478313794654e+01 3.498571136907180090e+01 2.942787793912432193e+01 4.472135954999579610e+00 2.302172886644267535e+01 4.825971404805461873e+01
3.106444913401813324e+01 0.000000000000000000e+00 4.045985664828781836e+01 4.512205669071391156e+01 3.324154027718932269e+01 3.931920650267500150e+01 7.280109889280518054e+00 3.342154993413680586e+01 2.846049894151541437e+01 3.736308338453881106e+01 4.110960958218893069e+01 2.451530134426252516e+01 2.039607805437113797e+01 2.563201123595259290e+01 4.720169488482378739e+01 5.830951894845300743e+00 2.745906043549196340e+01 7.000000000000000000e+00 3.087069808086626210e+01 3.748332962798262713e+01 3.306055050963308162e+01 1.627882059609970611e+01 3.820994634908559817e+01
3.337663853655727308e+01 4.045985664828781836e+01 0.000000000000000000e+00 2.765863337187866122e+01 2.280350850198275836e+01 2.906888370749726747e+01 3.687817782917154830e+01 1.000000000000000000e+01 2.202271554554523902e+01 1.676305461424021104e+01 6.403124237432848531e+00 3.605551275463989214e+01 3.551056180912940619e+01 1.838477631085023489e+01 1.236931687685298087e+01 3.996248240537617136e+01 2.137755832643194864e+01 3.538361202590826338e+01 1.334166406412633421e+01 4.000000000000000000e+00 2.983286778035259701e+01 2.441311123146740414e+01 2.308679276123039159e+01
1.769180601295413169e+01 4.512205669071391156e+01 2.765863337187866122e+01 0.000000000000000000e+00 1.204159457879229578e+01 7.071067811865475505e+00 4.609772228646443892e+01 2.109502310972898798e+01 1.702938636592640265e+01 4.280186911806539030e+01 2.140093455903269515e+01 2.500000000000000000e+01 2.778488797889960793e+01 3.769615364994152884e+01 1.897366596101027625e+01 4.110960958218893069e+01 4.254409477236529824e+01 4.410215414239988974e+01 3.584689665786984136e+01 2.475883680627989492e+01 1.360147050873544394e+01 3.201562118716424266e+01 4.882622246293480828e+01
1.104536101718726115e+01 3.324154027718932269e+01 2.280350850198275836e+01 1.204159457879229578e+01 0.000000000000000000e+00 8.062257748298549132e+00 3.405877273185280529e+01 1.341640786499873883e+01 5.000000000000000000e+00 3.482814953453599571e+01 1.802775637731994607e+01 1.612451549659709826e+01 1.769180601295413169e+01 2.745906043549196340e+01 1.992485884517127559e+01 2.954657340538831534e+01 3.244996147917590434e+01 3.206243908376279705e+01 2.687005768508880621e+01 1.897366596101027625e+01 7.071067811865475505e+00 2.009975124224177989e+01 4.031128874149274566e+01
1.063014581273464998e+01 3.931920650267500150e+01 2.906888370749726747e+01 7.071067811865475505e+00 8.062257748298549132e+00 0.000000000000000000e+00 4.104875150354758517e+01 2.061552812808830382e+01 1.264911064067351809e+01 4.244997055358224713e+01 2.340939982143925135e+01 1.802775637731994607e+01 2.102379604162863913e+01 3.551056180912940619e+01 2.302172886644267535e+01 3.492849839314595783e+01 4.049691346263317371e+01 3.905124837953326988e+01 3.471310991541956525e+01 2.555386467836127551e+01 6.708203932499369415e+00 2.765863337187866122e+01 4.810405388322277531e+01
3.420526275297414287e+01 7.280109889280518054e+00 3.687817782917154830e+01 4.609772228646443892e+01 3.405877273185280529e+01 4.104875150354758517e+01 0.000000000000000000e+00 3.130495168499705727e+01 2.906888370749726747e+01 3.138470965295043058e+01 3.858756276314947797e+01 2.863564212655270680e+01 2.459674775249768786e+01 2.024845673131658685e+01 4.517742799230607176e+01 1.220655561573370207e+01 2.118962010041709121e+01 2.000000000000000000e+00 2.580697580112788003e+01 3.440930106817050671e+01 3.535533905932737753e+01 1.456021977856103611e+01 3.157530680769388809e+01
2.353720459187963954e+01 3.342154993413680586e+01 1.000000000000000000e+01 2.109502310972898798e+01 1.341640786499873883e+01 2.061552812808830382e+01 3.130495168499705727e+01 0.000000000000000000e+00 1.204159457879229578e+01 2.193171219946130890e+01 7.810249675906653977e+00 2.607680962081059661e+01 2.570992026436488231e+01 1.726267650163206824e+01 1.389244398944980396e+01 3.189043743820394994e+01 2.184032966784155505e+01 2.952964612046680060e+01 1.476482306023340030e+01 6.000000000000000000e+00 2.024845673131658685e+01 1.720465053408525335e+01 2.780287754891568852e+01
1.170469991071962568e+01 2.846049894151541437e+01 2.202271554554523902e+01 1.702938636592640265e+01 5.000000000000000000e+00 1.264911064067351809e+01 2.906888370749726747e+01 1.204159457879229578e+01 0.000000000000000000e+00 3.190611226708763226e+01 1.843908891458577415e+01 1.431782106327635340e+01 1.476482306023340030e+01 2.343074902771996193e+01 2.195449840010014952e+01 2.505992817228333536e+01 2.842534080710379030e+01 2.707397274136176790e+01 2.360084744241189370e+01 1.802775637731994607e+01 9.219544457292887074e+00 1.513274595042155646e+01 3.701351104664349378e+01
4.341658669218482203e+01 3.736308338453881106e+01 1.676305461424021104e+01 4.280186911806539030e+01 3.482814953453599571e+01 4.244997055358224713e+01 3.138470965295043058e+01 2.193171219946130890e+01 3.190611226708763226e+01 0.000000000000000000e+00 2.284731931759172596e+01 4.332435804486893716e+01 4.123105625617660763e+01 1.204159457879229578e+01 2.912043955712207222e+01 3.931920650267500150e+01 1.029563014098700080e+01 3.067572330035593353e+01 8.544003745317530374e+00 1.835755975068581947e+01 4.104875150354758517e+01 2.507987240796890660e+01 6.324555320336759046e+00
2.900000000000000000e+01 4.110960958218893069e+01 6.403124237432848531e+00 2.140093455903269515e+01 1.802775637731994607e+01 2.340939982143925135e+01 3.858756276314947797e+01 7.810249675906653977e+00 1.843908891458577415e+01 2.284731931759172596e+01 0.000000000000000000e+00 3.275667870831839679e+01 3.289376840679705083e+01 2.220360331117451835e+01 7.071067811865475505e+00 3.969886648255841521e+01 2.600000000000000000e+01 3.689173349139343117e+01 1.802775637731994607e+01 5.000000000000000000e+00 2.507987240796890660e+01 2.483948469674844262e+01 2.915475947422650194e+01
7.615773105863908654e+00 2.451530134426252516e+01 3.605551275463989214e+01 2.500000000000000000e+01 1.612451549659709826e+01 1.802775637731994607e+01 2.863564212655270680e+01 2.607680962081059661e+01 1.431782106327635340e+01 4.332435804486893716e+01 3.275667870831839679e+01 0.000000000000000000e+00 4.123105625617660586e+00 3.264965543462901820e+01 3.584689665786984136e+01 1.910497317454279909e+01 3.721558813185679071e+01 2.683281572999747766e+01 3.478505426185217431e+01 3.206243908376279705e+01 1.140175425099137918e+01 2.000000000000000000e+01 4.742362280551750331e+01
1.118033988749894903e+01 2.039607805437113797e+01 3.551056180912940619e+01 2.778488797889960793e+01 1.769180601295413169e+01 2.102379604162863913e+01 2.459674775249768786e+01 2.570992026436488231e+01 1.476482306023340030e+01 4.123105625617660763e+01 3.289376840679705083e+01 4.123105625617660586e+00 0.000000000000000000e+00 3.008321791298264714e+01 3.671511950137163893e+01 1.503329637837290811e+01 3.443835071544512516e+01 2.282542442102665348e+01 3.275667870831839679e+01 3.157530680769388809e+01 1.431782106327635340e+01 1.700000000000000000e+01 4.494441010848846219e+01
3.405877273185280529e+01 2.563201123595259290e+01 1.838477631085023489e+01 3.769615364994152884e+01 2.745906043549196340e+01 3.551056180912940619e+01 2.024845673131658685e+01 1.726267650163206824e+01 2.343074902771996193e+01 1.204159457879229578e+01 2.220360331117451835e+01 3.264965543462901820e+01 3.008321791298264714e+01 0.000000000000000000e+00 2.927456233660889495e+01 2.729468812791236232e+01 5.000000000000000000e+00 1.923538406167134340e+01 5.656854249492380582e+00 1.726267650163206824e+01 3.255764119219941222e+01 1.334166406412633421e+01 1.486606874731850603e+01
3.080584360149872580e+01 4.720169488482378739e+01 1.236931687685298087e+01 1.897366596101027625e+01 1.992485884517127559e+01 2.302172886644267535e+01 4.517742799230607176e+01 1.389244398944980396e+01 2.195449840010014952e+01 2.912043955712207222e+01 7.071067811865475505e+00 3.584689665786984136e+01 3.671511950137163893e+01 2.927456233660889495e+01 0.000000000000000000e+00 4.527692569068708650e+01 3.301514803843835466e+01 4.341658669218482203e+01 2.500000000000000000e+01 1.204159457879229578e+01 2.647640458974745314e+01 3.106444913401813324e+01 3.544009029333869876e+01
2.601922366251537611e+01 5.830951894845300743e+00 3.996248240537617136e+01 4.110960958218893069e+01 2.954657340538831534e+01 3.492849839314595783e+01 1.220655561573370207e+01 3.189043743820394994e+01 2.505992817228333536e+01 3.931920650267500150e+01 3.969886648255841521e+01 1.910497317454279909e+01 1.503329637837290811e+01 2.729468812791236232e+01 4.527692569068708650e+01 0.000000000000000000e+00 3.000000000000000000e+01 1.118033988749894903e+01 3.201562118716424266e+01 3.661966684720110976e+01 2.844292530665578411e+01 1.565247584249852864e+01 4.101219330881975367e+01
3.894868418830089496e+01 2.745906043549196340e+01 2.137755832643194864e+01 4.254409477236529824e+01 3.244996147917590434e+01 4.049691346263317371e+01 2.118962010041709121e+01 2.184032966784155505e+01 2.842534080710379030e+01 1.029563014098700080e+01 2.600000000000000000e+01 3.721558813185679071e+01 3.443835071544512516e+01 5.000000000000000000e+00 3.301514803843835466e+01 3.000000000000000000e+01 0.000000000000000000e+00 2.061552812808830382e+01 8.062257748298549132e+00 2.100000000000000000e+01 3.753664875824691904e+01 1.746424919657297892e+01 1.104536101718726115e+01
3.228002478313794654e+01 7.000000000000000000e+00 3.538361202590826338e+01 4.410215414239988974e+01 3.206243908376279705e+01 3.905124837953326988e+01 2.000000000000000000e+00 2.952964612046680060e+01 2.707397274136176790e+01 3.067572330035593353e+01 3.689173349139343117e+01 2.683281572999747766e+01 2.282542442102665348e+01 1.923538406167134340e+01 4.341658669218482203e+01 1.118033988749894903e+01 2.061552812808830382e+01 0.000000000000000000e+00 2.469817807045693669e+01 3.280243893371345365e+01 3.337663853655727308e+01 1.264911064067351809e+01 3.125699921617556853e+01
3.498571136907180090e+01 3.087069808086626210e+01 1.334166406412633421e+01 3.584689665786984136e+01 2.687005768508880621e+01 3.471310991541956525e+01 2.580697580112788003e+01 1.476482306023340030e+01 2.360084744241189370e+01 8.544003745317530374e+00 1.802775637731994607e+01 3.478505426185217431e+01 3.275667870831839679e+01 5.656854249492380582e+00 2.500000000000000000e+01 3.201562118716424266e+01 8.062257748298549132e+00 2.469817807045693669e+01 0.000000000000000000e+00 1.303840481040529831e+01 3.280243893371345365e+01 1.702938636592640265e+01 1.345362404707370985e+01
2.942787793912432193e+01 3.748332962798262713e+01 4.000000000000000000e+00 2.475883680627989492e+01 1.897366596101027625e+01 2.555386467836127551e+01 3.440930106817050671e+01 6.000000000000000000e+00 1.802775637731994607e+01 1.835755975068581947e+01 5.000000000000000000e+00 3.206243908376279705e+01 3.157530680769388809e+01 1.726267650163206824e+01 1.204159457879229578e+01 3.661966684720110976e+01 2.100000000000000000e+01 3.280243893371345365e+01 1.303840481040529831e+01 0.000000000000000000e+00 2.596150997149434048e+01 2.126029162546929996e+01 2.459674775249768786e+01
4.472135954999579610e+00 3.306055050963308162e+01 2.983286778035259701e+01 1.360147050873544394e+01 7.071067811865475505e+00 6.708203932499369415e+00 3.535533905932737753e+01 2.024845673131658685e+01 9.219544457292887074e+00 4.104875150354758517e+01 2.507987240796890660e+01 1.140175425099137918e+01 1.431782106327635340e+01 3.255764119219941222e+01 2.647640458974745314e+01 2.844292530665578411e+01 3.753664875824691904e+01 3.337663853655727308e+01 3.280243893371345365e+01 2.596150997149434048e+01 0.000000000000000000e+00 2.284731931759172596e+01 4.622769732530488085e+01
2.302172886644267535e+01 1.627882059609970611e+01 2.441311123146740414e+01 3.201562118716424266e+01 2.009975124224177989e+01 2.765863337187866122e+01 1.456021977856103611e+01 1.720465053408525335e+01 1.513274595042155646e+01 2.507987240796890660e+01 2.483948469674844262e+01 2.000000000000000000e+01 1.700000000000000000e+01 1.334166406412633421e+01 3.106444913401813324e+01 1.565247584249852864e+01 1.746424919657297892e+01 1.264911064067351809e+01 1.702938636592640265e+01 2.126029162546929996e+01 2.284731931759172596e+01 0.000000000000000000e+00 2.816025568065744622e+01
4.825971404805461873e+01 3.820994634908559817e+01 2.308679276123039159e+01 4.882622246293480828e+01 4.031128874149274566e+01 4.810405388322277531e+01 3.157530680769388809e+01 2.780287754891568852e+01 3.701351104664349378e+01 6.324555320336759046e+00 2.915475947422650194e+01 4.742362280551750331e+01 4.494441010848846219e+01 1.486606874731850603e+01 3.544009029333869876e+01 4.101219330881975367e+01 1.104536101718726115e+01 3.125699921617556853e+01 1.345362404707370985e+01 2.459674775249768786e+01 4.622769732530488085e+01 2.816025568065744622e+01 0.000000000000000000e+00
