0.000000000000000000e+00 1.900000000000000000e+02 2.070000000000000000e+02 1.940000000000000000e+02 5.900000000000000000e+01 2.070000000000000000e+02 1.750000000000000000e+02 1.320000000000000000e+02 9.000000000000000000e+01 9.400000000000000000e+01 1.040000000000000000e+02 9.200000000000000000e+01 1.990000000000000000e+02 1.110000000000000000e+02 1.000000000000000000e+02 5.900000000000000000e+01 1.350000000000000000e+02 1.210000000000000000e+02 1.560000000000000000e+02 4.700000000000000000e+01
1.900000000000000000e+02 0.000000000000000000e+00 1.150000000000000000e+02 3.100000000000000000e+01 2.010000000000000000e+02 3.940000000000000000e+02 3.640000000000000000e+02 6.000000000000000000e+01 2.740000000000000000e+02 2.810000000000000000e+02 2.370000000000000000e+02 1.430000000000000000e+02 9.600000000000000000e+01 1.950000000000000000e+02 2.720000000000000000e+02 2.190000000000000000e+02 5.600000000000000000e+01 9.500000000000000000e+01 3.390000000000000000e+02 2.290000000000000000e+02
2.070000000000000000e+02 1.150000000000000000e+02 0.000000000000000000e+00 1.460000000000000000e+02 1.840000000000000000e+02 3.810000000000000000e+02 3.720000000000000000e+02 1.100000000000000000e+02 2.650000000000000000e+02 2.760000000000000000e+02 1.970000000000000000e+02 1.200000000000000000e+02 1.900000000000000000e+01 1.450000000000000000e+02 3.060000000000000000e+02 2.580000000000000000e+02 1.130000000000000000e+02 8.900000000000000000e+01 3.620000000000000000e+02 2.540000000000000000e+02
1.940000000000000000e+02 3.100000000000000000e+01 1.460000000000000000e+02 0.000000000000000000e+00 2.140000000000000000e+02 4.000000000000000000e+02 3.650000000000000000e+02 7.400000000000000000e+01 2.820000000000000000e+02 2.870000000000000000e+02 2.520000000000000000e+02 1.610000000000000000e+02 1.270000000000000000e+02 2.140000000000000000e+02 2.670000000000000000e+02 2.150000000000000000e+02 6.800000000000000000e+01 1.150000000000000000e+02 3.360000000000000000e+02 2.290000000000000000e+02
5.900000000000000000e+01 2.010000000000000000e+02 1.840000000000000000e+02 2.140000000000000000e+02 0.000000000000000000e+00 2.000000000000000000e+02 1.890000000000000000e+02 1.420000000000000000e+02 8.200000000000000000e+01 9.200000000000000000e+01 4.700000000000000000e+01 6.600000000000000000e+01 1.810000000000000000e+02 5.700000000000000000e+01 1.460000000000000000e+02 1.160000000000000000e+02 1.470000000000000000e+02 1.130000000000000000e+02 1.860000000000000000e+02 9.400000000000000000e+01
2.070000000000000000e+02 3.940000000000000000e+02 3.810000000000000000e+02 4.000000000000000000e+02 2.000000000000000000e+02 0.000000000000000000e+00 7.200000000000000000e+01 3.350000000000000000e+02 1.210000000000000000e+02 1.130000000000000000e+02 1.870000000000000000e+02 2.660000000000000000e+02 3.800000000000000000e+02 2.380000000000000000e+02 1.710000000000000000e+02 2.050000000000000000e+02 3.390000000000000000e+02 3.120000000000000000e+02 1.220000000000000000e+02 1.800000000000000000e+02
1.750000000000000000e+02 3.640000000000000000e+02 3.720000000000000000e+02 3.650000000000000000e+02 1.890000000000000000e+02 7.200000000000000000e+01 0.000000000000000000e+00 3.070000000000000000e+02 1.100000000000000000e+02 9.800000000000000000e+01 1.940000000000000000e+02 2.530000000000000000e+02 3.680000000000000000e+02 2.390000000000000000e+02 1.110000000000000000e+02 1.550000000000000000e+02 3.100000000000000000e+02 2.930000000000000000e+02 5.100000000000000000e+01 1.370000000000000000e+02
1.320000000000000000e+02 6.000000000000000000e+01 1.100000000000000000e+02 7.400000000000000000e+01 1.420000000000000000e+02 3.350000000000000000e+02 3.070000000000000000e+02 0.000000000000000000e+00 2.150000000000000000e+02 2.220000000000000000e+02 1.790000000000000000e+02 8.700000000000000000e+01 9.400000000000000000e+01 1.410000000000000000e+02 2.200000000000000000e+02 1.680000000000000000e+02 6.000000000000000000e+00 4.400000000000000000e+01 2.850000000000000000e+02 1.730000000000000000e+02
9.000000000000000000e+01 2.740000000000000000e+02 2.650000000000000000e+02 2.820000000000000000e+02 8.200000000000000000e+01 1.210000000000000000e+02 1.100000000000000000e+02 2.150000000000000000e+02 0.000000000000000000e+00 1.200000000000000000e+01 8.500000000000000000e+01 1.470000000000000000e+02 2.630000000000000000e+02 1.290000000000000000e+02 1.070000000000000000e+02 1.100000000000000000e+02 2.190000000000000000e+02 1.920000000000000000e+02 1.180000000000000000e+02 8.000000000000000000e+01
9.400000000000000000e+01 2.810000000000000000e+02 2.760000000000000000e+02 2.870000000000000000e+02 9.200000000000000000e+01 1.130000000000000000e+02 9.800000000000000000e+01 2.220000000000000000e+02 1.200000000000000000e+01 0.000000000000000000e+00 9.700000000000000000e+01 1.570000000000000000e+02 2.730000000000000000e+02 1.410000000000000000e+02 9.900000000000000000e+01 1.080000000000000000e+02 2.260000000000000000e+02 2.010000000000000000e+02 1.070000000000000000e+02 7.800000000000000000e+01
1.040000000000000000e+02 2.370000000000000000e+02 1.970000000000000000e+02 2.520000000000000000e+02 4.700000000000000000e+01 1.870000000000000000e+02 1.940000000000000000e+02 1.790000000000000000e+02 8.500000000000000000e+01 9.700000000000000000e+01 0.000000000000000000e+00 9.400000000000000000e+01 1.990000000000000000e+02 5.200000000000000000e+01 1.760000000000000000e+02 1.560000000000000000e+02 1.840000000000000000e+02 1.430000000000000000e+02 2.020000000000000000e+02 1.300000000000000000e+02
9.200000000000000000e+01 1.430000000000000000e+02 1.200000000000000000e+02 1.610000000000000000e+02 6.600000000000000000e+01 2.660000000000000000e+02 2.530000000000000000e+02 8.700000000000000000e+01 1.470000000000000000e+02 1.570000000000000000e+02 9.400000000000000000e+01 0.000000000000000000e+00 1.150000000000000000e+02 5.500000000000000000e+01 1.910000000000000000e+02 1.480000000000000000e+02 9.300000000000000000e+01 4.900000000000000000e+01 2.430000000000000000e+02 1.380000000000000000e+02
1.990000000000000000e+02 9.600000000000000000e+01 1.900000000000000000e+01 1.270000000000000000e+02 1.810000000000000000e+02 3.800000000000000000e+02 3.680000000000000000e+02 9.400000000000000000e+01 2.630000000000000000e+02 2.730000000000000000e+02 1.990000000000000000e+02 1.150000000000000000e+02 0.000000000000000000e+00 1.480000000000000000e+02 2.970000000000000000e+02 2.480000000000000000e+02 9.600000000000000000e+01 7.800000000000000000e+01 3.550000000000000000e+02 2.450000000000000000e+02
1.110000000000000000e+02 1.950000000000000000e+02 1.450000000000000000e+02 2.140000000000000000e+02 5.700000000000000000e+01 2.380000000000000000e+02 2.390000000000000000e+02 1.410000000000000000e+02 1.290000000000000000e+02 1.410000000000000000e+02 5.200000000000000000e+01 5.500000000000000000e+01 1.480000000000000000e+02 0.000000000000000000e+00 2.030000000000000000e+02 1.700000000000000000e+02 1.470000000000000000e+02 1.000000000000000000e+02 2.410000000000000000e+02 1.500000000000000000e+02
1.000000000000000000e+02 2.720000000000000000e+02 3.060000000000000000e+02 2.670000000000000000e+02 1.460000000000000000e+02 1.710000000000000000e+02 1.110000000000000000e+02 2.200000000000000000e+02 1.070000000000000000e+02 9.900000000000000000e+01 1.760000000000000000e+02 1.910000000000000000e+02 2.970000000000000000e+02 2.030000000000000000e+02 0.000000000000000000e+00 5.300000000000000000e+01 2.210000000000000000e+02 2.190000000000000000e+02 7.000000000000000000e+01 5.400000000000000000e+01
5.900000000000000000e+01 2.190000000000000000e+02 2.580000000000000000e+02 2.150000000000000000e+02 1.160000000000000000e+02 2.050000000000000000e+02 1.550000000000000000e+02 1.680000000000000000e+02 1.100000000000000000e+02 1.080000000000000000e+02 1.560000000000000000e+02 1.480000000000000000e+02 2.480000000000000000e+02 1.700000000000000000e+02 5.300000000000000000e+01 0.000000000000000000e+00 1.690000000000000000e+02 1.690000000000000000e+02 1.210000000000000000e+02 3.000000000000000000e+01
1.350000000000000000e+02 5.600000000000000000e+01 1.130000000000000000e+02 6.800000000000000000e+01 1.470000000000000000e+02 3.390000000000000000e+02 3.100000000000000000e+02 6.000000000000000000e+00 2.190000000000000000e+02 2.260000000000000000e+02 1.840000000000000000e+02 9.300000000000000000e+01 9.600000000000000000e+01 1.470000000000000000e+02 2.210000000000000000e+02 1.690000000000000000e+02 0.000000000000000000e+00 5.000000000000000000e+01 2.870000000000000000e+02 1.760000000000000000e+02
1.210000000000000000e+02 9.500000000000000000e+01 8.900000000000000000e+01 1.150000000000000000e+02 1.130000000000000000e+02 3.120000000000000000e+02 2.930000000000000000e+02 4.400000000000000000e+01 1.920000000000000000e+02 2.010000000000000000e+02 1.430000000000000000e+02 4.900000000000000000e+01 7.800000000000000000e+01 1.000000000000000000e+02 2.190000000000000000e+02 1.690000000000000000e+02 5.000000000000000000e+01 0.000000000000000000e+00 2.780000000000000000e+02 1.670000000000000000e+02
1.560000000000000000e+02 3.390000000000000000e+02 3.620000000000000000e+02 3.360000000000000000e+02 1.860000000000000000e+02 1.220000000000000000e+02 5.100000000000000000e+01 2.850000000000000000e+02 1.180000000000000000e+02 1.070000000000000000e+02 2.020000000000000000e+02 2.430000000000000000e+02 3.550000000000000000e+02 2.410000000000000000e+02 7.000000000000000000e+01 1.210000000000000000e+02 2.870000000000000000e+02 2.780000000000000000e+02 0.000000000000000000e+00 1.110000000000000000e+02
4.700000000000000000e+01 2.290000000000000000e+02 2.540000000000000000e+02 2.290000000000000000e+02 9.400000000000000000e+01 1.800000000000000000e+02 1.370000000000000000e+02 1.730000000000000000e+02 8.000000000000000000e+01 7.800000000000000000e+01 1.300000000000000000e+02 1.380000000000000000e+02 2.450000000000000000e+02 1.500000000000000000e+02 5.400000000000000000e+01 3.000000000000000000e+01 1.760000000000000000e+02 1.670000000000000000e+02 1.110000000000000000e+02 0.000000000000000000e+00
