0.000000000000000000e+00 2.570992026436488231e+01 3.394112549695427816e+01 6.708203932499369415e+00 2.860069929215018192e+01 1.400000000000000000e+01 2.657066051117284644e+01 2.280350850198275836e+01 2.607680962081059661e+01 1.208304597359457233e+01 2.531797780234432693e+01 6.708203932499369415e+00 1.526433752247374720e+01 2.690724809414741969e+01 2.061552812808830382e+01 2.517935662402834396e+01 3.041381265149109936e+01 7.810249675906653977e+00 2.236067977499789805e+00 2.420743687382040932e+01 1.421267040355189515e+01 1.208304597359457233e+01
2.570992026436488231e+01 0.000000000000000000e+00 3.001666203960726875e+01 2.505992817228333536e+01 3.008321791298264714e+01 3.201562118716424266e+01 1.500000000000000000e+01 2.118962010041709121e+01 3.940812099047606409e+01 1.780449381476485726e+01 4.244997055358224713e+01 2.102379604162863913e+01 1.843908891458577415e+01 2.451530134426252516e+01 1.523154621172781731e+01 9.000000000000000000e+00 3.478505426185217431e+01 2.195449840010014952e+01 2.529822128134703618e+01 2.692582403567251959e+01 2.334523505985750447e+01 1.403566884761819900e+01
3.394112549695427816e+01 3.001666203960726875e+01 0.000000000000000000e+00 2.765863337187866122e+01 7.071067811865475505e+00 2.600000000000000000e+01 1.503329637837290811e+01 1.166190378969060149e+01 2.209072203437452231e+01 2.302172886644267535e+01 2.801785145224380003e+01 2.765863337187866122e+01 1.941648783894759944e+01 7.211102550927978250e+00 1.676305461424021104e+01 2.102379604162863913e+01 1.044030650891055068e+01 2.617250465660480074e+01 3.182766092567909766e+01 1.029563014098700080e+01 1.984943324127920761e+01 3.178049716414140846e+01
6.708203932499369415e+00 2.505992817228333536e+01 2.765863337187866122e+01 0.000000000000000000e+00 2.202271554554523902e+01 8.544003745317530374e+00 2.220360331117451835e+01 1.700000000000000000e+01 2.002498439450078749e+01 8.062257748298549132e+00 2.024845673131658685e+01 4.242640687119284770e+00 1.019803902718556898e+01 2.080865204668481283e+01 1.612451549659709826e+01 2.220360331117451835e+01 2.370653918225939449e+01 3.162277660168379523e+00 4.472135954999579610e+00 1.769180601295413169e+01 7.810249675906653977e+00 1.360147050873544394e+01
2.860069929215018192e+01 3.008321791298264714e+01 7.071067811865475505e+00 2.202271554554523902e+01 0.000000000000000000e+00 1.923538406167134340e+01 1.612451549659709826e+01 9.055385138137417300e+00 1.529705854077835525e+01 1.897366596101027625e+01 2.109502310972898798e+01 2.282542442102665348e+01 1.552417469626002422e+01 5.830951894845300743e+00 1.513274595042155646e+01 2.154065922853801496e+01 5.000000000000000000e+00 2.109502310972898798e+01 2.640075756488817049e+01 4.472135954999579610e+00 1.442220510185595650e+01 2.863564212655270680e+01
1.400000000000000000e+01 3.201562118716424266e+01 2.600000000000000000e+01 8.544003745317530374e+00 1.923538406167134340e+01 0.000000000000000000e+00 2.549509756796392423e+01 1.800000000000000000e+01 1.216552506059643868e+01 1.421267040355189515e+01 1.170469991071962568e+01 1.252996408614166768e+01 1.431782106327635340e+01 2.039607805437113797e+01 1.992485884517127559e+01 2.731300056749532601e+01 1.910497317454279909e+01 1.081665382639196871e+01 1.204159457879229578e+01 1.581138830084189628e+01 9.486832980505138124e+00 2.195449840010014952e+01
2.657066051117284644e+01 1.500000000000000000e+01 1.503329637837290811e+01 2.220360331117451835e+01 1.612451549659709826e+01 2.549509756796392423e+01 0.000000000000000000e+00 8.602325267042626677e+00 2.860069929215018192e+01 1.456021977856103611e+01 3.312099032335839155e+01 1.992485884517127559e+01 1.204159457879229578e+01 1.029563014098700080e+01 6.082762530298219339e+00 6.000000000000000000e+00 2.109502310972898798e+01 1.941648783894759944e+01 2.500000000000000000e+01 1.414213562373095101e+01 1.612451549659709826e+01 1.979898987322333070e+01
2.280350850198275836e+01 2.118962010041709121e+01 1.166190378969060149e+01 1.700000000000000000e+01 9.055385138137417300e+00 1.800000000000000000e+01 8.602325267042626677e+00 0.000000000000000000e+00 2.000000000000000000e+01 1.140175425099137918e+01 2.459674775249768786e+01 1.627882059609970611e+01 7.810249675906653977e+00 4.472135954999579610e+00 6.082762530298219339e+00 1.303840481040529831e+01 1.360147050873544394e+01 1.500000000000000000e+01 2.080865204668481283e+01 5.830951894845300743e+00 9.486832980505138124e+00 2.024845673131658685e+01
2.607680962081059661e+01 3.940812099047606409e+01 2.209072203437452231e+01 2.002498439450078749e+01 1.529705854077835525e+01 1.216552506059643868e+01 2.860069929215018192e+01 2.000000000000000000e+01 0.000000000000000000e+00 2.284731931759172596e+01 6.082762530298219339e+00 2.334523505985750447e+01 2.109502310972898798e+01 1.969771560359220786e+01 2.475883680627989492e+01 3.252691193458118590e+01 1.204159457879229578e+01 2.137755832643194864e+01 2.402082429892862692e+01 1.476482306023340030e+01 1.655294535724684835e+01 3.228002478313794654e+01
1.208304597359457233e+01 1.780449381476485726e+01 2.302172886644267535e+01 8.062257748298549132e+00 1.897366596101027625e+01 1.421267040355189515e+01 1.456021977856103611e+01 1.140175425099137918e+01 2.284731931759172596e+01 0.000000000000000000e+00 2.500000000000000000e+01 5.385164807134503739e+00 3.605551275463989125e+00 1.581138830084189628e+01 8.544003745317530374e+00 1.414213562373095101e+01 2.220360331117451835e+01 5.000000000000000000e+00 1.044030650891055068e+01 1.456021977856103611e+01 6.324555320336759046e+00 1.000000000000000000e+01
2.531797780234432693e+01 4.244997055358224713e+01 2.801785145224380003e+01 2.024845673131658685e+01 2.109502310972898798e+01 1.170469991071962568e+01 3.312099032335839155e+01 2.459674775249768786e+01 6.082762530298219339e+00 2.500000000000000000e+01 0.000000000000000000e+00 2.416609194718914466e+01 2.404163056034261459e+01 2.500000000000000000e+01 2.860069929215018192e+01 3.640054944640259293e+01 1.811077027627483460e+01 2.236067977499789805e+01 2.353720459187963954e+01 1.992485884517127559e+01 1.910497317454279909e+01 3.354101966249684352e+01
6.708203932499369415e+00 2.102379604162863913e+01 2.765863337187866122e+01 4.242640687119284770e+00 2.282542442102665348e+01 1.252996408614166768e+01 1.992485884517127559e+01 1.627882059609970611e+01 2.334523505985750447e+01 5.385164807134503739e+00 2.416609194718914466e+01 0.000000000000000000e+00 8.602325267042626677e+00 2.051828452868319275e+01 1.392838827718411920e+01 1.900000000000000000e+01 2.529822128134703618e+01 2.000000000000000000e+00 5.099019513592784492e+00 1.835755975068581947e+01 8.544003745317530374e+00 9.433981132056603158e+00
1.526433752247374720e+01 1.843908891458577415e+01 1.941648783894759944e+01 1.019803902718556898e+01 1.552417469626002422e+01 1.431782106327635340e+01 1.204159457879229578e+01 7.810249675906653977e+00 2.109502310972898798e+01 3.605551275463989125e+00 2.404163056034261459e+01 8.602325267042626677e+00 0.000000000000000000e+00 1.220655561573370207e+01 6.000000000000000000e+00 1.300000000000000000e+01 1.902629759044044633e+01 7.615773105863908654e+00 1.341640786499873883e+01 1.118033988749894903e+01 5.000000000000000000e+00 1.315294643796590535e+01
2.690724809414741969e+01 2.451530134426252516e+01 7.211102550927978250e+00 2.080865204668481283e+01 5.830951894845300743e+00 2.039607805437113797e+01 1.029563014098700080e+01 4.472135954999579610e+00 1.969771560359220786e+01 1.581138830084189628e+01 2.500000000000000000e+01 2.051828452868319275e+01 1.220655561573370207e+01 0.000000000000000000e+00 1.004987562112088995e+01 1.581138830084189628e+01 1.081665382639196871e+01 1.910497317454279909e+01 2.483948469674844262e+01 5.099019513592784492e+00 1.303840481040529831e+01 2.469817807045693669e+01
2.061552812808830382e+01 1.523154621172781731e+01 1.676305461424021104e+01 1.612451549659709826e+01 1.513274595042155646e+01 1.992485884517127559e+01 6.082762530298219339e+00 6.082762530298219339e+00 2.475883680627989492e+01 8.544003745317530374e+00 2.860069929215018192e+01 1.392838827718411920e+01 6.000000000000000000e+00 1.004987562112088995e+01 0.000000000000000000e+00 7.810249675906653977e+00 1.964688270438849926e+01 1.334166406412633421e+01 1.897366596101027625e+01 1.170469991071962568e+01 1.044030650891055068e+01 1.526433752247374720e+01
2.517935662402834396e+01 9.000000000000000000e+00 2.102379604162863913e+01 2.220360331117451835e+01 2.154065922853801496e+01 2.731300056749532601e+01 6.000000000000000000e+00 1.303840481040529831e+01 3.252691193458118590e+01 1.414213562373095101e+01 3.640054944640259293e+01 1.900000000000000000e+01 1.300000000000000000e+01 1.581138830084189628e+01 7.810249675906653977e+00 0.000000000000000000e+00 2.640075756488817049e+01 1.910497317454279909e+01 2.402082429892862692e+01 1.886796226411320632e+01 1.788854381999831844e+01 1.612451549659709826e+01
3.041381265149109936e+01 3.478505426185217431e+01 1.044030650891055068e+01 2.370653918225939449e+01 5.000000000000000000e+00 1.910497317454279909e+01 2.109502310972898798e+01 1.360147050873544394e+01 1.204159457879229578e+01 2.220360331117451835e+01 1.811077027627483460e+01 2.529822128134703618e+01 1.902629759044044633e+01 1.081665382639196871e+01 1.964688270438849926e+01 2.640075756488817049e+01 0.000000000000000000e+00 2.340939982143925135e+01 2.817800560721074277e+01 8.062257748298549132e+00 1.676305461424021104e+01 3.214031735997639316e+01
7.810249675906653977e+00 2.195449840010014952e+01 2.617250465660480074e+01 3.162277660168379523e+00 2.109502310972898798e+01 1.081665382639196871e+01 1.941648783894759944e+01 1.500000000000000000e+01 2.137755832643194864e+01 5.000000000000000000e+00 2.236067977499789805e+01 2.000000000000000000e+00 7.615773105863908654e+00 1.910497317454279909e+01 1.334166406412633421e+01 1.910497317454279909e+01 2.340939982143925135e+01 0.000000000000000000e+00 5.830951894845300743e+00 1.664331697709323876e+01 6.708203932499369415e+00 1.118033988749894903e+01
2.236067977499789805e+00 2.529822128134703618e+01 3.182766092567909766e+01 4.472135954999579610e+00 2.640075756488817049e+01 1.204159457879229578e+01 2.500000000000000000e+01 2.080865204668481283e+01 2.402082429892862692e+01 1.044030650891055068e+01 2.353720459187963954e+01 5.099019513592784492e+00 1.341640786499873883e+01 2.483948469674844262e+01 1.897366596101027625e+01 2.402082429892862692e+01 2.817800560721074277e+01 5.830951894845300743e+00 0.000000000000000000e+00 2.202271554554523902e+01 1.204159457879229578e+01 1.220655561573370207e+01
2.420743687382040932e+01 2.692582403567251959e+01 1.029563014098700080e+01 1.769180601295413169e+01 4.472135954999579610e+00 1.581138830084189628e+01 1.414213562373095101e+01 5.830951894845300743e+00 1.476482306023340030e+01 1.456021977856103611e+01 1.992485884517127559e+01 1.835755975068581947e+01 1.118033988749894903e+01 5.099019513592784492e+00 1.170469991071962568e+01 1.886796226411320632e+01 8.062257748298549132e+00 1.664331697709323876e+01 2.202271554554523902e+01 0.000000000000000000e+00 1.000000000000000000e+01 2.433105012119287736e+01
1.421267040355189515e+01 2.334523505985750447e+01 1.984943324127920761e+01 7.810249675906653977e+00 1.442220510185595650e+01 9.486832980505138124e+00 1.612451549659709826e+01 9.486832980505138124e+00 1.655294535724684835e+01 6.324555320336759046e+00 1.910497317454279909e+01 8.544003745317530374e+00 5.000000000000000000e+00 1.303840481040529831e+01 1.044030650891055068e+01 1.788854381999831844e+01 1.676305461424021104e+01 6.708203932499369415e+00 1.204159457879229578e+01 1.000000000000000000e+01 0.000000000000000000e+00 1.612451549659709826e+01
1.208304597359457233e+01 1.403566884761819900e+01 3.178049716414140846e+01 1.360147050873544394e+01 2.863564212655270680e+01 2.195449840010014952e+01 1.979898987322333070e+01 2.024845673131658685e+01 3.228002478313794654e+01 1.000000000000000000e+01 3.354101966249684352e+01 9.433981132056603158e+00 1.315294643796590535e+01 2.469817807045693669e+01 1.526433752247374720e+01 1.612451549659709826e+01 3.214031735997639316e+01 1.118033988749894903e+01 1.220655561573370207e+01 2.433105012119287736e+01 1.612451549659709826e+01 0.000000000000000000e+00
