0.000000000000000000e+00 2.942787793912432193e+01 2.402082429892862692e+01 2.630589287593181069e+01 1.280624847486569706e+01 6.708203932499369415e+00 1.923538406167134340e+01 1.360147050873544394e+01 2.012461179749810825e+01 9.848857801796103928e+00 4.472135954999579610e+00 2.002498439450078749e+01 1.824828759089465890e+01 1.220655561573370207e+01 5.099019513592784492e+00 5.830951894845300743e+00 1.140175425099137918e+01 1.300000000000000000e+01 9.219544457292887074e+00 3.080584360149872580e+01
2.942787793912432193e+01 0.000000000000000000e+00 3.383784863137726262e+01 9.486832980505138124e+00 1.923538406167134340e+01 2.308679276123039159e+01 3.492849839314595783e+01 1.603121954188139853e+01 4.016217125604640614e+01 3.905124837953326988e+01 3.101612483854164637e+01 3.354101966249684352e+01 1.360147050873544394e+01 3.634556369077249371e+01 3.000000000000000000e+01 2.785677655436823841e+01 3.862641583165593318e+01 3.471310991541956525e+01 3.764306044943742080e+01 2.282542442102665348e+01
2.402082429892862692e+01 3.383784863137726262e+01 0.000000000000000000e+00 3.753664875824691904e+01 1.835755975068581947e+01 2.158703314492290204e+01 6.403124237432848531e+00 2.332380757938120297e+01 1.166190378969060149e+01 2.973213749463701205e+01 2.022374841615668473e+01 4.472135954999579610e+00 3.190611226708763226e+01 1.612451549659709826e+01 1.910497317454279909e+01 2.906888370749726747e+01 3.395585369269929288e+01 1.341640786499873883e+01 3.104834939252004844e+01 1.702938636592640265e+01
2.630589287593181069e+01 9.486832980505138124e+00 3.753664875824691904e+01 0.000000000000000000e+00 2.000000000000000000e+01 2.118962010041709121e+01 3.701351104664349378e+01 1.526433752247374720e+01 4.134005321718877468e+01 3.500000000000000000e+01 2.912043955712207222e+01 3.612478373637688378e+01 8.062257748298549132e+00 3.584689665786984136e+01 2.846049894151541437e+01 2.302172886644267535e+01 3.337663853655727308e+01 3.488552708502481892e+01 3.306055050963308162e+01 3.008321791298264714e+01
1.280624847486569706e+01 1.923538406167134340e+01 1.835755975068581947e+01 2.000000000000000000e+01 0.000000000000000000e+00 6.403124237432848531e+00 1.702938636592640265e+01 5.000000000000000000e+00 2.147091055358388800e+01 2.247220505424423109e+01 1.264911064067351809e+01 1.627882059609970611e+01 1.360147050873544394e+01 1.711724276862369010e+01 1.140175425099137918e+01 1.476482306023340030e+01 2.404163056034261459e+01 1.552417469626002422e+01 2.202271554554523902e+01 1.878829422805593552e+01
6.708203932499369415e+00 2.308679276123039159e+01 2.158703314492290204e+01 2.118962010041709121e+01 6.403124237432848531e+00 0.000000000000000000e+00 1.835755975068581947e+01 7.071067811865475505e+00 2.121320343559642652e+01 1.655294535724684835e+01 8.062257748298549132e+00 1.838477631085023489e+01 1.341640786499873883e+01 1.476482306023340030e+01 7.280109889280518054e+00 8.544003745317530374e+00 1.769180601295413169e+01 1.421267040355189515e+01 1.581138830084189628e+01 2.505992817228333536e+01
1.923538406167134340e+01 3.492849839314595783e+01 6.403124237432848531e+00 3.701351104664349378e+01 1.702938636592640265e+01 1.835755975068581947e+01 0.000000000000000000e+00 2.193171219946130890e+01 6.082762530298219339e+00 2.376972864800942631e+01 1.503329637837290811e+01 2.236067977499789805e+00 3.041381265149109936e+01 9.848857801796103928e+00 1.414213562373095101e+01 2.473863375370596174e+01 2.828427124746190202e+01 7.280109889280518054e+00 2.531797780234432693e+01 2.184032966784155505e+01
1.360147050873544394e+01 1.603121954188139853e+01 2.332380757938120297e+01 1.526433752247374720e+01 5.000000000000000000e+00 7.071067811865475505e+00 2.193171219946130890e+01 0.000000000000000000e+00 2.607680962081059661e+01 2.340939982143925135e+01 1.500000000000000000e+01 2.126029162546929996e+01 8.602325267042626677e+00 2.088061301782110135e+01 1.403566884761819900e+01 1.345362404707370985e+01 2.385372088375312671e+01 1.969771560359220786e+01 2.236067977499789805e+01 2.158703314492290204e+01
2.012461179749810825e+01 4.016217125604640614e+01 1.166190378969060149e+01 4.134005321718877468e+01 2.147091055358388800e+01 2.121320343559642652e+01 6.082762530298219339e+00 2.607680962081059661e+01 0.000000000000000000e+00 2.200000000000000000e+01 1.565247584249852864e+01 8.246211251235321171e+00 3.420526275297414287e+01 8.246211251235321171e+00 1.526433752247374720e+01 2.594224354214569317e+01 2.707397274136176790e+01 7.211102550927978250e+00 2.408318915758459156e+01 2.789265136196270589e+01
9.848857801796103928e+00 3.905124837953326988e+01 2.973213749463701205e+01 3.500000000000000000e+01 2.247220505424423109e+01 1.655294535724684835e+01 2.376972864800942631e+01 2.340939982143925135e+01 2.200000000000000000e+01 0.000000000000000000e+00 1.063014581273464998e+01 2.529822128134703618e+01 2.701851217221259205e+01 1.414213562373095101e+01 1.204159457879229578e+01 1.204159457879229578e+01 5.385164807134503739e+00 1.649242250247064234e+01 2.828427124746190291e+00 3.962322551231790158e+01
4.472135954999579610e+00 3.101612483854164637e+01 2.022374841615668473e+01 2.912043955712207222e+01 1.264911064067351809e+01 8.062257748298549132e+00 1.503329637837290811e+01 1.500000000000000000e+01 1.565247584249852864e+01 1.063014581273464998e+01 0.000000000000000000e+00 1.603121954188139853e+01 2.118962010041709121e+01 7.810249675906653977e+00 1.414213562373095145e+00 1.029563014098700080e+01 1.392838827718411920e+01 8.544003745317530374e+00 1.118033988749894903e+01 2.900000000000000000e+01
2.002498439450078749e+01 3.354101966249684352e+01 4.472135954999579610e+00 3.612478373637688378e+01 1.627882059609970611e+01 1.838477631085023489e+01 2.236067977499789805e+00 2.126029162546929996e+01 8.246211251235321171e+00 2.529822128134703618e+01 1.603121954188139853e+01 0.000000000000000000e+00 2.983286778035259701e+01 1.166190378969060149e+01 1.500000000000000000e+01 2.531797780234432693e+01 2.961418578992169515e+01 8.944271909999159220e+00 2.668332812825266842e+01 1.964688270438849926e+01
1.824828759089465890e+01 1.360147050873544394e+01 3.190611226708763226e+01 8.062257748298549132e+00 1.360147050873544394e+01 1.341640786499873883e+01 3.041381265149109936e+01 8.602325267042626677e+00 3.420526275297414287e+01 2.701851217221259205e+01 2.118962010041709121e+01 2.983286778035259701e+01 0.000000000000000000e+00 2.817800560721074277e+01 2.061552812808830382e+01 1.513274595042155646e+01 2.570992026436488231e+01 2.745906043549196340e+01 2.517935662402834396e+01 2.800000000000000000e+01
1.220655561573370207e+01 3.634556369077249371e+01 1.612451549659709826e+01 3.584689665786984136e+01 1.711724276862369010e+01 1.476482306023340030e+01 9.848857801796103928e+00 2.088061301782110135e+01 8.246211251235321171e+00 1.414213562373095101e+01 7.810249675906653977e+00 1.166190378969060149e+01 2.817800560721074277e+01 0.000000000000000000e+00 7.810249675906653977e+00 1.802775637731994607e+01 1.900000000000000000e+01 2.828427124746190291e+00 1.600000000000000000e+01 2.915475947422650194e+01
5.099019513592784492e+00 3.000000000000000000e+01 1.910497317454279909e+01 2.846049894151541437e+01 1.140175425099137918e+01 7.280109889280518054e+00 1.414213562373095101e+01 1.403566884761819900e+01 1.526433752247374720e+01 1.204159457879229578e+01 1.414213562373095145e+00 1.500000000000000000e+01 2.061552812808830382e+01 7.810249675906653977e+00 0.000000000000000000e+00 1.077032961426900748e+01 1.523154621172781731e+01 8.062257748298549132e+00 1.252996408614166768e+01 2.758622844826744469e+01
5.830951894845300743e+00 2.785677655436823841e+01 2.906888370749726747e+01 2.302172886644267535e+01 1.476482306023340030e+01 8.544003745317530374e+00 2.473863375370596174e+01 1.345362404707370985e+01 2.594224354214569317e+01 1.204159457879229578e+01 1.029563014098700080e+01 2.531797780234432693e+01 1.513274595042155646e+01 1.802775637731994607e+01 1.077032961426900748e+01 0.000000000000000000e+00 1.077032961426900748e+01 1.878829422805593552e+01 1.004987562112088995e+01 3.354101966249684352e+01
1.140175425099137918e+01 3.862641583165593318e+01 3.395585369269929288e+01 3.337663853655727308e+01 2.404163056034261459e+01 1.769180601295413169e+01 2.828427124746190202e+01 2.385372088375312671e+01 2.707397274136176790e+01 5.385164807134503739e+00 1.392838827718411920e+01 2.961418578992169515e+01 2.570992026436488231e+01 1.900000000000000000e+01 1.523154621172781731e+01 1.077032961426900748e+01 0.000000000000000000e+00 2.109502310972898798e+01 3.000000000000000000e+00 4.220189569201838253e+01
1.300000000000000000e+01 3.471310991541956525e+01 1.341640786499873883e+01 3.488552708502481892e+01 1.552417469626002422e+01 1.421267040355189515e+01 7.280109889280518054e+00 1.969771560359220786e+01 7.211102550927978250e+00 1.649242250247064234e+01 8.544003745317530374e+00 8.944271909999159220e+00 2.745906043549196340e+01 2.828427124746190291e+00 8.062257748298549132e+00 1.878829422805593552e+01 2.109502310972898798e+01 0.000000000000000000e+00 1.811077027627483460e+01 2.641968962724581260e+01
9.219544457292887074e+00 3.764306044943742080e+01 3.104834939252004844e+01 3.306055050963308162e+01 2.202271554554523902e+01 1.581138830084189628e+01 2.531797780234432693e+01 2.236067977499789805e+01 2.408318915758459156e+01 2.828427124746190291e+00 1.118033988749894903e+01 2.668332812825266842e+01 2.517935662402834396e+01 1.600000000000000000e+01 1.252996408614166768e+01 1.004987562112088995e+01 3.000000000000000000e+00 1.811077027627483460e+01 0.000000000000000000e+00 3.982461550347975532e+01
3.080584360149872580e+01 2.282542442102665348e+01 1.702938636592640265e+01 3.008321791298264714e+01 1.878829422805593552e+01 2.505992817228333536e+01 2.184032966784155505e+01 2.158703314492290204e+01 2.789265136196270589e+01 3.962322551231790158e+01 2.900000000000000000e+01 1.964688270438849926e+01 2.800000000000000000e+01 2.915475947422650194e+01 2.758622844826744469e+01 3.354101966249684352e+01 4.220189569201838253e+01 2.641968962724581260e+01 3.982461550347975532e+01 0.000000000000000000e+00
