0.000000000000000000e+00 1.204159457879229578e+01 2.420743687382040932e+01 1.984943324127920761e+01 2.202271554554523902e+01 2.353720459187963954e+01 3.080584360149872580e+01 3.000000000000000000e+00 1.802775637731994607e+01 5.830951894845300743e+00 3.052867504494749440e+01 1.204159457879229578e+01 2.729468812791236232e+01 2.408318915758459156e+01 1.910497317454279909e+01 1.941648783894759944e+01 1.170469991071962568e+01 8.544003745317530374e+00 1.581138830084189628e+01 1.476482306023340030e+01
1.204159457879229578e+01 0.000000000000000000e+00 1.565247584249852864e+01 1.431782106327635340e+01 1.000000000000000000e+01 1.170469991071962568e+01 1.969771560359220786e+01 9.055385138137417300e+00 7.071067811865475505e+00 1.746424919657297892e+01 2.202271554554523902e+01 7.615773105863908654e+00 1.697056274847713908e+01 1.802775637731994607e+01 1.503329637837290811e+01 8.602325267042626677e+00 2.000000000000000000e+01 1.272792206135785520e+01 1.565247584249852864e+01 8.062257748298549132e+00
2.420743687382040932e+01 1.565247584249852864e+01 0.000000000000000000e+00 2.828427124746190202e+01 1.431782106327635340e+01 1.077032961426900748e+01 2.459674775249768786e+01 2.193171219946130890e+01 9.219544457292887074e+00 3.000000000000000000e+01 3.178049716414140846e+01 1.220655561573370207e+01 5.385164807134503739e+00 3.101612483854164637e+01 2.961418578992169515e+01 1.900000000000000000e+01 3.471310991541956525e+01 2.801785145224380003e+01 1.400000000000000000e+01 2.280350850198275836e+01
1.984943324127920761e+01 1.431782106327635340e+01 2.828427124746190202e+01 0.000000000000000000e+00 1.565247584249852864e+01 1.969771560359220786e+01 1.615549442140351033e+01 1.769180601295413169e+01 1.910497317454279909e+01 2.236067977499789805e+01 1.140175425099137918e+01 2.184032966784155505e+01 2.751363298439520833e+01 4.242640687119284770e+00 2.236067977499789805e+00 9.848857801796103928e+00 1.910497317454279909e+01 1.300000000000000000e+01 2.973213749463701205e+01 6.324555320336759046e+00
2.202271554554523902e+01 1.000000000000000000e+01 1.431782106327635340e+01 1.565247584249852864e+01 0.000000000000000000e+00 4.123105625617660586e+00 1.131370849898476116e+01 1.902629759044044633e+01 7.071067811865475505e+00 2.729468812791236232e+01 1.746424919657297892e+01 1.476482306023340030e+01 1.216552506059643868e+01 1.746424919657297892e+01 1.749285568453590045e+01 5.830951894845300743e+00 2.863564212655270680e+01 2.102379604162863913e+01 2.202271554554523902e+01 1.204159457879229578e+01
2.353720459187963954e+01 1.170469991071962568e+01 1.077032961426900748e+01 1.969771560359220786e+01 4.123105625617660586e+00 0.000000000000000000e+00 1.389244398944980396e+01 2.061552812808830382e+01 6.082762530298219339e+00 2.912043955712207222e+01 2.121320343559642652e+01 1.431782106327635340e+01 8.062257748298549132e+00 2.158703314492290204e+01 2.147091055358388800e+01 9.848857801796103928e+00 3.138470965295043058e+01 2.385372088375312671e+01 2.059126028197400160e+01 1.562049935181330795e+01
3.080584360149872580e+01 1.969771560359220786e+01 2.459674775249768786e+01 1.615549442140351033e+01 1.131370849898476116e+01 1.389244398944980396e+01 0.000000000000000000e+00 2.789265136196270589e+01 1.838477631085023489e+01 3.522782990761707111e+01 9.848857801796103928e+00 2.580697580112788003e+01 2.088061301782110135e+01 1.500000000000000000e+01 1.838477631085023489e+01 1.140175425099137918e+01 3.423448553724738019e+01 2.701851217221259205e+01 3.330165161069342616e+01 1.700000000000000000e+01
3.000000000000000000e+00 9.055385138137417300e+00 2.193171219946130890e+01 1.769180601295413169e+01 1.902629759044044633e+01 2.061552812808830382e+01 2.789265136196270589e+01 0.000000000000000000e+00 1.523154621172781731e+01 8.544003745317530374e+00 2.801785145224380003e+01 1.000000000000000000e+01 2.469817807045693669e+01 2.193171219946130890e+01 1.720465053408525335e+01 1.649242250247064234e+01 1.303840481040529831e+01 8.000000000000000000e+00 1.513274595042155646e+01 1.220655561573370207e+01
1.802775637731994607e+01 7.071067811865475505e+00 9.219544457292887074e+00 1.910497317454279909e+01 7.071067811865475505e+00 6.082762530298219339e+00 1.838477631085023489e+01 1.523154621172781731e+01 0.000000000000000000e+00 2.376972864800942631e+01 2.376972864800942631e+01 8.246211251235321171e+00 9.899494936611665352e+00 2.202271554554523902e+01 2.039607805437113797e+01 1.019803902718556898e+01 2.701851217221259205e+01 1.979898987322333070e+01 1.500000000000000000e+01 1.360147050873544394e+01
5.830951894845300743e+00 1.746424919657297892e+01 3.000000000000000000e+01 2.236067977499789805e+01 2.729468812791236232e+01 2.912043955712207222e+01 3.522782990761707111e+01 8.544003745317530374e+00 2.376972864800942631e+01 0.000000000000000000e+00 3.361547262794321966e+01 1.780449381476485726e+01 3.312099032335839155e+01 2.641968962724581260e+01 2.109502310972898798e+01 2.402082429892862692e+01 8.062257748298549132e+00 9.433981132056603158e+00 2.059126028197400160e+01 1.843908891458577415e+01
3.052867504494749440e+01 2.202271554554523902e+01 3.178049716414140846e+01 1.140175425099137918e+01 1.746424919657297892e+01 2.121320343559642652e+01 9.848857801796103928e+00 2.801785145224380003e+01 2.376972864800942631e+01 3.361547262794321966e+01 0.000000000000000000e+00 2.941088233970548416e+01 2.906888370749726747e+01 8.000000000000000000e+00 1.315294643796590535e+01 1.389244398944980396e+01 3.041381265149109936e+01 2.435159132377184221e+01 3.744329045369811126e+01 1.581138830084189628e+01
1.204159457879229578e+01 7.615773105863908654e+00 1.220655561573370207e+01 2.184032966784155505e+01 1.476482306023340030e+01 1.431782106327635340e+01 2.580697580112788003e+01 1.000000000000000000e+01 8.246211251235321171e+00 1.780449381476485726e+01 2.941088233970548416e+01 0.000000000000000000e+00 1.581138830084189628e+01 2.563201123595259290e+01 2.236067977499789805e+01 1.562049935181330795e+01 2.302172886644267535e+01 1.708800749063506075e+01 8.062257748298549132e+00 1.552417469626002422e+01
2.729468812791236232e+01 1.697056274847713908e+01 5.385164807134503739e+00 2.751363298439520833e+01 1.216552506059643868e+01 8.062257748298549132e+00 2.088061301782110135e+01 2.469817807045693669e+01 9.899494936611665352e+00 3.312099032335839155e+01 2.906888370749726747e+01 1.581138830084189628e+01 0.000000000000000000e+00 2.961418578992169515e+01 2.915475947422650194e+01 1.772004514666934938e+01 3.687817782917154830e+01 2.969848480983499428e+01 1.910497317454279909e+01 2.282542442102665348e+01
2.408318915758459156e+01 1.802775637731994607e+01 3.101612483854164637e+01 4.242640687119284770e+00 1.746424919657297892e+01 2.158703314492290204e+01 1.500000000000000000e+01 2.193171219946130890e+01 2.202271554554523902e+01 2.641968962724581260e+01 8.000000000000000000e+00 2.563201123595259290e+01 2.961418578992169515e+01 0.000000000000000000e+00 5.385164807134503739e+00 1.204159457879229578e+01 2.256102834535695578e+01 1.700000000000000000e+01 3.361547262794321966e+01 1.029563014098700080e+01
1.910497317454279909e+01 1.503329637837290811e+01 2.961418578992169515e+01 2.236067977499789805e+00 1.749285568453590045e+01 2.147091055358388800e+01 1.838477631085023489e+01 1.720465053408525335e+01 2.039607805437113797e+01 2.109502310972898798e+01 1.315294643796590535e+01 2.236067977499789805e+01 2.915475947422650194e+01 5.385164807134503739e+00 0.000000000000000000e+00 1.166190378969060149e+01 1.726267650163206824e+01 1.166190378969060149e+01 3.008321791298264714e+01 7.000000000000000000e+00
1.941648783894759944e+01 8.602325267042626677e+00 1.900000000000000000e+01 9.848857801796103928e+00 5.830951894845300743e+00 9.848857801796103928e+00 1.140175425099137918e+01 1.649242250247064234e+01 1.019803902718556898e+01 2.402082429892862692e+01 1.389244398944980396e+01 1.562049935181330795e+01 1.772004514666934938e+01 1.204159457879229578e+01 1.166190378969060149e+01 0.000000000000000000e+00 2.404163056034261459e+01 1.649242250247064234e+01 2.360084744241189370e+01 6.708203932499369415e+00
1.170469991071962568e+01 2.000000000000000000e+01 3.471310991541956525e+01 1.910497317454279909e+01 2.863564212655270680e+01 3.138470965295043058e+01 3.423448553724738019e+01 1.303840481040529831e+01 2.701851217221259205e+01 8.062257748298549132e+00 3.041381265149109936e+01 2.302172886644267535e+01 3.687817782917154830e+01 2.256102834535695578e+01 1.726267650163206824e+01 2.404163056034261459e+01 0.000000000000000000e+00 7.615773105863908654e+00 2.751363298439520833e+01 1.746424919657297892e+01
8.544003745317530374e+00 1.272792206135785520e+01 2.801785145224380003e+01 1.300000000000000000e+01 2.102379604162863913e+01 2.385372088375312671e+01 2.701851217221259205e+01 8.000000000000000000e+00 1.979898987322333070e+01 9.433981132056603158e+00 2.435159132377184221e+01 1.708800749063506075e+01 2.969848480983499428e+01 1.700000000000000000e+01 1.166190378969060149e+01 1.649242250247064234e+01 7.615773105863908654e+00 0.000000000000000000e+00 2.308679276123039159e+01 1.004987562112088995e+01
1.581138830084189628e+01 1.565247584249852864e+01 1.400000000000000000e+01 2.973213749463701205e+01 2.202271554554523902e+01 2.059126028197400160e+01 3.330165161069342616e+01 1.513274595042155646e+01 1.500000000000000000e+01 2.059126028197400160e+01 3.744329045369811126e+01 8.062257748298549132e+00 1.910497317454279909e+01 3.361547262794321966e+01 3.008321791298264714e+01 2.360084744241189370e+01 2.751363298439520833e+01 2.308679276123039159e+01 0.000000000000000000e+00 2.340939982143925135e+01
1.476482306023340030e+01 8.062257748298549132e+00 2.280350850198275836e+01 6.324555320336759046e+00 1.204159457879229578e+01 1.562049935181330795e+01 1.700000000000000000e+01 1.220655561573370207e+01 1.360147050873544394e+01 1.843908891458577415e+01 1.581138830084189628e+01 1.552417469626002422e+01 2.282542442102665348e+01 1.029563014098700080e+01 7.000000000000000000e+00 6.708203932499369415e+00 1.746424919657297892e+01 1.004987562112088995e+01 2.340939982143925135e+01 0.000000000000000000e+00
