0.000000000000000000e+00 2.163330765278393741e+01 6.324555320336759046e+00 2.720294101747088789e+01 1.077032961426900748e+01 2.140093455903269515e+01 1.300000000000000000e+01 1.897366596101027625e+01 1.104536101718726115e+01 1.104536101718726115e+01 1.838477631085023489e+01 1.081665382639196871e+01 2.061552812808830382e+01 1.004987562112088995e+01 5.000000000000000000e+00 1.063014581273464998e+01 3.000000000000000000e+00 1.360147050873544394e+01 1.562049935181330795e+01 8.944271909999159220e+00 1.615549442140351033e+01 1.208304597359457233e+01 7.211102550927978250e+00 2.012461179749810825e+01
2.163330765278393741e+01 0.000000000000000000e+00 1.843908891458577415e+01 2.828427124746190202e+01 1.788854381999831844e+01 2.501999200639360765e+01 2.300000000000000000e+01 3.841874542459709119e+01 2.860069929215018192e+01 1.902629759044044633e+01 3.101612483854164637e+01 2.418677324489564739e+01 7.280109889280518054e+00 2.906888370749726747e+01 2.475883680627989492e+01 1.170469991071962568e+01 2.418677324489564739e+01 8.062257748298549132e+00 8.000000000000000000e+00 2.441311123146740414e+01 3.612478373637688378e+01 2.641968962724581260e+01 1.442220510185595650e+01 3.000000000000000000e+00
6.324555320336759046e+00 1.843908891458577415e+01 0.000000000000000000e+00 2.126029162546929996e+01 4.472135954999579610e+00 1.555634918610404505e+01 1.780449381476485726e+01 2.000000000000000000e+01 1.029563014098700080e+01 1.476482306023340030e+01 1.503329637837290811e+01 7.000000000000000000e+00 1.565247584249852864e+01 1.063014581273464998e+01 6.708203932499369415e+00 1.004987562112088995e+01 9.219544457292887074e+00 1.118033988749894903e+01 1.456021977856103611e+01 6.324555320336759046e+00 1.769180601295413169e+01 9.055385138137417300e+00 6.000000000000000000e+00 1.627882059609970611e+01
2.720294101747088789e+01 2.828427124746190202e+01 2.126029162546929996e+01 0.000000000000000000e+00 1.697056274847713908e+01 5.830951894845300743e+00 3.889730067755344578e+01 2.807133769523639799e+01 2.158703314492290204e+01 3.546829570193639825e+01 1.503329637837290811e+01 1.746424919657297892e+01 2.109502310972898798e+01 2.376972864800942631e+01 2.459674775249768786e+01 2.830194339616981125e+01 2.968164415931165934e+01 2.640075756488817049e+01 3.046309242345563462e+01 1.969771560359220786e+01 2.801785145224380003e+01 1.772004514666934938e+01 2.561249694973139412e+01 2.531797780234432693e+01
1.077032961426900748e+01 1.788854381999831844e+01 4.472135954999579610e+00 1.697056274847713908e+01 0.000000000000000000e+00 1.140175425099137918e+01 2.193171219946130890e+01 2.126029162546929996e+01 1.140175425099137918e+01 1.860107523773827509e+01 1.334166406412633421e+01 6.403124237432848531e+00 1.345362404707370985e+01 1.252996408614166768e+01 1.004987562112088995e+01 1.236931687685298087e+01 1.360147050873544394e+01 1.204159457879229578e+01 1.600000000000000000e+01 7.211102550927978250e+00 1.941648783894759944e+01 8.602325267042626677e+00 8.944271909999159220e+00 1.526433752247374720e+01
2.140093455903269515e+01 2.501999200639360765e+01 1.555634918610404505e+01 5.830951894845300743e+00 1.140175425099137918e+01 0.000000000000000000e+00 3.330165161069342616e+01 2.353720459187963954e+01 1.612451549659709826e+01 3.000000000000000000e+01 1.077032961426900748e+01 1.170469991071962568e+01 1.824828759089465890e+01 1.824828759089465890e+01 1.878829422805593552e+01 2.325940669922601600e+01 2.385372088375312671e+01 2.184032966784155505e+01 2.596150997149434048e+01 1.392838827718411920e+01 2.308679276123039159e+01 1.216552506059643868e+01 2.024845673131658685e+01 2.202271554554523902e+01
1.300000000000000000e+01 2.300000000000000000e+01 1.780449381476485726e+01 3.889730067755344578e+01 2.193171219946130890e+01 3.330165161069342616e+01 0.000000000000000000e+00 3.001666203960726875e+01 2.376972864800942631e+01 4.123105625617660586e+00 3.138470965295043058e+01 2.370653918225939449e+01 2.596150997149434048e+01 2.236067977499789805e+01 1.772004514666934938e+01 1.264911064067351809e+01 1.216552506059643868e+01 1.649242250247064234e+01 1.500000000000000000e+01 2.193171219946130890e+01 2.701851217221259205e+01 2.507987240796890660e+01 1.360147050873544394e+01 2.319482700948640286e+01
1.897366596101027625e+01 3.841874542459709119e+01 2.000000000000000000e+01 2.807133769523639799e+01 2.126029162546929996e+01 2.353720459187963954e+01 3.001666203960726875e+01 0.000000000000000000e+00 9.899494936611665352e+00 2.942787793912432193e+01 1.303840481040529831e+01 1.500000000000000000e+01 3.471310991541956525e+01 9.433981132056603158e+00 1.431782106327635340e+01 2.906888370749726747e+01 1.824828759089465890e+01 3.106444913401813324e+01 3.400000000000000000e+01 1.414213562373095101e+01 3.000000000000000000e+00 1.303840481040529831e+01 2.505992817228333536e+01 3.612478373637688378e+01
1.104536101718726115e+01 2.860069929215018192e+01 1.029563014098700080e+01 2.158703314492290204e+01 1.140175425099137918e+01 1.612451549659709826e+01 2.376972864800942631e+01 9.899494936611665352e+00 0.000000000000000000e+00 2.209072203437452231e+01 8.485281374238569541e+00 5.385164807134503739e+00 2.483948469674844262e+01 2.236067977499789805e+00 6.082762530298219339e+00 1.992485884517127559e+01 1.170469991071962568e+01 2.147091055358388800e+01 2.469817807045693669e+01 4.242640687119284770e+00 8.062257748298549132e+00 4.000000000000000000e+00 1.581138830084189628e+01 2.624880949681337583e+01
1.104536101718726115e+01 1.902629759044044633e+01 1.476482306023340030e+01 3.546829570193639825e+01 1.860107523773827509e+01 3.000000000000000000e+01 4.123105625617660586e+00 2.942787793912432193e+01 2.209072203437452231e+01 0.000000000000000000e+00 2.912043955712207222e+01 2.118962010041709121e+01 2.184032966784155505e+01 2.100000000000000000e+01 1.603121954188139853e+01 8.544003745317530374e+00 1.118033988749894903e+01 1.236931687685298087e+01 1.104536101718726115e+01 1.964688270438849926e+01 2.647640458974745314e+01 2.280350850198275836e+01 9.899494936611665352e+00 1.910497317454279909e+01
1.838477631085023489e+01 3.101612483854164637e+01 1.503329637837290811e+01 1.503329637837290811e+01 1.334166406412633421e+01 1.077032961426900748e+01 3.138470965295043058e+01 1.303840481040529831e+01 8.485281374238569541e+00 2.912043955712207222e+01 0.000000000000000000e+00 8.062257748298549132e+00 2.555386467836127551e+01 1.063014581273464998e+01 1.389244398944980396e+01 2.500000000000000000e+01 1.972308292331602075e+01 2.531797780234432693e+01 2.915475947422650194e+01 9.486832980505138124e+00 1.315294643796590535e+01 6.324555320336759046e+00 2.102379604162863913e+01 2.823118842698620767e+01
1.081665382639196871e+01 2.418677324489564739e+01 7.000000000000000000e+00 1.746424919657297892e+01 6.403124237432848531e+00 1.170469991071962568e+01 2.370653918225939449e+01 1.500000000000000000e+01 5.385164807134503739e+00 2.118962010041709121e+01 8.062257748298549132e+00 0.000000000000000000e+00 1.979898987322333070e+01 7.071067811865475505e+00 7.211102550927978250e+00 1.702938636592640265e+01 1.272792206135785520e+01 1.772004514666934938e+01 2.137755832643194864e+01 2.236067977499789805e+00 1.341640786499873883e+01 2.236067977499789805e+00 1.300000000000000000e+01 2.163330765278393741e+01
2.061552812808830382e+01 7.280109889280518054e+00 1.565247584249852864e+01 2.109502310972898798e+01 1.345362404707370985e+01 1.824828759089465890e+01 2.596150997149434048e+01 3.471310991541956525e+01 2.483948469674844262e+01 2.184032966784155505e+01 2.555386467836127551e+01 1.979898987322333070e+01 0.000000000000000000e+00 2.580697580112788003e+01 2.236067977499789805e+01 1.334166406412633421e+01 2.353720459187963954e+01 9.486832980505138124e+00 1.220655561573370207e+01 2.061552812808830382e+01 3.280243893371345365e+01 2.193171219946130890e+01 1.403566884761819900e+01 4.472135954999579610e+00
1.004987562112088995e+01 2.906888370749726747e+01 1.063014581273464998e+01 2.376972864800942631e+01 1.252996408614166768e+01 1.824828759089465890e+01 2.236067977499789805e+01 9.433981132056603158e+00 2.236067977499789805e+00 2.100000000000000000e+01 1.063014581273464998e+01 7.071067811865475505e+00 2.580697580112788003e+01 0.000000000000000000e+00 5.099019513592784492e+00 1.969771560359220786e+01 1.019803902718556898e+01 2.163330765278393741e+01 2.459674775249768786e+01 5.385164807134503739e+00 7.071067811865475505e+00 6.082762530298219339e+00 1.565247584249852864e+01 2.687005768508880621e+01
5.000000000000000000e+00 2.475883680627989492e+01 6.708203932499369415e+00 2.459674775249768786e+01 1.004987562112088995e+01 1.878829422805593552e+01 1.772004514666934938e+01 1.431782106327635340e+01 6.082762530298219339e+00 1.603121954188139853e+01 1.389244398944980396e+01 7.211102550927978250e+00 2.236067977499789805e+01 5.099019513592784492e+00 0.000000000000000000e+00 1.476482306023340030e+01 5.830951894845300743e+00 1.702938636592640265e+01 1.972308292331602075e+01 5.000000000000000000e+00 1.166190378969060149e+01 7.810249675906653977e+00 1.081665382639196871e+01 2.280350850198275836e+01
1.063014581273464998e+01 1.170469991071962568e+01 1.004987562112088995e+01 2.830194339616981125e+01 1.236931687685298087e+01 2.325940669922601600e+01 1.264911064067351809e+01 2.906888370749726747e+01 1.992485884517127559e+01 8.544003745317530374e+00 2.500000000000000000e+01 1.702938636592640265e+01 1.334166406412633421e+01 1.969771560359220786e+01 1.476482306023340030e+01 0.000000000000000000e+00 1.280624847486569706e+01 4.000000000000000000e+00 5.000000000000000000e+00 1.627882059609970611e+01 2.641968962724581260e+01 1.910497317454279909e+01 4.123105625617660586e+00 1.104536101718726115e+01
3.000000000000000000e+00 2.418677324489564739e+01 9.219544457292887074e+00 2.968164415931165934e+01 1.360147050873544394e+01 2.385372088375312671e+01 1.216552506059643868e+01 1.824828759089465890e+01 1.170469991071962568e+01 1.118033988749894903e+01 1.972308292331602075e+01 1.272792206135785520e+01 2.353720459187963954e+01 1.019803902718556898e+01 5.830951894845300743e+00 1.280624847486569706e+01 0.000000000000000000e+00 1.612451549659709826e+01 1.769180601295413169e+01 1.063014581273464998e+01 1.529705854077835525e+01 1.360147050873544394e+01 9.848857801796103928e+00 2.284731931759172596e+01
1.360147050873544394e+01 8.062257748298549132e+00 1.118033988749894903e+01 2.640075756488817049e+01 1.204159457879229578e+01 2.184032966784155505e+01 1.649242250247064234e+01 3.106444913401813324e+01 2.147091055358388800e+01 1.236931687685298087e+01 2.531797780234432693e+01 1.772004514666934938e+01 9.486832980505138124e+00 2.163330765278393741e+01 1.702938636592640265e+01 4.000000000000000000e+00 1.612451549659709826e+01 0.000000000000000000e+00 4.123105625617660586e+00 1.746424919657297892e+01 2.860069929215018192e+01 1.992485884517127559e+01 6.403124237432848531e+00 7.071067811865475505e+00
1.562049935181330795e+01 8.000000000000000000e+00 1.456021977856103611e+01 3.046309242345563462e+01 1.600000000000000000e+01 2.596150997149434048e+01 1.500000000000000000e+01 3.400000000000000000e+01 2.469817807045693669e+01 1.104536101718726115e+01 2.915475947422650194e+01 2.137755832643194864e+01 1.220655561573370207e+01 2.459674775249768786e+01 1.972308292331602075e+01 5.000000000000000000e+00 1.769180601295413169e+01 4.123105625617660586e+00 0.000000000000000000e+00 2.088061301782110135e+01 3.138470965295043058e+01 2.353720459187963954e+01 8.944271909999159220e+00 8.544003745317530374e+00
8.944271909999159220e+00 2.441311123146740414e+01 6.324555320336759046e+00 1.969771560359220786e+01 7.211102550927978250e+00 1.392838827718411920e+01 2.193171219946130890e+01 1.414213562373095101e+01 4.242640687119284770e+00 1.964688270438849926e+01 9.486832980505138124e+00 2.236067977499789805e+00 2.061552812808830382e+01 5.385164807134503739e+00 5.000000000000000000e+00 1.627882059609970611e+01 1.063014581273464998e+01 1.746424919657297892e+01 2.088061301782110135e+01 0.000000000000000000e+00 1.220655561573370207e+01 3.162277660168379523e+00 1.216552506059643868e+01 2.202271554554523902e+01
1.615549442140351033e+01 3.612478373637688378e+01 1.769180601295413169e+01 2.801785145224380003e+01 1.941648783894759944e+01 2.308679276123039159e+01 2.701851217221259205e+01 3.000000000000000000e+00 8.062257748298549132e+00 2.647640458974745314e+01 1.315294643796590535e+01 1.341640786499873883e+01 3.280243893371345365e+01 7.071067811865475505e+00 1.166190378969060149e+01 2.641968962724581260e+01 1.529705854077835525e+01 2.860069929215018192e+01 3.138470965295043058e+01 1.220655561573370207e+01 0.000000000000000000e+00 1.170469991071962568e+01 2.247220505424423109e+01 3.394112549695427816e+01
1.208304597359457233e+01 2.641968962724581260e+01 9.055385138137417300e+00 1.772004514666934938e+01 8.602325267042626677e+00 1.216552506059643868e+01 2.507987240796890660e+01 1.303840481040529831e+01 4.000000000000000000e+00 2.280350850198275836e+01 6.324555320336759046e+00 2.236067977499789805e+00 2.193171219946130890e+01 6.082762530298219339e+00 7.810249675906653977e+00 1.910497317454279909e+01 1.360147050873544394e+01 1.992485884517127559e+01 2.353720459187963954e+01 3.162277660168379523e+00 1.170469991071962568e+01 0.000000000000000000e+00 1.503329637837290811e+01 2.385372088375312671e+01
7.211102550927978250e+00 1.442220510185595650e+01 6.000000000000000000e+00 2.561249694973139412e+01 8.944271909999159220e+00 2.024845673131658685e+01 1.360147050873544394e+01 2.505992817228333536e+01 1.581138830084189628e+01 9.899494936611665352e+00 2.102379604162863913e+01 1.300000000000000000e+01 1.403566884761819900e+01 1.565247584249852864e+01 1.081665382639196871e+01 4.123105625617660586e+00 9.848857801796103928e+00 6.403124237432848531e+00 8.944271909999159220e+00 1.216552506059643868e+01 2.247220505424423109e+01 1.503329637837290811e+01 0.000000000000000000e+00 1.300000000000000000e+01
2.012461179749810825e+01 3.000000000000000000e+00 1.627882059609970611e+01 2.531797780234432693e+01 1.526433752247374720e+01 2.202271554554523902e+01 2.319482700948640286e+01 3.612478373637688378e+01 2.624880949681337583e+01 1.910497317454279909e+01 2.823118842698620767e+01 2.163330765278393741e+01 4.472135954999579610e+00 2.687005768508880621e+01 2.280350850198275836e+01 1.104536101718726115e+01 2.284731931759172596e+01 7.071067811865475505e+00 8.544003745317530374e+00 2.202271554554523902e+01 3.394112549695427816e+01 2.385372088375312671e+01 1.300000000000000000e+01 0.000000000000000000e+00
