0.000000000000000000e+00 1.044030650891055068e+01 3.465544690232691494e+01 7.000000000000000000e+00 2.594224354214569317e+01 1.500000000000000000e+01 1.500000000000000000e+01 3.417601498127012150e+01 2.121320343559642652e+01 1.581138830084189628e+01 1.749285568453590045e+01 3.423448553724738019e+01 3.106444913401813324e+01 2.780287754891568852e+01 3.580502757993631491e+01 1.389244398944980396e+01 1.272792206135785520e+01 2.202271554554523902e+01 6.082762530298219339e+00 9.433981132056603158e+00 3.101612483854164637e+01 2.418677324489564739e+01 1.000000000000000000e+01 3.047950130825634218e+01 1.838477631085023489e+01 7.810249675906653977e+00 3.373425558686599857e+01 1.000000000000000000e+01 2.773084924772409465e+01
1.044030650891055068e+01 0.000000000000000000e+00 3.088689042296100240e+01 1.077032961426900748e+01 1.581138830084189628e+01 9.055385138137417300e+00 2.059126028197400160e+01 2.662705391138869615e+01 1.100000000000000000e+01 1.868154169226940553e+01 1.802775637731994607e+01 2.500000000000000000e+01 2.561249694973139412e+01 2.332380757938120297e+01 3.061045573002793319e+01 4.472135954999579610e+00 6.082762530298219339e+00 1.216552506059643868e+01 1.421267040355189515e+01 2.828427124746190291e+00 2.109502310972898798e+01 2.996664812754339380e+01 6.403124237432848531e+00 2.785677655436823841e+01 2.624880949681337583e+01 1.029563014098700080e+01 2.334523505985750447e+01 9.219544457292887074e+00 2.121320343559642652e+01
3.465544690232691494e+01 3.088689042296100240e+01 0.000000000000000000e+00 3.982461550347975532e+01 3.605551275463989214e+01 3.939543120718441571e+01 2.657066051117284644e+01 1.389244398944980396e+01 2.729468812791236232e+01 2.193171219946130890e+01 1.835755975068581947e+01 2.193171219946130890e+01 7.071067811865475505e+00 7.615773105863908654e+00 5.000000000000000000e+00 3.361547262794321966e+01 3.667424164178449786e+01 2.517935662402834396e+01 3.162277660168379256e+01 3.361547262794321966e+01 2.570992026436488231e+01 2.800000000000000000e+01 3.721558813185679071e+01 5.099019513592784492e+00 3.275667870831839679e+01 2.690724809414741969e+01 3.201562118716424266e+01 2.475883680627989492e+01 1.200000000000000000e+01
7.000000000000000000e+00 1.077032961426900748e+01 3.982461550347975532e+01 0.000000000000000000e+00 2.353720459187963954e+01 1.029563014098700080e+01 2.200000000000000000e+01 3.721558813185679071e+01 2.137755832643194864e+01 2.256102834535695578e+01 2.376972864800942631e+01 3.573513677041127323e+01 3.538361202590826338e+01 3.255764119219941222e+01 4.031128874149274566e+01 1.200000000000000000e+01 9.219544457292887074e+00 2.280350850198275836e+01 1.303840481040529831e+01 8.246211251235321171e+00 3.157530680769388809e+01 3.114482300479487265e+01 6.082762530298219339e+00 3.605551275463989214e+01 2.500000000000000000e+01 1.392838827718411920e+01 3.300000000000000000e+01 1.526433752247374720e+01 3.140063693621516450e+01
2.594224354214569317e+01 1.581138830084189628e+01 3.605551275463989214e+01 2.353720459187963954e+01 0.000000000000000000e+00 1.400000000000000000e+01 3.546829570193639825e+01 2.563201123595259290e+01 9.219544457292887074e+00 3.244996147917590434e+01 3.041381265149109936e+01 1.941648783894759944e+01 2.915475947422650194e+01 2.901723625709381693e+01 3.354101966249684352e+01 1.208304597359457233e+01 1.431782106327635340e+01 1.104536101718726115e+01 3.000000000000000000e+01 1.655294535724684835e+01 1.360147050873544394e+01 4.440720662234903671e+01 1.746424919657297892e+01 3.512833614050059339e+01 4.172529209005013229e+01 2.545584412271571040e+01 1.118033988749894903e+01 2.343074902771996193e+01 2.408318915758459156e+01
1.500000000000000000e+01 9.055385138137417300e+00 3.939543120718441571e+01 1.029563014098700080e+01 1.400000000000000000e+01 0.000000000000000000e+00 2.846049894151541437e+01 3.324154027718932269e+01 1.500000000000000000e+01 2.729468812791236232e+01 2.700000000000000000e+01 2.968164415931165934e+01 3.361547262794321966e+01 3.178049716414140846e+01 3.858756276314947797e+01 5.830951894845300743e+00 3.000000000000000000e+00 1.702938636592640265e+01 2.059126028197400160e+01 7.071067811865475505e+00 2.459674775249768786e+01 3.794733192202055250e+01 5.000000000000000000e+00 3.668787265568828104e+01 3.312099032335839155e+01 1.843908891458577415e+01 2.451530134426252516e+01 1.802775637731994607e+01 2.884441020371191300e+01
1.500000000000000000e+01 2.059126028197400160e+01 2.657066051117284644e+01 2.200000000000000000e+01 3.546829570193639825e+01 2.846049894151541437e+01 0.000000000000000000e+00 3.214031735997639316e+01 2.765863337187866122e+01 5.000000000000000000e+00 9.000000000000000000e+00 3.573513677041127323e+01 2.607680962081059661e+01 2.209072203437452231e+01 2.961418578992169515e+01 2.505992817228333536e+01 2.563201123595259290e+01 2.720294101747088789e+01 9.055385138137417300e+00 2.154065922853801496e+01 3.488552708502481892e+01 9.486832980505138124e+00 2.376972864800942631e+01 2.154065922853801496e+01 7.280109889280518054e+00 1.029563014098700080e+01 3.966106403010387993e+01 1.204159457879229578e+01 2.517935662402834396e+01
3.417601498127012150e+01 2.662705391138869615e+01 1.389244398944980396e+01 3.721558813185679071e+01 2.563201123595259290e+01 3.324154027718932269e+01 3.214031735997639316e+01 0.000000000000000000e+00 1.860107523773827509e+01 2.716615541441224835e+01 2.319482700948640286e+01 8.246211251235321171e+00 7.810249675906653977e+00 1.118033988749894903e+01 9.486832980505138124e+00 2.758622844826744469e+01 3.114482300479487265e+01 1.640121946685672683e+01 3.354101966249684352e+01 2.941088233970548416e+01 1.303840481040529831e+01 3.700000000000000000e+01 3.280243893371345365e+01 1.627882059609970611e+01 3.931920650267500150e+01 2.765863337187866122e+01 1.902629759044044633e+01 2.473863375370596174e+01 7.000000000000000000e+00
2.121320343559642652e+01 1.100000000000000000e+01 2.729468812791236232e+01 2.137755832643194864e+01 9.219544457292887074e+00 1.500000000000000000e+01 2.765863337187866122e+01 1.860107523773827509e+01 0.000000000000000000e+00 2.408318915758459156e+01 2.163330765278393741e+01 1.476482306023340030e+01 2.061552812808830382e+01 2.002498439450078749e+01 2.529822128134703618e+01 9.848857801796103928e+00 1.341640786499873883e+01 2.236067977499789805e+00 2.376972864800942631e+01 1.315294643796590535e+01 1.019803902718556898e+01 3.612478373637688378e+01 1.581138830084189628e+01 2.601922366251537611e+01 3.440930106817050671e+01 1.835755975068581947e+01 1.264911064067351809e+01 1.581138830084189628e+01 1.552417469626002422e+01
1.581138830084189628e+01 1.868154169226940553e+01 2.193171219946130890e+01 2.256102834535695578e+01 3.244996147917590434e+01 2.729468812791236232e+01 5.000000000000000000e+00 2.716615541441224835e+01 2.408318915758459156e+01 0.000000000000000000e+00 4.000000000000000000e+00 3.101612483854164637e+01 2.109502310972898798e+01 1.711724276862369010e+01 2.473863375370596174e+01 2.308679276123039159e+01 2.433105012119287736e+01 2.334523505985750447e+01 1.081665382639196871e+01 2.022374841615668473e+01 3.052867504494749440e+01 1.204159457879229578e+01 2.302172886644267535e+01 1.700000000000000000e+01 1.216552506059643868e+01 9.000000000000000000e+00 3.560898762952971452e+01 9.486832980505138124e+00 2.022374841615668473e+01
1.749285568453590045e+01 1.802775637731994607e+01 1.835755975068581947e+01 2.376972864800942631e+01 3.041381265149109936e+01 2.700000000000000000e+01 9.000000000000000000e+00 2.319482700948640286e+01 2.163330765278393741e+01 4.000000000000000000e+00 0.000000000000000000e+00 2.731300056749532601e+01 1.711724276862369010e+01 1.315294643796590535e+01 2.088061301782110135e+01 2.220360331117451835e+01 2.400000000000000000e+01 2.061552812808830382e+01 1.345362404707370985e+01 2.002498439450078749e+01 2.720294101747088789e+01 1.500000000000000000e+01 2.319482700948640286e+01 1.360147050873544394e+01 1.612451549659709826e+01 9.848857801796103928e+00 3.255764119219941222e+01 9.055385138137417300e+00 1.627882059609970611e+01
3.423448553724738019e+01 2.500000000000000000e+01 2.193171219946130890e+01 3.573513677041127323e+01 1.941648783894759944e+01 2.968164415931165934e+01 3.573513677041127323e+01 8.246211251235321171e+00 1.476482306023340030e+01 3.101612483854164637e+01 2.731300056749532601e+01 0.000000000000000000e+00 1.526433752247374720e+01 1.769180601295413169e+01 1.772004514666934938e+01 2.459674775249768786e+01 2.817800560721074277e+01 1.300000000000000000e+01 3.505709628591620941e+01 2.751363298439520833e+01 5.830951894845300743e+00 4.205948168962618183e+01 3.046309242345563462e+01 2.360084744241189370e+01 4.301162633521313694e+01 2.906888370749726747e+01 1.104536101718726115e+01 2.607680962081059661e+01 1.204159457879229578e+01
3.106444913401813324e+01 2.561249694973139412e+01 7.071067811865475505e+00 3.538361202590826338e+01 2.915475947422650194e+01 3.361547262794321966e+01 2.607680962081059661e+01 7.810249675906653977e+00 2.061552812808830382e+01 2.109502310972898798e+01 1.711724276862369010e+01 1.526433752247374720e+01 0.000000000000000000e+00 4.000000000000000000e+00 5.000000000000000000e+00 2.778488797889960793e+01 3.106444913401813324e+01 1.843908891458577415e+01 2.915475947422650194e+01 2.842534080710379030e+01 1.868154169226940553e+01 2.983286778035259701e+01 3.201562118716424266e+01 8.485281374238569541e+00 3.300000000000000000e+01 2.370653918225939449e+01 2.500000000000000000e+01 2.109502310972898798e+01 5.099019513592784492e+00
2.780287754891568852e+01 2.332380757938120297e+01 7.615773105863908654e+00 3.255764119219941222e+01 2.901723625709381693e+01 3.178049716414140846e+01 2.209072203437452231e+01 1.118033988749894903e+01 2.002498439450078749e+01 1.711724276862369010e+01 1.315294643796590535e+01 1.769180601295413169e+01 4.000000000000000000e+00 0.000000000000000000e+00 8.062257748298549132e+00 2.600000000000000000e+01 2.906888370749726747e+01 1.800000000000000000e+01 2.549509756796392423e+01 2.607680962081059661e+01 2.012461179749810825e+01 2.596150997149434048e+01 2.968164415931165934e+01 6.324555320336759046e+00 2.900000000000000000e+01 2.024845673131658685e+01 2.640075756488817049e+01 1.780449381476485726e+01 5.830951894845300743e+00
3.580502757993631491e+01 3.061045573002793319e+01 5.000000000000000000e+00 4.031128874149274566e+01 3.354101966249684352e+01 3.858756276314947797e+01 2.961418578992169515e+01 9.486832980505138124e+00 2.529822128134703618e+01 2.473863375370596174e+01 2.088061301782110135e+01 1.772004514666934938e+01 5.000000000000000000e+00 8.062257748298549132e+00 0.000000000000000000e+00 3.275667870831839679e+01 3.605551275463989214e+01 2.308679276123039159e+01 3.354101966249684352e+01 3.342154993413680586e+01 2.209072203437452231e+01 3.214031735997639316e+01 3.701351104664349378e+01 9.219544457292887074e+00 3.622154055254966920e+01 2.830194339616981125e+01 2.828427124746190202e+01 2.580697580112788003e+01 9.848857801796103928e+00
1.389244398944980396e+01 4.472135954999579610e+00 3.361547262794321966e+01 1.200000000000000000e+01 1.208304597359457233e+01 5.830951894845300743e+00 2.505992817228333536e+01 2.758622844826744469e+01 9.848857801796103928e+00 2.308679276123039159e+01 2.220360331117451835e+01 2.459674775249768786e+01 2.778488797889960793e+01 2.600000000000000000e+01 3.275667870831839679e+01 0.000000000000000000e+00 3.605551275463989125e+00 1.166190378969060149e+01 1.838477631085023489e+01 4.472135954999579610e+00 1.992485884517127559e+01 3.443835071544512516e+01 6.082762530298219339e+00 3.104834939252004844e+01 3.061045573002793319e+01 1.476482306023340030e+01 2.100000000000000000e+01 1.360147050873544394e+01 2.302172886644267535e+01
1.272792206135785520e+01 6.082762530298219339e+00 3.667424164178449786e+01 9.219544457292887074e+00 1.431782106327635340e+01 3.000000000000000000e+00 2.563201123595259290e+01 3.114482300479487265e+01 1.341640786499873883e+01 2.433105012119287736e+01 2.400000000000000000e+01 2.817800560721074277e+01 3.106444913401813324e+01 2.906888370749726747e+01 3.605551275463989214e+01 3.605551275463989125e+00 0.000000000000000000e+00 1.526433752247374720e+01 1.802775637731994607e+01 4.123105625617660586e+00 2.340939982143925135e+01 3.511409973215887703e+01 3.162277660168379523e+00 3.383784863137726262e+01 3.052867504494749440e+01 1.552417469626002422e+01 2.408318915758459156e+01 1.503329637837290811e+01 2.640075756488817049e+01
2.202271554554523902e+01 1.216552506059643868e+01 2.517935662402834396e+01 2.280350850198275836e+01 1.104536101718726115e+01 1.702938636592640265e+01 2.720294101747088789e+01 1.640121946685672683e+01 2.236067977499789805e+00 2.334523505985750447e+01 2.061552812808830382e+01 1.300000000000000000e+01 1.843908891458577415e+01 1.800000000000000000e+01 2.308679276123039159e+01 1.166190378969060149e+01 1.526433752247374720e+01 0.000000000000000000e+00 2.404163056034261459e+01 1.456021977856103611e+01 9.000000000000000000e+00 3.535533905932737753e+01 1.746424919657297892e+01 2.408318915758459156e+01 3.413209633175202384e+01 1.838477631085023489e+01 1.252996408614166768e+01 1.565247584249852864e+01 1.334166406412633421e+01
6.082762530298219339e+00 1.421267040355189515e+01 3.162277660168379256e+01 1.303840481040529831e+01 3.000000000000000000e+01 2.059126028197400160e+01 9.055385138137417300e+00 3.354101966249684352e+01 2.376972864800942631e+01 1.081665382639196871e+01 1.345362404707370985e+01 3.505709628591620941e+01 2.915475947422650194e+01 2.549509756796392423e+01 3.354101966249684352e+01 1.838477631085023489e+01 1.802775637731994607e+01 2.404163056034261459e+01 0.000000000000000000e+00 1.421267040355189515e+01 3.275667870831839679e+01 1.811077027627483460e+01 1.565247584249852864e+01 2.701851217221259205e+01 1.252996408614166768e+01 6.000000000000000000e+00 3.640054944640259293e+01 9.000000000000000000e+00 2.668332812825266842e+01
9.433981132056603158e+00 2.828427124746190291e+00 3.361547262794321966e+01 8.246211251235321171e+00 1.655294535724684835e+01 7.071067811865475505e+00 2.154065922853801496e+01 2.941088233970548416e+01 1.315294643796590535e+01 2.022374841615668473e+01 2.002498439450078749e+01 2.751363298439520833e+01 2.842534080710379030e+01 2.607680962081059661e+01 3.342154993413680586e+01 4.472135954999579610e+00 4.123105625617660586e+00 1.456021977856103611e+01 1.421267040355189515e+01 0.000000000000000000e+00 2.334523505985750447e+01 3.101612483854164637e+01 3.605551275463989125e+00 3.046309242345563462e+01 2.662705391138869615e+01 1.140175425099137918e+01 2.507987240796890660e+01 1.100000000000000000e+01 2.404163056034261459e+01
3.101612483854164637e+01 2.109502310972898798e+01 2.570992026436488231e+01 3.157530680769388809e+01 1.360147050873544394e+01 2.459674775249768786e+01 3.488552708502481892e+01 1.303840481040529831e+01 1.019803902718556898e+01 3.052867504494749440e+01 2.720294101747088789e+01 5.830951894845300743e+00 1.868154169226940553e+01 2.012461179749810825e+01 2.209072203437452231e+01 1.992485884517127559e+01 2.340939982143925135e+01 9.000000000000000000e+00 3.275667870831839679e+01 2.334523505985750447e+01 0.000000000000000000e+00 4.220189569201838253e+01 2.596150997149434048e+01 2.640075756488817049e+01 4.204759208325727826e+01 2.692582403567251959e+01 6.324555320336759046e+00 2.404163056034261459e+01 1.431782106327635340e+01
2.418677324489564739e+01 2.996664812754339380e+01 2.800000000000000000e+01 3.114482300479487265e+01 4.440720662234903671e+01 3.794733192202055250e+01 9.486832980505138124e+00 3.700000000000000000e+01 3.612478373637688378e+01 1.204159457879229578e+01 1.500000000000000000e+01 4.205948168962618183e+01 2.983286778035259701e+01 2.596150997149434048e+01 3.214031735997639316e+01 3.443835071544512516e+01 3.511409973215887703e+01 3.535533905932737753e+01 1.811077027627483460e+01 3.101612483854164637e+01 4.220189569201838253e+01 0.000000000000000000e+00 3.324154027718932269e+01 2.302172886644267535e+01 8.062257748298549132e+00 1.969771560359220786e+01 4.750789408087881327e+01 2.109502310972898798e+01 3.046309242345563462e+01
1.000000000000000000e+01 6.403124237432848531e+00 3.721558813185679071e+01 6.082762530298219339e+00 1.746424919657297892e+01 5.000000000000000000e+00 2.376972864800942631e+01 3.280243893371345365e+01 1.581138830084189628e+01 2.302172886644267535e+01 2.319482700948640286e+01 3.046309242345563462e+01 3.201562118716424266e+01 2.968164415931165934e+01 3.701351104664349378e+01 6.082762530298219339e+00 3.162277660168379523e+00 1.746424919657297892e+01 1.565247584249852864e+01 3.605551275463989125e+00 2.596150997149434048e+01 3.324154027718932269e+01 0.000000000000000000e+00 3.401470270338990076e+01 2.817800560721074277e+01 1.403566884761819900e+01 2.701851217221259205e+01 1.414213562373095101e+01 2.758622844826744469e+01
3.047950130825634218e+01 2.785677655436823841e+01 5.099019513592784492e+00 3.605551275463989214e+01 3.512833614050059339e+01 3.668787265568828104e+01 2.154065922853801496e+01 1.627882059609970611e+01 2.601922366251537611e+01 1.700000000000000000e+01 1.360147050873544394e+01 2.360084744241189370e+01 8.485281374238569541e+00 6.324555320336759046e+00 9.219544457292887074e+00 3.104834939252004844e+01 3.383784863137726262e+01 2.408318915758459156e+01 2.701851217221259205e+01 3.046309242345563462e+01 2.640075756488817049e+01 2.302172886644267535e+01 3.401470270338990076e+01 0.000000000000000000e+00 2.765863337187866122e+01 2.267156809750926882e+01 3.269556544854363267e+01 2.080865204668481283e+01 1.208304597359457233e+01
1.838477631085023489e+01 2.624880949681337583e+01 3.275667870831839679e+01 2.500000000000000000e+01 4.172529209005013229e+01 3.312099032335839155e+01 7.280109889280518054e+00 3.931920650267500150e+01 3.440930106817050671e+01 1.216552506059643868e+01 1.612451549659709826e+01 4.301162633521313694e+01 3.300000000000000000e+01 2.900000000000000000e+01 3.622154055254966920e+01 3.061045573002793319e+01 3.052867504494749440e+01 3.413209633175202384e+01 1.252996408614166768e+01 2.662705391138869615e+01 4.204759208325727826e+01 8.062257748298549132e+00 2.817800560721074277e+01 2.765863337187866122e+01 0.000000000000000000e+00 1.627882059609970611e+01 4.664761515876240594e+01 1.860107523773827509e+01 3.238826948140329165e+01
7.810249675906653977e+00 1.029563014098700080e+01 2.690724809414741969e+01 1.392838827718411920e+01 2.545584412271571040e+01 1.843908891458577415e+01 1.029563014098700080e+01 2.765863337187866122e+01 1.835755975068581947e+01 9.000000000000000000e+00 9.848857801796103928e+00 2.906888370749726747e+01 2.370653918225939449e+01 2.024845673131658685e+01 2.830194339616981125e+01 1.476482306023340030e+01 1.552417469626002422e+01 1.838477631085023489e+01 6.000000000000000000e+00 1.140175425099137918e+01 2.692582403567251959e+01 1.969771560359220786e+01 1.403566884761819900e+01 2.267156809750926882e+01 1.627882059609970611e+01 0.000000000000000000e+00 3.087069808086626210e+01 3.000000000000000000e+00 2.088061301782110135e+01
3.373425558686599857e+01 2.334523505985750447e+01 3.201562118716424266e+01 3.300000000000000000e+01 1.118033988749894903e+01 2.451530134426252516e+01 3.966106403010387993e+01 1.902629759044044633e+01 1.264911064067351809e+01 3.560898762952971452e+01 3.255764119219941222e+01 1.104536101718726115e+01 2.500000000000000000e+01 2.640075756488817049e+01 2.828427124746190202e+01 2.100000000000000000e+01 2.408318915758459156e+01 1.252996408614166768e+01 3.640054944640259293e+01 2.507987240796890660e+01 6.324555320336759046e+00 4.750789408087881327e+01 2.701851217221259205e+01 3.269556544854363267e+01 4.664761515876240594e+01 3.087069808086626210e+01 0.000000000000000000e+00 2.817800560721074277e+01 2.061552812808830382e+01
1.000000000000000000e+01 9.219544457292887074e+00 2.475883680627989492e+01 1.526433752247374720e+01 2.343074902771996193e+01 1.802775637731994607e+01 1.204159457879229578e+01 2.473863375370596174e+01 1.581138830084189628e+01 9.486832980505138124e+00 9.055385138137417300e+00 2.607680962081059661e+01 2.109502310972898798e+01 1.780449381476485726e+01 2.580697580112788003e+01 1.360147050873544394e+01 1.503329637837290811e+01 1.565247584249852864e+01 9.000000000000000000e+00 1.100000000000000000e+01 2.404163056034261459e+01 2.109502310972898798e+01 1.414213562373095101e+01 2.080865204668481283e+01 1.860107523773827509e+01 3.000000000000000000e+00 2.817800560721074277e+01 0.000000000000000000e+00 1.802775637731994607e+01
2.773084924772409465e+01 2.121320343559642652e+01 1.200000000000000000e+01 3.140063693621516450e+01 2.408318915758459156e+01 2.884441020371191300e+01 2.517935662402834396e+01 7.000000000000000000e+00 1.552417469626002422e+01 2.022374841615668473e+01 1.627882059609970611e+01 1.204159457879229578e+01 5.099019513592784492e+00 5.830951894845300743e+00 9.848857801796103928e+00 2.302172886644267535e+01 2.640075756488817049e+01 1.334166406412633421e+01 2.668332812825266842e+01 2.404163056034261459e+01 1.431782106327635340e+01 3.046309242345563462e+01 2.758622844826744469e+01 1.208304597359457233e+01 3.238826948140329165e+01 2.088061301782110135e+01 2.061552812808830382e+01 1.802775637731994607e+01 0.000000000000000000e+00
