0.000000000000000000e+00 2.807133769523639799e+01 2.941088233970548416e+01 1.204159457879229578e+01 5.385164807134503739e+00 3.584689665786984136e+01 2.002498439450078749e+01 2.408318915758459156e+01 1.345362404707370985e+01 3.301514803843835466e+01 8.544003745317530374e+00 3.471310991541956525e+01 2.570992026436488231e+01 3.600000000000000000e+01 2.039607805437113797e+01 2.657066051117284644e+01 1.702938636592640265e+01 1.526433752247374720e+01 3.748332962798262713e+01 1.170469991071962568e+01 4.177319714841084419e+01 1.612451549659709826e+01 3.423448553724738019e+01 4.159326868617084472e+01
2.807133769523639799e+01 0.000000000000000000e+00 2.459674775249768786e+01 2.282542442102665348e+01 3.080584360149872580e+01 2.022374841615668473e+01 8.062257748298549132e+00 2.332380757938120297e+01 1.931320791582796659e+01 1.702938636592640265e+01 2.061552812808830382e+01 7.810249675906653977e+00 5.000000000000000000e+00 8.246211251235321171e+00 3.000000000000000000e+01 2.983286778035259701e+01 3.264965543462901820e+01 2.500000000000000000e+01 2.402082429892862692e+01 3.324154027718932269e+01 1.431782106327635340e+01 1.200000000000000000e+01 8.485281374238569541e+00 1.581138830084189628e+01
2.941088233970548416e+01 2.459674775249768786e+01 0.000000000000000000e+00 3.420526275297414287e+01 3.466987164671942878e+01 4.427188724235730888e+01 2.319482700948640286e+01 4.201190307520000999e+01 1.655294535724684835e+01 1.118033988749894903e+01 2.846049894151541437e+01 2.404163056034261459e+01 1.969771560359220786e+01 3.061045573002793319e+01 1.360147050873544394e+01 8.062257748298549132e+00 1.931320791582796659e+01 3.807886552931954327e+01 1.019803902718556898e+01 2.469817807045693669e+01 2.884441020371191300e+01 2.202271554554523902e+01 3.275667870831839679e+01 3.920459156782531807e+01
1.204159457879229578e+01 2.282542442102665348e+01 3.420526275297414287e+01 0.000000000000000000e+00 1.077032961426900748e+01 2.469817807045693669e+01 1.562049935181330795e+01 1.204159457879229578e+01 1.811077027627483460e+01 3.383784863137726262e+01 6.000000000000000000e+00 3.052867504494749440e+01 2.267156809750926882e+01 2.941088233970548416e+01 2.927456233660889495e+01 3.401470270338990076e+01 2.751363298439520833e+01 4.000000000000000000e+00 3.982461550347975532e+01 2.332380757938120297e+01 3.712142238654116966e+01 1.360147050873544394e+01 2.647640458974745314e+01 3.306055050963308162e+01
5.385164807134503739e+00 3.080584360149872580e+01 3.466987164671942878e+01 1.077032961426900748e+01 0.000000000000000000e+00 3.546829570193639825e+01 2.280350850198275836e+01 2.220360331117451835e+01 1.843908891458577415e+01 3.764306044943742080e+01 1.019803902718556898e+01 3.794733192202055250e+01 2.915475947422650194e+01 3.832753579347360073e+01 2.570992026436488231e+01 3.195309061734091571e+01 2.202271554554523902e+01 1.280624847486569706e+01 4.244997055358224713e+01 1.612451549659709826e+01 4.492215489043240240e+01 1.931320791582796659e+01 3.601388621073821383e+01 4.304648650006176780e+01
3.584689665786984136e+01 2.022374841615668473e+01 4.427188724235730888e+01 2.469817807045693669e+01 3.546829570193639825e+01 0.000000000000000000e+00 2.195449840010014952e+01 1.500000000000000000e+01 3.420526275297414287e+01 3.721558813185679071e+01 2.745906043549196340e+01 2.517935662402834396e+01 2.473863375370596174e+01 1.868154169226940553e+01 4.661544808322666000e+01 4.830113870293328659e+01 4.742362280551750331e+01 2.353720459187963954e+01 4.418144406874904462e+01 4.545327270945404763e+01 2.785677655436823841e+01 2.500000000000000000e+01 1.431782106327635340e+01 1.486606874731850603e+01
2.002498439450078749e+01 8.062257748298549132e+00 2.319482700948640286e+01 1.562049935181330795e+01 2.280350850198275836e+01 2.195449840010014952e+01 0.000000000000000000e+00 1.941648783894759944e+01 1.280624847486569706e+01 1.931320791582796659e+01 1.264911064067351809e+01 1.523154621172781731e+01 7.071067811865475505e+00 1.603121954188139853e+01 2.483948469674844262e+01 2.640075756488817049e+01 2.640075756488817049e+01 1.843908891458577415e+01 2.596150997149434048e+01 2.600000000000000000e+01 2.213594362117865444e+01 4.123105625617660586e+00 1.486606874731850603e+01 2.247220505424423109e+01
2.408318915758459156e+01 2.332380757938120297e+01 4.201190307520000999e+01 1.204159457879229578e+01 2.220360331117451835e+01 1.500000000000000000e+01 1.941648783894759944e+01 0.000000000000000000e+00 2.765863337187866122e+01 3.860051813123756403e+01 1.700000000000000000e+01 3.080584360149872580e+01 2.563201123595259290e+01 2.690724809414741969e+01 3.984971769034255118e+01 4.356604182158393002e+01 3.891015291668743714e+01 9.433981132056603158e+00 4.535416188179426911e+01 3.522782990761707111e+01 3.606937759374286401e+01 2.000000000000000000e+01 2.280350850198275836e+01 2.731300056749532601e+01
1.345362404707370985e+01 1.931320791582796659e+01 1.655294535724684835e+01 1.811077027627483460e+01 1.843908891458577415e+01 3.420526275297414287e+01 1.280624847486569706e+01 2.765863337187866122e+01 0.000000000000000000e+00 1.972308292331602075e+01 1.216552506059643868e+01 2.408318915758459156e+01 1.529705854077835525e+01 2.751363298439520833e+01 1.252996408614166768e+01 1.603121954188139853e+01 1.360147050873544394e+01 2.209072203437452231e+01 2.404163056034261459e+01 1.414213562373095101e+01 3.101612483854164637e+01 9.219544457292887074e+00 2.729468812791236232e+01 3.488552708502481892e+01
3.301514803843835466e+01 1.702938636592640265e+01 1.118033988749894903e+01 3.383784863137726262e+01 3.764306044943742080e+01 3.721558813185679071e+01 1.931320791582796659e+01 3.860051813123756403e+01 1.972308292331602075e+01 0.000000000000000000e+00 2.906888370749726747e+01 1.389244398944980396e+01 1.315294643796590535e+01 2.102379604162863913e+01 2.302172886644267535e+01 1.897366596101027625e+01 2.807133769523639799e+01 3.721558813185679071e+01 7.000000000000000000e+00 3.201562118716424266e+01 1.780449381476485726e+01 2.024845673131658685e+01 2.404163056034261459e+01 2.952964612046680060e+01
8.544003745317530374e+00 2.061552812808830382e+01 2.846049894151541437e+01 6.000000000000000000e+00 1.019803902718556898e+01 2.745906043549196340e+01 1.264911064067351809e+01 1.700000000000000000e+01 1.216552506059643868e+01 2.906888370749726747e+01 0.000000000000000000e+00 2.785677655436823841e+01 1.923538406167134340e+01 2.816025568065744622e+01 2.334523505985750447e+01 2.801785145224380003e+01 2.193171219946130890e+01 1.000000000000000000e+01 3.466987164671942878e+01 1.843908891458577415e+01 3.478505426185217431e+01 9.433981132056603158e+00 2.601922366251537611e+01 3.324154027718932269e+01
3.471310991541956525e+01 7.810249675906653977e+00 2.404163056034261459e+01 3.052867504494749440e+01 3.794733192202055250e+01 2.517935662402834396e+01 1.523154621172781731e+01 3.080584360149872580e+01 2.408318915758459156e+01 1.389244398944980396e+01 2.785677655436823841e+01 0.000000000000000000e+00 9.055385138137417300e+00 7.280109889280518054e+00 3.269556544854363267e+01 3.080584360149872580e+01 3.640054944640259293e+01 3.280243893371345365e+01 2.024845673131658685e+01 3.820994634908559817e+01 7.071067811865475505e+00 1.868154169226940553e+01 1.100000000000000000e+01 1.565247584249852864e+01
2.570992026436488231e+01 5.000000000000000000e+00 1.969771560359220786e+01 2.267156809750926882e+01 2.915475947422650194e+01 2.473863375370596174e+01 7.071067811865475505e+00 2.563201123595259290e+01 1.529705854077835525e+01 1.315294643796590535e+01 1.923538406167134340e+01 9.055385138137417300e+00 0.000000000000000000e+00 1.252996408614166768e+01 2.523885892824792521e+01 2.483948469674844262e+01 2.823118842698620767e+01 2.549509756796392423e+01 2.009975124224177989e+01 2.942787793912432193e+01 1.612451549659709826e+01 9.848857801796103928e+00 1.345362404707370985e+01 2.061552812808830382e+01
3.600000000000000000e+01 8.246211251235321171e+00 3.061045573002793319e+01 2.941088233970548416e+01 3.832753579347360073e+01 1.868154169226940553e+01 1.603121954188139853e+01 2.690724809414741969e+01 2.751363298439520833e+01 2.102379604162863913e+01 2.816025568065744622e+01 7.280109889280518054e+00 1.252996408614166768e+01 0.000000000000000000e+00 3.773592452822641263e+01 3.679673898594819548e+01 4.071854614300466579e+01 3.087069808086626210e+01 2.751363298439520833e+01 4.148493702538308270e+01 9.433981132056603158e+00 2.009975124224177989e+01 4.472135954999579610e+00 8.602325267042626677e+00
2.039607805437113797e+01 3.000000000000000000e+01 1.360147050873544394e+01 2.927456233660889495e+01 2.570992026436488231e+01 4.661544808322666000e+01 2.483948469674844262e+01 3.984971769034255118e+01 1.252996408614166768e+01 2.302172886644267535e+01 2.334523505985750447e+01 3.269556544854363267e+01 2.523885892824792521e+01 3.773592452822641263e+01 0.000000000000000000e+00 7.071067811865475505e+00 5.830951894845300743e+00 3.324154027718932269e+01 2.376972864800942631e+01 1.204159457879229578e+01 3.889730067755344578e+01 2.163330765278393741e+01 3.841874542459709119e+01 4.580392996239514503e+01
2.657066051117284644e+01 2.983286778035259701e+01 8.062257748298549132e+00 3.401470270338990076e+01 3.195309061734091571e+01 4.830113870293328659e+01 2.640075756488817049e+01 4.356604182158393002e+01 1.603121954188139853e+01 1.897366596101027625e+01 2.801785145224380003e+01 3.080584360149872580e+01 2.483948469674844262e+01 3.679673898594819548e+01 7.071067811865475505e+00 0.000000000000000000e+00 1.280624847486569706e+01 3.801315561749642313e+01 1.802775637731994607e+01 1.910497317454279909e+01 3.623534186398687496e+01 2.404163056034261459e+01 3.828837943815329226e+01 4.525483399593904466e+01
1.702938636592640265e+01 3.264965543462901820e+01 1.931320791582796659e+01 2.751363298439520833e+01 2.202271554554523902e+01 4.742362280551750331e+01 2.640075756488817049e+01 3.891015291668743714e+01 1.360147050873544394e+01 2.807133769523639799e+01 2.193171219946130890e+01 3.640054944640259293e+01 2.823118842698620767e+01 4.071854614300466579e+01 5.830951894845300743e+00 1.280624847486569706e+01 0.000000000000000000e+00 3.132091952673165025e+01 2.941088233970548416e+01 6.708203932499369415e+00 4.295346318982905842e+01 2.267156809750926882e+01 4.081666326391709987e+01 4.837354648979129479e+01
1.526433752247374720e+01 2.500000000000000000e+01 3.807886552931954327e+01 4.000000000000000000e+00 1.280624847486569706e+01 2.353720459187963954e+01 1.843908891458577415e+01 9.433981132056603158e+00 2.209072203437452231e+01 3.721558813185679071e+01 1.000000000000000000e+01 3.280243893371345365e+01 2.549509756796392423e+01 3.087069808086626210e+01 3.324154027718932269e+01 3.801315561749642313e+01 3.132091952673165025e+01 0.000000000000000000e+00 4.338202392696772591e+01 2.683281572999747766e+01 3.911521443121588959e+01 1.700000000000000000e+01 2.751363298439520833e+01 3.354101966249684352e+01
3.748332962798262713e+01 2.402082429892862692e+01 1.019803902718556898e+01 3.982461550347975532e+01 4.244997055358224713e+01 4.418144406874904462e+01 2.596150997149434048e+01 4.535416188179426911e+01 2.404163056034261459e+01 7.000000000000000000e+00 3.466987164671942878e+01 2.024845673131658685e+01 2.009975124224177989e+01 2.751363298439520833e+01 2.376972864800942631e+01 1.802775637731994607e+01 2.941088233970548416e+01 4.338202392696772591e+01 0.000000000000000000e+00 3.443835071544512516e+01 2.280350850198275836e+01 2.640075756488817049e+01 3.080584360149872580e+01 3.584689665786984136e+01
1.170469991071962568e+01 3.324154027718932269e+01 2.469817807045693669e+01 2.332380757938120297e+01 1.612451549659709826e+01 4.545327270945404763e+01 2.600000000000000000e+01 3.522782990761707111e+01 1.414213562373095101e+01 3.201562118716424266e+01 1.843908891458577415e+01 3.820994634908559817e+01 2.942787793912432193e+01 4.148493702538308270e+01 1.204159457879229578e+01 1.910497317454279909e+01 6.708203932499369415e+00 2.683281572999747766e+01 3.443835071544512516e+01 0.000000000000000000e+00 4.509988913511872255e+01 2.193171219946130890e+01 4.085339643163099055e+01 4.846648326421053810e+01
4.177319714841084419e+01 1.431782106327635340e+01 2.884441020371191300e+01 3.712142238654116966e+01 4.492215489043240240e+01 2.785677655436823841e+01 2.213594362117865444e+01 3.606937759374286401e+01 3.101612483854164637e+01 1.780449381476485726e+01 3.478505426185217431e+01 7.071067811865475505e+00 1.612451549659709826e+01 9.433981132056603158e+00 3.889730067755344578e+01 3.623534186398687496e+01 4.295346318982905842e+01 3.911521443121588959e+01 2.280350850198275836e+01 4.509988913511872255e+01 0.000000000000000000e+00 2.570992026436488231e+01 1.389244398944980396e+01 1.500000000000000000e+01
1.612451549659709826e+01 1.200000000000000000e+01 2.202271554554523902e+01 1.360147050873544394e+01 1.931320791582796659e+01 2.500000000000000000e+01 4.123105625617660586e+00 2.000000000000000000e+01 9.219544457292887074e+00 2.024845673131658685e+01 9.433981132056603158e+00 1.868154169226940553e+01 9.848857801796103928e+00 2.009975124224177989e+01 2.163330765278393741e+01 2.404163056034261459e+01 2.267156809750926882e+01 1.700000000000000000e+01 2.640075756488817049e+01 2.193171219946130890e+01 2.570992026436488231e+01 0.000000000000000000e+00 1.897366596101027625e+01 2.657066051117284644e+01
3.423448553724738019e+01 8.485281374238569541e+00 3.275667870831839679e+01 2.647640458974745314e+01 3.601388621073821383e+01 1.431782106327635340e+01 1.486606874731850603e+01 2.280350850198275836e+01 2.729468812791236232e+01 2.404163056034261459e+01 2.601922366251537611e+01 1.100000000000000000e+01 1.345362404707370985e+01 4.472135954999579610e+00 3.841874542459709119e+01 3.828837943815329226e+01 4.081666326391709987e+01 2.751363298439520833e+01 3.080584360149872580e+01 4.085339643163099055e+01 1.389244398944980396e+01 1.897366596101027625e+01 0.000000000000000000e+00 7.615773105863908654e+00
4.159326868617084472e+01 1.581138830084189628e+01 3.920459156782531807e+01 3.306055050963308162e+01 4.304648650006176780e+01 1.486606874731850603e+01 2.247220505424423109e+01 2.731300056749532601e+01 3.488552708502481892e+01 2.952964612046680060e+01 3.324154027718932269e+01 1.565247584249852864e+01 2.061552812808830382e+01 8.602325267042626677e+00 4.580392996239514503e+01 4.525483399593904466e+01 4.837354648979129479e+01 3.354101966249684352e+01 3.584689665786984136e+01 4.846648326421053810e+01 1.500000000000000000e+01 2.657066051117284644e+01 7.615773105863908654e+00 0.000000000000000000e+00
