0.000000000000000000e+00 1.552417469626002422e+01 2.418677324489564739e+01 2.402082429892862692e+01 2.630589287593181069e+01 4.148493702538308270e+01 3.162277660168379523e+00 1.104536101718726115e+01 2.549509756796392423e+01 4.201190307520000999e+01 3.535533905932737753e+01 5.099019513592784492e+00 3.667424164178449786e+01 3.544009029333869876e+01 3.841874542459709119e+01 1.220655561573370207e+01 4.215447781671598193e+01 2.507987240796890660e+01 2.469817807045693669e+01 1.004987562112088995e+01
1.552417469626002422e+01 0.000000000000000000e+00 3.328663395418647752e+01 9.486832980505138124e+00 1.100000000000000000e+01 2.915475947422650194e+01 1.565247584249852864e+01 6.403124237432848531e+00 3.067572330035593353e+01 3.498571136907180090e+01 2.002498439450078749e+01 1.603121954188139853e+01 2.370653918225939449e+01 2.360084744241189370e+01 3.176476034853718033e+01 1.208304597359457233e+01 3.124099870362661591e+01 2.745906043549196340e+01 2.507987240796890660e+01 2.126029162546929996e+01
2.418677324489564739e+01 3.328663395418647752e+01 0.000000000000000000e+00 3.679673898594819548e+01 4.031128874149274566e+01 4.492215489043240240e+01 2.137755832643194864e+01 2.692582403567251959e+01 8.062257748298549132e+00 3.605551275463989214e+01 4.780167361086847677e+01 2.906888370749726747e+01 4.254409477236529824e+01 3.956008088970496317e+01 3.300000000000000000e+01 2.140093455903269515e+01 4.275511665286389729e+01 1.303840481040529831e+01 1.627882059609970611e+01 1.414213562373095101e+01
2.402082429892862692e+01 9.486832980505138124e+00 3.679673898594819548e+01 0.000000000000000000e+00 3.605551275463989125e+00 2.000000000000000000e+01 2.334523505985750447e+01 1.315294643796590535e+01 3.220248437620923454e+01 2.846049894151541437e+01 1.170469991071962568e+01 2.531797780234432693e+01 1.442220510185595650e+01 1.486606874731850603e+01 2.570992026436488231e+01 1.612451549659709826e+01 2.267156809750926882e+01 2.778488797889960793e+01 2.459674775249768786e+01 2.731300056749532601e+01
2.630589287593181069e+01 1.100000000000000000e+01 4.031128874149274566e+01 3.605551275463989125e+00 0.000000000000000000e+00 2.051828452868319275e+01 2.596150997149434048e+01 1.581138830084189628e+01 3.580502757993631491e+01 3.080584360149872580e+01 9.055385138137417300e+00 2.701851217221259205e+01 1.486606874731850603e+01 1.612451549659709826e+01 2.828427124746190202e+01 1.941648783894759944e+01 2.385372088375312671e+01 3.138470965295043058e+01 2.817800560721074277e+01 3.041381265149109936e+01
4.148493702538308270e+01 2.915475947422650194e+01 4.492215489043240240e+01 2.000000000000000000e+01 2.051828452868319275e+01 0.000000000000000000e+00 3.981205847478876336e+01 3.067572330035593353e+01 3.769615364994152884e+01 1.655294535724684835e+01 1.676305461424021104e+01 4.401136216933077350e+01 5.656854249492380582e+00 6.082762530298219339e+00 1.640121946685672683e+01 3.026549190084311292e+01 5.099019513592784492e+00 3.231098884280702066e+01 2.879236009777593708e+01 4.101219330881975367e+01
3.162277660168379523e+00 1.565247584249852864e+01 2.137755832643194864e+01 2.334523505985750447e+01 2.596150997149434048e+01 3.981205847478876336e+01 0.000000000000000000e+00 1.019803902718556898e+01 2.236067977499789805e+01 3.940812099047606409e+01 3.492849839314595783e+01 8.246211251235321171e+00 3.522782990761707111e+01 3.373425558686599857e+01 3.580502757993631491e+01 9.848857801796103928e+00 4.016217125604640614e+01 2.193171219946130890e+01 2.163330765278393741e+01 7.280109889280518054e+00
1.104536101718726115e+01 6.403124237432848531e+00 2.692582403567251959e+01 1.315294643796590535e+01 1.581138830084189628e+01 3.067572330035593353e+01 1.019803902718556898e+01 0.000000000000000000e+00 2.473863375370596174e+01 3.330165161069342616e+01 2.473863375370596174e+01 1.341640786499873883e+01 2.570992026436488231e+01 2.469817807045693669e+01 2.983286778035259701e+01 6.082762530298219339e+00 3.176476034853718033e+01 2.202271554554523902e+01 2.009975124224177989e+01 1.500000000000000000e+01
2.549509756796392423e+01 3.067572330035593353e+01 8.062257748298549132e+00 3.220248437620923454e+01 3.580502757993631491e+01 3.769615364994152884e+01 2.236067977499789805e+01 2.473863375370596174e+01 0.000000000000000000e+00 2.801785145224380003e+01 4.242640687119285303e+01 3.059411708155671050e+01 3.584689665786984136e+01 3.264965543462901820e+01 2.501999200639360765e+01 1.868154169226940553e+01 3.517101079013794873e+01 5.385164807134503739e+00 8.944271909999159220e+00 1.615549442140351033e+01
4.201190307520000999e+01 3.498571136907180090e+01 3.605551275463989214e+01 2.846049894151541437e+01 3.080584360149872580e+01 1.655294535724684835e+01 3.940812099047606409e+01 3.330165161069342616e+01 2.801785145224380003e+01 0.000000000000000000e+00 3.106444913401813324e+01 4.601086828130936368e+01 1.923538406167134340e+01 1.603121954188139853e+01 3.605551275463989125e+00 2.983286778035259701e+01 1.166190378969060149e+01 2.319482700948640286e+01 2.061552812808830382e+01 3.757658845611187104e+01
3.535533905932737753e+01 2.002498439450078749e+01 4.780167361086847677e+01 1.170469991071962568e+01 9.055385138137417300e+00 1.676305461424021104e+01 3.492849839314595783e+01 2.473863375370596174e+01 4.242640687119285303e+01 3.106444913401813324e+01 0.000000000000000000e+00 3.600000000000000000e+01 1.204159457879229578e+01 1.503329637837290811e+01 2.942787793912432193e+01 2.773084924772409465e+01 2.137755832643194864e+01 3.753664875824691904e+01 3.405877273185280529e+01 3.900000000000000000e+01
5.099019513592784492e+00 1.603121954188139853e+01 2.906888370749726747e+01 2.531797780234432693e+01 2.701851217221259205e+01 4.401136216933077350e+01 8.246211251235321171e+00 1.341640786499873883e+01 3.059411708155671050e+01 4.601086828130936368e+01 3.600000000000000000e+01 0.000000000000000000e+00 3.889730067755344578e+01 3.807886552931954327e+01 4.244997055358224713e+01 1.627882059609970611e+01 4.517742799230607176e+01 3.008321791298264714e+01 2.952964612046680060e+01 1.500000000000000000e+01
3.667424164178449786e+01 2.370653918225939449e+01 4.254409477236529824e+01 1.442220510185595650e+01 1.486606874731850603e+01 5.656854249492380582e+00 3.522782990761707111e+01 2.570992026436488231e+01 3.584689665786984136e+01 1.923538406167134340e+01 1.204159457879229578e+01 3.889730067755344578e+01 0.000000000000000000e+00 3.605551275463989125e+00 1.802775637731994607e+01 2.600000000000000000e+01 9.486832980505138124e+00 3.052867504494749440e+01 2.692582403567251959e+01 3.712142238654116966e+01
3.544009029333869876e+01 2.360084744241189370e+01 3.956008088970496317e+01 1.486606874731850603e+01 1.612451549659709826e+01 6.082762530298219339e+00 3.373425558686599857e+01 2.469817807045693669e+01 3.264965543462901820e+01 1.603121954188139853e+01 1.503329637837290811e+01 3.807886552931954327e+01 3.605551275463989125e+00 0.000000000000000000e+00 1.456021977856103611e+01 2.418677324489564739e+01 7.810249675906653977e+00 2.729468812791236232e+01 2.370653918225939449e+01 3.500000000000000000e+01
3.841874542459709119e+01 3.176476034853718033e+01 3.300000000000000000e+01 2.570992026436488231e+01 2.828427124746190202e+01 1.640121946685672683e+01 3.580502757993631491e+01 2.983286778035259701e+01 2.501999200639360765e+01 3.605551275463989125e+00 2.942787793912432193e+01 4.244997055358224713e+01 1.802775637731994607e+01 1.456021977856103611e+01 0.000000000000000000e+00 2.624880949681337583e+01 1.204159457879229578e+01 2.002498439450078749e+01 1.726267650163206824e+01 3.401470270338990076e+01
1.220655561573370207e+01 1.208304597359457233e+01 2.140093455903269515e+01 1.612451549659709826e+01 1.941648783894759944e+01 3.026549190084311292e+01 9.848857801796103928e+00 6.082762530298219339e+00 1.868154169226940553e+01 2.983286778035259701e+01 2.773084924772409465e+01 1.627882059609970611e+01 2.600000000000000000e+01 2.418677324489564739e+01 2.624880949681337583e+01 0.000000000000000000e+00 3.036445290137795183e+01 1.600000000000000000e+01 1.431782106327635340e+01 1.140175425099137918e+01
4.215447781671598193e+01 3.124099870362661591e+01 4.275511665286389729e+01 2.267156809750926882e+01 2.385372088375312671e+01 5.099019513592784492e+00 4.016217125604640614e+01 3.176476034853718033e+01 3.517101079013794873e+01 1.166190378969060149e+01 2.137755832643194864e+01 4.517742799230607176e+01 9.486832980505138124e+00 7.810249675906653977e+00 1.204159457879229578e+01 3.036445290137795183e+01 0.000000000000000000e+00 2.983286778035259701e+01 2.647640458974745314e+01 4.044749683231336945e+01
2.507987240796890660e+01 2.745906043549196340e+01 1.303840481040529831e+01 2.778488797889960793e+01 3.138470965295043058e+01 3.231098884280702066e+01 2.193171219946130890e+01 2.202271554554523902e+01 5.385164807134503739e+00 2.319482700948640286e+01 3.753664875824691904e+01 3.008321791298264714e+01 3.052867504494749440e+01 2.729468812791236232e+01 2.002498439450078749e+01 1.600000000000000000e+01 2.983286778035259701e+01 0.000000000000000000e+00 3.605551275463989125e+00 1.702938636592640265e+01
2.469817807045693669e+01 2.507987240796890660e+01 1.627882059609970611e+01 2.459674775249768786e+01 2.817800560721074277e+01 2.879236009777593708e+01 2.163330765278393741e+01 2.009975124224177989e+01 8.944271909999159220e+00 2.061552812808830382e+01 3.405877273185280529e+01 2.952964612046680060e+01 2.692582403567251959e+01 2.370653918225939449e+01 1.726267650163206824e+01 1.431782106327635340e+01 2.647640458974745314e+01 3.605551275463989125e+00 0.000000000000000000e+00 1.780449381476485726e+01
1.004987562112088995e+01 2.126029162546929996e+01 1.414213562373095101e+01 2.731300056749532601e+01 3.041381265149109936e+01 4.101219330881975367e+01 7.280109889280518054e+00 1.500000000000000000e+01 1.615549442140351033e+01 3.757658845611187104e+01 3.900000000000000000e+01 1.500000000000000000e+01 3.712142238654116966e+01 3.500000000000000000e+01 3.401470270338990076e+01 1.140175425099137918e+01 4.044749683231336945e+01 1.702938636592640265e+01 1.780449381476485726e+01 0.000000000000000000e+00
