0.000000000000000000e+00 3.544009029333869876e+01 3.041381265149109936e+01 8.062257748298549132e+00 1.711724276862369010e+01 2.831960451701259274e+01 6.000000000000000000e+00 1.486606874731850603e+01 9.219544457292887074e+00 2.154065922853801496e+01 2.061552812808830382e+01 2.483948469674844262e+01 2.816025568065744622e+01 2.435159132377184221e+01 2.343074902771996193e+01 3.006659275674581622e+01 1.603121954188139853e+01 2.483948469674844262e+01 1.627882059609970611e+01 3.622154055254966920e+01 3.104834939252004844e+01 2.213594362117865444e+01 1.392838827718411920e+01 1.140175425099137918e+01 1.303840481040529831e+01 9.848857801796103928e+00
3.544009029333869876e+01 0.000000000000000000e+00 8.062257748298549132e+00 3.758989225842500304e+01 1.878829422805593552e+01 3.178049716414140846e+01 4.123105625617660763e+01 3.189043743820394994e+01 2.816025568065744622e+01 2.280350850198275836e+01 3.342154993413680586e+01 3.001666203960726875e+01 1.431782106327635340e+01 1.118033988749894903e+01 1.676305461424021104e+01 8.944271909999159220e+00 4.201190307520000999e+01 2.012461179749810825e+01 2.202271554554523902e+01 6.324555320336759046e+00 4.472135954999579610e+00 1.334166406412633421e+01 2.915475947422650194e+01 2.641968962724581260e+01 4.022437072223753063e+01 3.001666203960726875e+01
3.041381265149109936e+01 8.062257748298549132e+00 0.000000000000000000e+00 3.405877273185280529e+01 1.562049935181330795e+01 3.354101966249684352e+01 3.584689665786984136e+01 3.023243291566194912e+01 2.213594362117865444e+01 2.308679276123039159e+01 3.310589071449369669e+01 3.104834939252004844e+01 1.702938636592640265e+01 7.211102550927978250e+00 9.055385138137417300e+00 1.236931687685298087e+01 3.969886648255841521e+01 1.208304597359457233e+01 1.529705854077835525e+01 1.345362404707370985e+01 6.708203932499369415e+00 9.219544457292887074e+00 2.202271554554523902e+01 2.334523505985750447e+01 3.748332962798262713e+01 2.353720459187963954e+01
8.062257748298549132e+00 3.758989225842500304e+01 3.405877273185280529e+01 0.000000000000000000e+00 1.886796226411320632e+01 2.282542442102665348e+01 1.063014581273464998e+01 9.486832980505138124e+00 1.581138830084189628e+01 1.900000000000000000e+01 1.442220510185595650e+01 1.969771560359220786e+01 2.745906043549196340e+01 2.720294101747088789e+01 2.860069929215018192e+01 3.067572330035593353e+01 8.000000000000000000e+00 3.088689042296100240e+01 2.195449840010014952e+01 3.700000000000000000e+01 3.312099032335839155e+01 2.500000000000000000e+01 2.137755832643194864e+01 1.118033988749894903e+01 5.000000000000000000e+00 1.726267650163206824e+01
1.711724276862369010e+01 1.878829422805593552e+01 1.562049935181330795e+01 1.886796226411320632e+01 0.000000000000000000e+00 2.137755832643194864e+01 2.308679276123039159e+01 1.476482306023340030e+01 1.208304597359457233e+01 1.044030650891055068e+01 1.843908891458577415e+01 1.811077027627483460e+01 1.208304597359457233e+01 8.485281374238569541e+00 1.303840481040529831e+01 1.300000000000000000e+01 2.408318915758459156e+01 1.702938636592640265e+01 1.029563014098700080e+01 1.910497317454279909e+01 1.431782106327635340e+01 6.403124237432848531e+00 1.627882059609970611e+01 7.810249675906653977e+00 2.193171219946130890e+01 1.476482306023340030e+01
2.831960451701259274e+01 3.178049716414140846e+01 3.354101966249684352e+01 2.282542442102665348e+01 2.137755832643194864e+01 0.000000000000000000e+00 3.301514803843835466e+01 1.360147050873544394e+01 3.001666203960726875e+01 1.104536101718726115e+01 8.544003745317530374e+00 3.605551275463989125e+00 1.746424919657297892e+01 2.707397274136176790e+01 3.413209633175202384e+01 2.284731931759172596e+01 2.022374841615668473e+01 3.832753579347360073e+01 3.132091952673165025e+01 2.745906043549196340e+01 2.846049894151541437e+01 2.600000000000000000e+01 3.577708763999663688e+01 1.886796226411320632e+01 2.088061301782110135e+01 3.275667870831839679e+01
6.000000000000000000e+00 4.123105625617660763e+01 3.584689665786984136e+01 1.063014581273464998e+01 2.308679276123039159e+01 3.301514803843835466e+01 0.000000000000000000e+00 1.941648783894759944e+01 1.389244398944980396e+01 2.720294101747088789e+01 2.483948469674844262e+01 2.968164415931165934e+01 3.413209633175202384e+01 3.008321791298264714e+01 2.830194339616981125e+01 3.605551275463989214e+01 1.746424919657297892e+01 2.906888370749726747e+01 2.109502310972898798e+01 4.219004621945797595e+01 3.687817782917154830e+01 2.789265136196270589e+01 1.702938636592640265e+01 1.726267650163206824e+01 1.476482306023340030e+01 1.345362404707370985e+01
1.486606874731850603e+01 3.189043743820394994e+01 3.023243291566194912e+01 9.486832980505138124e+00 1.476482306023340030e+01 1.360147050873544394e+01 1.941648783894759944e+01 0.000000000000000000e+00 1.843908891458577415e+01 1.044030650891055068e+01 5.830951894845300743e+00 1.029563014098700080e+01 1.969771560359220786e+01 2.302172886644267535e+01 2.720294101747088789e+01 2.385372088375312671e+01 1.029563014098700080e+01 3.059411708155671050e+01 2.209072203437452231e+01 3.001666203960726875e+01 2.758622844826744469e+01 2.109502310972898798e+01 2.451530134426252516e+01 8.062257748298549132e+00 9.219544457292887074e+00 2.088061301782110135e+01
9.219544457292887074e+00 2.816025568065744622e+01 2.213594362117865444e+01 1.581138830084189628e+01 1.208304597359457233e+01 3.001666203960726875e+01 1.389244398944980396e+01 1.843908891458577415e+01 0.000000000000000000e+00 2.051828452868319275e+01 2.404163056034261459e+01 2.641968962724581260e+01 2.416609194718914466e+01 1.702938636592640265e+01 1.442220510185595650e+01 2.451530134426252516e+01 2.353720459187963954e+01 1.562049935181330795e+01 7.211102550927978250e+00 3.014962686336266984e+01 2.402082429892862692e+01 1.500000000000000000e+01 6.082762530298219339e+00 1.118033988749894903e+01 2.061552812808830382e+01 2.828427124746190291e+00
2.154065922853801496e+01 2.280350850198275836e+01 2.308679276123039159e+01 1.900000000000000000e+01 1.044030650891055068e+01 1.104536101718726115e+01 2.720294101747088789e+01 1.044030650891055068e+01 2.051828452868319275e+01 0.000000000000000000e+00 1.063014581273464998e+01 8.062257748298549132e+00 9.433981132056603158e+00 1.627882059609970611e+01 2.308679276123039159e+01 1.414213562373095101e+01 2.061552812808830382e+01 2.729468812791236232e+01 2.061552812808830382e+01 2.000000000000000000e+01 1.886796226411320632e+01 1.503329637837290811e+01 2.580697580112788003e+01 1.029563014098700080e+01 1.964688270438849926e+01 2.334523505985750447e+01
2.061552812808830382e+01 3.342154993413680586e+01 3.310589071449369669e+01 1.442220510185595650e+01 1.843908891458577415e+01 8.544003745317530374e+00 2.483948469674844262e+01 5.830951894845300743e+00 2.404163056034261459e+01 1.063014581273464998e+01 0.000000000000000000e+00 6.000000000000000000e+00 1.984943324127920761e+01 2.600000000000000000e+01 3.140063693621516450e+01 2.475883680627989492e+01 1.200000000000000000e+01 3.512833614050059339e+01 2.701851217221259205e+01 3.047950130825634218e+01 2.941088233970548416e+01 2.435159132377184221e+01 3.008321791298264714e+01 1.315294643796590535e+01 1.236931687685298087e+01 2.657066051117284644e+01
2.483948469674844262e+01 3.001666203960726875e+01 3.104834939252004844e+01 1.969771560359220786e+01 1.811077027627483460e+01 3.605551275463989125e+00 2.968164415931165934e+01 1.029563014098700080e+01 2.641968962724581260e+01 8.062257748298549132e+00 6.000000000000000000e+00 0.000000000000000000e+00 1.581138830084189628e+01 2.433105012119287736e+01 3.101612483854164637e+01 2.109502310972898798e+01 1.800000000000000000e+01 3.512833614050059339e+01 2.789265136196270589e+01 2.624880949681337583e+01 2.640075756488817049e+01 2.308679276123039159e+01 3.220248437620923454e+01 1.526433752247374720e+01 1.824828759089465890e+01 2.915475947422650194e+01
2.816025568065744622e+01 1.431782106327635340e+01 1.702938636592640265e+01 2.745906043549196340e+01 1.208304597359457233e+01 1.746424919657297892e+01 3.413209633175202384e+01 1.969771560359220786e+01 2.416609194718914466e+01 9.433981132056603158e+00 1.984943324127920761e+01 1.581138830084189628e+01 0.000000000000000000e+00 1.208304597359457233e+01 2.059126028197400160e+01 5.385164807134503739e+00 2.996664812754339380e+01 2.505992817228333536e+01 2.126029162546929996e+01 1.063014581273464998e+01 1.118033988749894903e+01 1.220655561573370207e+01 2.801785145224380003e+01 1.700000000000000000e+01 2.879236009777593708e+01 2.683281572999747766e+01
2.435159132377184221e+01 1.118033988749894903e+01 7.211102550927978250e+00 2.720294101747088789e+01 8.485281374238569541e+00 2.707397274136176790e+01 3.008321791298264714e+01 2.302172886644267535e+01 1.702938636592640265e+01 1.627882059609970611e+01 2.600000000000000000e+01 2.433105012119287736e+01 1.208304597359457233e+01 0.000000000000000000e+00 8.602325267042626677e+00 9.219544457292887074e+00 3.255764119219941222e+01 1.303840481040529831e+01 1.140175425099137918e+01 1.360147050873544394e+01 7.000000000000000000e+00 2.236067977499789805e+00 1.868154169226940553e+01 1.627882059609970611e+01 3.041381265149109936e+01 1.902629759044044633e+01
2.343074902771996193e+01 1.676305461424021104e+01 9.055385138137417300e+00 2.860069929215018192e+01 1.303840481040529831e+01 3.413209633175202384e+01 2.830194339616981125e+01 2.720294101747088789e+01 1.442220510185595650e+01 2.308679276123039159e+01 3.140063693621516450e+01 3.101612483854164637e+01 2.059126028197400160e+01 8.602325267042626677e+00 0.000000000000000000e+00 1.769180601295413169e+01 3.535533905932737753e+01 4.472135954999579610e+00 7.211102550927978250e+00 2.109502310972898798e+01 1.389244398944980396e+01 8.544003745317530374e+00 1.315294643796590535e+01 1.931320791582796659e+01 3.275667870831839679e+01 1.523154621172781731e+01
3.006659275674581622e+01 8.944271909999159220e+00 1.236931687685298087e+01 3.067572330035593353e+01 1.300000000000000000e+01 2.284731931759172596e+01 3.605551275463989214e+01 2.385372088375312671e+01 2.451530134426252516e+01 1.414213562373095101e+01 2.475883680627989492e+01 2.109502310972898798e+01 5.385164807134503739e+00 9.219544457292887074e+00 1.769180601295413169e+01 0.000000000000000000e+00 3.413209633175202384e+01 2.202271554554523902e+01 2.012461179749810825e+01 6.324555320336759046e+00 6.000000000000000000e+00 1.029563014098700080e+01 2.731300056749532601e+01 1.964688270438849926e+01 3.264965543462901820e+01 2.692582403567251959e+01
1.603121954188139853e+01 4.201190307520000999e+01 3.969886648255841521e+01 8.000000000000000000e+00 2.408318915758459156e+01 2.022374841615668473e+01 1.746424919657297892e+01 1.029563014098700080e+01 2.353720459187963954e+01 2.061552812808830382e+01 1.200000000000000000e+01 1.800000000000000000e+01 2.996664812754339380e+01 3.255764119219941222e+01 3.535533905932737753e+01 3.413209633175202384e+01 0.000000000000000000e+00 3.807886552931954327e+01 2.915475947422650194e+01 4.031128874149274566e+01 3.764306044943742080e+01 3.047950130825634218e+01 2.927456233660889495e+01 1.640121946685672683e+01 3.000000000000000000e+00 2.517935662402834396e+01
2.483948469674844262e+01 2.012461179749810825e+01 1.208304597359457233e+01 3.088689042296100240e+01 1.702938636592640265e+01 3.832753579347360073e+01 2.906888370749726747e+01 3.059411708155671050e+01 1.562049935181330795e+01 2.729468812791236232e+01 3.512833614050059339e+01 3.512833614050059339e+01 2.505992817228333536e+01 1.303840481040529831e+01 4.472135954999579610e+00 2.202271554554523902e+01 3.807886552931954327e+01 0.000000000000000000e+00 8.944271909999159220e+00 2.500000000000000000e+01 1.780449381476485726e+01 1.300000000000000000e+01 1.252996408614166768e+01 2.256102834535695578e+01 3.534119409414458346e+01 1.562049935181330795e+01
1.627882059609970611e+01 2.202271554554523902e+01 1.529705854077835525e+01 2.195449840010014952e+01 1.029563014098700080e+01 3.132091952673165025e+01 2.109502310972898798e+01 2.209072203437452231e+01 7.211102550927978250e+00 2.061552812808830382e+01 2.701851217221259205e+01 2.789265136196270589e+01 2.126029162546929996e+01 1.140175425099137918e+01 7.211102550927978250e+00 2.012461179749810825e+01 2.915475947422650194e+01 8.944271909999159220e+00 0.000000000000000000e+00 2.500000000000000000e+01 1.824828759089465890e+01 9.848857801796103928e+00 7.280109889280518054e+00 1.403566884761819900e+01 2.640075756488817049e+01 8.246211251235321171e+00
3.622154055254966920e+01 6.324555320336759046e+00 1.345362404707370985e+01 3.700000000000000000e+01 1.910497317454279909e+01 2.745906043549196340e+01 4.219004621945797595e+01 3.001666203960726875e+01 3.014962686336266984e+01 2.000000000000000000e+01 3.047950130825634218e+01 2.624880949681337583e+01 1.063014581273464998e+01 1.360147050873544394e+01 2.109502310972898798e+01 6.324555320336759046e+00 4.031128874149274566e+01 2.500000000000000000e+01 2.500000000000000000e+01 0.000000000000000000e+00 7.211102550927978250e+00 1.529705854077835525e+01 3.228002478313794654e+01 2.596150997149434048e+01 3.891015291668743714e+01 3.238826948140329165e+01
3.104834939252004844e+01 4.472135954999579610e+00 6.708203932499369415e+00 3.312099032335839155e+01 1.431782106327635340e+01 2.846049894151541437e+01 3.687817782917154830e+01 2.758622844826744469e+01 2.402082429892862692e+01 1.886796226411320632e+01 2.941088233970548416e+01 2.640075756488817049e+01 1.118033988749894903e+01 7.000000000000000000e+00 1.389244398944980396e+01 6.000000000000000000e+00 3.764306044943742080e+01 1.780449381476485726e+01 1.824828759089465890e+01 7.211102550927978250e+00 0.000000000000000000e+00 9.055385138137417300e+00 2.549509756796392423e+01 2.195449840010014952e+01 3.580502757993631491e+01 2.601922366251537611e+01
2.213594362117865444e+01 1.334166406412633421e+01 9.219544457292887074e+00 2.500000000000000000e+01 6.403124237432848531e+00 2.600000000000000000e+01 2.789265136196270589e+01 2.109502310972898798e+01 1.500000000000000000e+01 1.503329637837290811e+01 2.435159132377184221e+01 2.308679276123039159e+01 1.220655561573370207e+01 2.236067977499789805e+00 8.544003745317530374e+00 1.029563014098700080e+01 3.047950130825634218e+01 1.300000000000000000e+01 9.848857801796103928e+00 1.529705854077835525e+01 9.055385138137417300e+00 0.000000000000000000e+00 1.708800749063506075e+01 1.414213562373095101e+01 2.828427124746190202e+01 1.711724276862369010e+01
1.392838827718411920e+01 2.915475947422650194e+01 2.202271554554523902e+01 2.137755832643194864e+01 1.627882059609970611e+01 3.577708763999663688e+01 1.702938636592640265e+01 2.451530134426252516e+01 6.082762530298219339e+00 2.580697580112788003e+01 3.008321791298264714e+01 3.220248437620923454e+01 2.801785145224380003e+01 1.868154169226940553e+01 1.315294643796590535e+01 2.731300056749532601e+01 2.927456233660889495e+01 1.252996408614166768e+01 7.280109889280518054e+00 3.228002478313794654e+01 2.549509756796392423e+01 1.708800749063506075e+01 0.000000000000000000e+00 1.708800749063506075e+01 2.630589287593181069e+01 4.123105625617660586e+00
1.140175425099137918e+01 2.641968962724581260e+01 2.334523505985750447e+01 1.118033988749894903e+01 7.810249675906653977e+00 1.886796226411320632e+01 1.726267650163206824e+01 8.062257748298549132e+00 1.118033988749894903e+01 1.029563014098700080e+01 1.315294643796590535e+01 1.526433752247374720e+01 1.700000000000000000e+01 1.627882059609970611e+01 1.931320791582796659e+01 1.964688270438849926e+01 1.640121946685672683e+01 2.256102834535695578e+01 1.403566884761819900e+01 2.596150997149434048e+01 2.195449840010014952e+01 1.414213562373095101e+01 1.708800749063506075e+01 0.000000000000000000e+00 1.414213562373095101e+01 1.389244398944980396e+01
1.303840481040529831e+01 4.022437072223753063e+01 3.748332962798262713e+01 5.000000000000000000e+00 2.193171219946130890e+01 2.088061301782110135e+01 1.476482306023340030e+01 9.219544457292887074e+00 2.061552812808830382e+01 1.964688270438849926e+01 1.236931687685298087e+01 1.824828759089465890e+01 2.879236009777593708e+01 3.041381265149109936e+01 3.275667870831839679e+01 3.264965543462901820e+01 3.000000000000000000e+00 3.534119409414458346e+01 2.640075756488817049e+01 3.891015291668743714e+01 3.580502757993631491e+01 2.828427124746190202e+01 2.630589287593181069e+01 1.414213562373095101e+01 0.000000000000000000e+00 2.220360331117451835e+01
9.848857801796103928e+00 3.001666203960726875e+01 2.353720459187963954e+01 1.726267650163206824e+01 1.476482306023340030e+01 3.275667870831839679e+01 1.345362404707370985e+01 2.088061301782110135e+01 2.828427124746190291e+00 2.334523505985750447e+01 2.657066051117284644e+01 2.915475947422650194e+01 2.683281572999747766e+01 1.902629759044044633e+01 1.523154621172781731e+01 2.692582403567251959e+01 2.517935662402834396e+01 1.562049935181330795e+01 8.246211251235321171e+00 3.238826948140329165e+01 2.601922366251537611e+01 1.711724276862369010e+01 4.123105625617660586e+00 1.389244398944980396e+01 2.220360331117451835e+01 0.000000000000000000e+00
