0.000000000000000000e+00 1.581138830084189628e+01 3.162277660168379523e+00 2.731300056749532601e+01 1.627882059609970611e+01 1.131370849898476116e+01 2.640075756488817049e+01 1.264911064067351809e+01 8.485281374238569541e+00 2.061552812808830382e+01 2.915475947422650194e+01 1.802775637731994607e+01 1.562049935181330795e+01 2.370653918225939449e+01 9.000000000000000000e+00 9.055385138137417300e+00 2.000000000000000000e+00 2.236067977499789805e+00 2.607680962081059661e+01 7.071067811865475505e+00 6.082762530298219339e+00
1.581138830084189628e+01 0.000000000000000000e+00 1.788854381999831844e+01 1.216552506059643868e+01 1.220655561573370207e+01 2.102379604162863913e+01 2.282542442102665348e+01 5.099019513592784492e+00 2.420743687382040932e+01 2.109502310972898798e+01 1.612451549659709826e+01 9.433981132056603158e+00 4.242640687119284770e+00 2.154065922853801496e+01 1.300000000000000000e+01 2.163330765278393741e+01 1.749285568453590045e+01 1.486606874731850603e+01 1.029563014098700080e+01 2.236067977499789805e+01 1.220655561573370207e+01
3.162277660168379523e+00 1.788854381999831844e+01 0.000000000000000000e+00 2.973213749463701205e+01 1.615549442140351033e+01 8.602325267042626677e+00 2.954657340538831534e+01 1.529705854077835525e+01 7.615773105863908654e+00 1.910497317454279909e+01 3.000000000000000000e+01 2.100000000000000000e+01 1.702938636592640265e+01 2.683281572999747766e+01 8.544003745317530374e+00 1.077032961426900748e+01 1.414213562373095145e+00 5.385164807134503739e+00 2.817800560721074277e+01 4.472135954999579610e+00 9.219544457292887074e+00
2.731300056749532601e+01 1.216552506059643868e+01 2.973213749463701205e+01 0.000000000000000000e+00 2.256102834535695578e+01 3.313608305156178346e+01 2.202271554554523902e+01 1.476482306023340030e+01 3.535533905932737753e+01 3.132091952673165025e+01 1.720465053408525335e+01 1.220655561573370207e+01 1.503329637837290811e+01 2.236067977499789805e+01 2.507987240796890660e+01 3.124099870362661591e+01 2.915475947422650194e+01 2.594224354214569317e+01 4.242640687119284770e+00 3.417601498127012150e+01 2.247220505424423109e+01
1.627882059609970611e+01 1.220655561573370207e+01 1.615549442140351033e+01 2.256102834535695578e+01 0.000000000000000000e+00 1.360147050873544394e+01 3.420526275297414287e+01 1.500000000000000000e+01 2.376972864800942631e+01 8.944271909999159220e+00 1.500000000000000000e+01 2.121320343559642652e+01 8.062257748298549132e+00 3.244996147917590434e+01 7.615773105863908654e+00 2.507987240796890660e+01 1.676305461424021104e+01 1.702938636592640265e+01 1.910497317454279909e+01 1.972308292331602075e+01 1.726267650163206824e+01
1.131370849898476116e+01 2.102379604162863913e+01 8.602325267042626677e+00 3.313608305156178346e+01 1.360147050873544394e+01 0.000000000000000000e+00 3.721558813185679071e+01 2.039607805437113797e+01 1.414213562373095101e+01 1.236931687685298087e+01 2.860069929215018192e+01 2.692582403567251959e+01 1.843908891458577415e+01 3.466987164671942878e+01 8.062257748298549132e+00 1.923538406167134340e+01 1.000000000000000000e+01 1.345362404707370985e+01 3.059411708155671050e+01 9.055385138137417300e+00 1.664331697709323876e+01
2.640075756488817049e+01 2.282542442102665348e+01 2.954657340538831534e+01 2.202271554554523902e+01 3.420526275297414287e+01 3.721558813185679071e+01 0.000000000000000000e+00 1.920937271229854559e+01 3.041381265149109936e+01 4.244997055358224713e+01 3.710795063055894616e+01 1.341640786499873883e+01 2.692582403567251959e+01 3.000000000000000000e+00 3.124099870362661591e+01 2.308679276123039159e+01 2.823118842698620767e+01 2.416609194718914466e+01 2.507987240796890660e+01 3.257299494980465937e+01 2.059126028197400160e+01
1.264911064067351809e+01 5.099019513592784492e+00 1.529705854077835525e+01 1.476482306023340030e+01 1.500000000000000000e+01 2.039607805437113797e+01 1.920937271229854559e+01 0.000000000000000000e+00 2.059126028197400160e+01 2.334523505985750447e+01 2.121320343559642652e+01 6.708203932499369415e+00 8.246211251235321171e+00 1.749285568453590045e+01 1.300000000000000000e+01 1.702938636592640265e+01 1.456021977856103611e+01 1.118033988749894903e+01 1.414213562373095101e+01 1.964688270438849926e+01 7.810249675906653977e+00
8.485281374238569541e+00 2.420743687382040932e+01 7.615773105863908654e+00 3.535533905932737753e+01 2.376972864800942631e+01 1.414213562373095101e+01 3.041381265149109936e+01 2.059126028197400160e+01 0.000000000000000000e+00 2.601922366251537611e+01 3.744329045369811126e+01 2.500000000000000000e+01 2.408318915758459156e+01 2.745906043549196340e+01 1.615549442140351033e+01 7.615773105863908654e+00 7.211102550927978250e+00 9.433981132056603158e+00 3.440930106817050671e+01 5.099019513592784492e+00 1.300000000000000000e+01
2.061552812808830382e+01 2.109502310972898798e+01 1.910497317454279909e+01 3.132091952673165025e+01 8.944271909999159220e+00 1.236931687685298087e+01 4.244997055358224713e+01 2.334523505985750447e+01 2.601922366251537611e+01 0.000000000000000000e+00 2.061552812808830382e+01 2.983286778035259701e+01 1.700000000000000000e+01 4.045985664828781836e+01 1.208304597359457233e+01 2.961418578992169515e+01 2.022374841615668473e+01 2.213594362117865444e+01 2.765863337187866122e+01 2.109502310972898798e+01 2.370653918225939449e+01
2.915475947422650194e+01 1.612451549659709826e+01 3.000000000000000000e+01 1.720465053408525335e+01 1.500000000000000000e+01 2.860069929215018192e+01 3.710795063055894616e+01 2.121320343559642652e+01 3.744329045369811126e+01 2.061552812808830382e+01 0.000000000000000000e+00 2.418677324489564739e+01 1.392838827718411920e+01 3.649657518178931781e+01 2.193171219946130890e+01 3.676955262170046979e+01 3.023243291566194912e+01 2.906888370749726747e+01 1.303840481040529831e+01 3.405877273185280529e+01 2.751363298439520833e+01
1.802775637731994607e+01 9.433981132056603158e+00 2.100000000000000000e+01 1.220655561573370207e+01 2.121320343559642652e+01 2.692582403567251959e+01 1.341640786499873883e+01 6.708203932499369415e+00 2.500000000000000000e+01 2.983286778035259701e+01 2.418677324489564739e+01 0.000000000000000000e+00 1.360147050873544394e+01 1.236931687685298087e+01 1.969771560359220786e+01 1.972308292331602075e+01 2.002498439450078749e+01 1.612451549659709826e+01 1.360147050873544394e+01 2.507987240796890660e+01 1.216552506059643868e+01
1.562049935181330795e+01 4.242640687119284770e+00 1.702938636592640265e+01 1.503329637837290811e+01 8.062257748298549132e+00 1.843908891458577415e+01 2.692582403567251959e+01 8.246211251235321171e+00 2.408318915758459156e+01 1.700000000000000000e+01 1.392838827718411920e+01 1.360147050873544394e+01 0.000000000000000000e+00 2.549509756796392423e+01 1.044030650891055068e+01 2.284731931759172596e+01 1.697056274847713908e+01 1.526433752247374720e+01 1.216552506059643868e+01 2.140093455903269515e+01 1.360147050873544394e+01
2.370653918225939449e+01 2.154065922853801496e+01 2.683281572999747766e+01 2.236067977499789805e+01 3.244996147917590434e+01 3.466987164671942878e+01 3.000000000000000000e+00 1.749285568453590045e+01 2.745906043549196340e+01 4.045985664828781836e+01 3.649657518178931781e+01 1.236931687685298087e+01 2.549509756796392423e+01 0.000000000000000000e+00 2.900000000000000000e+01 2.009975124224177989e+01 2.549509756796392423e+01 2.147091055358388800e+01 2.501999200639360765e+01 2.973213749463701205e+01 1.802775637731994607e+01
9.000000000000000000e+00 1.300000000000000000e+01 8.544003745317530374e+00 2.507987240796890660e+01 7.615773105863908654e+00 8.062257748298549132e+00 3.124099870362661591e+01 1.300000000000000000e+01 1.615549442140351033e+01 1.208304597359457233e+01 2.193171219946130890e+01 1.969771560359220786e+01 1.044030650891055068e+01 2.900000000000000000e+01 0.000000000000000000e+00 1.802775637731994607e+01 9.219544457292887074e+00 1.019803902718556898e+01 2.256102834535695578e+01 1.220655561573370207e+01 1.166190378969060149e+01
9.055385138137417300e+00 2.163330765278393741e+01 1.077032961426900748e+01 3.124099870362661591e+01 2.507987240796890660e+01 1.923538406167134340e+01 2.308679276123039159e+01 1.702938636592640265e+01 7.615773105863908654e+00 2.961418578992169515e+01 3.676955262170046979e+01 1.972308292331602075e+01 2.284731931759172596e+01 2.009975124224177989e+01 1.802775637731994607e+01 0.000000000000000000e+00 9.486832980505138124e+00 8.062257748298549132e+00 3.114482300479487265e+01 1.131370849898476116e+01 9.433981132056603158e+00
2.000000000000000000e+00 1.749285568453590045e+01 1.414213562373095145e+00 2.915475947422650194e+01 1.676305461424021104e+01 1.000000000000000000e+01 2.823118842698620767e+01 1.456021977856103611e+01 7.211102550927978250e+00 2.022374841615668473e+01 3.023243291566194912e+01 2.002498439450078749e+01 1.697056274847713908e+01 2.549509756796392423e+01 9.219544457292887074e+00 9.486832980505138124e+00 0.000000000000000000e+00 4.123105625617660586e+00 2.778488797889960793e+01 5.099019513592784492e+00 8.062257748298549132e+00
2.236067977499789805e+00 1.486606874731850603e+01 5.385164807134503739e+00 2.594224354214569317e+01 1.702938636592640265e+01 1.345362404707370985e+01 2.416609194718914466e+01 1.118033988749894903e+01 9.433981132056603158e+00 2.213594362117865444e+01 2.906888370749726747e+01 1.612451549659709826e+01 1.526433752247374720e+01 2.147091055358388800e+01 1.019803902718556898e+01 8.062257748298549132e+00 4.123105625617660586e+00 0.000000000000000000e+00 2.500000000000000000e+01 9.000000000000000000e+00 4.000000000000000000e+00
2.607680962081059661e+01 1.029563014098700080e+01 2.817800560721074277e+01 4.242640687119284770e+00 1.910497317454279909e+01 3.059411708155671050e+01 2.507987240796890660e+01 1.414213562373095101e+01 3.440930106817050671e+01 2.765863337187866122e+01 1.303840481040529831e+01 1.360147050873544394e+01 1.216552506059643868e+01 2.501999200639360765e+01 2.256102834535695578e+01 3.114482300479487265e+01 2.778488797889960793e+01 2.500000000000000000e+01 0.000000000000000000e+00 3.264965543462901820e+01 2.193171219946130890e+01
7.071067811865475505e+00 2.236067977499789805e+01 4.472135954999579610e+00 3.417601498127012150e+01 1.972308292331602075e+01 9.055385138137417300e+00 3.257299494980465937e+01 1.964688270438849926e+01 5.099019513592784492e+00 2.109502310972898798e+01 3.405877273185280529e+01 2.507987240796890660e+01 2.140093455903269515e+01 2.973213749463701205e+01 1.220655561573370207e+01 1.131370849898476116e+01 5.099019513592784492e+00 9.000000000000000000e+00 3.264965543462901820e+01 0.000000000000000000e+00 1.300000000000000000e+01
6.082762530298219339e+00 1.220655561573370207e+01 9.219544457292887074e+00 2.247220505424423109e+01 1.726267650163206824e+01 1.664331697709323876e+01 2.059126028197400160e+01 7.810249675906653977e+00 1.300000000000000000e+01 2.370653918225939449e+01 2.751363298439520833e+01 1.216552506059643868e+01 1.360147050873544394e+01 1.802775637731994607e+01 1.166190378969060149e+01 9.433981132056603158e+00 8.062257748298549132e+00 4.000000000000000000e+00 2.193171219946130890e+01 1.300000000000000000e+01 0.000000000000000000e+00
