0.000000000000000000e+00 1.029563014098700080e+01 2.731300056749532601e+01 5.099019513592784492e+00 1.019803902718556898e+01 1.503329637837290811e+01 2.376972864800942631e+01 3.200000000000000000e+01 2.906888370749726747e+01 8.000000000000000000e+00 3.324154027718932269e+01 3.238826948140329165e+01 2.507987240796890660e+01 2.220360331117451835e+01 1.860107523773827509e+01 1.603121954188139853e+01 2.973213749463701205e+01 2.817800560721074277e+01 2.400000000000000000e+01 7.211102550927978250e+00 2.247220505424423109e+01 3.828837943815329226e+01 3.584689665786984136e+01 1.529705854077835525e+01 2.624880949681337583e+01 2.549509756796392423e+01 1.063014581273464998e+01 3.482814953453599571e+01
1.029563014098700080e+01 0.000000000000000000e+00 2.009975124224177989e+01 1.000000000000000000e+01 8.602325267042626677e+00 8.485281374238569541e+00 1.700000000000000000e+01 2.846049894151541437e+01 2.500000000000000000e+01 5.099019513592784492e+00 2.617250465660480074e+01 2.300000000000000000e+01 1.746424919657297892e+01 1.204159457879229578e+01 1.019803902718556898e+01 1.360147050873544394e+01 2.302172886644267535e+01 2.039607805437113797e+01 2.102379604162863913e+01 3.162277660168379523e+00 1.236931687685298087e+01 2.884441020371191300e+01 2.844292530665578411e+01 1.562049935181330795e+01 1.700000000000000000e+01 1.523154621172781731e+01 2.236067977499789805e+00 2.555386467836127551e+01
2.731300056749532601e+01 2.009975124224177989e+01 0.000000000000000000e+00 2.332380757938120297e+01 1.749285568453590045e+01 2.630589287593181069e+01 3.605551275463989125e+00 1.303840481040529831e+01 9.848857801796103928e+00 2.517935662402834396e+01 6.082762530298219339e+00 2.900000000000000000e+01 3.041381265149109936e+01 1.389244398944980396e+01 1.000000000000000000e+01 1.345362404707370985e+01 3.162277660168379523e+00 2.000000000000000000e+00 1.104536101718726115e+01 2.158703314492290204e+01 1.972308292331602075e+01 1.456021977856103611e+01 8.544003745317530374e+00 1.720465053408525335e+01 7.810249675906653977e+00 1.843908891458577415e+01 1.824828759089465890e+01 1.118033988749894903e+01
5.099019513592784492e+00 1.000000000000000000e+01 2.332380757938120297e+01 0.000000000000000000e+00 5.830951894845300743e+00 1.708800749063506075e+01 1.972308292331602075e+01 2.701851217221259205e+01 2.418677324489564739e+01 1.029563014098700080e+01 2.906888370749726747e+01 3.300000000000000000e+01 2.692582403567251959e+01 2.061552812808830382e+01 1.562049935181330795e+01 1.118033988749894903e+01 2.549509756796392423e+01 2.441311123146740414e+01 1.902629759044044633e+01 7.071067811865475505e+00 2.220360331117451835e+01 3.538361202590826338e+01 3.176476034853718033e+01 1.019803902718556898e+01 2.343074902771996193e+01 2.473863375370596174e+01 9.219544457292887074e+00 3.182766092567909766e+01
1.019803902718556898e+01 8.602325267042626677e+00 1.749285568453590045e+01 5.830951894845300743e+00 0.000000000000000000e+00 1.702938636592640265e+01 1.389244398944980396e+01 2.209072203437452231e+01 1.900000000000000000e+01 1.166190378969060149e+01 2.325940669922601600e+01 3.041381265149109936e+01 2.594224354214569317e+01 1.627882059609970611e+01 1.029563014098700080e+01 6.082762530298219339e+00 1.969771560359220786e+01 1.860107523773827509e+01 1.414213562373095101e+01 7.211102550927978250e+00 1.910497317454279909e+01 2.983286778035259701e+01 2.594224354214569317e+01 7.071067811865475505e+00 1.802775637731994607e+01 2.102379604162863913e+01 6.708203932499369415e+00 2.624880949681337583e+01
1.503329637837290811e+01 8.485281374238569541e+00 2.630589287593181069e+01 1.708800749063506075e+01 1.702938636592640265e+01 0.000000000000000000e+00 2.376972864800942631e+01 3.624913792078371699e+01 3.269556544854363267e+01 7.071067811865475505e+00 3.214031735997639316e+01 1.802775637731994607e+01 1.004987562112088995e+01 1.431782106327635340e+01 1.649242250247064234e+01 2.202271554554523902e+01 2.942787793912432193e+01 2.607680962081059661e+01 2.915475947422650194e+01 1.029563014098700080e+01 1.081665382639196871e+01 3.162277660168379256e+01 3.401470270338990076e+01 2.408318915758459156e+01 2.109502310972898798e+01 1.442220510185595650e+01 1.063014581273464998e+01 2.886173937932362321e+01
2.376972864800942631e+01 1.700000000000000000e+01 3.605551275463989125e+00 1.972308292331602075e+01 1.389244398944980396e+01 2.376972864800942631e+01 0.000000000000000000e+00 1.345362404707370985e+01 9.899494936611665352e+00 2.202271554554523902e+01 9.486832980505138124e+00 2.860069929215018192e+01 2.884441020371191300e+01 1.272792206135785520e+01 7.280109889280518054e+00 1.000000000000000000e+01 6.082762530298219339e+00 5.000000000000000000e+00 9.219544457292887074e+00 1.824828759089465890e+01 1.843908891458577415e+01 1.746424919657297892e+01 1.208304597359457233e+01 1.389244398944980396e+01 8.246211251235321171e+00 1.780449381476485726e+01 1.503329637837290811e+01 1.392838827718411920e+01
3.200000000000000000e+01 2.846049894151541437e+01 1.303840481040529831e+01 2.701851217221259205e+01 2.209072203437452231e+01 3.624913792078371699e+01 1.345362404707370985e+01 0.000000000000000000e+00 3.605551275463989125e+00 3.298484500494128469e+01 1.204159457879229578e+01 4.186884283091664116e+01 4.220189569201838253e+01 2.617250465660480074e+01 2.024845673131658685e+01 1.603121954188139853e+01 1.077032961426900748e+01 1.476482306023340030e+01 8.000000000000000000e+00 2.863564212655270680e+01 3.189043743820394994e+01 2.517935662402834396e+01 1.403566884761819900e+01 1.726267650163206824e+01 2.080865204668481283e+01 3.114482300479487265e+01 2.624880949681337583e+01 2.256102834535695578e+01
2.906888370749726747e+01 2.500000000000000000e+01 9.848857801796103928e+00 2.418677324489564739e+01 1.900000000000000000e+01 3.269556544854363267e+01 9.899494936611665352e+00 3.605551275463989125e+00 0.000000000000000000e+00 2.961418578992169515e+01 1.019803902718556898e+01 3.841874542459709119e+01 3.860051813123756403e+01 2.262741699796952233e+01 1.664331697709323876e+01 1.303840481040529831e+01 8.062257748298549132e+00 1.170469991071962568e+01 5.385164807134503739e+00 2.531797780234432693e+01 2.831960451701259274e+01 2.300000000000000000e+01 1.264911064067351809e+01 1.486606874731850603e+01 1.749285568453590045e+01 2.765863337187866122e+01 2.280350850198275836e+01 2.009975124224177989e+01
8.000000000000000000e+00 5.099019513592784492e+00 2.517935662402834396e+01 1.029563014098700080e+01 1.166190378969060149e+01 7.071067811865475505e+00 2.202271554554523902e+01 3.298484500494128469e+01 2.961418578992169515e+01 0.000000000000000000e+00 3.125699921617556853e+01 2.451530134426252516e+01 1.711724276862369010e+01 1.640121946685672683e+01 1.529705854077835525e+01 1.746424919657297892e+01 2.807133769523639799e+01 2.549509756796392423e+01 2.529822128134703618e+01 4.472135954999579610e+00 1.526433752247374720e+01 3.361547262794321966e+01 3.354101966249684352e+01 1.860107523773827509e+01 2.193171219946130890e+01 1.860107523773827509e+01 7.000000000000000000e+00 3.041381265149109936e+01
3.324154027718932269e+01 2.617250465660480074e+01 6.082762530298219339e+00 2.906888370749726747e+01 2.325940669922601600e+01 3.214031735997639316e+01 9.486832980505138124e+00 1.204159457879229578e+01 1.019803902718556898e+01 3.125699921617556853e+01 0.000000000000000000e+00 3.280243893371345365e+01 3.546829570193639825e+01 1.897366596101027625e+01 1.603121954188139853e+01 1.860107523773827509e+01 3.605551275463989125e+00 6.082762530298219339e+00 1.389244398944980396e+01 2.765863337187866122e+01 2.469817807045693669e+01 1.315294643796590535e+01 2.828427124746190291e+00 2.193171219946130890e+01 1.208304597359457233e+01 2.282542442102665348e+01 2.433105012119287736e+01 1.077032961426900748e+01
3.238826948140329165e+01 2.300000000000000000e+01 2.900000000000000000e+01 3.300000000000000000e+01 3.041381265149109936e+01 1.802775637731994607e+01 2.860069929215018192e+01 4.186884283091664116e+01 3.841874542459709119e+01 2.451530134426252516e+01 3.280243893371345365e+01 0.000000000000000000e+00 9.899494936611665352e+00 1.612451549659709826e+01 2.325940669922601600e+01 3.289376840679705083e+01 3.182766092567909766e+01 2.758622844826744469e+01 3.721558813185679071e+01 2.601922366251537611e+01 1.140175425099137918e+01 2.500000000000000000e+01 3.328663395418647752e+01 3.640054944640259293e+01 2.121320343559642652e+01 1.081665382639196871e+01 2.408318915758459156e+01 2.416609194718914466e+01
2.507987240796890660e+01 1.746424919657297892e+01 3.041381265149109936e+01 2.692582403567251959e+01 2.594224354214569317e+01 1.004987562112088995e+01 2.884441020371191300e+01 4.220189569201838253e+01 3.860051813123756403e+01 1.711724276862369010e+01 3.546829570193639825e+01 9.899494936611665352e+00 0.000000000000000000e+00 1.655294535724684835e+01 2.202271554554523902e+01 3.000000000000000000e+01 3.354101966249684352e+01 2.954657340538831534e+01 3.606937759374286401e+01 1.992485884517127559e+01 1.077032961426900748e+01 3.100000000000000000e+01 3.668787265568828104e+01 3.275667870831839679e+01 2.340939982143925135e+01 1.315294643796590535e+01 1.923538406167134340e+01 2.915475947422650194e+01
2.220360331117451835e+01 1.204159457879229578e+01 1.389244398944980396e+01 2.061552812808830382e+01 1.627882059609970611e+01 1.431782106327635340e+01 1.272792206135785520e+01 2.617250465660480074e+01 2.262741699796952233e+01 1.640121946685672683e+01 1.897366596101027625e+01 1.612451549659709826e+01 1.655294535724684835e+01 0.000000000000000000e+00 7.280109889280518054e+00 1.726267650163206824e+01 1.700000000000000000e+01 1.300000000000000000e+01 2.109502310972898798e+01 1.500000000000000000e+01 5.830951894845300743e+00 1.746424919657297892e+01 2.039607805437113797e+01 2.109502310972898798e+01 7.071067811865475505e+00 5.385164807134503739e+00 1.166190378969060149e+01 1.456021977856103611e+01
1.860107523773827509e+01 1.019803902718556898e+01 1.000000000000000000e+01 1.562049935181330795e+01 1.029563014098700080e+01 1.649242250247064234e+01 7.280109889280518054e+00 2.024845673131658685e+01 1.664331697709323876e+01 1.529705854077835525e+01 1.603121954188139853e+01 2.325940669922601600e+01 2.202271554554523902e+01 7.280109889280518054e+00 0.000000000000000000e+00 1.004987562112088995e+01 1.303840481040529831e+01 1.019803902718556898e+01 1.421267040355189515e+01 1.208304597359457233e+01 1.220655561573370207e+01 1.979898987322333070e+01 1.824828759089465890e+01 1.400000000000000000e+01 7.810249675906653977e+00 1.264911064067351809e+01 8.544003745317530374e+00 1.627882059609970611e+01
1.603121954188139853e+01 1.360147050873544394e+01 1.345362404707370985e+01 1.118033988749894903e+01 6.082762530298219339e+00 2.202271554554523902e+01 1.000000000000000000e+01 1.603121954188139853e+01 1.303840481040529831e+01 1.746424919657297892e+01 1.860107523773827509e+01 3.289376840679705083e+01 3.000000000000000000e+01 1.726267650163206824e+01 1.004987562112088995e+01 0.000000000000000000e+00 1.500000000000000000e+01 1.500000000000000000e+01 8.062257748298549132e+00 1.300000000000000000e+01 2.154065922853801496e+01 2.729468812791236232e+01 2.140093455903269515e+01 4.123105625617660586e+00 1.649242250247064234e+01 2.256102834535695578e+01 1.140175425099137918e+01 2.370653918225939449e+01
2.973213749463701205e+01 2.302172886644267535e+01 3.162277660168379523e+00 2.549509756796392423e+01 1.969771560359220786e+01 2.942787793912432193e+01 6.082762530298219339e+00 1.077032961426900748e+01 8.062257748298549132e+00 2.807133769523639799e+01 3.605551275463989125e+00 3.182766092567909766e+01 3.354101966249684352e+01 1.700000000000000000e+01 1.303840481040529831e+01 1.500000000000000000e+01 0.000000000000000000e+00 4.242640687119284770e+00 1.077032961426900748e+01 2.433105012119287736e+01 2.282542442102665348e+01 1.503329637837290811e+01 6.403124237432848531e+00 1.838477631085023489e+01 1.063014581273464998e+01 2.140093455903269515e+01 2.109502310972898798e+01 1.204159457879229578e+01
2.817800560721074277e+01 2.039607805437113797e+01 2.000000000000000000e+00 2.441311123146740414e+01 1.860107523773827509e+01 2.607680962081059661e+01 5.000000000000000000e+00 1.476482306023340030e+01 1.170469991071962568e+01 2.549509756796392423e+01 6.082762530298219339e+00 2.758622844826744469e+01 2.954657340538831534e+01 1.300000000000000000e+01 1.019803902718556898e+01 1.500000000000000000e+01 4.242640687119284770e+00 0.000000000000000000e+00 1.303840481040529831e+01 2.213594362117865444e+01 1.878829422805593552e+01 1.264911064067351809e+01 8.062257748298549132e+00 1.886796226411320632e+01 6.403124237432848531e+00 1.720465053408525335e+01 1.868154169226940553e+01 9.219544457292887074e+00
2.400000000000000000e+01 2.102379604162863913e+01 1.104536101718726115e+01 1.902629759044044633e+01 1.414213562373095101e+01 2.915475947422650194e+01 9.219544457292887074e+00 8.000000000000000000e+00 5.385164807134503739e+00 2.529822128134703618e+01 1.389244398944980396e+01 3.721558813185679071e+01 3.606937759374286401e+01 2.109502310972898798e+01 1.421267040355189515e+01 8.062257748298549132e+00 1.077032961426900748e+01 1.303840481040529831e+01 0.000000000000000000e+00 2.088061301782110135e+01 2.640075756488817049e+01 2.549509756796392423e+01 1.664331697709323876e+01 9.486832980505138124e+00 1.746424919657297892e+01 2.641968962724581260e+01 1.878829422805593552e+01 2.220360331117451835e+01
7.211102550927978250e+00 3.162277660168379523e+00 2.158703314492290204e+01 7.071067811865475505e+00 7.211102550927978250e+00 1.029563014098700080e+01 1.824828759089465890e+01 2.863564212655270680e+01 2.531797780234432693e+01 4.472135954999579610e+00 2.765863337187866122e+01 2.601922366251537611e+01 1.992485884517127559e+01 1.500000000000000000e+01 1.208304597359457233e+01 1.300000000000000000e+01 2.433105012119287736e+01 2.213594362117865444e+01 2.088061301782110135e+01 0.000000000000000000e+00 1.552417469626002422e+01 3.140063693621516450e+01 3.008321791298264714e+01 1.421267040355189515e+01 1.941648783894759944e+01 1.838477631085023489e+01 3.605551275463989125e+00 2.801785145224380003e+01
2.247220505424423109e+01 1.236931687685298087e+01 1.972308292331602075e+01 2.220360331117451835e+01 1.910497317454279909e+01 1.081665382639196871e+01 1.843908891458577415e+01 3.189043743820394994e+01 2.831960451701259274e+01 1.526433752247374720e+01 2.469817807045693669e+01 1.140175425099137918e+01 1.077032961426900748e+01 5.830951894845300743e+00 1.220655561573370207e+01 2.154065922853801496e+01 2.282542442102665348e+01 1.878829422805593552e+01 2.640075756488817049e+01 1.552417469626002422e+01 0.000000000000000000e+00 2.137755832643194864e+01 2.596150997149434048e+01 2.500000000000000000e+01 1.264911064067351809e+01 3.605551275463989125e+00 1.303840481040529831e+01 1.902629759044044633e+01
3.828837943815329226e+01 2.884441020371191300e+01 1.456021977856103611e+01 3.538361202590826338e+01 2.983286778035259701e+01 3.162277660168379256e+01 1.746424919657297892e+01 2.517935662402834396e+01 2.300000000000000000e+01 3.361547262794321966e+01 1.315294643796590535e+01 2.500000000000000000e+01 3.100000000000000000e+01 1.746424919657297892e+01 1.979898987322333070e+01 2.729468812791236232e+01 1.503329637837290811e+01 1.264911064067351809e+01 2.549509756796392423e+01 3.140063693621516450e+01 2.137755832643194864e+01 0.000000000000000000e+00 1.170469991071962568e+01 3.130495168499705727e+01 1.204159457879229578e+01 1.811077027627483460e+01 2.780287754891568852e+01 3.605551275463989125e+00
3.584689665786984136e+01 2.844292530665578411e+01 8.544003745317530374e+00 3.176476034853718033e+01 2.594224354214569317e+01 3.401470270338990076e+01 1.208304597359457233e+01 1.403566884761819900e+01 1.264911064067351809e+01 3.354101966249684352e+01 2.828427124746190291e+00 3.328663395418647752e+01 3.668787265568828104e+01 2.039607805437113797e+01 1.824828759089465890e+01 2.140093455903269515e+01 6.403124237432848531e+00 8.062257748298549132e+00 1.664331697709323876e+01 3.008321791298264714e+01 2.596150997149434048e+01 1.170469991071962568e+01 0.000000000000000000e+00 2.475883680627989492e+01 1.334166406412633421e+01 2.376972864800942631e+01 2.668332812825266842e+01 1.000000000000000000e+01
1.529705854077835525e+01 1.562049935181330795e+01 1.720465053408525335e+01 1.019803902718556898e+01 7.071067811865475505e+00 2.408318915758459156e+01 1.389244398944980396e+01 1.726267650163206824e+01 1.486606874731850603e+01 1.860107523773827509e+01 2.193171219946130890e+01 3.640054944640259293e+01 3.275667870831839679e+01 2.109502310972898798e+01 1.400000000000000000e+01 4.123105625617660586e+00 1.838477631085023489e+01 1.886796226411320632e+01 9.486832980505138124e+00 1.421267040355189515e+01 2.500000000000000000e+01 3.130495168499705727e+01 2.475883680627989492e+01 0.000000000000000000e+00 2.061552812808830382e+01 2.630589287593181069e+01 1.360147050873544394e+01 2.773084924772409465e+01
2.624880949681337583e+01 1.700000000000000000e+01 7.810249675906653977e+00 2.343074902771996193e+01 1.802775637731994607e+01 2.109502310972898798e+01 8.246211251235321171e+00 2.080865204668481283e+01 1.749285568453590045e+01 2.193171219946130890e+01 1.208304597359457233e+01 2.121320343559642652e+01 2.340939982143925135e+01 7.071067811865475505e+00 7.810249675906653977e+00 1.649242250247064234e+01 1.063014581273464998e+01 6.403124237432848531e+00 1.746424919657297892e+01 1.941648783894759944e+01 1.264911064067351809e+01 1.204159457879229578e+01 1.334166406412633421e+01 2.061552812808830382e+01 0.000000000000000000e+00 1.081665382639196871e+01 1.581138830084189628e+01 8.602325267042626677e+00
2.549509756796392423e+01 1.523154621172781731e+01 1.843908891458577415e+01 2.473863375370596174e+01 2.102379604162863913e+01 1.442220510185595650e+01 1.780449381476485726e+01 3.114482300479487265e+01 2.765863337187866122e+01 1.860107523773827509e+01 2.282542442102665348e+01 1.081665382639196871e+01 1.315294643796590535e+01 5.385164807134503739e+00 1.264911064067351809e+01 2.256102834535695578e+01 2.140093455903269515e+01 1.720465053408525335e+01 2.641968962724581260e+01 1.838477631085023489e+01 3.605551275463989125e+00 1.811077027627483460e+01 2.376972864800942631e+01 2.630589287593181069e+01 1.081665382639196871e+01 0.000000000000000000e+00 1.552417469626002422e+01 1.603121954188139853e+01
1.063014581273464998e+01 2.236067977499789805e+00 1.824828759089465890e+01 9.219544457292887074e+00 6.708203932499369415e+00 1.063014581273464998e+01 1.503329637837290811e+01 2.624880949681337583e+01 2.280350850198275836e+01 7.000000000000000000e+00 2.433105012119287736e+01 2.408318915758459156e+01 1.923538406167134340e+01 1.166190378969060149e+01 8.544003745317530374e+00 1.140175425099137918e+01 2.109502310972898798e+01 1.868154169226940553e+01 1.878829422805593552e+01 3.605551275463989125e+00 1.303840481040529831e+01 2.780287754891568852e+01 2.668332812825266842e+01 1.360147050873544394e+01 1.581138830084189628e+01 1.552417469626002422e+01 0.000000000000000000e+00 2.441311123146740414e+01
3.482814953453599571e+01 2.555386467836127551e+01 1.118033988749894903e+01 3.182766092567909766e+01 2.624880949681337583e+01 2.886173937932362321e+01 1.392838827718411920e+01 2.256102834535695578e+01 2.009975124224177989e+01 3.041381265149109936e+01 1.077032961426900748e+01 2.416609194718914466e+01 2.915475947422650194e+01 1.456021977856103611e+01 1.627882059609970611e+01 2.370653918225939449e+01 1.204159457879229578e+01 9.219544457292887074e+00 2.220360331117451835e+01 2.801785145224380003e+01 1.902629759044044633e+01 3.605551275463989125e+00 1.000000000000000000e+01 2.773084924772409465e+01 8.602325267042626677e+00 1.603121954188139853e+01 2.441311123146740414e+01 0.000000000000000000e+00
