0.000000000000000000e+00 2.267156809750926882e+01 2.402082429892862692e+01 2.640075756488817049e+01 1.216552506059643868e+01 2.280350850198275836e+01 1.200000000000000000e+01 4.022437072223753063e+01 1.360147050873544394e+01 1.772004514666934938e+01 2.720294101747088789e+01 2.801785145224380003e+01 3.328663395418647752e+01 3.162277660168379256e+01 6.708203932499369415e+00 1.392838827718411920e+01 2.061552812808830382e+01 3.453983207834108526e+01 3.138470965295043058e+01 4.220189569201838253e+01 1.897366596101027625e+01
2.267156809750926882e+01 0.000000000000000000e+00 1.835755975068581947e+01 8.062257748298549132e+00 1.392838827718411920e+01 2.158703314492290204e+01 1.726267650163206824e+01 1.788854381999831844e+01 9.219544457292887074e+00 2.209072203437452231e+01 7.071067811865475505e+00 1.941648783894759944e+01 1.140175425099137918e+01 1.104536101718726115e+01 1.664331697709323876e+01 1.077032961426900748e+01 2.801785145224380003e+01 3.176476034853718033e+01 3.257299494980465937e+01 1.972308292331602075e+01 2.102379604162863913e+01
2.402082429892862692e+01 1.835755975068581947e+01 0.000000000000000000e+00 2.641968962724581260e+01 2.459674775249768786e+01 3.661966684720110976e+01 1.204159457879229578e+01 3.201562118716424266e+01 1.886796226411320632e+01 9.219544457292887074e+00 1.513274595042155646e+01 3.679673898594819548e+01 2.765863337187866122e+01 1.711724276862369010e+01 1.811077027627483460e+01 2.247220505424423109e+01 3.992492955535426091e+01 4.827007354458868349e+01 4.770744176750625343e+01 3.301514803843835466e+01 3.448187929913333249e+01
2.640075756488817049e+01 8.062257748298549132e+00 2.641968962724581260e+01 0.000000000000000000e+00 1.500000000000000000e+01 1.711724276862369010e+01 2.402082429892862692e+01 1.500000000000000000e+01 1.334166406412633421e+01 2.961418578992169515e+01 1.360147050873544394e+01 1.264911064067351809e+01 8.062257748298549132e+00 1.615549442140351033e+01 2.158703314492290204e+01 1.252996408614166768e+01 2.529822128134703618e+01 2.529822128134703618e+01 2.716615541441224835e+01 1.720465053408525335e+01 1.802775637731994607e+01
1.216552506059643868e+01 1.392838827718411920e+01 2.459674775249768786e+01 1.500000000000000000e+01 0.000000000000000000e+00 1.280624847486569706e+01 1.562049935181330795e+01 2.969848480983499428e+01 6.082762530298219339e+00 2.267156809750926882e+01 2.039607805437113797e+01 1.627882059609970611e+01 2.262741699796952233e+01 2.473863375370596174e+01 9.848857801796103928e+00 3.162277660168379523e+00 1.552417469626002422e+01 2.500000000000000000e+01 2.343074902771996193e+01 3.182766092567909766e+01 1.000000000000000000e+01
2.280350850198275836e+01 2.158703314492290204e+01 3.661966684720110976e+01 1.711724276862369010e+01 1.280624847486569706e+01 0.000000000000000000e+00 2.842534080710379030e+01 3.101612483854164637e+01 1.780449381476485726e+01 3.546829570193639825e+01 2.863564212655270680e+01 7.810249675906653977e+00 2.473863375370596174e+01 3.224903099319419653e+01 2.247220505424423109e+01 1.421267040355189515e+01 9.219544457292887074e+00 1.220655561573370207e+01 1.118033988749894903e+01 3.324154027718932269e+01 4.000000000000000000e+00
1.200000000000000000e+01 1.726267650163206824e+01 1.204159457879229578e+01 2.402082429892862692e+01 1.562049935181330795e+01 2.842534080710379030e+01 0.000000000000000000e+00 3.478505426185217431e+01 1.170469991071962568e+01 7.071067811865475505e+00 1.886796226411320632e+01 3.087069808086626210e+01 2.863564212655270680e+01 2.280350850198275836e+01 6.708203932499369415e+00 1.476482306023340030e+01 2.968164415931165934e+01 4.060788100849390503e+01 3.889730067755344578e+01 3.640054944640259293e+01 2.545584412271571040e+01
4.022437072223753063e+01 1.788854381999831844e+01 3.201562118716424266e+01 1.500000000000000000e+01 2.969848480983499428e+01 3.101612483854164637e+01 3.478505426185217431e+01 0.000000000000000000e+00 2.662705391138869615e+01 3.847076812334268681e+01 1.702938636592640265e+01 2.451530134426252516e+01 7.071067811865475505e+00 1.529705854077835525e+01 3.448187929913333249e+01 2.690724809414741969e+01 3.981205847478876336e+01 3.601388621073821383e+01 3.945883931389771959e+01 2.236067977499789805e+00 3.264965543462901820e+01
1.360147050873544394e+01 9.219544457292887074e+00 1.886796226411320632e+01 1.334166406412633421e+01 6.082762530298219339e+00 1.780449381476485726e+01 1.170469991071962568e+01 2.662705391138869615e+01 0.000000000000000000e+00 1.835755975068581947e+01 1.486606874731850603e+01 1.923538406167134340e+01 1.972308292331602075e+01 1.931320791582796659e+01 8.246211251235321171e+00 3.605551275463989125e+00 2.158703314492290204e+01 2.969848480983499428e+01 2.884441020371191300e+01 2.860069929215018192e+01 1.565247584249852864e+01
1.772004514666934938e+01 2.209072203437452231e+01 9.219544457292887074e+00 2.961418578992169515e+01 2.267156809750926882e+01 3.546829570193639825e+01 7.071067811865475505e+00 3.847076812334268681e+01 1.835755975068581947e+01 0.000000000000000000e+00 2.158703314492290204e+01 3.758989225842500304e+01 3.301514803843835466e+01 2.469817807045693669e+01 1.360147050873544394e+01 2.163330765278393741e+01 3.661966684720110976e+01 4.763402145525821396e+01 4.596737973824481571e+01 3.981205847478876336e+01 3.252691193458118590e+01
2.720294101747088789e+01 7.071067811865475505e+00 1.513274595042155646e+01 1.360147050873544394e+01 2.039607805437113797e+01 2.863564212655270680e+01 1.886796226411320632e+01 1.702938636592640265e+01 1.486606874731850603e+01 2.158703314492290204e+01 0.000000000000000000e+00 2.594224354214569317e+01 1.264911064067351809e+01 4.472135954999579610e+00 2.061552812808830382e+01 1.726267650163206824e+01 3.500000000000000000e+01 3.848376280978771291e+01 3.956008088970496317e+01 1.824828759089465890e+01 2.807133769523639799e+01
2.801785145224380003e+01 1.941648783894759944e+01 3.679673898594819548e+01 1.264911064067351809e+01 1.627882059609970611e+01 7.810249675906653977e+00 3.087069808086626210e+01 2.451530134426252516e+01 1.923538406167134340e+01 3.758989225842500304e+01 2.594224354214569317e+01 0.000000000000000000e+00 1.900000000000000000e+01 2.879236009777593708e+01 2.596150997149434048e+01 1.615549442140351033e+01 1.697056274847713908e+01 1.264911064067351809e+01 1.503329637837290811e+01 2.668332812825266842e+01 1.118033988749894903e+01
3.328663395418647752e+01 1.140175425099137918e+01 2.765863337187866122e+01 8.062257748298549132e+00 2.262741699796952233e+01 2.473863375370596174e+01 2.863564212655270680e+01 7.071067811865475505e+00 1.972308292331602075e+01 3.301514803843835466e+01 1.264911064067351809e+01 1.900000000000000000e+01 0.000000000000000000e+00 1.280624847486569706e+01 2.773084924772409465e+01 1.984943324127920761e+01 3.324154027718932269e+01 3.125699921617556853e+01 3.401470270338990076e+01 9.219544457292887074e+00 2.600000000000000000e+01
3.162277660168379256e+01 1.104536101718726115e+01 1.711724276862369010e+01 1.615549442140351033e+01 2.473863375370596174e+01 3.224903099319419653e+01 2.280350850198275836e+01 1.529705854077835525e+01 1.931320791582796659e+01 2.469817807045693669e+01 4.472135954999579610e+00 2.879236009777593708e+01 1.280624847486569706e+01 0.000000000000000000e+00 2.500000000000000000e+01 2.158703314492290204e+01 3.905124837953326988e+01 4.143669871020131978e+01 4.295346318982905842e+01 1.603121954188139853e+01 3.200000000000000000e+01
6.708203932499369415e+00 1.664331697709323876e+01 1.811077027627483460e+01 2.158703314492290204e+01 9.848857801796103928e+00 2.247220505424423109e+01 6.708203932499369415e+00 3.448187929913333249e+01 8.246211251235321171e+00 1.360147050873544394e+01 2.061552812808830382e+01 2.596150997149434048e+01 2.773084924772409465e+01 2.500000000000000000e+01 0.000000000000000000e+00 1.004987562112088995e+01 2.302172886644267535e+01 3.466987164671942878e+01 3.255764119219941222e+01 3.635931792539568619e+01 1.920937271229854559e+01
1.392838827718411920e+01 1.077032961426900748e+01 2.247220505424423109e+01 1.252996408614166768e+01 3.162277660168379523e+00 1.421267040355189515e+01 1.476482306023340030e+01 2.690724809414741969e+01 3.605551275463989125e+00 2.163330765278393741e+01 1.726267650163206824e+01 1.615549442140351033e+01 1.984943324127920761e+01 2.158703314492290204e+01 1.004987562112088995e+01 0.000000000000000000e+00 1.824828759089465890e+01 2.617250465660480074e+01 2.523885892824792521e+01 2.900000000000000000e+01 1.208304597359457233e+01
2.061552812808830382e+01 2.801785145224380003e+01 3.992492955535426091e+01 2.529822128134703618e+01 1.552417469626002422e+01 9.219544457292887074e+00 2.968164415931165934e+01 3.981205847478876336e+01 2.158703314492290204e+01 3.661966684720110976e+01 3.500000000000000000e+01 1.697056274847713908e+01 3.324154027718932269e+01 3.905124837953326988e+01 2.302172886644267535e+01 1.824828759089465890e+01 0.000000000000000000e+00 1.600000000000000000e+01 1.140175425099137918e+01 4.204759208325727826e+01 7.280109889280518054e+00
3.453983207834108526e+01 3.176476034853718033e+01 4.827007354458868349e+01 2.529822128134703618e+01 2.500000000000000000e+01 1.220655561573370207e+01 4.060788100849390503e+01 3.601388621073821383e+01 2.969848480983499428e+01 4.763402145525821396e+01 3.848376280978771291e+01 1.264911064067351809e+01 3.125699921617556853e+01 4.143669871020131978e+01 3.466987164671942878e+01 2.617250465660480074e+01 1.600000000000000000e+01 0.000000000000000000e+00 5.830951894845300743e+00 3.805259518088089266e+01 1.565247584249852864e+01
3.138470965295043058e+01 3.257299494980465937e+01 4.770744176750625343e+01 2.716615541441224835e+01 2.343074902771996193e+01 1.118033988749894903e+01 3.889730067755344578e+01 3.945883931389771959e+01 2.884441020371191300e+01 4.596737973824481571e+01 3.956008088970496317e+01 1.503329637837290811e+01 3.401470270338990076e+01 4.295346318982905842e+01 3.255764119219941222e+01 2.523885892824792521e+01 1.140175425099137918e+01 5.830951894845300743e+00 0.000000000000000000e+00 4.159326868617084472e+01 1.345362404707370985e+01
4.220189569201838253e+01 1.972308292331602075e+01 3.301514803843835466e+01 1.720465053408525335e+01 3.182766092567909766e+01 3.324154027718932269e+01 3.640054944640259293e+01 2.236067977499789805e+00 2.860069929215018192e+01 3.981205847478876336e+01 1.824828759089465890e+01 2.668332812825266842e+01 9.219544457292887074e+00 1.603121954188139853e+01 3.635931792539568619e+01 2.900000000000000000e+01 4.204759208325727826e+01 3.805259518088089266e+01 4.159326868617084472e+01 0.000000000000000000e+00 3.488552708502481892e+01
1.897366596101027625e+01 2.102379604162863913e+01 3.448187929913333249e+01 1.802775637731994607e+01 1.000000000000000000e+01 4.000000000000000000e+00 2.545584412271571040e+01 3.264965543462901820e+01 1.565247584249852864e+01 3.252691193458118590e+01 2.807133769523639799e+01 1.118033988749894903e+01 2.600000000000000000e+01 3.200000000000000000e+01 1.920937271229854559e+01 1.208304597359457233e+01 7.280109889280518054e+00 1.565247584249852864e+01 1.345362404707370985e+01 3.488552708502481892e+01 0.000000000000000000e+00
