0.000000000000000000e+00 3.573513677041127323e+01 8.246211251235321171e+00 1.166190378969060149e+01 2.118962010041709121e+01 2.831960451701259274e+01 2.807133769523639799e+01 3.590264614203248072e+01 3.000000000000000000e+00 3.238826948140329165e+01 3.605551275463989214e+01 8.062257748298549132e+00 2.828427124746190202e+01 3.733630940518894192e+01 3.125699921617556853e+01 7.615773105863908654e+00 9.486832980505138124e+00 8.544003745317530374e+00 2.109502310972898798e+01 8.246211251235321171e+00 1.442220510185595650e+01 1.941648783894759944e+01 3.088689042296100240e+01 1.334166406412633421e+01 1.910497317454279909e+01 1.503329637837290811e+01 2.284731931759172596e+01
3.573513677041127323e+01 0.000000000000000000e+00 2.751363298439520833e+01 3.500000000000000000e+01 2.846049894151541437e+01 1.526433752247374720e+01 1.431782106327635340e+01 3.162277660168379523e+00 3.860051813123756403e+01 1.612451549659709826e+01 1.315294643796590535e+01 3.498571136907180090e+01 1.664331697709323876e+01 2.236067977499789805e+00 7.615773105863908654e+00 3.041381265149109936e+01 3.689173349139343117e+01 3.114482300479487265e+01 1.581138830084189628e+01 3.721558813185679071e+01 2.220360331117451835e+01 1.655294535724684835e+01 8.062257748298549132e+00 3.705401462729781059e+01 3.298484500494128469e+01 2.247220505424423109e+01 2.692582403567251959e+01
8.246211251235321171e+00 2.751363298439520833e+01 0.000000000000000000e+00 1.216552506059643868e+01 1.802775637731994607e+01 2.140093455903269515e+01 2.039607805437113797e+01 2.765863337187866122e+01 1.118033988749894903e+01 2.500000000000000000e+01 2.828427124746190202e+01 9.848857801796103928e+00 2.163330765278393741e+01 2.915475947422650194e+01 2.308679276123039159e+01 5.099019513592784492e+00 1.208304597359457233e+01 7.810249675906653977e+00 1.300000000000000000e+01 1.166190378969060149e+01 7.211102550927978250e+00 1.118033988749894903e+01 2.302172886644267535e+01 1.555634918610404505e+01 1.802775637731994607e+01 7.615773105863908654e+00 1.902629759044044633e+01
1.166190378969060149e+01 3.500000000000000000e+01 1.216552506059643868e+01 0.000000000000000000e+00 3.001666203960726875e+01 3.264965543462901820e+01 2.340939982143925135e+01 3.413209633175202384e+01 1.345362404707370985e+01 2.647640458974745314e+01 3.104834939252004844e+01 3.605551275463989125e+00 3.310589071449369669e+01 3.701351104664349378e+01 2.865309756378880479e+01 7.071067811865475505e+00 3.162277660168379523e+00 1.824828759089465890e+01 1.920937271229854559e+01 4.472135954999579610e+00 1.897366596101027625e+01 1.910497317454279909e+01 3.264965543462901820e+01 2.469817807045693669e+01 2.927456233660889495e+01 1.272792206135785520e+01 3.114482300479487265e+01
2.118962010041709121e+01 2.846049894151541437e+01 1.802775637731994607e+01 3.001666203960726875e+01 0.000000000000000000e+00 1.403566884761819900e+01 3.041381265149109936e+01 3.046309242345563462e+01 2.236067977499789805e+01 3.535533905932737753e+01 3.640054944640259293e+01 2.716615541441224835e+01 1.300000000000000000e+01 2.886173937932362321e+01 2.884441020371191300e+01 2.300000000000000000e+01 2.927456233660889495e+01 1.264911064067351809e+01 2.280350850198275836e+01 2.844292530665578411e+01 1.300000000000000000e+01 2.000000000000000000e+01 2.061552812808830382e+01 1.220655561573370207e+01 5.099019513592784492e+00 2.247220505424423109e+01 2.236067977499789805e+00
2.831960451701259274e+01 1.526433752247374720e+01 2.140093455903269515e+01 3.264965543462901820e+01 1.403566884761819900e+01 0.000000000000000000e+00 2.213594362117865444e+01 1.780449381476485726e+01 3.061045573002793319e+01 2.640075756488817049e+01 2.580697580112788003e+01 3.106444913401813324e+01 1.414213562373095145e+00 1.523154621172781731e+01 1.802775637731994607e+01 2.607680962081059661e+01 3.328663395418647752e+01 2.109502310972898798e+01 1.700000000000000000e+01 3.301514803843835466e+01 1.421267040355189515e+01 1.513274595042155646e+01 7.211102550927978250e+00 2.473863375370596174e+01 1.900000000000000000e+01 2.088061301782110135e+01 1.216552506059643868e+01
2.807133769523639799e+01 1.431782106327635340e+01 2.039607805437113797e+01 2.340939982143925135e+01 3.041381265149109936e+01 2.213594362117865444e+01 0.000000000000000000e+00 1.220655561573370207e+01 3.106444913401813324e+01 5.000000000000000000e+00 8.000000000000000000e+00 2.451530134426252516e+01 2.340939982143925135e+01 1.655294535724684835e+01 6.708203932499369415e+00 2.102379604162863913e+01 2.596150997149434048e+01 2.692582403567251959e+01 8.062257748298549132e+00 2.668332812825266842e+01 1.886796226411320632e+01 1.081665382639196871e+01 1.702938636592640265e+01 3.443835071544512516e+01 3.342154993413680586e+01 1.303840481040529831e+01 2.983286778035259701e+01
3.590264614203248072e+01 3.162277660168379523e+00 2.765863337187866122e+01 3.413209633175202384e+01 3.046309242345563462e+01 1.780449381476485726e+01 1.220655561573370207e+01 0.000000000000000000e+00 3.883297567789519888e+01 1.334166406412633421e+01 1.004987562112088995e+01 3.443835071544512516e+01 1.920937271229854559e+01 5.000000000000000000e+00 5.656854249492380582e+00 3.008321791298264714e+01 3.623534186398687496e+01 3.200000000000000000e+01 1.523154621172781731e+01 3.667424164178449786e+01 2.300000000000000000e+01 1.649242250247064234e+01 1.063014581273464998e+01 3.832753579347360073e+01 3.478505426185217431e+01 2.193171219946130890e+01 2.906888370749726747e+01
3.000000000000000000e+00 3.860051813123756403e+01 1.118033988749894903e+01 1.345362404707370985e+01 2.236067977499789805e+01 3.061045573002793319e+01 3.106444913401813324e+01 3.883297567789519888e+01 0.000000000000000000e+00 3.535533905932737753e+01 3.905124837953326988e+01 9.899494936611665352e+00 3.047950130825634218e+01 4.016217125604640614e+01 3.423448553724738019e+01 1.044030650891055068e+01 1.081665382639196871e+01 1.000000000000000000e+01 2.408318915758459156e+01 9.433981132056603158e+00 1.700000000000000000e+01 2.236067977499789805e+01 3.354101966249684352e+01 1.300000000000000000e+01 1.964688270438849926e+01 1.802775637731994607e+01 2.418677324489564739e+01
3.238826948140329165e+01 1.612451549659709826e+01 2.500000000000000000e+01 2.647640458974745314e+01 3.535533905932737753e+01 2.640075756488817049e+01 5.000000000000000000e+00 1.334166406412633421e+01 3.535533905932737753e+01 0.000000000000000000e+00 5.000000000000000000e+00 2.807133769523639799e+01 2.773084924772409465e+01 1.824828759089465890e+01 9.055385138137417300e+00 2.507987240796890660e+01 2.927456233660889495e+01 3.178049716414140846e+01 1.303840481040529831e+01 3.014962686336266984e+01 2.385372088375312671e+01 1.581138830084189628e+01 2.061552812808830382e+01 3.935733730830885690e+01 3.841874542459709119e+01 1.746424919657297892e+01 3.471310991541956525e+01
3.605551275463989214e+01 1.315294643796590535e+01 2.828427124746190202e+01 3.104834939252004844e+01 3.640054944640259293e+01 2.580697580112788003e+01 8.000000000000000000e+00 1.004987562112088995e+01 3.905124837953326988e+01 5.000000000000000000e+00 0.000000000000000000e+00 3.238826948140329165e+01 2.720294101747088789e+01 1.503329637837290811e+01 7.810249675906653977e+00 2.901723625709381693e+01 3.373425558686599857e+01 3.448187929913333249e+01 1.552417469626002422e+01 3.452535300326413648e+01 2.600000000000000000e+01 1.802775637731994607e+01 1.923538406167134340e+01 4.178516483155235761e+01 3.996248240537617136e+01 2.102379604162863913e+01 3.546829570193639825e+01
8.062257748298549132e+00 3.498571136907180090e+01 9.848857801796103928e+00 3.605551275463989125e+00 2.716615541441224835e+01 3.106444913401813324e+01 2.451530134426252516e+01 3.443835071544512516e+01 9.899494936611665352e+00 2.807133769523639799e+01 3.238826948140329165e+01 0.000000000000000000e+00 3.138470965295043058e+01 3.689173349139343117e+01 2.915475947422650194e+01 5.000000000000000000e+00 2.236067977499789805e+00 1.503329637837290811e+01 1.923538406167134340e+01 2.236067977499789805e+00 1.700000000000000000e+01 1.860107523773827509e+01 3.182766092567909766e+01 2.118962010041709121e+01 2.607680962081059661e+01 1.252996408614166768e+01 2.844292530665578411e+01
2.828427124746190202e+01 1.664331697709323876e+01 2.163330765278393741e+01 3.310589071449369669e+01 1.300000000000000000e+01 1.414213562373095145e+00 2.340939982143925135e+01 1.920937271229854559e+01 3.047950130825634218e+01 2.773084924772409465e+01 2.720294101747088789e+01 3.138470965295043058e+01 0.000000000000000000e+00 1.655294535724684835e+01 1.941648783894759944e+01 2.641968962724581260e+01 3.361547262794321966e+01 2.080865204668481283e+01 1.802775637731994607e+01 3.328663395418647752e+01 1.442220510185595650e+01 1.603121954188139853e+01 8.602325267042626677e+00 2.404163056034261459e+01 1.802775637731994607e+01 2.158703314492290204e+01 1.104536101718726115e+01
3.733630940518894192e+01 2.236067977499789805e+00 2.915475947422650194e+01 3.701351104664349378e+01 2.886173937932362321e+01 1.523154621172781731e+01 1.655294535724684835e+01 5.000000000000000000e+00 4.016217125604640614e+01 1.824828759089465890e+01 1.503329637837290811e+01 3.689173349139343117e+01 1.655294535724684835e+01 0.000000000000000000e+00 9.848857801796103928e+00 3.224903099319419653e+01 3.883297567789519888e+01 3.238826948140329165e+01 1.780449381476485726e+01 3.911521443121588959e+01 2.353720459187963954e+01 1.835755975068581947e+01 8.246211251235321171e+00 3.800000000000000000e+01 3.354101966249684352e+01 2.441311123146740414e+01 2.720294101747088789e+01
3.125699921617556853e+01 7.615773105863908654e+00 2.308679276123039159e+01 2.865309756378880479e+01 2.884441020371191300e+01 1.802775637731994607e+01 6.708203932499369415e+00 5.656854249492380582e+00 3.423448553724738019e+01 9.055385138137417300e+00 7.810249675906653977e+00 2.915475947422650194e+01 1.941648783894759944e+01 9.848857801796103928e+00 0.000000000000000000e+00 2.500000000000000000e+01 3.087069808086626210e+01 2.828427124746190202e+01 1.019803902718556898e+01 3.138470965295043058e+01 1.941648783894759944e+01 1.200000000000000000e+01 1.170469991071962568e+01 3.517101079013794873e+01 3.264965543462901820e+01 1.676305461424021104e+01 2.780287754891568852e+01
7.615773105863908654e+00 3.041381265149109936e+01 5.099019513592784492e+00 7.071067811865475505e+00 2.300000000000000000e+01 2.607680962081059661e+01 2.102379604162863913e+01 3.008321791298264714e+01 1.044030650891055068e+01 2.507987240796890660e+01 2.901723625709381693e+01 5.000000000000000000e+00 2.641968962724581260e+01 3.224903099319419653e+01 2.500000000000000000e+01 0.000000000000000000e+00 7.211102550927978250e+00 1.170469991071962568e+01 1.486606874731850603e+01 7.071067811865475505e+00 1.208304597359457233e+01 1.389244398944980396e+01 2.690724809414741969e+01 1.886796226411320632e+01 2.256102834535695578e+01 8.246211251235321171e+00 2.408318915758459156e+01
9.486832980505138124e+00 3.689173349139343117e+01 1.208304597359457233e+01 3.162277660168379523e+00 2.927456233660889495e+01 3.328663395418647752e+01 2.596150997149434048e+01 3.623534186398687496e+01 1.081665382639196871e+01 2.927456233660889495e+01 3.373425558686599857e+01 2.236067977499789805e+00 3.361547262794321966e+01 3.883297567789519888e+01 3.087069808086626210e+01 7.211102550927978250e+00 0.000000000000000000e+00 1.700000000000000000e+01 2.109502310972898798e+01 1.414213562373095145e+00 1.923538406167134340e+01 2.061552812808830382e+01 3.394112549695427816e+01 2.280350850198275836e+01 2.801785145224380003e+01 1.442220510185595650e+01 3.059411708155671050e+01
8.544003745317530374e+00 3.114482300479487265e+01 7.810249675906653977e+00 1.824828759089465890e+01 1.264911064067351809e+01 2.109502310972898798e+01 2.692582403567251959e+01 3.200000000000000000e+01 1.000000000000000000e+01 3.178049716414140846e+01 3.448187929913333249e+01 1.503329637837290811e+01 2.080865204668481283e+01 3.238826948140329165e+01 2.828427124746190202e+01 1.170469991071962568e+01 1.700000000000000000e+01 0.000000000000000000e+00 1.897366596101027625e+01 1.603121954188139853e+01 9.000000000000000000e+00 1.649242250247064234e+01 2.500000000000000000e+01 7.810249675906653977e+00 1.104536101718726115e+01 1.500000000000000000e+01 1.431782106327635340e+01
2.109502310972898798e+01 1.581138830084189628e+01 1.300000000000000000e+01 1.920937271229854559e+01 2.280350850198275836e+01 1.700000000000000000e+01 8.062257748298549132e+00 1.523154621172781731e+01 2.408318915758459156e+01 1.303840481040529831e+01 1.552417469626002422e+01 1.923538406167134340e+01 1.802775637731994607e+01 1.780449381476485726e+01 1.019803902718556898e+01 1.486606874731850603e+01 2.109502310972898798e+01 1.897366596101027625e+01 0.000000000000000000e+00 2.147091055358388800e+01 1.081665382639196871e+01 2.828427124746190291e+00 1.431782106327635340e+01 2.640075756488817049e+01 2.549509756796392423e+01 6.708203932499369415e+00 2.247220505424423109e+01
8.246211251235321171e+00 3.721558813185679071e+01 1.166190378969060149e+01 4.472135954999579610e+00 2.844292530665578411e+01 3.301514803843835466e+01 2.668332812825266842e+01 3.667424164178449786e+01 9.433981132056603158e+00 3.014962686336266984e+01 3.452535300326413648e+01 2.236067977499789805e+00 3.328663395418647752e+01 3.911521443121588959e+01 3.138470965295043058e+01 7.071067811865475505e+00 1.414213562373095145e+00 1.603121954188139853e+01 2.147091055358388800e+01 0.000000000000000000e+00 1.886796226411320632e+01 2.080865204668481283e+01 3.397057550292606010e+01 2.158703314492290204e+01 2.700000000000000000e+01 1.476482306023340030e+01 2.983286778035259701e+01
1.442220510185595650e+01 2.220360331117451835e+01 7.211102550927978250e+00 1.897366596101027625e+01 1.300000000000000000e+01 1.421267040355189515e+01 1.886796226411320632e+01 2.300000000000000000e+01 1.700000000000000000e+01 2.385372088375312671e+01 2.600000000000000000e+01 1.700000000000000000e+01 1.442220510185595650e+01 2.353720459187963954e+01 1.941648783894759944e+01 1.208304597359457233e+01 1.923538406167134340e+01 9.000000000000000000e+00 1.081665382639196871e+01 1.886796226411320632e+01 0.000000000000000000e+00 8.062257748298549132e+00 1.655294535724684835e+01 1.581138830084189628e+01 1.486606874731850603e+01 9.486832980505138124e+00 1.334166406412633421e+01
1.941648783894759944e+01 1.655294535724684835e+01 1.118033988749894903e+01 1.910497317454279909e+01 2.000000000000000000e+01 1.513274595042155646e+01 1.081665382639196871e+01 1.649242250247064234e+01 2.236067977499789805e+01 1.581138830084189628e+01 1.802775637731994607e+01 1.860107523773827509e+01 1.603121954188139853e+01 1.835755975068581947e+01 1.200000000000000000e+01 1.389244398944980396e+01 2.061552812808830382e+01 1.649242250247064234e+01 2.828427124746190291e+00 2.080865204668481283e+01 8.062257748298549132e+00 0.000000000000000000e+00 1.360147050873544394e+01 2.376972864800942631e+01 2.267156809750926882e+01 6.403124237432848531e+00 1.972308292331602075e+01
3.088689042296100240e+01 8.062257748298549132e+00 2.302172886644267535e+01 3.264965543462901820e+01 2.061552812808830382e+01 7.211102550927978250e+00 1.702938636592640265e+01 1.063014581273464998e+01 3.354101966249684352e+01 2.061552812808830382e+01 1.923538406167134340e+01 3.182766092567909766e+01 8.602325267042626677e+00 8.246211251235321171e+00 1.170469991071962568e+01 2.690724809414741969e+01 3.394112549695427816e+01 2.500000000000000000e+01 1.431782106327635340e+01 3.397057550292606010e+01 1.655294535724684835e+01 1.360147050873544394e+01 0.000000000000000000e+00 3.006659275674581622e+01 2.531797780234432693e+01 2.000000000000000000e+01 1.897366596101027625e+01
1.334166406412633421e+01 3.705401462729781059e+01 1.555634918610404505e+01 2.469817807045693669e+01 1.220655561573370207e+01 2.473863375370596174e+01 3.443835071544512516e+01 3.832753579347360073e+01 1.300000000000000000e+01 3.935733730830885690e+01 4.178516483155235761e+01 2.118962010041709121e+01 2.404163056034261459e+01 3.800000000000000000e+01 3.517101079013794873e+01 1.886796226411320632e+01 2.280350850198275836e+01 7.810249675906653977e+00 2.640075756488817049e+01 2.158703314492290204e+01 1.581138830084189628e+01 2.376972864800942631e+01 3.006659275674581622e+01 0.000000000000000000e+00 7.810249675906653977e+00 2.280350850198275836e+01 1.442220510185595650e+01
1.910497317454279909e+01 3.298484500494128469e+01 1.802775637731994607e+01 2.927456233660889495e+01 5.099019513592784492e+00 1.900000000000000000e+01 3.342154993413680586e+01 3.478505426185217431e+01 1.964688270438849926e+01 3.841874542459709119e+01 3.996248240537617136e+01 2.607680962081059661e+01 1.802775637731994607e+01 3.354101966249684352e+01 3.264965543462901820e+01 2.256102834535695578e+01 2.801785145224380003e+01 1.104536101718726115e+01 2.549509756796392423e+01 2.700000000000000000e+01 1.486606874731850603e+01 2.267156809750926882e+01 2.531797780234432693e+01 7.810249675906653977e+00 0.000000000000000000e+00 2.385372088375312671e+01 7.280109889280518054e+00
1.503329637837290811e+01 2.247220505424423109e+01 7.615773105863908654e+00 1.272792206135785520e+01 2.247220505424423109e+01 2.088061301782110135e+01 1.303840481040529831e+01 2.193171219946130890e+01 1.802775637731994607e+01 1.746424919657297892e+01 2.102379604162863913e+01 1.252996408614166768e+01 2.158703314492290204e+01 2.441311123146740414e+01 1.676305461424021104e+01 8.246211251235321171e+00 1.442220510185595650e+01 1.500000000000000000e+01 6.708203932499369415e+00 1.476482306023340030e+01 9.486832980505138124e+00 6.403124237432848531e+00 2.000000000000000000e+01 2.280350850198275836e+01 2.385372088375312671e+01 0.000000000000000000e+00 2.280350850198275836e+01
2.284731931759172596e+01 2.692582403567251959e+01 1.902629759044044633e+01 3.114482300479487265e+01 2.236067977499789805e+00 1.216552506059643868e+01 2.983286778035259701e+01 2.906888370749726747e+01 2.418677324489564739e+01 3.471310991541956525e+01 3.546829570193639825e+01 2.844292530665578411e+01 1.104536101718726115e+01 2.720294101747088789e+01 2.780287754891568852e+01 2.408318915758459156e+01 3.059411708155671050e+01 1.431782106327635340e+01 2.247220505424423109e+01 2.983286778035259701e+01 1.334166406412633421e+01 1.972308292331602075e+01 1.897366596101027625e+01 1.442220510185595650e+01 7.280109889280518054e+00 2.280350850198275836e+01 0.000000000000000000e+00
