0.000000000000000000e+00 2.469817807045693669e+01 3.052867504494749440e+01 2.500000000000000000e+01 3.313608305156178346e+01 4.188078318274384770e+01 1.077032961426900748e+01 3.436568055487916240e+01 2.340939982143925135e+01 3.401470270338990076e+01 3.026549190084311292e+01 3.569313659514949677e+01 1.280624847486569706e+01 3.676955262170046979e+01 2.807133769523639799e+01 4.669047011971500893e+01 3.911521443121588959e+01 4.326661530556787483e+01 1.044030650891055068e+01 2.828427124746190291e+00 1.220655561573370207e+01 2.561249694973139412e+01 9.219544457292887074e+00 2.996664812754339380e+01 4.031128874149274566e+01 2.789265136196270589e+01 3.255764119219941222e+01 1.204159457879229578e+01
2.469817807045693669e+01 0.000000000000000000e+00 7.615773105863908654e+00 1.603121954188139853e+01 3.124099870362661591e+01 2.600000000000000000e+01 1.838477631085023489e+01 3.080584360149872580e+01 1.414213562373095145e+00 3.330165161069342616e+01 2.831960451701259274e+01 3.052867504494749440e+01 1.303840481040529831e+01 2.657066051117284644e+01 2.831960451701259274e+01 2.549509756796392423e+01 2.408318915758459156e+01 1.984943324127920761e+01 2.002498439450078749e+01 2.731300056749532601e+01 2.061552812808830382e+01 1.303840481040529831e+01 2.765863337187866122e+01 5.656854249492380582e+00 2.061552812808830382e+01 2.408318915758459156e+01 9.486832980505138124e+00 1.360147050873544394e+01
3.052867504494749440e+01 7.615773105863908654e+00 0.000000000000000000e+00 2.308679276123039159e+01 2.860069929215018192e+01 1.923538406167134340e+01 2.561249694973139412e+01 2.765863337187866122e+01 8.944271909999159220e+00 3.080584360149872580e+01 2.607680962081059661e+01 2.687005768508880621e+01 1.788854381999831844e+01 2.163330765278393741e+01 2.683281572999747766e+01 1.788854381999831844e+01 1.772004514666934938e+01 1.280624847486569706e+01 2.376972864800942631e+01 3.328663395418647752e+01 2.801785145224380003e+01 1.077032961426900748e+01 3.465544690232691494e+01 3.162277660168379523e+00 1.315294643796590535e+01 2.195449840010014952e+01 1.166190378969060149e+01 2.051828452868319275e+01
2.500000000000000000e+01 1.603121954188139853e+01 2.308679276123039159e+01 0.000000000000000000e+00 4.517742799230607176e+01 4.201190307520000999e+01 1.431782106327635340e+01 4.518849411078001310e+01 1.513274595042155646e+01 4.701063709417263681e+01 4.205948168962618183e+01 4.531004303683676682e+01 2.051828452868319275e+01 4.220189569201838253e+01 4.134005321718877468e+01 4.026164427839479032e+01 4.011234224026316042e+01 3.324154027718932269e+01 2.701851217221259205e+01 2.647640458974745314e+01 1.400000000000000000e+01 2.816025568065744622e+01 2.209072203437452231e+01 2.022374841615668473e+01 3.622154055254966920e+01 3.801315561749642313e+01 1.526433752247374720e+01 1.442220510185595650e+01
3.313608305156178346e+01 3.124099870362661591e+01 2.860069929215018192e+01 4.517742799230607176e+01 0.000000000000000000e+00 2.009975124224177989e+01 3.765634076752546378e+01 2.236067977499789805e+00 3.140063693621516450e+01 2.236067977499789805e+00 3.162277660168379523e+00 4.472135954999579610e+00 2.596150997149434048e+01 1.104536101718726115e+01 5.099019513592784492e+00 3.101612483854164637e+01 1.800000000000000000e+01 3.420526275297414287e+01 2.300000000000000000e+01 3.535533905932737753e+01 4.060788100849390503e+01 1.838477631085023489e+01 4.201190307520000999e+01 3.124099870362661591e+01 2.531797780234432693e+01 7.211102550927978250e+00 3.962322551231790158e+01 3.324154027718932269e+01
4.188078318274384770e+01 2.600000000000000000e+01 1.923538406167134340e+01 4.201190307520000999e+01 2.009975124224177989e+01 0.000000000000000000e+00 4.110960958218893069e+01 1.802775637731994607e+01 2.701851217221259205e+01 2.202271554554523902e+01 1.964688270438849926e+01 1.600000000000000000e+01 2.996664812754339380e+01 9.055385138137417300e+00 2.213594362117865444e+01 1.140175425099137918e+01 2.828427124746190291e+00 1.702938636592640265e+01 3.201562118716424266e+01 4.465422712353221613e+01 4.396589587396121601e+01 1.655294535724684835e+01 4.875448697299562184e+01 2.236067977499789805e+01 7.810249675906653977e+00 1.788854381999831844e+01 3.036445290137795183e+01 3.573513677041127323e+01
1.077032961426900748e+01 1.838477631085023489e+01 2.561249694973139412e+01 1.431782106327635340e+01 3.765634076752546378e+01 4.110960958218893069e+01 0.000000000000000000e+00 3.832753579347360073e+01 1.697056274847713908e+01 3.905124837953326988e+01 3.452535300326413648e+01 3.911521443121588959e+01 1.200000000000000000e+01 3.820994634908559817e+01 3.298484500494128469e+01 4.326661530556787483e+01 3.860051813123756403e+01 3.820994634908559817e+01 1.565247584249852864e+01 1.216552506059643868e+01 3.000000000000000000e+00 2.473863375370596174e+01 9.433981132056603158e+00 2.404163056034261459e+01 3.758989225842500304e+01 3.114482300479487265e+01 2.416609194718914466e+01 5.385164807134503739e+00
3.436568055487916240e+01 3.080584360149872580e+01 2.765863337187866122e+01 4.518849411078001310e+01 2.236067977499789805e+00 1.802775637731994607e+01 3.832753579347360073e+01 0.000000000000000000e+00 3.106444913401813324e+01 4.000000000000000000e+00 4.123105625617660586e+00 2.236067977499789805e+00 2.647640458974745314e+01 9.000000000000000000e+00 6.708203932499369415e+00 2.906888370749726747e+01 1.603121954188139853e+01 3.257299494980465937e+01 2.408318915758459156e+01 3.667424164178449786e+01 4.130375285612676350e+01 1.780449381476485726e+01 4.310452412450461424e+01 3.041381265149109936e+01 2.353720459187963954e+01 7.280109889280518054e+00 3.889730067755344578e+01 3.373425558686599857e+01
2.340939982143925135e+01 1.414213562373095145e+00 8.944271909999159220e+00 1.513274595042155646e+01 3.140063693621516450e+01 2.701851217221259205e+01 1.697056274847713908e+01 3.106444913401813324e+01 0.000000000000000000e+00 3.342154993413680586e+01 2.842534080710379030e+01 3.088689042296100240e+01 1.200000000000000000e+01 2.720294101747088789e+01 2.828427124746190202e+01 2.683281572999747766e+01 2.501999200639360765e+01 2.126029162546929996e+01 1.910497317454279909e+01 2.600000000000000000e+01 1.920937271229854559e+01 1.341640786499873883e+01 2.624880949681337583e+01 7.071067811865475505e+00 2.184032966784155505e+01 2.420743687382040932e+01 1.019803902718556898e+01 1.220655561573370207e+01
3.401470270338990076e+01 3.330165161069342616e+01 3.080584360149872580e+01 4.701063709417263681e+01 2.236067977499789805e+00 2.202271554554523902e+01 3.905124837953326988e+01 4.000000000000000000e+00 3.342154993413680586e+01 0.000000000000000000e+00 5.000000000000000000e+00 6.082762530298219339e+00 2.751363298439520833e+01 1.300000000000000000e+01 6.082762530298219339e+00 3.306055050963308162e+01 2.002498439450078749e+01 3.640054944640259293e+01 2.408318915758459156e+01 3.612478373637688378e+01 4.197618372363071160e+01 2.051828452868319275e+01 4.301162633521313694e+01 3.342154993413680586e+01 2.745906043549196340e+01 9.219544457292887074e+00 4.177319714841084419e+01 3.478505426185217431e+01
3.026549190084311292e+01 2.831960451701259274e+01 2.607680962081059661e+01 4.205948168962618183e+01 3.162277660168379523e+00 1.964688270438849926e+01 3.452535300326413648e+01 4.123105625617660586e+00 2.842534080710379030e+01 5.000000000000000000e+00 0.000000000000000000e+00 5.830951894845300743e+00 2.280350850198275836e+01 1.077032961426900748e+01 2.828427124746190291e+00 3.006659275674581622e+01 1.726267650163206824e+01 3.255764119219941222e+01 2.002498439450078749e+01 3.255764119219941222e+01 3.748332962798262713e+01 1.562049935181330795e+01 3.905124837953326988e+01 2.860069929215018192e+01 2.402082429892862692e+01 4.242640687119284770e+00 3.687817782917154830e+01 3.008321791298264714e+01
3.569313659514949677e+01 3.052867504494749440e+01 2.687005768508880621e+01 4.531004303683676682e+01 4.472135954999579610e+00 1.600000000000000000e+01 3.911521443121588959e+01 2.236067977499789805e+00 3.088689042296100240e+01 6.082762530298219339e+00 5.830951894845300743e+00 0.000000000000000000e+00 2.716615541441224835e+01 7.071067811865475505e+00 8.602325267042626677e+00 2.716615541441224835e+01 1.414213562373095101e+01 3.101612483854164637e+01 2.531797780234432693e+01 3.807886552931954327e+01 4.210700654285459876e+01 1.749285568453590045e+01 4.428317965096906050e+01 2.973213749463701205e+01 2.184032966784155505e+01 8.000000000000000000e+00 3.828837943815329226e+01 3.436568055487916240e+01
1.280624847486569706e+01 1.303840481040529831e+01 1.788854381999831844e+01 2.051828452868319275e+01 2.596150997149434048e+01 2.996664812754339380e+01 1.200000000000000000e+01 2.647640458974745314e+01 1.200000000000000000e+01 2.751363298439520833e+01 2.280350850198275836e+01 2.716615541441224835e+01 0.000000000000000000e+00 2.630589287593181069e+01 2.154065922853801496e+01 3.394112549695427816e+01 2.731300056749532601e+01 3.052867504494749440e+01 7.280109889280518054e+00 1.562049935181330795e+01 1.500000000000000000e+01 1.341640786499873883e+01 1.878829422805593552e+01 1.772004514666934938e+01 2.765863337187866122e+01 1.923538406167134340e+01 2.209072203437452231e+01 7.280109889280518054e+00
3.676955262170046979e+01 2.657066051117284644e+01 2.163330765278393741e+01 4.220189569201838253e+01 1.104536101718726115e+01 9.055385138137417300e+00 3.820994634908559817e+01 9.000000000000000000e+00 2.720294101747088789e+01 1.300000000000000000e+01 1.077032961426900748e+01 7.071067811865475505e+00 2.630589287593181069e+01 0.000000000000000000e+00 1.341640786499873883e+01 2.009975124224177989e+01 7.071067811865475505e+00 2.416609194718914466e+01 2.640075756488817049e+01 3.939543120718441571e+01 4.119465984809195902e+01 1.414213562373095101e+01 4.464302857109942835e+01 2.469817807045693669e+01 1.486606874731850603e+01 9.899494936611665352e+00 3.328663395418647752e+01 3.306055050963308162e+01
2.807133769523639799e+01 2.831960451701259274e+01 2.683281572999747766e+01 4.134005321718877468e+01 5.099019513592784492e+00 2.213594362117865444e+01 3.298484500494128469e+01 6.708203932499369415e+00 2.828427124746190202e+01 6.082762530298219339e+00 2.828427124746190291e+00 8.602325267042626677e+00 2.154065922853801496e+01 1.341640786499873883e+01 0.000000000000000000e+00 3.224903099319419653e+01 1.964688270438849926e+01 3.423448553724738019e+01 1.802775637731994607e+01 3.026549190084311292e+01 3.590264614203248072e+01 1.612451549659709826e+01 3.700000000000000000e+01 2.915475947422650194e+01 2.601922366251537611e+01 5.099019513592784492e+00 3.720215047547655018e+01 2.879236009777593708e+01
4.669047011971500893e+01 2.549509756796392423e+01 1.788854381999831844e+01 4.026164427839479032e+01 3.101612483854164637e+01 1.140175425099137918e+01 4.326661530556787483e+01 2.906888370749726747e+01 2.683281572999747766e+01 3.306055050963308162e+01 3.006659275674581622e+01 2.716615541441224835e+01 3.394112549695427816e+01 2.009975124224177989e+01 3.224903099319419653e+01 0.000000000000000000e+00 1.303840481040529831e+01 8.246211251235321171e+00 3.801315561749642313e+01 4.951767361255978983e+01 4.579301256742124338e+01 2.163330765278393741e+01 5.200961449578337437e+01 2.024845673131658685e+01 6.708203932499369415e+00 2.745906043549196340e+01 2.607680962081059661e+01 3.801315561749642313e+01
3.911521443121588959e+01 2.408318915758459156e+01 1.772004514666934938e+01 4.011234224026316042e+01 1.800000000000000000e+01 2.828427124746190291e+00 3.860051813123756403e+01 1.603121954188139853e+01 2.501999200639360765e+01 2.002498439450078749e+01 1.726267650163206824e+01 1.414213562373095101e+01 2.731300056749532601e+01 7.071067811865475505e+00 1.964688270438849926e+01 1.303840481040529831e+01 0.000000000000000000e+00 1.749285568453590045e+01 2.920616373302046753e+01 4.188078318274384770e+01 4.148493702538308270e+01 1.392838827718411920e+01 4.609772228646443892e+01 2.088061301782110135e+01 8.062257748298549132e+00 1.523154621172781731e+01 2.915475947422650194e+01 3.324154027718932269e+01
4.326661530556787483e+01 1.984943324127920761e+01 1.280624847486569706e+01 3.324154027718932269e+01 3.420526275297414287e+01 1.702938636592640265e+01 3.820994634908559817e+01 3.257299494980465937e+01 2.126029162546929996e+01 3.640054944640259293e+01 3.255764119219941222e+01 3.101612483854164637e+01 3.052867504494749440e+01 2.416609194718914466e+01 3.423448553724738019e+01 8.246211251235321171e+00 1.749285568453590045e+01 0.000000000000000000e+00 3.584689665786984136e+01 4.604345773288535071e+01 4.045985664828781836e+01 2.039607805437113797e+01 4.738143096192853676e+01 1.421267040355189515e+01 9.433981132056603158e+00 2.915475947422650194e+01 1.843908891458577415e+01 3.324154027718932269e+01
1.044030650891055068e+01 2.002498439450078749e+01 2.376972864800942631e+01 2.701851217221259205e+01 2.300000000000000000e+01 3.201562118716424266e+01 1.565247584249852864e+01 2.408318915758459156e+01 1.910497317454279909e+01 2.408318915758459156e+01 2.002498439450078749e+01 2.531797780234432693e+01 7.280109889280518054e+00 2.640075756488817049e+01 1.802775637731994607e+01 3.801315561749642313e+01 2.920616373302046753e+01 3.584689665786984136e+01 0.000000000000000000e+00 1.300000000000000000e+01 1.838477631085023489e+01 1.640121946685672683e+01 1.902629759044044633e+01 2.418677324489564739e+01 3.140063693621516450e+01 1.746424919657297892e+01 2.927456233660889495e+01 1.272792206135785520e+01
2.828427124746190291e+00 2.731300056749532601e+01 3.328663395418647752e+01 2.647640458974745314e+01 3.535533905932737753e+01 4.465422712353221613e+01 1.216552506059643868e+01 3.667424164178449786e+01 2.600000000000000000e+01 3.612478373637688378e+01 3.255764119219941222e+01 3.807886552931954327e+01 1.562049935181330795e+01 3.939543120718441571e+01 3.026549190084311292e+01 4.951767361255978983e+01 4.188078318274384770e+01 4.604345773288535071e+01 1.300000000000000000e+01 0.000000000000000000e+00 1.300000000000000000e+01 2.842534080710379030e+01 8.062257748298549132e+00 3.264965543462901820e+01 4.313930922024598402e+01 3.036445290137795183e+01 3.492849839314595783e+01 1.431782106327635340e+01
1.220655561573370207e+01 2.061552812808830382e+01 2.801785145224380003e+01 1.400000000000000000e+01 4.060788100849390503e+01 4.396589587396121601e+01 3.000000000000000000e+00 4.130375285612676350e+01 1.920937271229854559e+01 4.197618372363071160e+01 3.748332962798262713e+01 4.210700654285459876e+01 1.500000000000000000e+01 4.119465984809195902e+01 3.590264614203248072e+01 4.579301256742124338e+01 4.148493702538308270e+01 4.045985664828781836e+01 1.838477631085023489e+01 1.300000000000000000e+01 0.000000000000000000e+00 2.765863337187866122e+01 8.246211251235321171e+00 2.624880949681337583e+01 4.024922359499621649e+01 3.413209633175202384e+01 2.555386467836127551e+01 8.246211251235321171e+00
2.561249694973139412e+01 1.303840481040529831e+01 1.077032961426900748e+01 2.816025568065744622e+01 1.838477631085023489e+01 1.655294535724684835e+01 2.473863375370596174e+01 1.780449381476485726e+01 1.341640786499873883e+01 2.051828452868319275e+01 1.562049935181330795e+01 1.749285568453590045e+01 1.341640786499873883e+01 1.414213562373095101e+01 1.612451549659709826e+01 2.163330765278393741e+01 1.392838827718411920e+01 2.039607805437113797e+01 1.640121946685672683e+01 2.842534080710379030e+01 2.765863337187866122e+01 0.000000000000000000e+00 3.220248437620923454e+01 1.303840481040529831e+01 1.500000000000000000e+01 1.140175425099137918e+01 2.126029162546929996e+01 1.941648783894759944e+01
9.219544457292887074e+00 2.765863337187866122e+01 3.465544690232691494e+01 2.209072203437452231e+01 4.201190307520000999e+01 4.875448697299562184e+01 9.433981132056603158e+00 4.310452412450461424e+01 2.624880949681337583e+01 4.301162633521313694e+01 3.905124837953326988e+01 4.428317965096906050e+01 1.878829422805593552e+01 4.464302857109942835e+01 3.700000000000000000e+01 5.200961449578337437e+01 4.609772228646443892e+01 4.738143096192853676e+01 1.902629759044044633e+01 8.062257748298549132e+00 8.246211251235321171e+00 3.220248437620923454e+01 0.000000000000000000e+00 3.330165161069342616e+01 4.604345773288535071e+01 3.634556369077249371e+01 3.354101966249684352e+01 1.414213562373095101e+01
2.996664812754339380e+01 5.656854249492380582e+00 3.162277660168379523e+00 2.022374841615668473e+01 3.124099870362661591e+01 2.236067977499789805e+01 2.404163056034261459e+01 3.041381265149109936e+01 7.071067811865475505e+00 3.342154993413680586e+01 2.860069929215018192e+01 2.973213749463701205e+01 1.772004514666934938e+01 2.469817807045693669e+01 2.915475947422650194e+01 2.024845673131658685e+01 2.088061301782110135e+01 1.421267040355189515e+01 2.418677324489564739e+01 3.264965543462901820e+01 2.624880949681337583e+01 1.303840481040529831e+01 3.330165161069342616e+01 0.000000000000000000e+00 1.603121954188139853e+01 2.441311123146740414e+01 8.602325267042626677e+00 1.920937271229854559e+01
4.031128874149274566e+01 2.061552812808830382e+01 1.315294643796590535e+01 3.622154055254966920e+01 2.531797780234432693e+01 7.810249675906653977e+00 3.758989225842500304e+01 2.353720459187963954e+01 2.184032966784155505e+01 2.745906043549196340e+01 2.402082429892862692e+01 2.184032966784155505e+01 2.765863337187866122e+01 1.486606874731850603e+01 2.601922366251537611e+01 6.708203932499369415e+00 8.062257748298549132e+00 9.433981132056603158e+00 3.140063693621516450e+01 4.313930922024598402e+01 4.024922359499621649e+01 1.500000000000000000e+01 4.604345773288535071e+01 1.603121954188139853e+01 0.000000000000000000e+00 2.109502310972898798e+01 2.334523505985750447e+01 3.224903099319419653e+01
2.789265136196270589e+01 2.408318915758459156e+01 2.195449840010014952e+01 3.801315561749642313e+01 7.211102550927978250e+00 1.788854381999831844e+01 3.114482300479487265e+01 7.280109889280518054e+00 2.420743687382040932e+01 9.219544457292887074e+00 4.242640687119284770e+00 8.000000000000000000e+00 1.923538406167134340e+01 9.899494936611665352e+00 5.099019513592784492e+00 2.745906043549196340e+01 1.523154621172781731e+01 2.915475947422650194e+01 1.746424919657297892e+01 3.036445290137795183e+01 3.413209633175202384e+01 1.140175425099137918e+01 3.634556369077249371e+01 2.441311123146740414e+01 2.109502310972898798e+01 0.000000000000000000e+00 3.264965543462901820e+01 2.647640458974745314e+01
3.255764119219941222e+01 9.486832980505138124e+00 1.166190378969060149e+01 1.526433752247374720e+01 3.962322551231790158e+01 3.036445290137795183e+01 2.416609194718914466e+01 3.889730067755344578e+01 1.019803902718556898e+01 4.177319714841084419e+01 3.687817782917154830e+01 3.828837943815329226e+01 2.209072203437452231e+01 3.328663395418647752e+01 3.720215047547655018e+01 2.607680962081059661e+01 2.915475947422650194e+01 1.843908891458577415e+01 2.927456233660889495e+01 3.492849839314595783e+01 2.555386467836127551e+01 2.126029162546929996e+01 3.354101966249684352e+01 8.602325267042626677e+00 2.334523505985750447e+01 3.264965543462901820e+01 0.000000000000000000e+00 2.061552812808830382e+01
1.204159457879229578e+01 1.360147050873544394e+01 2.051828452868319275e+01 1.442220510185595650e+01 3.324154027718932269e+01 3.573513677041127323e+01 5.385164807134503739e+00 3.373425558686599857e+01 1.220655561573370207e+01 3.478505426185217431e+01 3.008321791298264714e+01 3.436568055487916240e+01 7.280109889280518054e+00 3.306055050963308162e+01 2.879236009777593708e+01 3.801315561749642313e+01 3.324154027718932269e+01 3.324154027718932269e+01 1.272792206135785520e+01 1.431782106327635340e+01 8.246211251235321171e+00 1.941648783894759944e+01 1.414213562373095101e+01 1.920937271229854559e+01 3.224903099319419653e+01 2.647640458974745314e+01 2.061552812808830382e+01 0.000000000000000000e+00
