0.000000000000000000e+00 2.500000000000000000e+01 4.548626166217663780e+01 2.523885892824792521e+01 3.701351104664349378e+01 3.981205847478876336e+01 3.006659275674581622e+01 4.244997055358224713e+01 1.860107523773827509e+01 3.200000000000000000e+01 3.067572330035593353e+01 3.201562118716424266e+01 2.408318915758459156e+01 1.389244398944980396e+01 2.332380757938120297e+01 1.044030650891055068e+01 1.802775637731994607e+01 1.414213562373095101e+01 2.668332812825266842e+01 3.041381265149109936e+01
2.500000000000000000e+01 0.000000000000000000e+00 2.353720459187963954e+01 8.485281374238569541e+00 2.906888370749726747e+01 2.121320343559642652e+01 1.640121946685672683e+01 1.835755975068581947e+01 6.403124237432848531e+00 2.624880949681337583e+01 1.720465053408525335e+01 7.071067811865475505e+00 5.000000000000000000e+00 1.131370849898476116e+01 3.000000000000000000e+00 1.772004514666934938e+01 1.414213562373095101e+01 1.431782106327635340e+01 1.081665382639196871e+01 1.341640786499873883e+01
4.548626166217663780e+01 2.353720459187963954e+01 0.000000000000000000e+00 2.024845673131658685e+01 2.402082429892862692e+01 8.246211251235321171e+00 3.634556369077249371e+01 8.062257748298549132e+00 2.879236009777593708e+01 2.570992026436488231e+01 1.749285568453590045e+01 1.800000000000000000e+01 2.193171219946130890e+01 3.361547262794321966e+01 2.647640458974745314e+01 3.560898762952971452e+01 3.765634076752546378e+01 3.764306044943742080e+01 3.201562118716424266e+01 1.555634918610404505e+01
2.523885892824792521e+01 8.485281374238569541e+00 2.024845673131658685e+01 0.000000000000000000e+00 2.061552812808830382e+01 1.529705854077835525e+01 2.483948469674844262e+01 1.802775637731994607e+01 1.004987562112088995e+01 1.780449381476485726e+01 8.944271909999159220e+00 1.104536101718726115e+01 3.605551275463989125e+00 1.414213562373095101e+01 1.081665382639196871e+01 1.555634918610404505e+01 2.039607805437113797e+01 1.900000000000000000e+01 1.920937271229854559e+01 6.000000000000000000e+00
3.701351104664349378e+01 2.906888370749726747e+01 2.402082429892862692e+01 2.061552812808830382e+01 0.000000000000000000e+00 1.603121954188139853e+01 4.545327270945404763e+01 2.863564212655270680e+01 2.952964612046680060e+01 5.099019513592784492e+00 1.204159457879229578e+01 2.941088233970548416e+01 2.420743687382040932e+01 3.195309061734091571e+01 3.140063693621516450e+01 2.707397274136176790e+01 3.981205847478876336e+01 3.733630940518894192e+01 3.982461550347975532e+01 1.640121946685672683e+01
3.981205847478876336e+01 2.121320343559642652e+01 8.246211251235321171e+00 1.529705854077835525e+01 1.603121954188139853e+01 0.000000000000000000e+00 3.640054944640259293e+01 1.300000000000000000e+01 2.507987240796890660e+01 1.746424919657297892e+01 9.899494936611665352e+00 1.788854381999831844e+01 1.802775637731994607e+01 2.942787793912432193e+01 2.418677324489564739e+01 2.952964612046680060e+01 3.501428280002319582e+01 3.413209633175202384e+01 3.132091952673165025e+01 9.486832980505138124e+00
3.006659275674581622e+01 1.640121946685672683e+01 3.634556369077249371e+01 2.483948469674844262e+01 4.545327270945404763e+01 3.640054944640259293e+01 0.000000000000000000e+00 2.901723625709381693e+01 1.749285568453590045e+01 4.242640687119285303e+01 3.360059523282288296e+01 1.868154169226940553e+01 2.126029162546929996e+01 1.868154169226940553e+01 1.414213562373095101e+01 2.816025568065744622e+01 1.204159457879229578e+01 1.600000000000000000e+01 5.656854249492380582e+00 2.968164415931165934e+01
4.244997055358224713e+01 1.835755975068581947e+01 8.062257748298549132e+00 1.802775637731994607e+01 2.863564212655270680e+01 1.300000000000000000e+01 2.901723625709381693e+01 0.000000000000000000e+00 2.441311123146740414e+01 2.901723625709381693e+01 1.910497317454279909e+01 1.170469991071962568e+01 1.838477631085023489e+01 2.941088233970548416e+01 2.102379604162863913e+01 3.342154993413680586e+01 3.195309061734091571e+01 3.264965543462901820e+01 2.517935662402834396e+01 1.552417469626002422e+01
1.860107523773827509e+01 6.403124237432848531e+00 2.879236009777593708e+01 1.004987562112088995e+01 2.952964612046680060e+01 2.507987240796890660e+01 1.749285568453590045e+01 2.441311123146740414e+01 0.000000000000000000e+00 2.580697580112788003e+01 1.868154169226940553e+01 1.345362404707370985e+01 7.071067811865475505e+00 5.000000000000000000e+00 5.099019513592784492e+00 1.204159457879229578e+01 1.044030650891055068e+01 9.055385138137417300e+00 1.208304597359457233e+01 1.603121954188139853e+01
3.200000000000000000e+01 2.624880949681337583e+01 2.570992026436488231e+01 1.780449381476485726e+01 5.099019513592784492e+00 1.746424919657297892e+01 4.242640687119285303e+01 2.901723625709381693e+01 2.580697580112788003e+01 0.000000000000000000e+00 1.044030650891055068e+01 2.773084924772409465e+01 2.126029162546929996e+01 2.773084924772409465e+01 2.828427124746190202e+01 2.220360331117451835e+01 3.584689665786984136e+01 3.310589071449369669e+01 3.676955262170046979e+01 1.486606874731850603e+01
3.067572330035593353e+01 1.720465053408525335e+01 1.749285568453590045e+01 8.944271909999159220e+00 1.204159457879229578e+01 9.899494936611665352e+00 3.360059523282288296e+01 1.910497317454279909e+01 1.868154169226940553e+01 1.044030650891055068e+01 0.000000000000000000e+00 1.749285568453590045e+01 1.252996408614166768e+01 2.209072203437452231e+01 1.972308292331602075e+01 2.024845673131658685e+01 2.912043955712207222e+01 2.729468812791236232e+01 2.801785145224380003e+01 4.472135954999579610e+00
3.201562118716424266e+01 7.071067811865475505e+00 1.800000000000000000e+01 1.104536101718726115e+01 2.941088233970548416e+01 1.788854381999831844e+01 1.868154169226940553e+01 1.170469991071962568e+01 1.345362404707370985e+01 2.773084924772409465e+01 1.749285568453590045e+01 0.000000000000000000e+00 9.219544457292887074e+00 1.838477631085023489e+01 9.433981132056603158e+00 2.416609194718914466e+01 2.024845673131658685e+01 2.109502310972898798e+01 1.403566884761819900e+01 1.303840481040529831e+01
2.408318915758459156e+01 5.000000000000000000e+00 2.193171219946130890e+01 3.605551275463989125e+00 2.420743687382040932e+01 1.802775637731994607e+01 2.126029162546929996e+01 1.838477631085023489e+01 7.071067811865475505e+00 2.126029162546929996e+01 1.252996408614166768e+01 9.219544457292887074e+00 0.000000000000000000e+00 1.170469991071962568e+01 7.211102550927978250e+00 1.526433752247374720e+01 1.711724276862369010e+01 1.612451549659709826e+01 1.562049935181330795e+01 9.219544457292887074e+00
1.389244398944980396e+01 1.131370849898476116e+01 3.361547262794321966e+01 1.414213562373095101e+01 3.195309061734091571e+01 2.942787793912432193e+01 1.868154169226940553e+01 2.941088233970548416e+01 5.000000000000000000e+00 2.773084924772409465e+01 2.209072203437452231e+01 1.838477631085023489e+01 1.170469991071962568e+01 0.000000000000000000e+00 9.433981132056603158e+00 9.486832980505138124e+00 8.485281374238569541e+00 5.385164807134503739e+00 1.403566884761819900e+01 2.009975124224177989e+01
2.332380757938120297e+01 3.000000000000000000e+00 2.647640458974745314e+01 1.081665382639196871e+01 3.140063693621516450e+01 2.418677324489564739e+01 1.414213562373095101e+01 2.102379604162863913e+01 5.099019513592784492e+00 2.828427124746190202e+01 1.972308292331602075e+01 9.433981132056603158e+00 7.211102550927978250e+00 9.433981132056603158e+00 0.000000000000000000e+00 1.711724276862369010e+01 1.118033988749894903e+01 1.166190378969060149e+01 8.485281374238569541e+00 1.615549442140351033e+01
1.044030650891055068e+01 1.772004514666934938e+01 3.560898762952971452e+01 1.555634918610404505e+01 2.707397274136176790e+01 2.952964612046680060e+01 2.816025568065744622e+01 3.342154993413680586e+01 1.204159457879229578e+01 2.220360331117451835e+01 2.024845673131658685e+01 2.416609194718914466e+01 1.526433752247374720e+01 9.486832980505138124e+00 1.711724276862369010e+01 0.000000000000000000e+00 1.749285568453590045e+01 1.360147050873544394e+01 2.334523505985750447e+01 2.024845673131658685e+01
1.802775637731994607e+01 1.414213562373095101e+01 3.765634076752546378e+01 2.039607805437113797e+01 3.981205847478876336e+01 3.501428280002319582e+01 1.204159457879229578e+01 3.195309061734091571e+01 1.044030650891055068e+01 3.584689665786984136e+01 2.912043955712207222e+01 2.024845673131658685e+01 1.711724276862369010e+01 8.485281374238569541e+00 1.118033988749894903e+01 1.749285568453590045e+01 0.000000000000000000e+00 4.123105625617660586e+00 9.433981132056603158e+00 2.630589287593181069e+01
1.414213562373095101e+01 1.431782106327635340e+01 3.764306044943742080e+01 1.900000000000000000e+01 3.733630940518894192e+01 3.413209633175202384e+01 1.600000000000000000e+01 3.264965543462901820e+01 9.055385138137417300e+00 3.310589071449369669e+01 2.729468812791236232e+01 2.109502310972898798e+01 1.612451549659709826e+01 5.385164807134503739e+00 1.166190378969060149e+01 1.360147050873544394e+01 4.123105625617660586e+00 0.000000000000000000e+00 1.264911064067351809e+01 2.500000000000000000e+01
2.668332812825266842e+01 1.081665382639196871e+01 3.201562118716424266e+01 1.920937271229854559e+01 3.982461550347975532e+01 3.132091952673165025e+01 5.656854249492380582e+00 2.517935662402834396e+01 1.208304597359457233e+01 3.676955262170046979e+01 2.801785145224380003e+01 1.403566884761819900e+01 1.562049935181330795e+01 1.403566884761819900e+01 8.485281374238569541e+00 2.334523505985750447e+01 9.433981132056603158e+00 1.264911064067351809e+01 0.000000000000000000e+00 2.418677324489564739e+01
3.041381265149109936e+01 1.341640786499873883e+01 1.555634918610404505e+01 6.000000000000000000e+00 1.640121946685672683e+01 9.486832980505138124e+00 2.968164415931165934e+01 1.552417469626002422e+01 1.603121954188139853e+01 1.486606874731850603e+01 4.472135954999579610e+00 1.303840481040529831e+01 9.219544457292887074e+00 2.009975124224177989e+01 1.615549442140351033e+01 2.024845673131658685e+01 2.630589287593181069e+01 2.500000000000000000e+01 2.418677324489564739e+01 0.000000000000000000e+00
