0.000000000000000000e+00 2.154065922853801496e+01 3.905124837953326988e+01 3.041381265149109936e+01 2.745906043549196340e+01 2.404163056034261459e+01 3.671511950137163893e+01 1.118033988749894903e+01 4.080441152620633005e+01 1.964688270438849926e+01 1.315294643796590535e+01 1.236931687685298087e+01 1.555634918610404505e+01 2.952964612046680060e+01 1.811077027627483460e+01 3.605551275463989214e+01 2.842534080710379030e+01 8.602325267042626677e+00 3.818376618407356915e+01 2.236067977499789805e+01 3.046309242345563462e+01 1.772004514666934938e+01 1.334166406412633421e+01 3.605551275463989125e+00 1.702938636592640265e+01
2.154065922853801496e+01 0.000000000000000000e+00 1.972308292331602075e+01 2.662705391138869615e+01 7.615773105863908654e+00 9.486832980505138124e+00 1.562049935181330795e+01 1.513274595042155646e+01 2.531797780234432693e+01 1.860107523773827509e+01 1.220655561573370207e+01 9.433981132056603158e+00 9.486832980505138124e+00 8.485281374238569541e+00 6.324555320336759046e+00 2.200000000000000000e+01 1.414213562373095101e+01 1.503329637837290811e+01 2.024845673131658685e+01 1.216552506059643868e+01 8.944271909999159220e+00 1.334166406412633421e+01 1.772004514666934938e+01 1.972308292331602075e+01 7.615773105863908654e+00
3.905124837953326988e+01 1.972308292331602075e+01 0.000000000000000000e+00 2.549509756796392423e+01 2.022374841615668473e+01 1.526433752247374720e+01 7.280109889280518054e+00 2.915475947422650194e+01 1.000000000000000000e+01 2.570992026436488231e+01 3.190611226708763226e+01 2.842534080710379030e+01 2.360084744241189370e+01 1.170469991071962568e+01 2.594224354214569317e+01 1.118033988749894903e+01 1.236931687685298087e+01 3.080584360149872580e+01 3.605551275463989125e+00 3.008321791298264714e+01 1.315294643796590535e+01 3.269556544854363267e+01 2.954657340538831534e+01 3.818376618407356915e+01 2.202271554554523902e+01
3.041381265149109936e+01 2.662705391138869615e+01 2.549509756796392423e+01 0.000000000000000000e+00 3.330165161069342616e+01 1.769180601295413169e+01 2.954657340538831534e+01 2.000000000000000000e+01 1.923538406167134340e+01 1.100000000000000000e+01 3.298484500494128469e+01 2.789265136196270589e+01 1.992485884517127559e+01 2.640075756488817049e+01 3.087069808086626210e+01 1.500000000000000000e+01 1.526433752247374720e+01 2.300000000000000000e+01 2.220360331117451835e+01 3.801315561749642313e+01 2.920616373302046753e+01 3.700000000000000000e+01 1.711724276862369010e+01 3.206243908376279705e+01 2.061552812808830382e+01
2.745906043549196340e+01 7.615773105863908654e+00 2.022374841615668473e+01 3.330165161069342616e+01 0.000000000000000000e+00 1.562049935181330795e+01 1.392838827718411920e+01 2.256102834535695578e+01 2.816025568065744622e+01 2.607680962081059661e+01 1.565247584249852864e+01 1.513274595042155646e+01 1.708800749063506075e+01 9.055385138137417300e+00 9.486832980505138124e+00 2.596150997149434048e+01 1.923538406167134340e+01 2.209072203437452231e+01 2.200000000000000000e+01 1.029563014098700080e+01 7.071067811865475505e+00 1.414213562373095101e+01 2.529822128134703618e+01 2.500000000000000000e+01 1.523154621172781731e+01
2.404163056034261459e+01 9.486832980505138124e+00 1.526433752247374720e+01 1.769180601295413169e+01 1.562049935181330795e+01 0.000000000000000000e+00 1.503329637837290811e+01 1.389244398944980396e+01 1.746424919657297892e+01 1.216552506059643868e+01 1.941648783894759944e+01 1.486606874731850603e+01 8.485281374238569541e+00 9.486832980505138124e+00 1.503329637837290811e+01 1.334166406412633421e+01 5.099019513592784492e+00 1.562049935181330795e+01 1.414213562373095101e+01 2.158703314492290204e+01 1.208304597359457233e+01 2.200000000000000000e+01 1.456021977856103611e+01 2.360084744241189370e+01 7.211102550927978250e+00
3.671511950137163893e+01 1.562049935181330795e+01 7.280109889280518054e+00 2.954657340538831534e+01 1.392838827718411920e+01 1.503329637837290811e+01 0.000000000000000000e+00 2.816025568065744622e+01 1.700000000000000000e+01 2.701851217221259205e+01 2.758622844826744469e+01 2.500000000000000000e+01 2.213594362117865444e+01 7.211102550927978250e+00 2.126029162546929996e+01 1.697056274847713908e+01 1.456021977856103611e+01 2.915475947422650194e+01 1.029563014098700080e+01 2.416609194718914466e+01 7.211102550927978250e+00 2.745906043549196340e+01 2.942787793912432193e+01 3.522782990761707111e+01 2.024845673131658685e+01
1.118033988749894903e+01 1.513274595042155646e+01 2.915475947422650194e+01 2.000000000000000000e+01 2.256102834535695578e+01 1.389244398944980396e+01 2.816025568065744622e+01 0.000000000000000000e+00 2.983286778035259701e+01 9.000000000000000000e+00 1.442220510185595650e+01 9.899494936611665352e+00 6.082762530298219339e+00 2.137755832643194864e+01 1.526433752247374720e+01 2.500000000000000000e+01 1.769180601295413169e+01 3.000000000000000000e+00 2.780287754891568852e+01 2.202271554554523902e+01 2.308679276123039159e+01 1.920937271229854559e+01 3.605551275463989125e+00 1.216552506059643868e+01 8.062257748298549132e+00
4.080441152620633005e+01 2.531797780234432693e+01 1.000000000000000000e+01 1.923538406167134340e+01 2.816025568065744622e+01 1.746424919657297892e+01 1.700000000000000000e+01 2.983286778035259701e+01 0.000000000000000000e+00 2.360084744241189370e+01 3.668787265568828104e+01 3.231098884280702066e+01 2.555386467836127551e+01 1.910497317454279909e+01 3.157530680769388809e+01 5.000000000000000000e+00 1.252996408614166768e+01 3.220248437620923454e+01 6.708203932499369415e+00 3.705401462729781059e+01 2.137755832643194864e+01 3.863935817272331263e+01 2.900000000000000000e+01 4.081666326391709987e+01 2.459674775249768786e+01
1.964688270438849926e+01 1.860107523773827509e+01 2.570992026436488231e+01 1.100000000000000000e+01 2.607680962081059661e+01 1.216552506059643868e+01 2.701851217221259205e+01 9.000000000000000000e+00 2.360084744241189370e+01 0.000000000000000000e+00 2.247220505424423109e+01 1.746424919657297892e+01 1.000000000000000000e+01 2.158703314492290204e+01 2.140093455903269515e+01 1.860107523773827509e+01 1.334166406412633421e+01 1.200000000000000000e+01 2.340939982143925135e+01 2.860069929215018192e+01 2.404163056034261459e+01 2.683281572999747766e+01 6.324555320336759046e+00 2.109502310972898798e+01 1.131370849898476116e+01
1.315294643796590535e+01 1.220655561573370207e+01 3.190611226708763226e+01 3.298484500494128469e+01 1.565247584249852864e+01 1.941648783894759944e+01 2.758622844826744469e+01 1.442220510185595650e+01 3.668787265568828104e+01 2.247220505424423109e+01 0.000000000000000000e+00 5.099019513592784492e+00 1.315294643796590535e+01 2.061552812808830382e+01 6.403124237432848531e+00 3.275667870831839679e+01 2.451530134426252516e+01 1.204159457879229578e+01 3.220248437620923454e+01 9.219544457292887074e+00 2.051828452868319275e+01 5.000000000000000000e+00 1.802775637731994607e+01 1.000000000000000000e+01 1.300000000000000000e+01
1.236931687685298087e+01 9.433981132056603158e+00 2.842534080710379030e+01 2.789265136196270589e+01 1.513274595042155646e+01 1.486606874731850603e+01 2.500000000000000000e+01 9.899494936611665352e+00 3.231098884280702066e+01 1.746424919657297892e+01 5.099019513592784492e+00 0.000000000000000000e+00 8.062257748298549132e+00 1.780449381476485726e+01 6.082762530298219339e+00 2.816025568065744622e+01 1.992485884517127559e+01 8.062257748298549132e+00 2.830194339616981125e+01 1.220655561573370207e+01 1.835755975068581947e+01 9.433981132056603158e+00 1.345362404707370985e+01 1.029563014098700080e+01 8.062257748298549132e+00
1.555634918610404505e+01 9.486832980505138124e+00 2.360084744241189370e+01 1.992485884517127559e+01 1.708800749063506075e+01 8.485281374238569541e+00 2.213594362117865444e+01 6.082762530298219339e+00 2.555386467836127551e+01 1.000000000000000000e+01 1.315294643796590535e+01 8.062257748298549132e+00 0.000000000000000000e+00 1.529705854077835525e+01 1.140175425099137918e+01 2.102379604162863913e+01 1.303840481040529831e+01 7.211102550927978250e+00 2.262741699796952233e+01 1.860107523773827509e+01 1.702938636592640265e+01 1.708800749063506075e+01 8.246211251235321171e+00 1.526433752247374720e+01 2.000000000000000000e+00
2.952964612046680060e+01 8.485281374238569541e+00 1.170469991071962568e+01 2.640075756488817049e+01 9.055385138137417300e+00 9.486832980505138124e+00 7.211102550927978250e+00 2.137755832643194864e+01 1.910497317454279909e+01 2.158703314492290204e+01 2.061552812808830382e+01 1.780449381476485726e+01 1.529705854077835525e+01 0.000000000000000000e+00 1.442220510185595650e+01 1.708800749063506075e+01 1.131370849898476116e+01 2.213594362117865444e+01 1.303840481040529831e+01 1.843908891458577415e+01 2.828427124746190291e+00 2.102379604162863913e+01 2.302172886644267535e+01 2.801785145224380003e+01 1.334166406412633421e+01
1.811077027627483460e+01 6.324555320336759046e+00 2.594224354214569317e+01 3.087069808086626210e+01 9.486832980505138124e+00 1.503329637837290811e+01 2.126029162546929996e+01 1.526433752247374720e+01 3.157530680769388809e+01 2.140093455903269515e+01 6.403124237432848531e+00 6.082762530298219339e+00 1.140175425099137918e+01 1.442220510185595650e+01 0.000000000000000000e+00 2.807133769523639799e+01 2.000000000000000000e+01 1.392838827718411920e+01 2.657066051117284644e+01 7.211102550927978250e+00 1.414213562373095101e+01 7.071067811865475505e+00 1.860107523773827509e+01 1.552417469626002422e+01 1.029563014098700080e+01
3.605551275463989214e+01 2.200000000000000000e+01 1.118033988749894903e+01 1.500000000000000000e+01 2.596150997149434048e+01 1.334166406412633421e+01 1.697056274847713908e+01 2.500000000000000000e+01 5.000000000000000000e+00 1.860107523773827509e+01 3.275667870831839679e+01 2.816025568065744622e+01 2.102379604162863913e+01 1.708800749063506075e+01 2.807133769523639799e+01 0.000000000000000000e+00 8.246211251235321171e+00 2.745906043549196340e+01 7.615773105863908654e+00 3.405877273185280529e+01 1.969771560359220786e+01 3.512833614050059339e+01 2.404163056034261459e+01 3.623534186398687496e+01 2.024845673131658685e+01
2.842534080710379030e+01 1.414213562373095101e+01 1.236931687685298087e+01 1.526433752247374720e+01 1.923538406167134340e+01 5.099019513592784492e+00 1.456021977856103611e+01 1.769180601295413169e+01 1.252996408614166768e+01 1.334166406412633421e+01 2.451530134426252516e+01 1.992485884517127559e+01 1.303840481040529831e+01 1.131370849898476116e+01 2.000000000000000000e+01 8.246211251235321171e+00 0.000000000000000000e+00 1.984943324127920761e+01 1.029563014098700080e+01 2.630589287593181069e+01 1.414213562373095101e+01 2.701851217221259205e+01 1.749285568453590045e+01 2.830194339616981125e+01 1.208304597359457233e+01
8.602325267042626677e+00 1.503329637837290811e+01 3.080584360149872580e+01 2.300000000000000000e+01 2.209072203437452231e+01 1.562049935181330795e+01 2.915475947422650194e+01 3.000000000000000000e+00 3.220248437620923454e+01 1.200000000000000000e+01 1.204159457879229578e+01 8.062257748298549132e+00 7.211102550927978250e+00 2.213594362117865444e+01 1.392838827718411920e+01 2.745906043549196340e+01 1.984943324127920761e+01 0.000000000000000000e+00 2.973213749463701205e+01 2.024845673131658685e+01 2.353720459187963954e+01 1.697056274847713908e+01 6.324555320336759046e+00 9.219544457292887074e+00 8.944271909999159220e+00
3.818376618407356915e+01 2.024845673131658685e+01 3.605551275463989125e+00 2.220360331117451835e+01 2.200000000000000000e+01 1.414213562373095101e+01 1.029563014098700080e+01 2.780287754891568852e+01 6.708203932499369415e+00 2.340939982143925135e+01 3.220248437620923454e+01 2.830194339616981125e+01 2.262741699796952233e+01 1.303840481040529831e+01 2.657066051117284644e+01 7.615773105863908654e+00 1.029563014098700080e+01 2.973213749463701205e+01 0.000000000000000000e+00 3.140063693621516450e+01 1.503329637837290811e+01 3.352610922848042208e+01 2.778488797889960793e+01 3.764306044943742080e+01 2.126029162546929996e+01
2.236067977499789805e+01 1.216552506059643868e+01 3.008321791298264714e+01 3.801315561749642313e+01 1.029563014098700080e+01 2.158703314492290204e+01 2.416609194718914466e+01 2.202271554554523902e+01 3.705401462729781059e+01 2.860069929215018192e+01 9.219544457292887074e+00 1.220655561573370207e+01 1.860107523773827509e+01 1.843908891458577415e+01 7.211102550927978250e+00 3.405877273185280529e+01 2.630589287593181069e+01 2.024845673131658685e+01 3.140063693621516450e+01 0.000000000000000000e+00 1.708800749063506075e+01 5.099019513592784492e+00 2.549509756796392423e+01 1.910497317454279909e+01 1.749285568453590045e+01
3.046309242345563462e+01 8.944271909999159220e+00 1.315294643796590535e+01 2.920616373302046753e+01 7.071067811865475505e+00 1.208304597359457233e+01 7.211102550927978250e+00 2.308679276123039159e+01 2.137755832643194864e+01 2.404163056034261459e+01 2.051828452868319275e+01 1.835755975068581947e+01 1.702938636592640265e+01 2.828427124746190291e+00 1.414213562373095101e+01 1.969771560359220786e+01 1.414213562373095101e+01 2.353720459187963954e+01 1.503329637837290811e+01 1.708800749063506075e+01 0.000000000000000000e+00 2.024845673131658685e+01 2.501999200639360765e+01 2.865309756378880479e+01 1.503329637837290811e+01
1.772004514666934938e+01 1.334166406412633421e+01 3.269556544854363267e+01 3.700000000000000000e+01 1.414213562373095101e+01 2.200000000000000000e+01 2.745906043549196340e+01 1.920937271229854559e+01 3.863935817272331263e+01 2.683281572999747766e+01 5.000000000000000000e+00 9.433981132056603158e+00 1.708800749063506075e+01 2.102379604162863913e+01 7.071067811865475505e+00 3.512833614050059339e+01 2.701851217221259205e+01 1.697056274847713908e+01 3.352610922848042208e+01 5.099019513592784492e+00 2.024845673131658685e+01 0.000000000000000000e+00 2.280350850198275836e+01 1.431782106327635340e+01 1.649242250247064234e+01
1.334166406412633421e+01 1.772004514666934938e+01 2.954657340538831534e+01 1.711724276862369010e+01 2.529822128134703618e+01 1.456021977856103611e+01 2.942787793912432193e+01 3.605551275463989125e+00 2.900000000000000000e+01 6.324555320336759046e+00 1.802775637731994607e+01 1.345362404707370985e+01 8.246211251235321171e+00 2.302172886644267535e+01 1.860107523773827509e+01 2.404163056034261459e+01 1.749285568453590045e+01 6.324555320336759046e+00 2.778488797889960793e+01 2.549509756796392423e+01 2.501999200639360765e+01 2.280350850198275836e+01 0.000000000000000000e+00 1.500000000000000000e+01 1.019803902718556898e+01
3.605551275463989125e+00 1.972308292331602075e+01 3.818376618407356915e+01 3.206243908376279705e+01 2.500000000000000000e+01 2.360084744241189370e+01 3.522782990761707111e+01 1.216552506059643868e+01 4.081666326391709987e+01 2.109502310972898798e+01 1.000000000000000000e+01 1.029563014098700080e+01 1.526433752247374720e+01 2.801785145224380003e+01 1.552417469626002422e+01 3.623534186398687496e+01 2.830194339616981125e+01 9.219544457292887074e+00 3.764306044943742080e+01 1.910497317454279909e+01 2.865309756378880479e+01 1.431782106327635340e+01 1.500000000000000000e+01 0.000000000000000000e+00 1.640121946685672683e+01
1.702938636592640265e+01 7.615773105863908654e+00 2.202271554554523902e+01 2.061552812808830382e+01 1.523154621172781731e+01 7.211102550927978250e+00 2.024845673131658685e+01 8.062257748298549132e+00 2.459674775249768786e+01 1.131370849898476116e+01 1.300000000000000000e+01 8.062257748298549132e+00 2.000000000000000000e+00 1.334166406412633421e+01 1.029563014098700080e+01 2.024845673131658685e+01 1.208304597359457233e+01 8.944271909999159220e+00 2.126029162546929996e+01 1.749285568453590045e+01 1.503329637837290811e+01 1.649242250247064234e+01 1.019803902718556898e+01 1.640121946685672683e+01 0.000000000000000000e+00
