0.000000000000000000e+00 2.531797780234432693e+01 3.000000000000000000e+00 4.123105625617660586e+00 1.421267040355189515e+01 1.500000000000000000e+01 5.830951894845300743e+00 2.720294101747088789e+01 5.385164807134503739e+00 7.280109889280518054e+00 7.280109889280518054e+00 1.565247584249852864e+01 2.102379604162863913e+01 1.403566884761819900e+01 1.700000000000000000e+01 1.486606874731850603e+01 1.264911064067351809e+01 9.433981132056603158e+00 2.624880949681337583e+01 1.170469991071962568e+01 1.500000000000000000e+01 1.772004514666934938e+01 1.984943324127920761e+01 8.944271909999159220e+00 1.431782106327635340e+01 1.555634918610404505e+01 1.140175425099137918e+01
2.531797780234432693e+01 0.000000000000000000e+00 2.828427124746190202e+01 2.600000000000000000e+01 2.193171219946130890e+01 3.140063693621516450e+01 2.202271554554523902e+01 2.022374841615668473e+01 2.701851217221259205e+01 2.716615541441224835e+01 1.897366596101027625e+01 1.140175425099137918e+01 6.403124237432848531e+00 2.785677655436823841e+01 3.264965543462901820e+01 1.523154621172781731e+01 3.312099032335839155e+01 3.026549190084311292e+01 2.158703314492290204e+01 2.983286778035259701e+01 1.392838827718411920e+01 8.062257748298549132e+00 1.972308292331602075e+01 3.138470965295043058e+01 1.104536101718726115e+01 2.051828452868319275e+01 2.220360331117451835e+01
3.000000000000000000e+00 2.828427124746190202e+01 0.000000000000000000e+00 4.472135954999579610e+00 1.627882059609970611e+01 1.529705854077835525e+01 7.810249675906653977e+00 2.968164415931165934e+01 5.099019513592784492e+00 7.071067811865475505e+00 1.019803902718556898e+01 1.838477631085023489e+01 2.402082429892862692e+01 1.414213562373095101e+01 1.726267650163206824e+01 1.720465053408525335e+01 1.204159457879229578e+01 8.246211251235321171e+00 2.860069929215018192e+01 1.104536101718726115e+01 1.749285568453590045e+01 2.061552812808830382e+01 2.220360331117451835e+01 8.062257748298549132e+00 1.726267650163206824e+01 1.780449381476485726e+01 1.345362404707370985e+01
4.123105625617660586e+00 2.600000000000000000e+01 4.472135954999579610e+00 0.000000000000000000e+00 1.802775637731994607e+01 1.902629759044044633e+01 4.123105625617660586e+00 3.047950130825634218e+01 1.414213562373095145e+00 3.162277660168379523e+00 1.000000000000000000e+01 1.529705854077835525e+01 2.256102834535695578e+01 1.000000000000000000e+01 2.102379604162863913e+01 1.341640786499873883e+01 1.627882059609970611e+01 5.656854249492380582e+00 2.969848480983499428e+01 7.615773105863908654e+00 1.392838827718411920e+01 1.802775637731994607e+01 2.334523505985750447e+01 1.236931687685298087e+01 1.503329637837290811e+01 1.920937271229854559e+01 1.526433752247374720e+01
1.421267040355189515e+01 2.193171219946130890e+01 1.627882059609970611e+01 1.802775637731994607e+01 0.000000000000000000e+00 9.848857801796103928e+00 1.708800749063506075e+01 1.392838827718411920e+01 1.941648783894759944e+01 2.109502310972898798e+01 9.219544457292887074e+00 1.868154169226940553e+01 1.562049935181330795e+01 2.692582403567251959e+01 1.081665382639196871e+01 2.109502310972898798e+01 1.303840481040529831e+01 2.360084744241189370e+01 1.252996408614166768e+01 2.555386467836127551e+01 2.022374841615668473e+01 1.788854381999831844e+01 6.324555320336759046e+00 1.334166406412633421e+01 1.486606874731850603e+01 2.000000000000000000e+00 2.828427124746190291e+00
1.500000000000000000e+01 3.140063693621516450e+01 1.529705854077835525e+01 1.902629759044044633e+01 9.848857801796103928e+00 0.000000000000000000e+00 2.022374841615668473e+01 2.202271554554523902e+01 2.009975124224177989e+01 2.209072203437452231e+01 1.476482306023340030e+01 2.607680962081059661e+01 2.523885892824792521e+01 2.901723625709381693e+01 2.000000000000000000e+00 2.731300056749532601e+01 5.000000000000000000e+00 2.353720459187963954e+01 2.009975124224177989e+01 2.630589287593181069e+01 2.683281572999747766e+01 2.624880949681337583e+01 1.513274595042155646e+01 8.062257748298549132e+00 2.280350850198275836e+01 1.170469991071962568e+01 9.219544457292887074e+00
5.830951894845300743e+00 2.202271554554523902e+01 7.810249675906653977e+00 4.123105625617660586e+00 1.708800749063506075e+01 2.022374841615668473e+01 0.000000000000000000e+00 2.831960451701259274e+01 5.000000000000000000e+00 5.385164807134503739e+00 8.062257748298549132e+00 1.118033988749894903e+01 1.897366596101027625e+01 9.848857801796103928e+00 2.220360331117451835e+01 9.433981132056603158e+00 1.838477631085023489e+01 8.544003745317530374e+00 2.780287754891568852e+01 9.219544457292887074e+00 9.848857801796103928e+00 1.400000000000000000e+01 2.163330765278393741e+01 1.476482306023340030e+01 1.118033988749894903e+01 1.788854381999831844e+01 1.456021977856103611e+01
2.720294101747088789e+01 2.022374841615668473e+01 2.968164415931165934e+01 3.047950130825634218e+01 1.392838827718411920e+01 2.202271554554523902e+01 2.831960451701259274e+01 0.000000000000000000e+00 3.189043743820394994e+01 3.324154027718932269e+01 2.051828452868319275e+01 2.435159132377184221e+01 1.503329637837290811e+01 3.780211634287159939e+01 2.202271554554523902e+01 2.823118842698620767e+01 2.630589287593181069e+01 3.612478373637688378e+01 2.236067977499789805e+00 3.748332962798262713e+01 2.692582403567251959e+01 2.158703314492290204e+01 7.615773105863908654e+00 2.720294101747088789e+01 2.061552812808830382e+01 1.208304597359457233e+01 1.655294535724684835e+01
5.385164807134503739e+00 2.701851217221259205e+01 5.099019513592784492e+00 1.414213562373095145e+00 1.941648783894759944e+01 2.009975124224177989e+01 5.000000000000000000e+00 3.189043743820394994e+01 0.000000000000000000e+00 2.000000000000000000e+00 1.140175425099137918e+01 1.612451549659709826e+01 2.376972864800942631e+01 9.055385138137417300e+00 2.209072203437452231e+01 1.392838827718411920e+01 1.711724276862369010e+01 4.242640687119284770e+00 3.111269837220809009e+01 6.324555320336759046e+00 1.456021977856103611e+01 1.900000000000000000e+01 2.475883680627989492e+01 1.315294643796590535e+01 1.612451549659709826e+01 2.061552812808830382e+01 1.664331697709323876e+01
7.280109889280518054e+00 2.716615541441224835e+01 7.071067811865475505e+00 3.162277660168379523e+00 2.109502310972898798e+01 2.209072203437452231e+01 5.385164807134503739e+00 3.324154027718932269e+01 2.000000000000000000e+00 0.000000000000000000e+00 1.272792206135785520e+01 1.600000000000000000e+01 2.435159132377184221e+01 7.071067811865475505e+00 2.408318915758459156e+01 1.334166406412633421e+01 1.910497317454279909e+01 3.162277660168379523e+00 3.255764119219941222e+01 4.472135954999579610e+00 1.414213562373095101e+01 1.910497317454279909e+01 2.624880949681337583e+01 1.513274595042155646e+01 1.649242250247064234e+01 2.220360331117451835e+01 1.835755975068581947e+01
7.280109889280518054e+00 1.897366596101027625e+01 1.019803902718556898e+01 1.000000000000000000e+01 9.219544457292887074e+00 1.476482306023340030e+01 8.062257748298549132e+00 2.051828452868319275e+01 1.140175425099137918e+01 1.272792206135785520e+01 0.000000000000000000e+00 1.140175425099137918e+01 1.403566884761819900e+01 1.788854381999831844e+01 1.655294535724684835e+01 1.264911064067351809e+01 1.486606874731850603e+01 1.562049935181330795e+01 1.984943324127920761e+01 1.702938636592640265e+01 1.208304597359457233e+01 1.220655561573370207e+01 1.360147050873544394e+01 1.252996408614166768e+01 8.602325267042626677e+00 9.848857801796103928e+00 7.000000000000000000e+00
1.565247584249852864e+01 1.140175425099137918e+01 1.838477631085023489e+01 1.529705854077835525e+01 1.868154169226940553e+01 2.607680962081059661e+01 1.118033988749894903e+01 2.435159132377184221e+01 1.612451549659709826e+01 1.600000000000000000e+01 1.140175425099137918e+01 0.000000000000000000e+00 1.063014581273464998e+01 1.655294535724684835e+01 2.778488797889960793e+01 4.242640687119284770e+00 2.617250465660480074e+01 1.902629759044044633e+01 2.473863375370596174e+01 1.843908891458577415e+01 2.828427124746190291e+00 3.605551275463989125e+00 2.002498439450078749e+01 2.343074902771996193e+01 4.000000000000000000e+00 1.824828759089465890e+01 1.746424919657297892e+01
2.102379604162863913e+01 6.403124237432848531e+00 2.402082429892862692e+01 2.256102834535695578e+01 1.562049935181330795e+01 2.523885892824792521e+01 1.897366596101027625e+01 1.503329637837290811e+01 2.376972864800942631e+01 2.435159132377184221e+01 1.403566884761819900e+01 1.063014581273464998e+01 0.000000000000000000e+00 2.662705391138869615e+01 2.640075756488817049e+01 1.486606874731850603e+01 2.731300056749532601e+01 2.751363298439520833e+01 1.603121954188139853e+01 2.773084924772409465e+01 1.345362404707370985e+01 7.211102550927978250e+00 1.341640786499873883e+01 2.596150997149434048e+01 8.062257748298549132e+00 1.414213562373095101e+01 1.612451549659709826e+01
1.403566884761819900e+01 2.785677655436823841e+01 1.414213562373095101e+01 1.000000000000000000e+01 2.692582403567251959e+01 2.901723625709381693e+01 9.848857801796103928e+00 3.780211634287159939e+01 9.055385138137417300e+00 7.071067811865475505e+00 1.788854381999831844e+01 1.655294535724684835e+01 2.662705391138869615e+01 0.000000000000000000e+00 3.101612483854164637e+01 1.264911064067351809e+01 2.617250465660480074e+01 7.211102550927978250e+00 3.744329045369811126e+01 4.242640687119284770e+00 1.392838827718411920e+01 2.012461179749810825e+01 3.138470965295043058e+01 2.220360331117451835e+01 1.860107523773827509e+01 2.773084924772409465e+01 2.435159132377184221e+01
1.700000000000000000e+01 3.264965543462901820e+01 1.726267650163206824e+01 2.102379604162863913e+01 1.081665382639196871e+01 2.000000000000000000e+00 2.220360331117451835e+01 2.202271554554523902e+01 2.209072203437452231e+01 2.408318915758459156e+01 1.655294535724684835e+01 2.778488797889960793e+01 2.640075756488817049e+01 3.101612483854164637e+01 0.000000000000000000e+00 2.915475947422650194e+01 6.403124237432848531e+00 2.549509756796392423e+01 2.000000000000000000e+01 2.828427124746190202e+01 2.863564212655270680e+01 2.780287754891568852e+01 1.552417469626002422e+01 9.848857801796103928e+00 2.441311123146740414e+01 1.252996408614166768e+01 1.063014581273464998e+01
1.486606874731850603e+01 1.523154621172781731e+01 1.720465053408525335e+01 1.341640786499873883e+01 2.109502310972898798e+01 2.731300056749532601e+01 9.433981132056603158e+00 2.823118842698620767e+01 1.392838827718411920e+01 1.334166406412633421e+01 1.264911064067351809e+01 4.242640687119284770e+00 1.486606874731850603e+01 1.264911064067351809e+01 2.915475947422650194e+01 0.000000000000000000e+00 2.662705391138869615e+01 1.612451549659709826e+01 2.846049894151541437e+01 1.503329637837290811e+01 1.414213562373095145e+00 7.810249675906653977e+00 2.334523505985750447e+01 2.343074902771996193e+01 7.615773105863908654e+00 2.100000000000000000e+01 1.941648783894759944e+01
1.264911064067351809e+01 3.312099032335839155e+01 1.204159457879229578e+01 1.627882059609970611e+01 1.303840481040529831e+01 5.000000000000000000e+00 1.838477631085023489e+01 2.630589287593181069e+01 1.711724276862369010e+01 1.910497317454279909e+01 1.486606874731850603e+01 2.617250465660480074e+01 2.731300056749532601e+01 2.617250465660480074e+01 6.403124237432848531e+00 2.662705391138869615e+01 0.000000000000000000e+00 2.002498439450078749e+01 2.451530134426252516e+01 2.300000000000000000e+01 2.640075756488817049e+01 2.701851217221259205e+01 1.902629759044044633e+01 4.000000000000000000e+00 2.343074902771996193e+01 1.503329637837290811e+01 1.140175425099137918e+01
9.433981132056603158e+00 3.026549190084311292e+01 8.246211251235321171e+00 5.656854249492380582e+00 2.360084744241189370e+01 2.353720459187963954e+01 8.544003745317530374e+00 3.612478373637688378e+01 4.242640687119284770e+00 3.162277660168379523e+00 1.562049935181330795e+01 1.902629759044044633e+01 2.751363298439520833e+01 7.211102550927978250e+00 2.549509756796392423e+01 1.612451549659709826e+01 2.002498439450078749e+01 0.000000000000000000e+00 3.535533905932737753e+01 3.162277660168379523e+00 1.702938636592640265e+01 2.220360331117451835e+01 2.900000000000000000e+01 1.603121954188139853e+01 1.964688270438849926e+01 2.483948469674844262e+01 2.080865204668481283e+01
2.624880949681337583e+01 2.158703314492290204e+01 2.860069929215018192e+01 2.969848480983499428e+01 1.252996408614166768e+01 2.009975124224177989e+01 2.780287754891568852e+01 2.236067977499789805e+00 3.111269837220809009e+01 3.255764119219941222e+01 1.984943324127920761e+01 2.473863375370596174e+01 1.603121954188139853e+01 3.744329045369811126e+01 2.000000000000000000e+01 2.846049894151541437e+01 2.451530134426252516e+01 3.535533905932737753e+01 0.000000000000000000e+00 3.687817782917154830e+01 2.720294101747088789e+01 2.220360331117451835e+01 6.403124237432848531e+00 2.563201123595259290e+01 2.088061301782110135e+01 1.081665382639196871e+01 1.526433752247374720e+01
1.170469991071962568e+01 2.983286778035259701e+01 1.104536101718726115e+01 7.615773105863908654e+00 2.555386467836127551e+01 2.630589287593181069e+01 9.219544457292887074e+00 3.748332962798262713e+01 6.324555320336759046e+00 4.472135954999579610e+00 1.702938636592640265e+01 1.843908891458577415e+01 2.773084924772409465e+01 4.242640687119284770e+00 2.828427124746190202e+01 1.503329637837290811e+01 2.300000000000000000e+01 3.162277660168379523e+00 3.687817782917154830e+01 0.000000000000000000e+00 1.612451549659709826e+01 2.184032966784155505e+01 3.061045573002793319e+01 1.900000000000000000e+01 1.969771560359220786e+01 2.662705391138869615e+01 2.282542442102665348e+01
1.500000000000000000e+01 1.392838827718411920e+01 1.749285568453590045e+01 1.392838827718411920e+01 2.022374841615668473e+01 2.683281572999747766e+01 9.848857801796103928e+00 2.692582403567251959e+01 1.456021977856103611e+01 1.414213562373095101e+01 1.208304597359457233e+01 2.828427124746190291e+00 1.345362404707370985e+01 1.392838827718411920e+01 2.863564212655270680e+01 1.414213562373095145e+00 2.640075756488817049e+01 1.702938636592640265e+01 2.720294101747088789e+01 1.612451549659709826e+01 0.000000000000000000e+00 6.403124237432848531e+00 2.220360331117451835e+01 2.334523505985750447e+01 6.324555320336759046e+00 2.002498439450078749e+01 1.868154169226940553e+01
1.772004514666934938e+01 8.062257748298549132e+00 2.061552812808830382e+01 1.802775637731994607e+01 1.788854381999831844e+01 2.624880949681337583e+01 1.400000000000000000e+01 2.158703314492290204e+01 1.900000000000000000e+01 1.910497317454279909e+01 1.220655561573370207e+01 3.605551275463989125e+00 7.211102550927978250e+00 2.012461179749810825e+01 2.780287754891568852e+01 7.810249675906653977e+00 2.701851217221259205e+01 2.220360331117451835e+01 2.220360331117451835e+01 2.184032966784155505e+01 6.403124237432848531e+00 0.000000000000000000e+00 1.811077027627483460e+01 2.469817807045693669e+01 3.605551275463989125e+00 1.708800749063506075e+01 1.720465053408525335e+01
1.984943324127920761e+01 1.972308292331602075e+01 2.220360331117451835e+01 2.334523505985750447e+01 6.324555320336759046e+00 1.513274595042155646e+01 2.163330765278393741e+01 7.615773105863908654e+00 2.475883680627989492e+01 2.624880949681337583e+01 1.360147050873544394e+01 2.002498439450078749e+01 1.341640786499873883e+01 3.138470965295043058e+01 1.552417469626002422e+01 2.334523505985750447e+01 1.902629759044044633e+01 2.900000000000000000e+01 6.403124237432848531e+00 3.061045573002793319e+01 2.220360331117451835e+01 1.811077027627483460e+01 0.000000000000000000e+00 1.964688270438849926e+01 1.603121954188139853e+01 4.472135954999579610e+00 8.944271909999159220e+00
8.944271909999159220e+00 3.138470965295043058e+01 8.062257748298549132e+00 1.236931687685298087e+01 1.334166406412633421e+01 8.062257748298549132e+00 1.476482306023340030e+01 2.720294101747088789e+01 1.315294643796590535e+01 1.513274595042155646e+01 1.252996408614166768e+01 2.343074902771996193e+01 2.596150997149434048e+01 2.220360331117451835e+01 9.848857801796103928e+00 2.343074902771996193e+01 4.000000000000000000e+00 1.603121954188139853e+01 2.563201123595259290e+01 1.900000000000000000e+01 2.334523505985750447e+01 2.469817807045693669e+01 1.964688270438849926e+01 0.000000000000000000e+00 2.109502310972898798e+01 1.529705854077835525e+01 1.104536101718726115e+01
1.431782106327635340e+01 1.104536101718726115e+01 1.726267650163206824e+01 1.503329637837290811e+01 1.486606874731850603e+01 2.280350850198275836e+01 1.118033988749894903e+01 2.061552812808830382e+01 1.612451549659709826e+01 1.649242250247064234e+01 8.602325267042626677e+00 4.000000000000000000e+00 8.062257748298549132e+00 1.860107523773827509e+01 2.441311123146740414e+01 7.615773105863908654e+00 2.343074902771996193e+01 1.964688270438849926e+01 2.088061301782110135e+01 1.969771560359220786e+01 6.324555320336759046e+00 3.605551275463989125e+00 1.603121954188139853e+01 2.109502310972898798e+01 0.000000000000000000e+00 1.431782106327635340e+01 1.389244398944980396e+01
1.555634918610404505e+01 2.051828452868319275e+01 1.780449381476485726e+01 1.920937271229854559e+01 2.000000000000000000e+00 1.170469991071962568e+01 1.788854381999831844e+01 1.208304597359457233e+01 2.061552812808830382e+01 2.220360331117451835e+01 9.848857801796103928e+00 1.824828759089465890e+01 1.414213562373095101e+01 2.773084924772409465e+01 1.252996408614166768e+01 2.100000000000000000e+01 1.503329637837290811e+01 2.483948469674844262e+01 1.081665382639196871e+01 2.662705391138869615e+01 2.002498439450078749e+01 1.708800749063506075e+01 4.472135954999579610e+00 1.529705854077835525e+01 1.431782106327635340e+01 0.000000000000000000e+00 4.472135954999579610e+00
1.140175425099137918e+01 2.220360331117451835e+01 1.345362404707370985e+01 1.526433752247374720e+01 2.828427124746190291e+00 9.219544457292887074e+00 1.456021977856103611e+01 1.655294535724684835e+01 1.664331697709323876e+01 1.835755975068581947e+01 7.000000000000000000e+00 1.746424919657297892e+01 1.612451549659709826e+01 2.435159132377184221e+01 1.063014581273464998e+01 1.941648783894759944e+01 1.140175425099137918e+01 2.080865204668481283e+01 1.526433752247374720e+01 2.282542442102665348e+01 1.868154169226940553e+01 1.720465053408525335e+01 8.944271909999159220e+00 1.104536101718726115e+01 1.389244398944980396e+01 4.472135954999579610e+00 0.000000000000000000e+00
