0.000000000000000000e+00 2.088061301782110135e+01 5.099019513592784492e+00 2.828427124746190202e+01 2.220360331117451835e+01 2.154065922853801496e+01 6.708203932499369415e+00 2.154065922853801496e+01 1.300000000000000000e+01 2.662705391138869615e+01 4.123105625617660586e+00 2.109502310972898798e+01 2.523885892824792521e+01 1.979898987322333070e+01 1.923538406167134340e+01 2.900000000000000000e+01 1.000000000000000000e+01 1.300000000000000000e+01 2.022374841615668473e+01 3.140063693621516450e+01 5.099019513592784492e+00 3.560898762952971452e+01 1.984943324127920761e+01 1.581138830084189628e+01 2.147091055358388800e+01 1.300000000000000000e+01 1.992485884517127559e+01 1.000000000000000000e+01 2.433105012119287736e+01
2.088061301782110135e+01 0.000000000000000000e+00 1.655294535724684835e+01 4.237924020083418242e+01 2.334523505985750447e+01 4.004996878900157498e+01 2.594224354214569317e+01 3.130495168499705727e+01 1.360147050873544394e+01 1.676305461424021104e+01 2.500000000000000000e+01 3.832753579347360073e+01 8.062257748298549132e+00 3.492849839314595783e+01 9.055385138137417300e+00 1.403566884761819900e+01 2.039607805437113797e+01 3.354101966249684352e+01 3.000000000000000000e+00 1.902629759044044633e+01 1.902629759044044633e+01 4.741307836451878899e+01 3.569313659514949677e+01 1.208304597359457233e+01 1.640121946685672683e+01 3.201562118716424266e+01 1.910497317454279909e+01 2.607680962081059661e+01 3.000000000000000000e+01
5.099019513592784492e+00 1.655294535724684835e+01 0.000000000000000000e+00 3.264965543462901820e+01 2.308679276123039159e+01 2.657066051117284644e+01 9.433981132056603158e+00 2.469817807045693669e+01 8.062257748298549132e+00 2.507987240796890660e+01 9.000000000000000000e+00 2.594224354214569317e+01 2.193171219946130890e+01 2.420743687382040932e+01 1.414213562373095101e+01 2.640075756488817049e+01 1.208304597359457233e+01 1.802775637731994607e+01 1.552417469626002422e+01 2.952964612046680060e+01 7.211102550927978250e+00 3.962322551231790158e+01 2.441311123146740414e+01 1.077032961426900748e+01 2.061552812808830382e+01 1.802775637731994607e+01 2.002498439450078749e+01 1.421267040355189515e+01 2.657066051117284644e+01
2.828427124746190202e+01 4.237924020083418242e+01 3.264965543462901820e+01 0.000000000000000000e+00 2.308679276123039159e+01 1.200000000000000000e+01 3.106444913401813324e+01 1.200000000000000000e+01 4.060788100849390503e+01 3.505709628591620941e+01 2.640075756488817049e+01 9.219544457292887074e+00 4.143669871020131978e+01 8.485281374238569541e+00 4.527692569068708650e+01 4.100000000000000000e+01 2.236067977499789805e+01 2.118962010041709121e+01 4.346262762420145975e+01 3.931920650267500150e+01 2.580697580112788003e+01 8.246211251235321171e+00 8.602325267042626677e+00 4.301162633521313694e+01 3.001666203960726875e+01 1.700000000000000000e+01 2.601922366251537611e+01 1.843908891458577415e+01 1.649242250247064234e+01
2.220360331117451835e+01 2.334523505985750447e+01 2.308679276123039159e+01 2.308679276123039159e+01 0.000000000000000000e+00 2.692582403567251959e+01 2.863564212655270680e+01 1.118033988749894903e+01 2.846049894151541437e+01 1.200000000000000000e+01 2.404163056034261459e+01 2.370653918225939449e+01 1.969771560359220786e+01 1.878829422805593552e+01 2.968164415931165934e+01 1.811077027627483460e+01 1.236931687685298087e+01 2.720294101747088789e+01 2.549509756796392423e+01 1.627882059609970611e+01 1.711724276862369010e+01 2.570992026436488231e+01 2.012461179749810825e+01 2.954657340538831534e+01 7.615773105863908654e+00 2.267156809750926882e+01 4.242640687119284770e+00 1.664331697709323876e+01 7.280109889280518054e+00
2.154065922853801496e+01 4.004996878900157498e+01 2.657066051117284644e+01 1.200000000000000000e+01 2.692582403567251959e+01 0.000000000000000000e+00 2.202271554554523902e+01 1.697056274847713908e+01 3.453983207834108526e+01 3.769615364994152884e+01 1.835755975068581947e+01 3.605551275463989125e+00 4.143669871020131978e+01 8.485281374238569541e+00 4.052159917870962147e+01 4.272001872658765365e+01 2.009975124224177989e+01 1.063014581273464998e+01 4.031128874149274566e+01 4.254409477236529824e+01 2.121320343559642652e+01 2.009975124224177989e+01 7.071067811865475505e+00 3.733630940518894192e+01 3.195309061734091571e+01 8.544003745317530374e+00 2.823118842698620767e+01 1.400000000000000000e+01 2.262741699796952233e+01
6.708203932499369415e+00 2.594224354214569317e+01 9.433981132056603158e+00 3.106444913401813324e+01 2.863564212655270680e+01 2.202271554554523902e+01 0.000000000000000000e+00 2.647640458974745314e+01 1.503329637837290811e+01 3.328663395418647752e+01 5.099019513592784492e+00 2.267156809750926882e+01 3.124099870362661591e+01 2.282542442102665348e+01 2.220360331117451835e+01 3.538361202590826338e+01 1.627882059609970611e+01 1.166190378969060149e+01 2.469817807045693669e+01 3.801315561749642313e+01 1.170469991071962568e+01 3.894868418830089496e+01 2.247220505424423109e+01 1.802775637731994607e+01 2.817800560721074277e+01 1.421267040355189515e+01 2.657066051117284644e+01 1.431782106327635340e+01 3.001666203960726875e+01
2.154065922853801496e+01 3.130495168499705727e+01 2.469817807045693669e+01 1.200000000000000000e+01 1.118033988749894903e+01 1.697056274847713908e+01 2.647640458974745314e+01 0.000000000000000000e+00 3.201562118716424266e+01 2.308679276123039159e+01 2.137755832643194864e+01 1.345362404707370985e+01 2.961418578992169515e+01 8.485281374238569541e+00 3.546829570193639825e+01 2.900000000000000000e+01 1.280624847486569706e+01 2.061552812808830382e+01 3.275667870831839679e+01 2.745906043549196340e+01 1.749285568453590045e+01 1.612451549659709826e+01 9.899494936611665352e+00 3.397057550292606010e+01 1.802775637731994607e+01 1.552417469626002422e+01 1.403566884761819900e+01 1.216552506059643868e+01 5.656854249492380582e+00
1.300000000000000000e+01 1.360147050873544394e+01 8.062257748298549132e+00 4.060788100849390503e+01 2.846049894151541437e+01 3.453983207834108526e+01 1.503329637837290811e+01 3.201562118716424266e+01 0.000000000000000000e+00 2.716615541441224835e+01 1.649242250247064234e+01 3.400000000000000000e+01 2.102379604162863913e+01 3.220248437620923454e+01 7.280109889280518054e+00 2.657066051117284644e+01 1.920937271229854559e+01 2.549509756796392423e+01 1.131370849898476116e+01 3.080584360149872580e+01 1.486606874731850603e+01 4.738143096192853676e+01 3.244996147917590434e+01 3.000000000000000000e+00 2.408318915758459156e+01 2.600000000000000000e+01 2.473863375370596174e+01 2.220360331117451835e+01 3.312099032335839155e+01
2.662705391138869615e+01 1.676305461424021104e+01 2.507987240796890660e+01 3.505709628591620941e+01 1.200000000000000000e+01 3.769615364994152884e+01 3.328663395418647752e+01 2.308679276123039159e+01 2.716615541441224835e+01 0.000000000000000000e+00 2.983286778035259701e+01 3.478505426185217431e+01 1.000000000000000000e+01 3.008321791298264714e+01 2.531797780234432693e+01 6.324555320336759046e+00 1.920937271229854559e+01 3.560898762952971452e+01 1.964688270438849926e+01 5.000000000000000000e+00 2.202271554554523902e+01 3.748332962798262713e+01 3.132091952673165025e+01 2.700000000000000000e+01 5.830951894845300743e+00 3.190611226708763226e+01 9.486832980505138124e+00 2.523885892824792521e+01 1.910497317454279909e+01
4.123105625617660586e+00 2.500000000000000000e+01 9.000000000000000000e+00 2.640075756488817049e+01 2.404163056034261459e+01 1.835755975068581947e+01 5.099019513592784492e+00 2.137755832643194864e+01 1.649242250247064234e+01 2.983286778035259701e+01 0.000000000000000000e+00 1.843908891458577415e+01 2.915475947422650194e+01 1.802775637731994607e+01 2.308679276123039159e+01 3.264965543462901820e+01 1.170469991071962568e+01 9.055385138137417300e+00 2.433105012119287736e+01 3.471310991541956525e+01 7.810249675906653977e+00 3.413209633175202384e+01 1.780449381476485726e+01 1.941648783894759944e+01 2.441311123146740414e+01 1.000000000000000000e+01 2.236067977499789805e+01 9.219544457292887074e+00 2.500000000000000000e+01
2.109502310972898798e+01 3.832753579347360073e+01 2.594224354214569317e+01 9.219544457292887074e+00 2.370653918225939449e+01 3.605551275463989125e+00 2.267156809750926882e+01 1.345362404707370985e+01 3.400000000000000000e+01 3.478505426185217431e+01 1.843908891458577415e+01 0.000000000000000000e+00 3.911521443121588959e+01 5.000000000000000000e+00 3.956008088970496317e+01 4.002499219237900263e+01 1.802775637731994607e+01 1.208304597359457233e+01 3.883297567789519888e+01 3.956008088970496317e+01 1.992485884517127559e+01 1.746424919657297892e+01 3.605551275463989125e+00 3.667424164178449786e+01 2.912043955712207222e+01 8.485281374238569541e+00 2.529822128134703618e+01 1.236931687685298087e+01 1.910497317454279909e+01
2.523885892824792521e+01 8.062257748298549132e+00 2.193171219946130890e+01 4.143669871020131978e+01 1.969771560359220786e+01 4.143669871020131978e+01 3.124099870362661591e+01 2.961418578992169515e+01 2.102379604162863913e+01 1.000000000000000000e+01 2.915475947422650194e+01 3.911521443121588959e+01 0.000000000000000000e+00 3.500000000000000000e+01 1.711724276862369010e+01 6.000000000000000000e+00 2.137755832643194864e+01 3.676955262170046979e+01 1.104536101718726115e+01 1.118033988749894903e+01 2.193171219946130890e+01 4.522167621838005402e+01 3.601388621073821383e+01 1.992485884517127559e+01 1.208304597359457233e+01 3.420526275297414287e+01 1.581138830084189628e+01 2.765863337187866122e+01 2.692582403567251959e+01
1.979898987322333070e+01 3.492849839314595783e+01 2.420743687382040932e+01 8.485281374238569541e+00 1.878829422805593552e+01 8.485281374238569541e+00 2.282542442102665348e+01 8.485281374238569541e+00 3.220248437620923454e+01 3.008321791298264714e+01 1.802775637731994607e+01 5.000000000000000000e+00 3.500000000000000000e+01 0.000000000000000000e+00 3.712142238654116966e+01 3.551056180912940619e+01 1.456021977856103611e+01 1.403566884761819900e+01 3.573513677041127323e+01 3.478505426185217431e+01 1.749285568453590045e+01 1.612451549659709826e+01 1.414213562373095145e+00 3.466987164671942878e+01 2.451530134426252516e+01 9.219544457292887074e+00 2.061552812808830382e+01 1.000000000000000000e+01 1.414213562373095101e+01
1.923538406167134340e+01 9.055385138137417300e+00 1.414213562373095101e+01 4.527692569068708650e+01 2.968164415931165934e+01 4.052159917870962147e+01 2.220360331117451835e+01 3.546829570193639825e+01 7.280109889280518054e+00 2.531797780234432693e+01 2.308679276123039159e+01 3.956008088970496317e+01 1.711724276862369010e+01 3.712142238654116966e+01 0.000000000000000000e+00 2.308679276123039159e+01 2.302172886644267535e+01 3.214031735997639316e+01 6.082762530298219339e+00 2.800000000000000000e+01 1.969771560359220786e+01 5.140038910358558866e+01 3.757658845611187104e+01 4.472135954999579610e+00 2.376972864800942631e+01 3.201562118716424266e+01 2.555386467836127551e+01 2.731300056749532601e+01 3.546829570193639825e+01
2.900000000000000000e+01 1.403566884761819900e+01 2.640075756488817049e+01 4.100000000000000000e+01 1.811077027627483460e+01 4.272001872658765365e+01 3.538361202590826338e+01 2.900000000000000000e+01 2.657066051117284644e+01 6.324555320336759046e+00 3.264965543462901820e+01 4.002499219237900263e+01 6.000000000000000000e+00 3.551056180912940619e+01 2.308679276123039159e+01 0.000000000000000000e+00 2.325940669922601600e+01 3.944616584663204151e+01 1.702938636592640265e+01 5.385164807134503739e+00 2.500000000000000000e+01 4.373785545725807822e+01 3.667424164178449786e+01 2.570992026436488231e+01 1.104536101718726115e+01 3.624913792078371699e+01 1.503329637837290811e+01 2.954657340538831534e+01 2.531797780234432693e+01
1.000000000000000000e+01 2.039607805437113797e+01 1.208304597359457233e+01 2.236067977499789805e+01 1.236931687685298087e+01 2.009975124224177989e+01 1.627882059609970611e+01 1.280624847486569706e+01 1.920937271229854559e+01 1.920937271229854559e+01 1.170469991071962568e+01 1.802775637731994607e+01 2.137755832643194864e+01 1.456021977856103611e+01 2.302172886644267535e+01 2.325940669922601600e+01 0.000000000000000000e+00 1.640121946685672683e+01 2.118962010041709121e+01 2.420743687382040932e+01 5.099019513592784492e+00 2.842534080710379030e+01 1.529705854077835525e+01 2.121320343559642652e+01 1.345362404707370985e+01 1.300000000000000000e+01 1.081665382639196871e+01 6.324555320336759046e+00 1.456021977856103611e+01
1.300000000000000000e+01 3.354101966249684352e+01 1.802775637731994607e+01 2.118962010041709121e+01 2.720294101747088789e+01 1.063014581273464998e+01 1.166190378969060149e+01 2.061552812808830382e+01 2.549509756796392423e+01 3.560898762952971452e+01 9.055385138137417300e+00 1.208304597359457233e+01 3.676955262170046979e+01 1.403566884761819900e+01 3.214031735997639316e+01 3.944616584663204151e+01 1.640121946685672683e+01 0.000000000000000000e+00 3.313608305156178346e+01 4.060788100849390503e+01 1.486606874731850603e+01 2.941088233970548416e+01 1.315294643796590535e+01 2.844292530665578411e+01 2.983286778035259701e+01 5.099019513592784492e+00 2.687005768508880621e+01 1.063014581273464998e+01 2.563201123595259290e+01
2.022374841615668473e+01 3.000000000000000000e+00 1.552417469626002422e+01 4.346262762420145975e+01 2.549509756796392423e+01 4.031128874149274566e+01 2.469817807045693669e+01 3.275667870831839679e+01 1.131370849898476116e+01 1.964688270438849926e+01 2.433105012119287736e+01 3.883297567789519888e+01 1.104536101718726115e+01 3.573513677041127323e+01 6.082762530298219339e+00 1.702938636592640265e+01 2.118962010041709121e+01 3.313608305156178346e+01 0.000000000000000000e+00 2.202271554554523902e+01 1.910497317454279909e+01 4.887739763939974580e+01 3.640054944640259293e+01 9.433981132056603158e+00 1.886796226411320632e+01 3.206243908376279705e+01 2.126029162546929996e+01 2.647640458974745314e+01 3.189043743820394994e+01
3.140063693621516450e+01 1.902629759044044633e+01 2.952964612046680060e+01 3.931920650267500150e+01 1.627882059609970611e+01 4.254409477236529824e+01 3.801315561749642313e+01 2.745906043549196340e+01 3.080584360149872580e+01 5.000000000000000000e+00 3.471310991541956525e+01 3.956008088970496317e+01 1.118033988749894903e+01 3.478505426185217431e+01 2.800000000000000000e+01 5.385164807134503739e+00 2.420743687382040932e+01 4.060788100849390503e+01 2.202271554554523902e+01 0.000000000000000000e+00 2.690724809414741969e+01 4.110960958218893069e+01 3.605551275463989214e+01 3.026549190084311292e+01 1.081665382639196871e+01 3.689173349139343117e+01 1.431782106327635340e+01 3.023243291566194912e+01 2.302172886644267535e+01
5.099019513592784492e+00 1.902629759044044633e+01 7.211102550927978250e+00 2.580697580112788003e+01 1.711724276862369010e+01 2.121320343559642652e+01 1.170469991071962568e+01 1.749285568453590045e+01 1.486606874731850603e+01 2.202271554554523902e+01 7.810249675906653977e+00 1.992485884517127559e+01 2.193171219946130890e+01 1.749285568453590045e+01 1.969771560359220786e+01 2.500000000000000000e+01 5.099019513592784492e+00 1.486606874731850603e+01 1.910497317454279909e+01 2.690724809414741969e+01 0.000000000000000000e+00 3.252691193458118590e+01 1.788854381999831844e+01 1.720465053408525335e+01 1.664331697709323876e+01 1.300000000000000000e+01 1.486606874731850603e+01 7.615773105863908654e+00 1.964688270438849926e+01
3.560898762952971452e+01 4.741307836451878899e+01 3.962322551231790158e+01 8.246211251235321171e+00 2.570992026436488231e+01 2.009975124224177989e+01 3.894868418830089496e+01 1.612451549659709826e+01 4.738143096192853676e+01 3.748332962798262713e+01 3.413209633175202384e+01 1.746424919657297892e+01 4.522167621838005402e+01 1.612451549659709826e+01 5.140038910358558866e+01 4.373785545725807822e+01 2.842534080710379030e+01 2.941088233970548416e+01 4.887739763939974580e+01 4.110960958218893069e+01 3.252691193458118590e+01 0.000000000000000000e+00 1.655294535724684835e+01 4.957822102496216132e+01 3.324154027718932269e+01 2.507987240796890660e+01 2.941088233970548416e+01 2.561249694973139412e+01 1.843908891458577415e+01
1.984943324127920761e+01 3.569313659514949677e+01 2.441311123146740414e+01 8.602325267042626677e+00 2.012461179749810825e+01 7.071067811865475505e+00 2.247220505424423109e+01 9.899494936611665352e+00 3.244996147917590434e+01 3.132091952673165025e+01 1.780449381476485726e+01 3.605551275463989125e+00 3.601388621073821383e+01 1.414213562373095145e+00 3.757658845611187104e+01 3.667424164178449786e+01 1.529705854077835525e+01 1.315294643796590535e+01 3.640054944640259293e+01 3.605551275463989214e+01 1.788854381999831844e+01 1.655294535724684835e+01 0.000000000000000000e+00 3.498571136907180090e+01 2.570992026436488231e+01 8.544003745317530374e+00 2.184032966784155505e+01 1.029563014098700080e+01 1.555634918610404505e+01
1.581138830084189628e+01 1.208304597359457233e+01 1.077032961426900748e+01 4.301162633521313694e+01 2.954657340538831534e+01 3.733630940518894192e+01 1.802775637731994607e+01 3.397057550292606010e+01 3.000000000000000000e+00 2.700000000000000000e+01 1.941648783894759944e+01 3.667424164178449786e+01 1.992485884517127559e+01 3.466987164671942878e+01 4.472135954999579610e+00 2.570992026436488231e+01 2.121320343559642652e+01 2.844292530665578411e+01 9.433981132056603158e+00 3.026549190084311292e+01 1.720465053408525335e+01 4.957822102496216132e+01 3.498571136907180090e+01 0.000000000000000000e+00 2.451530134426252516e+01 2.879236009777593708e+01 2.563201123595259290e+01 2.469817807045693669e+01 3.466987164671942878e+01
2.147091055358388800e+01 1.640121946685672683e+01 2.061552812808830382e+01 3.001666203960726875e+01 7.615773105863908654e+00 3.195309061734091571e+01 2.817800560721074277e+01 1.802775637731994607e+01 2.408318915758459156e+01 5.830951894845300743e+00 2.441311123146740414e+01 2.912043955712207222e+01 1.208304597359457233e+01 2.451530134426252516e+01 2.376972864800942631e+01 1.104536101718726115e+01 1.345362404707370985e+01 2.983286778035259701e+01 1.886796226411320632e+01 1.081665382639196871e+01 1.664331697709323876e+01 3.324154027718932269e+01 2.570992026436488231e+01 2.451530134426252516e+01 0.000000000000000000e+00 2.607680962081059661e+01 4.000000000000000000e+00 1.941648783894759944e+01 1.486606874731850603e+01
1.300000000000000000e+01 3.201562118716424266e+01 1.802775637731994607e+01 1.700000000000000000e+01 2.267156809750926882e+01 8.544003745317530374e+00 1.421267040355189515e+01 1.552417469626002422e+01 2.600000000000000000e+01 3.190611226708763226e+01 1.000000000000000000e+01 8.485281374238569541e+00 3.420526275297414287e+01 9.219544457292887074e+00 3.201562118716424266e+01 3.624913792078371699e+01 1.300000000000000000e+01 5.099019513592784492e+00 3.206243908376279705e+01 3.689173349139343117e+01 1.300000000000000000e+01 2.507987240796890660e+01 8.544003745317530374e+00 2.879236009777593708e+01 2.607680962081059661e+01 0.000000000000000000e+00 2.280350850198275836e+01 6.708203932499369415e+00 2.061552812808830382e+01
1.992485884517127559e+01 1.910497317454279909e+01 2.002498439450078749e+01 2.601922366251537611e+01 4.242640687119284770e+00 2.823118842698620767e+01 2.657066051117284644e+01 1.403566884761819900e+01 2.473863375370596174e+01 9.486832980505138124e+00 2.236067977499789805e+01 2.529822128134703618e+01 1.581138830084189628e+01 2.061552812808830382e+01 2.555386467836127551e+01 1.503329637837290811e+01 1.081665382639196871e+01 2.687005768508880621e+01 2.126029162546929996e+01 1.431782106327635340e+01 1.486606874731850603e+01 2.941088233970548416e+01 2.184032966784155505e+01 2.563201123595259290e+01 4.000000000000000000e+00 2.280350850198275836e+01 0.000000000000000000e+00 1.627882059609970611e+01 1.118033988749894903e+01
1.000000000000000000e+01 2.607680962081059661e+01 1.421267040355189515e+01 1.843908891458577415e+01 1.664331697709323876e+01 1.400000000000000000e+01 1.431782106327635340e+01 1.216552506059643868e+01 2.220360331117451835e+01 2.523885892824792521e+01 9.219544457292887074e+00 1.236931687685298087e+01 2.765863337187866122e+01 1.000000000000000000e+01 2.731300056749532601e+01 2.954657340538831534e+01 6.324555320336759046e+00 1.063014581273464998e+01 2.647640458974745314e+01 3.023243291566194912e+01 7.615773105863908654e+00 2.561249694973139412e+01 1.029563014098700080e+01 2.469817807045693669e+01 1.941648783894759944e+01 6.708203932499369415e+00 1.627882059609970611e+01 0.000000000000000000e+00 1.612451549659709826e+01
2.433105012119287736e+01 3.000000000000000000e+01 2.657066051117284644e+01 1.649242250247064234e+01 7.280109889280518054e+00 2.262741699796952233e+01 3.001666203960726875e+01 5.656854249492380582e+00 3.312099032335839155e+01 1.910497317454279909e+01 2.500000000000000000e+01 1.910497317454279909e+01 2.692582403567251959e+01 1.414213562373095101e+01 3.546829570193639825e+01 2.531797780234432693e+01 1.456021977856103611e+01 2.563201123595259290e+01 3.189043743820394994e+01 2.302172886644267535e+01 1.964688270438849926e+01 1.843908891458577415e+01 1.555634918610404505e+01 3.466987164671942878e+01 1.486606874731850603e+01 2.061552812808830382e+01 1.118033988749894903e+01 1.612451549659709826e+01 0.000000000000000000e+00
