0.000000000000000000e+00 3.920459156782531807e+01 3.413209633175202384e+01 3.466987164671942878e+01 3.905124837953326988e+01 1.486606874731850603e+01 1.964688270438849926e+01 3.231098884280702066e+01 1.000000000000000000e+01 1.811077027627483460e+01 9.433981132056603158e+00 2.000000000000000000e+00 3.465544690232691494e+01 2.483948469674844262e+01 2.267156809750926882e+01 4.472135954999579610e+00 1.627882059609970611e+01 2.109502310972898798e+01 1.811077027627483460e+01 8.062257748298549132e+00 1.000000000000000000e+01 2.451530134426252516e+01 1.878829422805593552e+01 1.800000000000000000e+01 1.923538406167134340e+01
3.920459156782531807e+01 0.000000000000000000e+00 6.324555320336759046e+00 1.300000000000000000e+01 1.414213562373095145e+00 3.944616584663204151e+01 2.647640458974745314e+01 1.204159457879229578e+01 4.601086828130936368e+01 3.354101966249684352e+01 3.052867504494749440e+01 3.764306044943742080e+01 6.000000000000000000e+00 1.581138830084189628e+01 1.746424919657297892e+01 3.522782990761707111e+01 3.982461550347975532e+01 3.313608305156178346e+01 2.961418578992169515e+01 3.190611226708763226e+01 3.401470270338990076e+01 2.600000000000000000e+01 3.492849839314595783e+01 2.729468812791236232e+01 2.954657340538831534e+01
3.413209633175202384e+01 6.324555320336759046e+00 0.000000000000000000e+00 1.486606874731850603e+01 7.071067811865475505e+00 3.328663395418647752e+01 2.402082429892862692e+01 6.082762530298219339e+00 4.031128874149274566e+01 3.100000000000000000e+01 2.600000000000000000e+01 3.244996147917590434e+01 7.211102550927978250e+00 1.303840481040529831e+01 1.403566884761819900e+01 3.041381265149109936e+01 3.361547262794321966e+01 3.114482300479487265e+01 2.700000000000000000e+01 2.731300056749532601e+01 3.008321791298264714e+01 2.473863375370596174e+01 2.863564212655270680e+01 2.109502310972898798e+01 2.325940669922601600e+01
3.466987164671942878e+01 1.300000000000000000e+01 1.486606874731850603e+01 0.000000000000000000e+00 1.170469991071962568e+01 3.981205847478876336e+01 1.720465053408525335e+01 2.024845673131658685e+01 4.338202392696772591e+01 2.370653918225939449e+01 2.523885892824792521e+01 3.361547262794321966e+01 7.810249675906653977e+00 1.044030650891055068e+01 1.264911064067351809e+01 3.023243291566194912e+01 4.060788100849390503e+01 2.247220505424423109e+01 2.024845673131658685e+01 2.662705391138869615e+01 2.687005768508880621e+01 1.486606874731850603e+01 3.705401462729781059e+01 2.901723625709381693e+01 3.200000000000000000e+01
3.905124837953326988e+01 1.414213562373095145e+00 7.071067811865475505e+00 1.170469991071962568e+01 0.000000000000000000e+00 3.982461550347975532e+01 2.570992026436488231e+01 1.300000000000000000e+01 4.609772228646443892e+01 3.275667870831839679e+01 3.023243291566194912e+01 3.753664875824691904e+01 5.099019513592784492e+00 1.523154621172781731e+01 1.700000000000000000e+01 3.500000000000000000e+01 4.024922359499621649e+01 3.224903099319419653e+01 2.886173937932362321e+01 3.162277660168379256e+01 3.354101966249684352e+01 2.501999200639360765e+01 3.546829570193639825e+01 2.773084924772409465e+01 3.008321791298264714e+01
1.486606874731850603e+01 3.944616584663204151e+01 3.328663395418647752e+01 3.981205847478876336e+01 3.982461550347975532e+01 0.000000000000000000e+00 2.961418578992169515e+01 2.906888370749726747e+01 1.100000000000000000e+01 3.087069808086626210e+01 1.897366596101027625e+01 1.345362404707370985e+01 3.676955262170046979e+01 2.942787793912432193e+01 2.729468812791236232e+01 1.664331697709323876e+01 1.414213562373095145e+00 3.361547262794321966e+01 2.941088233970548416e+01 1.838477631085023489e+01 2.282542442102665348e+01 3.452535300326413648e+01 6.324555320336759046e+00 1.220655561573370207e+01 1.063014581273464998e+01
1.964688270438849926e+01 2.647640458974745314e+01 2.402082429892862692e+01 1.720465053408525335e+01 2.570992026436488231e+01 2.961418578992169515e+01 0.000000000000000000e+00 2.596150997149434048e+01 2.942787793912432193e+01 7.071067811865475505e+00 1.100000000000000000e+01 1.923538406167134340e+01 2.061552812808830382e+01 1.100000000000000000e+01 1.019803902718556898e+01 1.529705854077835525e+01 3.080584360149872580e+01 7.280109889280518054e+00 3.162277660168379523e+00 1.204159457879229578e+01 1.029563014098700080e+01 5.000000000000000000e+00 2.954657340538831534e+01 2.302172886644267535e+01 2.607680962081059661e+01
3.231098884280702066e+01 1.204159457879229578e+01 6.082762530298219339e+00 2.024845673131658685e+01 1.300000000000000000e+01 2.906888370749726747e+01 2.596150997149434048e+01 0.000000000000000000e+00 3.720215047547655018e+01 3.255764119219941222e+01 2.531797780234432693e+01 3.046309242345563462e+01 1.300000000000000000e+01 1.565247584249852864e+01 1.581138830084189628e+01 2.912043955712207222e+01 2.920616373302046753e+01 3.324154027718932269e+01 2.863564212655270680e+01 2.647640458974745314e+01 3.006659275674581622e+01 2.773084924772409465e+01 2.385372088375312671e+01 1.697056274847713908e+01 1.860107523773827509e+01
1.000000000000000000e+01 4.601086828130936368e+01 4.031128874149274566e+01 4.338202392696772591e+01 4.609772228646443892e+01 1.100000000000000000e+01 2.942787793912432193e+01 3.720215047547655018e+01 0.000000000000000000e+00 2.807133769523639799e+01 1.868154169226940553e+01 1.019803902718556898e+01 4.220189569201838253e+01 3.312099032335839155e+01 3.088689042296100240e+01 1.414213562373095101e+01 1.204159457879229578e+01 3.106444913401813324e+01 2.807133769523639799e+01 1.746424919657297892e+01 2.000000000000000000e+01 3.436568055487916240e+01 1.711724276862369010e+01 2.059126028197400160e+01 2.024845673131658685e+01
1.811077027627483460e+01 3.354101966249684352e+01 3.100000000000000000e+01 2.370653918225939449e+01 3.275667870831839679e+01 3.087069808086626210e+01 7.071067811865475505e+00 3.255764119219941222e+01 2.807133769523639799e+01 0.000000000000000000e+00 1.220655561573370207e+01 1.843908891458577415e+01 2.765863337187866122e+01 1.802775637731994607e+01 1.702938636592640265e+01 1.456021977856103611e+01 3.220248437620923454e+01 3.000000000000000000e+00 4.000000000000000000e+00 1.252996408614166768e+01 8.246211251235321171e+00 9.219544457292887074e+00 3.220248437620923454e+01 2.690724809414741969e+01 2.969848480983499428e+01
9.433981132056603158e+00 3.052867504494749440e+01 2.600000000000000000e+01 2.523885892824792521e+01 3.023243291566194912e+01 1.897366596101027625e+01 1.100000000000000000e+01 2.531797780234432693e+01 1.868154169226940553e+01 1.220655561573370207e+01 0.000000000000000000e+00 8.544003745317530374e+00 2.561249694973139412e+01 1.555634918610404505e+01 1.345362404707370985e+01 5.000000000000000000e+00 2.024845673131658685e+01 1.476482306023340030e+01 1.044030650891055068e+01 1.414213562373095145e+00 5.385164807134503739e+00 1.600000000000000000e+01 2.000000000000000000e+01 1.526433752247374720e+01 1.780449381476485726e+01
2.000000000000000000e+00 3.764306044943742080e+01 3.244996147917590434e+01 3.361547262794321966e+01 3.753664875824691904e+01 1.345362404707370985e+01 1.923538406167134340e+01 3.046309242345563462e+01 1.019803902718556898e+01 1.843908891458577415e+01 8.544003745317530374e+00 0.000000000000000000e+00 3.324154027718932269e+01 2.360084744241189370e+01 2.140093455903269515e+01 4.000000000000000000e+00 1.486606874731850603e+01 2.137755832643194864e+01 1.800000000000000000e+01 7.280109889280518054e+00 1.019803902718556898e+01 2.418677324489564739e+01 1.700000000000000000e+01 1.600000000000000000e+01 1.726267650163206824e+01
3.465544690232691494e+01 6.000000000000000000e+00 7.211102550927978250e+00 7.810249675906653977e+00 5.099019513592784492e+00 3.676955262170046979e+01 2.061552812808830382e+01 1.300000000000000000e+01 4.220189569201838253e+01 2.765863337187866122e+01 2.561249694973139412e+01 3.324154027718932269e+01 0.000000000000000000e+00 1.029563014098700080e+01 1.220655561573370207e+01 3.047950130825634218e+01 3.733630940518894192e+01 2.716615541441224835e+01 2.376972864800942631e+01 2.701851217221259205e+01 2.865309756378880479e+01 2.000000000000000000e+01 3.298484500494128469e+01 2.500000000000000000e+01 2.765863337187866122e+01
2.483948469674844262e+01 1.581138830084189628e+01 1.303840481040529831e+01 1.044030650891055068e+01 1.523154621172781731e+01 2.942787793912432193e+01 1.100000000000000000e+01 1.565247584249852864e+01 3.312099032335839155e+01 1.802775637731994607e+01 1.555634918610404505e+01 2.360084744241189370e+01 1.029563014098700080e+01 0.000000000000000000e+00 2.236067977499789805e+00 2.051828452868319275e+01 3.026549190084311292e+01 1.811077027627483460e+01 1.403566884761819900e+01 1.697056274847713908e+01 1.835755975068581947e+01 1.208304597359457233e+01 2.701851217221259205e+01 1.910497317454279909e+01 2.220360331117451835e+01
2.267156809750926882e+01 1.746424919657297892e+01 1.403566884761819900e+01 1.264911064067351809e+01 1.700000000000000000e+01 2.729468812791236232e+01 1.019803902718556898e+01 1.581138830084189628e+01 3.088689042296100240e+01 1.702938636592640265e+01 1.345362404707370985e+01 2.140093455903269515e+01 1.220655561573370207e+01 2.236067977499789805e+00 0.000000000000000000e+00 1.838477631085023489e+01 2.816025568065744622e+01 1.746424919657297892e+01 1.303840481040529831e+01 1.486606874731850603e+01 1.655294535724684835e+01 1.220655561573370207e+01 2.507987240796890660e+01 1.726267650163206824e+01 2.039607805437113797e+01
4.472135954999579610e+00 3.522782990761707111e+01 3.041381265149109936e+01 3.023243291566194912e+01 3.500000000000000000e+01 1.664331697709323876e+01 1.529705854077835525e+01 2.912043955712207222e+01 1.414213562373095101e+01 1.456021977856103611e+01 5.000000000000000000e+00 4.000000000000000000e+00 3.047950130825634218e+01 2.051828452868319275e+01 1.838477631085023489e+01 0.000000000000000000e+00 1.802775637731994607e+01 1.746424919657297892e+01 1.400000000000000000e+01 3.605551275463989125e+00 6.324555320336759046e+00 2.022374841615668473e+01 1.920937271229854559e+01 1.649242250247064234e+01 1.838477631085023489e+01
1.627882059609970611e+01 3.982461550347975532e+01 3.361547262794321966e+01 4.060788100849390503e+01 4.024922359499621649e+01 1.414213562373095145e+00 3.080584360149872580e+01 2.920616373302046753e+01 1.204159457879229578e+01 3.220248437620923454e+01 2.024845673131658685e+01 1.486606874731850603e+01 3.733630940518894192e+01 3.026549190084311292e+01 2.816025568065744622e+01 1.802775637731994607e+01 0.000000000000000000e+00 3.492849839314595783e+01 3.067572330035593353e+01 1.969771560359220786e+01 2.418677324489564739e+01 3.569313659514949677e+01 5.830951894845300743e+00 1.252996408614166768e+01 1.063014581273464998e+01
2.109502310972898798e+01 3.313608305156178346e+01 3.114482300479487265e+01 2.247220505424423109e+01 3.224903099319419653e+01 3.361547262794321966e+01 7.280109889280518054e+00 3.324154027718932269e+01 3.106444913401813324e+01 3.000000000000000000e+00 1.476482306023340030e+01 2.137755832643194864e+01 2.716615541441224835e+01 1.811077027627483460e+01 1.746424919657297892e+01 1.746424919657297892e+01 3.492849839314595783e+01 0.000000000000000000e+00 5.000000000000000000e+00 1.523154621172781731e+01 1.118033988749894903e+01 7.615773105863908654e+00 3.466987164671942878e+01 2.900000000000000000e+01 3.189043743820394994e+01
1.811077027627483460e+01 2.961418578992169515e+01 2.700000000000000000e+01 2.024845673131658685e+01 2.886173937932362321e+01 2.941088233970548416e+01 3.162277660168379523e+00 2.863564212655270680e+01 2.807133769523639799e+01 4.000000000000000000e+00 1.044030650891055068e+01 1.800000000000000000e+01 2.376972864800942631e+01 1.403566884761819900e+01 1.303840481040529831e+01 1.400000000000000000e+01 3.067572330035593353e+01 5.000000000000000000e+00 0.000000000000000000e+00 1.118033988749894903e+01 8.246211251235321171e+00 6.708203932499369415e+00 3.001666203960726875e+01 2.408318915758459156e+01 2.701851217221259205e+01
8.062257748298549132e+00 3.190611226708763226e+01 2.731300056749532601e+01 2.662705391138869615e+01 3.162277660168379256e+01 1.838477631085023489e+01 1.204159457879229578e+01 2.647640458974745314e+01 1.746424919657297892e+01 1.252996408614166768e+01 1.414213562373095145e+00 7.280109889280518054e+00 2.701851217221259205e+01 1.697056274847713908e+01 1.486606874731850603e+01 3.605551275463989125e+00 1.969771560359220786e+01 1.523154621172781731e+01 1.118033988749894903e+01 0.000000000000000000e+00 5.000000000000000000e+00 1.702938636592640265e+01 1.984943324127920761e+01 1.565247584249852864e+01 1.802775637731994607e+01
1.000000000000000000e+01 3.401470270338990076e+01 3.008321791298264714e+01 2.687005768508880621e+01 3.354101966249684352e+01 2.282542442102665348e+01 1.029563014098700080e+01 3.006659275674581622e+01 2.000000000000000000e+01 8.246211251235321171e+00 5.385164807134503739e+00 1.019803902718556898e+01 2.865309756378880479e+01 1.835755975068581947e+01 1.655294535724684835e+01 6.324555320336759046e+00 2.418677324489564739e+01 1.118033988749894903e+01 8.246211251235321171e+00 5.000000000000000000e+00 0.000000000000000000e+00 1.486606874731850603e+01 2.475883680627989492e+01 2.059126028197400160e+01 2.302172886644267535e+01
2.451530134426252516e+01 2.600000000000000000e+01 2.473863375370596174e+01 1.486606874731850603e+01 2.501999200639360765e+01 3.452535300326413648e+01 5.000000000000000000e+00 2.773084924772409465e+01 3.436568055487916240e+01 9.219544457292887074e+00 1.600000000000000000e+01 2.418677324489564739e+01 2.000000000000000000e+01 1.208304597359457233e+01 1.220655561573370207e+01 2.022374841615668473e+01 3.569313659514949677e+01 7.615773105863908654e+00 6.708203932499369415e+00 1.702938636592640265e+01 1.486606874731850603e+01 0.000000000000000000e+00 3.417601498127012150e+01 2.729468812791236232e+01 3.041381265149109936e+01
1.878829422805593552e+01 3.492849839314595783e+01 2.863564212655270680e+01 3.705401462729781059e+01 3.546829570193639825e+01 6.324555320336759046e+00 2.954657340538831534e+01 2.385372088375312671e+01 1.711724276862369010e+01 3.220248437620923454e+01 2.000000000000000000e+01 1.700000000000000000e+01 3.298484500494128469e+01 2.701851217221259205e+01 2.507987240796890660e+01 1.920937271229854559e+01 5.830951894845300743e+00 3.466987164671942878e+01 3.001666203960726875e+01 1.984943324127920761e+01 2.475883680627989492e+01 3.417601498127012150e+01 0.000000000000000000e+00 8.062257748298549132e+00 5.385164807134503739e+00
1.800000000000000000e+01 2.729468812791236232e+01 2.109502310972898798e+01 2.901723625709381693e+01 2.773084924772409465e+01 1.220655561573370207e+01 2.302172886644267535e+01 1.697056274847713908e+01 2.059126028197400160e+01 2.690724809414741969e+01 1.526433752247374720e+01 1.600000000000000000e+01 2.500000000000000000e+01 1.910497317454279909e+01 1.726267650163206824e+01 1.649242250247064234e+01 1.252996408614166768e+01 2.900000000000000000e+01 2.408318915758459156e+01 1.565247584249852864e+01 2.059126028197400160e+01 2.729468812791236232e+01 8.062257748298549132e+00 0.000000000000000000e+00 3.162277660168379523e+00
1.923538406167134340e+01 2.954657340538831534e+01 2.325940669922601600e+01 3.200000000000000000e+01 3.008321791298264714e+01 1.063014581273464998e+01 2.607680962081059661e+01 1.860107523773827509e+01 2.024845673131658685e+01 2.969848480983499428e+01 1.780449381476485726e+01 1.726267650163206824e+01 2.765863337187866122e+01 2.220360331117451835e+01 2.039607805437113797e+01 1.838477631085023489e+01 1.063014581273464998e+01 3.189043743820394994e+01 2.701851217221259205e+01 1.802775637731994607e+01 2.302172886644267535e+01 3.041381265149109936e+01 5.385164807134503739e+00 3.162277660168379523e+00 0.000000000000000000e+00
