0.000000000000000000e+00 2.140093455903269515e+01 2.973213749463701205e+01 2.816025568065744622e+01 1.640121946685672683e+01 1.513274595042155646e+01 3.214031735997639316e+01 3.981205847478876336e+01 2.370653918225939449e+01 3.546829570193639825e+01 1.941648783894759944e+01 3.224903099319419653e+01 3.535533905932737753e+01 4.000000000000000000e+01 3.471310991541956525e+01 9.219544457292887074e+00 4.341658669218482203e+01 3.395585369269929288e+01 3.228002478313794654e+01 3.157530680769388809e+01 2.823118842698620767e+01 3.733630940518894192e+01 1.503329637837290811e+01 4.738143096192853676e+01 3.667424164178449786e+01 4.780167361086847677e+01 1.345362404707370985e+01 3.635931792539568619e+01 2.247220505424423109e+01
2.140093455903269515e+01 0.000000000000000000e+00 3.088689042296100240e+01 1.664331697709323876e+01 7.000000000000000000e+00 1.513274595042155646e+01 2.360084744241189370e+01 2.300000000000000000e+01 1.000000000000000000e+01 1.600000000000000000e+01 6.708203932499369415e+00 1.749285568453590045e+01 3.111269837220809009e+01 2.024845673131658685e+01 1.345362404707370985e+01 3.001666203960726875e+01 2.531797780234432693e+01 1.676305461424021104e+01 3.162277660168379256e+01 1.565247584249852864e+01 9.219544457292887074e+00 3.255764119219941222e+01 1.414213562373095101e+01 2.640075756488817049e+01 2.507987240796890660e+01 2.773084924772409465e+01 2.729468812791236232e+01 1.523154621172781731e+01 7.810249675906653977e+00
2.973213749463701205e+01 3.088689042296100240e+01 0.000000000000000000e+00 1.802775637731994607e+01 2.500000000000000000e+01 1.769180601295413169e+01 1.360147050873544394e+01 2.816025568065744622e+01 2.213594362117865444e+01 4.554119014694280310e+01 2.418677324489564739e+01 4.837354648979129479e+01 8.602325267042626677e+00 3.423448553724738019e+01 3.634556369077249371e+01 3.001666203960726875e+01 3.257299494980465937e+01 4.742362280551750331e+01 3.162277660168379523e+00 4.652956049652736681e+01 3.981205847478876336e+01 1.029563014098700080e+01 3.828837943815329226e+01 4.341658669218482203e+01 1.878829422805593552e+01 4.026164427839479032e+01 1.900000000000000000e+01 4.197618372363071160e+01 2.376972864800942631e+01
2.816025568065744622e+01 1.664331697709323876e+01 1.802775637731994607e+01 0.000000000000000000e+00 1.414213562373095101e+01 1.341640786499873883e+01 7.071067811865475505e+00 1.272792206135785520e+01 6.708203932499369415e+00 2.865309756378880479e+01 1.140175425099137918e+01 3.324154027718932269e+01 1.526433752247374720e+01 1.676305461424021104e+01 1.843908891458577415e+01 3.361547262794321966e+01 1.702938636592640265e+01 3.140063693621516450e+01 1.746424919657297892e+01 3.114482300479487265e+01 2.408318915758459156e+01 1.640121946685672683e+01 2.886173937932362321e+01 2.596150997149434048e+01 9.055385138137417300e+00 2.370653918225939449e+01 2.545584412271571040e+01 2.435159132377184221e+01 8.944271909999159220e+00
1.640121946685672683e+01 7.000000000000000000e+00 2.500000000000000000e+01 1.414213562373095101e+01 0.000000000000000000e+00 8.246211251235321171e+00 2.024845673131658685e+01 2.404163056034261459e+01 8.062257748298549132e+00 2.300000000000000000e+01 3.162277660168379523e+00 2.376972864800942631e+01 2.662705391138869615e+01 2.360084744241189370e+01 1.886796226411320632e+01 2.420743687382040932e+01 2.731300056749532601e+01 2.353720459187963954e+01 2.617250465660480074e+01 2.213594362117865444e+01 1.612451549659709826e+01 2.830194339616981125e+01 1.486606874731850603e+01 3.114482300479487265e+01 2.319482700948640286e+01 3.140063693621516450e+01 2.039607805437113797e+01 2.184032966784155505e+01 6.324555320336759046e+00
1.513274595042155646e+01 1.513274595042155646e+01 1.769180601295413169e+01 1.341640786499873883e+01 8.246211251235321171e+00 0.000000000000000000e+00 1.702938636592640265e+01 2.580697580112788003e+01 1.081665382639196871e+01 3.106444913401813324e+01 9.055385138137417300e+00 3.195309061734091571e+01 2.118962010041709121e+01 2.780287754891568852e+01 2.529822128134703618e+01 2.024845673131658685e+01 2.983286778035259701e+01 3.178049716414140846e+01 1.941648783894759944e+01 3.036445290137795183e+01 2.433105012119287736e+01 2.308679276123039159e+01 2.061552812808830382e+01 3.635931792539568619e+01 2.158703314492290204e+01 3.546829570193639825e+01 1.341640786499873883e+01 2.927456233660889495e+01 1.077032961426900748e+01
3.214031735997639316e+01 2.360084744241189370e+01 1.360147050873544394e+01 7.071067811865475505e+00 2.024845673131658685e+01 1.702938636592640265e+01 0.000000000000000000e+00 1.456021977856103611e+01 1.360147050873544394e+01 3.551056180912940619e+01 1.788854381999831844e+01 4.031128874149274566e+01 8.544003745317530374e+00 2.100000000000000000e+01 2.469817807045693669e+01 3.605551275463989214e+01 1.897366596101027625e+01 3.841874542459709119e+01 1.204159457879229578e+01 3.820994634908559817e+01 3.114482300479487265e+01 9.433981132056603158e+00 3.511409973215887703e+01 3.006659275674581622e+01 5.656854249492380582e+00 2.668332812825266842e+01 2.641968962724581260e+01 3.087069808086626210e+01 1.581138830084189628e+01
3.981205847478876336e+01 2.300000000000000000e+01 2.816025568065744622e+01 1.272792206135785520e+01 2.404163056034261459e+01 2.580697580112788003e+01 1.456021977856103611e+01 0.000000000000000000e+00 1.615549442140351033e+01 2.801785145224380003e+01 2.088061301782110135e+01 3.534119409414458346e+01 2.202271554554523902e+01 8.062257748298549132e+00 1.581138830084189628e+01 4.604345773288535071e+01 4.472135954999579610e+00 3.224903099319419653e+01 2.647640458974745314e+01 3.310589071449369669e+01 2.657066051117284644e+01 2.202271554554523902e+01 3.705401462729781059e+01 1.612451549659709826e+01 1.000000000000000000e+01 1.216552506059643868e+01 3.818376618407356915e+01 2.202271554554523902e+01 1.772004514666934938e+01
2.370653918225939449e+01 1.000000000000000000e+01 2.213594362117865444e+01 6.708203932499369415e+00 8.062257748298549132e+00 1.081665382639196871e+01 1.360147050873544394e+01 1.615549442140351033e+01 0.000000000000000000e+00 2.340939982143925135e+01 5.000000000000000000e+00 2.701851217221259205e+01 2.126029162546929996e+01 1.702938636592640265e+01 1.513274595042155646e+01 3.047950130825634218e+01 1.972308292331602075e+01 2.555386467836127551e+01 2.236067977499789805e+01 2.500000000000000000e+01 1.802775637731994607e+01 2.262741699796952233e+01 2.236067977499789805e+01 2.555386467836127551e+01 1.552417469626002422e+01 2.475883680627989492e+01 2.418677324489564739e+01 2.009975124224177989e+01 2.236067977499789805e+00
3.546829570193639825e+01 1.600000000000000000e+01 4.554119014694280310e+01 2.865309756378880479e+01 2.300000000000000000e+01 3.106444913401813324e+01 3.551056180912940619e+01 2.801785145224380003e+01 2.340939982143925135e+01 0.000000000000000000e+00 2.220360331117451835e+01 9.055385138137417300e+00 4.390899680020029905e+01 2.102379604162863913e+01 1.220655561573370207e+01 4.459820624195551630e+01 2.773084924772409465e+01 5.000000000000000000e+00 4.569463863518345192e+01 7.280109889280518054e+00 7.280109889280518054e+00 4.494441010848846219e+01 2.280350850198275836e+01 2.100000000000000000e+01 3.471310991541956525e+01 2.531797780234432693e+01 4.318564576337836769e+01 6.324555320336759046e+00 2.184032966784155505e+01
1.941648783894759944e+01 6.708203932499369415e+00 2.418677324489564739e+01 1.140175425099137918e+01 3.162277660168379523e+00 9.055385138137417300e+00 1.788854381999831844e+01 2.088061301782110135e+01 5.000000000000000000e+00 2.220360331117451835e+01 0.000000000000000000e+00 2.418677324489564739e+01 2.483948469674844262e+01 2.061552812808830382e+01 1.655294535724684835e+01 2.690724809414741969e+01 2.416609194718914466e+01 2.340939982143925135e+01 2.500000000000000000e+01 2.236067977499789805e+01 1.581138830084189628e+01 2.640075756488817049e+01 1.746424919657297892e+01 2.842534080710379030e+01 2.039607805437113797e+01 2.842534080710379030e+01 2.213594362117865444e+01 2.022374841615668473e+01 3.162277660168379523e+00
3.224903099319419653e+01 1.749285568453590045e+01 4.837354648979129479e+01 3.324154027718932269e+01 2.376972864800942631e+01 3.195309061734091571e+01 4.031128874149274566e+01 3.534119409414458346e+01 2.701851217221259205e+01 9.055385138137417300e+00 2.418677324489564739e+01 0.000000000000000000e+00 4.827007354458868349e+01 2.912043955712207222e+01 1.992485884517127559e+01 4.143669871020131978e+01 3.573513677041127323e+01 4.123105625617660586e+00 4.909175083453430943e+01 2.236067977499789805e+00 9.219544457292887074e+00 4.957822102496216132e+01 1.772004514666934938e+01 3.001666203960726875e+01 4.060788100849390503e+01 3.413209633175202384e+01 4.229657196511320194e+01 1.503329637837290811e+01 2.500000000000000000e+01
3.535533905932737753e+01 3.111269837220809009e+01 8.602325267042626677e+00 1.526433752247374720e+01 2.662705391138869615e+01 2.118962010041709121e+01 8.544003745317530374e+00 2.202271554554523902e+01 2.126029162546929996e+01 4.390899680020029905e+01 2.483948469674844262e+01 4.827007354458868349e+01 0.000000000000000000e+00 2.915475947422650194e+01 3.324154027718932269e+01 3.721558813185679071e+01 2.617250465660480074e+01 4.661544808322666000e+01 5.656854249492380582e+00 4.622769732530488085e+01 3.920459156782531807e+01 2.000000000000000000e+00 4.118252056394800320e+01 3.801315561749642313e+01 1.204159457879229578e+01 3.413209633175202384e+01 2.647640458974745314e+01 3.939543120718441571e+01 2.334523505985750447e+01
4.000000000000000000e+01 2.024845673131658685e+01 3.423448553724738019e+01 1.676305461424021104e+01 2.360084744241189370e+01 2.780287754891568852e+01 2.100000000000000000e+01 8.062257748298549132e+00 1.702938636592640265e+01 2.102379604162863913e+01 2.061552812808830382e+01 2.912043955712207222e+01 2.915475947422650194e+01 0.000000000000000000e+00 9.219544457292887074e+00 4.738143096192853676e+01 6.708203932499369415e+00 2.563201123595259290e+01 3.301514803843835466e+01 2.692582403567251959e+01 2.109502310972898798e+01 2.942787793912432193e+01 3.420526275297414287e+01 9.219544457292887074e+00 1.746424919657297892e+01 7.810249675906653977e+00 4.104875150354758517e+01 1.476482306023340030e+01 1.769180601295413169e+01
3.471310991541956525e+01 1.345362404707370985e+01 3.634556369077249371e+01 1.843908891458577415e+01 1.886796226411320632e+01 2.529822128134703618e+01 2.469817807045693669e+01 1.581138830084189628e+01 1.513274595042155646e+01 1.220655561573370207e+01 1.655294535724684835e+01 1.992485884517127559e+01 3.324154027718932269e+01 9.219544457292887074e+00 0.000000000000000000e+00 4.301162633521313694e+01 1.581138830084189628e+01 1.655294535724684835e+01 3.590264614203248072e+01 1.772004514666934938e+01 1.200000000000000000e+01 3.401470270338990076e+01 2.640075756488817049e+01 1.303840481040529831e+01 2.302172886644267535e+01 1.529705854077835525e+01 3.862641583165593318e+01 6.403124237432848531e+00 1.456021977856103611e+01
9.219544457292887074e+00 3.001666203960726875e+01 3.001666203960726875e+01 3.361547262794321966e+01 2.420743687382040932e+01 2.024845673131658685e+01 3.605551275463989214e+01 4.604345773288535071e+01 3.047950130825634218e+01 4.459820624195551630e+01 2.690724809414741969e+01 4.143669871020131978e+01 3.721558813185679071e+01 4.738143096192853676e+01 4.301162633521313694e+01 0.000000000000000000e+00 5.000000000000000000e+01 4.317406628984580408e+01 3.300000000000000000e+01 4.079215610874227593e+01 3.733630940518894192e+01 3.920459156782531807e+01 2.402082429892862692e+01 5.531726674375732244e+01 4.123105625617660763e+01 5.517245689653488938e+01 1.104536101718726115e+01 4.517742799230607176e+01 2.969848480983499428e+01
4.341658669218482203e+01 2.531797780234432693e+01 3.257299494980465937e+01 1.702938636592640265e+01 2.731300056749532601e+01 2.983286778035259701e+01 1.897366596101027625e+01 4.472135954999579610e+00 1.972308292331602075e+01 2.773084924772409465e+01 2.416609194718914466e+01 3.573513677041127323e+01 2.617250465660480074e+01 6.708203932499369415e+00 1.581138830084189628e+01 5.000000000000000000e+01 0.000000000000000000e+00 3.231098884280702066e+01 3.080584360149872580e+01 3.352610922848042208e+01 2.745906043549196340e+01 2.601922366251537611e+01 3.945883931389771959e+01 1.264911064067351809e+01 1.414213562373095101e+01 8.000000000000000000e+00 4.244997055358224713e+01 2.147091055358388800e+01 2.102379604162863913e+01
3.395585369269929288e+01 1.676305461424021104e+01 4.742362280551750331e+01 3.140063693621516450e+01 2.353720459187963954e+01 3.178049716414140846e+01 3.841874542459709119e+01 3.224903099319419653e+01 2.555386467836127551e+01 5.000000000000000000e+00 2.340939982143925135e+01 4.123105625617660586e+00 4.661544808322666000e+01 2.563201123595259290e+01 1.655294535724684835e+01 4.317406628984580408e+01 3.231098884280702066e+01 0.000000000000000000e+00 4.788527957525151635e+01 2.828427124746190291e+00 7.615773105863908654e+00 4.780167361086847677e+01 2.012461179749810825e+01 2.600000000000000000e+01 3.820994634908559817e+01 3.026549190084311292e+01 4.301162633521313694e+01 1.118033988749894903e+01 2.370653918225939449e+01
3.228002478313794654e+01 3.162277660168379256e+01 3.162277660168379523e+00 1.746424919657297892e+01 2.617250465660480074e+01 1.941648783894759944e+01 1.204159457879229578e+01 2.647640458974745314e+01 2.236067977499789805e+01 4.569463863518345192e+01 2.500000000000000000e+01 4.909175083453430943e+01 5.656854249492380582e+00 3.301514803843835466e+01 3.590264614203248072e+01 3.300000000000000000e+01 3.080584360149872580e+01 4.788527957525151635e+01 0.000000000000000000e+00 4.716990566028302112e+01 4.031128874149274566e+01 7.211102550927978250e+00 4.000000000000000000e+01 4.210700654285459876e+01 1.676305461424021104e+01 3.863935817272331263e+01 2.202271554554523902e+01 4.176122603564220270e+01 2.418677324489564739e+01
3.157530680769388809e+01 1.565247584249852864e+01 4.652956049652736681e+01 3.114482300479487265e+01 2.213594362117865444e+01 3.036445290137795183e+01 3.820994634908559817e+01 3.310589071449369669e+01 2.500000000000000000e+01 7.280109889280518054e+00 2.236067977499789805e+01 2.236067977499789805e+00 4.622769732530488085e+01 2.692582403567251959e+01 1.772004514666934938e+01 4.079215610874227593e+01 3.352610922848042208e+01 2.828427124746190291e+00 4.716990566028302112e+01 0.000000000000000000e+00 7.071067811865475505e+00 4.750789408087881327e+01 1.746424919657297892e+01 2.807133769523639799e+01 3.841874542459709119e+01 3.206243908376279705e+01 4.110960958218893069e+01 1.300000000000000000e+01 2.302172886644267535e+01
2.823118842698620767e+01 9.219544457292887074e+00 3.981205847478876336e+01 2.408318915758459156e+01 1.612451549659709826e+01 2.433105012119287736e+01 3.114482300479487265e+01 2.657066051117284644e+01 1.802775637731994607e+01 7.280109889280518054e+00 1.581138830084189628e+01 9.219544457292887074e+00 3.920459156782531807e+01 2.109502310972898798e+01 1.200000000000000000e+01 3.733630940518894192e+01 2.745906043549196340e+01 7.615773105863908654e+00 4.031128874149274566e+01 7.071067811865475505e+00 0.000000000000000000e+00 4.045985664828781836e+01 1.627882059609970611e+01 2.404163056034261459e+01 3.140063693621516450e+01 2.716615541441224835e+01 3.605551275463989214e+01 9.433981132056603158e+00 1.612451549659709826e+01
3.733630940518894192e+01 3.255764119219941222e+01 1.029563014098700080e+01 1.640121946685672683e+01 2.830194339616981125e+01 2.308679276123039159e+01 9.433981132056603158e+00 2.202271554554523902e+01 2.262741699796952233e+01 4.494441010848846219e+01 2.640075756488817049e+01 4.957822102496216132e+01 2.000000000000000000e+00 2.942787793912432193e+01 3.401470270338990076e+01 3.920459156782531807e+01 2.601922366251537611e+01 4.780167361086847677e+01 7.211102550927978250e+00 4.750789408087881327e+01 4.045985664828781836e+01 0.000000000000000000e+00 4.294182110716777601e+01 3.811823710509183627e+01 1.204159457879229578e+01 3.401470270338990076e+01 2.844292530665578411e+01 4.024922359499621649e+01 2.475883680627989492e+01
1.503329637837290811e+01 1.414213562373095101e+01 3.828837943815329226e+01 2.886173937932362321e+01 1.486606874731850603e+01 2.061552812808830382e+01 3.511409973215887703e+01 3.705401462729781059e+01 2.236067977499789805e+01 2.280350850198275836e+01 1.746424919657297892e+01 1.772004514666934938e+01 4.118252056394800320e+01 3.420526275297414287e+01 2.640075756488817049e+01 2.402082429892862692e+01 3.945883931389771959e+01 2.012461179749810825e+01 4.000000000000000000e+01 1.746424919657297892e+01 1.627882059609970611e+01 4.294182110716777601e+01 0.000000000000000000e+00 3.935733730830885690e+01 3.785498646149540036e+01 4.143669871020131978e+01 2.692582403567251959e+01 2.561249694973139412e+01 2.022374841615668473e+01
4.738143096192853676e+01 2.640075756488817049e+01 4.341658669218482203e+01 2.596150997149434048e+01 3.114482300479487265e+01 3.635931792539568619e+01 3.006659275674581622e+01 1.612451549659709826e+01 2.555386467836127551e+01 2.100000000000000000e+01 2.842534080710379030e+01 3.001666203960726875e+01 3.801315561749642313e+01 9.219544457292887074e+00 1.303840481040529831e+01 5.531726674375732244e+01 1.264911064067351809e+01 2.600000000000000000e+01 4.210700654285459876e+01 2.807133769523639799e+01 2.404163056034261459e+01 3.811823710509183627e+01 3.935733730830885690e+01 0.000000000000000000e+00 2.607680962081059661e+01 5.656854249492380582e+00 4.973932046178354938e+01 1.513274595042155646e+01 2.580697580112788003e+01
3.667424164178449786e+01 2.507987240796890660e+01 1.878829422805593552e+01 9.055385138137417300e+00 2.319482700948640286e+01 2.158703314492290204e+01 5.656854249492380582e+00 1.000000000000000000e+01 1.552417469626002422e+01 3.471310991541956525e+01 2.039607805437113797e+01 4.060788100849390503e+01 1.204159457879229578e+01 1.746424919657297892e+01 2.302172886644267535e+01 4.123105625617660763e+01 1.414213562373095101e+01 3.820994634908559817e+01 1.676305461424021104e+01 3.841874542459709119e+01 3.140063693621516450e+01 1.204159457879229578e+01 3.785498646149540036e+01 2.607680962081059661e+01 0.000000000000000000e+00 2.209072203437452231e+01 3.190611226708763226e+01 2.941088233970548416e+01 1.772004514666934938e+01
4.780167361086847677e+01 2.773084924772409465e+01 4.026164427839479032e+01 2.370653918225939449e+01 3.140063693621516450e+01 3.546829570193639825e+01 2.668332812825266842e+01 1.216552506059643868e+01 2.475883680627989492e+01 2.531797780234432693e+01 2.842534080710379030e+01 3.413209633175202384e+01 3.413209633175202384e+01 7.810249675906653977e+00 1.529705854077835525e+01 5.517245689653488938e+01 8.000000000000000000e+00 3.026549190084311292e+01 3.863935817272331263e+01 3.206243908376279705e+01 2.716615541441224835e+01 3.401470270338990076e+01 4.143669871020131978e+01 5.656854249492380582e+00 2.209072203437452231e+01 0.000000000000000000e+00 4.860041152089146976e+01 1.910497317454279909e+01 2.549509756796392423e+01
1.345362404707370985e+01 2.729468812791236232e+01 1.900000000000000000e+01 2.545584412271571040e+01 2.039607805437113797e+01 1.341640786499873883e+01 2.641968962724581260e+01 3.818376618407356915e+01 2.418677324489564739e+01 4.318564576337836769e+01 2.213594362117865444e+01 4.229657196511320194e+01 2.647640458974745314e+01 4.104875150354758517e+01 3.862641583165593318e+01 1.104536101718726115e+01 4.244997055358224713e+01 4.301162633521313694e+01 2.202271554554523902e+01 4.110960958218893069e+01 3.605551275463989214e+01 2.844292530665578411e+01 2.692582403567251959e+01 4.973932046178354938e+01 3.190611226708763226e+01 4.860041152089146976e+01 0.000000000000000000e+00 4.220189569201838253e+01 2.416609194718914466e+01
3.635931792539568619e+01 1.523154621172781731e+01 4.197618372363071160e+01 2.435159132377184221e+01 2.184032966784155505e+01 2.927456233660889495e+01 3.087069808086626210e+01 2.202271554554523902e+01 2.009975124224177989e+01 6.324555320336759046e+00 2.022374841615668473e+01 1.503329637837290811e+01 3.939543120718441571e+01 1.476482306023340030e+01 6.403124237432848531e+00 4.517742799230607176e+01 2.147091055358388800e+01 1.118033988749894903e+01 4.176122603564220270e+01 1.300000000000000000e+01 9.433981132056603158e+00 4.024922359499621649e+01 2.561249694973139412e+01 1.513274595042155646e+01 2.941088233970548416e+01 1.910497317454279909e+01 4.220189569201838253e+01 0.000000000000000000e+00 1.900000000000000000e+01
2.247220505424423109e+01 7.810249675906653977e+00 2.376972864800942631e+01 8.944271909999159220e+00 6.324555320336759046e+00 1.077032961426900748e+01 1.581138830084189628e+01 1.772004514666934938e+01 2.236067977499789805e+00 2.184032966784155505e+01 3.162277660168379523e+00 2.500000000000000000e+01 2.334523505985750447e+01 1.769180601295413169e+01 1.456021977856103611e+01 2.969848480983499428e+01 2.102379604162863913e+01 2.370653918225939449e+01 2.418677324489564739e+01 2.302172886644267535e+01 1.612451549659709826e+01 2.475883680627989492e+01 2.022374841615668473e+01 2.580697580112788003e+01 1.772004514666934938e+01 2.549509756796392423e+01 2.416609194718914466e+01 1.900000000000000000e+01 0.000000000000000000e+00
