0.000000000000000000e+00 1.702938636592640265e+01 1.204159457879229578e+01 8.246211251235321171e+00 2.920616373302046753e+01 1.486606874731850603e+01 1.676305461424021104e+01 1.044030650891055068e+01 1.300000000000000000e+01 1.166190378969060149e+01 2.118962010041709121e+01 3.000000000000000000e+00 1.220655561573370207e+01 5.000000000000000000e+00 8.944271909999159220e+00 1.004987562112088995e+01 1.414213562373095101e+01 2.418677324489564739e+01 2.580697580112788003e+01 7.810249675906653977e+00 1.612451549659709826e+01
1.702938636592640265e+01 0.000000000000000000e+00 1.204159457879229578e+01 2.501999200639360765e+01 1.802775637731994607e+01 1.081665382639196871e+01 2.662705391138869615e+01 2.707397274136176790e+01 3.001666203960726875e+01 2.745906043549196340e+01 3.061045573002793319e+01 1.746424919657297892e+01 2.563201123595259290e+01 1.431782106327635340e+01 2.284731931759172596e+01 2.707397274136176790e+01 2.302172886644267535e+01 8.062257748298549132e+00 2.009975124224177989e+01 2.256102834535695578e+01 9.486832980505138124e+00
1.204159457879229578e+01 1.204159457879229578e+01 0.000000000000000000e+00 1.972308292331602075e+01 2.952964612046680060e+01 1.811077027627483460e+01 2.778488797889960793e+01 2.195449840010014952e+01 2.340939982143925135e+01 2.360084744241189370e+01 3.224903099319419653e+01 1.029563014098700080e+01 2.408318915758459156e+01 1.341640786499873883e+01 1.300000000000000000e+01 2.024845673131658685e+01 2.459674775249768786e+01 1.581138830084189628e+01 2.961418578992169515e+01 1.979898987322333070e+01 5.000000000000000000e+00
8.246211251235321171e+00 2.501999200639360765e+01 1.972308292331602075e+01 0.000000000000000000e+00 3.488552708502481892e+01 2.061552812808830382e+01 1.431782106327635340e+01 2.236067977499789805e+00 5.385164807134503739e+00 4.472135954999579610e+00 1.802775637731994607e+01 9.433981132056603158e+00 8.062257748298549132e+00 1.118033988749894903e+01 1.077032961426900748e+01 3.605551275463989125e+00 1.341640786499873883e+01 3.238826948140329165e+01 2.983286778035259701e+01 5.000000000000000000e+00 2.416609194718914466e+01
2.920616373302046753e+01 1.802775637731994607e+01 2.952964612046680060e+01 3.488552708502481892e+01 0.000000000000000000e+00 1.442220510185595650e+01 2.807133769523639799e+01 3.624913792078371699e+01 4.024922359499621649e+01 3.511409973215887703e+01 3.006659275674581622e+01 3.114482300479487265e+01 3.104834939252004844e+01 2.441311123146740414e+01 3.748332962798262713e+01 3.807886552931954327e+01 2.531797780234432693e+01 2.102379604162863913e+01 8.544003745317530374e+00 3.046309242345563462e+01 2.751363298439520833e+01
1.486606874731850603e+01 1.081665382639196871e+01 1.811077027627483460e+01 2.061552812808830382e+01 1.442220510185595650e+01 0.000000000000000000e+00 1.708800749063506075e+01 2.213594362117865444e+01 2.600000000000000000e+01 2.137755832643194864e+01 2.059126028197400160e+01 1.702938636592640265e+01 1.800000000000000000e+01 1.000000000000000000e+01 2.343074902771996193e+01 2.370653918225939449e+01 1.360147050873544394e+01 1.838477631085023489e+01 1.170469991071962568e+01 1.649242250247064234e+01 1.824828759089465890e+01
1.676305461424021104e+01 2.662705391138869615e+01 2.778488797889960793e+01 1.431782106327635340e+01 2.807133769523639799e+01 1.708800749063506075e+01 0.000000000000000000e+00 1.392838827718411920e+01 1.788854381999831844e+01 1.118033988749894903e+01 4.472135954999579610e+00 1.964688270438849926e+01 6.324555320336759046e+00 1.442220510185595650e+01 2.402082429892862692e+01 1.772004514666934938e+01 3.605551275463989125e+00 3.466987164671942878e+01 2.061552812808830382e+01 1.000000000000000000e+01 3.061045573002793319e+01
1.044030650891055068e+01 2.707397274136176790e+01 2.195449840010014952e+01 2.236067977499789805e+00 3.624913792078371699e+01 2.213594362117865444e+01 1.392838827718411920e+01 0.000000000000000000e+00 4.242640687119284770e+00 3.000000000000000000e+00 1.726267650163206824e+01 1.166190378969060149e+01 7.615773105863908654e+00 1.303840481040529831e+01 1.252996408614166768e+01 4.000000000000000000e+00 1.360147050873544394e+01 3.452535300326413648e+01 3.080584360149872580e+01 5.830951894845300743e+00 2.640075756488817049e+01
1.300000000000000000e+01 3.001666203960726875e+01 2.340939982143925135e+01 5.385164807134503739e+00 4.024922359499621649e+01 2.600000000000000000e+01 1.788854381999831844e+01 4.242640687119284770e+00 0.000000000000000000e+00 6.708203932499369415e+00 2.088061301782110135e+01 1.334166406412633421e+01 1.166190378969060149e+01 1.649242250247064234e+01 1.204159457879229578e+01 3.162277660168379523e+00 1.780449381476485726e+01 3.712142238654116966e+01 3.500000000000000000e+01 1.000000000000000000e+01 2.816025568065744622e+01
1.166190378969060149e+01 2.745906043549196340e+01 2.360084744241189370e+01 4.472135954999579610e+00 3.511409973215887703e+01 2.137755832643194864e+01 1.118033988749894903e+01 3.000000000000000000e+00 6.708203932499369415e+00 0.000000000000000000e+00 1.431782106327635340e+01 1.345362404707370985e+01 5.000000000000000000e+00 1.315294643796590535e+01 1.523154621172781731e+01 7.000000000000000000e+00 1.131370849898476116e+01 3.517101079013794873e+01 2.915475947422650194e+01 5.000000000000000000e+00 2.778488797889960793e+01
2.118962010041709121e+01 3.061045573002793319e+01 3.224903099319419653e+01 1.802775637731994607e+01 3.006659275674581622e+01 2.059126028197400160e+01 4.472135954999579610e+00 1.726267650163206824e+01 2.088061301782110135e+01 1.431782106327635340e+01 0.000000000000000000e+00 2.404163056034261459e+01 1.000000000000000000e+01 1.886796226411320632e+01 2.816025568065744622e+01 2.121320343559642652e+01 7.810249675906653977e+00 3.860051813123756403e+01 2.202271554554523902e+01 1.414213562373095101e+01 3.500000000000000000e+01
3.000000000000000000e+00 1.746424919657297892e+01 1.029563014098700080e+01 9.433981132056603158e+00 3.114482300479487265e+01 1.702938636592640265e+01 1.964688270438849926e+01 1.166190378969060149e+01 1.334166406412633421e+01 1.345362404707370985e+01 2.404163056034261459e+01 0.000000000000000000e+00 1.476482306023340030e+01 7.615773105863908654e+00 6.403124237432848531e+00 1.019803902718556898e+01 1.711724276862369010e+01 2.400000000000000000e+01 2.830194339616981125e+01 1.029563014098700080e+01 1.486606874731850603e+01
1.220655561573370207e+01 2.563201123595259290e+01 2.408318915758459156e+01 8.062257748298549132e+00 3.104834939252004844e+01 1.800000000000000000e+01 6.324555320336759046e+00 7.615773105863908654e+00 1.166190378969060149e+01 5.000000000000000000e+00 1.000000000000000000e+01 1.476482306023340030e+01 0.000000000000000000e+00 1.166190378969060149e+01 1.824828759089465890e+01 1.140175425099137918e+01 6.403124237432848531e+00 3.361547262794321966e+01 2.459674775249768786e+01 4.472135954999579610e+00 2.765863337187866122e+01
5.000000000000000000e+00 1.431782106327635340e+01 1.341640786499873883e+01 1.118033988749894903e+01 2.441311123146740414e+01 1.000000000000000000e+01 1.442220510185595650e+01 1.303840481040529831e+01 1.649242250247064234e+01 1.315294643796590535e+01 1.886796226411320632e+01 7.615773105863908654e+00 1.166190378969060149e+01 0.000000000000000000e+00 1.389244398944980396e+01 1.392838827718411920e+01 1.118033988749894903e+01 2.213594362117865444e+01 2.080865204668481283e+01 8.246211251235321171e+00 1.627882059609970611e+01
8.944271909999159220e+00 2.284731931759172596e+01 1.300000000000000000e+01 1.077032961426900748e+01 3.748332962798262713e+01 2.343074902771996193e+01 2.402082429892862692e+01 1.252996408614166768e+01 1.204159457879229578e+01 1.523154621172781731e+01 2.816025568065744622e+01 6.403124237432848531e+00 1.824828759089465890e+01 1.389244398944980396e+01 0.000000000000000000e+00 9.219544457292887074e+00 2.209072203437452231e+01 2.844292530665578411e+01 3.466987164671942878e+01 1.403566884761819900e+01 1.800000000000000000e+01
1.004987562112088995e+01 2.707397274136176790e+01 2.024845673131658685e+01 3.605551275463989125e+00 3.807886552931954327e+01 2.370653918225939449e+01 1.772004514666934938e+01 4.000000000000000000e+00 3.162277660168379523e+00 7.000000000000000000e+00 2.121320343559642652e+01 1.019803902718556898e+01 1.140175425099137918e+01 1.392838827718411920e+01 9.219544457292887074e+00 0.000000000000000000e+00 1.700000000000000000e+01 3.405877273185280529e+01 3.330165161069342616e+01 8.602325267042626677e+00 2.500000000000000000e+01
1.414213562373095101e+01 2.302172886644267535e+01 2.459674775249768786e+01 1.341640786499873883e+01 2.531797780234432693e+01 1.360147050873544394e+01 3.605551275463989125e+00 1.360147050873544394e+01 1.780449381476485726e+01 1.131370849898476116e+01 7.810249675906653977e+00 1.711724276862369010e+01 6.403124237432848531e+00 1.118033988749894903e+01 2.209072203437452231e+01 1.700000000000000000e+01 0.000000000000000000e+00 3.106444913401813324e+01 1.838477631085023489e+01 8.544003745317530374e+00 2.720294101747088789e+01
2.418677324489564739e+01 8.062257748298549132e+00 1.581138830084189628e+01 3.238826948140329165e+01 2.102379604162863913e+01 1.838477631085023489e+01 3.466987164671942878e+01 3.452535300326413648e+01 3.712142238654116966e+01 3.517101079013794873e+01 3.860051813123756403e+01 2.400000000000000000e+01 3.361547262794321966e+01 2.213594362117865444e+01 2.844292530665578411e+01 3.405877273185280529e+01 3.106444913401813324e+01 0.000000000000000000e+00 2.563201123595259290e+01 3.036445290137795183e+01 1.118033988749894903e+01
2.580697580112788003e+01 2.009975124224177989e+01 2.961418578992169515e+01 2.983286778035259701e+01 8.544003745317530374e+00 1.170469991071962568e+01 2.061552812808830382e+01 3.080584360149872580e+01 3.500000000000000000e+01 2.915475947422650194e+01 2.202271554554523902e+01 2.830194339616981125e+01 2.459674775249768786e+01 2.080865204668481283e+01 3.466987164671942878e+01 3.330165161069342616e+01 1.838477631085023489e+01 2.563201123595259290e+01 0.000000000000000000e+00 2.500000000000000000e+01 2.901723625709381693e+01
7.810249675906653977e+00 2.256102834535695578e+01 1.979898987322333070e+01 5.000000000000000000e+00 3.046309242345563462e+01 1.649242250247064234e+01 1.000000000000000000e+01 5.830951894845300743e+00 1.000000000000000000e+01 5.000000000000000000e+00 1.414213562373095101e+01 1.029563014098700080e+01 4.472135954999579610e+00 8.246211251235321171e+00 1.403566884761819900e+01 8.602325267042626677e+00 8.544003745317530374e+00 3.036445290137795183e+01 2.500000000000000000e+01 0.000000000000000000e+00 2.360084744241189370e+01
1.612451549659709826e+01 9.486832980505138124e+00 5.000000000000000000e+00 2.416609194718914466e+01 2.751363298439520833e+01 1.824828759089465890e+01 3.061045573002793319e+01 2.640075756488817049e+01 2.816025568065744622e+01 2.778488797889960793e+01 3.500000000000000000e+01 1.486606874731850603e+01 2.765863337187866122e+01 1.627882059609970611e+01 1.800000000000000000e+01 2.500000000000000000e+01 2.720294101747088789e+01 1.118033988749894903e+01 2.901723625709381693e+01 2.360084744241189370e+01 0.000000000000000000e+00
