0.000000000000000000e+00 2.024845673131658685e+01 4.123105625617660586e+00 1.900000000000000000e+01 1.979898987322333070e+01 2.193171219946130890e+01 4.295346318982905842e+01 3.354101966249684352e+01 1.964688270438849926e+01 1.992485884517127559e+01 4.176122603564220270e+01 2.475883680627989492e+01 3.014962686336266984e+01 4.044749683231336945e+01 1.780449381476485726e+01 2.420743687382040932e+01 3.300000000000000000e+01 1.360147050873544394e+01 2.220360331117451835e+01 4.332435804486893716e+01 3.201562118716424266e+01 2.370653918225939449e+01 2.707397274136176790e+01 2.983286778035259701e+01 3.275667870831839679e+01 3.324154027718932269e+01 2.236067977499789805e+01 2.340939982143925135e+01
2.024845673131658685e+01 0.000000000000000000e+00 1.931320791582796659e+01 1.878829422805593552e+01 4.242640687119284770e+00 3.605551275463989125e+00 3.201562118716424266e+01 2.459674775249768786e+01 1.442220510185595650e+01 5.385164807134503739e+00 2.942787793912432193e+01 7.000000000000000000e+00 2.360084744241189370e+01 3.101612483854164637e+01 6.708203932499369415e+00 4.472135954999579610e+00 2.780287754891568852e+01 8.062257748298549132e+00 1.486606874731850603e+01 3.014962686336266984e+01 2.640075756488817049e+01 4.000000000000000000e+00 2.193171219946130890e+01 1.000000000000000000e+01 2.325940669922601600e+01 2.061552812808830382e+01 1.702938636592640265e+01 1.421267040355189515e+01
4.123105625617660586e+00 1.931320791582796659e+01 0.000000000000000000e+00 1.503329637837290811e+01 1.802775637731994607e+01 2.158703314492290204e+01 3.929376540877699853e+01 2.983286778035259701e+01 1.615549442140351033e+01 2.009975124224177989e+01 3.827531841800927737e+01 2.280350850198275836e+01 2.630589287593181069e+01 3.667424164178449786e+01 1.562049935181330795e+01 2.282542442102665348e+01 2.901723625709381693e+01 1.400000000000000000e+01 2.404163056034261459e+01 3.992492955535426091e+01 2.807133769523639799e+01 2.308679276123039159e+01 2.319482700948640286e+01 2.830194339616981125e+01 2.912043955712207222e+01 2.996664812754339380e+01 1.868154169226940553e+01 2.012461179749810825e+01
1.900000000000000000e+01 1.878829422805593552e+01 1.503329637837290811e+01 0.000000000000000000e+00 1.486606874731850603e+01 2.236067977499789805e+01 2.469817807045693669e+01 1.523154621172781731e+01 5.000000000000000000e+00 2.302172886644267535e+01 2.418677324489564739e+01 1.702938636592640265e+01 1.140175425099137918e+01 2.184032966784155505e+01 1.208304597359457233e+01 1.941648783894759944e+01 1.400000000000000000e+01 1.984943324127920761e+01 3.111269837220809009e+01 2.607680962081059661e+01 1.303840481040529831e+01 2.247220505424423109e+01 8.246211251235321171e+00 2.300000000000000000e+01 1.476482306023340030e+01 1.697056274847713908e+01 5.000000000000000000e+00 8.544003745317530374e+00
1.979898987322333070e+01 4.242640687119284770e+00 1.802775637731994607e+01 1.486606874731850603e+01 0.000000000000000000e+00 7.810249675906653977e+00 2.844292530665578411e+01 2.061552812808830382e+01 1.029563014098700080e+01 9.433981132056603158e+00 2.607680962081059661e+01 5.000000000000000000e+00 1.941648783894759944e+01 2.720294101747088789e+01 3.000000000000000000e+00 5.099019513592784492e+00 2.360084744241189370e+01 1.004987562112088995e+01 1.878829422805593552e+01 2.700000000000000000e+01 2.220360331117451835e+01 7.615773105863908654e+00 1.769180601295413169e+01 1.029563014098700080e+01 1.931320791582796659e+01 1.711724276862369010e+01 1.280624847486569706e+01 1.000000000000000000e+01
2.193171219946130890e+01 3.605551275463989125e+00 2.158703314492290204e+01 2.236067977499789805e+01 7.810249675906653977e+00 0.000000000000000000e+00 3.478505426185217431e+01 2.778488797889960793e+01 1.802775637731994607e+01 3.162277660168379523e+00 3.201562118716424266e+01 9.486832980505138124e+00 2.701851217221259205e+01 3.401470270338990076e+01 1.029563014098700080e+01 6.082762530298219339e+00 3.124099870362661591e+01 8.602325267042626677e+00 1.216552506059643868e+01 3.255764119219941222e+01 2.983286778035259701e+01 2.236067977499789805e+00 2.545584412271571040e+01 1.044030650891055068e+01 2.641968962724581260e+01 2.340939982143925135e+01 2.061552812808830382e+01 1.769180601295413169e+01
4.295346318982905842e+01 3.201562118716424266e+01 3.929376540877699853e+01 2.469817807045693669e+01 2.844292530665578411e+01 3.478505426185217431e+01 0.000000000000000000e+00 9.486832980505138124e+00 2.334523505985750447e+01 3.736308338453881106e+01 3.605551275463989125e+00 2.529822128134703618e+01 1.341640786499873883e+01 3.605551275463989125e+00 2.807133769523639799e+01 2.879236009777593708e+01 1.272792206135785520e+01 3.820994634908559817e+01 4.684015371452147747e+01 5.099019513592784492e+00 1.280624847486569706e+01 3.324154027718932269e+01 1.655294535724684835e+01 2.692582403567251959e+01 1.019803902718556898e+01 1.140175425099137918e+01 2.061552812808830382e+01 2.002498439450078749e+01
3.354101966249684352e+01 2.459674775249768786e+01 2.983286778035259701e+01 1.523154621172781731e+01 2.061552812808830382e+01 2.778488797889960793e+01 9.486832980505138124e+00 0.000000000000000000e+00 1.403566884761819900e+01 2.996664812754339380e+01 9.219544457292887074e+00 1.860107523773827509e+01 4.242640687119284770e+00 7.000000000000000000e+00 1.964688270438849926e+01 2.220360331117451835e+01 6.000000000000000000e+00 2.983286778035259701e+01 3.939543120718441571e+01 1.131370849898476116e+01 5.099019513592784492e+00 2.662705391138869615e+01 7.211102550927978250e+00 2.202271554554523902e+01 1.414213562373095145e+00 6.324555320336759046e+00 1.118033988749894903e+01 1.118033988749894903e+01
1.964688270438849926e+01 1.442220510185595650e+01 1.615549442140351033e+01 5.000000000000000000e+00 1.029563014098700080e+01 1.802775637731994607e+01 2.334523505985750447e+01 1.403566884761819900e+01 0.000000000000000000e+00 1.910497317454279909e+01 2.213594362117865444e+01 1.204159457879229578e+01 1.118033988749894903e+01 2.102379604162863913e+01 7.810249675906653977e+00 1.456021977856103611e+01 1.486606874731850603e+01 1.700000000000000000e+01 2.780287754891568852e+01 2.376972864800942631e+01 1.360147050873544394e+01 1.788854381999831844e+01 8.544003745317530374e+00 1.800000000000000000e+01 1.315294643796590535e+01 1.389244398944980396e+01 3.162277660168379523e+00 4.242640687119284770e+00
1.992485884517127559e+01 5.385164807134503739e+00 2.009975124224177989e+01 2.302172886644267535e+01 9.433981132056603158e+00 3.162277660168379523e+00 3.736308338453881106e+01 2.996664812754339380e+01 1.910497317454279909e+01 0.000000000000000000e+00 3.471310991541956525e+01 1.216552506059643868e+01 2.884441020371191300e+01 3.640054944640259293e+01 1.131370849898476116e+01 9.000000000000000000e+00 3.301514803843835466e+01 6.324555320336759046e+00 9.486832980505138124e+00 3.535533905932737753e+01 3.162277660168379256e+01 5.385164807134503739e+00 2.701851217221259205e+01 1.360147050873544394e+01 2.863564212655270680e+01 2.596150997149434048e+01 2.193171219946130890e+01 1.941648783894759944e+01
4.176122603564220270e+01 2.942787793912432193e+01 3.827531841800927737e+01 2.418677324489564739e+01 2.607680962081059661e+01 3.201562118716424266e+01 3.605551275463989125e+00 9.219544457292887074e+00 2.213594362117865444e+01 3.471310991541956525e+01 0.000000000000000000e+00 2.256102834535695578e+01 1.345362404707370985e+01 6.000000000000000000e+00 2.601922366251537611e+01 2.596150997149434048e+01 1.389244398944980396e+01 3.601388621073821383e+01 4.414748010928823163e+01 2.236067977499789805e+00 1.360147050873544394e+01 3.036445290137795183e+01 1.640121946685672683e+01 2.370653918225939449e+01 9.433981132056603158e+00 9.000000000000000000e+00 1.969771560359220786e+01 1.843908891458577415e+01
2.475883680627989492e+01 7.000000000000000000e+00 2.280350850198275836e+01 1.702938636592640265e+01 5.000000000000000000e+00 9.486832980505138124e+00 2.529822128134703618e+01 1.860107523773827509e+01 1.204159457879229578e+01 1.216552506059643868e+01 2.256102834535695578e+01 0.000000000000000000e+00 1.843908891458577415e+01 2.459674775249768786e+01 7.211102550927978250e+00 3.605551275463989125e+00 2.267156809750926882e+01 1.456021977856103611e+01 2.158703314492290204e+01 2.319482700948640286e+01 2.126029162546929996e+01 8.062257748298549132e+00 1.749285568453590045e+01 6.082762530298219339e+00 1.720465053408525335e+01 1.392838827718411920e+01 1.360147050873544394e+01 9.848857801796103928e+00
3.014962686336266984e+01 2.360084744241189370e+01 2.630589287593181069e+01 1.140175425099137918e+01 1.941648783894759944e+01 2.701851217221259205e+01 1.341640786499873883e+01 4.242640687119284770e+00 1.118033988749894903e+01 2.884441020371191300e+01 1.345362404707370985e+01 1.843908891458577415e+01 0.000000000000000000e+00 1.044030650891055068e+01 1.788854381999831844e+01 2.193171219946130890e+01 4.242640687119284770e+00 2.785677655436823841e+01 3.807886552931954327e+01 1.555634918610404505e+01 2.828427124746190291e+00 2.617250465660480074e+01 3.162277660168379523e+00 2.282542442102665348e+01 4.472135954999579610e+00 9.055385138137417300e+00 8.062257748298549132e+00 9.433981132056603158e+00
4.044749683231336945e+01 3.101612483854164637e+01 3.667424164178449786e+01 2.184032966784155505e+01 2.720294101747088789e+01 3.401470270338990076e+01 3.605551275463989125e+00 7.000000000000000000e+00 2.102379604162863913e+01 3.640054944640259293e+01 6.000000000000000000e+00 2.459674775249768786e+01 1.044030650891055068e+01 0.000000000000000000e+00 2.647640458974745314e+01 2.817800560721074277e+01 9.219544457292887074e+00 3.667424164178449786e+01 4.588027898781784586e+01 8.062257748298549132e+00 9.433981132056603158e+00 3.264965543462901820e+01 1.360147050873544394e+01 2.701851217221259205e+01 8.062257748298549132e+00 1.081665382639196871e+01 1.811077027627483460e+01 1.811077027627483460e+01
1.780449381476485726e+01 6.708203932499369415e+00 1.562049935181330795e+01 1.208304597359457233e+01 3.000000000000000000e+00 1.029563014098700080e+01 2.807133769523639799e+01 1.964688270438849926e+01 7.810249675906653977e+00 1.131370849898476116e+01 2.601922366251537611e+01 7.211102550927978250e+00 1.788854381999831844e+01 2.647640458974745314e+01 0.000000000000000000e+00 8.062257748298549132e+00 2.195449840010014952e+01 1.019803902718556898e+01 2.024845673131658685e+01 2.716615541441224835e+01 2.059126028197400160e+01 1.044030650891055068e+01 1.581138830084189628e+01 1.300000000000000000e+01 1.843908891458577415e+01 1.702938636592640265e+01 1.063014581273464998e+01 8.544003745317530374e+00
2.420743687382040932e+01 4.472135954999579610e+00 2.282542442102665348e+01 1.941648783894759944e+01 5.099019513592784492e+00 6.082762530298219339e+00 2.879236009777593708e+01 2.220360331117451835e+01 1.456021977856103611e+01 9.000000000000000000e+00 2.596150997149434048e+01 3.605551275463989125e+00 2.193171219946130890e+01 2.817800560721074277e+01 8.062257748298549132e+00 0.000000000000000000e+00 2.617250465660480074e+01 1.252996408614166768e+01 1.824828759089465890e+01 2.647640458974745314e+01 2.475883680627989492e+01 4.472135954999579610e+00 2.080865204668481283e+01 5.656854249492380582e+00 2.080865204668481283e+01 1.746424919657297892e+01 1.655294535724684835e+01 1.303840481040529831e+01
3.300000000000000000e+01 2.780287754891568852e+01 2.901723625709381693e+01 1.400000000000000000e+01 2.360084744241189370e+01 3.124099870362661591e+01 1.272792206135785520e+01 6.000000000000000000e+00 1.486606874731850603e+01 3.301514803843835466e+01 1.389244398944980396e+01 2.267156809750926882e+01 4.242640687119284770e+00 9.219544457292887074e+00 2.195449840010014952e+01 2.617250465660480074e+01 0.000000000000000000e+00 3.178049716414140846e+01 4.219004621945797595e+01 1.612451549659709826e+01 1.414213562373095145e+00 3.041381265149109936e+01 6.324555320336759046e+00 2.692582403567251959e+01 7.071067811865475505e+00 1.216552506059643868e+01 1.170469991071962568e+01 1.360147050873544394e+01
1.360147050873544394e+01 8.062257748298549132e+00 1.400000000000000000e+01 1.984943324127920761e+01 1.004987562112088995e+01 8.602325267042626677e+00 3.820994634908559817e+01 2.983286778035259701e+01 1.700000000000000000e+01 6.324555320336759046e+00 3.601388621073821383e+01 1.456021977856103611e+01 2.785677655436823841e+01 3.667424164178449786e+01 1.019803902718556898e+01 1.252996408614166768e+01 3.178049716414140846e+01 0.000000000000000000e+00 1.140175425099137918e+01 3.701351104664349378e+01 3.046309242345563462e+01 1.063014581273464998e+01 2.549509756796392423e+01 1.802775637731994607e+01 2.863564212655270680e+01 2.701851217221259205e+01 2.012461179749810825e+01 1.868154169226940553e+01
2.220360331117451835e+01 1.486606874731850603e+01 2.404163056034261459e+01 3.111269837220809009e+01 1.878829422805593552e+01 1.216552506059643868e+01 4.684015371452147747e+01 3.939543120718441571e+01 2.780287754891568852e+01 9.486832980505138124e+00 4.414748010928823163e+01 2.158703314492290204e+01 3.807886552931954327e+01 4.588027898781784586e+01 2.024845673131658685e+01 1.824828759089465890e+01 4.219004621945797595e+01 1.140175425099137918e+01 0.000000000000000000e+00 4.472135954999579610e+01 4.081666326391709987e+01 1.403566884761819900e+01 3.605551275463989214e+01 2.202271554554523902e+01 3.807886552931954327e+01 3.544009029333869876e+01 3.080584360149872580e+01 2.865309756378880479e+01
4.332435804486893716e+01 3.014962686336266984e+01 3.992492955535426091e+01 2.607680962081059661e+01 2.700000000000000000e+01 3.255764119219941222e+01 5.099019513592784492e+00 1.131370849898476116e+01 2.376972864800942631e+01 3.535533905932737753e+01 2.236067977499789805e+00 2.319482700948640286e+01 1.555634918610404505e+01 8.062257748298549132e+00 2.716615541441224835e+01 2.647640458974745314e+01 1.612451549659709826e+01 3.701351104664349378e+01 4.472135954999579610e+01 0.000000000000000000e+00 1.581138830084189628e+01 3.080584360149872580e+01 1.843908891458577415e+01 2.376972864800942631e+01 1.140175425099137918e+01 1.019803902718556898e+01 2.147091055358388800e+01 1.992485884517127559e+01
3.201562118716424266e+01 2.640075756488817049e+01 2.807133769523639799e+01 1.303840481040529831e+01 2.220360331117451835e+01 2.983286778035259701e+01 1.280624847486569706e+01 5.099019513592784492e+00 1.360147050873544394e+01 3.162277660168379256e+01 1.360147050873544394e+01 2.126029162546929996e+01 2.828427124746190291e+00 9.433981132056603158e+00 2.059126028197400160e+01 2.475883680627989492e+01 1.414213562373095145e+00 3.046309242345563462e+01 4.081666326391709987e+01 1.581138830084189628e+01 0.000000000000000000e+00 2.900000000000000000e+01 5.099019513592784492e+00 2.555386467836127551e+01 6.000000000000000000e+00 1.104536101718726115e+01 1.044030650891055068e+01 1.220655561573370207e+01
2.370653918225939449e+01 4.000000000000000000e+00 2.308679276123039159e+01 2.247220505424423109e+01 7.615773105863908654e+00 2.236067977499789805e+00 3.324154027718932269e+01 2.662705391138869615e+01 1.788854381999831844e+01 5.385164807134503739e+00 3.036445290137795183e+01 8.062257748298549132e+00 2.617250465660480074e+01 3.264965543462901820e+01 1.044030650891055068e+01 4.472135954999579610e+00 3.041381265149109936e+01 1.063014581273464998e+01 1.403566884761819900e+01 3.080584360149872580e+01 2.900000000000000000e+01 0.000000000000000000e+00 2.483948469674844262e+01 8.246211251235321171e+00 2.523885892824792521e+01 2.193171219946130890e+01 2.024845673131658685e+01 1.702938636592640265e+01
2.707397274136176790e+01 2.193171219946130890e+01 2.319482700948640286e+01 8.246211251235321171e+00 1.769180601295413169e+01 2.545584412271571040e+01 1.655294535724684835e+01 7.211102550927978250e+00 8.544003745317530374e+00 2.701851217221259205e+01 1.640121946685672683e+01 1.749285568453590045e+01 3.162277660168379523e+00 1.360147050873544394e+01 1.581138830084189628e+01 2.080865204668481283e+01 6.324555320336759046e+00 2.549509756796392423e+01 3.605551275463989214e+01 1.843908891458577415e+01 5.099019513592784492e+00 2.483948469674844262e+01 0.000000000000000000e+00 2.247220505424423109e+01 7.071067811865475505e+00 1.077032961426900748e+01 5.385164807134503739e+00 7.810249675906653977e+00
2.983286778035259701e+01 1.000000000000000000e+01 2.830194339616981125e+01 2.300000000000000000e+01 1.029563014098700080e+01 1.044030650891055068e+01 2.692582403567251959e+01 2.202271554554523902e+01 1.800000000000000000e+01 1.360147050873544394e+01 2.370653918225939449e+01 6.082762530298219339e+00 2.282542442102665348e+01 2.701851217221259205e+01 1.300000000000000000e+01 5.656854249492380582e+00 2.692582403567251959e+01 1.802775637731994607e+01 2.202271554554523902e+01 2.376972864800942631e+01 2.555386467836127551e+01 8.246211251235321171e+00 2.247220505424423109e+01 0.000000000000000000e+00 2.061552812808830382e+01 1.627882059609970611e+01 1.923538406167134340e+01 1.529705854077835525e+01
3.275667870831839679e+01 2.325940669922601600e+01 2.912043955712207222e+01 1.476482306023340030e+01 1.931320791582796659e+01 2.641968962724581260e+01 1.019803902718556898e+01 1.414213562373095145e+00 1.315294643796590535e+01 2.863564212655270680e+01 9.433981132056603158e+00 1.720465053408525335e+01 4.472135954999579610e+00 8.062257748298549132e+00 1.843908891458577415e+01 2.080865204668481283e+01 7.071067811865475505e+00 2.863564212655270680e+01 3.807886552931954327e+01 1.140175425099137918e+01 6.000000000000000000e+00 2.523885892824792521e+01 7.071067811865475505e+00 2.061552812808830382e+01 0.000000000000000000e+00 5.099019513592784492e+00 1.044030650891055068e+01 1.004987562112088995e+01
3.324154027718932269e+01 2.061552812808830382e+01 2.996664812754339380e+01 1.697056274847713908e+01 1.711724276862369010e+01 2.340939982143925135e+01 1.140175425099137918e+01 6.324555320336759046e+00 1.389244398944980396e+01 2.596150997149434048e+01 9.000000000000000000e+00 1.392838827718411920e+01 9.055385138137417300e+00 1.081665382639196871e+01 1.702938636592640265e+01 1.746424919657297892e+01 1.216552506059643868e+01 2.701851217221259205e+01 3.544009029333869876e+01 1.019803902718556898e+01 1.104536101718726115e+01 2.193171219946130890e+01 1.077032961426900748e+01 1.627882059609970611e+01 5.099019513592784492e+00 0.000000000000000000e+00 1.204159457879229578e+01 9.848857801796103928e+00
2.236067977499789805e+01 1.702938636592640265e+01 1.868154169226940553e+01 5.000000000000000000e+00 1.280624847486569706e+01 2.061552812808830382e+01 2.061552812808830382e+01 1.118033988749894903e+01 3.162277660168379523e+00 2.193171219946130890e+01 1.969771560359220786e+01 1.360147050873544394e+01 8.062257748298549132e+00 1.811077027627483460e+01 1.063014581273464998e+01 1.655294535724684835e+01 1.170469991071962568e+01 2.012461179749810825e+01 3.080584360149872580e+01 2.147091055358388800e+01 1.044030650891055068e+01 2.024845673131658685e+01 5.385164807134503739e+00 1.923538406167134340e+01 1.044030650891055068e+01 1.204159457879229578e+01 0.000000000000000000e+00 4.000000000000000000e+00
2.340939982143925135e+01 1.421267040355189515e+01 2.012461179749810825e+01 8.544003745317530374e+00 1.000000000000000000e+01 1.769180601295413169e+01 2.002498439450078749e+01 1.118033988749894903e+01 4.242640687119284770e+00 1.941648783894759944e+01 1.843908891458577415e+01 9.848857801796103928e+00 9.433981132056603158e+00 1.811077027627483460e+01 8.544003745317530374e+00 1.303840481040529831e+01 1.360147050873544394e+01 1.868154169226940553e+01 2.865309756378880479e+01 1.992485884517127559e+01 1.220655561573370207e+01 1.702938636592640265e+01 7.810249675906653977e+00 1.529705854077835525e+01 1.004987562112088995e+01 9.848857801796103928e+00 4.000000000000000000e+00 0.000000000000000000e+00
