0.000000000000000000e+00 2.402082429892862692e+01 3.883297567789519888e+01 3.008321791298264714e+01 1.063014581273464998e+01 2.731300056749532601e+01 2.640075756488817049e+01 2.061552812808830382e+01 1.923538406167134340e+01 3.061045573002793319e+01 4.060788100849390503e+01 4.167733196834941367e+01 4.785394445602159408e+01 3.342154993413680586e+01 2.121320343559642652e+01 3.195309061734091571e+01 2.570992026436488231e+01 1.442220510185595650e+01 4.531004303683676682e+01 2.441311123146740414e+01 4.304648650006176780e+01 2.692582403567251959e+01 4.300000000000000000e+01 2.202271554554523902e+01 2.213594362117865444e+01 5.000000000000000000e+00 2.765863337187866122e+01
2.402082429892862692e+01 0.000000000000000000e+00 4.031128874149274566e+01 4.420407221060068537e+01 3.178049716414140846e+01 2.729468812791236232e+01 4.472135954999579610e+01 2.687005768508880621e+01 2.193171219946130890e+01 4.876474136094643796e+01 4.254409477236529824e+01 5.700877125495689768e+01 4.838388161361177708e+01 5.147815070493500400e+01 2.900000000000000000e+01 3.178049716414140846e+01 3.000000000000000000e+01 3.667424164178449786e+01 5.798275605729689630e+01 1.360147050873544394e+01 4.939635614091387339e+01 1.303840481040529831e+01 4.837354648979129479e+01 1.886796226411320632e+01 4.539823785126466760e+01 2.901723625709381693e+01 2.088061301782110135e+01
3.883297567789519888e+01 4.031128874149274566e+01 0.000000000000000000e+00 2.147091055358388800e+01 3.354101966249684352e+01 1.334166406412633421e+01 2.941088233970548416e+01 1.824828759089465890e+01 2.102379604162863913e+01 3.041381265149109936e+01 2.236067977499789805e+00 2.906888370749726747e+01 9.055385138137417300e+00 3.138470965295043058e+01 1.772004514666934938e+01 8.544003745317530374e+00 1.315294643796590535e+01 3.605551275463989214e+01 2.531797780234432693e+01 2.683281572999747766e+01 1.118033988749894903e+01 2.830194339616981125e+01 9.433981132056603158e+00 2.184032966784155505e+01 4.244997055358224713e+01 4.016217125604640614e+01 1.972308292331602075e+01
3.008321791298264714e+01 4.420407221060068537e+01 2.147091055358388800e+01 0.000000000000000000e+00 2.039607805437113797e+01 2.220360331117451835e+01 8.602325267042626677e+00 1.788854381999831844e+01 2.282542442102665348e+01 8.944271909999159220e+00 2.163330765278393741e+01 1.280624847486569706e+01 2.758622844826744469e+01 1.019803902718556898e+01 1.565247584249852864e+01 2.209072203437452231e+01 1.726267650163206824e+01 2.002498439450078749e+01 1.523154621172781731e+01 3.401470270338990076e+01 1.749285568453590045e+01 3.676955262170046979e+01 1.860107523773827509e+01 2.731300056749532601e+01 2.325940669922601600e+01 2.863564212655270680e+01 2.983286778035259701e+01
1.063014581273464998e+01 3.178049716414140846e+01 3.354101966249684352e+01 2.039607805437113797e+01 0.000000000000000000e+00 2.475883680627989492e+01 1.581138830084189628e+01 1.697056274847713908e+01 1.835755975068581947e+01 2.000000000000000000e+01 3.492849839314595783e+01 3.130495168499705727e+01 4.215447781671598193e+01 2.280350850198275836e+01 1.640121946685672683e+01 2.842534080710379030e+01 2.140093455903269515e+01 5.000000000000000000e+00 3.544009029333869876e+01 2.765863337187866122e+01 3.535533905932737753e+01 3.059411708155671050e+01 3.569313659514949677e+01 2.284731931759172596e+01 1.403566884761819900e+01 8.246211251235321171e+00 2.817800560721074277e+01
2.731300056749532601e+01 2.729468812791236232e+01 1.334166406412633421e+01 2.220360331117451835e+01 2.475883680627989492e+01 0.000000000000000000e+00 2.729468812791236232e+01 7.810249675906653977e+00 8.246211251235321171e+00 3.001666203960726875e+01 1.552417469626002422e+01 3.383784863137726262e+01 2.209072203437452231e+01 3.201562118716424266e+01 8.944271909999159220e+00 5.000000000000000000e+00 5.000000000000000000e+00 2.860069929215018192e+01 3.275667870831839679e+01 1.421267040355189515e+01 2.220360331117451835e+01 1.627882059609970611e+01 2.109502310972898798e+01 8.544003745317530374e+00 3.671511950137163893e+01 2.968164415931165934e+01 8.062257748298549132e+00
2.640075756488817049e+01 4.472135954999579610e+01 2.941088233970548416e+01 8.602325267042626677e+00 1.581138830084189628e+01 2.729468812791236232e+01 0.000000000000000000e+00 2.102379604162863913e+01 2.531797780234432693e+01 4.242640687119284770e+00 2.983286778035259701e+01 1.581138830084189628e+01 3.606937759374286401e+01 7.071067811865475505e+00 1.900000000000000000e+01 2.846049894151541437e+01 2.236067977499789805e+01 1.360147050873544394e+01 2.102379604162863913e+01 3.667424164178449786e+01 2.607680962081059661e+01 3.962322551231790158e+01 2.720294101747088789e+01 3.026549190084311292e+01 1.486606874731850603e+01 2.370653918225939449e+01 3.400000000000000000e+01
2.061552812808830382e+01 2.687005768508880621e+01 1.824828759089465890e+01 1.788854381999831844e+01 1.697056274847713908e+01 7.810249675906653977e+00 2.102379604162863913e+01 0.000000000000000000e+00 5.000000000000000000e+00 2.433105012119287736e+01 2.009975124224177989e+01 3.052867504494749440e+01 2.729468812791236232e+01 2.668332812825266842e+01 2.236067977499789805e+00 1.166190378969060149e+01 5.099019513592784492e+00 2.080865204668481283e+01 3.111269837220809009e+01 1.615549442140351033e+01 2.404163056034261459e+01 1.897366596101027625e+01 2.353720459187963954e+01 9.486832980505138124e+00 2.906888370749726747e+01 2.236067977499789805e+01 1.303840481040529831e+01
1.923538406167134340e+01 2.193171219946130890e+01 2.102379604162863913e+01 2.282542442102665348e+01 1.835755975068581947e+01 8.246211251235321171e+00 2.531797780234432693e+01 5.000000000000000000e+00 0.000000000000000000e+00 2.886173937932362321e+01 2.308679276123039159e+01 3.551056180912940619e+01 3.000000000000000000e+01 3.132091952673165025e+01 7.211102550927978250e+00 1.315294643796590535e+01 8.544003745317530374e+00 2.284731931759172596e+01 3.606937759374286401e+01 1.140175425099137918e+01 2.823118842698620767e+01 1.431782106327635340e+01 2.751363298439520833e+01 5.000000000000000000e+00 3.162277660168379256e+01 2.202271554554523902e+01 9.848857801796103928e+00
3.061045573002793319e+01 4.876474136094643796e+01 3.041381265149109936e+01 8.944271909999159220e+00 2.000000000000000000e+01 3.001666203960726875e+01 4.242640687119284770e+00 2.433105012119287736e+01 2.886173937932362321e+01 0.000000000000000000e+00 3.052867504494749440e+01 1.216552506059643868e+01 3.623534186398687496e+01 2.828427124746190291e+00 2.220360331117451835e+01 3.059411708155671050e+01 2.501999200639360765e+01 1.746424919657297892e+01 1.811077027627483460e+01 4.026164427839479032e+01 2.549509756796392423e+01 4.317406628984580408e+01 2.687005768508880621e+01 3.373425558686599857e+01 1.711724276862369010e+01 2.778488797889960793e+01 3.712142238654116966e+01
4.060788100849390503e+01 4.254409477236529824e+01 2.236067977499789805e+00 2.163330765278393741e+01 3.492849839314595783e+01 1.552417469626002422e+01 2.983286778035259701e+01 2.009975124224177989e+01 2.308679276123039159e+01 3.052867504494749440e+01 0.000000000000000000e+00 2.828427124746190202e+01 7.280109889280518054e+00 3.130495168499705727e+01 1.941648783894759944e+01 1.077032961426900748e+01 1.503329637837290811e+01 3.721558813185679071e+01 2.408318915758459156e+01 2.906888370749726747e+01 9.486832980505138124e+00 3.052867504494749440e+01 7.615773105863908654e+00 2.404163056034261459e+01 4.327817001676480402e+01 4.176122603564220270e+01 2.195449840010014952e+01
4.167733196834941367e+01 5.700877125495689768e+01 2.906888370749726747e+01 1.280624847486569706e+01 3.130495168499705727e+01 3.383784863137726262e+01 1.581138830084189628e+01 3.052867504494749440e+01 3.551056180912940619e+01 1.216552506059643868e+01 2.828427124746190202e+01 0.000000000000000000e+00 3.195309061734091571e+01 1.000000000000000000e+01 2.830194339616981125e+01 3.255764119219941222e+01 2.915475947422650194e+01 2.941088233970548416e+01 7.211102550927978250e+00 4.652956049652736681e+01 2.024845673131658685e+01 4.919349550499537571e+01 2.213594362117865444e+01 3.982461550347975532e+01 2.900000000000000000e+01 3.939543120718441571e+01 4.178516483155235761e+01
4.785394445602159408e+01 4.838388161361177708e+01 9.055385138137417300e+00 2.758622844826744469e+01 4.215447781671598193e+01 2.209072203437452231e+01 3.606937759374286401e+01 2.729468812791236232e+01 3.000000000000000000e+01 3.623534186398687496e+01 7.280109889280518054e+00 3.195309061734091571e+01 0.000000000000000000e+00 3.661966684720110976e+01 2.668332812825266842e+01 1.711724276862369010e+01 2.220360331117451835e+01 4.429446918070020445e+01 2.647640458974745314e+01 3.478505426185217431e+01 1.170469991071962568e+01 3.584689665786984136e+01 9.848857801796103928e+00 3.041381265149109936e+01 5.000000000000000000e+01 4.904079934095691584e+01 2.751363298439520833e+01
3.342154993413680586e+01 5.147815070493500400e+01 3.138470965295043058e+01 1.019803902718556898e+01 2.280350850198275836e+01 3.201562118716424266e+01 7.071067811865475505e+00 2.668332812825266842e+01 3.132091952673165025e+01 2.828427124746190291e+00 3.130495168499705727e+01 1.000000000000000000e+01 3.661966684720110976e+01 0.000000000000000000e+00 2.451530134426252516e+01 3.224903099319419653e+01 2.701851217221259205e+01 2.012461179749810825e+01 1.649242250247064234e+01 4.272001872658765365e+01 2.549509756796392423e+01 4.560701700396551672e+01 2.701851217221259205e+01 3.613862199918530393e+01 1.900000000000000000e+01 3.052867504494749440e+01 3.931920650267500150e+01
2.121320343559642652e+01 2.900000000000000000e+01 1.772004514666934938e+01 1.565247584249852864e+01 1.640121946685672683e+01 8.944271909999159220e+00 1.900000000000000000e+01 2.236067977499789805e+00 7.211102550927978250e+00 2.220360331117451835e+01 1.941648783894759944e+01 2.830194339616981125e+01 2.668332812825266842e+01 2.451530134426252516e+01 0.000000000000000000e+00 1.204159457879229578e+01 5.000000000000000000e+00 1.984943324127920761e+01 2.900000000000000000e+01 1.838477631085023489e+01 2.256102834535695578e+01 2.118962010041709121e+01 2.220360331117451835e+01 1.170469991071962568e+01 2.778488797889960793e+01 2.247220505424423109e+01 1.500000000000000000e+01
3.195309061734091571e+01 3.178049716414140846e+01 8.544003745317530374e+00 2.209072203437452231e+01 2.842534080710379030e+01 5.000000000000000000e+00 2.846049894151541437e+01 1.166190378969060149e+01 1.315294643796590535e+01 3.059411708155671050e+01 1.077032961426900748e+01 3.255764119219941222e+01 1.711724276862369010e+01 3.224903099319419653e+01 1.204159457879229578e+01 0.000000000000000000e+00 7.071067811865475505e+00 3.182766092567909766e+01 3.046309242345563462e+01 1.835755975068581947e+01 1.838477631085023489e+01 2.000000000000000000e+01 1.702938636592640265e+01 1.334166406412633421e+01 3.940812099047606409e+01 3.400000000000000000e+01 1.140175425099137918e+01
2.570992026436488231e+01 3.000000000000000000e+01 1.315294643796590535e+01 1.726267650163206824e+01 2.140093455903269515e+01 5.000000000000000000e+00 2.236067977499789805e+01 5.099019513592784492e+00 8.544003745317530374e+00 2.501999200639360765e+01 1.503329637837290811e+01 2.915475947422650194e+01 2.220360331117451835e+01 2.701851217221259205e+01 5.000000000000000000e+00 7.071067811865475505e+00 0.000000000000000000e+00 2.475883680627989492e+01 2.860069929215018192e+01 1.780449381476485726e+01 1.969771560359220786e+01 2.024845673131658685e+01 1.897366596101027625e+01 1.131370849898476116e+01 3.244996147917590434e+01 2.731300056749532601e+01 1.264911064067351809e+01
1.442220510185595650e+01 3.667424164178449786e+01 3.605551275463989214e+01 2.002498439450078749e+01 5.000000000000000000e+00 2.860069929215018192e+01 1.360147050873544394e+01 2.080865204668481283e+01 2.284731931759172596e+01 1.746424919657297892e+01 3.721558813185679071e+01 2.941088233970548416e+01 4.429446918070020445e+01 2.012461179749810825e+01 1.984943324127920761e+01 3.182766092567909766e+01 2.475883680627989492e+01 0.000000000000000000e+00 3.436568055487916240e+01 3.255764119219941222e+01 3.640054944640259293e+01 3.551056180912940619e+01 3.700000000000000000e+01 2.751363298439520833e+01 9.055385138137417300e+00 1.063014581273464998e+01 3.269556544854363267e+01
4.531004303683676682e+01 5.798275605729689630e+01 2.531797780234432693e+01 1.523154621172781731e+01 3.544009029333869876e+01 3.275667870831839679e+01 2.102379604162863913e+01 3.111269837220809009e+01 3.606937759374286401e+01 1.811077027627483460e+01 2.408318915758459156e+01 7.211102550927978250e+00 2.647640458974745314e+01 1.649242250247064234e+01 2.900000000000000000e+01 3.046309242345563462e+01 2.860069929215018192e+01 3.436568055487916240e+01 0.000000000000000000e+00 4.640043103248072498e+01 1.503329637837290811e+01 4.882622246293480828e+01 1.702938636592640265e+01 3.982461550347975532e+01 3.522782990761707111e+01 4.368065933568311010e+01 4.081666326391709987e+01
2.441311123146740414e+01 1.360147050873544394e+01 2.683281572999747766e+01 3.401470270338990076e+01 2.765863337187866122e+01 1.421267040355189515e+01 3.667424164178449786e+01 1.615549442140351033e+01 1.140175425099137918e+01 4.026164427839479032e+01 2.906888370749726747e+01 4.652956049652736681e+01 3.478505426185217431e+01 4.272001872658765365e+01 1.838477631085023489e+01 1.835755975068581947e+01 1.780449381476485726e+01 3.255764119219941222e+01 4.640043103248072498e+01 0.000000000000000000e+00 3.640054944640259293e+01 3.000000000000000000e+00 3.522782990761707111e+01 6.708203932499369415e+00 4.159326868617084472e+01 2.865309756378880479e+01 7.280109889280518054e+00
4.304648650006176780e+01 4.939635614091387339e+01 1.118033988749894903e+01 1.749285568453590045e+01 3.535533905932737753e+01 2.220360331117451835e+01 2.607680962081059661e+01 2.404163056034261459e+01 2.823118842698620767e+01 2.549509756796392423e+01 9.486832980505138124e+00 2.024845673131658685e+01 1.170469991071962568e+01 2.549509756796392423e+01 2.256102834535695578e+01 1.838477631085023489e+01 1.969771560359220786e+01 3.640054944640259293e+01 1.503329637837290811e+01 3.640054944640259293e+01 0.000000000000000000e+00 3.828837943815329226e+01 2.000000000000000000e+00 3.052867504494749440e+01 4.070626487409523975e+01 4.310452412450461424e+01 2.973213749463701205e+01
2.692582403567251959e+01 1.303840481040529831e+01 2.830194339616981125e+01 3.676955262170046979e+01 3.059411708155671050e+01 1.627882059609970611e+01 3.962322551231790158e+01 1.897366596101027625e+01 1.431782106327635340e+01 4.317406628984580408e+01 3.052867504494749440e+01 4.919349550499537571e+01 3.584689665786984136e+01 4.560701700396551672e+01 2.118962010041709121e+01 2.000000000000000000e+01 2.024845673131658685e+01 3.551056180912940619e+01 4.882622246293480828e+01 3.000000000000000000e+00 3.828837943815329226e+01 0.000000000000000000e+00 3.701351104664349378e+01 9.486832980505138124e+00 4.455333881989092504e+01 3.130495168499705727e+01 8.602325267042626677e+00
4.300000000000000000e+01 4.837354648979129479e+01 9.433981132056603158e+00 1.860107523773827509e+01 3.569313659514949677e+01 2.109502310972898798e+01 2.720294101747088789e+01 2.353720459187963954e+01 2.751363298439520833e+01 2.687005768508880621e+01 7.615773105863908654e+00 2.213594362117865444e+01 9.848857801796103928e+00 2.701851217221259205e+01 2.220360331117451835e+01 1.702938636592640265e+01 1.897366596101027625e+01 3.700000000000000000e+01 1.702938636592640265e+01 3.522782990761707111e+01 2.000000000000000000e+00 3.701351104664349378e+01 0.000000000000000000e+00 2.952964612046680060e+01 4.167733196834941367e+01 4.328972164382672361e+01 2.842534080710379030e+01
2.202271554554523902e+01 1.886796226411320632e+01 2.184032966784155505e+01 2.731300056749532601e+01 2.284731931759172596e+01 8.544003745317530374e+00 3.026549190084311292e+01 9.486832980505138124e+00 5.000000000000000000e+00 3.373425558686599857e+01 2.404163056034261459e+01 3.982461550347975532e+01 3.041381265149109936e+01 3.613862199918530393e+01 1.170469991071962568e+01 1.334166406412633421e+01 1.131370849898476116e+01 2.751363298439520833e+01 3.982461550347975532e+01 6.708203932499369415e+00 3.052867504494749440e+01 9.486832980505138124e+00 2.952964612046680060e+01 0.000000000000000000e+00 3.640054944640259293e+01 2.549509756796392423e+01 5.656854249492380582e+00
2.213594362117865444e+01 4.539823785126466760e+01 4.244997055358224713e+01 2.325940669922601600e+01 1.403566884761819900e+01 3.671511950137163893e+01 1.486606874731850603e+01 2.906888370749726747e+01 3.162277660168379256e+01 1.711724276862369010e+01 4.327817001676480402e+01 2.900000000000000000e+01 5.000000000000000000e+01 1.900000000000000000e+01 2.778488797889960793e+01 3.940812099047606409e+01 3.244996147917590434e+01 9.055385138137417300e+00 3.522782990761707111e+01 4.159326868617084472e+01 4.070626487409523975e+01 4.455333881989092504e+01 4.167733196834941367e+01 3.640054944640259293e+01 0.000000000000000000e+00 1.746424919657297892e+01 4.143669871020131978e+01
5.000000000000000000e+00 2.901723625709381693e+01 4.016217125604640614e+01 2.863564212655270680e+01 8.246211251235321171e+00 2.968164415931165934e+01 2.370653918225939449e+01 2.236067977499789805e+01 2.202271554554523902e+01 2.778488797889960793e+01 4.176122603564220270e+01 3.939543120718441571e+01 4.904079934095691584e+01 3.052867504494749440e+01 2.247220505424423109e+01 3.400000000000000000e+01 2.731300056749532601e+01 1.063014581273464998e+01 4.368065933568311010e+01 2.865309756378880479e+01 4.310452412450461424e+01 3.130495168499705727e+01 4.328972164382672361e+01 2.549509756796392423e+01 1.746424919657297892e+01 0.000000000000000000e+00 3.114482300479487265e+01
2.765863337187866122e+01 2.088061301782110135e+01 1.972308292331602075e+01 2.983286778035259701e+01 2.817800560721074277e+01 8.062257748298549132e+00 3.400000000000000000e+01 1.303840481040529831e+01 9.848857801796103928e+00 3.712142238654116966e+01 2.195449840010014952e+01 4.178516483155235761e+01 2.751363298439520833e+01 3.931920650267500150e+01 1.500000000000000000e+01 1.140175425099137918e+01 1.264911064067351809e+01 3.269556544854363267e+01 4.081666326391709987e+01 7.280109889280518054e+00 2.973213749463701205e+01 8.602325267042626677e+00 2.842534080710379030e+01 5.656854249492380582e+00 4.143669871020131978e+01 3.114482300479487265e+01 0.000000000000000000e+00
