0.000000000000000000e+00 1.403566884761819900e+01 1.264911064067351809e+01 1.923538406167134340e+01 3.114482300479487265e+01 2.701851217221259205e+01 1.486606874731850603e+01 1.640121946685672683e+01 2.807133769523639799e+01 3.413209633175202384e+01 1.700000000000000000e+01 1.526433752247374720e+01 2.158703314492290204e+01 2.202271554554523902e+01 2.501999200639360765e+01 1.392838827718411920e+01 2.051828452868319275e+01 2.024845673131658685e+01 2.596150997149434048e+01 3.138470965295043058e+01 1.902629759044044633e+01 2.195449840010014952e+01 1.811077027627483460e+01 2.523885892824792521e+01
1.403566884761819900e+01 0.000000000000000000e+00 2.617250465660480074e+01 6.403124237432848531e+00 2.308679276123039159e+01 3.689173349139343117e+01 2.828427124746190202e+01 9.055385138137417300e+00 2.954657340538831534e+01 4.252058325093859992e+01 3.101612483854164637e+01 2.789265136196270589e+01 2.193171219946130890e+01 2.580697580112788003e+01 2.729468812791236232e+01 2.247220505424423109e+01 1.303840481040529831e+01 7.810249675906653977e+00 2.500000000000000000e+01 3.820994634908559817e+01 2.220360331117451835e+01 3.080584360149872580e+01 5.000000000000000000e+00 3.440930106817050671e+01
1.264911064067351809e+01 2.617250465660480074e+01 0.000000000000000000e+00 3.178049716414140846e+01 3.807886552931954327e+01 1.772004514666934938e+01 2.236067977499789805e+00 2.570992026436488231e+01 2.778488797889960793e+01 2.570992026436488231e+01 6.403124237432848531e+00 4.123105625617660586e+00 2.404163056034261459e+01 2.109502310972898798e+01 2.469817807045693669e+01 1.140175425099137918e+01 2.879236009777593708e+01 3.114482300479487265e+01 2.831960451701259274e+01 2.500000000000000000e+01 1.984943324127920761e+01 1.503329637837290811e+01 3.059411708155671050e+01 1.711724276862369010e+01
1.923538406167134340e+01 6.403124237432848531e+00 3.178049716414140846e+01 0.000000000000000000e+00 2.607680962081059661e+01 4.326661530556787483e+01 3.395585369269929288e+01 1.431782106327635340e+01 3.535533905932737753e+01 4.891829923454003648e+01 3.612478373637688378e+01 3.383784863137726262e+01 2.778488797889960793e+01 3.201562118716424266e+01 3.328663395418647752e+01 2.884441020371191300e+01 1.746424919657297892e+01 1.000000000000000000e+01 3.046309242345563462e+01 4.455333881989092504e+01 2.842534080710379030e+01 3.720215047547655018e+01 1.414213562373095145e+00 4.080441152620633005e+01
3.114482300479487265e+01 2.308679276123039159e+01 3.807886552931954327e+01 2.607680962081059661e+01 0.000000000000000000e+00 3.805259518088089266e+01 3.935733730830885690e+01 1.526433752247374720e+01 1.964688270438849926e+01 3.945883931389771959e+01 4.441846462902562109e+01 3.716180835212409050e+01 1.612451549659709826e+01 2.202271554554523902e+01 2.009975124224177989e+01 2.785677655436823841e+01 1.081665382639196871e+01 1.612451549659709826e+01 1.414213562373095101e+01 3.354101966249684352e+01 2.039607805437113797e+01 3.224903099319419653e+01 2.517935662402834396e+01 3.505709628591620941e+01
2.701851217221259205e+01 3.689173349139343117e+01 1.772004514666934938e+01 4.326661530556787483e+01 3.805259518088089266e+01 0.000000000000000000e+00 1.627882059609970611e+01 3.195309061734091571e+01 2.024845673131658685e+01 8.062257748298549132e+00 2.100000000000000000e+01 1.360147050873544394e+01 2.200000000000000000e+01 1.603121954188139853e+01 1.843908891458577415e+01 1.442220510185595650e+01 3.275667870831839679e+01 3.862641583165593318e+01 2.433105012119287736e+01 9.433981132056603158e+00 1.811077027627483460e+01 6.324555320336759046e+00 4.188078318274384770e+01 3.000000000000000000e+00
1.486606874731850603e+01 2.828427124746190202e+01 2.236067977499789805e+00 3.395585369269929288e+01 3.935733730830885690e+01 1.627882059609970611e+01 0.000000000000000000e+00 2.745906043549196340e+01 2.801785145224380003e+01 2.433105012119287736e+01 5.830951894845300743e+00 3.162277660168379523e+00 2.483948469674844262e+01 2.140093455903269515e+01 2.500000000000000000e+01 1.204159457879229578e+01 3.036445290137795183e+01 3.306055050963308162e+01 2.900000000000000000e+01 2.408318915758459156e+01 2.051828452868319275e+01 1.431782106327635340e+01 3.275667870831839679e+01 1.600000000000000000e+01
1.640121946685672683e+01 9.055385138137417300e+00 2.570992026436488231e+01 1.431782106327635340e+01 1.526433752247374720e+01 3.195309061734091571e+01 2.745906043549196340e+01 0.000000000000000000e+00 2.109502310972898798e+01 3.635931792539568619e+01 3.162277660168379256e+01 2.607680962081059661e+01 1.360147050873544394e+01 1.843908891458577415e+01 1.920937271229854559e+01 1.824828759089465890e+01 4.472135954999579610e+00 6.708203932499369415e+00 1.615549442140351033e+01 3.140063693621516450e+01 1.500000000000000000e+01 2.563201123595259290e+01 1.300000000000000000e+01 2.915475947422650194e+01
2.807133769523639799e+01 2.954657340538831534e+01 2.778488797889960793e+01 3.535533905932737753e+01 1.964688270438849926e+01 2.024845673131658685e+01 2.801785145224380003e+01 2.109502310972898798e+01 0.000000000000000000e+00 2.002498439450078749e+01 3.383784863137726262e+01 2.500000000000000000e+01 7.615773105863908654e+00 6.708203932499369415e+00 3.162277660168379523e+00 1.655294535724684835e+01 1.910497317454279909e+01 2.701851217221259205e+01 5.830951894845300743e+00 1.403566884761819900e+01 9.055385138137417300e+00 1.581138830084189628e+01 3.400000000000000000e+01 1.746424919657297892e+01
3.413209633175202384e+01 4.252058325093859992e+01 2.570992026436488231e+01 4.891829923454003648e+01 3.945883931389771959e+01 8.062257748298549132e+00 2.433105012119287736e+01 3.635931792539568619e+01 2.002498439450078749e+01 0.000000000000000000e+00 2.901723625709381693e+01 2.158703314492290204e+01 2.435159132377184221e+01 1.838477631085023489e+01 1.941648783894759944e+01 2.061552812808830382e+01 3.624913792078371699e+01 4.304648650006176780e+01 2.531797780234432693e+01 6.000000000000000000e+00 2.147091055358388800e+01 1.220655561573370207e+01 4.750789408087881327e+01 8.944271909999159220e+00
1.700000000000000000e+01 3.101612483854164637e+01 6.403124237432848531e+00 3.612478373637688378e+01 4.441846462902562109e+01 2.100000000000000000e+01 5.830951894845300743e+00 3.162277660168379256e+01 3.383784863137726262e+01 2.901723625709381693e+01 0.000000000000000000e+00 8.944271909999159220e+00 3.041381265149109936e+01 2.720294101747088789e+01 3.080584360149872580e+01 1.769180601295413169e+01 3.492849839314595783e+01 3.667424164178449786e+01 3.465544690232691494e+01 2.942787793912432193e+01 2.617250465660480074e+01 1.992485884517127559e+01 3.505709628591620941e+01 2.121320343559642652e+01
1.526433752247374720e+01 2.789265136196270589e+01 4.123105625617660586e+00 3.383784863137726262e+01 3.716180835212409050e+01 1.360147050873544394e+01 3.162277660168379523e+00 2.607680962081059661e+01 2.500000000000000000e+01 2.158703314492290204e+01 8.944271909999159220e+00 0.000000000000000000e+00 2.220360331117451835e+01 1.843908891458577415e+01 2.202271554554523902e+01 9.433981132056603158e+00 2.863564212655270680e+01 3.201562118716424266e+01 2.624880949681337583e+01 2.102379604162863913e+01 1.780449381476485726e+01 1.118033988749894903e+01 3.257299494980465937e+01 1.303840481040529831e+01
2.158703314492290204e+01 2.193171219946130890e+01 2.404163056034261459e+01 2.778488797889960793e+01 1.612451549659709826e+01 2.200000000000000000e+01 2.483948469674844262e+01 1.360147050873544394e+01 7.615773105863908654e+00 2.435159132377184221e+01 3.041381265149109936e+01 2.220360331117451835e+01 0.000000000000000000e+00 6.082762530298219339e+00 5.656854249492380582e+00 1.280624847486569706e+01 1.220655561573370207e+01 1.979898987322333070e+01 4.472135954999579610e+00 1.878829422805593552e+01 4.472135954999579610e+00 1.612451549659709826e+01 2.641968962724581260e+01 1.900000000000000000e+01
2.202271554554523902e+01 2.580697580112788003e+01 2.109502310972898798e+01 3.201562118716424266e+01 2.202271554554523902e+01 1.603121954188139853e+01 2.140093455903269515e+01 1.843908891458577415e+01 6.708203932499369415e+00 1.838477631085023489e+01 2.720294101747088789e+01 1.843908891458577415e+01 6.082762530298219339e+00 0.000000000000000000e+00 3.605551275463989125e+00 9.848857801796103928e+00 1.788854381999831844e+01 2.500000000000000000e+01 8.544003745317530374e+00 1.303840481040529831e+01 3.605551275463989125e+00 1.044030650891055068e+01 3.061045573002793319e+01 1.303840481040529831e+01
2.501999200639360765e+01 2.729468812791236232e+01 2.469817807045693669e+01 3.328663395418647752e+01 2.009975124224177989e+01 1.843908891458577415e+01 2.500000000000000000e+01 1.920937271229854559e+01 3.162277660168379523e+00 1.941648783894759944e+01 3.080584360149872580e+01 2.202271554554523902e+01 5.656854249492380582e+00 3.605551275463989125e+00 0.000000000000000000e+00 1.341640786499873883e+01 1.780449381476485726e+01 2.545584412271571040e+01 6.000000000000000000e+00 1.360147050873544394e+01 6.000000000000000000e+00 1.341640786499873883e+01 3.190611226708763226e+01 1.552417469626002422e+01
1.392838827718411920e+01 2.247220505424423109e+01 1.140175425099137918e+01 2.884441020371191300e+01 2.785677655436823841e+01 1.442220510185595650e+01 1.204159457879229578e+01 1.824828759089465890e+01 1.655294535724684835e+01 2.061552812808830382e+01 1.769180601295413169e+01 9.433981132056603158e+00 1.280624847486569706e+01 9.848857801796103928e+00 1.341640786499873883e+01 0.000000000000000000e+00 2.002498439450078749e+01 2.473863375370596174e+01 1.697056274847713908e+01 1.746424919657297892e+01 8.485281374238569541e+00 8.485281374238569541e+00 2.745906043549196340e+01 1.204159457879229578e+01
2.051828452868319275e+01 1.303840481040529831e+01 2.879236009777593708e+01 1.746424919657297892e+01 1.081665382639196871e+01 3.275667870831839679e+01 3.036445290137795183e+01 4.472135954999579610e+00 1.910497317454279909e+01 3.624913792078371699e+01 3.492849839314595783e+01 2.863564212655270680e+01 1.220655561573370207e+01 1.788854381999831844e+01 1.780449381476485726e+01 2.002498439450078749e+01 0.000000000000000000e+00 8.062257748298549132e+00 1.360147050873544394e+01 3.088689042296100240e+01 1.486606874731850603e+01 2.647640458974745314e+01 1.627882059609970611e+01 2.983286778035259701e+01
2.024845673131658685e+01 7.810249675906653977e+00 3.114482300479487265e+01 1.000000000000000000e+01 1.612451549659709826e+01 3.862641583165593318e+01 3.306055050963308162e+01 6.708203932499369415e+00 2.701851217221259205e+01 4.304648650006176780e+01 3.667424164178449786e+01 3.201562118716424266e+01 1.979898987322333070e+01 2.500000000000000000e+01 2.545584412271571040e+01 2.473863375370596174e+01 8.062257748298549132e+00 0.000000000000000000e+00 2.163330765278393741e+01 3.801315561749642313e+01 2.163330765278393741e+01 3.231098884280702066e+01 9.055385138137417300e+00 3.584689665786984136e+01
2.596150997149434048e+01 2.500000000000000000e+01 2.831960451701259274e+01 3.046309242345563462e+01 1.414213562373095101e+01 2.433105012119287736e+01 2.900000000000000000e+01 1.615549442140351033e+01 5.830951894845300743e+00 2.531797780234432693e+01 3.465544690232691494e+01 2.624880949681337583e+01 4.472135954999579610e+00 8.544003745317530374e+00 6.000000000000000000e+00 1.697056274847713908e+01 1.360147050873544394e+01 2.163330765278393741e+01 0.000000000000000000e+00 1.941648783894759944e+01 8.485281374238569541e+00 1.897366596101027625e+01 2.915475947422650194e+01 2.137755832643194864e+01
3.138470965295043058e+01 3.820994634908559817e+01 2.500000000000000000e+01 4.455333881989092504e+01 3.354101966249684352e+01 9.433981132056603158e+00 2.408318915758459156e+01 3.140063693621516450e+01 1.403566884761819900e+01 6.000000000000000000e+00 2.942787793912432193e+01 2.102379604162863913e+01 1.878829422805593552e+01 1.303840481040529831e+01 1.360147050873544394e+01 1.746424919657297892e+01 3.088689042296100240e+01 3.801315561749642313e+01 1.941648783894759944e+01 0.000000000000000000e+00 1.640121946685672683e+01 1.004987562112088995e+01 4.313930922024598402e+01 8.246211251235321171e+00
1.902629759044044633e+01 2.220360331117451835e+01 1.984943324127920761e+01 2.842534080710379030e+01 2.039607805437113797e+01 1.811077027627483460e+01 2.051828452868319275e+01 1.500000000000000000e+01 9.055385138137417300e+00 2.147091055358388800e+01 2.617250465660480074e+01 1.780449381476485726e+01 4.472135954999579610e+00 3.605551275463989125e+00 6.000000000000000000e+00 8.485281374238569541e+00 1.486606874731850603e+01 2.163330765278393741e+01 8.485281374238569541e+00 1.640121946685672683e+01 0.000000000000000000e+00 1.200000000000000000e+01 2.701851217221259205e+01 1.513274595042155646e+01
2.195449840010014952e+01 3.080584360149872580e+01 1.503329637837290811e+01 3.720215047547655018e+01 3.224903099319419653e+01 6.324555320336759046e+00 1.431782106327635340e+01 2.563201123595259290e+01 1.581138830084189628e+01 1.220655561573370207e+01 1.992485884517127559e+01 1.118033988749894903e+01 1.612451549659709826e+01 1.044030650891055068e+01 1.341640786499873883e+01 8.485281374238569541e+00 2.647640458974745314e+01 3.231098884280702066e+01 1.897366596101027625e+01 1.004987562112088995e+01 1.200000000000000000e+01 0.000000000000000000e+00 3.580502757993631491e+01 3.605551275463989125e+00
1.811077027627483460e+01 5.000000000000000000e+00 3.059411708155671050e+01 1.414213562373095145e+00 2.517935662402834396e+01 4.188078318274384770e+01 3.275667870831839679e+01 1.300000000000000000e+01 3.400000000000000000e+01 4.750789408087881327e+01 3.505709628591620941e+01 3.257299494980465937e+01 2.641968962724581260e+01 3.061045573002793319e+01 3.190611226708763226e+01 2.745906043549196340e+01 1.627882059609970611e+01 9.055385138137417300e+00 2.915475947422650194e+01 4.313930922024598402e+01 2.701851217221259205e+01 3.580502757993631491e+01 0.000000000000000000e+00 3.940812099047606409e+01
2.523885892824792521e+01 3.440930106817050671e+01 1.711724276862369010e+01 4.080441152620633005e+01 3.505709628591620941e+01 3.000000000000000000e+00 1.600000000000000000e+01 2.915475947422650194e+01 1.746424919657297892e+01 8.944271909999159220e+00 2.121320343559642652e+01 1.303840481040529831e+01 1.900000000000000000e+01 1.303840481040529831e+01 1.552417469626002422e+01 1.204159457879229578e+01 2.983286778035259701e+01 3.584689665786984136e+01 2.137755832643194864e+01 8.246211251235321171e+00 1.513274595042155646e+01 3.605551275463989125e+00 3.940812099047606409e+01 0.000000000000000000e+00
