0.000000000000000000e+00 3.140063693621516450e+01 2.517935662402834396e+01 7.280109889280518054e+00 1.649242250247064234e+01 2.501999200639360765e+01 1.612451549659709826e+01 9.055385138137417300e+00 2.061552812808830382e+01 1.941648783894759944e+01 1.303840481040529831e+01 2.968164415931165934e+01 2.692582403567251959e+01 4.000000000000000000e+00 7.071067811865475505e+00 4.016217125604640614e+01 1.700000000000000000e+01 1.476482306023340030e+01 4.205948168962618183e+01 1.788854381999831844e+01
3.140063693621516450e+01 0.000000000000000000e+00 6.324555320336759046e+00 2.500000000000000000e+01 3.420526275297414287e+01 8.485281374238569541e+00 1.655294535724684835e+01 3.492849839314595783e+01 1.236931687685298087e+01 2.193171219946130890e+01 1.843908891458577415e+01 2.184032966784155505e+01 1.615549442140351033e+01 2.745906043549196340e+01 2.785677655436823841e+01 1.931320791582796659e+01 1.627882059609970611e+01 2.163330765278393741e+01 2.012461179749810825e+01 1.984943324127920761e+01
2.517935662402834396e+01 6.324555320336759046e+00 0.000000000000000000e+00 1.868154169226940553e+01 2.831960451701259274e+01 4.000000000000000000e+00 1.029563014098700080e+01 2.863564212655270680e+01 7.810249675906653977e+00 1.664331697709323876e+01 1.216552506059643868e+01 1.900000000000000000e+01 1.300000000000000000e+01 2.121320343559642652e+01 2.154065922853801496e+01 2.061552812808830382e+01 1.118033988749894903e+01 1.562049935181330795e+01 2.193171219946130890e+01 1.421267040355189515e+01
7.280109889280518054e+00 2.500000000000000000e+01 1.868154169226940553e+01 0.000000000000000000e+00 1.431782106327635340e+01 1.802775637731994607e+01 9.000000000000000000e+00 1.063014581273464998e+01 1.562049935181330795e+01 1.272792206135785520e+01 6.708203932499369415e+00 2.280350850198275836e+01 1.969771560359220786e+01 3.605551275463989125e+00 3.605551275463989125e+00 3.289376840679705083e+01 1.280624847486569706e+01 7.810249675906653977e+00 3.478505426185217431e+01 1.081665382639196871e+01
1.649242250247064234e+01 3.420526275297414287e+01 2.831960451701259274e+01 1.431782106327635340e+01 0.000000000000000000e+00 2.580697580112788003e+01 1.843908891458577415e+01 8.602325267042626677e+00 2.830194339616981125e+01 1.300000000000000000e+01 1.923538406167134340e+01 2.100000000000000000e+01 2.184032966784155505e+01 1.600000000000000000e+01 1.104536101718726115e+01 3.413209633175202384e+01 2.640075756488817049e+01 1.272792206135785520e+01 3.612478373637688378e+01 1.442220510185595650e+01
2.501999200639360765e+01 8.485281374238569541e+00 4.000000000000000000e+00 1.802775637731994607e+01 2.580697580112788003e+01 0.000000000000000000e+00 9.055385138137417300e+00 2.720294101747088789e+01 1.081665382639196871e+01 1.345362404707370985e+01 1.216552506059643868e+01 1.500000000000000000e+01 9.000000000000000000e+00 2.102379604162863913e+01 2.039607805437113797e+01 1.769180601295413169e+01 1.345362404707370985e+01 1.341640786499873883e+01 1.920937271229854559e+01 1.140175425099137918e+01
1.612451549659709826e+01 1.655294535724684835e+01 1.029563014098700080e+01 9.000000000000000000e+00 1.843908891458577415e+01 9.055385138137417300e+00 0.000000000000000000e+00 1.838477631085023489e+01 1.044030650891055068e+01 9.000000000000000000e+00 4.242640687119284770e+00 1.664331697709323876e+01 1.204159457879229578e+01 1.216552506059643868e+01 1.140175425099137918e+01 2.459674775249768786e+01 1.004987562112088995e+01 5.830951894845300743e+00 2.640075756488817049e+01 6.000000000000000000e+00
9.055385138137417300e+00 3.492849839314595783e+01 2.863564212655270680e+01 1.063014581273464998e+01 8.602325267042626677e+00 2.720294101747088789e+01 1.838477631085023489e+01 0.000000000000000000e+00 2.624880949681337583e+01 1.711724276862369010e+01 1.720465053408525335e+01 2.692582403567251959e+01 2.601922366251537611e+01 1.029563014098700080e+01 7.211102550927978250e+00 3.920459156782531807e+01 2.334523505985750447e+01 1.414213562373095101e+01 4.119465984809195902e+01 1.702938636592640265e+01
2.061552812808830382e+01 1.236931687685298087e+01 7.810249675906653977e+00 1.562049935181330795e+01 2.830194339616981125e+01 1.081665382639196871e+01 1.044030650891055068e+01 2.624880949681337583e+01 0.000000000000000000e+00 1.923538406167134340e+01 9.219544457292887074e+00 2.473863375370596174e+01 1.897366596101027625e+01 1.700000000000000000e+01 1.910497317454279909e+01 2.831960451701259274e+01 4.000000000000000000e+00 1.615549442140351033e+01 2.969848480983499428e+01 1.627882059609970611e+01
1.941648783894759944e+01 2.193171219946130890e+01 1.664331697709323876e+01 1.272792206135785520e+01 1.300000000000000000e+01 1.345362404707370985e+01 9.000000000000000000e+00 1.711724276862369010e+01 1.923538406167134340e+01 0.000000000000000000e+00 1.236931687685298087e+01 1.029563014098700080e+01 9.055385138137417300e+00 1.627882059609970611e+01 1.252996408614166768e+01 2.209072203437452231e+01 1.902629759044044633e+01 5.000000000000000000e+00 2.408318915758459156e+01 3.000000000000000000e+00
1.303840481040529831e+01 1.843908891458577415e+01 1.216552506059643868e+01 6.708203932499369415e+00 1.923538406167134340e+01 1.216552506059643868e+01 4.242640687119284770e+00 1.720465053408525335e+01 9.219544457292887074e+00 1.236931687685298087e+01 0.000000000000000000e+00 2.080865204668481283e+01 1.627882059609970611e+01 9.055385138137417300e+00 1.000000000000000000e+01 2.865309756378880479e+01 7.280109889280518054e+00 8.000000000000000000e+00 3.041381265149109936e+01 9.486832980505138124e+00
2.968164415931165934e+01 2.184032966784155505e+01 1.900000000000000000e+01 2.280350850198275836e+01 2.100000000000000000e+01 1.500000000000000000e+01 1.664331697709323876e+01 2.692582403567251959e+01 2.473863375370596174e+01 1.029563014098700080e+01 2.080865204668481283e+01 0.000000000000000000e+00 6.000000000000000000e+00 2.640075756488817049e+01 2.282542442102665348e+01 1.334166406412633421e+01 2.600000000000000000e+01 1.500000000000000000e+01 1.529705854077835525e+01 1.204159457879229578e+01
2.692582403567251959e+01 1.615549442140351033e+01 1.300000000000000000e+01 1.969771560359220786e+01 2.184032966784155505e+01 9.000000000000000000e+00 1.204159457879229578e+01 2.601922366251537611e+01 1.897366596101027625e+01 9.055385138137417300e+00 1.627882059609970611e+01 6.000000000000000000e+00 0.000000000000000000e+00 2.325940669922601600e+01 2.061552812808830382e+01 1.334166406412633421e+01 2.059126028197400160e+01 1.236931687685298087e+01 1.529705854077835525e+01 9.219544457292887074e+00
4.000000000000000000e+00 2.745906043549196340e+01 2.121320343559642652e+01 3.605551275463989125e+00 1.600000000000000000e+01 2.102379604162863913e+01 1.216552506059643868e+01 1.029563014098700080e+01 1.700000000000000000e+01 1.627882059609970611e+01 9.055385138137417300e+00 2.640075756488817049e+01 2.325940669922601600e+01 0.000000000000000000e+00 5.099019513592784492e+00 3.640054944640259293e+01 1.360147050873544394e+01 1.140175425099137918e+01 3.827531841800927737e+01 1.442220510185595650e+01
7.071067811865475505e+00 2.785677655436823841e+01 2.154065922853801496e+01 3.605551275463989125e+00 1.104536101718726115e+01 2.039607805437113797e+01 1.140175425099137918e+01 7.211102550927978250e+00 1.910497317454279909e+01 1.252996408614166768e+01 1.000000000000000000e+01 2.282542442102665348e+01 2.061552812808830382e+01 5.099019513592784492e+00 0.000000000000000000e+00 3.395585369269929288e+01 1.640121946685672683e+01 8.246211251235321171e+00 3.590264614203248072e+01 1.140175425099137918e+01
4.016217125604640614e+01 1.931320791582796659e+01 2.061552812808830382e+01 3.289376840679705083e+01 3.413209633175202384e+01 1.769180601295413169e+01 2.459674775249768786e+01 3.920459156782531807e+01 2.831960451701259274e+01 2.209072203437452231e+01 2.865309756378880479e+01 1.334166406412633421e+01 1.334166406412633421e+01 3.640054944640259293e+01 3.395585369269929288e+01 0.000000000000000000e+00 3.114482300479487265e+01 2.570992026436488231e+01 2.000000000000000000e+00 2.256102834535695578e+01
1.700000000000000000e+01 1.627882059609970611e+01 1.118033988749894903e+01 1.280624847486569706e+01 2.640075756488817049e+01 1.345362404707370985e+01 1.004987562112088995e+01 2.334523505985750447e+01 4.000000000000000000e+00 1.902629759044044633e+01 7.280109889280518054e+00 2.600000000000000000e+01 2.059126028197400160e+01 1.360147050873544394e+01 1.640121946685672683e+01 3.114482300479487265e+01 0.000000000000000000e+00 1.513274595042155646e+01 3.264965543462901820e+01 1.603121954188139853e+01
1.476482306023340030e+01 2.163330765278393741e+01 1.562049935181330795e+01 7.810249675906653977e+00 1.272792206135785520e+01 1.341640786499873883e+01 5.830951894845300743e+00 1.414213562373095101e+01 1.615549442140351033e+01 5.000000000000000000e+00 8.000000000000000000e+00 1.500000000000000000e+01 1.236931687685298087e+01 1.140175425099137918e+01 8.246211251235321171e+00 2.570992026436488231e+01 1.513274595042155646e+01 0.000000000000000000e+00 2.765863337187866122e+01 3.162277660168379523e+00
4.205948168962618183e+01 2.012461179749810825e+01 2.193171219946130890e+01 3.478505426185217431e+01 3.612478373637688378e+01 1.920937271229854559e+01 2.640075756488817049e+01 4.119465984809195902e+01 2.969848480983499428e+01 2.408318915758459156e+01 3.041381265149109936e+01 1.529705854077835525e+01 1.529705854077835525e+01 3.827531841800927737e+01 3.590264614203248072e+01 2.000000000000000000e+00 3.264965543462901820e+01 2.765863337187866122e+01 0.000000000000000000e+00 2.451530134426252516e+01
1.788854381999831844e+01 1.984943324127920761e+01 1.421267040355189515e+01 1.081665382639196871e+01 1.442220510185595650e+01 1.140175425099137918e+01 6.000000000000000000e+00 1.702938636592640265e+01 1.627882059609970611e+01 3.000000000000000000e+00 9.486832980505138124e+00 1.204159457879229578e+01 9.219544457292887074e+00 1.442220510185595650e+01 1.140175425099137918e+01 2.256102834535695578e+01 1.603121954188139853e+01 3.162277660168379523e+00 2.451530134426252516e+01 0.000000000000000000e+00
