0.000000000000000000e+00 3.201562118716424266e+01 3.301514803843835466e+01 1.902629759044044633e+01 3.140063693621516450e+01 3.224903099319419653e+01 2.707397274136176790e+01 1.746424919657297892e+01 2.662705391138869615e+01 2.886173937932362321e+01 4.317406628984580408e+01 1.562049935181330795e+01 3.773592452822641263e+01 4.545327270945404763e+01 2.088061301782110135e+01 5.099019513592784492e+00 2.061552812808830382e+01 1.941648783894759944e+01 3.275667870831839679e+01 3.080584360149872580e+01 1.835755975068581947e+01 4.560701700396551672e+01 4.052159917870962147e+01 3.712142238654116966e+01
3.201562118716424266e+01 0.000000000000000000e+00 2.061552812808830382e+01 2.601922366251537611e+01 1.615549442140351033e+01 3.138470965295043058e+01 2.209072203437452231e+01 2.915475947422650194e+01 5.830951894845300743e+00 1.334166406412633421e+01 1.972308292331602075e+01 1.640121946685672683e+01 7.000000000000000000e+00 1.552417469626002422e+01 1.900000000000000000e+01 2.900000000000000000e+01 1.702938636592640265e+01 2.901723625709381693e+01 2.163330765278393741e+01 2.000000000000000000e+00 1.421267040355189515e+01 1.360147050873544394e+01 1.664331697709323876e+01 2.780287754891568852e+01
3.301514803843835466e+01 2.061552812808830382e+01 0.000000000000000000e+00 3.847076812334268681e+01 4.472135954999579610e+00 4.827007354458868349e+01 6.708203932499369415e+00 4.031128874149274566e+01 1.780449381476485726e+01 7.810249675906653977e+00 1.272792206135785520e+01 2.284731931759172596e+01 1.902629759044044633e+01 3.423448553724738019e+01 3.301514803843835466e+01 2.807133769523639799e+01 3.080584360149872580e+01 4.114608122288196768e+01 4.045985664828781836e+01 1.878829422805593552e+01 1.878829422805593552e+01 2.716615541441224835e+01 1.166190378969060149e+01 4.686149805543992386e+01
1.902629759044044633e+01 2.601922366251537611e+01 3.847076812334268681e+01 0.000000000000000000e+00 3.492849839314595783e+01 1.334166406412633421e+01 3.500000000000000000e+01 3.605551275463989125e+00 2.334523505985750447e+01 3.138470965295043058e+01 4.393176527297759293e+01 1.581138830084189628e+01 3.301514803843835466e+01 3.400000000000000000e+01 7.071067811865475505e+00 2.088061301782110135e+01 9.000000000000000000e+00 3.000000000000000000e+00 1.526433752247374720e+01 2.601922366251537611e+01 1.972308292331602075e+01 3.807886552931954327e+01 4.079215610874227593e+01 1.843908891458577415e+01
3.140063693621516450e+01 1.615549442140351033e+01 4.472135954999579610e+00 3.492849839314595783e+01 0.000000000000000000e+00 4.420407221060068537e+01 8.062257748298549132e+00 3.700000000000000000e+01 1.345362404707370985e+01 3.605551275463989125e+00 1.208304597359457233e+01 1.964688270438849926e+01 1.503329637837290811e+01 3.006659275674581622e+01 2.915475947422650194e+01 2.668332812825266842e+01 2.692582403567251959e+01 3.769615364994152884e+01 3.612478373637688378e+01 1.431782106327635340e+01 1.552417469626002422e+01 2.353720459187963954e+01 1.000000000000000000e+01 4.252058325093859992e+01
3.224903099319419653e+01 3.138470965295043058e+01 4.827007354458868349e+01 1.334166406412633421e+01 4.420407221060068537e+01 0.000000000000000000e+00 4.601086828130936368e+01 1.500000000000000000e+01 3.106444913401813324e+01 4.060788100849390503e+01 5.099019513592784847e+01 2.720294101747088789e+01 3.794733192202055250e+01 3.313608305156178346e+01 1.562049935181330795e+01 3.420526275297414287e+01 1.769180601295413169e+01 1.300000000000000000e+01 1.100000000000000000e+01 3.220248437620923454e+01 3.047950130825634218e+01 4.019950248448355978e+01 4.785394445602159408e+01 8.602325267042626677e+00
2.707397274136176790e+01 2.209072203437452231e+01 6.708203932499369415e+00 3.500000000000000000e+01 8.062257748298549132e+00 4.601086828130936368e+01 0.000000000000000000e+00 3.635931792539568619e+01 1.772004514666934938e+01 9.055385138137417300e+00 1.920937271229854559e+01 1.920937271229854559e+01 2.256102834535695578e+01 3.705401462729781059e+01 3.041381265149109936e+01 2.202271554554523902e+01 2.831960451701259274e+01 3.744329045369811126e+01 3.944616584663204151e+01 2.009975124224177989e+01 1.555634918610404505e+01 3.132091952673165025e+01 1.769180601295413169e+01 4.579301256742124338e+01
1.746424919657297892e+01 2.915475947422650194e+01 4.031128874149274566e+01 3.605551275463989125e+00 3.700000000000000000e+01 1.500000000000000000e+01 3.635931792539568619e+01 0.000000000000000000e+00 2.607680962081059661e+01 3.352610922848042208e+01 4.652956049652736681e+01 1.746424919657297892e+01 3.612478373637688378e+01 3.758989225842500304e+01 1.044030650891055068e+01 2.012461179749810825e+01 1.216552506059643868e+01 2.000000000000000000e+00 1.860107523773827509e+01 2.901723625709381693e+01 2.154065922853801496e+01 4.148493702538308270e+01 4.341658669218482203e+01 2.118962010041709121e+01
2.662705391138869615e+01 5.830951894845300743e+00 1.780449381476485726e+01 2.334523505985750447e+01 1.345362404707370985e+01 3.106444913401813324e+01 1.772004514666934938e+01 2.607680962081059661e+01 0.000000000000000000e+00 1.000000000000000000e+01 2.061552812808830382e+01 1.118033988749894903e+01 1.118033988749894903e+01 2.118962010041709121e+01 1.676305461424021104e+01 2.334523505985750447e+01 1.456021977856103611e+01 2.630589287593181069e+01 2.267156809750926882e+01 4.242640687119284770e+00 8.485281374238569541e+00 1.910497317454279909e+01 1.746424919657297892e+01 2.906888370749726747e+01
2.886173937932362321e+01 1.334166406412633421e+01 7.810249675906653977e+00 3.138470965295043058e+01 3.605551275463989125e+00 4.060788100849390503e+01 9.055385138137417300e+00 3.352610922848042208e+01 1.000000000000000000e+01 0.000000000000000000e+00 1.431782106327635340e+01 1.627882059609970611e+01 1.360147050873544394e+01 2.801785145224380003e+01 2.555386467836127551e+01 2.435159132377184221e+01 2.332380757938120297e+01 3.417601498127012150e+01 3.264965543462901820e+01 1.140175425099137918e+01 1.216552506059643868e+01 2.247220505424423109e+01 1.170469991071962568e+01 3.905124837953326988e+01
4.317406628984580408e+01 1.972308292331602075e+01 1.272792206135785520e+01 4.393176527297759293e+01 1.208304597359457233e+01 5.099019513592784847e+01 1.920937271229854559e+01 4.652956049652736681e+01 2.061552812808830382e+01 1.431782106327635340e+01 0.000000000000000000e+00 3.000000000000000000e+01 1.414213562373095101e+01 2.817800560721074277e+01 3.736308338453881106e+01 3.860051813123756403e+01 3.517101079013794873e+01 4.687216658103186262e+01 4.134005321718877468e+01 1.878829422805593552e+01 2.601922366251537611e+01 1.897366596101027625e+01 3.162277660168379523e+00 4.743416490252568707e+01
1.562049935181330795e+01 1.640121946685672683e+01 2.284731931759172596e+01 1.581138830084189628e+01 1.964688270438849926e+01 2.720294101747088789e+01 1.920937271229854559e+01 1.746424919657297892e+01 1.118033988749894903e+01 1.627882059609970611e+01 3.000000000000000000e+01 0.000000000000000000e+00 2.236067977499789805e+01 3.023243291566194912e+01 1.166190378969060149e+01 1.303840481040529831e+01 9.848857801796103928e+00 1.835755975068581947e+01 2.256102834535695578e+01 1.526433752247374720e+01 4.123105625617660586e+00 3.000000000000000000e+01 2.701851217221259205e+01 2.846049894151541437e+01
3.773592452822641263e+01 7.000000000000000000e+00 1.902629759044044633e+01 3.301514803843835466e+01 1.503329637837290811e+01 3.794733192202055250e+01 2.256102834535695578e+01 3.612478373637688378e+01 1.118033988749894903e+01 1.360147050873544394e+01 1.414213562373095101e+01 2.236067977499789805e+01 0.000000000000000000e+00 1.529705854077835525e+01 2.600000000000000000e+01 3.420526275297414287e+01 2.402082429892862692e+01 3.601388621073821383e+01 2.773084924772409465e+01 7.280109889280518054e+00 1.941648783894759944e+01 8.944271909999159220e+00 1.140175425099137918e+01 3.361547262794321966e+01
4.545327270945404763e+01 1.552417469626002422e+01 3.423448553724738019e+01 3.400000000000000000e+01 3.006659275674581622e+01 3.313608305156178346e+01 3.705401462729781059e+01 3.758989225842500304e+01 2.118962010041709121e+01 2.801785145224380003e+01 2.817800560721074277e+01 3.023243291566194912e+01 1.529705854077835525e+01 0.000000000000000000e+00 2.745906043549196340e+01 4.326661530556787483e+01 2.640075756488817049e+01 3.667424164178449786e+01 2.220360331117451835e+01 1.746424919657297892e+01 2.906888370749726747e+01 9.899494936611665352e+00 2.600000000000000000e+01 2.607680962081059661e+01
2.088061301782110135e+01 1.900000000000000000e+01 3.301514803843835466e+01 7.071067811865475505e+00 2.915475947422650194e+01 1.562049935181330795e+01 3.041381265149109936e+01 1.044030650891055068e+01 1.676305461424021104e+01 2.555386467836127551e+01 3.736308338453881106e+01 1.166190378969060149e+01 2.600000000000000000e+01 2.745906043549196340e+01 0.000000000000000000e+00 2.102379604162863913e+01 2.236067977499789805e+00 1.004987562112088995e+01 1.204159457879229578e+01 1.910497317454279909e+01 1.486606874731850603e+01 3.104834939252004844e+01 3.420526275297414287e+01 1.726267650163206824e+01
5.099019513592784492e+00 2.900000000000000000e+01 2.807133769523639799e+01 2.088061301782110135e+01 2.668332812825266842e+01 3.420526275297414287e+01 2.202271554554523902e+01 2.012461179749810825e+01 2.334523505985750447e+01 2.435159132377184221e+01 3.860051813123756403e+01 1.303840481040529831e+01 3.420526275297414287e+01 4.326661530556787483e+01 2.102379604162863913e+01 0.000000000000000000e+00 2.022374841615668473e+01 2.193171219946130890e+01 3.306055050963308162e+01 2.758622844826744469e+01 1.486606874731850603e+01 4.244997055358224713e+01 3.605551275463989214e+01 3.805259518088089266e+01
2.061552812808830382e+01 1.702938636592640265e+01 3.080584360149872580e+01 9.000000000000000000e+00 2.692582403567251959e+01 1.769180601295413169e+01 2.831960451701259274e+01 1.216552506059643868e+01 1.456021977856103611e+01 2.332380757938120297e+01 3.517101079013794873e+01 9.848857801796103928e+00 2.402082429892862692e+01 2.640075756488817049e+01 2.236067977499789805e+00 2.022374841615668473e+01 0.000000000000000000e+00 1.200000000000000000e+01 1.303840481040529831e+01 1.702938636592640265e+01 1.280624847486569706e+01 2.941088233970548416e+01 3.201562118716424266e+01 1.868154169226940553e+01
1.941648783894759944e+01 2.901723625709381693e+01 4.114608122288196768e+01 3.000000000000000000e+00 3.769615364994152884e+01 1.300000000000000000e+01 3.744329045369811126e+01 2.000000000000000000e+00 2.630589287593181069e+01 3.417601498127012150e+01 4.687216658103186262e+01 1.835755975068581947e+01 3.601388621073821383e+01 3.667424164178449786e+01 1.004987562112088995e+01 2.193171219946130890e+01 1.200000000000000000e+01 0.000000000000000000e+00 1.702938636592640265e+01 2.901723625709381693e+01 2.236067977499789805e+01 4.100000000000000000e+01 4.373785545725807822e+01 1.931320791582796659e+01
3.275667870831839679e+01 2.163330765278393741e+01 4.045985664828781836e+01 1.526433752247374720e+01 3.612478373637688378e+01 1.100000000000000000e+01 3.944616584663204151e+01 1.860107523773827509e+01 2.267156809750926882e+01 3.264965543462901820e+01 4.134005321718877468e+01 2.256102834535695578e+01 2.773084924772409465e+01 2.220360331117451835e+01 1.204159457879229578e+01 3.306055050963308162e+01 1.303840481040529831e+01 1.702938636592640265e+01 0.000000000000000000e+00 2.280350850198275836e+01 2.469817807045693669e+01 2.927456233660889495e+01 3.827531841800927737e+01 6.403124237432848531e+00
3.080584360149872580e+01 2.000000000000000000e+00 1.878829422805593552e+01 2.601922366251537611e+01 1.431782106327635340e+01 3.220248437620923454e+01 2.009975124224177989e+01 2.901723625709381693e+01 4.242640687119284770e+00 1.140175425099137918e+01 1.878829422805593552e+01 1.526433752247374720e+01 7.280109889280518054e+00 1.746424919657297892e+01 1.910497317454279909e+01 2.758622844826744469e+01 1.702938636592640265e+01 2.901723625709381693e+01 2.280350850198275836e+01 0.000000000000000000e+00 1.272792206135785520e+01 1.486606874731850603e+01 1.565247584249852864e+01 2.906888370749726747e+01
1.835755975068581947e+01 1.421267040355189515e+01 1.878829422805593552e+01 1.972308292331602075e+01 1.552417469626002422e+01 3.047950130825634218e+01 1.555634918610404505e+01 2.154065922853801496e+01 8.485281374238569541e+00 1.216552506059643868e+01 2.601922366251537611e+01 4.123105625617660586e+00 1.941648783894759944e+01 2.906888370749726747e+01 1.486606874731850603e+01 1.486606874731850603e+01 1.280624847486569706e+01 2.236067977499789805e+01 2.469817807045693669e+01 1.272792206135785520e+01 0.000000000000000000e+00 2.758622844826744469e+01 2.308679276123039159e+01 3.087069808086626210e+01
4.560701700396551672e+01 1.360147050873544394e+01 2.716615541441224835e+01 3.807886552931954327e+01 2.353720459187963954e+01 4.019950248448355978e+01 3.132091952673165025e+01 4.148493702538308270e+01 1.910497317454279909e+01 2.247220505424423109e+01 1.897366596101027625e+01 3.000000000000000000e+01 8.944271909999159220e+00 9.899494936611665352e+00 3.104834939252004844e+01 4.244997055358224713e+01 2.941088233970548416e+01 4.100000000000000000e+01 2.927456233660889495e+01 1.486606874731850603e+01 2.758622844826744469e+01 0.000000000000000000e+00 1.726267650163206824e+01 3.420526275297414287e+01
4.052159917870962147e+01 1.664331697709323876e+01 1.166190378969060149e+01 4.079215610874227593e+01 1.000000000000000000e+01 4.785394445602159408e+01 1.769180601295413169e+01 4.341658669218482203e+01 1.746424919657297892e+01 1.170469991071962568e+01 3.162277660168379523e+00 2.701851217221259205e+01 1.140175425099137918e+01 2.600000000000000000e+01 3.420526275297414287e+01 3.605551275463989214e+01 3.201562118716424266e+01 4.373785545725807822e+01 3.827531841800927737e+01 1.565247584249852864e+01 2.308679276123039159e+01 1.726267650163206824e+01 0.000000000000000000e+00 4.440720662234903671e+01
3.712142238654116966e+01 2.780287754891568852e+01 4.686149805543992386e+01 1.843908891458577415e+01 4.252058325093859992e+01 8.602325267042626677e+00 4.579301256742124338e+01 2.118962010041709121e+01 2.906888370749726747e+01 3.905124837953326988e+01 4.743416490252568707e+01 2.846049894151541437e+01 3.361547262794321966e+01 2.607680962081059661e+01 1.726267650163206824e+01 3.805259518088089266e+01 1.868154169226940553e+01 1.931320791582796659e+01 6.403124237432848531e+00 2.906888370749726747e+01 3.087069808086626210e+01 3.420526275297414287e+01 4.440720662234903671e+01 0.000000000000000000e+00
