0.000000000000000000e+00 3.206243908376279705e+01 3.201562118716424266e+01 1.941648783894759944e+01 1.800000000000000000e+01 8.544003745317530374e+00 2.284731931759172596e+01 3.324154027718932269e+01 1.486606874731850603e+01 4.205948168962618183e+01 4.000000000000000000e+00 4.011234224026316042e+01 4.162931659299729859e+01 1.140175425099137918e+01 3.661966684720110976e+01 1.923538406167134340e+01 1.431782106327635340e+01 2.184032966784155505e+01 1.104536101718726115e+01 2.884441020371191300e+01 2.121320343559642652e+01
3.206243908376279705e+01 0.000000000000000000e+00 3.000000000000000000e+00 1.315294643796590535e+01 1.414213562373095101e+01 2.402082429892862692e+01 3.252691193458118590e+01 2.236067977499789805e+00 1.931320791582796659e+01 2.256102834535695578e+01 3.255764119219941222e+01 9.433981132056603158e+00 1.992485884517127559e+01 2.731300056749532601e+01 2.308679276123039159e+01 1.860107523773827509e+01 1.868154169226940553e+01 1.360147050873544394e+01 3.361547262794321966e+01 1.969771560359220786e+01 2.404163056034261459e+01
3.201562118716424266e+01 3.000000000000000000e+00 0.000000000000000000e+00 1.392838827718411920e+01 1.403566884761819900e+01 2.433105012119287736e+01 3.047950130825634218e+01 5.099019513592784492e+00 1.843908891458577415e+01 1.964688270438849926e+01 3.214031735997639316e+01 8.246211251235321171e+00 1.708800749063506075e+01 2.624880949681337583e+01 2.009975124224177989e+01 1.700000000000000000e+01 1.811077027627483460e+01 1.208304597359457233e+01 3.257299494980465937e+01 1.700000000000000000e+01 2.202271554554523902e+01
1.941648783894759944e+01 1.315294643796590535e+01 1.392838827718411920e+01 0.000000000000000000e+00 4.123105625617660586e+00 1.104536101718726115e+01 2.692582403567251959e+01 1.400000000000000000e+01 1.029563014098700080e+01 3.000000000000000000e+01 2.061552812808830382e+01 2.213594362117865444e+01 2.831960451701259274e+01 1.769180601295413169e+01 2.731300056749532601e+01 1.315294643796590535e+01 8.602325267042626677e+00 1.019803902718556898e+01 2.343074902771996193e+01 2.061552812808830382e+01 1.941648783894759944e+01
1.800000000000000000e+01 1.414213562373095101e+01 1.403566884761819900e+01 4.123105625617660586e+00 0.000000000000000000e+00 1.044030650891055068e+01 2.284731931759172596e+01 1.552417469626002422e+01 6.403124237432848531e+00 2.758622844826744469e+01 1.843908891458577415e+01 2.220360331117451835e+01 2.624880949681337583e+01 1.421267040355189515e+01 2.418677324489564739e+01 9.055385138137417300e+00 5.000000000000000000e+00 6.708203932499369415e+00 2.024845673131658685e+01 1.708800749063506075e+01 1.529705854077835525e+01
8.544003745317530374e+00 2.402082429892862692e+01 2.433105012119287736e+01 1.104536101718726115e+01 1.044030650891055068e+01 0.000000000000000000e+00 2.402082429892862692e+01 2.501999200639360765e+01 1.000000000000000000e+01 3.701351104664349378e+01 1.063014581273464998e+01 3.255764119219941222e+01 3.605551275463989214e+01 1.204159457879229578e+01 3.255764119219941222e+01 1.500000000000000000e+01 8.485281374238569541e+00 1.581138830084189628e+01 1.565247584249852864e+01 2.483948469674844262e+01 1.931320791582796659e+01
2.284731931759172596e+01 3.252691193458118590e+01 3.047950130825634218e+01 2.692582403567251959e+01 2.284731931759172596e+01 2.402082429892862692e+01 0.000000000000000000e+00 3.465544690232691494e+01 1.676305461424021104e+01 2.801785145224380003e+01 1.923538406167134340e+01 3.584689665786984136e+01 2.927456233660889495e+01 1.216552506059643868e+01 2.100000000000000000e+01 1.442220510185595650e+01 1.868154169226940553e+01 1.920937271229854559e+01 1.280624847486569706e+01 1.581138830084189628e+01 8.485281374238569541e+00
3.324154027718932269e+01 2.236067977499789805e+00 5.099019513592784492e+00 1.400000000000000000e+01 1.552417469626002422e+01 2.501999200639360765e+01 3.465544690232691494e+01 0.000000000000000000e+00 2.102379604162863913e+01 2.433105012119287736e+01 3.395585369269929288e+01 9.899494936611665352e+00 2.158703314492290204e+01 2.906888370749726747e+01 2.517935662402834396e+01 2.061552812808830382e+01 2.024845673131658685e+01 1.562049935181330795e+01 3.534119409414458346e+01 2.193171219946130890e+01 2.617250465660480074e+01
1.486606874731850603e+01 1.931320791582796659e+01 1.843908891458577415e+01 1.029563014098700080e+01 6.403124237432848531e+00 1.000000000000000000e+01 1.676305461424021104e+01 2.102379604162863913e+01 0.000000000000000000e+00 2.745906043549196340e+01 1.403566884761819900e+01 2.607680962081059661e+01 2.683281572999747766e+01 8.062257748298549132e+00 2.262741699796952233e+01 5.000000000000000000e+00 2.000000000000000000e+00 7.071067811865475505e+00 1.431782106327635340e+01 1.486606874731850603e+01 1.004987562112088995e+01
4.205948168962618183e+01 2.256102834535695578e+01 1.964688270438849926e+01 3.000000000000000000e+01 2.758622844826744469e+01 3.701351104664349378e+01 2.801785145224380003e+01 2.433105012119287736e+01 2.745906043549196340e+01 0.000000000000000000e+00 4.031128874149274566e+01 1.726267650163206824e+01 3.162277660168379523e+00 3.195309061734091571e+01 7.071067811865475505e+00 2.282542442102665348e+01 2.860069929215018192e+01 2.126029162546929996e+01 3.710795063055894616e+01 1.360147050873544394e+01 2.256102834535695578e+01
4.000000000000000000e+00 3.255764119219941222e+01 3.214031735997639316e+01 2.061552812808830382e+01 1.843908891458577415e+01 1.063014581273464998e+01 1.923538406167134340e+01 3.395585369269929288e+01 1.403566884761819900e+01 4.031128874149274566e+01 0.000000000000000000e+00 4.001249804748510996e+01 4.016217125604640614e+01 8.602325267042626677e+00 3.448187929913333249e+01 1.772004514666934938e+01 1.403566884761819900e+01 2.109502310972898798e+01 7.071067811865475505e+00 2.683281572999747766e+01 1.860107523773827509e+01
4.011234224026316042e+01 9.433981132056603158e+00 8.246211251235321171e+00 2.213594362117865444e+01 2.220360331117451835e+01 3.255764119219941222e+01 3.584689665786984136e+01 9.899494936611665352e+00 2.607680962081059661e+01 1.726267650163206824e+01 4.001249804748510996e+01 0.000000000000000000e+00 1.414213562373095101e+01 3.354101966249684352e+01 2.059126028197400160e+01 2.376972864800942631e+01 2.600000000000000000e+01 1.923538406167134340e+01 3.981205847478876336e+01 2.061552812808830382e+01 2.773084924772409465e+01
4.162931659299729859e+01 1.992485884517127559e+01 1.708800749063506075e+01 2.831960451701259274e+01 2.624880949681337583e+01 3.605551275463989214e+01 2.927456233660889495e+01 2.158703314492290204e+01 2.683281572999747766e+01 3.162277660168379523e+00 4.016217125604640614e+01 1.414213562373095101e+01 0.000000000000000000e+00 3.201562118716424266e+01 8.944271909999159220e+00 2.247220505424423109e+01 2.778488797889960793e+01 2.024845673131658685e+01 3.748332962798262713e+01 1.403566884761819900e+01 2.308679276123039159e+01
1.140175425099137918e+01 2.731300056749532601e+01 2.624880949681337583e+01 1.769180601295413169e+01 1.421267040355189515e+01 1.204159457879229578e+01 1.216552506059643868e+01 2.906888370749726747e+01 8.062257748298549132e+00 3.195309061734091571e+01 8.602325267042626677e+00 3.354101966249684352e+01 3.201562118716424266e+01 0.000000000000000000e+00 2.594224354214569317e+01 1.000000000000000000e+01 9.219544457292887074e+00 1.431782106327635340e+01 6.324555320336759046e+00 1.838477631085023489e+01 1.000000000000000000e+01
3.661966684720110976e+01 2.308679276123039159e+01 2.009975124224177989e+01 2.731300056749532601e+01 2.418677324489564739e+01 3.255764119219941222e+01 2.100000000000000000e+01 2.517935662402834396e+01 2.262741699796952233e+01 7.071067811865475505e+00 3.448187929913333249e+01 2.059126028197400160e+01 8.944271909999159220e+00 2.594224354214569317e+01 0.000000000000000000e+00 1.769180601295413169e+01 2.408318915758459156e+01 1.749285568453590045e+01 3.067572330035593353e+01 7.810249675906653977e+00 1.615549442140351033e+01
1.923538406167134340e+01 1.860107523773827509e+01 1.700000000000000000e+01 1.315294643796590535e+01 9.055385138137417300e+00 1.500000000000000000e+01 1.442220510185595650e+01 2.061552812808830382e+01 5.000000000000000000e+00 2.282542442102665348e+01 1.772004514666934938e+01 2.376972864800942631e+01 2.247220505424423109e+01 1.000000000000000000e+01 1.769180601295413169e+01 0.000000000000000000e+00 6.708203932499369415e+00 5.000000000000000000e+00 1.612451549659709826e+01 9.899494936611665352e+00 6.324555320336759046e+00
1.431782106327635340e+01 1.868154169226940553e+01 1.811077027627483460e+01 8.602325267042626677e+00 5.000000000000000000e+00 8.485281374238569541e+00 1.868154169226940553e+01 2.024845673131658685e+01 2.000000000000000000e+00 2.860069929215018192e+01 1.403566884761819900e+01 2.600000000000000000e+01 2.778488797889960793e+01 9.219544457292887074e+00 2.408318915758459156e+01 6.708203932499369415e+00 0.000000000000000000e+00 7.615773105863908654e+00 1.526433752247374720e+01 1.640121946685672683e+01 1.204159457879229578e+01
2.184032966784155505e+01 1.360147050873544394e+01 1.208304597359457233e+01 1.019803902718556898e+01 6.708203932499369415e+00 1.581138830084189628e+01 1.920937271229854559e+01 1.562049935181330795e+01 7.071067811865475505e+00 2.126029162546929996e+01 2.109502310972898798e+01 1.923538406167134340e+01 2.024845673131658685e+01 1.431782106327635340e+01 1.749285568453590045e+01 5.000000000000000000e+00 7.615773105863908654e+00 0.000000000000000000e+00 2.061552812808830382e+01 1.044030650891055068e+01 1.081665382639196871e+01
1.104536101718726115e+01 3.361547262794321966e+01 3.257299494980465937e+01 2.343074902771996193e+01 2.024845673131658685e+01 1.565247584249852864e+01 1.280624847486569706e+01 3.534119409414458346e+01 1.431782106327635340e+01 3.710795063055894616e+01 7.071067811865475505e+00 3.981205847478876336e+01 3.748332962798262713e+01 6.324555320336759046e+00 3.067572330035593353e+01 1.612451549659709826e+01 1.526433752247374720e+01 2.061552812808830382e+01 0.000000000000000000e+00 2.353720459187963954e+01 1.456021977856103611e+01
2.884441020371191300e+01 1.969771560359220786e+01 1.700000000000000000e+01 2.061552812808830382e+01 1.708800749063506075e+01 2.483948469674844262e+01 1.581138830084189628e+01 2.193171219946130890e+01 1.486606874731850603e+01 1.360147050873544394e+01 2.683281572999747766e+01 2.061552812808830382e+01 1.403566884761819900e+01 1.838477631085023489e+01 7.810249675906653977e+00 9.899494936611665352e+00 1.640121946685672683e+01 1.044030650891055068e+01 2.353720459187963954e+01 0.000000000000000000e+00 9.055385138137417300e+00
2.121320343559642652e+01 2.404163056034261459e+01 2.202271554554523902e+01 1.941648783894759944e+01 1.529705854077835525e+01 1.931320791582796659e+01 8.485281374238569541e+00 2.617250465660480074e+01 1.004987562112088995e+01 2.256102834535695578e+01 1.860107523773827509e+01 2.773084924772409465e+01 2.308679276123039159e+01 1.000000000000000000e+01 1.615549442140351033e+01 6.324555320336759046e+00 1.204159457879229578e+01 1.081665382639196871e+01 1.456021977856103611e+01 9.055385138137417300e+00 0.000000000000000000e+00
