0.000000000000000000e+00 2.927456233660889495e+01 7.810249675906653977e+00 1.649242250247064234e+01 1.403566884761819900e+01 3.807886552931954327e+01 1.984943324127920761e+01 2.080865204668481283e+01 3.847076812334268681e+01 2.332380757938120297e+01 7.211102550927978250e+00 2.683281572999747766e+01 2.012461179749810825e+01 2.408318915758459156e+01 1.315294643796590535e+01 1.581138830084189628e+01 1.442220510185595650e+01 1.868154169226940553e+01 2.683281572999747766e+01 2.024845673131658685e+01 1.392838827718411920e+01 2.061552812808830382e+01 2.061552812808830382e+01 3.238826948140329165e+01 2.236067977499789805e+01
2.927456233660889495e+01 0.000000000000000000e+00 2.600000000000000000e+01 1.300000000000000000e+01 1.581138830084189628e+01 1.526433752247374720e+01 1.941648783894759944e+01 1.442220510185595650e+01 1.345362404707370985e+01 1.204159457879229578e+01 3.448187929913333249e+01 9.433981132056603158e+00 4.390899680020029905e+01 1.627882059609970611e+01 2.846049894151541437e+01 1.676305461424021104e+01 2.080865204668481283e+01 3.676955262170046979e+01 1.676305461424021104e+01 1.920937271229854559e+01 1.603121954188139853e+01 4.161730409336962566e+01 3.114482300479487265e+01 3.162277660168379523e+00 1.063014581273464998e+01
7.810249675906653977e+00 2.600000000000000000e+01 0.000000000000000000e+00 1.486606874731850603e+01 1.029563014098700080e+01 3.214031735997639316e+01 2.247220505424423109e+01 2.163330765278393741e+01 3.300000000000000000e+01 2.343074902771996193e+01 9.000000000000000000e+00 2.617250465660480074e+01 1.843908891458577415e+01 2.555386467836127551e+01 1.923538406167134340e+01 1.700000000000000000e+01 7.280109889280518054e+00 2.600000000000000000e+01 1.992485884517127559e+01 1.300000000000000000e+01 1.360147050873544394e+01 1.720465053408525335e+01 1.334166406412633421e+01 2.915475947422650194e+01 1.711724276862369010e+01
1.649242250247064234e+01 1.300000000000000000e+01 1.486606874731850603e+01 0.000000000000000000e+00 5.385164807134503739e+00 2.469817807045693669e+01 1.140175425099137918e+01 8.062257748298549132e+00 2.416609194718914466e+01 8.944271909999159220e+00 2.236067977499789805e+01 1.131370849898476116e+01 3.330165161069342616e+01 1.216552506059643868e+01 1.664331697709323876e+01 5.830951894845300743e+00 1.264911064067351809e+01 2.523885892824792521e+01 1.788854381999831844e+01 1.503329637837290811e+01 3.162277660168379523e+00 3.189043743820394994e+01 2.435159132377184221e+01 1.603121954188139853e+01 1.000000000000000000e+01
1.403566884761819900e+01 1.581138830084189628e+01 1.029563014098700080e+01 5.385164807134503739e+00 0.000000000000000000e+00 2.435159132377184221e+01 1.603121954188139853e+01 1.334166406412633421e+01 2.451530134426252516e+01 1.431782106327635340e+01 1.868154169226940553e+01 1.640121946685672683e+01 2.860069929215018192e+01 1.746424919657297892e+01 1.843908891458577415e+01 1.004987562112088995e+01 7.280109889280518054e+00 2.687005768508880621e+01 1.486606874731850603e+01 1.044030650891055068e+01 6.082762530298219339e+00 2.687005768508880621e+01 1.897366596101027625e+01 1.897366596101027625e+01 8.544003745317530374e+00
3.807886552931954327e+01 1.526433752247374720e+01 3.214031735997639316e+01 2.469817807045693669e+01 2.435159132377184221e+01 0.000000000000000000e+00 3.394112549695427816e+01 2.900000000000000000e+01 3.162277660168379523e+00 2.701851217221259205e+01 4.110960958218893069e+01 2.469817807045693669e+01 4.687216658103186262e+01 3.140063693621516450e+01 4.134005321718877468e+01 3.000000000000000000e+01 2.501999200639360765e+01 4.992995093127971273e+01 1.334166406412633421e+01 2.009975124224177989e+01 2.778488797889960793e+01 4.341658669218482203e+01 3.067572330035593353e+01 1.486606874731850603e+01 1.581138830084189628e+01
1.984943324127920761e+01 1.941648783894759944e+01 2.247220505424423109e+01 1.140175425099137918e+01 1.603121954188139853e+01 3.394112549695427816e+01 0.000000000000000000e+00 5.000000000000000000e+00 3.264965543462901820e+01 7.615773105863908654e+00 2.701851217221259205e+01 1.140175425099137918e+01 3.966106403010387993e+01 5.099019513592784492e+00 1.118033988749894903e+01 6.000000000000000000e+00 2.302172886644267535e+01 1.824828759089465890e+01 2.915475947422650194e+01 2.630589287593181069e+01 1.000000000000000000e+01 3.935733730830885690e+01 3.436568055487916240e+01 2.147091055358388800e+01 2.102379604162863913e+01
2.080865204668481283e+01 1.442220510185595650e+01 2.163330765278393741e+01 8.062257748298549132e+00 1.334166406412633421e+01 2.900000000000000000e+01 5.000000000000000000e+00 0.000000000000000000e+00 2.765863337187866122e+01 3.000000000000000000e+00 2.765863337187866122e+01 7.000000000000000000e+00 3.969886648255841521e+01 4.123105625617660586e+00 1.503329637837290811e+01 5.000000000000000000e+00 2.061552812808830382e+01 2.280350850198275836e+01 2.500000000000000000e+01 2.300000000000000000e+01 8.062257748298549132e+00 3.883297567789519888e+01 3.228002478313794654e+01 1.655294535724684835e+01 1.676305461424021104e+01
3.847076812334268681e+01 1.345362404707370985e+01 3.300000000000000000e+01 2.416609194718914466e+01 2.451530134426252516e+01 3.162277660168379523e+00 3.264965543462901820e+01 2.765863337187866122e+01 0.000000000000000000e+00 2.545584412271571040e+01 4.200000000000000000e+01 2.280350850198275836e+01 4.850773134253961416e+01 2.973213749463701205e+01 4.070626487409523975e+01 2.915475947422650194e+01 2.607680962081059661e+01 4.924428900898052319e+01 1.523154621172781731e+01 2.158703314492290204e+01 2.731300056749532601e+01 4.522167621838005402e+01 3.269556544854363267e+01 1.252996408614166768e+01 1.612451549659709826e+01
2.332380757938120297e+01 1.204159457879229578e+01 2.343074902771996193e+01 8.944271909999159220e+00 1.431782106327635340e+01 2.701851217221259205e+01 7.615773105863908654e+00 3.000000000000000000e+00 2.545584412271571040e+01 0.000000000000000000e+00 3.000000000000000000e+01 4.000000000000000000e+00 4.172529209005013229e+01 4.472135954999579610e+00 1.802775637731994607e+01 7.615773105863908654e+00 2.154065922853801496e+01 2.570992026436488231e+01 2.433105012119287736e+01 2.319482700948640286e+01 9.899494936611665352e+00 4.060788100849390503e+01 3.324154027718932269e+01 1.389244398944980396e+01 1.612451549659709826e+01
7.211102550927978250e+00 3.448187929913333249e+01 9.000000000000000000e+00 2.236067977499789805e+01 1.868154169226940553e+01 4.110960958218893069e+01 2.701851217221259205e+01 2.765863337187866122e+01 4.200000000000000000e+01 3.000000000000000000e+01 0.000000000000000000e+00 3.328663395418647752e+01 1.300000000000000000e+01 3.111269837220809009e+01 1.992485884517127559e+01 2.267156809750926882e+01 1.612451549659709826e+01 2.402082429892862692e+01 2.863564212655270680e+01 2.158703314492290204e+01 2.024845673131658685e+01 1.403566884761819900e+01 1.769180601295413169e+01 3.764306044943742080e+01 2.607680962081059661e+01
2.683281572999747766e+01 9.433981132056603158e+00 2.617250465660480074e+01 1.131370849898476116e+01 1.640121946685672683e+01 2.469817807045693669e+01 1.140175425099137918e+01 7.000000000000000000e+00 2.280350850198275836e+01 4.000000000000000000e+00 3.328663395418647752e+01 0.000000000000000000e+00 4.459820624195551630e+01 7.211102550927978250e+00 2.202271554554523902e+01 1.140175425099137918e+01 2.332380757938120297e+01 2.961418578992169515e+01 2.400000000000000000e+01 2.404163056034261459e+01 1.303840481040529831e+01 4.318564576337836769e+01 3.488552708502481892e+01 1.063014581273464998e+01 1.612451549659709826e+01
2.012461179749810825e+01 4.390899680020029905e+01 1.843908891458577415e+01 3.330165161069342616e+01 2.860069929215018192e+01 4.687216658103186262e+01 3.966106403010387993e+01 3.969886648255841521e+01 4.850773134253961416e+01 4.172529209005013229e+01 1.300000000000000000e+01 4.459820624195551630e+01 0.000000000000000000e+00 4.341658669218482203e+01 3.289376840679705083e+01 3.482814953453599571e+01 2.325940669922601600e+01 3.622154055254966920e+01 3.354101966249684352e+01 2.692582403567251959e+01 3.182766092567909766e+01 4.472135954999579610e+00 1.702938636592640265e+01 4.701063709417263681e+01 3.401470270338990076e+01
2.408318915758459156e+01 1.627882059609970611e+01 2.555386467836127551e+01 1.216552506059643868e+01 1.746424919657297892e+01 3.140063693621516450e+01 5.099019513592784492e+00 4.123105625617660586e+00 2.973213749463701205e+01 4.472135954999579610e+00 3.111269837220809009e+01 7.211102550927978250e+00 4.341658669218482203e+01 0.000000000000000000e+00 1.627882059609970611e+01 8.602325267042626677e+00 2.473863375370596174e+01 2.308679276123039159e+01 2.863564212655270680e+01 2.701851217221259205e+01 1.208304597359457233e+01 4.272001872658765365e+01 3.640054944640259293e+01 1.780449381476485726e+01 2.039607805437113797e+01
1.315294643796590535e+01 2.846049894151541437e+01 1.923538406167134340e+01 1.664331697709323876e+01 1.843908891458577415e+01 4.134005321718877468e+01 1.118033988749894903e+01 1.503329637837290811e+01 4.070626487409523975e+01 1.802775637731994607e+01 1.992485884517127559e+01 2.202271554554523902e+01 3.289376840679705083e+01 1.627882059609970611e+01 0.000000000000000000e+00 1.170469991071962568e+01 2.325940669922601600e+01 8.602325267042626677e+00 3.330165161069342616e+01 2.830194339616981125e+01 1.360147050873544394e+01 3.373425558686599857e+01 3.255764119219941222e+01 3.104834939252004844e+01 2.624880949681337583e+01
1.581138830084189628e+01 1.676305461424021104e+01 1.700000000000000000e+01 5.830951894845300743e+00 1.004987562112088995e+01 3.000000000000000000e+01 6.000000000000000000e+00 5.000000000000000000e+00 2.915475947422650194e+01 7.615773105863908654e+00 2.267156809750926882e+01 1.140175425099137918e+01 3.482814953453599571e+01 8.602325267042626677e+00 1.170469991071962568e+01 0.000000000000000000e+00 1.702938636592640265e+01 2.012461179749810825e+01 2.370653918225939449e+01 2.039607805437113797e+01 4.000000000000000000e+00 3.413209633175202384e+01 2.844292530665578411e+01 1.941648783894759944e+01 1.581138830084189628e+01
1.442220510185595650e+01 2.080865204668481283e+01 7.280109889280518054e+00 1.264911064067351809e+01 7.280109889280518054e+00 2.501999200639360765e+01 2.302172886644267535e+01 2.061552812808830382e+01 2.607680962081059661e+01 2.154065922853801496e+01 1.612451549659709826e+01 2.332380757938120297e+01 2.325940669922601600e+01 2.473863375370596174e+01 2.325940669922601600e+01 1.702938636592640265e+01 0.000000000000000000e+00 3.106444913401813324e+01 1.264911064067351809e+01 5.830951894845300743e+00 1.303840481040529831e+01 2.080865204668481283e+01 1.170469991071962568e+01 2.385372088375312671e+01 1.077032961426900748e+01
1.868154169226940553e+01 3.676955262170046979e+01 2.600000000000000000e+01 2.523885892824792521e+01 2.687005768508880621e+01 4.992995093127971273e+01 1.824828759089465890e+01 2.280350850198275836e+01 4.924428900898052319e+01 2.570992026436488231e+01 2.402082429892862692e+01 2.961418578992169515e+01 3.622154055254966920e+01 2.308679276123039159e+01 8.602325267042626677e+00 2.012461179749810825e+01 3.106444913401813324e+01 0.000000000000000000e+00 4.172529209005013229e+01 3.640054944640259293e+01 2.220360331117451835e+01 3.800000000000000000e+01 3.921734310225515685e+01 3.921734310225515685e+01 3.482814953453599571e+01
2.683281572999747766e+01 1.676305461424021104e+01 1.992485884517127559e+01 1.788854381999831844e+01 1.486606874731850603e+01 1.334166406412633421e+01 2.915475947422650194e+01 2.500000000000000000e+01 1.523154621172781731e+01 2.433105012119287736e+01 2.863564212655270680e+01 2.400000000000000000e+01 3.354101966249684352e+01 2.863564212655270680e+01 3.330165161069342616e+01 2.370653918225939449e+01 1.264911064067351809e+01 4.172529209005013229e+01 0.000000000000000000e+00 7.071067811865475505e+00 2.024845673131658685e+01 3.008321791298264714e+01 1.746424919657297892e+01 1.878829422805593552e+01 8.246211251235321171e+00
2.024845673131658685e+01 1.920937271229854559e+01 1.300000000000000000e+01 1.503329637837290811e+01 1.044030650891055068e+01 2.009975124224177989e+01 2.630589287593181069e+01 2.300000000000000000e+01 2.158703314492290204e+01 2.319482700948640286e+01 2.158703314492290204e+01 2.404163056034261459e+01 2.692582403567251959e+01 2.701851217221259205e+01 2.830194339616981125e+01 2.039607805437113797e+01 5.830951894845300743e+00 3.640054944640259293e+01 7.071067811865475505e+00 0.000000000000000000e+00 1.649242250247064234e+01 2.376972864800942631e+01 1.204159457879229578e+01 2.193171219946130890e+01 8.602325267042626677e+00
1.392838827718411920e+01 1.603121954188139853e+01 1.360147050873544394e+01 3.162277660168379523e+00 6.082762530298219339e+00 2.778488797889960793e+01 1.000000000000000000e+01 8.062257748298549132e+00 2.731300056749532601e+01 9.899494936611665352e+00 2.024845673131658685e+01 1.303840481040529831e+01 3.182766092567909766e+01 1.208304597359457233e+01 1.360147050873544394e+01 4.000000000000000000e+00 1.303840481040529831e+01 2.220360331117451835e+01 2.024845673131658685e+01 1.649242250247064234e+01 0.000000000000000000e+00 3.080584360149872580e+01 2.451530134426252516e+01 1.900000000000000000e+01 1.272792206135785520e+01
2.061552812808830382e+01 4.161730409336962566e+01 1.720465053408525335e+01 3.189043743820394994e+01 2.687005768508880621e+01 4.341658669218482203e+01 3.935733730830885690e+01 3.883297567789519888e+01 4.522167621838005402e+01 4.060788100849390503e+01 1.403566884761819900e+01 4.318564576337836769e+01 4.472135954999579610e+00 4.272001872658765365e+01 3.373425558686599857e+01 3.413209633175202384e+01 2.080865204668481283e+01 3.800000000000000000e+01 3.008321791298264714e+01 2.376972864800942631e+01 3.080584360149872580e+01 0.000000000000000000e+00 1.303840481040529831e+01 4.465422712353221613e+01 3.138470965295043058e+01
2.061552812808830382e+01 3.114482300479487265e+01 1.334166406412633421e+01 2.435159132377184221e+01 1.897366596101027625e+01 3.067572330035593353e+01 3.436568055487916240e+01 3.228002478313794654e+01 3.269556544854363267e+01 3.324154027718932269e+01 1.769180601295413169e+01 3.488552708502481892e+01 1.702938636592640265e+01 3.640054944640259293e+01 3.255764119219941222e+01 2.844292530665578411e+01 1.170469991071962568e+01 3.921734310225515685e+01 1.746424919657297892e+01 1.204159457879229578e+01 2.451530134426252516e+01 1.303840481040529831e+01 0.000000000000000000e+00 3.394112549695427816e+01 2.051828452868319275e+01
3.238826948140329165e+01 3.162277660168379523e+00 2.915475947422650194e+01 1.603121954188139853e+01 1.897366596101027625e+01 1.486606874731850603e+01 2.147091055358388800e+01 1.655294535724684835e+01 1.252996408614166768e+01 1.389244398944980396e+01 3.764306044943742080e+01 1.063014581273464998e+01 4.701063709417263681e+01 1.780449381476485726e+01 3.104834939252004844e+01 1.941648783894759944e+01 2.385372088375312671e+01 3.921734310225515685e+01 1.878829422805593552e+01 2.193171219946130890e+01 1.900000000000000000e+01 4.465422712353221613e+01 3.394112549695427816e+01 0.000000000000000000e+00 1.345362404707370985e+01
2.236067977499789805e+01 1.063014581273464998e+01 1.711724276862369010e+01 1.000000000000000000e+01 8.544003745317530374e+00 1.581138830084189628e+01 2.102379604162863913e+01 1.676305461424021104e+01 1.612451549659709826e+01 1.612451549659709826e+01 2.607680962081059661e+01 1.612451549659709826e+01 3.401470270338990076e+01 2.039607805437113797e+01 2.624880949681337583e+01 1.581138830084189628e+01 1.077032961426900748e+01 3.482814953453599571e+01 8.246211251235321171e+00 8.602325267042626677e+00 1.272792206135785520e+01 3.138470965295043058e+01 2.051828452868319275e+01 1.345362404707370985e+01 0.000000000000000000e+00
