0.000000000000000000e+00 1.303840481040529831e+01 2.267156809750926882e+01 1.711724276862369010e+01 5.656854249492380582e+00 3.640054944640259293e+01 1.019803902718556898e+01 3.132091952673165025e+01 2.745906043549196340e+01 2.842534080710379030e+01 1.000000000000000000e+01 3.613862199918530393e+01 2.385372088375312671e+01 1.236931687685298087e+01 3.189043743820394994e+01 2.088061301782110135e+01 3.748332962798262713e+01 2.469817807045693669e+01 2.507987240796890660e+01 3.501428280002319582e+01 5.830951894845300743e+00 7.000000000000000000e+00 7.280109889280518054e+00
1.303840481040529831e+01 0.000000000000000000e+00 1.612451549659709826e+01 2.193171219946130890e+01 1.772004514666934938e+01 2.418677324489564739e+01 1.421267040355189515e+01 1.878829422805593552e+01 1.720465053408525335e+01 1.923538406167134340e+01 7.071067811865475505e+00 2.416609194718914466e+01 1.900000000000000000e+01 2.236067977499789805e+00 2.435159132377184221e+01 8.602325267042626677e+00 2.500000000000000000e+01 1.442220510185595650e+01 1.236931687685298087e+01 2.200000000000000000e+01 1.649242250247064234e+01 1.431782106327635340e+01 1.615549442140351033e+01
2.267156809750926882e+01 1.612451549659709826e+01 0.000000000000000000e+00 1.700000000000000000e+01 2.831960451701259274e+01 1.941648783894759944e+01 1.476482306023340030e+01 1.700000000000000000e+01 8.246211251235321171e+00 7.071067811865475505e+00 1.303840481040529831e+01 3.280243893371345365e+01 3.605551275463989125e+00 1.431782106327635340e+01 9.219544457292887074e+00 1.208304597359457233e+01 3.182766092567909766e+01 7.211102550927978250e+00 2.147091055358388800e+01 2.561249694973139412e+01 2.163330765278393741e+01 1.802775637731994607e+01 1.972308292331602075e+01
1.711724276862369010e+01 2.193171219946130890e+01 1.700000000000000000e+01 0.000000000000000000e+00 2.109502310972898798e+01 3.622154055254966920e+01 8.062257748298549132e+00 3.298484500494128469e+01 2.507987240796890660e+01 2.402082429892862692e+01 1.486606874731850603e+01 4.522167621838005402e+01 1.529705854077835525e+01 1.979898987322333070e+01 2.404163056034261459e+01 2.459674775249768786e+01 4.527692569068708650e+01 2.334523505985750447e+01 3.301514803843835466e+01 4.031128874149274566e+01 1.204159457879229578e+01 1.019803902718556898e+01 1.000000000000000000e+01
5.656854249492380582e+00 1.772004514666934938e+01 2.831960451701259274e+01 2.109502310972898798e+01 0.000000000000000000e+00 4.162931659299729859e+01 1.523154621172781731e+01 3.640054944640259293e+01 3.301514803843835466e+01 3.405877273185280529e+01 1.562049935181330795e+01 3.931920650267500150e+01 2.941088233970548416e+01 1.746424919657297892e+01 3.753664875824691904e+01 2.600000000000000000e+01 4.104875150354758517e+01 3.023243291566194912e+01 2.906888370749726747e+01 3.931920650267500150e+01 9.055385138137417300e+00 1.170469991071962568e+01 1.118033988749894903e+01
3.640054944640259293e+01 2.418677324489564739e+01 1.941648783894759944e+01 3.622154055254966920e+01 4.162931659299729859e+01 0.000000000000000000e+00 3.214031735997639316e+01 5.656854249492380582e+00 1.118033988749894903e+01 1.300000000000000000e+01 2.692582403567251959e+01 2.202271554554523902e+01 2.213594362117865444e+01 2.416609194718914466e+01 1.702938636592640265e+01 1.565247584249852864e+01 1.923538406167134340e+01 1.300000000000000000e+01 1.749285568453590045e+01 1.204159457879229578e+01 3.785498646149540036e+01 3.452535300326413648e+01 3.649657518178931781e+01
1.019803902718556898e+01 1.421267040355189515e+01 1.476482306023340030e+01 8.062257748298549132e+00 1.523154621172781731e+01 3.214031735997639316e+01 0.000000000000000000e+00 2.801785145224380003e+01 2.158703314492290204e+01 2.154065922853801496e+01 7.211102550927978250e+00 3.807886552931954327e+01 1.486606874731850603e+01 1.220655561573370207e+01 2.360084744241189370e+01 1.843908891458577415e+01 3.848376280978771291e+01 1.923538406167134340e+01 2.594224354214569317e+01 3.420526275297414287e+01 7.071067811865475505e+00 3.605551275463989125e+00 5.000000000000000000e+00
3.132091952673165025e+01 1.878829422805593552e+01 1.700000000000000000e+01 3.298484500494128469e+01 3.640054944640259293e+01 5.656854249492380582e+00 2.801785145224380003e+01 0.000000000000000000e+00 9.219544457292887074e+00 1.204159457879229578e+01 2.220360331117451835e+01 1.868154169226940553e+01 2.024845673131658685e+01 1.897366596101027625e+01 1.749285568453590045e+01 1.044030650891055068e+01 1.655294535724684835e+01 9.848857801796103928e+00 1.208304597359457233e+01 9.433981132056603158e+00 3.324154027718932269e+01 3.006659275674581622e+01 3.206243908376279705e+01
2.745906043549196340e+01 1.720465053408525335e+01 8.246211251235321171e+00 2.507987240796890660e+01 3.301514803843835466e+01 1.118033988749894903e+01 2.158703314492290204e+01 9.219544457292887074e+00 0.000000000000000000e+00 3.162277660168379523e+00 1.749285568453590045e+01 2.683281572999747766e+01 1.118033988749894903e+01 1.627882059609970611e+01 9.219544457292887074e+00 9.486832980505138124e+00 2.523885892824792521e+01 2.828427124746190291e+00 1.711724276862369010e+01 1.843908891458577415e+01 2.785677655436823841e+01 2.435159132377184221e+01 2.624880949681337583e+01
2.842534080710379030e+01 1.923538406167134340e+01 7.071067811865475505e+00 2.402082429892862692e+01 3.405877273185280529e+01 1.300000000000000000e+01 2.154065922853801496e+01 1.204159457879229578e+01 3.162277660168379523e+00 0.000000000000000000e+00 1.843908891458577415e+01 2.996664812754339380e+01 9.219544457292887074e+00 1.802775637731994607e+01 6.082762530298219339e+00 1.216552506059643868e+01 2.830194339616981125e+01 5.099019513592784492e+00 2.022374841615668473e+01 2.140093455903269515e+01 2.817800560721074277e+01 2.459674775249768786e+01 2.640075756488817049e+01
1.000000000000000000e+01 7.071067811865475505e+00 1.303840481040529831e+01 1.486606874731850603e+01 1.562049935181330795e+01 2.692582403567251959e+01 7.211102550927978250e+00 2.220360331117451835e+01 1.749285568453590045e+01 1.843908891458577415e+01 0.000000000000000000e+00 3.088689042296100240e+01 1.486606874731850603e+01 5.000000000000000000e+00 2.220360331117451835e+01 1.200000000000000000e+01 3.138470965295043058e+01 1.476482306023340030e+01 1.878829422805593552e+01 2.745906043549196340e+01 1.104536101718726115e+01 8.062257748298549132e+00 1.004987562112088995e+01
3.613862199918530393e+01 2.416609194718914466e+01 3.280243893371345365e+01 4.522167621838005402e+01 3.931920650267500150e+01 2.202271554554523902e+01 3.807886552931954327e+01 1.868154169226940553e+01 2.683281572999747766e+01 2.996664812754339380e+01 3.088689042296100240e+01 0.000000000000000000e+00 3.640054944640259293e+01 2.594224354214569317e+01 3.584689665786984136e+01 2.121320343559642652e+01 3.605551275463989125e+00 2.607680962081059661e+01 1.220655561573370207e+01 1.000000000000000000e+01 4.049691346263317371e+01 3.848376280978771291e+01 4.031128874149274566e+01
2.385372088375312671e+01 1.900000000000000000e+01 3.605551275463989125e+00 1.529705854077835525e+01 2.941088233970548416e+01 2.213594362117865444e+01 1.486606874731850603e+01 2.024845673131658685e+01 1.118033988749894903e+01 9.219544457292887074e+00 1.486606874731850603e+01 3.640054944640259293e+01 0.000000000000000000e+00 1.702938636592640265e+01 8.944271909999159220e+00 1.565247584249852864e+01 3.538361202590826338e+01 1.063014581273464998e+01 2.505992817228333536e+01 2.906888370749726747e+01 2.193171219946130890e+01 1.838477631085023489e+01 1.984943324127920761e+01
1.236931687685298087e+01 2.236067977499789805e+00 1.431782106327635340e+01 1.979898987322333070e+01 1.746424919657297892e+01 2.416609194718914466e+01 1.220655561573370207e+01 1.897366596101027625e+01 1.627882059609970611e+01 1.802775637731994607e+01 5.000000000000000000e+00 2.594224354214569317e+01 1.702938636592640265e+01 0.000000000000000000e+00 2.284731931759172596e+01 8.544003745317530374e+00 2.657066051117284644e+01 1.345362404707370985e+01 1.392838827718411920e+01 2.308679276123039159e+01 1.513274595042155646e+01 1.264911064067351809e+01 1.456021977856103611e+01
3.189043743820394994e+01 2.435159132377184221e+01 9.219544457292887074e+00 2.404163056034261459e+01 3.753664875824691904e+01 1.702938636592640265e+01 2.360084744241189370e+01 1.749285568453590045e+01 9.219544457292887074e+00 6.082762530298219339e+00 2.220360331117451835e+01 3.584689665786984136e+01 8.944271909999159220e+00 2.284731931759172596e+01 0.000000000000000000e+00 1.802775637731994607e+01 3.400000000000000000e+01 1.100000000000000000e+01 2.630589287593181069e+01 2.692582403567251959e+01 3.061045573002793319e+01 2.701851217221259205e+01 2.860069929215018192e+01
2.088061301782110135e+01 8.602325267042626677e+00 1.208304597359457233e+01 2.459674775249768786e+01 2.600000000000000000e+01 1.565247584249852864e+01 1.843908891458577415e+01 1.044030650891055068e+01 9.486832980505138124e+00 1.216552506059643868e+01 1.200000000000000000e+01 2.121320343559642652e+01 1.565247584249852864e+01 8.544003745317530374e+00 1.802775637731994607e+01 0.000000000000000000e+00 2.080865204668481283e+01 7.071067811865475505e+00 9.433981132056603158e+00 1.581138830084189628e+01 2.302172886644267535e+01 2.002498439450078749e+01 2.202271554554523902e+01
3.748332962798262713e+01 2.500000000000000000e+01 3.182766092567909766e+01 4.527692569068708650e+01 4.104875150354758517e+01 1.923538406167134340e+01 3.848376280978771291e+01 1.655294535724684835e+01 2.523885892824792521e+01 2.830194339616981125e+01 3.138470965295043058e+01 3.605551275463989125e+00 3.538361202590826338e+01 2.657066051117284644e+01 3.400000000000000000e+01 2.080865204668481283e+01 0.000000000000000000e+00 2.483948469674844262e+01 1.264911064067351809e+01 7.280109889280518054e+00 4.148493702538308270e+01 3.921734310225515685e+01 4.110960958218893069e+01
2.469817807045693669e+01 1.442220510185595650e+01 7.211102550927978250e+00 2.334523505985750447e+01 3.023243291566194912e+01 1.300000000000000000e+01 1.923538406167134340e+01 9.848857801796103928e+00 2.828427124746190291e+00 5.099019513592784492e+00 1.476482306023340030e+01 2.607680962081059661e+01 1.063014581273464998e+01 1.345362404707370985e+01 1.100000000000000000e+01 7.071067811865475505e+00 2.483948469674844262e+01 0.000000000000000000e+00 1.552417469626002422e+01 1.843908891458577415e+01 2.529822128134703618e+01 2.184032966784155505e+01 2.376972864800942631e+01
2.507987240796890660e+01 1.236931687685298087e+01 2.147091055358388800e+01 3.301514803843835466e+01 2.906888370749726747e+01 1.749285568453590045e+01 2.594224354214569317e+01 1.208304597359457233e+01 1.711724276862369010e+01 2.022374841615668473e+01 1.878829422805593552e+01 1.220655561573370207e+01 2.505992817228333536e+01 1.392838827718411920e+01 2.630589287593181069e+01 9.433981132056603158e+00 1.264911064067351809e+01 1.552417469626002422e+01 0.000000000000000000e+00 1.044030650891055068e+01 2.886173937932362321e+01 2.657066051117284644e+01 2.846049894151541437e+01
3.501428280002319582e+01 2.200000000000000000e+01 2.561249694973139412e+01 4.031128874149274566e+01 3.931920650267500150e+01 1.204159457879229578e+01 3.420526275297414287e+01 9.433981132056603158e+00 1.843908891458577415e+01 2.140093455903269515e+01 2.745906043549196340e+01 1.000000000000000000e+01 2.906888370749726747e+01 2.308679276123039159e+01 2.692582403567251959e+01 1.581138830084189628e+01 7.280109889280518054e+00 1.843908891458577415e+01 1.044030650891055068e+01 0.000000000000000000e+00 3.820994634908559817e+01 3.551056180912940619e+01 3.748332962798262713e+01
5.830951894845300743e+00 1.649242250247064234e+01 2.163330765278393741e+01 1.204159457879229578e+01 9.055385138137417300e+00 3.785498646149540036e+01 7.071067811865475505e+00 3.324154027718932269e+01 2.785677655436823841e+01 2.817800560721074277e+01 1.104536101718726115e+01 4.049691346263317371e+01 2.193171219946130890e+01 1.513274595042155646e+01 3.061045573002793319e+01 2.302172886644267535e+01 4.148493702538308270e+01 2.529822128134703618e+01 2.886173937932362321e+01 3.820994634908559817e+01 0.000000000000000000e+00 3.605551275463989125e+00 2.236067977499789805e+00
7.000000000000000000e+00 1.431782106327635340e+01 1.802775637731994607e+01 1.019803902718556898e+01 1.170469991071962568e+01 3.452535300326413648e+01 3.605551275463989125e+00 3.006659275674581622e+01 2.435159132377184221e+01 2.459674775249768786e+01 8.062257748298549132e+00 3.848376280978771291e+01 1.838477631085023489e+01 1.264911064067351809e+01 2.701851217221259205e+01 2.002498439450078749e+01 3.921734310225515685e+01 2.184032966784155505e+01 2.657066051117284644e+01 3.551056180912940619e+01 3.605551275463989125e+00 0.000000000000000000e+00 2.000000000000000000e+00
7.280109889280518054e+00 1.615549442140351033e+01 1.972308292331602075e+01 1.000000000000000000e+01 1.118033988749894903e+01 3.649657518178931781e+01 5.000000000000000000e+00 3.206243908376279705e+01 2.624880949681337583e+01 2.640075756488817049e+01 1.004987562112088995e+01 4.031128874149274566e+01 1.984943324127920761e+01 1.456021977856103611e+01 2.860069929215018192e+01 2.202271554554523902e+01 4.110960958218893069e+01 2.376972864800942631e+01 2.846049894151541437e+01 3.748332962798262713e+01 2.236067977499789805e+00 2.000000000000000000e+00 0.000000000000000000e+00
