0.000000000000000000e+00 3.769615364994152884e+01 2.785677655436823841e+01 2.247220505424423109e+01 1.923538406167134340e+01 2.334523505985750447e+01 6.708203932499369415e+00 3.511409973215887703e+01 3.605551275463989214e+01 3.420526275297414287e+01 1.824828759089465890e+01 4.472135954999579610e+00 2.308679276123039159e+01 1.360147050873544394e+01 6.708203932499369415e+00 3.920459156782531807e+01 2.202271554554523902e+01 3.920459156782531807e+01 8.944271909999159220e+00 2.927456233660889495e+01 2.549509756796392423e+01
3.769615364994152884e+01 0.000000000000000000e+00 9.848857801796103928e+00 1.523154621172781731e+01 2.617250465660480074e+01 1.923538406167134340e+01 3.298484500494128469e+01 2.828427124746190291e+00 7.810249675906653977e+00 5.385164807134503739e+00 2.024845673131658685e+01 3.324154027718932269e+01 3.420526275297414287e+01 2.473863375370596174e+01 3.101612483854164637e+01 1.077032961426900748e+01 1.838477631085023489e+01 1.077032961426900748e+01 3.945883931389771959e+01 3.443835071544512516e+01 3.195309061734091571e+01
2.785677655436823841e+01 9.848857801796103928e+00 0.000000000000000000e+00 5.385164807134503739e+00 1.838477631085023489e+01 1.220655561573370207e+01 2.334523505985750447e+01 7.280109889280518054e+00 1.077032961426900748e+01 7.071067811865475505e+00 1.063014581273464998e+01 2.340939982143925135e+01 2.729468812791236232e+01 1.513274595042155646e+01 2.118962010041709121e+01 1.486606874731850603e+01 9.848857801796103928e+00 1.431782106327635340e+01 3.006659275674581622e+01 2.906888370749726747e+01 2.580697580112788003e+01
2.247220505424423109e+01 1.523154621172781731e+01 5.385164807134503739e+00 0.000000000000000000e+00 1.500000000000000000e+01 1.029563014098700080e+01 1.811077027627483460e+01 1.264911064067351809e+01 1.500000000000000000e+01 1.204159457879229578e+01 5.830951894845300743e+00 1.802775637731994607e+01 2.420743687382040932e+01 1.000000000000000000e+01 1.581138830084189628e+01 1.886796226411320632e+01 7.071067811865475505e+00 1.843908891458577415e+01 2.500000000000000000e+01 2.701851217221259205e+01 2.334523505985750447e+01
1.923538406167134340e+01 2.617250465660480074e+01 1.838477631085023489e+01 1.500000000000000000e+01 0.000000000000000000e+00 7.000000000000000000e+00 1.252996408614166768e+01 2.451530134426252516e+01 2.121320343559642652e+01 2.529822128134703618e+01 1.664331697709323876e+01 1.581138830084189628e+01 9.219544457292887074e+00 9.219544457292887074e+00 1.431782106327635340e+01 2.308679276123039159e+01 2.061552812808830382e+01 3.269556544854363267e+01 1.581138830084189628e+01 1.300000000000000000e+01 8.944271909999159220e+00
2.334523505985750447e+01 1.923538406167134340e+01 1.220655561573370207e+01 1.029563014098700080e+01 7.000000000000000000e+00 0.000000000000000000e+00 1.702938636592640265e+01 1.772004514666934938e+01 1.431782106327635340e+01 1.878829422805593552e+01 1.414213562373095101e+01 1.920937271229854559e+01 1.523154621172781731e+01 1.029563014098700080e+01 1.720465053408525335e+01 1.655294535724684835e+01 1.708800749063506075e+01 2.641968962724581260e+01 2.193171219946130890e+01 1.697056274847713908e+01 1.360147050873544394e+01
6.708203932499369415e+00 3.298484500494128469e+01 2.334523505985750447e+01 1.811077027627483460e+01 1.252996408614166768e+01 1.702938636592640265e+01 0.000000000000000000e+00 3.059411708155671050e+01 3.041381265149109936e+01 3.014962686336266984e+01 1.529705854077835525e+01 4.123105625617660586e+00 1.702938636592640265e+01 8.246211251235321171e+00 4.242640687119284770e+00 3.328663395418647752e+01 1.964688270438849926e+01 3.605551275463989214e+01 7.280109889280518054e+00 2.302172886644267535e+01 1.910497317454279909e+01
3.511409973215887703e+01 2.828427124746190291e+00 7.280109889280518054e+00 1.264911064067351809e+01 2.451530134426252516e+01 1.772004514666934938e+01 3.059411708155671050e+01 0.000000000000000000e+00 8.544003745317530374e+00 3.000000000000000000e+00 1.749285568453590045e+01 3.067572330035593353e+01 3.289376840679705083e+01 2.236067977499789805e+01 2.846049894151541437e+01 1.216552506059643868e+01 1.555634918610404505e+01 1.000000000000000000e+01 3.721558813185679071e+01 3.361547262794321966e+01 3.087069808086626210e+01
3.605551275463989214e+01 7.810249675906653977e+00 1.077032961426900748e+01 1.500000000000000000e+01 2.121320343559642652e+01 1.431782106327635340e+01 3.041381265149109936e+01 8.544003745317530374e+00 0.000000000000000000e+00 1.140175425099137918e+01 2.080865204668481283e+01 3.162277660168379256e+01 2.816025568065744622e+01 2.247220505424423109e+01 2.941088233970548416e+01 4.123105625617660586e+00 2.061552812808830382e+01 1.835755975068581947e+01 3.605551275463989214e+01 2.751363298439520833e+01 2.549509756796392423e+01
3.420526275297414287e+01 5.385164807134503739e+00 7.071067811865475505e+00 1.204159457879229578e+01 2.529822128134703618e+01 1.878829422805593552e+01 3.014962686336266984e+01 3.000000000000000000e+00 1.140175425099137918e+01 0.000000000000000000e+00 1.615549442140351033e+01 2.983286778035259701e+01 3.401470270338990076e+01 2.202271554554523902e+01 2.765863337187866122e+01 1.513274595042155646e+01 1.360147050873544394e+01 7.810249675906653977e+00 3.701351104664349378e+01 3.522782990761707111e+01 3.224903099319419653e+01
1.824828759089465890e+01 2.024845673131658685e+01 1.063014581273464998e+01 5.830951894845300743e+00 1.664331697709323876e+01 1.414213562373095101e+01 1.529705854077835525e+01 1.749285568453590045e+01 2.080865204668481283e+01 1.615549442140351033e+01 0.000000000000000000e+00 1.403566884761819900e+01 2.561249694973139412e+01 8.602325267042626677e+00 1.200000000000000000e+01 2.469817807045693669e+01 4.472135954999579610e+00 2.102379604162863913e+01 2.256102834535695578e+01 2.952964612046680060e+01 2.555386467836127551e+01
4.472135954999579610e+00 3.324154027718932269e+01 2.340939982143925135e+01 1.802775637731994607e+01 1.581138830084189628e+01 1.920937271229854559e+01 4.123105625617660586e+00 3.067572330035593353e+01 3.162277660168379256e+01 2.983286778035259701e+01 1.403566884761819900e+01 0.000000000000000000e+00 2.109502310972898798e+01 9.219544457292887074e+00 2.236067977499789805e+00 3.482814953453599571e+01 1.802775637731994607e+01 3.505709628591620941e+01 1.000000000000000000e+01 2.700000000000000000e+01 2.302172886644267535e+01
2.308679276123039159e+01 3.420526275297414287e+01 2.729468812791236232e+01 2.420743687382040932e+01 9.219544457292887074e+00 1.523154621172781731e+01 1.702938636592640265e+01 3.289376840679705083e+01 2.816025568065744622e+01 3.401470270338990076e+01 2.561249694973139412e+01 2.109502310972898798e+01 0.000000000000000000e+00 1.749285568453590045e+01 2.039607805437113797e+01 2.901723625709381693e+01 2.973213749463701205e+01 4.159326868617084472e+01 1.615549442140351033e+01 6.324555320336759046e+00 3.605551275463989125e+00
1.360147050873544394e+01 2.473863375370596174e+01 1.513274595042155646e+01 1.000000000000000000e+01 9.219544457292887074e+00 1.029563014098700080e+01 8.246211251235321171e+00 2.236067977499789805e+01 2.247220505424423109e+01 2.202271554554523902e+01 8.602325267042626677e+00 9.219544457292887074e+00 1.749285568453590045e+01 0.000000000000000000e+00 7.071067811865475505e+00 2.561249694973139412e+01 1.303840481040529831e+01 2.828427124746190202e+01 1.500000000000000000e+01 2.213594362117865444e+01 1.802775637731994607e+01
6.708203932499369415e+00 3.101612483854164637e+01 2.118962010041709121e+01 1.581138830084189628e+01 1.431782106327635340e+01 1.720465053408525335e+01 4.242640687119284770e+00 2.846049894151541437e+01 2.941088233970548416e+01 2.765863337187866122e+01 1.200000000000000000e+01 2.236067977499789805e+00 2.039607805437113797e+01 7.071067811865475505e+00 0.000000000000000000e+00 3.264965543462901820e+01 1.612451549659709826e+01 3.301514803843835466e+01 1.118033988749894903e+01 2.607680962081059661e+01 2.202271554554523902e+01
3.920459156782531807e+01 1.077032961426900748e+01 1.486606874731850603e+01 1.886796226411320632e+01 2.308679276123039159e+01 1.655294535724684835e+01 3.328663395418647752e+01 1.216552506059643868e+01 4.123105625617660586e+00 1.513274595042155646e+01 2.469817807045693669e+01 3.482814953453599571e+01 2.901723625709381693e+01 2.561249694973139412e+01 3.264965543462901820e+01 0.000000000000000000e+00 2.469817807045693669e+01 2.154065922853801496e+01 3.848376280978771291e+01 2.745906043549196340e+01 2.601922366251537611e+01
2.202271554554523902e+01 1.838477631085023489e+01 9.848857801796103928e+00 7.071067811865475505e+00 2.061552812808830382e+01 1.708800749063506075e+01 1.964688270438849926e+01 1.555634918610404505e+01 2.061552812808830382e+01 1.360147050873544394e+01 4.472135954999579610e+00 1.802775637731994607e+01 2.973213749463701205e+01 1.303840481040529831e+01 1.612451549659709826e+01 2.469817807045693669e+01 0.000000000000000000e+00 1.726267650163206824e+01 2.692582403567251959e+01 3.328663395418647752e+01 2.941088233970548416e+01
3.920459156782531807e+01 1.077032961426900748e+01 1.431782106327635340e+01 1.843908891458577415e+01 3.269556544854363267e+01 2.641968962724581260e+01 3.605551275463989214e+01 1.000000000000000000e+01 1.835755975068581947e+01 7.810249675906653977e+00 2.102379604162863913e+01 3.505709628591620941e+01 4.159326868617084472e+01 2.828427124746190202e+01 3.301514803843835466e+01 2.154065922853801496e+01 1.726267650163206824e+01 0.000000000000000000e+00 4.318564576337836769e+01 4.301162633521313694e+01 3.996248240537617136e+01
8.944271909999159220e+00 3.945883931389771959e+01 3.006659275674581622e+01 2.500000000000000000e+01 1.581138830084189628e+01 2.193171219946130890e+01 7.280109889280518054e+00 3.721558813185679071e+01 3.605551275463989214e+01 3.701351104664349378e+01 2.256102834535695578e+01 1.000000000000000000e+01 1.615549442140351033e+01 1.500000000000000000e+01 1.118033988749894903e+01 3.848376280978771291e+01 2.692582403567251959e+01 4.318564576337836769e+01 0.000000000000000000e+00 2.247220505424423109e+01 1.923538406167134340e+01
2.927456233660889495e+01 3.443835071544512516e+01 2.906888370749726747e+01 2.701851217221259205e+01 1.300000000000000000e+01 1.697056274847713908e+01 2.302172886644267535e+01 3.361547262794321966e+01 2.751363298439520833e+01 3.522782990761707111e+01 2.952964612046680060e+01 2.700000000000000000e+01 6.324555320336759046e+00 2.213594362117865444e+01 2.607680962081059661e+01 2.745906043549196340e+01 3.328663395418647752e+01 4.301162633521313694e+01 2.247220505424423109e+01 0.000000000000000000e+00 4.123105625617660586e+00
2.549509756796392423e+01 3.195309061734091571e+01 2.580697580112788003e+01 2.334523505985750447e+01 8.944271909999159220e+00 1.360147050873544394e+01 1.910497317454279909e+01 3.087069808086626210e+01 2.549509756796392423e+01 3.224903099319419653e+01 2.555386467836127551e+01 2.302172886644267535e+01 3.605551275463989125e+00 1.802775637731994607e+01 2.202271554554523902e+01 2.601922366251537611e+01 2.941088233970548416e+01 3.996248240537617136e+01 1.923538406167134340e+01 4.123105625617660586e+00 0.000000000000000000e+00
