0.000000000000000000e+00 4.401136216933077350e+01 3.501428280002319582e+01 2.102379604162863913e+01 3.405877273185280529e+01 2.469817807045693669e+01 3.201562118716424266e+01 2.416609194718914466e+01 2.823118842698620767e+01 3.413209633175202384e+01 2.983286778035259701e+01 2.561249694973139412e+01 1.004987562112088995e+01 4.617358552246078318e+01 1.923538406167134340e+01 8.944271909999159220e+00 1.063014581273464998e+01 1.236931687685298087e+01 2.420743687382040932e+01 8.485281374238569541e+00 1.004987562112088995e+01 6.000000000000000000e+00 3.423448553724738019e+01 4.601086828130936368e+01 1.811077027627483460e+01 2.816025568065744622e+01 2.284731931759172596e+01 2.580697580112788003e+01
4.401136216933077350e+01 0.000000000000000000e+00 1.615549442140351033e+01 3.214031735997639316e+01 1.615549442140351033e+01 2.022374841615668473e+01 1.649242250247064234e+01 1.992485884517127559e+01 3.088689042296100240e+01 3.605551275463989214e+01 1.500000000000000000e+01 3.827531841800927737e+01 4.044749683231336945e+01 3.605551275463989125e+00 3.465544690232691494e+01 3.785498646149540036e+01 3.420526275297414287e+01 3.820994634908559817e+01 3.801315561749642313e+01 3.640054944640259293e+01 4.242640687119285303e+01 4.220189569201838253e+01 2.118962010041709121e+01 1.772004514666934938e+01 2.920616373302046753e+01 1.612451549659709826e+01 3.201562118716424266e+01 2.647640458974745314e+01
3.501428280002319582e+01 1.615549442140351033e+01 0.000000000000000000e+00 3.162277660168379256e+01 2.284731931759172596e+01 1.843908891458577415e+01 2.147091055358388800e+01 1.581138830084189628e+01 1.500000000000000000e+01 1.992485884517127559e+01 8.485281374238569541e+00 2.267156809750926882e+01 3.517101079013794873e+01 1.581138830084189628e+01 2.059126028197400160e+01 3.178049716414140846e+01 2.765863337187866122e+01 3.383784863137726262e+01 2.262741699796952233e+01 2.942787793912432193e+01 3.710795063055894616e+01 3.535533905932737753e+01 5.099019513592784492e+00 1.118033988749894903e+01 1.726267650163206824e+01 1.063014581273464998e+01 1.720465053408525335e+01 2.828427124746190202e+01
2.102379604162863913e+01 3.214031735997639316e+01 3.162277660168379256e+01 0.000000000000000000e+00 1.726267650163206824e+01 1.341640786499873883e+01 1.603121954188139853e+01 1.581138830084189628e+01 3.448187929913333249e+01 4.205948168962618183e+01 2.332380757938120297e+01 3.668787265568828104e+01 1.204159457879229578e+01 3.535533905932737753e+01 2.912043955712207222e+01 1.208304597359457233e+01 1.204159457879229578e+01 9.219544457292887074e+00 3.544009029333869876e+01 1.334166406412633421e+01 1.345362404707370985e+01 1.581138830084189628e+01 3.397057550292606010e+01 4.205948168962618183e+01 2.284731931759172596e+01 2.109502310972898798e+01 3.046309242345563462e+01 6.324555320336759046e+00
3.405877273185280529e+01 1.615549442140351033e+01 2.284731931759172596e+01 1.726267650163206824e+01 0.000000000000000000e+00 1.029563014098700080e+01 2.236067977499789805e+00 1.264911064067351809e+01 3.300000000000000000e+01 4.011234224026316042e+01 1.529705854077835525e+01 3.847076812334268681e+01 2.773084924772409465e+01 1.969771560359220786e+01 3.228002478313794654e+01 2.607680962081059661e+01 2.343074902771996193e+01 2.507987240796890660e+01 3.765634076752546378e+01 2.561249694973139412e+01 2.954657340538831534e+01 3.052867504494749440e+01 2.720294101747088789e+01 3.047950130825634218e+01 2.529822128134703618e+01 1.403566884761819900e+01 3.140063693621516450e+01 1.104536101718726115e+01
2.469817807045693669e+01 2.022374841615668473e+01 1.843908891458577415e+01 1.341640786499873883e+01 1.029563014098700080e+01 0.000000000000000000e+00 8.062257748298549132e+00 3.162277660168379523e+00 2.451530134426252516e+01 3.201562118716424266e+01 1.000000000000000000e+01 2.901723625709381693e+01 2.022374841615668473e+01 2.302172886644267535e+01 2.236067977499789805e+01 1.772004514666934938e+01 1.431782106327635340e+01 1.802775637731994607e+01 2.807133769523639799e+01 1.655294535724684835e+01 2.220360331117451835e+01 2.213594362117865444e+01 2.140093455903269515e+01 2.865309756378880479e+01 1.529705854077835525e+01 7.810249675906653977e+00 2.200000000000000000e+01 1.000000000000000000e+01
3.201562118716424266e+01 1.649242250247064234e+01 2.147091055358388800e+01 1.603121954188139853e+01 2.236067977499789805e+00 8.062257748298549132e+00 0.000000000000000000e+00 1.044030650891055068e+01 3.101612483854164637e+01 3.820994634908559817e+01 1.360147050873544394e+01 3.634556369077249371e+01 2.600000000000000000e+01 1.992485884517127559e+01 3.008321791298264714e+01 2.418677324489564739e+01 2.140093455903269515e+01 2.340939982143925135e+01 3.551056180912940619e+01 2.360084744241189370e+01 2.785677655436823841e+01 2.865309756378880479e+01 2.563201123595259290e+01 2.969848480983499428e+01 2.308679276123039159e+01 1.216552506059643868e+01 2.927456233660889495e+01 1.004987562112088995e+01
2.416609194718914466e+01 1.992485884517127559e+01 1.581138830084189628e+01 1.581138830084189628e+01 1.264911064067351809e+01 3.162277660168379523e+00 1.044030650891055068e+01 0.000000000000000000e+00 2.137755832643194864e+01 2.886173937932362321e+01 7.615773105863908654e+00 2.607680962081059661e+01 2.100000000000000000e+01 2.236067977499789805e+01 1.964688270438849926e+01 1.811077027627483460e+01 1.431782106327635340e+01 1.910497317454279909e+01 2.517935662402834396e+01 1.649242250247064234e+01 2.300000000000000000e+01 2.236067977499789805e+01 1.843908891458577415e+01 2.640075756488817049e+01 1.264911064067351809e+01 5.385164807134503739e+00 1.902629759044044633e+01 1.303840481040529831e+01
2.823118842698620767e+01 3.088689042296100240e+01 1.500000000000000000e+01 3.448187929913333249e+01 3.300000000000000000e+01 2.451530134426252516e+01 3.101612483854164637e+01 2.137755832643194864e+01 0.000000000000000000e+00 7.615773105863908654e+00 1.824828759089465890e+01 7.810249675906653977e+00 3.264965543462901820e+01 3.080584360149872580e+01 9.219544457292887074e+00 2.906888370749726747e+01 2.545584412271571040e+01 3.252691193458118590e+01 8.062257748298549132e+00 2.624880949681337583e+01 3.420526275297414287e+01 3.106444913401813324e+01 1.063014581273464998e+01 2.236067977499789805e+01 1.204159457879229578e+01 1.902629759044044633e+01 5.385164807134503739e+00 3.383784863137726262e+01
3.413209633175202384e+01 3.605551275463989214e+01 1.992485884517127559e+01 4.205948168962618183e+01 4.011234224026316042e+01 3.201562118716424266e+01 3.820994634908559817e+01 2.886173937932362321e+01 7.615773105863908654e+00 0.000000000000000000e+00 2.500000000000000000e+01 9.219544457292887074e+00 3.959797974644666141e+01 3.534119409414458346e+01 1.500000000000000000e+01 3.606937759374286401e+01 3.264965543462901820e+01 3.969886648255841521e+01 1.044030650891055068e+01 3.324154027718932269e+01 4.103656905736638549e+01 3.764306044943742080e+01 1.486606874731850603e+01 2.404163056034261459e+01 1.941648783894759944e+01 2.607680962081059661e+01 1.204159457879229578e+01 4.143669871020131978e+01
2.983286778035259701e+01 1.500000000000000000e+01 8.485281374238569541e+00 2.332380757938120297e+01 1.529705854077835525e+01 1.000000000000000000e+01 1.360147050873544394e+01 7.615773105863908654e+00 1.824828759089465890e+01 2.500000000000000000e+01 0.000000000000000000e+00 2.469817807045693669e+01 2.816025568065744622e+01 1.655294535724684835e+01 2.000000000000000000e+01 2.501999200639360765e+01 2.100000000000000000e+01 2.647640458974745314e+01 2.416609194718914466e+01 2.302172886644267535e+01 3.014962686336266984e+01 2.901723625709381693e+01 1.208304597359457233e+01 1.878829422805593552e+01 1.421267040355189515e+01 2.236067977499789805e+00 1.788854381999831844e+01 1.979898987322333070e+01
2.561249694973139412e+01 3.827531841800927737e+01 2.267156809750926882e+01 3.668787265568828104e+01 3.847076812334268681e+01 2.901723625709381693e+01 3.634556369077249371e+01 2.607680962081059661e+01 7.810249675906653977e+00 9.219544457292887074e+00 2.469817807045693669e+01 0.000000000000000000e+00 3.220248437620923454e+01 3.841874542459709119e+01 7.615773105863908654e+00 2.884441020371191300e+01 2.594224354214569317e+01 3.275667870831839679e+01 1.414213562373095145e+00 2.607680962081059661e+01 3.342154993413680586e+01 2.973213749463701205e+01 1.843908891458577415e+01 3.001666203960726875e+01 1.414213562373095101e+01 2.500000000000000000e+01 7.071067811865475505e+00 3.733630940518894192e+01
1.004987562112088995e+01 4.044749683231336945e+01 3.517101079013794873e+01 1.204159457879229578e+01 2.773084924772409465e+01 2.022374841615668473e+01 2.600000000000000000e+01 2.100000000000000000e+01 3.264965543462901820e+01 3.959797974644666141e+01 2.816025568065744622e+01 3.220248437620923454e+01 0.000000000000000000e+00 4.318564576337836769e+01 2.483948469674844262e+01 3.605551275463989125e+00 7.615773105863908654e+00 2.828427124746190291e+00 3.080584360149872580e+01 6.403124237432848531e+00 2.000000000000000000e+00 4.123105625617660586e+00 3.584689665786984136e+01 4.632493928760187885e+01 2.080865204668481283e+01 2.607680962081059661e+01 2.758622844826744469e+01 1.780449381476485726e+01
4.617358552246078318e+01 3.605551275463989125e+00 1.581138830084189628e+01 3.535533905932737753e+01 1.969771560359220786e+01 2.302172886644267535e+01 1.992485884517127559e+01 2.236067977499789805e+01 3.080584360149872580e+01 3.534119409414458346e+01 1.655294535724684835e+01 3.841874542459709119e+01 4.318564576337836769e+01 0.000000000000000000e+00 3.546829570193639825e+01 4.044749683231336945e+01 3.667424164178449786e+01 4.104875150354758517e+01 3.828837943815329226e+01 3.883297567789519888e+01 4.517742799230607176e+01 4.472135954999579610e+01 2.059126028197400160e+01 1.513274595042155646e+01 3.052867504494749440e+01 1.802775637731994607e+01 3.252691193458118590e+01 2.983286778035259701e+01
1.923538406167134340e+01 3.465544690232691494e+01 2.059126028197400160e+01 2.912043955712207222e+01 3.228002478313794654e+01 2.236067977499789805e+01 3.008321791298264714e+01 1.964688270438849926e+01 9.219544457292887074e+00 1.500000000000000000e+01 2.000000000000000000e+01 7.615773105863908654e+00 2.483948469674844262e+01 3.546829570193639825e+01 0.000000000000000000e+00 2.140093455903269515e+01 1.835755975068581947e+01 2.523885892824792521e+01 6.324555320336759046e+00 1.860107523773827509e+01 2.617250465660480074e+01 2.267156809750926882e+01 1.772004514666934938e+01 3.008321791298264714e+01 7.071067811865475505e+00 1.972308292331602075e+01 4.000000000000000000e+00 3.006659275674581622e+01
8.944271909999159220e+00 3.785498646149540036e+01 3.178049716414140846e+01 1.208304597359457233e+01 2.607680962081059661e+01 1.772004514666934938e+01 2.418677324489564739e+01 1.811077027627483460e+01 2.906888370749726747e+01 3.606937759374286401e+01 2.501999200639360765e+01 2.884441020371191300e+01 3.605551275463989125e+00 4.044749683231336945e+01 2.140093455903269515e+01 0.000000000000000000e+00 4.123105625617660586e+00 4.123105625617660586e+00 2.745906043549196340e+01 2.828427124746190291e+00 5.385164807134503739e+00 4.472135954999579610e+00 3.231098884280702066e+01 4.295346318982905842e+01 1.720465053408525335e+01 2.300000000000000000e+01 2.404163056034261459e+01 1.702938636592640265e+01
1.063014581273464998e+01 3.420526275297414287e+01 2.765863337187866122e+01 1.204159457879229578e+01 2.343074902771996193e+01 1.431782106327635340e+01 2.140093455903269515e+01 1.431782106327635340e+01 2.545584412271571040e+01 3.264965543462901820e+01 2.100000000000000000e+01 2.594224354214569317e+01 7.615773105863908654e+00 3.667424164178449786e+01 1.835755975068581947e+01 4.123105625617660586e+00 0.000000000000000000e+00 7.071067811865475505e+00 2.459674775249768786e+01 2.236067977499789805e+00 9.486832980505138124e+00 8.062257748298549132e+00 2.823118842698620767e+01 3.883297567789519888e+01 1.345362404707370985e+01 1.902629759044044633e+01 2.061552812808830382e+01 1.565247584249852864e+01
1.236931687685298087e+01 3.820994634908559817e+01 3.383784863137726262e+01 9.219544457292887074e+00 2.507987240796890660e+01 1.802775637731994607e+01 2.340939982143925135e+01 1.910497317454279909e+01 3.252691193458118590e+01 3.969886648255841521e+01 2.647640458974745314e+01 3.275667870831839679e+01 2.828427124746190291e+00 4.104875150354758517e+01 2.523885892824792521e+01 4.123105625617660586e+00 7.071067811865475505e+00 0.000000000000000000e+00 3.138470965295043058e+01 6.708203932499369415e+00 4.472135954999579610e+00 6.708203932499369415e+00 3.488552708502481892e+01 4.492215489043240240e+01 2.051828452868319275e+01 2.433105012119287736e+01 2.765863337187866122e+01 1.500000000000000000e+01
2.420743687382040932e+01 3.801315561749642313e+01 2.262741699796952233e+01 3.544009029333869876e+01 3.765634076752546378e+01 2.807133769523639799e+01 3.551056180912940619e+01 2.517935662402834396e+01 8.062257748298549132e+00 1.044030650891055068e+01 2.416609194718914466e+01 1.414213562373095145e+00 3.080584360149872580e+01 3.828837943815329226e+01 6.324555320336759046e+00 2.745906043549196340e+01 2.459674775249768786e+01 3.138470965295043058e+01 0.000000000000000000e+00 2.469817807045693669e+01 3.201562118716424266e+01 2.831960451701259274e+01 1.860107523773827509e+01 3.041381265149109936e+01 1.303840481040529831e+01 2.435159132377184221e+01 6.324555320336759046e+00 3.622154055254966920e+01
8.485281374238569541e+00 3.640054944640259293e+01 2.942787793912432193e+01 1.334166406412633421e+01 2.561249694973139412e+01 1.655294535724684835e+01 2.360084744241189370e+01 1.649242250247064234e+01 2.624880949681337583e+01 3.324154027718932269e+01 2.302172886644267535e+01 2.607680962081059661e+01 6.403124237432848531e+00 3.883297567789519888e+01 1.860107523773827509e+01 2.828427124746190291e+00 2.236067977499789805e+00 6.708203932499369415e+00 2.469817807045693669e+01 0.000000000000000000e+00 8.062257748298549132e+00 6.000000000000000000e+00 2.973213749463701205e+01 4.060788100849390503e+01 1.442220510185595650e+01 2.109502310972898798e+01 2.121320343559642652e+01 1.749285568453590045e+01
1.004987562112088995e+01 4.242640687119285303e+01 3.710795063055894616e+01 1.345362404707370985e+01 2.954657340538831534e+01 2.220360331117451835e+01 2.785677655436823841e+01 2.300000000000000000e+01 3.420526275297414287e+01 4.103656905736638549e+01 3.014962686336266984e+01 3.342154993413680586e+01 2.000000000000000000e+00 4.517742799230607176e+01 2.617250465660480074e+01 5.385164807134503739e+00 9.486832980505138124e+00 4.472135954999579610e+00 3.201562118716424266e+01 8.062257748298549132e+00 0.000000000000000000e+00 4.123105625617660586e+00 3.769615364994152884e+01 4.827007354458868349e+01 2.247220505424423109e+01 2.807133769523639799e+01 2.906888370749726747e+01 1.941648783894759944e+01
6.000000000000000000e+00 4.220189569201838253e+01 3.535533905932737753e+01 1.581138830084189628e+01 3.052867504494749440e+01 2.213594362117865444e+01 2.865309756378880479e+01 2.236067977499789805e+01 3.106444913401813324e+01 3.764306044943742080e+01 2.901723625709381693e+01 2.973213749463701205e+01 4.123105625617660586e+00 4.472135954999579610e+01 2.267156809750926882e+01 4.472135954999579610e+00 8.062257748298549132e+00 6.708203932499369415e+00 2.831960451701259274e+01 6.000000000000000000e+00 4.123105625617660586e+00 0.000000000000000000e+00 3.544009029333869876e+01 4.652956049652736681e+01 1.969771560359220786e+01 2.707397274136176790e+01 2.580697580112788003e+01 2.121320343559642652e+01
3.423448553724738019e+01 2.118962010041709121e+01 5.099019513592784492e+00 3.397057550292606010e+01 2.720294101747088789e+01 2.140093455903269515e+01 2.563201123595259290e+01 1.843908891458577415e+01 1.063014581273464998e+01 1.486606874731850603e+01 1.208304597359457233e+01 1.843908891458577415e+01 3.584689665786984136e+01 2.059126028197400160e+01 1.772004514666934938e+01 3.231098884280702066e+01 2.823118842698620767e+01 3.488552708502481892e+01 1.860107523773827509e+01 2.973213749463701205e+01 3.769615364994152884e+01 3.544009029333869876e+01 0.000000000000000000e+00 1.236931687685298087e+01 1.612451549659709826e+01 1.389244398944980396e+01 1.392838827718411920e+01 3.140063693621516450e+01
4.601086828130936368e+01 1.772004514666934938e+01 1.118033988749894903e+01 4.205948168962618183e+01 3.047950130825634218e+01 2.865309756378880479e+01 2.969848480983499428e+01 2.640075756488817049e+01 2.236067977499789805e+01 2.404163056034261459e+01 1.878829422805593552e+01 3.001666203960726875e+01 4.632493928760187885e+01 1.513274595042155646e+01 3.008321791298264714e+01 4.295346318982905842e+01 3.883297567789519888e+01 4.492215489043240240e+01 3.041381265149109936e+01 4.060788100849390503e+01 4.827007354458868349e+01 4.652956049652736681e+01 1.236931687685298087e+01 0.000000000000000000e+00 2.801785145224380003e+01 2.102379604162863913e+01 2.624880949681337583e+01 3.801315561749642313e+01
1.811077027627483460e+01 2.920616373302046753e+01 1.726267650163206824e+01 2.284731931759172596e+01 2.529822128134703618e+01 1.529705854077835525e+01 2.308679276123039159e+01 1.264911064067351809e+01 1.204159457879229578e+01 1.941648783894759944e+01 1.421267040355189515e+01 1.414213562373095101e+01 2.080865204668481283e+01 3.052867504494749440e+01 7.071067811865475505e+00 1.720465053408525335e+01 1.345362404707370985e+01 2.051828452868319275e+01 1.303840481040529831e+01 1.442220510185595650e+01 2.247220505424423109e+01 1.969771560359220786e+01 1.612451549659709826e+01 2.801785145224380003e+01 0.000000000000000000e+00 1.345362404707370985e+01 7.615773105863908654e+00 2.319482700948640286e+01
2.816025568065744622e+01 1.612451549659709826e+01 1.063014581273464998e+01 2.109502310972898798e+01 1.403566884761819900e+01 7.810249675906653977e+00 1.216552506059643868e+01 5.385164807134503739e+00 1.902629759044044633e+01 2.607680962081059661e+01 2.236067977499789805e+00 2.500000000000000000e+01 2.607680962081059661e+01 1.802775637731994607e+01 1.972308292331602075e+01 2.300000000000000000e+01 1.902629759044044633e+01 2.433105012119287736e+01 2.435159132377184221e+01 2.109502310972898798e+01 2.807133769523639799e+01 2.707397274136176790e+01 1.389244398944980396e+01 2.102379604162863913e+01 1.345362404707370985e+01 0.000000000000000000e+00 1.802775637731994607e+01 1.769180601295413169e+01
2.284731931759172596e+01 3.201562118716424266e+01 1.720465053408525335e+01 3.046309242345563462e+01 3.140063693621516450e+01 2.200000000000000000e+01 2.927456233660889495e+01 1.902629759044044633e+01 5.385164807134503739e+00 1.204159457879229578e+01 1.788854381999831844e+01 7.071067811865475505e+00 2.758622844826744469e+01 3.252691193458118590e+01 4.000000000000000000e+00 2.404163056034261459e+01 2.061552812808830382e+01 2.765863337187866122e+01 6.324555320336759046e+00 2.121320343559642652e+01 2.906888370749726747e+01 2.580697580112788003e+01 1.392838827718411920e+01 2.624880949681337583e+01 7.615773105863908654e+00 1.802775637731994607e+01 0.000000000000000000e+00 3.059411708155671050e+01
2.580697580112788003e+01 2.647640458974745314e+01 2.828427124746190202e+01 6.324555320336759046e+00 1.104536101718726115e+01 1.000000000000000000e+01 1.004987562112088995e+01 1.303840481040529831e+01 3.383784863137726262e+01 4.143669871020131978e+01 1.979898987322333070e+01 3.733630940518894192e+01 1.780449381476485726e+01 2.983286778035259701e+01 3.006659275674581622e+01 1.702938636592640265e+01 1.565247584249852864e+01 1.500000000000000000e+01 3.622154055254966920e+01 1.749285568453590045e+01 1.941648783894759944e+01 2.121320343559642652e+01 3.140063693621516450e+01 3.801315561749642313e+01 2.319482700948640286e+01 1.769180601295413169e+01 3.059411708155671050e+01 0.000000000000000000e+00
