0.000000000000000000e+00 1.552417469626002422e+01 1.726267650163206824e+01 1.513274595042155646e+01 1.140175425099137918e+01 3.231098884280702066e+01 3.008321791298264714e+01 1.941648783894759944e+01 8.544003745317530374e+00 4.123105625617660586e+00 2.507987240796890660e+01 1.835755975068581947e+01 2.459674775249768786e+01 1.389244398944980396e+01 2.284731931759172596e+01 2.236067977499789805e+00 2.920616373302046753e+01 2.408318915758459156e+01 3.360059523282288296e+01 2.906888370749726747e+01 1.272792206135785520e+01 2.662705391138869615e+01 2.267156809750926882e+01 2.408318915758459156e+01 2.435159132377184221e+01 5.385164807134503739e+00 2.051828452868319275e+01 5.000000000000000000e+00
1.552417469626002422e+01 0.000000000000000000e+00 2.220360331117451835e+01 2.024845673131658685e+01 1.931320791582796659e+01 2.193171219946130890e+01 1.456021977856103611e+01 7.071067811865475505e+00 1.697056274847713908e+01 1.600000000000000000e+01 1.612451549659709826e+01 1.341640786499873883e+01 1.655294535724684835e+01 1.788854381999831844e+01 2.570992026436488231e+01 1.726267650163206824e+01 2.716615541441224835e+01 9.219544457292887074e+00 2.683281572999747766e+01 1.523154621172781731e+01 7.810249675906653977e+00 2.024845673131658685e+01 1.118033988749894903e+01 1.236931687685298087e+01 2.789265136196270589e+01 1.166190378969060149e+01 1.000000000000000000e+01 1.303840481040529831e+01
1.726267650163206824e+01 2.220360331117451835e+01 0.000000000000000000e+00 2.236067977499789805e+00 6.000000000000000000e+00 4.393176527297759293e+01 3.324154027718932269e+01 1.992485884517127559e+01 2.570992026436488231e+01 1.315294643796590535e+01 3.748332962798262713e+01 1.204159457879229578e+01 3.753664875824691904e+01 3.067572330035593353e+01 3.984971769034255118e+01 1.603121954188139853e+01 4.517742799230607176e+01 3.088689042296100240e+01 4.763402145525821396e+01 3.721558813185679071e+01 1.442220510185595650e+01 4.060788100849390503e+01 2.009975124224177989e+01 2.102379604162863913e+01 4.148493702538308270e+01 2.061552812808830382e+01 1.824828759089465890e+01 2.118962010041709121e+01
1.513274595042155646e+01 2.024845673131658685e+01 2.236067977499789805e+00 0.000000000000000000e+00 4.123105625617660586e+00 4.186884283091664116e+01 3.178049716414140846e+01 1.843908891458577415e+01 2.353720459187963954e+01 1.104536101718726115e+01 3.535533905932737753e+01 1.104536101718726115e+01 3.538361202590826338e+01 2.846049894151541437e+01 3.764306044943742080e+01 1.400000000000000000e+01 4.294182110716777601e+01 2.906888370749726747e+01 4.545327270945404763e+01 3.535533905932737753e+01 1.252996408614166768e+01 3.841874542459709119e+01 1.900000000000000000e+01 2.002498439450078749e+01 3.929376540877699853e+01 1.838477631085023489e+01 1.702938636592640265e+01 1.897366596101027625e+01
1.140175425099137918e+01 1.931320791582796659e+01 6.000000000000000000e+00 4.123105625617660586e+00 0.000000000000000000e+00 4.022437072223753063e+01 3.214031735997639316e+01 1.900000000000000000e+01 1.992485884517127559e+01 7.280109889280518054e+00 3.342154993413680586e+01 1.300000000000000000e+01 3.330165161069342616e+01 2.507987240796890660e+01 3.417601498127012150e+01 1.004987562112088995e+01 3.996248240537617136e+01 2.846049894151541437e+01 4.313930922024598402e+01 3.453983207834108526e+01 1.216552506059643868e+01 3.606937759374286401e+01 2.039607805437113797e+01 2.158703314492290204e+01 3.573513677041127323e+01 1.526433752247374720e+01 1.824828759089465890e+01 1.565247584249852864e+01
3.231098884280702066e+01 2.193171219946130890e+01 4.393176527297759293e+01 4.186884283091664116e+01 4.022437072223753063e+01 0.000000000000000000e+00 2.002498439450078749e+01 2.692582403567251959e+01 2.729468812791236232e+01 3.488552708502481892e+01 7.280109889280518054e+00 3.500000000000000000e+01 8.062257748298549132e+00 2.300000000000000000e+01 2.284731931759172596e+01 3.453983207834108526e+01 1.627882059609970611e+01 1.523154621172781731e+01 8.544003745317530374e+00 1.004987562112088995e+01 2.969848480983499428e+01 8.544003745317530374e+00 2.996664812754339380e+01 3.046309242345563462e+01 2.459674775249768786e+01 2.692582403567251959e+01 3.001666203960726875e+01 2.751363298439520833e+01
3.008321791298264714e+01 1.456021977856103611e+01 3.324154027718932269e+01 3.178049716414140846e+01 3.214031735997639316e+01 2.002498439450078749e+01 0.000000000000000000e+00 1.334166406412633421e+01 3.052867504494749440e+01 3.026549190084311292e+01 1.897366596101027625e+01 2.154065922853801496e+01 2.024845673131658685e+01 2.973213749463701205e+01 3.522782990761707111e+01 3.178049716414140846e+01 3.289376840679705083e+01 7.810249675906653977e+00 2.807133769523639799e+01 1.000000000000000000e+01 2.002498439450078749e+01 2.404163056034261459e+01 1.389244398944980396e+01 1.360147050873544394e+01 3.744329045369811126e+01 2.600000000000000000e+01 1.523154621172781731e+01 2.731300056749532601e+01
1.941648783894759944e+01 7.071067811865475505e+00 1.992485884517127559e+01 1.843908891458577415e+01 1.900000000000000000e+01 2.692582403567251959e+01 1.334166406412633421e+01 0.000000000000000000e+00 2.302172886644267535e+01 1.838477631085023489e+01 2.213594362117865444e+01 8.602325267042626677e+00 2.280350850198275836e+01 2.469817807045693669e+01 3.275667870831839679e+01 2.059126028197400160e+01 3.405877273185280529e+01 1.204159457879229578e+01 3.289376840679705083e+01 1.838477631085023489e+01 7.280109889280518054e+00 2.668332812825266842e+01 4.123105625617660586e+00 5.385164807134503739e+00 3.492849839314595783e+01 1.702938636592640265e+01 3.162277660168379523e+00 1.843908891458577415e+01
8.544003745317530374e+00 1.697056274847713908e+01 2.570992026436488231e+01 2.353720459187963954e+01 1.992485884517127559e+01 2.729468812791236232e+01 3.052867504494749440e+01 2.302172886644267535e+01 0.000000000000000000e+00 1.264911064067351809e+01 2.009975124224177989e+01 2.473863375370596174e+01 1.923538406167134340e+01 5.656854249492380582e+00 1.431782106327635340e+01 1.029563014098700080e+01 2.121320343559642652e+01 2.325940669922601600e+01 2.683281572999747766e+01 2.668332812825266842e+01 1.802775637731994607e+01 2.024845673131658685e+01 2.692582403567251959e+01 2.830194339616981125e+01 1.581138830084189628e+01 6.324555320336759046e+00 2.505992817228333536e+01 5.099019513592784492e+00
4.123105625617660586e+00 1.600000000000000000e+01 1.315294643796590535e+01 1.104536101718726115e+01 7.280109889280518054e+00 3.488552708502481892e+01 3.026549190084311292e+01 1.838477631085023489e+01 1.264911064067351809e+01 0.000000000000000000e+00 2.778488797889960793e+01 1.562049935181330795e+01 2.745906043549196340e+01 1.788854381999831844e+01 2.692582403567251959e+01 3.162277660168379523e+00 3.301514803843835466e+01 2.507987240796890660e+01 3.687817782917154830e+01 3.059411708155671050e+01 1.118033988749894903e+01 2.983286778035259701e+01 2.109502310972898798e+01 2.247220505424423109e+01 2.846049894151541437e+01 8.485281374238569541e+00 1.886796226411320632e+01 8.602325267042626677e+00
2.507987240796890660e+01 1.612451549659709826e+01 3.748332962798262713e+01 3.535533905932737753e+01 3.342154993413680586e+01 7.280109889280518054e+00 1.897366596101027625e+01 2.213594362117865444e+01 2.009975124224177989e+01 2.778488797889960793e+01 0.000000000000000000e+00 2.952964612046680060e+01 1.414213562373095145e+00 1.612451549659709826e+01 1.780449381476485726e+01 2.731300056749532601e+01 1.392838827718411920e+01 1.204159457879229578e+01 1.077032961426900748e+01 1.000000000000000000e+01 2.360084744241189370e+01 5.099019513592784492e+00 2.570992026436488231e+01 2.647640458974745314e+01 1.984943324127920761e+01 1.969771560359220786e+01 2.529822128134703618e+01 2.024845673131658685e+01
1.835755975068581947e+01 1.341640786499873883e+01 1.204159457879229578e+01 1.104536101718726115e+01 1.300000000000000000e+01 3.500000000000000000e+01 2.154065922853801496e+01 8.602325267042626677e+00 2.473863375370596174e+01 1.562049935181330795e+01 2.952964612046680060e+01 0.000000000000000000e+00 2.996664812754339380e+01 2.807133769523639799e+01 3.700000000000000000e+01 1.860107523773827509e+01 4.002499219237900263e+01 2.051828452868319275e+01 4.024922359499621649e+01 2.690724809414741969e+01 7.000000000000000000e+00 3.361547262794321966e+01 8.062257748298549132e+00 9.000000000000000000e+00 3.901281840626231912e+01 1.843908891458577415e+01 6.324555320336759046e+00 1.964688270438849926e+01
2.459674775249768786e+01 1.655294535724684835e+01 3.753664875824691904e+01 3.538361202590826338e+01 3.330165161069342616e+01 8.062257748298549132e+00 2.024845673131658685e+01 2.280350850198275836e+01 1.923538406167134340e+01 2.745906043549196340e+01 1.414213562373095145e+00 2.996664812754339380e+01 0.000000000000000000e+00 1.503329637837290811e+01 1.640121946685672683e+01 2.683281572999747766e+01 1.264911064067351809e+01 1.315294643796590535e+01 1.029563014098700080e+01 1.140175425099137918e+01 2.385372088375312671e+01 4.000000000000000000e+00 2.647640458974745314e+01 2.729468812791236232e+01 1.843908891458577415e+01 1.923538406167134340e+01 2.596150997149434048e+01 1.969771560359220786e+01
1.389244398944980396e+01 1.788854381999831844e+01 3.067572330035593353e+01 2.846049894151541437e+01 2.507987240796890660e+01 2.300000000000000000e+01 2.973213749463701205e+01 2.469817807045693669e+01 5.656854249492380582e+00 1.788854381999831844e+01 1.612451549659709826e+01 2.807133769523639799e+01 1.503329637837290811e+01 0.000000000000000000e+00 9.219544457292887074e+00 1.581138830084189628e+01 1.555634918610404505e+01 2.202271554554523902e+01 2.154065922853801496e+01 2.416609194718914466e+01 2.109502310972898798e+01 1.529705854077835525e+01 2.879236009777593708e+01 3.008321791298264714e+01 1.104536101718726115e+01 1.019803902718556898e+01 2.720294101747088789e+01 9.486832980505138124e+00
2.284731931759172596e+01 2.570992026436488231e+01 3.984971769034255118e+01 3.764306044943742080e+01 3.417601498127012150e+01 2.284731931759172596e+01 3.522782990761707111e+01 3.275667870831839679e+01 1.431782106327635340e+01 2.692582403567251959e+01 1.780449381476485726e+01 3.700000000000000000e+01 1.640121946685672683e+01 9.219544457292887074e+00 0.000000000000000000e+00 2.459674775249768786e+01 9.219544457292887074e+00 2.745906043549196340e+01 1.802775637731994607e+01 2.758622844826744469e+01 3.000000000000000000e+01 1.431782106327635340e+01 3.687817782917154830e+01 3.807886552931954327e+01 2.236067977499789805e+00 1.941648783894759944e+01 3.551056180912940619e+01 1.868154169226940553e+01
2.236067977499789805e+00 1.726267650163206824e+01 1.603121954188139853e+01 1.400000000000000000e+01 1.004987562112088995e+01 3.453983207834108526e+01 3.178049716414140846e+01 2.059126028197400160e+01 1.029563014098700080e+01 3.162277660168379523e+00 2.731300056749532601e+01 1.860107523773827509e+01 2.683281572999747766e+01 1.581138830084189628e+01 2.459674775249768786e+01 0.000000000000000000e+00 3.124099870362661591e+01 2.601922366251537611e+01 3.580502757993631491e+01 3.114482300479487265e+01 1.360147050873544394e+01 2.884441020371191300e+01 2.360084744241189370e+01 2.500000000000000000e+01 2.600000000000000000e+01 7.615773105863908654e+00 2.140093455903269515e+01 7.211102550927978250e+00
2.920616373302046753e+01 2.716615541441224835e+01 4.517742799230607176e+01 4.294182110716777601e+01 3.996248240537617136e+01 1.627882059609970611e+01 3.289376840679705083e+01 3.405877273185280529e+01 2.121320343559642652e+01 3.301514803843835466e+01 1.392838827718411920e+01 4.002499219237900263e+01 1.264911064067351809e+01 1.555634918610404505e+01 9.219544457292887074e+00 3.124099870362661591e+01 0.000000000000000000e+00 2.570992026436488231e+01 9.486832980505138124e+00 2.370653918225939449e+01 3.324154027718932269e+01 8.944271909999159220e+00 3.801315561749642313e+01 3.900000000000000000e+01 1.000000000000000000e+01 2.469817807045693669e+01 3.712142238654116966e+01 2.441311123146740414e+01
2.408318915758459156e+01 9.219544457292887074e+00 3.088689042296100240e+01 2.906888370749726747e+01 2.846049894151541437e+01 1.523154621172781731e+01 7.810249675906653977e+00 1.204159457879229578e+01 2.325940669922601600e+01 2.507987240796890660e+01 1.204159457879229578e+01 2.051828452868319275e+01 1.315294643796590535e+01 2.202271554554523902e+01 2.745906043549196340e+01 2.601922366251537611e+01 2.570992026436488231e+01 0.000000000000000000e+00 2.220360331117451835e+01 6.403124237432848531e+00 1.655294535724684835e+01 1.711724276862369010e+01 1.476482306023340030e+01 1.523154621172781731e+01 2.968164415931165934e+01 1.941648783894759944e+01 1.500000000000000000e+01 2.061552812808830382e+01
3.360059523282288296e+01 2.683281572999747766e+01 4.763402145525821396e+01 4.545327270945404763e+01 4.313930922024598402e+01 8.544003745317530374e+00 2.807133769523639799e+01 3.289376840679705083e+01 2.683281572999747766e+01 3.687817782917154830e+01 1.077032961426900748e+01 4.024922359499621649e+01 1.029563014098700080e+01 2.154065922853801496e+01 1.802775637731994607e+01 3.580502757993631491e+01 9.486832980505138124e+00 2.220360331117451835e+01 0.000000000000000000e+00 1.811077027627483460e+01 3.413209633175202384e+01 7.071067811865475505e+00 3.640054944640259293e+01 3.710795063055894616e+01 1.923538406167134340e+01 2.842534080710379030e+01 3.605551275463989214e+01 2.860069929215018192e+01
2.906888370749726747e+01 1.523154621172781731e+01 3.721558813185679071e+01 3.535533905932737753e+01 3.453983207834108526e+01 1.004987562112088995e+01 1.000000000000000000e+01 1.838477631085023489e+01 2.668332812825266842e+01 3.059411708155671050e+01 1.000000000000000000e+01 2.690724809414741969e+01 1.140175425099137918e+01 2.416609194718914466e+01 2.758622844826744469e+01 3.114482300479487265e+01 2.370653918225939449e+01 6.403124237432848531e+00 1.811077027627483460e+01 0.000000000000000000e+00 2.282542442102665348e+01 1.476482306023340030e+01 2.080865204668481283e+01 2.109502310972898798e+01 2.969848480983499428e+01 2.400000000000000000e+01 2.126029162546929996e+01 2.501999200639360765e+01
1.272792206135785520e+01 7.810249675906653977e+00 1.442220510185595650e+01 1.252996408614166768e+01 1.216552506059643868e+01 2.969848480983499428e+01 2.002498439450078749e+01 7.280109889280518054e+00 1.802775637731994607e+01 1.118033988749894903e+01 2.360084744241189370e+01 7.000000000000000000e+00 2.385372088375312671e+01 2.109502310972898798e+01 3.000000000000000000e+01 1.360147050873544394e+01 3.324154027718932269e+01 1.655294535724684835e+01 3.413209633175202384e+01 2.282542442102665348e+01 0.000000000000000000e+00 2.729468812791236232e+01 1.000000000000000000e+01 1.140175425099137918e+01 3.201562118716424266e+01 1.170469991071962568e+01 7.810249675906653977e+00 1.300000000000000000e+01
2.662705391138869615e+01 2.024845673131658685e+01 4.060788100849390503e+01 3.841874542459709119e+01 3.606937759374286401e+01 8.544003745317530374e+00 2.404163056034261459e+01 2.668332812825266842e+01 2.024845673131658685e+01 2.983286778035259701e+01 5.099019513592784492e+00 3.361547262794321966e+01 4.000000000000000000e+00 1.529705854077835525e+01 1.431782106327635340e+01 2.884441020371191300e+01 8.944271909999159220e+00 1.711724276862369010e+01 7.071067811865475505e+00 1.476482306023340030e+01 2.729468812791236232e+01 0.000000000000000000e+00 3.041381265149109936e+01 3.125699921617556853e+01 1.612451549659709826e+01 2.140093455903269515e+01 2.983286778035259701e+01 2.163330765278393741e+01
2.267156809750926882e+01 1.118033988749894903e+01 2.009975124224177989e+01 1.900000000000000000e+01 2.039607805437113797e+01 2.996664812754339380e+01 1.389244398944980396e+01 4.123105625617660586e+00 2.692582403567251959e+01 2.109502310972898798e+01 2.570992026436488231e+01 8.062257748298549132e+00 2.647640458974745314e+01 2.879236009777593708e+01 3.687817782917154830e+01 2.360084744241189370e+01 3.801315561749642313e+01 1.476482306023340030e+01 3.640054944640259293e+01 2.080865204668481283e+01 1.000000000000000000e+01 3.041381265149109936e+01 0.000000000000000000e+00 1.414213562373095145e+00 3.905124837953326988e+01 2.080865204668481283e+01 2.236067977499789805e+00 2.220360331117451835e+01
2.408318915758459156e+01 1.236931687685298087e+01 2.102379604162863913e+01 2.002498439450078749e+01 2.158703314492290204e+01 3.046309242345563462e+01 1.360147050873544394e+01 5.385164807134503739e+00 2.830194339616981125e+01 2.247220505424423109e+01 2.647640458974745314e+01 9.000000000000000000e+00 2.729468812791236232e+01 3.008321791298264714e+01 3.807886552931954327e+01 2.500000000000000000e+01 3.900000000000000000e+01 1.523154621172781731e+01 3.710795063055894616e+01 2.109502310972898798e+01 1.140175425099137918e+01 3.125699921617556853e+01 1.414213562373095145e+00 0.000000000000000000e+00 4.026164427839479032e+01 2.220360331117451835e+01 3.605551275463989125e+00 2.360084744241189370e+01
2.435159132377184221e+01 2.789265136196270589e+01 4.148493702538308270e+01 3.929376540877699853e+01 3.573513677041127323e+01 2.459674775249768786e+01 3.744329045369811126e+01 3.492849839314595783e+01 1.581138830084189628e+01 2.846049894151541437e+01 1.984943324127920761e+01 3.901281840626231912e+01 1.843908891458577415e+01 1.104536101718726115e+01 2.236067977499789805e+00 2.600000000000000000e+01 1.000000000000000000e+01 2.968164415931165934e+01 1.923538406167134340e+01 2.969848480983499428e+01 3.201562118716424266e+01 1.612451549659709826e+01 3.905124837953326988e+01 4.026164427839479032e+01 0.000000000000000000e+00 2.121320343559642652e+01 3.765634076752546378e+01 2.039607805437113797e+01
5.385164807134503739e+00 1.166190378969060149e+01 2.061552812808830382e+01 1.838477631085023489e+01 1.526433752247374720e+01 2.692582403567251959e+01 2.600000000000000000e+01 1.702938636592640265e+01 6.324555320336759046e+00 8.485281374238569541e+00 1.969771560359220786e+01 1.843908891458577415e+01 1.923538406167134340e+01 1.019803902718556898e+01 1.941648783894759944e+01 7.615773105863908654e+00 2.469817807045693669e+01 1.941648783894759944e+01 2.842534080710379030e+01 2.400000000000000000e+01 1.170469991071962568e+01 2.140093455903269515e+01 2.080865204668481283e+01 2.220360331117451835e+01 2.121320343559642652e+01 0.000000000000000000e+00 1.886796226411320632e+01 1.414213562373095145e+00
2.051828452868319275e+01 1.000000000000000000e+01 1.824828759089465890e+01 1.702938636592640265e+01 1.824828759089465890e+01 3.001666203960726875e+01 1.523154621172781731e+01 3.162277660168379523e+00 2.505992817228333536e+01 1.886796226411320632e+01 2.529822128134703618e+01 6.324555320336759046e+00 2.596150997149434048e+01 2.720294101747088789e+01 3.551056180912940619e+01 2.140093455903269515e+01 3.712142238654116966e+01 1.500000000000000000e+01 3.605551275463989214e+01 2.126029162546929996e+01 7.810249675906653977e+00 2.983286778035259701e+01 2.236067977499789805e+00 3.605551275463989125e+00 3.765634076752546378e+01 1.886796226411320632e+01 0.000000000000000000e+00 2.024845673131658685e+01
5.000000000000000000e+00 1.303840481040529831e+01 2.118962010041709121e+01 1.897366596101027625e+01 1.565247584249852864e+01 2.751363298439520833e+01 2.731300056749532601e+01 1.843908891458577415e+01 5.099019513592784492e+00 8.602325267042626677e+00 2.024845673131658685e+01 1.964688270438849926e+01 1.969771560359220786e+01 9.486832980505138124e+00 1.868154169226940553e+01 7.211102550927978250e+00 2.441311123146740414e+01 2.061552812808830382e+01 2.860069929215018192e+01 2.501999200639360765e+01 1.300000000000000000e+01 2.163330765278393741e+01 2.220360331117451835e+01 2.360084744241189370e+01 2.039607805437113797e+01 1.414213562373095145e+00 2.024845673131658685e+01 0.000000000000000000e+00
