0.000000000000000000e+00 2.126029162546929996e+01 3.471310991541956525e+01 2.158703314492290204e+01 3.324154027718932269e+01 2.692582403567251959e+01 4.883646178829911833e+01 2.308679276123039159e+01 5.560575509783137704e+01 4.197618372363071160e+01 2.469817807045693669e+01 3.006659275674581622e+01 2.915475947422650194e+01 3.966106403010387993e+01 3.649657518178931781e+01 2.163330765278393741e+01 3.700000000000000000e+01 3.757658845611187104e+01 2.906888370749726747e+01 7.071067811865475505e+00 6.082762530298219339e+00 2.184032966784155505e+01 4.623851208678756564e+01 5.385164807134503739e+00
2.126029162546929996e+01 0.000000000000000000e+00 2.193171219946130890e+01 1.029563014098700080e+01 1.204159457879229578e+01 1.252996408614166768e+01 2.780287754891568852e+01 9.219544457292887074e+00 3.498571136907180090e+01 2.789265136196270589e+01 1.140175425099137918e+01 2.126029162546929996e+01 1.140175425099137918e+01 1.878829422805593552e+01 2.416609194718914466e+01 5.656854249492380582e+00 2.801785145224380003e+01 1.811077027627483460e+01 1.236931687685298087e+01 1.838477631085023489e+01 1.640121946685672683e+01 1.220655561573370207e+01 2.901723625709381693e+01 1.941648783894759944e+01
3.471310991541956525e+01 2.193171219946130890e+01 0.000000000000000000e+00 3.220248437620923454e+01 2.024845673131658685e+01 9.486832980505138124e+00 2.607680962081059661e+01 3.088689042296100240e+01 2.879236009777593708e+01 7.280109889280518054e+00 1.118033988749894903e+01 4.272001872658765365e+01 3.047950130825634218e+01 2.863564212655270680e+01 2.236067977499789805e+00 1.676305461424021104e+01 7.615773105863908654e+00 3.244996147917590434e+01 1.000000000000000000e+01 2.816025568065744622e+01 3.301514803843835466e+01 1.303840481040529831e+01 1.345362404707370985e+01 3.605551275463989214e+01
2.158703314492290204e+01 1.029563014098700080e+01 3.220248437620923454e+01 0.000000000000000000e+00 1.824828759089465890e+01 2.282542442102665348e+01 3.324154027718932269e+01 2.236067977499789805e+00 4.110960958218893069e+01 3.794733192202055250e+01 2.163330765278393741e+01 1.140175425099137918e+01 8.485281374238569541e+00 2.080865204668481283e+01 3.443835071544512516e+01 1.581138830084189628e+01 3.827531841800927737e+01 1.702938636592640265e+01 2.247220505424423109e+01 2.209072203437452231e+01 1.552417469626002422e+01 2.193171219946130890e+01 3.820994634908559817e+01 1.746424919657297892e+01
3.324154027718932269e+01 1.204159457879229578e+01 2.024845673131658685e+01 1.824828759089465890e+01 0.000000000000000000e+00 1.414213562373095101e+01 1.581138830084189628e+01 1.612451549659709826e+01 2.325940669922601600e+01 2.343074902771996193e+01 1.500000000000000000e+01 2.570992026436488231e+01 1.236931687685298087e+01 9.055385138137417300e+00 2.220360331117451835e+01 1.300000000000000000e+01 2.778488797889960793e+01 1.220655561573370207e+01 1.140175425099137918e+01 2.968164415931165934e+01 2.842534080710379030e+01 1.811077027627483460e+01 2.118962010041709121e+01 3.140063693621516450e+01
2.692582403567251959e+01 1.252996408614166768e+01 9.486832980505138124e+00 2.282542442102665348e+01 1.414213562373095101e+01 0.000000000000000000e+00 2.549509756796392423e+01 2.163330765278393741e+01 3.061045573002793319e+01 1.603121954188139853e+01 2.236067977499789805e+00 3.360059523282288296e+01 2.202271554554523902e+01 2.319482700948640286e+01 1.170469991071962568e+01 7.280109889280518054e+00 1.562049935181330795e+01 2.563201123595259290e+01 3.162277660168379523e+00 2.109502310972898798e+01 2.433105012119287736e+01 5.656854249492380582e+00 1.931320791582796659e+01 2.745906043549196340e+01
4.883646178829911833e+01 2.780287754891568852e+01 2.607680962081059661e+01 3.324154027718932269e+01 1.581138830084189628e+01 2.549509756796392423e+01 0.000000000000000000e+00 3.101612483854164637e+01 8.062257748298549132e+00 2.451530134426252516e+01 2.729468812791236232e+01 3.811823710509183627e+01 2.570992026436488231e+01 1.400000000000000000e+01 2.700000000000000000e+01 2.765863337187866122e+01 3.301514803843835466e+01 2.002498439450078749e+01 2.236067977499789805e+01 4.468780594300866227e+01 4.420407221060068537e+01 3.088689042296100240e+01 1.746424919657297892e+01 4.720169488482378739e+01
2.308679276123039159e+01 9.219544457292887074e+00 3.088689042296100240e+01 2.236067977499789805e+00 1.612451549659709826e+01 2.163330765278393741e+01 3.101612483854164637e+01 0.000000000000000000e+00 3.889730067755344578e+01 3.640054944640259293e+01 2.061552812808830382e+01 1.204159457879229578e+01 6.403124237432848531e+00 1.860107523773827509e+01 3.312099032335839155e+01 1.486606874731850603e+01 3.720215047547655018e+01 1.500000000000000000e+01 2.102379604162863913e+01 2.300000000000000000e+01 1.708800749063506075e+01 2.126029162546929996e+01 3.634556369077249371e+01 1.923538406167134340e+01
5.560575509783137704e+01 3.498571136907180090e+01 2.879236009777593708e+01 4.110960958218893069e+01 2.325940669922601600e+01 3.061045573002793319e+01 8.062257748298549132e+00 3.889730067755344578e+01 0.000000000000000000e+00 2.517935662402834396e+01 3.264965543462901820e+01 4.617358552246078318e+01 3.373425558686599857e+01 2.202271554554523902e+01 2.912043955712207222e+01 3.405877273185280529e+01 3.471310991541956525e+01 2.800000000000000000e+01 2.765863337187866122e+01 5.093132631298737323e+01 5.131276644266999654e+01 3.623534186398687496e+01 1.702938636592640265e+01 5.437830449729009530e+01
4.197618372363071160e+01 2.789265136196270589e+01 7.280109889280518054e+00 3.794733192202055250e+01 2.343074902771996193e+01 1.603121954188139853e+01 2.451530134426252516e+01 3.640054944640259293e+01 2.517935662402834396e+01 0.000000000000000000e+00 1.800000000000000000e+01 4.785394445602159408e+01 3.498571136907180090e+01 3.061045573002793319e+01 5.830951894845300743e+00 2.319482700948640286e+01 9.848857801796103928e+00 3.535533905932737753e+01 1.552417469626002422e+01 3.544009029333869876e+01 4.011234224026316042e+01 2.022374841615668473e+01 8.246211251235321171e+00 4.318564576337836769e+01
2.469817807045693669e+01 1.140175425099137918e+01 1.118033988749894903e+01 2.163330765278393741e+01 1.500000000000000000e+01 2.236067977499789805e+00 2.729468812791236232e+01 2.061552812808830382e+01 3.264965543462901820e+01 1.800000000000000000e+01 0.000000000000000000e+00 3.264965543462901820e+01 2.163330765278393741e+01 2.402082429892862692e+01 1.334166406412633421e+01 5.830951894845300743e+00 1.664331697709323876e+01 2.596150997149434048e+01 5.000000000000000000e+00 1.886796226411320632e+01 2.220360331117451835e+01 3.605551275463989125e+00 2.154065922853801496e+01 2.531797780234432693e+01
3.006659275674581622e+01 2.126029162546929996e+01 4.272001872658765365e+01 1.140175425099137918e+01 2.570992026436488231e+01 3.360059523282288296e+01 3.811823710509183627e+01 1.204159457879229578e+01 4.617358552246078318e+01 4.785394445602159408e+01 3.264965543462901820e+01 0.000000000000000000e+00 1.334166406412633421e+01 2.418677324489564739e+01 4.494441010848846219e+01 2.690724809414741969e+01 4.920365840057017692e+01 1.843908891458577415e+01 3.275667870831839679e+01 3.228002478313794654e+01 2.418677324489564739e+01 3.324154027718932269e+01 4.684015371452147747e+01 2.500000000000000000e+01
2.915475947422650194e+01 1.140175425099137918e+01 3.047950130825634218e+01 8.485281374238569541e+00 1.236931687685298087e+01 2.202271554554523902e+01 2.570992026436488231e+01 6.403124237432848531e+00 3.373425558686599857e+01 3.498571136907180090e+01 2.163330765278393741e+01 1.334166406412633421e+01 0.000000000000000000e+00 1.252996408614166768e+01 3.264965543462901820e+01 1.655294535724684835e+01 3.748332962798262713e+01 8.602325267042626677e+00 2.051828452868319275e+01 2.828427124746190202e+01 2.325940669922601600e+01 2.325940669922601600e+01 3.352610922848042208e+01 2.555386467836127551e+01
3.966106403010387993e+01 1.878829422805593552e+01 2.863564212655270680e+01 2.080865204668481283e+01 9.055385138137417300e+00 2.319482700948640286e+01 1.400000000000000000e+01 1.860107523773827509e+01 2.202271554554523902e+01 3.061045573002793319e+01 2.402082429892862692e+01 2.418677324489564739e+01 1.252996408614166768e+01 0.000000000000000000e+00 3.041381265149109936e+01 2.137755832643194864e+01 3.624913792078371699e+01 6.082762530298219339e+00 2.039607805437113797e+01 3.716180835212409050e+01 3.420526275297414287e+01 2.701851217221259205e+01 2.640075756488817049e+01 3.687817782917154830e+01
3.649657518178931781e+01 2.416609194718914466e+01 2.236067977499789805e+00 3.443835071544512516e+01 2.220360331117451835e+01 1.170469991071962568e+01 2.700000000000000000e+01 3.312099032335839155e+01 2.912043955712207222e+01 5.830951894845300743e+00 1.334166406412633421e+01 4.494441010848846219e+01 3.264965543462901820e+01 3.041381265149109936e+01 0.000000000000000000e+00 1.897366596101027625e+01 6.082762530298219339e+00 3.440930106817050671e+01 1.220655561573370207e+01 2.983286778035259701e+01 3.500000000000000000e+01 1.500000000000000000e+01 1.303840481040529831e+01 3.801315561749642313e+01
2.163330765278393741e+01 5.656854249492380582e+00 1.676305461424021104e+01 1.581138830084189628e+01 1.300000000000000000e+01 7.280109889280518054e+00 2.765863337187866122e+01 1.486606874731850603e+01 3.405877273185280529e+01 2.319482700948640286e+01 5.830951894845300743e+00 2.690724809414741969e+01 1.655294535724684835e+01 2.137755832643194864e+01 1.897366596101027625e+01 0.000000000000000000e+00 2.247220505424423109e+01 2.209072203437452231e+01 8.062257748298549132e+00 1.702938636592640265e+01 1.802775637731994607e+01 6.708203932499369415e+00 2.549509756796392423e+01 2.118962010041709121e+01
3.700000000000000000e+01 2.801785145224380003e+01 7.615773105863908654e+00 3.827531841800927737e+01 2.778488797889960793e+01 1.562049935181330795e+01 3.301514803843835466e+01 3.720215047547655018e+01 3.471310991541956525e+01 9.848857801796103928e+00 1.664331697709323876e+01 4.920365840057017692e+01 3.748332962798262713e+01 3.624913792078371699e+01 6.082762530298219339e+00 2.247220505424423109e+01 0.000000000000000000e+00 3.996248240537617136e+01 1.702938636592640265e+01 3.001666203960726875e+01 3.649657518178931781e+01 1.708800749063506075e+01 1.802775637731994607e+01 3.931920650267500150e+01
3.757658845611187104e+01 1.811077027627483460e+01 3.244996147917590434e+01 1.702938636592640265e+01 1.220655561573370207e+01 2.563201123595259290e+01 2.002498439450078749e+01 1.500000000000000000e+01 2.800000000000000000e+01 3.535533905932737753e+01 2.596150997149434048e+01 1.843908891458577415e+01 8.602325267042626677e+00 6.082762530298219339e+00 3.440930106817050671e+01 2.209072203437452231e+01 3.996248240537617136e+01 0.000000000000000000e+00 2.325940669922601600e+01 3.613862199918530393e+01 3.176476034853718033e+01 2.844292530665578411e+01 3.190611226708763226e+01 3.413209633175202384e+01
2.906888370749726747e+01 1.236931687685298087e+01 1.000000000000000000e+01 2.247220505424423109e+01 1.140175425099137918e+01 3.162277660168379523e+00 2.236067977499789805e+01 2.102379604162863913e+01 2.765863337187866122e+01 1.552417469626002422e+01 5.000000000000000000e+00 3.275667870831839679e+01 2.051828452868319275e+01 2.039607805437113797e+01 1.220655561573370207e+01 8.062257748298549132e+00 1.702938636592640265e+01 2.325940669922601600e+01 0.000000000000000000e+00 2.360084744241189370e+01 2.596150997149434048e+01 8.602325267042626677e+00 1.746424919657297892e+01 2.912043955712207222e+01
7.071067811865475505e+00 1.838477631085023489e+01 2.816025568065744622e+01 2.209072203437452231e+01 2.968164415931165934e+01 2.109502310972898798e+01 4.468780594300866227e+01 2.300000000000000000e+01 5.093132631298737323e+01 3.544009029333869876e+01 1.886796226411320632e+01 3.228002478313794654e+01 2.828427124746190202e+01 3.716180835212409050e+01 2.983286778035259701e+01 1.702938636592640265e+01 3.001666203960726875e+01 3.613862199918530393e+01 2.360084744241189370e+01 0.000000000000000000e+00 9.219544457292887074e+00 1.565247584249852864e+01 4.024922359499621649e+01 1.081665382639196871e+01
6.082762530298219339e+00 1.640121946685672683e+01 3.301514803843835466e+01 1.552417469626002422e+01 2.842534080710379030e+01 2.433105012119287736e+01 4.420407221060068537e+01 1.708800749063506075e+01 5.131276644266999654e+01 4.011234224026316042e+01 2.220360331117451835e+01 2.418677324489564739e+01 2.325940669922601600e+01 3.420526275297414287e+01 3.500000000000000000e+01 1.802775637731994607e+01 3.649657518178931781e+01 3.176476034853718033e+01 2.596150997149434048e+01 9.219544457292887074e+00 0.000000000000000000e+00 2.000000000000000000e+01 4.341658669218482203e+01 3.162277660168379523e+00
2.184032966784155505e+01 1.220655561573370207e+01 1.303840481040529831e+01 2.193171219946130890e+01 1.811077027627483460e+01 5.656854249492380582e+00 3.088689042296100240e+01 2.126029162546929996e+01 3.623534186398687496e+01 2.022374841615668473e+01 3.605551275463989125e+00 3.324154027718932269e+01 2.325940669922601600e+01 2.701851217221259205e+01 1.500000000000000000e+01 6.708203932499369415e+00 1.708800749063506075e+01 2.844292530665578411e+01 8.602325267042626677e+00 1.565247584249852864e+01 2.000000000000000000e+01 0.000000000000000000e+00 2.459674775249768786e+01 2.302172886644267535e+01
4.623851208678756564e+01 2.901723625709381693e+01 1.345362404707370985e+01 3.820994634908559817e+01 2.118962010041709121e+01 1.931320791582796659e+01 1.746424919657297892e+01 3.634556369077249371e+01 1.702938636592640265e+01 8.246211251235321171e+00 2.154065922853801496e+01 4.684015371452147747e+01 3.352610922848042208e+01 2.640075756488817049e+01 1.303840481040529831e+01 2.549509756796392423e+01 1.802775637731994607e+01 3.190611226708763226e+01 1.746424919657297892e+01 4.024922359499621649e+01 4.341658669218482203e+01 2.459674775249768786e+01 0.000000000000000000e+00 4.657252408878007088e+01
5.385164807134503739e+00 1.941648783894759944e+01 3.605551275463989214e+01 1.746424919657297892e+01 3.140063693621516450e+01 2.745906043549196340e+01 4.720169488482378739e+01 1.923538406167134340e+01 5.437830449729009530e+01 4.318564576337836769e+01 2.531797780234432693e+01 2.500000000000000000e+01 2.555386467836127551e+01 3.687817782917154830e+01 3.801315561749642313e+01 2.118962010041709121e+01 3.931920650267500150e+01 3.413209633175202384e+01 2.912043955712207222e+01 1.081665382639196871e+01 3.162277660168379523e+00 2.302172886644267535e+01 4.657252408878007088e+01 0.000000000000000000e+00
