0.000000000000000000e+00 1.345362404707370985e+01 9.899494936611665352e+00 1.345362404707370985e+01 1.236931687685298087e+01 1.612451549659709826e+01 2.780287754891568852e+01 1.486606874731850603e+01 2.118962010041709121e+01 2.700000000000000000e+01 2.184032966784155505e+01 8.062257748298549132e+00 3.551056180912940619e+01 9.486832980505138124e+00 1.104536101718726115e+01 1.341640786499873883e+01 2.262741699796952233e+01 2.954657340538831534e+01 1.923538406167134340e+01 4.244997055358224713e+01 7.211102550927978250e+00 7.280109889280518054e+00 3.905124837953326988e+01 1.780449381476485726e+01 1.902629759044044633e+01 5.000000000000000000e+00 2.801785145224380003e+01
1.345362404707370985e+01 0.000000000000000000e+00 3.605551275463989125e+00 1.902629759044044633e+01 7.615773105863908654e+00 1.252996408614166768e+01 1.442220510185595650e+01 1.414213562373095145e+00 1.019803902718556898e+01 2.059126028197400160e+01 2.000000000000000000e+01 5.830951894845300743e+00 2.236067977499789805e+01 1.204159457879229578e+01 2.325940669922601600e+01 3.605551275463989125e+00 9.219544457292887074e+00 2.842534080710379030e+01 1.220655561573370207e+01 2.900000000000000000e+01 2.061552812808830382e+01 1.140175425099137918e+01 2.561249694973139412e+01 2.408318915758459156e+01 1.204159457879229578e+01 1.476482306023340030e+01 1.523154621172781731e+01
9.899494936611665352e+00 3.605551275463989125e+00 0.000000000000000000e+00 1.627882059609970611e+01 6.403124237432848531e+00 1.272792206135785520e+01 1.802775637731994607e+01 5.000000000000000000e+00 1.300000000000000000e+01 2.118962010041709121e+01 1.910497317454279909e+01 3.000000000000000000e+00 2.594224354214569317e+01 1.019803902718556898e+01 1.969771560359220786e+01 5.099019513592784492e+00 1.272792206135785520e+01 2.758622844826744469e+01 1.264911064067351809e+01 3.255764119219941222e+01 1.702938636592640265e+01 9.000000000000000000e+00 2.920616373302046753e+01 2.137755832643194864e+01 1.341640786499873883e+01 1.170469991071962568e+01 1.835755975068581947e+01
1.345362404707370985e+01 1.902629759044044633e+01 1.627882059609970611e+01 0.000000000000000000e+00 1.216552506059643868e+01 2.773084924772409465e+01 3.178049716414140846e+01 2.000000000000000000e+01 2.915475947422650194e+01 1.923538406167134340e+01 1.140175425099137918e+01 1.708800749063506075e+01 4.002499219237900263e+01 2.220360331117451835e+01 1.118033988749894903e+01 2.137755832643194864e+01 2.570992026436488231e+01 1.726267650163206824e+01 1.500000000000000000e+01 4.428317965096906050e+01 1.431782106327635340e+01 2.000000000000000000e+01 4.178516483155235761e+01 5.099019513592784492e+00 2.941088233970548416e+01 1.843908891458577415e+01 2.817800560721074277e+01
1.236931687685298087e+01 7.615773105863908654e+00 6.403124237432848531e+00 1.216552506059643868e+01 0.000000000000000000e+00 1.910497317454279909e+01 1.964688270438849926e+01 8.246211251235321171e+00 1.772004514666934938e+01 1.529705854077835525e+01 1.272792206135785520e+01 8.944271909999159220e+00 2.789265136196270589e+01 1.615549442140351033e+01 1.910497317454279909e+01 1.081665382639196871e+01 1.360147050873544394e+01 2.121320343559642652e+01 7.000000000000000000e+00 3.275667870831839679e+01 1.835755975068581947e+01 1.456021977856103611e+01 2.996664812754339380e+01 1.702938636592640265e+01 1.941648783894759944e+01 1.600000000000000000e+01 1.702938636592640265e+01
1.612451549659709826e+01 1.252996408614166768e+01 1.272792206135785520e+01 2.773084924772409465e+01 1.910497317454279909e+01 0.000000000000000000e+00 1.992485884517127559e+01 1.300000000000000000e+01 9.848857801796103928e+00 3.312099032335839155e+01 3.182766092567909766e+01 1.081665382639196871e+01 2.523885892824792521e+01 7.071067811865475505e+00 2.701851217221259205e+01 8.944271909999159220e+00 1.800000000000000000e+01 4.031128874149274566e+01 2.469817807045693669e+01 3.443835071544512516e+01 2.209072203437452231e+01 9.000000000000000000e+00 3.041381265149109936e+01 3.269556544854363267e+01 4.242640687119284770e+00 1.315294643796590535e+01 2.500000000000000000e+01
2.780287754891568852e+01 1.442220510185595650e+01 1.802775637731994607e+01 3.178049716414140846e+01 1.964688270438849926e+01 1.992485884517127559e+01 0.000000000000000000e+00 1.303840481040529831e+01 1.019803902718556898e+01 2.416609194718914466e+01 2.828427124746190202e+01 1.984943324127920761e+01 8.246211251235321171e+00 2.385372088375312671e+01 3.758989225842500304e+01 1.486606874731850603e+01 6.082762530298219339e+00 3.544009029333869876e+01 1.910497317454279909e+01 1.500000000000000000e+01 3.500000000000000000e+01 2.420743687382040932e+01 1.131370849898476116e+01 3.649657518178931781e+01 1.627882059609970611e+01 2.831960451701259274e+01 8.485281374238569541e+00
1.486606874731850603e+01 1.414213562373095145e+00 5.000000000000000000e+00 2.000000000000000000e+01 8.246211251235321171e+00 1.300000000000000000e+01 1.303840481040529831e+01 0.000000000000000000e+00 9.486832980505138124e+00 2.024845673131658685e+01 2.024845673131658685e+01 7.211102550927978250e+00 2.102379604162863913e+01 1.315294643796590535e+01 2.459674775249768786e+01 4.123105625617660586e+00 7.810249675906653977e+00 2.860069929215018192e+01 1.204159457879229578e+01 2.758622844826744469e+01 2.202271554554523902e+01 1.264911064067351809e+01 2.420743687382040932e+01 2.501999200639360765e+01 1.204159457879229578e+01 1.612451549659709826e+01 1.392838827718411920e+01
2.118962010041709121e+01 1.019803902718556898e+01 1.300000000000000000e+01 2.915475947422650194e+01 1.772004514666934938e+01 9.848857801796103928e+00 1.019803902718556898e+01 9.486832980505138124e+00 0.000000000000000000e+00 2.828427124746190202e+01 2.952964612046680060e+01 1.334166406412633421e+01 1.562049935181330795e+01 1.486606874731850603e+01 3.201562118716424266e+01 8.062257748298549132e+00 9.848857801796103928e+00 3.773592452822641263e+01 2.080865204668481283e+01 2.459674775249768786e+01 2.823118842698620767e+01 1.581138830084189628e+01 2.059126028197400160e+01 3.423448553724738019e+01 6.082762530298219339e+00 2.024845673131658685e+01 1.649242250247064234e+01
2.700000000000000000e+01 2.059126028197400160e+01 2.118962010041709121e+01 1.923538406167134340e+01 1.529705854077835525e+01 3.312099032335839155e+01 2.416609194718914466e+01 2.024845673131658685e+01 2.828427124746190202e+01 0.000000000000000000e+00 8.485281374238569541e+00 2.404163056034261459e+01 3.104834939252004844e+01 3.132091952673165025e+01 3.008321791298264714e+01 2.418677324489564739e+01 1.941648783894759944e+01 1.200000000000000000e+01 8.544003745317530374e+00 3.106444913401813324e+01 3.157530680769388809e+01 2.983286778035259701e+01 3.006659275674581622e+01 2.126029162546929996e+01 3.220248437620923454e+01 3.114482300479487265e+01 1.649242250247064234e+01
2.184032966784155505e+01 2.000000000000000000e+01 1.910497317454279909e+01 1.140175425099137918e+01 1.272792206135785520e+01 3.182766092567909766e+01 2.828427124746190202e+01 2.024845673131658685e+01 2.952964612046680060e+01 8.485281374238569541e+00 0.000000000000000000e+00 2.140093455903269515e+01 3.605551275463989214e+01 2.830194339616981125e+01 2.256102834535695578e+01 2.343074902771996193e+01 2.256102834535695578e+01 8.485281374238569541e+00 9.219544457292887074e+00 3.785498646149540036e+01 2.500000000000000000e+01 2.641968962724581260e+01 3.622154055254966920e+01 1.280624847486569706e+01 3.201562118716424266e+01 2.657066051117284644e+01 2.209072203437452231e+01
8.062257748298549132e+00 5.830951894845300743e+00 3.000000000000000000e+00 1.708800749063506075e+01 8.944271909999159220e+00 1.081665382639196871e+01 1.984943324127920761e+01 7.211102550927978250e+00 1.334166406412633421e+01 2.404163056034261459e+01 2.140093455903269515e+01 0.000000000000000000e+00 2.745906043549196340e+01 7.280109889280518054e+00 1.868154169226940553e+01 5.385164807134503739e+00 1.500000000000000000e+01 2.983286778035259701e+01 1.552417469626002422e+01 3.465544690232691494e+01 1.526433752247374720e+01 6.000000000000000000e+00 3.114482300479487265e+01 2.213594362117865444e+01 1.236931687685298087e+01 8.944271909999159220e+00 2.102379604162863913e+01
3.551056180912940619e+01 2.236067977499789805e+01 2.594224354214569317e+01 4.002499219237900263e+01 2.789265136196270589e+01 2.523885892824792521e+01 8.246211251235321171e+00 2.102379604162863913e+01 1.562049935181330795e+01 3.104834939252004844e+01 3.605551275463989214e+01 2.745906043549196340e+01 0.000000000000000000e+00 3.041381265149109936e+01 4.561797891182817466e+01 2.220360331117451835e+01 1.431782106327635340e+01 4.275511665286389729e+01 2.700000000000000000e+01 1.004987562112088995e+01 4.272001872658765365e+01 3.114482300479487265e+01 6.000000000000000000e+00 4.472135954999579610e+01 2.109502310972898798e+01 3.546829570193639825e+01 1.456021977856103611e+01
9.486832980505138124e+00 1.204159457879229578e+01 1.019803902718556898e+01 2.220360331117451835e+01 1.615549442140351033e+01 7.071067811865475505e+00 2.385372088375312671e+01 1.315294643796590535e+01 1.486606874731850603e+01 3.132091952673165025e+01 2.830194339616981125e+01 7.280109889280518054e+00 3.041381265149109936e+01 0.000000000000000000e+00 2.009975124224177989e+01 9.486832980505138124e+00 2.024845673131658685e+01 3.661966684720110976e+01 2.280350850198275836e+01 3.883297567789519888e+01 1.503329637837290811e+01 2.236067977499789805e+00 3.500000000000000000e+01 2.692582403567251959e+01 1.077032961426900748e+01 6.082762530298219339e+00 2.692582403567251959e+01
1.104536101718726115e+01 2.325940669922601600e+01 1.969771560359220786e+01 1.118033988749894903e+01 1.910497317454279909e+01 2.701851217221259205e+01 3.758989225842500304e+01 2.459674775249768786e+01 3.201562118716424266e+01 3.008321791298264714e+01 2.256102834535695578e+01 1.868154169226940553e+01 4.561797891182817466e+01 2.009975124224177989e+01 0.000000000000000000e+00 2.404163056034261459e+01 3.190611226708763226e+01 2.801785145224380003e+01 2.441311123146740414e+01 5.161395160225576006e+01 5.830951894845300743e+00 1.802775637731994607e+01 4.854894437575342181e+01 1.236931687685298087e+01 3.006659275674581622e+01 1.431782106327635340e+01 3.612478373637688378e+01
1.341640786499873883e+01 3.605551275463989125e+00 5.099019513592784492e+00 2.137755832643194864e+01 1.081665382639196871e+01 8.944271909999159220e+00 1.486606874731850603e+01 4.123105625617660586e+00 8.062257748298549132e+00 2.418677324489564739e+01 2.343074902771996193e+01 5.385164807134503739e+00 2.220360331117451835e+01 9.486832980505138124e+00 2.404163056034261459e+01 0.000000000000000000e+00 1.077032961426900748e+01 3.189043743820394994e+01 1.581138830084189628e+01 2.983286778035259701e+01 2.059126028197400160e+01 9.433981132056603158e+00 2.617250465660480074e+01 2.647640458974745314e+01 8.602325267042626677e+00 1.345362404707370985e+01 1.746424919657297892e+01
2.262741699796952233e+01 9.219544457292887074e+00 1.272792206135785520e+01 2.570992026436488231e+01 1.360147050873544394e+01 1.800000000000000000e+01 6.082762530298219339e+00 7.810249675906653977e+00 9.848857801796103928e+00 1.941648783894759944e+01 2.256102834535695578e+01 1.500000000000000000e+01 1.431782106327635340e+01 2.024845673131658685e+01 3.190611226708763226e+01 1.077032961426900748e+01 0.000000000000000000e+00 3.008321791298264714e+01 1.334166406412633421e+01 1.984943324127920761e+01 2.973213749463701205e+01 2.012461179749810825e+01 1.664331697709323876e+01 3.041381265149109936e+01 1.529705854077835525e+01 2.385372088375312671e+01 7.000000000000000000e+00
2.954657340538831534e+01 2.842534080710379030e+01 2.758622844826744469e+01 1.726267650163206824e+01 2.121320343559642652e+01 4.031128874149274566e+01 3.544009029333869876e+01 2.860069929215018192e+01 3.773592452822641263e+01 1.200000000000000000e+01 8.485281374238569541e+00 2.983286778035259701e+01 4.275511665286389729e+01 3.661966684720110976e+01 2.801785145224380003e+01 3.189043743820394994e+01 3.008321791298264714e+01 0.000000000000000000e+00 1.700000000000000000e+01 4.304648650006176780e+01 3.157530680769388809e+01 3.466987164671942878e+01 4.204759208325727826e+01 1.612451549659709826e+01 4.045985664828781836e+01 3.443835071544512516e+01 2.828427124746190202e+01
1.923538406167134340e+01 1.220655561573370207e+01 1.264911064067351809e+01 1.500000000000000000e+01 7.000000000000000000e+00 2.469817807045693669e+01 1.910497317454279909e+01 1.204159457879229578e+01 2.080865204668481283e+01 8.544003745317530374e+00 9.219544457292887074e+00 1.552417469626002422e+01 2.700000000000000000e+01 2.280350850198275836e+01 2.441311123146740414e+01 1.581138830084189628e+01 1.334166406412633421e+01 1.700000000000000000e+01 0.000000000000000000e+00 2.973213749463701205e+01 2.469817807045693669e+01 2.137755832643194864e+01 2.765863337187866122e+01 1.878829422805593552e+01 2.408318915758459156e+01 2.300000000000000000e+01 1.360147050873544394e+01
4.244997055358224713e+01 2.900000000000000000e+01 3.255764119219941222e+01 4.428317965096906050e+01 3.275667870831839679e+01 3.443835071544512516e+01 1.500000000000000000e+01 2.758622844826744469e+01 2.459674775249768786e+01 3.106444913401813324e+01 3.785498646149540036e+01 3.465544690232691494e+01 1.004987562112088995e+01 3.883297567789519888e+01 5.161395160225576006e+01 2.983286778035259701e+01 1.984943324127920761e+01 4.304648650006176780e+01 2.973213749463701205e+01 0.000000000000000000e+00 4.957822102496216132e+01 3.920459156782531807e+01 4.123105625617660586e+00 4.846648326421053810e+01 3.046309242345563462e+01 4.327817001676480402e+01 1.615549442140351033e+01
7.211102550927978250e+00 2.061552812808830382e+01 1.702938636592640265e+01 1.431782106327635340e+01 1.835755975068581947e+01 2.209072203437452231e+01 3.500000000000000000e+01 2.202271554554523902e+01 2.823118842698620767e+01 3.157530680769388809e+01 2.500000000000000000e+01 1.526433752247374720e+01 4.272001872658765365e+01 1.503329637837290811e+01 5.830951894845300743e+00 2.059126028197400160e+01 2.973213749463701205e+01 3.157530680769388809e+01 2.469817807045693669e+01 4.957822102496216132e+01 0.000000000000000000e+00 1.315294643796590535e+01 4.622769732530488085e+01 1.700000000000000000e+01 2.549509756796392423e+01 9.000000000000000000e+00 3.482814953453599571e+01
7.280109889280518054e+00 1.140175425099137918e+01 9.000000000000000000e+00 2.000000000000000000e+01 1.456021977856103611e+01 9.000000000000000000e+00 2.420743687382040932e+01 1.264911064067351809e+01 1.581138830084189628e+01 2.983286778035259701e+01 2.641968962724581260e+01 6.000000000000000000e+00 3.114482300479487265e+01 2.236067977499789805e+00 1.802775637731994607e+01 9.433981132056603158e+00 2.012461179749810825e+01 3.466987164671942878e+01 2.137755832643194864e+01 3.920459156782531807e+01 1.315294643796590535e+01 0.000000000000000000e+00 3.546829570193639825e+01 2.469817807045693669e+01 1.236931687685298087e+01 4.472135954999579610e+00 2.657066051117284644e+01
3.905124837953326988e+01 2.561249694973139412e+01 2.920616373302046753e+01 4.178516483155235761e+01 2.996664812754339380e+01 3.041381265149109936e+01 1.131370849898476116e+01 2.420743687382040932e+01 2.059126028197400160e+01 3.006659275674581622e+01 3.622154055254966920e+01 3.114482300479487265e+01 6.000000000000000000e+00 3.500000000000000000e+01 4.854894437575342181e+01 2.617250465660480074e+01 1.664331697709323876e+01 4.204759208325727826e+01 2.765863337187866122e+01 4.123105625617660586e+00 4.622769732530488085e+01 3.546829570193639825e+01 0.000000000000000000e+00 4.617358552246078318e+01 2.640075756488817049e+01 3.962322551231790158e+01 1.414213562373095101e+01
1.780449381476485726e+01 2.408318915758459156e+01 2.137755832643194864e+01 5.099019513592784492e+00 1.702938636592640265e+01 3.269556544854363267e+01 3.649657518178931781e+01 2.501999200639360765e+01 3.423448553724738019e+01 2.126029162546929996e+01 1.280624847486569706e+01 2.213594362117865444e+01 4.472135954999579610e+01 2.692582403567251959e+01 1.236931687685298087e+01 2.647640458974745314e+01 3.041381265149109936e+01 1.612451549659709826e+01 1.878829422805593552e+01 4.846648326421053810e+01 1.700000000000000000e+01 2.469817807045693669e+01 4.617358552246078318e+01 0.000000000000000000e+00 3.448187929913333249e+01 2.267156809750926882e+01 3.231098884280702066e+01
1.902629759044044633e+01 1.204159457879229578e+01 1.341640786499873883e+01 2.941088233970548416e+01 1.941648783894759944e+01 4.242640687119284770e+00 1.627882059609970611e+01 1.204159457879229578e+01 6.082762530298219339e+00 3.220248437620923454e+01 3.201562118716424266e+01 1.236931687685298087e+01 2.109502310972898798e+01 1.077032961426900748e+01 3.006659275674581622e+01 8.602325267042626677e+00 1.529705854077835525e+01 4.045985664828781836e+01 2.408318915758459156e+01 3.046309242345563462e+01 2.549509756796392423e+01 1.236931687685298087e+01 2.640075756488817049e+01 3.448187929913333249e+01 0.000000000000000000e+00 1.676305461424021104e+01 2.220360331117451835e+01
5.000000000000000000e+00 1.476482306023340030e+01 1.170469991071962568e+01 1.843908891458577415e+01 1.600000000000000000e+01 1.315294643796590535e+01 2.831960451701259274e+01 1.612451549659709826e+01 2.024845673131658685e+01 3.114482300479487265e+01 2.657066051117284644e+01 8.944271909999159220e+00 3.546829570193639825e+01 6.082762530298219339e+00 1.431782106327635340e+01 1.345362404707370985e+01 2.385372088375312671e+01 3.443835071544512516e+01 2.300000000000000000e+01 4.327817001676480402e+01 9.000000000000000000e+00 4.472135954999579610e+00 3.962322551231790158e+01 2.267156809750926882e+01 1.676305461424021104e+01 0.000000000000000000e+00 2.996664812754339380e+01
2.801785145224380003e+01 1.523154621172781731e+01 1.835755975068581947e+01 2.817800560721074277e+01 1.702938636592640265e+01 2.500000000000000000e+01 8.485281374238569541e+00 1.392838827718411920e+01 1.649242250247064234e+01 1.649242250247064234e+01 2.209072203437452231e+01 2.102379604162863913e+01 1.456021977856103611e+01 2.692582403567251959e+01 3.612478373637688378e+01 1.746424919657297892e+01 7.000000000000000000e+00 2.828427124746190202e+01 1.360147050873544394e+01 1.615549442140351033e+01 3.482814953453599571e+01 2.657066051117284644e+01 1.414213562373095101e+01 3.231098884280702066e+01 2.220360331117451835e+01 2.996664812754339380e+01 0.000000000000000000e+00
