0.000000000000000000e+00 2.360084744241189370e+01 7.615773105863908654e+00 1.555634918610404505e+01 5.830951894845300743e+00 5.000000000000000000e+00 8.544003745317530374e+00 2.915475947422650194e+01 2.968164415931165934e+01 2.501999200639360765e+01 2.596150997149434048e+01 3.228002478313794654e+01 3.860051813123756403e+01 2.408318915758459156e+01 3.157530680769388809e+01 1.923538406167134340e+01 2.596150997149434048e+01 1.303840481040529831e+01 1.456021977856103611e+01 1.941648783894759944e+01 2.758622844826744469e+01 2.400000000000000000e+01 5.099019513592784492e+00 1.788854381999831844e+01 1.746424919657297892e+01 1.118033988749894903e+01 2.308679276123039159e+01
2.360084744241189370e+01 0.000000000000000000e+00 2.308679276123039159e+01 8.544003745317530374e+00 1.835755975068581947e+01 2.778488797889960793e+01 3.190611226708763226e+01 1.170469991071962568e+01 6.324555320336759046e+00 1.615549442140351033e+01 9.219544457292887074e+00 1.972308292331602075e+01 1.746424919657297892e+01 1.972308292331602075e+01 3.023243291566194912e+01 1.100000000000000000e+01 1.627882059609970611e+01 3.080584360149872580e+01 1.500000000000000000e+01 1.581138830084189628e+01 5.099019513592784492e+00 1.486606874731850603e+01 1.910497317454279909e+01 2.707397274136176790e+01 1.529705854077835525e+01 2.121320343559642652e+01 1.649242250247064234e+01
7.615773105863908654e+00 2.308679276123039159e+01 0.000000000000000000e+00 1.456021977856103611e+01 6.324555320336759046e+00 7.280109889280518054e+00 1.118033988749894903e+01 2.545584412271571040e+01 2.941088233970548416e+01 2.912043955712207222e+01 2.800000000000000000e+01 2.683281572999747766e+01 3.538361202590826338e+01 1.772004514666934938e+01 2.418677324489564739e+01 2.236067977499789805e+01 2.059126028197400160e+01 8.000000000000000000e+00 9.899494936611665352e+00 1.389244398944980396e+01 2.594224354214569317e+01 2.789265136196270589e+01 1.000000000000000000e+01 1.029563014098700080e+01 1.220655561573370207e+01 4.123105625617660586e+00 2.751363298439520833e+01
1.555634918610404505e+01 8.544003745317530374e+00 1.456021977856103611e+01 0.000000000000000000e+00 1.000000000000000000e+01 1.941648783894759944e+01 2.360084744241189370e+01 1.456021977856103611e+01 1.486606874731850603e+01 1.843908891458577415e+01 1.456021977856103611e+01 2.009975124224177989e+01 2.332380757938120297e+01 1.581138830084189628e+01 2.624880949681337583e+01 1.131370849898476116e+01 1.456021977856103611e+01 2.236067977499789805e+01 7.615773105863908654e+00 1.063014581273464998e+01 1.204159457879229578e+01 1.702938636592640265e+01 1.166190378969060149e+01 1.964688270438849926e+01 9.219544457292887074e+00 1.300000000000000000e+01 1.769180601295413169e+01
5.830951894845300743e+00 1.835755975068581947e+01 6.324555320336759046e+00 1.000000000000000000e+01 0.000000000000000000e+00 9.433981132056603158e+00 1.360147050873544394e+01 2.332380757938120297e+01 2.459674775249768786e+01 2.280350850198275836e+01 2.209072203437452231e+01 2.668332812825266842e+01 3.280243893371345365e+01 1.902629759044044633e+01 2.751363298439520833e+01 1.612451549659709826e+01 2.039607805437113797e+01 1.414213562373095101e+01 9.055385138137417300e+00 1.403566884761819900e+01 2.202271554554523902e+01 2.158703314492290204e+01 4.472135954999579610e+00 1.555634918610404505e+01 1.204159457879229578e+01 7.810249675906653977e+00 2.118962010041709121e+01
5.000000000000000000e+00 2.778488797889960793e+01 7.280109889280518054e+00 1.941648783894759944e+01 9.433981132056603158e+00 0.000000000000000000e+00 4.242640687119284770e+00 3.201562118716424266e+01 3.400000000000000000e+01 3.001666203960726875e+01 3.080584360149872580e+01 3.401470270338990076e+01 4.177319714841084419e+01 2.500000000000000000e+01 3.101612483854164637e+01 2.418677324489564739e+01 2.773084924772409465e+01 9.219544457292887074e+00 1.664331697709323876e+01 2.102379604162863913e+01 3.140063693621516450e+01 2.900000000000000000e+01 1.004987562112088995e+01 1.627882059609970611e+01 1.923538406167134340e+01 1.140175425099137918e+01 2.807133769523639799e+01
8.544003745317530374e+00 3.190611226708763226e+01 1.118033988749894903e+01 2.360084744241189370e+01 1.360147050873544394e+01 4.242640687119284770e+00 0.000000000000000000e+00 3.623534186398687496e+01 3.807886552931954327e+01 3.306055050963308162e+01 3.448187929913333249e+01 3.801315561749642313e+01 4.601086828130936368e+01 2.879236009777593708e+01 3.405877273185280529e+01 2.765863337187866122e+01 3.176476034853718033e+01 1.044030650891055068e+01 2.080865204668481283e+01 2.505992817228333536e+01 3.560898762952971452e+01 3.214031735997639316e+01 1.360147050873544394e+01 1.900000000000000000e+01 2.332380757938120297e+01 1.523154621172781731e+01 3.101612483854164637e+01
2.915475947422650194e+01 1.170469991071962568e+01 2.545584412271571040e+01 1.456021977856103611e+01 2.332380757938120297e+01 3.201562118716424266e+01 3.623534186398687496e+01 0.000000000000000000e+00 1.345362404707370985e+01 2.785677655436823841e+01 2.059126028197400160e+01 8.485281374238569541e+00 1.000000000000000000e+01 1.303840481040529831e+01 2.184032966784155505e+01 2.236067977499789805e+01 8.000000000000000000e+00 3.162277660168379256e+01 1.555634918610404505e+01 1.252996408614166768e+01 7.810249675906653977e+00 2.657066051117284644e+01 2.600000000000000000e+01 2.469817807045693669e+01 1.360147050873544394e+01 2.202271554554523902e+01 2.816025568065744622e+01
2.968164415931165934e+01 6.324555320336759046e+00 2.941088233970548416e+01 1.486606874731850603e+01 2.459674775249768786e+01 3.400000000000000000e+01 3.807886552931954327e+01 1.345362404707370985e+01 0.000000000000000000e+00 1.700000000000000000e+01 9.000000000000000000e+00 2.193171219946130890e+01 1.513274595042155646e+01 2.435159132377184221e+01 3.443835071544512516e+01 1.431782106327635340e+01 2.012461179749810825e+01 3.710795063055894616e+01 2.109502310972898798e+01 2.121320343559642652e+01 5.830951894845300743e+00 1.603121954188139853e+01 2.500000000000000000e+01 3.300000000000000000e+01 2.102379604162863913e+01 2.745906043549196340e+01 1.811077027627483460e+01
2.501999200639360765e+01 1.615549442140351033e+01 2.912043955712207222e+01 1.843908891458577415e+01 2.280350850198275836e+01 3.001666203960726875e+01 3.306055050963308162e+01 2.785677655436823841e+01 1.700000000000000000e+01 0.000000000000000000e+00 8.000000000000000000e+00 3.577708763999663688e+01 3.206243908376279705e+01 3.397057550292606010e+01 4.455333881989092504e+01 7.211102550927978250e+00 3.162277660168379256e+01 3.687817782917154830e+01 2.580697580112788003e+01 2.900000000000000000e+01 2.061552812808830382e+01 1.414213562373095145e+00 2.009975124224177989e+01 3.712142238654116966e+01 2.765863337187866122e+01 2.954657340538831534e+01 2.236067977499789805e+00
2.596150997149434048e+01 9.219544457292887074e+00 2.800000000000000000e+01 1.456021977856103611e+01 2.209072203437452231e+01 3.080584360149872580e+01 3.448187929913333249e+01 2.059126028197400160e+01 9.000000000000000000e+00 8.000000000000000000e+00 0.000000000000000000e+00 2.884441020371191300e+01 2.408318915758459156e+01 2.860069929215018192e+01 3.920459156782531807e+01 7.211102550927978250e+00 2.545584412271571040e+01 3.600000000000000000e+01 2.213594362117865444e+01 2.418677324489564739e+01 1.300000000000000000e+01 7.071067811865475505e+00 2.088061301782110135e+01 3.420526275297414287e+01 2.325940669922601600e+01 2.729468812791236232e+01 9.219544457292887074e+00
3.228002478313794654e+01 1.972308292331602075e+01 2.683281572999747766e+01 2.009975124224177989e+01 2.668332812825266842e+01 3.401470270338990076e+01 3.801315561749642313e+01 8.485281374238569541e+00 2.193171219946130890e+01 3.577708763999663688e+01 2.884441020371191300e+01 0.000000000000000000e+00 1.400000000000000000e+01 9.899494936611665352e+00 1.500000000000000000e+01 2.973213749463701205e+01 6.324555320336759046e+00 3.124099870362661591e+01 1.772004514666934938e+01 1.300000000000000000e+01 1.627882059609970611e+01 3.443835071544512516e+01 3.026549190084311292e+01 2.267156809750926882e+01 1.486606874731850603e+01 2.282542442102665348e+01 3.584689665786984136e+01
3.860051813123756403e+01 1.746424919657297892e+01 3.538361202590826338e+01 2.332380757938120297e+01 3.280243893371345365e+01 4.177319714841084419e+01 4.601086828130936368e+01 1.000000000000000000e+01 1.513274595042155646e+01 3.206243908376279705e+01 2.408318915758459156e+01 1.400000000000000000e+01 0.000000000000000000e+00 2.213594362117865444e+01 2.900000000000000000e+01 2.828427124746190202e+01 1.708800749063506075e+01 4.161730409336962566e+01 2.549509756796392423e+01 2.247220505424423109e+01 1.236931687685298087e+01 3.101612483854164637e+01 3.498571136907180090e+01 3.443835071544512516e+01 2.360084744241189370e+01 3.201562118716424266e+01 3.300000000000000000e+01
2.408318915758459156e+01 1.972308292331602075e+01 1.772004514666934938e+01 1.581138830084189628e+01 1.902629759044044633e+01 2.500000000000000000e+01 2.879236009777593708e+01 1.303840481040529831e+01 2.435159132377184221e+01 3.397057550292606010e+01 2.860069929215018192e+01 9.899494936611665352e+00 2.213594362117865444e+01 0.000000000000000000e+00 1.063014581273464998e+01 2.701851217221259205e+01 5.099019513592784492e+00 2.140093455903269515e+01 1.019803902718556898e+01 5.385164807134503739e+00 1.868154169226940553e+01 3.255764119219941222e+01 2.319482700948640286e+01 1.280624847486569706e+01 7.280109889280518054e+00 1.360147050873544394e+01 3.342154993413680586e+01
3.157530680769388809e+01 3.023243291566194912e+01 2.418677324489564739e+01 2.624880949681337583e+01 2.751363298439520833e+01 3.101612483854164637e+01 3.405877273185280529e+01 2.184032966784155505e+01 3.443835071544512516e+01 4.455333881989092504e+01 3.920459156782531807e+01 1.500000000000000000e+01 2.900000000000000000e+01 1.063014581273464998e+01 0.000000000000000000e+00 3.753664875824691904e+01 1.431782106327635340e+01 2.451530134426252516e+01 1.972308292331602075e+01 1.562049935181330795e+01 2.863564212655270680e+01 4.313930922024598402e+01 3.195309061734091571e+01 1.513274595042155646e+01 1.720465053408525335e+01 2.039607805437113797e+01 4.393176527297759293e+01
1.923538406167134340e+01 1.100000000000000000e+01 2.236067977499789805e+01 1.131370849898476116e+01 1.612451549659709826e+01 2.418677324489564739e+01 2.765863337187866122e+01 2.236067977499789805e+01 1.431782106327635340e+01 7.211102550927978250e+00 7.211102550927978250e+00 2.973213749463701205e+01 2.828427124746190202e+01 2.701851217221259205e+01 3.753664875824691904e+01 0.000000000000000000e+00 2.505992817228333536e+01 3.026549190084311292e+01 1.860107523773827509e+01 2.193171219946130890e+01 1.603121954188139853e+01 5.830951894845300743e+00 1.414213562373095101e+01 2.996664812754339380e+01 2.051828452868319275e+01 2.247220505424423109e+01 6.403124237432848531e+00
2.596150997149434048e+01 1.627882059609970611e+01 2.059126028197400160e+01 1.456021977856103611e+01 2.039607805437113797e+01 2.773084924772409465e+01 3.176476034853718033e+01 8.000000000000000000e+00 2.012461179749810825e+01 3.162277660168379256e+01 2.545584412271571040e+01 6.324555320336759046e+00 1.708800749063506075e+01 5.099019513592784492e+00 1.431782106327635340e+01 2.505992817228333536e+01 0.000000000000000000e+00 2.545584412271571040e+01 1.140175425099137918e+01 6.708203932499369415e+00 1.431782106327635340e+01 3.023243291566194912e+01 2.408318915758459156e+01 1.749285568453590045e+01 8.544003745317530374e+00 1.664331697709323876e+01 3.138470965295043058e+01
1.303840481040529831e+01 3.080584360149872580e+01 8.000000000000000000e+00 2.236067977499789805e+01 1.414213562373095101e+01 9.219544457292887074e+00 1.044030650891055068e+01 3.162277660168379256e+01 3.710795063055894616e+01 3.687817782917154830e+01 3.600000000000000000e+01 3.124099870362661591e+01 4.161730409336962566e+01 2.140093455903269515e+01 2.451530134426252516e+01 3.026549190084311292e+01 2.545584412271571040e+01 0.000000000000000000e+00 1.655294535724684835e+01 1.920937271229854559e+01 3.324154027718932269e+01 3.569313659514949677e+01 1.708800749063506075e+01 9.486832980505138124e+00 1.802775637731994607e+01 9.848857801796103928e+00 3.517101079013794873e+01
1.456021977856103611e+01 1.500000000000000000e+01 9.899494936611665352e+00 7.615773105863908654e+00 9.055385138137417300e+00 1.664331697709323876e+01 2.080865204668481283e+01 1.555634918610404505e+01 2.109502310972898798e+01 2.580697580112788003e+01 2.213594362117865444e+01 1.772004514666934938e+01 2.549509756796392423e+01 1.019803902718556898e+01 1.972308292331602075e+01 1.860107523773827509e+01 1.140175425099137918e+01 1.655294535724684835e+01 0.000000000000000000e+00 5.000000000000000000e+00 1.676305461424021104e+01 2.441311123146740414e+01 1.303840481040529831e+01 1.216552506059643868e+01 3.000000000000000000e+00 6.708203932499369415e+00 2.483948469674844262e+01
1.941648783894759944e+01 1.581138830084189628e+01 1.389244398944980396e+01 1.063014581273464998e+01 1.403566884761819900e+01 2.102379604162863913e+01 2.505992817228333536e+01 1.252996408614166768e+01 2.121320343559642652e+01 2.900000000000000000e+01 2.418677324489564739e+01 1.300000000000000000e+01 2.247220505424423109e+01 5.385164807134503739e+00 1.562049935181330795e+01 2.193171219946130890e+01 6.708203932499369415e+00 1.920937271229854559e+01 5.000000000000000000e+00 0.000000000000000000e+00 1.600000000000000000e+01 2.758622844826744469e+01 1.802775637731994607e+01 1.236931687685298087e+01 2.000000000000000000e+00 1.000000000000000000e+01 2.831960451701259274e+01
2.758622844826744469e+01 5.099019513592784492e+00 2.594224354214569317e+01 1.204159457879229578e+01 2.202271554554523902e+01 3.140063693621516450e+01 3.560898762952971452e+01 7.810249675906653977e+00 5.830951894845300743e+00 2.061552812808830382e+01 1.300000000000000000e+01 1.627882059609970611e+01 1.236931687685298087e+01 1.868154169226940553e+01 2.863564212655270680e+01 1.603121954188139853e+01 1.431782106327635340e+01 3.324154027718932269e+01 1.676305461424021104e+01 1.600000000000000000e+01 0.000000000000000000e+00 1.941648783894759944e+01 2.343074902771996193e+01 2.816025568065744622e+01 1.612451549659709826e+01 2.340939982143925135e+01 2.121320343559642652e+01
2.400000000000000000e+01 1.486606874731850603e+01 2.789265136196270589e+01 1.702938636592640265e+01 2.158703314492290204e+01 2.900000000000000000e+01 3.214031735997639316e+01 2.657066051117284644e+01 1.603121954188139853e+01 1.414213562373095145e+00 7.071067811865475505e+00 3.443835071544512516e+01 3.101612483854164637e+01 3.255764119219941222e+01 4.313930922024598402e+01 5.830951894845300743e+00 3.023243291566194912e+01 3.569313659514949677e+01 2.441311123146740414e+01 2.758622844826744469e+01 1.941648783894759944e+01 0.000000000000000000e+00 1.902629759044044633e+01 3.577708763999663688e+01 2.624880949681337583e+01 2.823118842698620767e+01 2.236067977499789805e+00
5.099019513592784492e+00 1.910497317454279909e+01 1.000000000000000000e+01 1.166190378969060149e+01 4.472135954999579610e+00 1.004987562112088995e+01 1.360147050873544394e+01 2.600000000000000000e+01 2.500000000000000000e+01 2.009975124224177989e+01 2.088061301782110135e+01 3.026549190084311292e+01 3.498571136907180090e+01 2.319482700948640286e+01 3.195309061734091571e+01 1.414213562373095101e+01 2.408318915758459156e+01 1.708800749063506075e+01 1.303840481040529831e+01 1.802775637731994607e+01 2.343074902771996193e+01 1.902629759044044633e+01 0.000000000000000000e+00 1.984943324127920761e+01 1.603121954188139853e+01 1.220655561573370207e+01 1.824828759089465890e+01
1.788854381999831844e+01 2.707397274136176790e+01 1.029563014098700080e+01 1.964688270438849926e+01 1.555634918610404505e+01 1.627882059609970611e+01 1.900000000000000000e+01 2.469817807045693669e+01 3.300000000000000000e+01 3.712142238654116966e+01 3.420526275297414287e+01 2.267156809750926882e+01 3.443835071544512516e+01 1.280624847486569706e+01 1.513274595042155646e+01 2.996664812754339380e+01 1.749285568453590045e+01 9.486832980505138124e+00 1.216552506059643868e+01 1.236931687685298087e+01 2.816025568065744622e+01 3.577708763999663688e+01 1.984943324127920761e+01 0.000000000000000000e+00 1.204159457879229578e+01 7.810249675906653977e+00 3.584689665786984136e+01
1.746424919657297892e+01 1.529705854077835525e+01 1.220655561573370207e+01 9.219544457292887074e+00 1.204159457879229578e+01 1.923538406167134340e+01 2.332380757938120297e+01 1.360147050873544394e+01 2.102379604162863913e+01 2.765863337187866122e+01 2.325940669922601600e+01 1.486606874731850603e+01 2.360084744241189370e+01 7.280109889280518054e+00 1.720465053408525335e+01 2.051828452868319275e+01 8.544003745317530374e+00 1.802775637731994607e+01 3.000000000000000000e+00 2.000000000000000000e+00 1.612451549659709826e+01 2.624880949681337583e+01 1.603121954188139853e+01 1.204159457879229578e+01 0.000000000000000000e+00 8.485281374238569541e+00 2.687005768508880621e+01
1.118033988749894903e+01 2.121320343559642652e+01 4.123105625617660586e+00 1.300000000000000000e+01 7.810249675906653977e+00 1.140175425099137918e+01 1.523154621172781731e+01 2.202271554554523902e+01 2.745906043549196340e+01 2.954657340538831534e+01 2.729468812791236232e+01 2.282542442102665348e+01 3.201562118716424266e+01 1.360147050873544394e+01 2.039607805437113797e+01 2.247220505424423109e+01 1.664331697709323876e+01 9.848857801796103928e+00 6.708203932499369415e+00 1.000000000000000000e+01 2.340939982143925135e+01 2.823118842698620767e+01 1.220655561573370207e+01 7.810249675906653977e+00 8.485281374238569541e+00 0.000000000000000000e+00 2.817800560721074277e+01
2.308679276123039159e+01 1.649242250247064234e+01 2.751363298439520833e+01 1.769180601295413169e+01 2.118962010041709121e+01 2.807133769523639799e+01 3.101612483854164637e+01 2.816025568065744622e+01 1.811077027627483460e+01 2.236067977499789805e+00 9.219544457292887074e+00 3.584689665786984136e+01 3.300000000000000000e+01 3.342154993413680586e+01 4.393176527297759293e+01 6.403124237432848531e+00 3.138470965295043058e+01 3.517101079013794873e+01 2.483948469674844262e+01 2.831960451701259274e+01 2.121320343559642652e+01 2.236067977499789805e+00 1.824828759089465890e+01 3.584689665786984136e+01 2.687005768508880621e+01 2.817800560721074277e+01 0.000000000000000000e+00
