0.000000000000000000e+00 2.267156809750926882e+01 1.523154621172781731e+01 1.788854381999831844e+01 1.802775637731994607e+01 1.746424919657297892e+01 2.385372088375312671e+01 1.236931687685298087e+01 2.000000000000000000e+01 1.100000000000000000e+01 1.000000000000000000e+01 1.280624847486569706e+01 1.389244398944980396e+01 1.802775637731994607e+01 1.941648783894759944e+01 1.811077027627483460e+01 2.828427124746190291e+00 2.236067977499789805e+00 1.910497317454279909e+01 1.077032961426900748e+01 1.486606874731850603e+01
2.267156809750926882e+01 0.000000000000000000e+00 3.701351104664349378e+01 3.228002478313794654e+01 3.080584360149872580e+01 1.100000000000000000e+01 6.403124237432848531e+00 2.022374841615668473e+01 3.162277660168379523e+00 3.176476034853718033e+01 3.023243291566194912e+01 2.404163056034261459e+01 9.433981132056603158e+00 5.385164807134503739e+00 3.640054944640259293e+01 3.624913792078371699e+01 2.302172886644267535e+01 2.475883680627989492e+01 3.001666203960726875e+01 2.158703314492290204e+01 2.022374841615668473e+01
1.523154621172781731e+01 3.701351104664349378e+01 0.000000000000000000e+00 1.414213562373095101e+01 1.603121954188139853e+01 2.920616373302046753e+01 3.894868418830089496e+01 2.617250465660480074e+01 3.405877273185280529e+01 1.486606874731850603e+01 7.211102550927978250e+00 1.708800749063506075e+01 2.765863337187866122e+01 3.189043743820394994e+01 1.118033988749894903e+01 8.944271909999159220e+00 1.649242250247064234e+01 1.300000000000000000e+01 2.886173937932362321e+01 2.408318915758459156e+01 2.193171219946130890e+01
1.788854381999831844e+01 3.228002478313794654e+01 1.414213562373095101e+01 0.000000000000000000e+00 2.236067977499789805e+00 2.193171219946130890e+01 3.634556369077249371e+01 3.008321791298264714e+01 2.912043955712207222e+01 2.483948469674844262e+01 1.000000000000000000e+01 8.246211251235321171e+00 2.334523505985750447e+01 2.692582403567251959e+01 5.000000000000000000e+00 6.324555320336759046e+00 2.059126028197400160e+01 1.664331697709323876e+01 3.661966684720110976e+01 2.863564212655270680e+01 1.252996408614166768e+01
1.802775637731994607e+01 3.080584360149872580e+01 1.603121954188139853e+01 2.236067977499789805e+00 0.000000000000000000e+00 2.024845673131658685e+01 3.512833614050059339e+01 2.996664812754339380e+01 2.765863337187866122e+01 2.580697580112788003e+01 1.118033988749894903e+01 7.000000000000000000e+00 2.209072203437452231e+01 2.549509756796392423e+01 7.211102550927978250e+00 8.544003745317530374e+00 2.080865204668481283e+01 1.702938636592640265e+01 3.701351104664349378e+01 2.865309756378880479e+01 1.077032961426900748e+01
1.746424919657297892e+01 1.100000000000000000e+01 2.920616373302046753e+01 2.193171219946130890e+01 2.024845673131658685e+01 0.000000000000000000e+00 1.649242250247064234e+01 2.154065922853801496e+01 8.062257748298549132e+00 2.828427124746190202e+01 2.202271554554523902e+01 1.389244398944980396e+01 5.830951894845300743e+00 6.324555320336759046e+00 2.641968962724581260e+01 2.662705391138869615e+01 1.910497317454279909e+01 1.897366596101027625e+01 3.162277660168379256e+01 2.184032966784155505e+01 9.486832980505138124e+00
2.385372088375312671e+01 6.403124237432848531e+00 3.894868418830089496e+01 3.634556369077249371e+01 3.512833614050059339e+01 1.649242250247064234e+01 0.000000000000000000e+00 1.788854381999831844e+01 8.544003745317530374e+00 3.124099870362661591e+01 3.269556544854363267e+01 2.816025568065744622e+01 1.303840481040529831e+01 1.019803902718556898e+01 4.002499219237900263e+01 3.956008088970496317e+01 2.343074902771996193e+01 2.607680962081059661e+01 2.668332812825266842e+01 1.972308292331602075e+01 2.501999200639360765e+01
1.236931687685298087e+01 2.022374841615668473e+01 2.617250465660480074e+01 3.008321791298264714e+01 2.996664812754339380e+01 2.154065922853801496e+01 1.788854381999831844e+01 0.000000000000000000e+00 1.900000000000000000e+01 1.442220510185595650e+01 2.220360331117451835e+01 2.385372088375312671e+01 1.581138830084189628e+01 1.811077027627483460e+01 3.178049716414140846e+01 3.041381265149109936e+01 1.004987562112088995e+01 1.414213562373095101e+01 1.019803902718556898e+01 2.236067977499789805e+00 2.404163056034261459e+01
2.000000000000000000e+01 3.162277660168379523e+00 3.405877273185280529e+01 2.912043955712207222e+01 2.765863337187866122e+01 8.062257748298549132e+00 8.544003745317530374e+00 1.900000000000000000e+01 0.000000000000000000e+00 2.954657340538831534e+01 2.720294101747088789e+01 2.088061301782110135e+01 6.403124237432848531e+00 2.236067977499789805e+00 3.324154027718932269e+01 3.310589071449369669e+01 2.059126028197400160e+01 2.202271554554523902e+01 2.906888370749726747e+01 2.009975124224177989e+01 1.711724276862369010e+01
1.100000000000000000e+01 3.176476034853718033e+01 1.486606874731850603e+01 2.483948469674844262e+01 2.580697580112788003e+01 2.828427124746190202e+01 3.124099870362661591e+01 1.442220510185595650e+01 2.954657340538831534e+01 0.000000000000000000e+00 1.486606874731850603e+01 2.247220505424423109e+01 2.404163056034261459e+01 2.785677655436823841e+01 2.420743687382040932e+01 2.220360331117451835e+01 9.219544457292887074e+00 1.019803902718556898e+01 1.414213562373095101e+01 1.220655561573370207e+01 2.549509756796392423e+01
1.000000000000000000e+01 3.023243291566194912e+01 7.211102550927978250e+00 1.000000000000000000e+01 1.118033988749894903e+01 2.202271554554523902e+01 3.269556544854363267e+01 2.220360331117451835e+01 2.720294101747088789e+01 1.486606874731850603e+01 0.000000000000000000e+00 1.019803902718556898e+01 2.080865204668481283e+01 2.500000000000000000e+01 9.848857801796103928e+00 8.246211251235321171e+00 1.216552506059643868e+01 8.062257748298549132e+00 2.729468812791236232e+01 2.039607805437113797e+01 1.486606874731850603e+01
1.280624847486569706e+01 2.404163056034261459e+01 1.708800749063506075e+01 8.246211251235321171e+00 7.000000000000000000e+00 1.389244398944980396e+01 2.816025568065744622e+01 2.385372088375312671e+01 2.088061301782110135e+01 2.247220505424423109e+01 1.019803902718556898e+01 0.000000000000000000e+00 1.513274595042155646e+01 1.868154169226940553e+01 1.252996408614166768e+01 1.280624847486569706e+01 1.562049935181330795e+01 1.252996408614166768e+01 3.182766092567909766e+01 2.280350850198275836e+01 5.000000000000000000e+00
1.389244398944980396e+01 9.433981132056603158e+00 2.765863337187866122e+01 2.334523505985750447e+01 2.209072203437452231e+01 5.830951894845300743e+00 1.303840481040529831e+01 1.581138830084189628e+01 6.403124237432848531e+00 2.404163056034261459e+01 2.080865204668481283e+01 1.513274595042155646e+01 0.000000000000000000e+00 4.242640687119284770e+00 2.720294101747088789e+01 2.692582403567251959e+01 1.486606874731850603e+01 1.581138830084189628e+01 2.596150997149434048e+01 1.627882059609970611e+01 1.216552506059643868e+01
1.802775637731994607e+01 5.385164807134503739e+00 3.189043743820394994e+01 2.692582403567251959e+01 2.549509756796392423e+01 6.324555320336759046e+00 1.019803902718556898e+01 1.811077027627483460e+01 2.236067977499789805e+00 2.785677655436823841e+01 2.500000000000000000e+01 1.868154169226940553e+01 4.242640687119284770e+00 0.000000000000000000e+00 3.101612483854164637e+01 3.087069808086626210e+01 1.878829422805593552e+01 2.000000000000000000e+01 2.828427124746190202e+01 1.900000000000000000e+01 1.503329637837290811e+01
1.941648783894759944e+01 3.640054944640259293e+01 1.118033988749894903e+01 5.000000000000000000e+00 7.211102550927978250e+00 2.641968962724581260e+01 4.002499219237900263e+01 3.178049716414140846e+01 3.324154027718932269e+01 2.420743687382040932e+01 9.848857801796103928e+00 1.252996408614166768e+01 2.720294101747088789e+01 3.101612483854164637e+01 0.000000000000000000e+00 2.236067977499789805e+00 2.184032966784155505e+01 1.772004514666934938e+01 3.712142238654116966e+01 3.008321791298264714e+01 1.720465053408525335e+01
1.811077027627483460e+01 3.624913792078371699e+01 8.944271909999159220e+00 6.324555320336759046e+00 8.544003745317530374e+00 2.662705391138869615e+01 3.956008088970496317e+01 3.041381265149109936e+01 3.310589071449369669e+01 2.220360331117451835e+01 8.246211251235321171e+00 1.280624847486569706e+01 2.692582403567251959e+01 3.087069808086626210e+01 2.236067977499789805e+00 0.000000000000000000e+00 2.039607805437113797e+01 1.627882059609970611e+01 3.534119409414458346e+01 2.863564212655270680e+01 1.769180601295413169e+01
2.828427124746190291e+00 2.302172886644267535e+01 1.649242250247064234e+01 2.059126028197400160e+01 2.080865204668481283e+01 1.910497317454279909e+01 2.343074902771996193e+01 1.004987562112088995e+01 2.059126028197400160e+01 9.219544457292887074e+00 1.216552506059643868e+01 1.562049935181330795e+01 1.486606874731850603e+01 1.878829422805593552e+01 2.184032966784155505e+01 2.039607805437113797e+01 0.000000000000000000e+00 4.123105625617660586e+00 1.627882059609970611e+01 8.246211251235321171e+00 1.746424919657297892e+01
2.236067977499789805e+00 2.475883680627989492e+01 1.300000000000000000e+01 1.664331697709323876e+01 1.702938636592640265e+01 1.897366596101027625e+01 2.607680962081059661e+01 1.414213562373095101e+01 2.202271554554523902e+01 1.019803902718556898e+01 8.062257748298549132e+00 1.252996408614166768e+01 1.581138830084189628e+01 2.000000000000000000e+01 1.772004514666934938e+01 1.627882059609970611e+01 4.123105625617660586e+00 0.000000000000000000e+00 2.000000000000000000e+01 1.236931687685298087e+01 1.529705854077835525e+01
1.910497317454279909e+01 3.001666203960726875e+01 2.886173937932362321e+01 3.661966684720110976e+01 3.701351104664349378e+01 3.162277660168379256e+01 2.668332812825266842e+01 1.019803902718556898e+01 2.906888370749726747e+01 1.414213562373095101e+01 2.729468812791236232e+01 3.182766092567909766e+01 2.596150997149434048e+01 2.828427124746190202e+01 3.712142238654116966e+01 3.534119409414458346e+01 1.627882059609970611e+01 2.000000000000000000e+01 0.000000000000000000e+00 9.848857801796103928e+00 3.301514803843835466e+01
1.077032961426900748e+01 2.158703314492290204e+01 2.408318915758459156e+01 2.863564212655270680e+01 2.865309756378880479e+01 2.184032966784155505e+01 1.972308292331602075e+01 2.236067977499789805e+00 2.009975124224177989e+01 1.220655561573370207e+01 2.039607805437113797e+01 2.280350850198275836e+01 1.627882059609970611e+01 1.900000000000000000e+01 3.008321791298264714e+01 2.863564212655270680e+01 8.246211251235321171e+00 1.236931687685298087e+01 9.848857801796103928e+00 0.000000000000000000e+00 2.343074902771996193e+01
1.486606874731850603e+01 2.022374841615668473e+01 2.193171219946130890e+01 1.252996408614166768e+01 1.077032961426900748e+01 9.486832980505138124e+00 2.501999200639360765e+01 2.404163056034261459e+01 1.711724276862369010e+01 2.549509756796392423e+01 1.486606874731850603e+01 5.000000000000000000e+00 1.216552506059643868e+01 1.503329637837290811e+01 1.720465053408525335e+01 1.769180601295413169e+01 1.746424919657297892e+01 1.529705854077835525e+01 3.301514803843835466e+01 2.343074902771996193e+01 0.000000000000000000e+00
