0.000000000000000000e+00 1.431782106327635340e+01 3.220248437620923454e+01 4.304648650006176780e+01 1.503329637837290811e+01 3.047950130825634218e+01 2.906888370749726747e+01 1.565247584249852864e+01 2.416609194718914466e+01 3.231098884280702066e+01 1.264911064067351809e+01 2.863564212655270680e+01 1.900000000000000000e+01 4.159326868617084472e+01 2.039607805437113797e+01 1.200000000000000000e+01 2.844292530665578411e+01 3.966106403010387993e+01 1.140175425099137918e+01 2.109502310972898798e+01 1.920937271229854559e+01 2.236067977499789805e+01 4.242640687119284770e+00 1.746424919657297892e+01 3.405877273185280529e+01 2.451530134426252516e+01
1.431782106327635340e+01 0.000000000000000000e+00 2.267156809750926882e+01 3.397057550292606010e+01 2.220360331117451835e+01 2.668332812825266842e+01 1.562049935181330795e+01 1.303840481040529831e+01 1.063014581273464998e+01 2.193171219946130890e+01 2.236067977499789805e+00 1.664331697709323876e+01 5.830951894845300743e+00 3.182766092567909766e+01 9.219544457292887074e+00 3.605551275463989125e+00 1.414213562373095101e+01 3.140063693621516450e+01 6.708203932499369415e+00 1.456021977856103611e+01 1.811077027627483460e+01 1.746424919657297892e+01 1.700000000000000000e+01 1.720465053408525335e+01 2.061552812808830382e+01 1.280624847486569706e+01
3.220248437620923454e+01 2.267156809750926882e+01 0.000000000000000000e+00 1.131370849898476116e+01 2.801785145224380003e+01 1.272792206135785520e+01 2.716615541441224835e+01 3.560898762952971452e+01 2.500000000000000000e+01 2.236067977499789805e+00 2.475883680627989492e+01 8.062257748298549132e+00 1.720465053408525335e+01 9.433981132056603158e+00 1.345362404707370985e+01 2.202271554554523902e+01 1.902629759044044633e+01 8.944271909999159220e+00 2.109502310972898798e+01 1.140175425099137918e+01 1.702938636592640265e+01 3.894868418830089496e+01 3.623534186398687496e+01 3.982461550347975532e+01 1.300000000000000000e+01 1.029563014098700080e+01
4.304648650006176780e+01 3.397057550292606010e+01 1.131370849898476116e+01 0.000000000000000000e+00 3.667424164178449786e+01 1.702938636592640265e+01 3.668787265568828104e+01 4.686149805543992386e+01 3.534119409414458346e+01 1.220655561573370207e+01 3.606937759374286401e+01 1.835755975068581947e+01 2.842534080710379030e+01 3.000000000000000000e+00 2.475883680627989492e+01 3.330165161069342616e+01 2.846049894151541437e+01 4.000000000000000000e+00 3.220248437620923454e+01 2.195449840010014952e+01 2.596150997149434048e+01 4.992995093127971273e+01 4.716990566028302112e+01 5.108815909777920439e+01 2.022374841615668473e+01 2.140093455903269515e+01
1.503329637837290811e+01 2.220360331117451835e+01 2.801785145224380003e+01 3.667424164178449786e+01 0.000000000000000000e+00 2.061552812808830382e+01 3.753664875824691904e+01 2.961418578992169515e+01 3.264965543462901820e+01 2.915475947422650194e+01 2.195449840010014952e+01 2.846049894151541437e+01 2.343074902771996193e+01 3.622154055254966920e+01 2.195449840010014952e+01 1.860107523773827509e+01 3.360059523282288296e+01 3.275667870831839679e+01 1.562049935181330795e+01 1.746424919657297892e+01 1.100000000000000000e+01 3.613862199918530393e+01 1.843908891458577415e+01 3.214031735997639316e+01 3.546829570193639825e+01 2.507987240796890660e+01
3.047950130825634218e+01 2.668332812825266842e+01 1.272792206135785520e+01 1.702938636592640265e+01 2.061552812808830382e+01 0.000000000000000000e+00 3.649657518178931781e+01 3.921734310225515685e+01 3.306055050963308162e+01 1.486606874731850603e+01 2.816025568065744622e+01 1.878829422805593552e+01 2.302172886644267535e+01 1.746424919657297892e+01 1.900000000000000000e+01 2.435159132377184221e+01 2.912043955712207222e+01 1.303840481040529831e+01 2.193171219946130890e+01 1.216552506059643868e+01 1.131370849898476116e+01 4.414748010928823163e+01 3.471310991541956525e+01 4.308131845707602992e+01 2.523885892824792521e+01 1.843908891458577415e+01
2.906888370749726747e+01 1.562049935181330795e+01 2.716615541441224835e+01 3.668787265568828104e+01 3.753664875824691904e+01 3.649657518178931781e+01 0.000000000000000000e+00 1.902629759044044633e+01 5.000000000000000000e+00 2.531797780234432693e+01 1.664331697709323876e+01 1.910497317454279909e+01 1.476482306023340030e+01 3.383784863137726262e+01 1.802775637731994607e+01 1.910497317454279909e+01 8.246211251235321171e+00 3.569313659514949677e+01 2.193171219946130890e+01 2.529822128134703618e+01 3.130495168499705727e+01 1.746424919657297892e+01 3.067572330035593353e+01 2.236067977499789805e+01 1.700000000000000000e+01 1.811077027627483460e+01
1.565247584249852864e+01 1.303840481040529831e+01 3.560898762952971452e+01 4.686149805543992386e+01 2.961418578992169515e+01 3.921734310225515685e+01 1.902629759044044633e+01 0.000000000000000000e+00 1.552417469626002422e+01 3.471310991541956525e+01 1.118033988749894903e+01 2.900000000000000000e+01 1.843908891458577415e+01 4.459820624195551630e+01 2.220360331117451835e+01 1.486606874731850603e+01 2.284731931759172596e+01 4.440720662234903671e+01 1.746424919657297892e+01 2.731300056749532601e+01 2.942787793912432193e+01 6.708203932499369415e+00 1.486606874731850603e+01 4.242640687119284770e+00 3.138470965295043058e+01 2.549509756796392423e+01
2.416609194718914466e+01 1.063014581273464998e+01 2.500000000000000000e+01 3.534119409414458346e+01 3.264965543462901820e+01 3.306055050963308162e+01 5.000000000000000000e+00 1.552417469626002422e+01 0.000000000000000000e+00 2.340939982143925135e+01 1.166190378969060149e+01 1.708800749063506075e+01 1.044030650891055068e+01 3.264965543462901820e+01 1.414213562373095101e+01 1.414213562373095101e+01 7.810249675906653977e+00 3.383784863137726262e+01 1.702938636592640265e+01 2.137755832643194864e+01 2.692582403567251959e+01 1.562049935181330795e+01 2.596150997149434048e+01 1.931320791582796659e+01 1.697056274847713908e+01 1.513274595042155646e+01
3.231098884280702066e+01 2.193171219946130890e+01 2.236067977499789805e+00 1.220655561573370207e+01 2.915475947422650194e+01 1.486606874731850603e+01 2.531797780234432693e+01 3.471310991541956525e+01 2.340939982143925135e+01 0.000000000000000000e+00 2.408318915758459156e+01 6.324555320336759046e+00 1.627882059609970611e+01 9.899494936611665352e+00 1.280624847486569706e+01 2.163330765278393741e+01 1.711724276862369010e+01 1.044030650891055068e+01 2.102379604162863913e+01 1.204159457879229578e+01 1.824828759089465890e+01 3.773592452822641263e+01 3.624913792078371699e+01 3.894868418830089496e+01 1.077032961426900748e+01 9.219544457292887074e+00
1.264911064067351809e+01 2.236067977499789805e+00 2.475883680627989492e+01 3.606937759374286401e+01 2.195449840010014952e+01 2.816025568065744622e+01 1.664331697709323876e+01 1.118033988749894903e+01 1.166190378969060149e+01 2.408318915758459156e+01 0.000000000000000000e+00 1.886796226411320632e+01 8.062257748298549132e+00 3.397057550292606010e+01 1.131370849898476116e+01 4.000000000000000000e+00 1.603121954188139853e+01 3.342154993413680586e+01 7.071067811865475505e+00 1.615549442140351033e+01 1.900000000000000000e+01 1.612451549659709826e+01 1.503329637837290811e+01 1.526433752247374720e+01 2.280350850198275836e+01 1.500000000000000000e+01
2.863564212655270680e+01 1.664331697709323876e+01 8.062257748298549132e+00 1.835755975068581947e+01 2.846049894151541437e+01 1.878829422805593552e+01 1.910497317454279909e+01 2.900000000000000000e+01 1.708800749063506075e+01 6.324555320336759046e+00 1.886796226411320632e+01 0.000000000000000000e+00 1.081665382639196871e+01 1.581138830084189628e+01 8.246211251235321171e+00 1.708800749063506075e+01 1.100000000000000000e+01 1.676305461424021104e+01 1.726267650163206824e+01 1.118033988749894903e+01 1.835755975068581947e+01 3.162277660168379256e+01 3.228002478313794654e+01 3.324154027718932269e+01 7.211102550927978250e+00 4.123105625617660586e+00
1.900000000000000000e+01 5.830951894845300743e+00 1.720465053408525335e+01 2.842534080710379030e+01 2.343074902771996193e+01 2.302172886644267535e+01 1.476482306023340030e+01 1.843908891458577415e+01 1.044030650891055068e+01 1.627882059609970611e+01 8.062257748298549132e+00 1.081665382639196871e+01 0.000000000000000000e+00 2.617250465660480074e+01 4.123105625617660586e+00 7.000000000000000000e+00 1.029563014098700080e+01 2.607680962081059661e+01 8.544003745317530374e+00 1.104536101718726115e+01 1.655294535724684835e+01 2.193171219946130890e+01 2.220360331117451835e+01 2.267156809750926882e+01 1.513274595042155646e+01 7.071067811865475505e+00
4.159326868617084472e+01 3.182766092567909766e+01 9.433981132056603158e+00 3.000000000000000000e+00 3.622154055254966920e+01 1.746424919657297892e+01 3.383784863137726262e+01 4.459820624195551630e+01 3.264965543462901820e+01 9.899494936611665352e+00 3.397057550292606010e+01 1.581138830084189628e+01 2.617250465660480074e+01 0.000000000000000000e+00 2.267156809750926882e+01 3.140063693621516450e+01 2.563201123595259290e+01 5.000000000000000000e+00 3.052867504494749440e+01 2.061552812808830382e+01 2.531797780234432693e+01 4.743416490252568707e+01 4.565084884205330695e+01 4.883646178829911833e+01 1.726267650163206824e+01 1.910497317454279909e+01
2.039607805437113797e+01 9.219544457292887074e+00 1.345362404707370985e+01 2.475883680627989492e+01 2.195449840010014952e+01 1.900000000000000000e+01 1.802775637731994607e+01 2.220360331117451835e+01 1.414213562373095101e+01 1.280624847486569706e+01 1.131370849898476116e+01 8.246211251235321171e+00 4.123105625617660586e+00 2.267156809750926882e+01 0.000000000000000000e+00 8.944271909999159220e+00 1.204159457879229578e+01 2.220360331117451835e+01 9.055385138137417300e+00 7.280109889280518054e+00 1.360147050873544394e+01 2.600000000000000000e+01 2.404163056034261459e+01 2.640075756488817049e+01 1.414213562373095101e+01 4.123105625617660586e+00
1.200000000000000000e+01 3.605551275463989125e+00 2.202271554554523902e+01 3.330165161069342616e+01 1.860107523773827509e+01 2.435159132377184221e+01 1.910497317454279909e+01 1.486606874731850603e+01 1.414213562373095101e+01 2.163330765278393741e+01 4.000000000000000000e+00 1.708800749063506075e+01 7.000000000000000000e+00 3.140063693621516450e+01 8.944271909999159220e+00 0.000000000000000000e+00 1.676305461424021104e+01 3.041381265149109936e+01 3.162277660168379523e+00 1.252996408614166768e+01 1.500000000000000000e+01 2.009975124224177989e+01 1.529705854077835525e+01 1.878829422805593552e+01 2.209072203437452231e+01 1.300000000000000000e+01
2.844292530665578411e+01 1.414213562373095101e+01 1.902629759044044633e+01 2.846049894151541437e+01 3.360059523282288296e+01 2.912043955712207222e+01 8.246211251235321171e+00 2.284731931759172596e+01 7.810249675906653977e+00 1.711724276862369010e+01 1.603121954188139853e+01 1.100000000000000000e+01 1.029563014098700080e+01 2.563201123595259290e+01 1.204159457879229578e+01 1.676305461424021104e+01 0.000000000000000000e+00 2.745906043549196340e+01 1.878829422805593552e+01 1.886796226411320632e+01 2.561249694973139412e+01 2.343074902771996193e+01 3.106444913401813324e+01 2.683281572999747766e+01 9.219544457292887074e+00 1.077032961426900748e+01
3.966106403010387993e+01 3.140063693621516450e+01 8.944271909999159220e+00 4.000000000000000000e+00 3.275667870831839679e+01 1.303840481040529831e+01 3.569313659514949677e+01 4.440720662234903671e+01 3.383784863137726262e+01 1.044030650891055068e+01 3.342154993413680586e+01 1.676305461424021104e+01 2.607680962081059661e+01 5.000000000000000000e+00 2.220360331117451835e+01 3.041381265149109936e+01 2.745906043549196340e+01 0.000000000000000000e+00 2.906888370749726747e+01 1.860107523773827509e+01 2.213594362117865444e+01 4.788527957525151635e+01 4.382921400162225467e+01 4.860041152089146976e+01 2.002498439450078749e+01 1.923538406167134340e+01
1.140175425099137918e+01 6.708203932499369415e+00 2.109502310972898798e+01 3.220248437620923454e+01 1.562049935181330795e+01 2.193171219946130890e+01 2.193171219946130890e+01 1.746424919657297892e+01 1.702938636592640265e+01 2.102379604162863913e+01 7.071067811865475505e+00 1.726267650163206824e+01 8.544003745317530374e+00 3.052867504494749440e+01 9.055385138137417300e+00 3.162277660168379523e+00 1.878829422805593552e+01 2.906888370749726747e+01 0.000000000000000000e+00 1.063014581273464998e+01 1.204159457879229578e+01 2.302172886644267535e+01 1.523154621172781731e+01 2.118962010041709121e+01 2.302172886644267535e+01 1.315294643796590535e+01
2.109502310972898798e+01 1.456021977856103611e+01 1.140175425099137918e+01 2.195449840010014952e+01 1.746424919657297892e+01 1.216552506059643868e+01 2.529822128134703618e+01 2.731300056749532601e+01 2.137755832643194864e+01 1.204159457879229578e+01 1.615549442140351033e+01 1.118033988749894903e+01 1.104536101718726115e+01 2.061552812808830382e+01 7.280109889280518054e+00 1.252996408614166768e+01 1.886796226411320632e+01 1.860107523773827509e+01 1.063014581273464998e+01 0.000000000000000000e+00 7.211102550927978250e+00 3.201562118716424266e+01 2.523885892824792521e+01 3.130495168499705727e+01 1.835755975068581947e+01 8.485281374238569541e+00
1.920937271229854559e+01 1.811077027627483460e+01 1.702938636592640265e+01 2.596150997149434048e+01 1.100000000000000000e+01 1.131370849898476116e+01 3.130495168499705727e+01 2.942787793912432193e+01 2.692582403567251959e+01 1.824828759089465890e+01 1.900000000000000000e+01 1.835755975068581947e+01 1.655294535724684835e+01 2.531797780234432693e+01 1.360147050873544394e+01 1.500000000000000000e+01 2.561249694973139412e+01 2.213594362117865444e+01 1.204159457879229578e+01 7.211102550927978250e+00 0.000000000000000000e+00 3.505709628591620941e+01 2.343074902771996193e+01 3.298484500494128469e+01 2.555386467836127551e+01 1.562049935181330795e+01
2.236067977499789805e+01 1.746424919657297892e+01 3.894868418830089496e+01 4.992995093127971273e+01 3.613862199918530393e+01 4.414748010928823163e+01 1.746424919657297892e+01 6.708203932499369415e+00 1.562049935181330795e+01 3.773592452822641263e+01 1.612451549659709826e+01 3.162277660168379256e+01 2.193171219946130890e+01 4.743416490252568707e+01 2.600000000000000000e+01 2.009975124224177989e+01 2.343074902771996193e+01 4.788527957525151635e+01 2.302172886644267535e+01 3.201562118716424266e+01 3.505709628591620941e+01 0.000000000000000000e+00 2.140093455903269515e+01 6.708203932499369415e+00 3.255764119219941222e+01 2.865309756378880479e+01
4.242640687119284770e+00 1.700000000000000000e+01 3.623534186398687496e+01 4.716990566028302112e+01 1.843908891458577415e+01 3.471310991541956525e+01 3.067572330035593353e+01 1.486606874731850603e+01 2.596150997149434048e+01 3.624913792078371699e+01 1.503329637837290811e+01 3.228002478313794654e+01 2.220360331117451835e+01 4.565084884205330695e+01 2.404163056034261459e+01 1.529705854077835525e+01 3.106444913401813324e+01 4.382921400162225467e+01 1.523154621172781731e+01 2.523885892824792521e+01 2.343074902771996193e+01 2.140093455903269515e+01 0.000000000000000000e+00 1.565247584249852864e+01 3.733630940518894192e+01 2.816025568065744622e+01
1.746424919657297892e+01 1.720465053408525335e+01 3.982461550347975532e+01 5.108815909777920439e+01 3.214031735997639316e+01 4.308131845707602992e+01 2.236067977499789805e+01 4.242640687119284770e+00 1.931320791582796659e+01 3.894868418830089496e+01 1.526433752247374720e+01 3.324154027718932269e+01 2.267156809750926882e+01 4.883646178829911833e+01 2.640075756488817049e+01 1.878829422805593552e+01 2.683281572999747766e+01 4.860041152089146976e+01 2.118962010041709121e+01 3.130495168499705727e+01 3.298484500494128469e+01 6.708203932499369415e+00 1.565247584249852864e+01 0.000000000000000000e+00 3.551056180912940619e+01 2.973213749463701205e+01
3.405877273185280529e+01 2.061552812808830382e+01 1.300000000000000000e+01 2.022374841615668473e+01 3.546829570193639825e+01 2.523885892824792521e+01 1.700000000000000000e+01 3.138470965295043058e+01 1.697056274847713908e+01 1.077032961426900748e+01 2.280350850198275836e+01 7.211102550927978250e+00 1.513274595042155646e+01 1.726267650163206824e+01 1.414213562373095101e+01 2.209072203437452231e+01 9.219544457292887074e+00 2.002498439450078749e+01 2.302172886644267535e+01 1.835755975068581947e+01 2.555386467836127551e+01 3.255764119219941222e+01 3.733630940518894192e+01 3.551056180912940619e+01 0.000000000000000000e+00 1.044030650891055068e+01
2.451530134426252516e+01 1.280624847486569706e+01 1.029563014098700080e+01 2.140093455903269515e+01 2.507987240796890660e+01 1.843908891458577415e+01 1.811077027627483460e+01 2.549509756796392423e+01 1.513274595042155646e+01 9.219544457292887074e+00 1.500000000000000000e+01 4.123105625617660586e+00 7.071067811865475505e+00 1.910497317454279909e+01 4.123105625617660586e+00 1.300000000000000000e+01 1.077032961426900748e+01 1.923538406167134340e+01 1.315294643796590535e+01 8.485281374238569541e+00 1.562049935181330795e+01 2.865309756378880479e+01 2.816025568065744622e+01 2.973213749463701205e+01 1.044030650891055068e+01 0.000000000000000000e+00
