0.000000000000000000e+00 1.300000000000000000e+01 7.615773105863908654e+00 1.824828759089465890e+01 1.303840481040529831e+01 1.868154169226940553e+01 2.284731931759172596e+01 9.486832980505138124e+00 1.523154621172781731e+01 1.941648783894759944e+01 8.544003745317530374e+00 1.603121954188139853e+01 2.607680962081059661e+01 3.041381265149109936e+01 2.765863337187866122e+01 2.059126028197400160e+01 2.549509756796392423e+01 1.676305461424021104e+01 1.442220510185595650e+01 1.992485884517127559e+01 1.442220510185595650e+01 5.830951894845300743e+00 2.140093455903269515e+01 8.062257748298549132e+00
1.300000000000000000e+01 0.000000000000000000e+00 9.433981132056603158e+00 1.000000000000000000e+01 1.526433752247374720e+01 6.000000000000000000e+00 2.640075756488817049e+01 1.552417469626002422e+01 1.118033988749894903e+01 7.071067811865475505e+00 4.472135954999579610e+00 2.828427124746190202e+01 3.106444913401813324e+01 3.712142238654116966e+01 2.842534080710379030e+01 7.810249675906653977e+00 3.220248437620923454e+01 1.303840481040529831e+01 3.000000000000000000e+00 1.303840481040529831e+01 2.418677324489564739e+01 1.345362404707370985e+01 1.204159457879229578e+01 1.140175425099137918e+01
7.615773105863908654e+00 9.433981132056603158e+00 0.000000000000000000e+00 1.100000000000000000e+01 1.788854381999831844e+01 1.360147050873544394e+01 2.884441020371191300e+01 1.562049935181330795e+01 7.615773105863908654e+00 1.389244398944980396e+01 6.082762530298219339e+00 2.334523505985750447e+01 3.264965543462901820e+01 3.753664875824691904e+01 3.269556544854363267e+01 1.702938636592640265e+01 3.255764119219941222e+01 1.910497317454279909e+01 1.208304597359457233e+01 1.236931687685298087e+01 2.195449840010014952e+01 4.472135954999579610e+00 2.088061301782110135e+01 1.252996408614166768e+01
1.824828759089465890e+01 1.000000000000000000e+01 1.100000000000000000e+01 0.000000000000000000e+00 2.483948469674844262e+01 8.000000000000000000e+00 3.612478373637688378e+01 2.418677324489564739e+01 5.000000000000000000e+00 7.071067811865475505e+00 1.166190378969060149e+01 3.423448553724738019e+01 4.060788100849390503e+01 4.632493928760187885e+01 3.841874542459709119e+01 1.300000000000000000e+01 4.134005321718877468e+01 2.302172886644267535e+01 1.252996408614166768e+01 3.162277660168379523e+00 3.195309061734091571e+01 1.513274595042155646e+01 2.061552812808830382e+01 2.024845673131658685e+01
1.303840481040529831e+01 1.526433752247374720e+01 1.788854381999831844e+01 2.483948469674844262e+01 0.000000000000000000e+00 2.061552812808830382e+01 1.131370849898476116e+01 4.472135954999579610e+00 2.420743687382040932e+01 2.193171219946130890e+01 1.345362404707370985e+01 1.920937271229854559e+01 1.581138830084189628e+01 2.193171219946130890e+01 1.486606874731850603e+01 1.923538406167134340e+01 1.708800749063506075e+01 6.708203932499369415e+00 1.392838827718411920e+01 2.758622844826744469e+01 1.208304597359457233e+01 1.843908891458577415e+01 1.456021977856103611e+01 5.385164807134503739e+00
1.868154169226940553e+01 6.000000000000000000e+00 1.360147050873544394e+01 8.000000000000000000e+00 2.061552812808830382e+01 0.000000000000000000e+00 3.138470965295043058e+01 2.137755832643194864e+01 1.170469991071962568e+01 1.414213562373095145e+00 1.019803902718556898e+01 3.423448553724738019e+01 3.623534186398687496e+01 4.254409477236529824e+01 3.255764119219941222e+01 5.000000000000000000e+00 3.769615364994152884e+01 1.702938636592640265e+01 6.708203932499369415e+00 1.104536101718726115e+01 3.014962686336266984e+01 1.802775637731994607e+01 1.300000000000000000e+01 1.726267650163206824e+01
2.284731931759172596e+01 2.640075756488817049e+01 2.884441020371191300e+01 3.612478373637688378e+01 1.131370849898476116e+01 3.138470965295043058e+01 0.000000000000000000e+00 1.341640786499873883e+01 3.546829570193639825e+01 3.275667870831839679e+01 2.475883680627989492e+01 2.118962010041709121e+01 5.099019513592784492e+00 1.204159457879229578e+01 6.708203932499369415e+00 2.915475947422650194e+01 8.246211251235321171e+00 1.486606874731850603e+01 2.469817807045693669e+01 3.889730067755344578e+01 1.334166406412633421e+01 2.863564212655270680e+01 2.236067977499789805e+01 1.640121946685672683e+01
9.486832980505138124e+00 1.552417469626002422e+01 1.562049935181330795e+01 2.418677324489564739e+01 4.472135954999579610e+00 2.137755832643194864e+01 1.341640786499873883e+01 0.000000000000000000e+00 2.267156809750926882e+01 2.256102834535695578e+01 1.252996408614166768e+01 1.526433752247374720e+01 1.702938636592640265e+01 2.220360331117451835e+01 1.824828759089465890e+01 2.102379604162863913e+01 1.720465053408525335e+01 1.063014581273464998e+01 1.503329637837290811e+01 2.662705391138869615e+01 9.055385138137417300e+00 1.523154621172781731e+01 1.788854381999831844e+01 4.123105625617660586e+00
1.523154621172781731e+01 1.118033988749894903e+01 7.615773105863908654e+00 5.000000000000000000e+00 2.420743687382040932e+01 1.170469991071962568e+01 3.546829570193639825e+01 2.267156809750926882e+01 0.000000000000000000e+00 1.118033988749894903e+01 1.081665382639196871e+01 3.080584360149872580e+01 3.959797974644666141e+01 4.482186966202993972e+01 3.858756276314947797e+01 1.649242250247064234e+01 3.982461550347975532e+01 2.376972864800942631e+01 1.414213562373095101e+01 5.000000000000000000e+00 2.952964612046680060e+01 1.104536101718726115e+01 2.302172886644267535e+01 1.910497317454279909e+01
1.941648783894759944e+01 7.071067811865475505e+00 1.389244398944980396e+01 7.071067811865475505e+00 2.193171219946130890e+01 1.414213562373095145e+00 3.275667870831839679e+01 2.256102834535695578e+01 1.118033988749894903e+01 0.000000000000000000e+00 1.104536101718726115e+01 3.512833614050059339e+01 3.758989225842500304e+01 4.386342439892261780e+01 3.397057550292606010e+01 6.082762530298219339e+00 3.900000000000000000e+01 1.843908891458577415e+01 8.062257748298549132e+00 1.000000000000000000e+01 3.125699921617556853e+01 1.835755975068581947e+01 1.431782106327635340e+01 1.843908891458577415e+01
8.544003745317530374e+00 4.472135954999579610e+00 6.082762530298219339e+00 1.166190378969060149e+01 1.345362404707370985e+01 1.019803902718556898e+01 2.475883680627989492e+01 1.252996408614166768e+01 1.081665382639196871e+01 1.104536101718726115e+01 0.000000000000000000e+00 2.408318915758459156e+01 2.906888370749726747e+01 3.466987164671942878e+01 2.778488797889960793e+01 1.220655561573370207e+01 2.968164415931165934e+01 1.334166406412633421e+01 6.403124237432848531e+00 1.421267040355189515e+01 2.061552812808830382e+01 9.433981132056603158e+00 1.486606874731850603e+01 8.602325267042626677e+00
1.603121954188139853e+01 2.828427124746190202e+01 2.334523505985750447e+01 3.423448553724738019e+01 1.920937271229854559e+01 3.423448553724738019e+01 2.118962010041709121e+01 1.526433752247374720e+01 3.080584360149872580e+01 3.512833614050059339e+01 2.408318915758459156e+01 0.000000000000000000e+00 2.109502310972898798e+01 2.158703314492290204e+01 2.785677655436823841e+01 3.517101079013794873e+01 1.802775637731994607e+01 2.580697580112788003e+01 2.886173937932362321e+01 3.569313659514949677e+01 8.062257748298549132e+00 1.992485884517127559e+01 3.312099032335839155e+01 1.838477631085023489e+01
2.607680962081059661e+01 3.106444913401813324e+01 3.264965543462901820e+01 4.060788100849390503e+01 1.581138830084189628e+01 3.623534186398687496e+01 5.099019513592784492e+00 1.702938636592640265e+01 3.959797974644666141e+01 3.758989225842500304e+01 2.906888370749726747e+01 2.109502310972898798e+01 0.000000000000000000e+00 7.000000000000000000e+00 9.433981132056603158e+00 3.417601498127012150e+01 4.242640687119284770e+00 1.992485884517127559e+01 2.952964612046680060e+01 4.327817001676480402e+01 1.414213562373095101e+01 3.190611226708763226e+01 2.745906043549196340e+01 2.051828452868319275e+01
3.041381265149109936e+01 3.712142238654116966e+01 3.753664875824691904e+01 4.632493928760187885e+01 2.193171219946130890e+01 4.254409477236529824e+01 1.204159457879229578e+01 2.220360331117451835e+01 4.482186966202993972e+01 4.386342439892261780e+01 3.466987164671942878e+01 2.158703314492290204e+01 7.000000000000000000e+00 0.000000000000000000e+00 1.581138830084189628e+01 4.080441152620633005e+01 5.000000000000000000e+00 2.668332812825266842e+01 3.584689665786984136e+01 4.882622246293480828e+01 1.664331697709323876e+01 3.612478373637688378e+01 3.436568055487916240e+01 2.607680962081059661e+01
2.765863337187866122e+01 2.842534080710379030e+01 3.269556544854363267e+01 3.841874542459709119e+01 1.486606874731850603e+01 3.255764119219941222e+01 6.708203932499369415e+00 1.824828759089465890e+01 3.858756276314947797e+01 3.397057550292606010e+01 2.778488797889960793e+01 2.785677655436823841e+01 9.433981132056603158e+00 1.581138830084189628e+01 0.000000000000000000e+00 2.941088233970548416e+01 1.360147050873544394e+01 1.555634918610404505e+01 2.617250465660480074e+01 4.140048308896890461e+01 1.992485884517127559e+01 3.324154027718932269e+01 2.147091055358388800e+01 2.024845673131658685e+01
2.059126028197400160e+01 7.810249675906653977e+00 1.702938636592640265e+01 1.300000000000000000e+01 1.923538406167134340e+01 5.000000000000000000e+00 2.915475947422650194e+01 2.102379604162863913e+01 1.649242250247064234e+01 6.082762530298219339e+00 1.220655561573370207e+01 3.517101079013794873e+01 3.417601498127012150e+01 4.080441152620633005e+01 2.941088233970548416e+01 0.000000000000000000e+00 3.613862199918530393e+01 1.431782106327635340e+01 6.324555320336759046e+00 1.603121954188139853e+01 3.006659275674581622e+01 2.121320343559642652e+01 8.602325267042626677e+00 1.711724276862369010e+01
2.549509756796392423e+01 3.220248437620923454e+01 3.255764119219941222e+01 4.134005321718877468e+01 1.708800749063506075e+01 3.769615364994152884e+01 8.246211251235321171e+00 1.720465053408525335e+01 3.982461550347975532e+01 3.900000000000000000e+01 2.968164415931165934e+01 1.802775637731994607e+01 4.242640687119284770e+00 5.000000000000000000e+00 1.360147050873544394e+01 3.613862199918530393e+01 0.000000000000000000e+00 2.220360331117451835e+01 3.101612483854164637e+01 4.382921400162225467e+01 1.208304597359457233e+01 3.124099870362661591e+01 3.006659275674581622e+01 2.109502310972898798e+01
1.676305461424021104e+01 1.303840481040529831e+01 1.910497317454279909e+01 2.302172886644267535e+01 6.708203932499369415e+00 1.702938636592640265e+01 1.486606874731850603e+01 1.063014581273464998e+01 2.376972864800942631e+01 1.843908891458577415e+01 1.334166406412633421e+01 2.580697580112788003e+01 1.992485884517127559e+01 2.668332812825266842e+01 1.555634918610404505e+01 1.431782106327635340e+01 2.220360331117451835e+01 0.000000000000000000e+00 1.063014581273464998e+01 2.607680962081059661e+01 1.878829422805593552e+01 2.109502310972898798e+01 8.062257748298549132e+00 8.944271909999159220e+00
1.442220510185595650e+01 3.000000000000000000e+00 1.208304597359457233e+01 1.252996408614166768e+01 1.392838827718411920e+01 6.708203932499369415e+00 2.469817807045693669e+01 1.503329637837290811e+01 1.414213562373095101e+01 8.062257748298549132e+00 6.403124237432848531e+00 2.886173937932362321e+01 2.952964612046680060e+01 3.584689665786984136e+01 2.617250465660480074e+01 6.324555320336759046e+00 3.101612483854164637e+01 1.063014581273464998e+01 0.000000000000000000e+00 1.565247584249852864e+01 2.400000000000000000e+01 1.581138830084189628e+01 9.055385138137417300e+00 1.100000000000000000e+01
1.992485884517127559e+01 1.303840481040529831e+01 1.236931687685298087e+01 3.162277660168379523e+00 2.758622844826744469e+01 1.104536101718726115e+01 3.889730067755344578e+01 2.662705391138869615e+01 5.000000000000000000e+00 1.000000000000000000e+01 1.421267040355189515e+01 3.569313659514949677e+01 4.327817001676480402e+01 4.882622246293480828e+01 4.140048308896890461e+01 1.603121954188139853e+01 4.382921400162225467e+01 2.607680962081059661e+01 1.565247584249852864e+01 0.000000000000000000e+00 3.401470270338990076e+01 1.603121954188139853e+01 2.376972864800942631e+01 2.280350850198275836e+01
1.442220510185595650e+01 2.418677324489564739e+01 2.195449840010014952e+01 3.195309061734091571e+01 1.208304597359457233e+01 3.014962686336266984e+01 1.334166406412633421e+01 9.055385138137417300e+00 2.952964612046680060e+01 3.125699921617556853e+01 2.061552812808830382e+01 8.062257748298549132e+00 1.414213562373095101e+01 1.664331697709323876e+01 1.992485884517127559e+01 3.006659275674581622e+01 1.208304597359457233e+01 1.878829422805593552e+01 2.400000000000000000e+01 3.401470270338990076e+01 0.000000000000000000e+00 1.984943324127920761e+01 2.657066051117284644e+01 1.300000000000000000e+01
5.830951894845300743e+00 1.345362404707370985e+01 4.472135954999579610e+00 1.513274595042155646e+01 1.843908891458577415e+01 1.802775637731994607e+01 2.863564212655270680e+01 1.523154621172781731e+01 1.104536101718726115e+01 1.835755975068581947e+01 9.433981132056603158e+00 1.992485884517127559e+01 3.190611226708763226e+01 3.612478373637688378e+01 3.324154027718932269e+01 2.121320343559642652e+01 3.124099870362661591e+01 2.109502310972898798e+01 1.581138830084189628e+01 1.603121954188139853e+01 1.984943324127920761e+01 0.000000000000000000e+00 2.416609194718914466e+01 1.315294643796590535e+01
2.140093455903269515e+01 1.204159457879229578e+01 2.088061301782110135e+01 2.061552812808830382e+01 1.456021977856103611e+01 1.300000000000000000e+01 2.236067977499789805e+01 1.788854381999831844e+01 2.302172886644267535e+01 1.431782106327635340e+01 1.486606874731850603e+01 3.312099032335839155e+01 2.745906043549196340e+01 3.436568055487916240e+01 2.147091055358388800e+01 8.602325267042626677e+00 3.006659275674581622e+01 8.062257748298549132e+00 9.055385138137417300e+00 2.376972864800942631e+01 2.657066051117284644e+01 2.416609194718914466e+01 0.000000000000000000e+00 1.500000000000000000e+01
8.062257748298549132e+00 1.140175425099137918e+01 1.252996408614166768e+01 2.024845673131658685e+01 5.385164807134503739e+00 1.726267650163206824e+01 1.640121946685672683e+01 4.123105625617660586e+00 1.910497317454279909e+01 1.843908891458577415e+01 8.602325267042626677e+00 1.838477631085023489e+01 2.051828452868319275e+01 2.607680962081059661e+01 2.024845673131658685e+01 1.711724276862369010e+01 2.109502310972898798e+01 8.944271909999159220e+00 1.100000000000000000e+01 2.280350850198275836e+01 1.300000000000000000e+01 1.315294643796590535e+01 1.500000000000000000e+01 0.000000000000000000e+00
