0.000000000000000000e+00 2.789265136196270589e+01 2.906888370749726747e+01 3.538361202590826338e+01 9.899494936611665352e+00 9.219544457292887074e+00 9.848857801796103928e+00 3.405877273185280529e+01 8.485281374238569541e+00 1.118033988749894903e+01 6.082762530298219339e+00 2.195449840010014952e+01 2.088061301782110135e+01 6.324555320336759046e+00 1.897366596101027625e+01 3.264965543462901820e+01 1.334166406412633421e+01 2.594224354214569317e+01 1.345362404707370985e+01 6.708203932499369415e+00 1.500000000000000000e+01 2.202271554554523902e+01 1.655294535724684835e+01 2.865309756378880479e+01 1.902629759044044633e+01
2.789265136196270589e+01 0.000000000000000000e+00 5.385164807134503739e+00 1.923538406167134340e+01 2.000000000000000000e+01 3.634556369077249371e+01 3.488552708502481892e+01 8.602325267042626677e+00 3.301514803843835466e+01 3.705401462729781059e+01 2.184032966784155505e+01 8.944271909999159220e+00 2.469817807045693669e+01 2.901723625709381693e+01 9.055385138137417300e+00 8.246211251235321171e+00 3.605551275463989214e+01 6.403124237432848531e+00 3.705401462729781059e+01 3.448187929913333249e+01 1.389244398944980396e+01 2.729468812791236232e+01 2.154065922853801496e+01 2.109502310972898798e+01 2.863564212655270680e+01
2.906888370749726747e+01 5.385164807134503739e+00 0.000000000000000000e+00 2.451530134426252516e+01 2.256102834535695578e+01 3.800000000000000000e+01 3.478505426185217431e+01 5.000000000000000000e+00 3.522782990761707111e+01 3.911521443121588959e+01 2.302172886644267535e+01 1.345362404707370985e+01 2.920616373302046753e+01 3.125699921617556853e+01 1.170469991071962568e+01 1.300000000000000000e+01 3.534119409414458346e+01 1.166190378969060149e+01 3.962322551231790158e+01 3.535533905932737753e+01 1.414213562373095101e+01 2.420743687382040932e+01 2.555386467836127551e+01 1.649242250247064234e+01 3.275667870831839679e+01
3.538361202590826338e+01 1.923538406167134340e+01 2.451530134426252516e+01 0.000000000000000000e+00 2.549509756796392423e+01 4.080441152620633005e+01 4.482186966202993972e+01 2.600000000000000000e+01 3.605551275463989214e+01 3.996248240537617136e+01 3.080584360149872580e+01 1.581138830084189628e+01 1.897366596101027625e+01 3.280243893371345365e+01 2.088061301782110135e+01 1.208304597359457233e+01 4.743416490252568707e+01 1.403566884761819900e+01 3.801315561749642313e+01 4.172529209005013229e+01 2.751363298439520833e+01 4.414748010928823163e+01 2.024845673131658685e+01 4.001249804748510996e+01 2.404163056034261459e+01
9.899494936611665352e+00 2.000000000000000000e+01 2.256102834535695578e+01 2.549509756796392423e+01 0.000000000000000000e+00 1.676305461424021104e+01 1.941648783894759944e+01 2.745906043549196340e+01 1.303840481040529831e+01 1.711724276862369010e+01 6.082762530298219339e+00 1.264911064067351809e+01 1.303840481040529831e+01 9.055385138137417300e+00 1.104536101718726115e+01 2.340939982143925135e+01 2.236067977499789805e+01 1.676305461424021104e+01 1.711724276862369010e+01 1.640121946685672683e+01 1.063014581273464998e+01 2.500000000000000000e+01 8.000000000000000000e+00 2.765863337187866122e+01 1.341640786499873883e+01
9.219544457292887074e+00 3.634556369077249371e+01 3.800000000000000000e+01 4.080441152620633005e+01 1.676305461424021104e+01 0.000000000000000000e+00 1.208304597359457233e+01 4.300000000000000000e+01 5.000000000000000000e+00 3.162277660168379523e+00 1.503329637837290811e+01 2.941088233970548416e+01 2.343074902771996193e+01 8.062257748298549132e+00 2.729468812791236232e+01 4.016217125604640614e+01 1.615549442140351033e+01 3.352610922848042208e+01 7.071067811865475505e+00 5.830951894845300743e+00 2.408318915758459156e+01 2.983286778035259701e+01 2.061552812808830382e+01 3.757658845611187104e+01 1.972308292331602075e+01
9.848857801796103928e+00 3.488552708502481892e+01 3.478505426185217431e+01 4.482186966202993972e+01 1.941648783894759944e+01 1.208304597359457233e+01 0.000000000000000000e+00 3.956008088970496317e+01 1.513274595042155646e+01 1.523154621172781731e+01 1.414213562373095101e+01 3.047950130825634218e+01 3.067572330035593353e+01 1.513274595042155646e+01 2.662705391138869615e+01 4.080441152620633005e+01 4.123105625617660586e+00 3.420526275297414287e+01 1.897366596101027625e+01 6.324555320336759046e+00 2.102379604162863913e+01 1.969771560359220786e+01 2.640075756488817049e+01 2.942787793912432193e+01 2.844292530665578411e+01
3.405877273185280529e+01 8.602325267042626677e+00 5.000000000000000000e+00 2.600000000000000000e+01 2.745906043549196340e+01 4.300000000000000000e+01 3.956008088970496317e+01 0.000000000000000000e+00 4.019950248448355978e+01 4.410215414239988974e+01 2.801785145224380003e+01 1.749285568453590045e+01 3.328663395418647752e+01 3.622154055254966920e+01 1.649242250247064234e+01 1.392838827718411920e+01 3.992492955535426091e+01 1.486606874731850603e+01 4.455333881989092504e+01 4.031128874149274566e+01 1.910497317454279909e+01 2.758622844826744469e+01 2.996664812754339380e+01 1.835755975068581947e+01 3.712142238654116966e+01
8.485281374238569541e+00 3.301514803843835466e+01 3.522782990761707111e+01 3.605551275463989214e+01 1.303840481040529831e+01 5.000000000000000000e+00 1.513274595042155646e+01 4.019950248448355978e+01 0.000000000000000000e+00 4.123105625617660586e+00 1.300000000000000000e+01 2.549509756796392423e+01 1.843908891458577415e+01 4.000000000000000000e+00 2.400000000000000000e+01 3.613862199918530393e+01 1.923538406167134340e+01 2.961418578992169515e+01 5.000000000000000000e+00 9.000000000000000000e+00 2.184032966784155505e+01 3.047950130825634218e+01 1.581138830084189628e+01 3.689173349139343117e+01 1.476482306023340030e+01
1.118033988749894903e+01 3.705401462729781059e+01 3.911521443121588959e+01 3.996248240537617136e+01 1.711724276862369010e+01 3.162277660168379523e+00 1.523154621172781731e+01 4.410215414239988974e+01 4.123105625617660586e+00 0.000000000000000000e+00 1.649242250247064234e+01 2.961418578992169515e+01 2.193171219946130890e+01 8.062257748298549132e+00 2.801785145224380003e+01 4.026164427839479032e+01 1.931320791582796659e+01 3.373425558686599857e+01 4.000000000000000000e+00 8.944271909999159220e+00 2.549509756796392423e+01 3.255764119219941222e+01 1.972308292331602075e+01 3.982461550347975532e+01 1.780449381476485726e+01
6.082762530298219339e+00 2.184032966784155505e+01 2.302172886644267535e+01 3.080584360149872580e+01 6.082762530298219339e+00 1.503329637837290811e+01 1.414213562373095101e+01 2.801785145224380003e+01 1.300000000000000000e+01 1.649242250247064234e+01 0.000000000000000000e+00 1.640121946685672683e+01 1.900000000000000000e+01 9.433981132056603158e+00 1.300000000000000000e+01 2.692582403567251959e+01 1.664331697709323876e+01 2.024845673131658685e+01 1.788854381999831844e+01 1.264911064067351809e+01 9.055385138137417300e+00 1.969771560359220786e+01 1.403566884761819900e+01 2.420743687382040932e+01 1.868154169226940553e+01
2.195449840010014952e+01 8.944271909999159220e+00 1.345362404707370985e+01 1.581138830084189628e+01 1.264911064067351809e+01 2.941088233970548416e+01 3.047950130825634218e+01 1.749285568453590045e+01 2.549509756796392423e+01 2.961418578992169515e+01 1.640121946685672683e+01 0.000000000000000000e+00 1.581138830084189628e+01 2.158703314492290204e+01 5.099019513592784492e+00 1.077032961426900748e+01 3.255764119219941222e+01 4.123105625617660586e+00 2.906888370749726747e+01 2.865309756378880479e+01 1.170469991071962568e+01 2.844292530665578411e+01 1.264911064067351809e+01 2.570992026436488231e+01 1.969771560359220786e+01
2.088061301782110135e+01 2.469817807045693669e+01 2.920616373302046753e+01 1.897366596101027625e+01 1.303840481040529831e+01 2.343074902771996193e+01 3.067572330035593353e+01 3.328663395418647752e+01 1.843908891458577415e+01 2.193171219946130890e+01 1.900000000000000000e+01 1.581138830084189628e+01 0.000000000000000000e+00 1.612451549659709826e+01 1.843908891458577415e+01 2.353720459187963954e+01 3.420526275297414287e+01 1.878829422805593552e+01 1.941648783894759944e+01 2.594224354214569317e+01 2.193171219946130890e+01 3.785498646149540036e+01 5.099019513592784492e+00 3.894868418830089496e+01 5.099019513592784492e+00
6.324555320336759046e+00 2.901723625709381693e+01 3.125699921617556853e+01 3.280243893371345365e+01 9.055385138137417300e+00 8.062257748298549132e+00 1.513274595042155646e+01 3.622154055254966920e+01 4.000000000000000000e+00 8.062257748298549132e+00 9.433981132056603158e+00 2.158703314492290204e+01 1.612451549659709826e+01 0.000000000000000000e+00 2.000000000000000000e+01 3.228002478313794654e+01 1.902629759044044633e+01 2.570992026436488231e+01 8.544003745317530374e+00 9.848857801796103928e+00 1.802775637731994607e+01 2.801785145224380003e+01 1.272792206135785520e+01 3.360059523282288296e+01 1.334166406412633421e+01
1.897366596101027625e+01 9.055385138137417300e+00 1.170469991071962568e+01 2.088061301782110135e+01 1.104536101718726115e+01 2.729468812791236232e+01 2.662705391138869615e+01 1.649242250247064234e+01 2.400000000000000000e+01 2.801785145224380003e+01 1.300000000000000000e+01 5.099019513592784492e+00 1.843908891458577415e+01 2.000000000000000000e+01 0.000000000000000000e+00 1.421267040355189515e+01 2.831960451701259274e+01 7.810249675906653977e+00 2.816025568065744622e+01 2.563201123595259290e+01 6.708203932499369415e+00 2.334523505985750447e+01 1.421267040355189515e+01 2.118962010041709121e+01 2.140093455903269515e+01
3.264965543462901820e+01 8.246211251235321171e+00 1.300000000000000000e+01 1.208304597359457233e+01 2.340939982143925135e+01 4.016217125604640614e+01 4.080441152620633005e+01 1.392838827718411920e+01 3.613862199918530393e+01 4.026164427839479032e+01 2.692582403567251959e+01 1.077032961426900748e+01 2.353720459187963954e+01 3.228002478313794654e+01 1.421267040355189515e+01 0.000000000000000000e+00 4.252058325093859992e+01 6.708203932499369415e+00 3.945883931389771959e+01 3.935733730830885690e+01 2.051828452868319275e+01 3.534119409414458346e+01 2.200000000000000000e+01 2.927456233660889495e+01 2.828427124746190202e+01
1.334166406412633421e+01 3.605551275463989214e+01 3.534119409414458346e+01 4.743416490252568707e+01 2.236067977499789805e+01 1.615549442140351033e+01 4.123105625617660586e+00 3.992492955535426091e+01 1.923538406167134340e+01 1.931320791582796659e+01 1.664331697709323876e+01 3.255764119219941222e+01 3.420526275297414287e+01 1.902629759044044633e+01 2.831960451701259274e+01 4.252058325093859992e+01 0.000000000000000000e+00 3.606937759374286401e+01 2.308679276123039159e+01 1.044030650891055068e+01 2.220360331117451835e+01 1.746424919657297892e+01 2.973213749463701205e+01 2.801785145224380003e+01 3.224903099319419653e+01
2.594224354214569317e+01 6.403124237432848531e+00 1.166190378969060149e+01 1.403566884761819900e+01 1.676305461424021104e+01 3.352610922848042208e+01 3.420526275297414287e+01 1.486606874731850603e+01 2.961418578992169515e+01 3.373425558686599857e+01 2.024845673131658685e+01 4.123105625617660586e+00 1.878829422805593552e+01 2.570992026436488231e+01 7.810249675906653977e+00 6.708203932499369415e+00 3.606937759374286401e+01 0.000000000000000000e+00 3.313608305156178346e+01 3.264965543462901820e+01 1.442220510185595650e+01 3.036445290137795183e+01 1.627882059609970611e+01 2.607680962081059661e+01 2.308679276123039159e+01
1.345362404707370985e+01 3.705401462729781059e+01 3.962322551231790158e+01 3.801315561749642313e+01 1.711724276862369010e+01 7.071067811865475505e+00 1.897366596101027625e+01 4.455333881989092504e+01 5.000000000000000000e+00 4.000000000000000000e+00 1.788854381999831844e+01 2.906888370749726747e+01 1.941648783894759944e+01 8.544003745317530374e+00 2.816025568065744622e+01 3.945883931389771959e+01 2.308679276123039159e+01 3.313608305156178346e+01 0.000000000000000000e+00 1.264911064067351809e+01 2.657066051117284644e+01 3.538361202590826338e+01 1.802775637731994607e+01 4.188078318274384770e+01 1.486606874731850603e+01
6.708203932499369415e+00 3.448187929913333249e+01 3.535533905932737753e+01 4.172529209005013229e+01 1.640121946685672683e+01 5.830951894845300743e+00 6.324555320336759046e+00 4.031128874149274566e+01 9.000000000000000000e+00 8.944271909999159220e+00 1.264911064067351809e+01 2.865309756378880479e+01 2.594224354214569317e+01 9.848857801796103928e+00 2.563201123595259290e+01 3.935733730830885690e+01 1.044030650891055068e+01 3.264965543462901820e+01 1.264911064067351809e+01 0.000000000000000000e+00 2.121320343559642652e+01 2.441311123146740414e+01 2.220360331117451835e+01 3.289376840679705083e+01 2.308679276123039159e+01
1.500000000000000000e+01 1.389244398944980396e+01 1.414213562373095101e+01 2.751363298439520833e+01 1.063014581273464998e+01 2.408318915758459156e+01 2.102379604162863913e+01 1.910497317454279909e+01 2.184032966784155505e+01 2.549509756796392423e+01 9.055385138137417300e+00 1.170469991071962568e+01 2.193171219946130890e+01 1.802775637731994607e+01 6.708203932499369415e+00 2.051828452868319275e+01 2.220360331117451835e+01 1.442220510185595650e+01 2.657066051117284644e+01 2.121320343559642652e+01 0.000000000000000000e+00 1.702938636592640265e+01 1.700000000000000000e+01 1.720465053408525335e+01 2.360084744241189370e+01
2.202271554554523902e+01 2.729468812791236232e+01 2.420743687382040932e+01 4.414748010928823163e+01 2.500000000000000000e+01 2.983286778035259701e+01 1.969771560359220786e+01 2.758622844826744469e+01 3.047950130825634218e+01 3.255764119219941222e+01 1.969771560359220786e+01 2.844292530665578411e+01 3.785498646149540036e+01 2.801785145224380003e+01 2.334523505985750447e+01 3.534119409414458346e+01 1.746424919657297892e+01 3.036445290137795183e+01 3.538361202590826338e+01 2.441311123146740414e+01 1.702938636592640265e+01 0.000000000000000000e+00 3.275667870831839679e+01 1.140175425099137918e+01 3.827531841800927737e+01
1.655294535724684835e+01 2.154065922853801496e+01 2.555386467836127551e+01 2.024845673131658685e+01 8.000000000000000000e+00 2.061552812808830382e+01 2.640075756488817049e+01 2.996664812754339380e+01 1.581138830084189628e+01 1.972308292331602075e+01 1.403566884761819900e+01 1.264911064067351809e+01 5.099019513592784492e+00 1.272792206135785520e+01 1.421267040355189515e+01 2.200000000000000000e+01 2.973213749463701205e+01 1.627882059609970611e+01 1.802775637731994607e+01 2.220360331117451835e+01 1.700000000000000000e+01 3.275667870831839679e+01 0.000000000000000000e+00 3.413209633175202384e+01 7.211102550927978250e+00
2.865309756378880479e+01 2.109502310972898798e+01 1.649242250247064234e+01 4.001249804748510996e+01 2.765863337187866122e+01 3.757658845611187104e+01 2.942787793912432193e+01 1.835755975068581947e+01 3.689173349139343117e+01 3.982461550347975532e+01 2.420743687382040932e+01 2.570992026436488231e+01 3.894868418830089496e+01 3.360059523282288296e+01 2.118962010041709121e+01 2.927456233660889495e+01 2.801785145224380003e+01 2.607680962081059661e+01 4.188078318274384770e+01 3.289376840679705083e+01 1.720465053408525335e+01 1.140175425099137918e+01 3.413209633175202384e+01 0.000000000000000000e+00 4.080441152620633005e+01
1.902629759044044633e+01 2.863564212655270680e+01 3.275667870831839679e+01 2.404163056034261459e+01 1.341640786499873883e+01 1.972308292331602075e+01 2.844292530665578411e+01 3.712142238654116966e+01 1.476482306023340030e+01 1.780449381476485726e+01 1.868154169226940553e+01 1.969771560359220786e+01 5.099019513592784492e+00 1.334166406412633421e+01 2.140093455903269515e+01 2.828427124746190202e+01 3.224903099319419653e+01 2.308679276123039159e+01 1.486606874731850603e+01 2.308679276123039159e+01 2.360084744241189370e+01 3.827531841800927737e+01 7.211102550927978250e+00 4.080441152620633005e+01 0.000000000000000000e+00
