0.000000000000000000e+00 2.501999200639360765e+01 1.166190378969060149e+01 1.523154621172781731e+01 2.360084744241189370e+01 1.456021977856103611e+01 2.529822128134703618e+01 1.655294535724684835e+01 1.749285568453590045e+01 2.500000000000000000e+01 2.158703314492290204e+01 6.082762530298219339e+00 3.269556544854363267e+01 3.551056180912940619e+01 6.082762530298219339e+00 1.216552506059643868e+01 2.282542442102665348e+01 1.941648783894759944e+01 1.204159457879229578e+01 2.109502310972898798e+01 2.193171219946130890e+01 1.403566884761819900e+01 1.780449381476485726e+01 5.656854249492380582e+00
2.501999200639360765e+01 0.000000000000000000e+00 2.102379604162863913e+01 2.302172886644267535e+01 1.431782106327635340e+01 1.208304597359457233e+01 7.071067811865475505e+00 1.280624847486569706e+01 1.414213562373095101e+01 2.325940669922601600e+01 3.720215047547655018e+01 2.500000000000000000e+01 3.324154027718932269e+01 3.157530680769388809e+01 2.647640458974745314e+01 2.915475947422650194e+01 1.300000000000000000e+01 2.900000000000000000e+01 1.746424919657297892e+01 5.000000000000000000e+00 1.972308292331602075e+01 2.906888370749726747e+01 2.051828452868319275e+01 2.915475947422650194e+01
1.166190378969060149e+01 2.102379604162863913e+01 0.000000000000000000e+00 4.000000000000000000e+00 1.360147050873544394e+01 1.612451549659709826e+01 1.811077027627483460e+01 1.923538406167134340e+01 2.102379604162863913e+01 3.132091952673165025e+01 3.289376840679705083e+01 1.676305461424021104e+01 4.060788100849390503e+01 4.205948168962618183e+01 8.062257748298549132e+00 8.246211251235321171e+00 2.523885892824792521e+01 2.906888370749726747e+01 3.605551275463989125e+00 1.920937271229854559e+01 2.751363298439520833e+01 8.062257748298549132e+00 2.451530134426252516e+01 1.166190378969060149e+01
1.523154621172781731e+01 2.302172886644267535e+01 4.000000000000000000e+00 0.000000000000000000e+00 1.300000000000000000e+01 1.969771560359220786e+01 1.897366596101027625e+01 2.284731931759172596e+01 2.469817807045693669e+01 3.517101079013794873e+01 3.668787265568828104e+01 2.061552812808830382e+01 4.455333881989092504e+01 4.588027898781784586e+01 1.063014581273464998e+01 8.246211251235321171e+00 2.865309756378880479e+01 3.306055050963308162e+01 6.708203932499369415e+00 2.193171219946130890e+01 3.132091952673165025e+01 7.000000000000000000e+00 2.844292530665578411e+01 1.414213562373095101e+01
2.360084744241189370e+01 1.431782106327635340e+01 1.360147050873544394e+01 1.300000000000000000e+01 0.000000000000000000e+00 1.868154169226940553e+01 7.810249675906653977e+00 2.137755832643194864e+01 2.334523505985750447e+01 3.423448553724738019e+01 4.243819034784588951e+01 2.690724809414741969e+01 4.440720662234903671e+01 4.400000000000000000e+01 2.154065922853801496e+01 2.109502310972898798e+01 2.501999200639360765e+01 3.624913792078371699e+01 1.166190378969060149e+01 1.612451549659709826e+01 3.026549190084311292e+01 2.000000000000000000e+01 2.912043955712207222e+01 2.507987240796890660e+01
1.456021977856103611e+01 1.208304597359457233e+01 1.612451549659709826e+01 1.969771560359220786e+01 1.868154169226940553e+01 0.000000000000000000e+00 1.562049935181330795e+01 3.162277660168379523e+00 5.099019513592784492e+00 1.603121954188139853e+01 2.549509756796392423e+01 1.315294643796590535e+01 2.601922366251537611e+01 2.647640458974745314e+01 1.802775637731994607e+01 2.262741699796952233e+01 9.219544457292887074e+00 1.802775637731994607e+01 1.300000000000000000e+01 7.280109889280518054e+00 1.204159457879229578e+01 2.343074902771996193e+01 1.044030650891055068e+01 1.969771560359220786e+01
2.529822128134703618e+01 7.071067811865475505e+00 1.811077027627483460e+01 1.897366596101027625e+01 7.810249675906653977e+00 1.562049935181330795e+01 0.000000000000000000e+00 1.749285568453590045e+01 1.923538406167134340e+01 2.941088233970548416e+01 4.101219330881975367e+01 2.692582403567251959e+01 3.956008088970496317e+01 3.832753579347360073e+01 2.507987240796890660e+01 2.630589287593181069e+01 1.941648783894759944e+01 3.360059523282288296e+01 1.500000000000000000e+01 1.044030650891055068e+01 2.563201123595259290e+01 2.570992026436488231e+01 2.555386467836127551e+01 2.828427124746190202e+01
1.655294535724684835e+01 1.280624847486569706e+01 1.923538406167134340e+01 2.284731931759172596e+01 2.137755832643194864e+01 3.162277660168379523e+00 1.749285568453590045e+01 0.000000000000000000e+00 2.000000000000000000e+00 1.300000000000000000e+01 2.441311123146740414e+01 1.403566884761819900e+01 2.308679276123039159e+01 2.334523505985750447e+01 2.061552812808830382e+01 2.549509756796392423e+01 6.403124237432848531e+00 1.627882059609970611e+01 1.615549442140351033e+01 7.810249675906653977e+00 9.000000000000000000e+00 2.640075756488817049e+01 8.062257748298549132e+00 2.195449840010014952e+01
1.749285568453590045e+01 1.414213562373095101e+01 2.102379604162863913e+01 2.469817807045693669e+01 2.334523505985750447e+01 5.099019513592784492e+00 1.923538406167134340e+01 2.000000000000000000e+00 0.000000000000000000e+00 1.100000000000000000e+01 2.332380757938120297e+01 1.431782106327635340e+01 2.109502310972898798e+01 2.137755832643194864e+01 2.193171219946130890e+01 2.701851217221259205e+01 5.385164807134503739e+00 1.486606874731850603e+01 1.802775637731994607e+01 9.219544457292887074e+00 7.000000000000000000e+00 2.801785145224380003e+01 6.403124237432848531e+00 2.302172886644267535e+01
2.500000000000000000e+01 2.325940669922601600e+01 3.132091952673165025e+01 3.517101079013794873e+01 3.423448553724738019e+01 1.603121954188139853e+01 2.941088233970548416e+01 1.300000000000000000e+01 1.100000000000000000e+01 0.000000000000000000e+00 2.002498439450078749e+01 1.979898987322333070e+01 1.019803902718556898e+01 1.077032961426900748e+01 3.052867504494749440e+01 3.623534186398687496e+01 1.029563014098700080e+01 1.104536101718726115e+01 2.863564212655270680e+01 1.897366596101027625e+01 4.000000000000000000e+00 3.757658845611187104e+01 7.211102550927978250e+00 3.061045573002793319e+01
2.158703314492290204e+01 3.720215047547655018e+01 3.289376840679705083e+01 3.668787265568828104e+01 4.243819034784588951e+01 2.549509756796392423e+01 4.101219330881975367e+01 2.441311123146740414e+01 2.332380757938120297e+01 2.002498439450078749e+01 0.000000000000000000e+00 1.615549442140351033e+01 2.012461179749810825e+01 2.563201123595259290e+01 2.729468812791236232e+01 3.313608305156178346e+01 2.692582403567251959e+01 9.219544457292887074e+00 3.220248437620923454e+01 3.220248437620923454e+01 2.061552812808830382e+01 3.522782990761707111e+01 1.746424919657297892e+01 2.501999200639360765e+01
6.082762530298219339e+00 2.500000000000000000e+01 1.676305461424021104e+01 2.061552812808830382e+01 2.690724809414741969e+01 1.315294643796590535e+01 2.692582403567251959e+01 1.403566884761819900e+01 1.431782106327635340e+01 1.979898987322333070e+01 1.615549442140351033e+01 0.000000000000000000e+00 2.683281572999747766e+01 3.000000000000000000e+01 1.216552506059643868e+01 1.824828759089465890e+01 1.964688270438849926e+01 1.334166406412633421e+01 1.612451549659709826e+01 2.039607805437113797e+01 1.720465053408525335e+01 2.009975124224177989e+01 1.280624847486569706e+01 1.118033988749894903e+01
3.269556544854363267e+01 3.324154027718932269e+01 4.060788100849390503e+01 4.455333881989092504e+01 4.440720662234903671e+01 2.601922366251537611e+01 3.956008088970496317e+01 2.308679276123039159e+01 2.109502310972898798e+01 1.019803902718556898e+01 2.012461179749810825e+01 2.683281572999747766e+01 0.000000000000000000e+00 6.000000000000000000e+00 3.862641583165593318e+01 4.459820624195551630e+01 2.024845673131658685e+01 1.421267040355189515e+01 3.820994634908559817e+01 2.912043955712207222e+01 1.414213562373095101e+01 4.617358552246078318e+01 1.612451549659709826e+01 3.801315561749642313e+01
3.551056180912940619e+01 3.157530680769388809e+01 4.205948168962618183e+01 4.588027898781784586e+01 4.400000000000000000e+01 2.647640458974745314e+01 3.832753579347360073e+01 2.334523505985750447e+01 2.137755832643194864e+01 1.077032961426900748e+01 2.563201123595259290e+01 3.000000000000000000e+01 6.000000000000000000e+00 0.000000000000000000e+00 4.118252056394800320e+01 4.695742752749558235e+01 1.902629759044044633e+01 1.860107523773827509e+01 3.929376540877699853e+01 2.807133769523639799e+01 1.456021977856103611e+01 4.833218389437828932e+01 1.788854381999831844e+01 4.104875150354758517e+01
6.082762530298219339e+00 2.647640458974745314e+01 8.062257748298549132e+00 1.063014581273464998e+01 2.154065922853801496e+01 1.802775637731994607e+01 2.507987240796890660e+01 2.061552812808830382e+01 2.193171219946130890e+01 3.052867504494749440e+01 2.729468812791236232e+01 1.216552506059643868e+01 3.862641583165593318e+01 4.118252056394800320e+01 0.000000000000000000e+00 6.082762530298219339e+00 2.701851217221259205e+01 2.549509756796392423e+01 1.019803902718556898e+01 2.340939982143925135e+01 2.720294101747088789e+01 8.000000000000000000e+00 2.332380757938120297e+01 3.605551275463989125e+00
1.216552506059643868e+01 2.915475947422650194e+01 8.246211251235321171e+00 8.246211251235321171e+00 2.109502310972898798e+01 2.262741699796952233e+01 2.630589287593181069e+01 2.549509756796392423e+01 2.701851217221259205e+01 3.623534186398687496e+01 3.313608305156178346e+01 1.824828759089465890e+01 4.459820624195551630e+01 4.695742752749558235e+01 6.082762530298219339e+00 0.000000000000000000e+00 3.182766092567909766e+01 3.157530680769388809e+01 1.170469991071962568e+01 2.692582403567251959e+01 3.275667870831839679e+01 2.236067977499789805e+00 2.906888370749726747e+01 8.246211251235321171e+00
2.282542442102665348e+01 1.300000000000000000e+01 2.523885892824792521e+01 2.865309756378880479e+01 2.501999200639360765e+01 9.219544457292887074e+00 1.941648783894759944e+01 6.403124237432848531e+00 5.385164807134503739e+00 1.029563014098700080e+01 2.692582403567251959e+01 1.964688270438849926e+01 2.024845673131658685e+01 1.902629759044044633e+01 2.701851217221259205e+01 3.182766092567909766e+01 0.000000000000000000e+00 1.788854381999831844e+01 2.195449840010014952e+01 9.055385138137417300e+00 7.071067811865475505e+00 3.264965543462901820e+01 9.486832980505138124e+00 2.830194339616981125e+01
1.941648783894759944e+01 2.900000000000000000e+01 2.906888370749726747e+01 3.306055050963308162e+01 3.624913792078371699e+01 1.802775637731994607e+01 3.360059523282288296e+01 1.627882059609970611e+01 1.486606874731850603e+01 1.104536101718726115e+01 9.219544457292887074e+00 1.334166406412633421e+01 1.421267040355189515e+01 1.860107523773827509e+01 2.549509756796392423e+01 3.157530680769388809e+01 1.788854381999831844e+01 0.000000000000000000e+00 2.745906043549196340e+01 2.404163056034261459e+01 1.140175425099137918e+01 3.337663853655727308e+01 8.602325267042626677e+00 2.435159132377184221e+01
1.204159457879229578e+01 1.746424919657297892e+01 3.605551275463989125e+00 6.708203932499369415e+00 1.166190378969060149e+01 1.300000000000000000e+01 1.500000000000000000e+01 1.615549442140351033e+01 1.802775637731994607e+01 2.863564212655270680e+01 3.220248437620923454e+01 1.612451549659709826e+01 3.820994634908559817e+01 3.929376540877699853e+01 1.019803902718556898e+01 1.170469991071962568e+01 2.195449840010014952e+01 2.745906043549196340e+01 0.000000000000000000e+00 1.562049935181330795e+01 2.473863375370596174e+01 1.166190378969060149e+01 2.209072203437452231e+01 1.360147050873544394e+01
2.109502310972898798e+01 5.000000000000000000e+00 1.920937271229854559e+01 2.193171219946130890e+01 1.612451549659709826e+01 7.280109889280518054e+00 1.044030650891055068e+01 7.810249675906653977e+00 9.219544457292887074e+00 1.897366596101027625e+01 3.220248437620923454e+01 2.039607805437113797e+01 2.912043955712207222e+01 2.807133769523639799e+01 2.340939982143925135e+01 2.692582403567251959e+01 9.055385138137417300e+00 2.404163056034261459e+01 1.562049935181330795e+01 0.000000000000000000e+00 1.523154621172781731e+01 2.720294101747088789e+01 1.562049935181330795e+01 2.570992026436488231e+01
2.193171219946130890e+01 1.972308292331602075e+01 2.751363298439520833e+01 3.132091952673165025e+01 3.026549190084311292e+01 1.204159457879229578e+01 2.563201123595259290e+01 9.000000000000000000e+00 7.000000000000000000e+00 4.000000000000000000e+00 2.061552812808830382e+01 1.720465053408525335e+01 1.414213562373095101e+01 1.456021977856103611e+01 2.720294101747088789e+01 3.275667870831839679e+01 7.071067811865475505e+00 1.140175425099137918e+01 2.473863375370596174e+01 1.523154621172781731e+01 0.000000000000000000e+00 3.400000000000000000e+01 4.472135954999579610e+00 2.758622844826744469e+01
1.403566884761819900e+01 2.906888370749726747e+01 8.062257748298549132e+00 7.000000000000000000e+00 2.000000000000000000e+01 2.343074902771996193e+01 2.570992026436488231e+01 2.640075756488817049e+01 2.801785145224380003e+01 3.757658845611187104e+01 3.522782990761707111e+01 2.009975124224177989e+01 4.617358552246078318e+01 4.833218389437828932e+01 8.000000000000000000e+00 2.236067977499789805e+00 3.264965543462901820e+01 3.337663853655727308e+01 1.166190378969060149e+01 2.720294101747088789e+01 3.400000000000000000e+01 0.000000000000000000e+00 3.046309242345563462e+01 1.044030650891055068e+01
1.780449381476485726e+01 2.051828452868319275e+01 2.451530134426252516e+01 2.844292530665578411e+01 2.912043955712207222e+01 1.044030650891055068e+01 2.555386467836127551e+01 8.062257748298549132e+00 6.403124237432848531e+00 7.211102550927978250e+00 1.746424919657297892e+01 1.280624847486569706e+01 1.612451549659709826e+01 1.788854381999831844e+01 2.332380757938120297e+01 2.906888370749726747e+01 9.486832980505138124e+00 8.602325267042626677e+00 2.209072203437452231e+01 1.562049935181330795e+01 4.472135954999579610e+00 3.046309242345563462e+01 0.000000000000000000e+00 2.343074902771996193e+01
5.656854249492380582e+00 2.915475947422650194e+01 1.166190378969060149e+01 1.414213562373095101e+01 2.507987240796890660e+01 1.969771560359220786e+01 2.828427124746190202e+01 2.195449840010014952e+01 2.302172886644267535e+01 3.061045573002793319e+01 2.501999200639360765e+01 1.118033988749894903e+01 3.801315561749642313e+01 4.104875150354758517e+01 3.605551275463989125e+00 8.246211251235321171e+00 2.830194339616981125e+01 2.435159132377184221e+01 1.360147050873544394e+01 2.570992026436488231e+01 2.758622844826744469e+01 1.044030650891055068e+01 2.343074902771996193e+01 0.000000000000000000e+00
