0.000000000000000000e+00 1.303840481040529831e+01 1.923538406167134340e+01 2.236067977499789805e+00 3.195309061734091571e+01 3.551056180912940619e+01 2.193171219946130890e+01 2.745906043549196340e+01 1.303840481040529831e+01 3.773592452822641263e+01 2.563201123595259290e+01 2.000000000000000000e+01 3.440930106817050671e+01 2.765863337187866122e+01 2.400000000000000000e+01 2.823118842698620767e+01 3.354101966249684352e+01 3.008321791298264714e+01 2.300000000000000000e+01 1.649242250247064234e+01 6.708203932499369415e+00 2.915475947422650194e+01 3.342154993413680586e+01 3.720215047547655018e+01
1.303840481040529831e+01 0.000000000000000000e+00 6.324555320336759046e+00 1.345362404707370985e+01 1.941648783894759944e+01 2.247220505424423109e+01 1.315294643796590535e+01 1.612451549659709826e+01 8.246211251235321171e+00 2.657066051117284644e+01 1.711724276862369010e+01 1.140175425099137918e+01 2.284731931759172596e+01 1.486606874731850603e+01 2.024845673131658685e+01 1.900000000000000000e+01 2.334523505985750447e+01 2.100000000000000000e+01 1.389244398944980396e+01 5.830951894845300743e+00 6.403124237432848531e+00 1.649242250247064234e+01 2.147091055358388800e+01 2.549509756796392423e+01
1.923538406167134340e+01 6.324555320336759046e+00 0.000000000000000000e+00 1.941648783894759944e+01 1.315294643796590535e+01 1.640121946685672683e+01 1.360147050873544394e+01 1.077032961426900748e+01 1.077032961426900748e+01 2.319482700948640286e+01 1.700000000000000000e+01 9.486832980505138124e+00 1.923538406167134340e+01 9.848857801796103928e+00 2.267156809750926882e+01 1.802775637731994607e+01 2.109502310972898798e+01 1.992485884517127559e+01 1.081665382639196871e+01 5.099019513592784492e+00 1.252996408614166768e+01 1.019803902718556898e+01 1.746424919657297892e+01 2.158703314492290204e+01
2.236067977499789805e+00 1.345362404707370985e+01 1.941648783894759944e+01 0.000000000000000000e+00 3.178049716414140846e+01 3.580502757993631491e+01 2.340939982143925135e+01 2.692582403567251959e+01 1.204159457879229578e+01 3.894868418830089496e+01 2.720294101747088789e+01 1.910497317454279909e+01 3.551056180912940619e+01 2.828427124746190202e+01 2.601922366251537611e+01 2.973213749463701205e+01 3.492849839314595783e+01 3.162277660168379256e+01 2.209072203437452231e+01 1.615549442140351033e+01 7.071067811865475505e+00 2.906888370749726747e+01 3.440930106817050671e+01 3.827531841800927737e+01
3.195309061734091571e+01 1.941648783894759944e+01 1.315294643796590535e+01 3.178049716414140846e+01 0.000000000000000000e+00 8.000000000000000000e+00 2.284731931759172596e+01 6.708203932499369415e+00 2.080865204668481283e+01 2.325940669922601600e+01 2.469817807045693669e+01 1.486606874731850603e+01 1.972308292331602075e+01 1.140175425099137918e+01 3.269556544854363267e+01 2.420743687382040932e+01 2.420743687382040932e+01 2.549509756796392423e+01 1.303840481040529831e+01 1.565247584249852864e+01 2.529822128134703618e+01 3.000000000000000000e+00 1.749285568453590045e+01 2.061552812808830382e+01
3.551056180912940619e+01 2.247220505424423109e+01 1.640121946685672683e+01 3.580502757993631491e+01 8.000000000000000000e+00 0.000000000000000000e+00 2.102379604162863913e+01 1.431782106327635340e+01 2.624880949681337583e+01 1.640121946685672683e+01 2.158703314492290204e+01 2.147091055358388800e+01 1.345362404707370985e+01 9.055385138137417300e+00 3.041381265149109936e+01 2.024845673131658685e+01 1.860107523773827509e+01 2.102379604162863913e+01 2.024845673131658685e+01 2.051828452868319275e+01 2.884441020371191300e+01 8.544003745317530374e+00 1.140175425099137918e+01 1.360147050873544394e+01
2.193171219946130890e+01 1.315294643796590535e+01 1.360147050873544394e+01 2.340939982143925135e+01 2.284731931759172596e+01 2.102379604162863913e+01 0.000000000000000000e+00 2.343074902771996193e+01 2.137755832643194864e+01 1.627882059609970611e+01 4.000000000000000000e+00 2.282542442102665348e+01 1.360147050873544394e+01 1.216552506059643868e+01 9.848857801796103928e+00 6.324555320336759046e+00 1.166190378969060149e+01 8.246211251235321171e+00 2.441311123146740414e+01 1.746424919657297892e+01 1.726267650163206824e+01 2.012461179749810825e+01 1.341640786499873883e+01 1.640121946685672683e+01
2.745906043549196340e+01 1.612451549659709826e+01 1.077032961426900748e+01 2.692582403567251959e+01 6.708203932499369415e+00 1.431782106327635340e+01 2.343074902771996193e+01 0.000000000000000000e+00 1.523154621172781731e+01 2.789265136196270589e+01 2.617250465660480074e+01 8.602325267042626677e+00 2.404163056034261459e+01 1.431782106327635340e+01 3.301514803843835466e+01 2.640075756488817049e+01 2.773084924772409465e+01 2.801785145224380003e+01 6.403124237432848531e+00 1.104536101718726115e+01 2.109502310972898798e+01 6.000000000000000000e+00 2.184032966784155505e+01 2.549509756796392423e+01
1.303840481040529831e+01 8.246211251235321171e+00 1.077032961426900748e+01 1.204159457879229578e+01 2.080865204668481283e+01 2.624880949681337583e+01 2.137755832643194864e+01 1.523154621172781731e+01 0.000000000000000000e+00 3.373425558686599857e+01 2.531797780234432693e+01 7.071067811865475505e+00 2.983286778035259701e+01 2.061552812808830382e+01 2.817800560721074277e+01 2.707397274136176790e+01 3.106444913401813324e+01 2.906888370749726747e+01 1.004987562112088995e+01 5.830951894845300743e+00 8.062257748298549132e+00 1.843908891458577415e+01 2.816025568065744622e+01 3.228002478313794654e+01
3.773592452822641263e+01 2.657066051117284644e+01 2.319482700948640286e+01 3.894868418830089496e+01 2.325940669922601600e+01 1.640121946685672683e+01 1.627882059609970611e+01 2.789265136196270589e+01 3.373425558686599857e+01 0.000000000000000000e+00 1.360147050873544394e+01 3.200000000000000000e+01 4.000000000000000000e+00 1.403566884761819900e+01 2.154065922853801496e+01 1.081665382639196871e+01 5.385164807134503739e+00 9.848857801796103928e+00 3.214031735997639316e+01 2.828427124746190202e+01 3.220248437620923454e+01 2.213594362117865444e+01 6.082762530298219339e+00 2.828427124746190291e+00
2.563201123595259290e+01 1.711724276862369010e+01 1.700000000000000000e+01 2.720294101747088789e+01 2.469817807045693669e+01 2.158703314492290204e+01 4.000000000000000000e+00 2.617250465660480074e+01 2.531797780234432693e+01 1.360147050873544394e+01 0.000000000000000000e+00 2.640075756488817049e+01 1.170469991071962568e+01 1.341640786499873883e+01 9.000000000000000000e+00 2.828427124746190291e+00 8.485281374238569541e+00 4.472135954999579610e+00 2.778488797889960793e+01 2.118962010041709121e+01 2.121320343559642652e+01 2.220360331117451835e+01 1.216552506059643868e+01 1.431782106327635340e+01
2.000000000000000000e+01 1.140175425099137918e+01 9.486832980505138124e+00 1.910497317454279909e+01 1.486606874731850603e+01 2.147091055358388800e+01 2.282542442102665348e+01 8.602325267042626677e+00 7.071067811865475505e+00 3.200000000000000000e+01 2.640075756488817049e+01 0.000000000000000000e+00 2.800000000000000000e+01 1.802775637731994607e+01 3.124099870362661591e+01 2.751363298439520833e+01 3.041381265149109936e+01 2.941088233970548416e+01 3.000000000000000000e+00 5.656854249492380582e+00 1.431782106327635340e+01 1.303840481040529831e+01 2.601922366251537611e+01 3.006659275674581622e+01
3.440930106817050671e+01 2.284731931759172596e+01 1.923538406167134340e+01 3.551056180912940619e+01 1.972308292331602075e+01 1.345362404707370985e+01 1.360147050873544394e+01 2.404163056034261459e+01 2.983286778035259701e+01 4.000000000000000000e+00 1.170469991071962568e+01 2.800000000000000000e+01 0.000000000000000000e+00 1.004987562112088995e+01 2.039607805437113797e+01 9.219544457292887074e+00 5.385164807134503739e+00 9.000000000000000000e+00 2.816025568065744622e+01 2.433105012119287736e+01 2.865309756378880479e+01 1.838477631085023489e+01 2.236067977499789805e+00 2.828427124746190291e+00
2.765863337187866122e+01 1.486606874731850603e+01 9.848857801796103928e+00 2.828427124746190202e+01 1.140175425099137918e+01 9.055385138137417300e+00 1.216552506059643868e+01 1.431782106327635340e+01 2.061552812808830382e+01 1.403566884761819900e+01 1.341640786499873883e+01 1.802775637731994607e+01 1.004987562112088995e+01 0.000000000000000000e+00 2.184032966784155505e+01 1.280624847486569706e+01 1.341640786499873883e+01 1.414213562373095101e+01 1.811077027627483460e+01 1.486606874731850603e+01 2.121320343559642652e+01 9.219544457292887074e+00 8.000000000000000000e+00 1.204159457879229578e+01
2.400000000000000000e+01 2.024845673131658685e+01 2.267156809750926882e+01 2.601922366251537611e+01 3.269556544854363267e+01 3.041381265149109936e+01 9.848857801796103928e+00 3.301514803843835466e+01 2.817800560721074277e+01 2.154065922853801496e+01 9.000000000000000000e+00 3.124099870362661591e+01 2.039607805437113797e+01 2.184032966784155505e+01 0.000000000000000000e+00 1.118033988749894903e+01 1.615549442140351033e+01 1.170469991071962568e+01 3.324154027718932269e+01 2.561249694973139412e+01 2.184032966784155505e+01 2.996664812754339380e+01 2.109502310972898798e+01 2.280350850198275836e+01
2.823118842698620767e+01 1.900000000000000000e+01 1.802775637731994607e+01 2.973213749463701205e+01 2.420743687382040932e+01 2.024845673131658685e+01 6.324555320336759046e+00 2.640075756488817049e+01 2.707397274136176790e+01 1.081665382639196871e+01 2.828427124746190291e+00 2.751363298439520833e+01 9.219544457292887074e+00 1.280624847486569706e+01 1.118033988749894903e+01 0.000000000000000000e+00 5.656854249492380582e+00 2.000000000000000000e+00 2.863564212655270680e+01 2.256102834535695578e+01 2.353720459187963954e+01 2.193171219946130890e+01 1.000000000000000000e+01 1.170469991071962568e+01
3.354101966249684352e+01 2.334523505985750447e+01 2.109502310972898798e+01 3.492849839314595783e+01 2.420743687382040932e+01 1.860107523773827509e+01 1.166190378969060149e+01 2.773084924772409465e+01 3.106444913401813324e+01 5.385164807134503739e+00 8.485281374238569541e+00 3.041381265149109936e+01 5.385164807134503739e+00 1.341640786499873883e+01 1.615549442140351033e+01 5.656854249492380582e+00 0.000000000000000000e+00 4.472135954999579610e+00 3.104834939252004844e+01 2.601922366251537611e+01 2.846049894151541437e+01 2.247220505424423109e+01 7.211102550927978250e+00 7.000000000000000000e+00
3.008321791298264714e+01 2.100000000000000000e+01 1.992485884517127559e+01 3.162277660168379256e+01 2.549509756796392423e+01 2.102379604162863913e+01 8.246211251235321171e+00 2.801785145224380003e+01 2.906888370749726747e+01 9.848857801796103928e+00 4.472135954999579610e+00 2.941088233970548416e+01 9.000000000000000000e+00 1.414213562373095101e+01 1.170469991071962568e+01 2.000000000000000000e+00 4.472135954999579610e+00 0.000000000000000000e+00 3.046309242345563462e+01 2.451530134426252516e+01 2.549509756796392423e+01 2.334523505985750447e+01 1.019803902718556898e+01 1.118033988749894903e+01
2.300000000000000000e+01 1.389244398944980396e+01 1.081665382639196871e+01 2.209072203437452231e+01 1.303840481040529831e+01 2.024845673131658685e+01 2.441311123146740414e+01 6.403124237432848531e+00 1.004987562112088995e+01 3.214031735997639316e+01 2.778488797889960793e+01 3.000000000000000000e+00 2.816025568065744622e+01 1.811077027627483460e+01 3.324154027718932269e+01 2.863564212655270680e+01 3.104834939252004844e+01 3.046309242345563462e+01 0.000000000000000000e+00 8.062257748298549132e+00 1.726267650163206824e+01 1.170469991071962568e+01 2.607680962081059661e+01 3.001666203960726875e+01
1.649242250247064234e+01 5.830951894845300743e+00 5.099019513592784492e+00 1.615549442140351033e+01 1.565247584249852864e+01 2.051828452868319275e+01 1.746424919657297892e+01 1.104536101718726115e+01 5.830951894845300743e+00 2.828427124746190202e+01 2.118962010041709121e+01 5.656854249492380582e+00 2.433105012119287736e+01 1.486606874731850603e+01 2.561249694973139412e+01 2.256102834535695578e+01 2.601922366251537611e+01 2.451530134426252516e+01 8.062257748298549132e+00 0.000000000000000000e+00 1.004987562112088995e+01 1.303840481040529831e+01 2.256102834535695578e+01 2.668332812825266842e+01
6.708203932499369415e+00 6.403124237432848531e+00 1.252996408614166768e+01 7.071067811865475505e+00 2.529822128134703618e+01 2.884441020371191300e+01 1.726267650163206824e+01 2.109502310972898798e+01 8.062257748298549132e+00 3.220248437620923454e+01 2.121320343559642652e+01 1.431782106327635340e+01 2.865309756378880479e+01 2.121320343559642652e+01 2.184032966784155505e+01 2.353720459187963954e+01 2.846049894151541437e+01 2.549509756796392423e+01 1.726267650163206824e+01 1.004987562112088995e+01 0.000000000000000000e+00 2.247220505424423109e+01 2.745906043549196340e+01 3.138470965295043058e+01
2.915475947422650194e+01 1.649242250247064234e+01 1.019803902718556898e+01 2.906888370749726747e+01 3.000000000000000000e+00 8.544003745317530374e+00 2.012461179749810825e+01 6.000000000000000000e+00 1.843908891458577415e+01 2.213594362117865444e+01 2.220360331117451835e+01 1.303840481040529831e+01 1.838477631085023489e+01 9.219544457292887074e+00 2.996664812754339380e+01 2.193171219946130890e+01 2.247220505424423109e+01 2.334523505985750447e+01 1.170469991071962568e+01 1.303840481040529831e+01 2.247220505424423109e+01 0.000000000000000000e+00 1.615549442140351033e+01 1.964688270438849926e+01
3.342154993413680586e+01 2.147091055358388800e+01 1.746424919657297892e+01 3.440930106817050671e+01 1.749285568453590045e+01 1.140175425099137918e+01 1.341640786499873883e+01 2.184032966784155505e+01 2.816025568065744622e+01 6.082762530298219339e+00 1.216552506059643868e+01 2.601922366251537611e+01 2.236067977499789805e+00 8.000000000000000000e+00 2.109502310972898798e+01 1.000000000000000000e+01 7.211102550927978250e+00 1.019803902718556898e+01 2.607680962081059661e+01 2.256102834535695578e+01 2.745906043549196340e+01 1.615549442140351033e+01 0.000000000000000000e+00 4.123105625617660586e+00
3.720215047547655018e+01 2.549509756796392423e+01 2.158703314492290204e+01 3.827531841800927737e+01 2.061552812808830382e+01 1.360147050873544394e+01 1.640121946685672683e+01 2.549509756796392423e+01 3.228002478313794654e+01 2.828427124746190291e+00 1.431782106327635340e+01 3.006659275674581622e+01 2.828427124746190291e+00 1.204159457879229578e+01 2.280350850198275836e+01 1.170469991071962568e+01 7.000000000000000000e+00 1.118033988749894903e+01 3.001666203960726875e+01 2.668332812825266842e+01 3.138470965295043058e+01 1.964688270438849926e+01 4.123105625617660586e+00 0.000000000000000000e+00
