0.000000000000000000e+00 1.456021977856103611e+01 5.000000000000000000e+00 7.071067811865475505e+00 3.330165161069342616e+01 5.830951894845300743e+00 1.746424919657297892e+01 2.343074902771996193e+01 2.236067977499789805e+00 1.868154169226940553e+01 2.353720459187963954e+01 1.600000000000000000e+01 1.992485884517127559e+01 2.300000000000000000e+01 8.062257748298549132e+00 5.385164807134503739e+00 1.345362404707370985e+01 1.902629759044044633e+01 3.679673898594819548e+01 3.244996147917590434e+01 1.720465053408525335e+01 2.778488797889960793e+01 9.486832980505138124e+00 6.403124237432848531e+00 2.102379604162863913e+01 5.000000000000000000e+00 1.081665382639196871e+01
1.456021977856103611e+01 0.000000000000000000e+00 1.802775637731994607e+01 1.334166406412633421e+01 2.109502310972898798e+01 1.702938636592640265e+01 3.605551275463989125e+00 1.170469991071962568e+01 1.513274595042155646e+01 4.123105625617660586e+00 1.272792206135785520e+01 4.472135954999579610e+00 1.118033988749894903e+01 2.360084744241189370e+01 6.708203932499369415e+00 1.081665382639196871e+01 6.403124237432848531e+00 5.830951894845300743e+00 2.549509756796392423e+01 2.334523505985750447e+01 6.000000000000000000e+00 1.414213562373095101e+01 8.602325267042626677e+00 9.000000000000000000e+00 8.602325267042626677e+00 1.664331697709323876e+01 1.118033988749894903e+01
5.000000000000000000e+00 1.802775637731994607e+01 0.000000000000000000e+00 6.403124237432848531e+00 3.466987164671942878e+01 2.236067977499789805e+00 2.039607805437113797e+01 2.505992817228333536e+01 3.162277660168379523e+00 2.209072203437452231e+01 2.816025568065744622e+01 2.022374841615668473e+01 2.469817807045693669e+01 2.039607805437113797e+01 1.216552506059643868e+01 1.029563014098700080e+01 1.523154621172781731e+01 2.308679276123039159e+01 3.764306044943742080e+01 3.255764119219941222e+01 1.931320791582796659e+01 3.008321791298264714e+01 1.431782106327635340e+01 9.055385138137417300e+00 2.531797780234432693e+01 8.944271909999159220e+00 1.581138830084189628e+01
7.071067811865475505e+00 1.334166406412633421e+01 6.403124237432848531e+00 0.000000000000000000e+00 2.830194339616981125e+01 4.472135954999579610e+00 1.500000000000000000e+01 1.878829422805593552e+01 5.385164807134503739e+00 1.711724276862369010e+01 2.505992817228333536e+01 1.655294535724684835e+01 2.220360331117451835e+01 1.603121954188139853e+01 9.219544457292887074e+00 9.848857801796103928e+00 9.219544457292887074e+00 1.897366596101027625e+01 3.124099870362661591e+01 2.624880949681337583e+01 1.334166406412633421e+01 2.404163056034261459e+01 1.280624847486569706e+01 5.000000000000000000e+00 2.154065922853801496e+01 1.204159457879229578e+01 1.526433752247374720e+01
3.330165161069342616e+01 2.109502310972898798e+01 3.466987164671942878e+01 2.830194339616981125e+01 0.000000000000000000e+00 3.275667870831839679e+01 1.749285568453590045e+01 9.899494936611665352e+00 3.280243893371345365e+01 1.838477631085023489e+01 2.707397274136176790e+01 2.376972864800942631e+01 2.863564212655270680e+01 2.501999200639360765e+01 2.701851217221259205e+01 3.124099870362661591e+01 1.984943324127920761e+01 2.184032966784155505e+01 5.000000000000000000e+00 8.602325267042626677e+00 1.627882059609970611e+01 8.062257748298549132e+00 2.968164415931165934e+01 2.690724809414741969e+01 2.334523505985750447e+01 3.679673898594819548e+01 3.224903099319419653e+01
5.830951894845300743e+00 1.702938636592640265e+01 2.236067977499789805e+00 4.472135954999579610e+00 3.275667870831839679e+01 0.000000000000000000e+00 1.910497317454279909e+01 2.325940669922601600e+01 3.605551275463989125e+00 2.100000000000000000e+01 2.785677655436823841e+01 1.964688270438849926e+01 2.459674775249768786e+01 1.824828759089465890e+01 1.170469991071962568e+01 1.063014581273464998e+01 1.360147050873544394e+01 2.236067977499789805e+01 3.560898762952971452e+01 3.041381265149109936e+01 1.772004514666934938e+01 2.846049894151541437e+01 1.442220510185595650e+01 8.062257748298549132e+00 2.473863375370596174e+01 1.044030650891055068e+01 1.627882059609970611e+01
1.746424919657297892e+01 3.605551275463989125e+00 2.039607805437113797e+01 1.500000000000000000e+01 1.749285568453590045e+01 1.910497317454279909e+01 0.000000000000000000e+00 8.246211251235321171e+00 1.772004514666934938e+01 2.828427124746190291e+00 1.389244398944980396e+01 7.000000000000000000e+00 1.334166406412633421e+01 2.262741699796952233e+01 1.000000000000000000e+01 1.421267040355189515e+01 6.324555320336759046e+00 6.708203932499369415e+00 2.193171219946130890e+01 2.009975124224177989e+01 3.605551275463989125e+00 1.063014581273464998e+01 1.220655561573370207e+01 1.140175425099137918e+01 9.433981132056603158e+00 2.000000000000000000e+01 1.476482306023340030e+01
2.343074902771996193e+01 1.170469991071962568e+01 2.505992817228333536e+01 1.878829422805593552e+01 9.899494936611665352e+00 2.325940669922601600e+01 8.246211251235321171e+00 0.000000000000000000e+00 2.302172886644267535e+01 1.000000000000000000e+01 2.061552812808830382e+01 1.513274595042155646e+01 2.102379604162863913e+01 1.969771560359220786e+01 1.720465053408525335e+01 2.140093455903269515e+01 1.000000000000000000e+01 1.403566884761819900e+01 1.389244398944980396e+01 1.200000000000000000e+01 6.403124237432848531e+00 6.082762530298219339e+00 2.012461179749810825e+01 1.702938636592640265e+01 1.627882059609970611e+01 2.690724809414741969e+01 2.284731931759172596e+01
2.236067977499789805e+00 1.513274595042155646e+01 3.162277660168379523e+00 5.385164807134503739e+00 3.280243893371345365e+01 3.605551275463989125e+00 1.772004514666934938e+01 2.302172886644267535e+01 0.000000000000000000e+00 1.923538406167134340e+01 2.500000000000000000e+01 1.711724276862369010e+01 2.154065922853801496e+01 2.102379604162863913e+01 9.055385138137417300e+00 7.211102550927978250e+00 1.303840481040529831e+01 2.002498439450078749e+01 3.606937759374286401e+01 3.140063693621516450e+01 1.700000000000000000e+01 2.773084924772409465e+01 1.118033988749894903e+01 6.324555320336759046e+00 2.220360331117451835e+01 7.071067811865475505e+00 1.280624847486569706e+01
1.868154169226940553e+01 4.123105625617660586e+00 2.209072203437452231e+01 1.711724276862369010e+01 1.838477631085023489e+01 2.100000000000000000e+01 2.828427124746190291e+00 1.000000000000000000e+01 1.923538406167134340e+01 0.000000000000000000e+00 1.118033988749894903e+01 5.385164807134503739e+00 1.104536101718726115e+01 2.545584412271571040e+01 1.077032961426900748e+01 1.476482306023340030e+01 8.944271909999159220e+00 4.123105625617660586e+00 2.308679276123039159e+01 2.200000000000000000e+01 6.403124237432848531e+00 1.081665382639196871e+01 1.204159457879229578e+01 1.303840481040529831e+01 6.708203932499369415e+00 2.059126028197400160e+01 1.421267040355189515e+01
2.353720459187963954e+01 1.272792206135785520e+01 2.816025568065744622e+01 2.505992817228333536e+01 2.707397274136176790e+01 2.785677655436823841e+01 1.389244398944980396e+01 2.061552812808830382e+01 2.500000000000000000e+01 1.118033988749894903e+01 0.000000000000000000e+00 8.602325267042626677e+00 4.123105625617660586e+00 3.623534186398687496e+01 1.615549442140351033e+01 1.824828759089465890e+01 1.910497317454279909e+01 7.211102550927978250e+00 3.206243908376279705e+01 3.238826948140329165e+01 1.749285568453590045e+01 1.902629759044044633e+01 1.414213562373095101e+01 2.012461179749810825e+01 4.472135954999579610e+00 2.300000000000000000e+01 1.403566884761819900e+01
1.600000000000000000e+01 4.472135954999579610e+00 2.022374841615668473e+01 1.655294535724684835e+01 2.376972864800942631e+01 1.964688270438849926e+01 7.000000000000000000e+00 1.513274595042155646e+01 1.711724276862369010e+01 5.385164807134503739e+00 8.602325267042626677e+00 0.000000000000000000e+00 6.708203932499369415e+00 2.801785145224380003e+01 8.062257748298549132e+00 1.118033988749894903e+01 1.081665382639196871e+01 3.162277660168379523e+00 2.846049894151541437e+01 2.707397274136176790e+01 1.019803902718556898e+01 1.612451549659709826e+01 7.615773105863908654e+00 1.170469991071962568e+01 5.099019513592784492e+00 1.676305461424021104e+01 9.219544457292887074e+00
1.992485884517127559e+01 1.118033988749894903e+01 2.469817807045693669e+01 2.220360331117451835e+01 2.863564212655270680e+01 2.459674775249768786e+01 1.334166406412633421e+01 2.102379604162863913e+01 2.154065922853801496e+01 1.104536101718726115e+01 4.123105625617660586e+00 6.708203932499369415e+00 0.000000000000000000e+00 3.466987164671942878e+01 1.303840481040529831e+01 1.456021977856103611e+01 1.749285568453590045e+01 7.000000000000000000e+00 3.354101966249684352e+01 3.301514803843835466e+01 1.676305461424021104e+01 2.061552812808830382e+01 1.044030650891055068e+01 1.720465053408525335e+01 5.385164807134503739e+00 1.902629759044044633e+01 1.000000000000000000e+01
2.300000000000000000e+01 2.360084744241189370e+01 2.039607805437113797e+01 1.603121954188139853e+01 2.501999200639360765e+01 1.824828759089465890e+01 2.262741699796952233e+01 1.969771560359220786e+01 2.102379604162863913e+01 2.545584412271571040e+01 3.623534186398687496e+01 2.801785145224380003e+01 3.466987164671942878e+01 0.000000000000000000e+00 2.340939982143925135e+01 2.549509756796392423e+01 1.720465053408525335e+01 2.906888370749726747e+01 2.531797780234432693e+01 1.843908891458577415e+01 1.910497317454279909e+01 2.563201123595259290e+01 2.751363298439520833e+01 1.964688270438849926e+01 3.189043743820394994e+01 2.800000000000000000e+01 3.036445290137795183e+01
8.062257748298549132e+00 6.708203932499369415e+00 1.216552506059643868e+01 9.219544457292887074e+00 2.701851217221259205e+01 1.170469991071962568e+01 1.000000000000000000e+01 1.720465053408525335e+01 9.055385138137417300e+00 1.077032961426900748e+01 1.615549442140351033e+01 8.062257748298549132e+00 1.303840481040529831e+01 2.340939982143925135e+01 0.000000000000000000e+00 4.242640687119284770e+00 8.246211251235321171e+00 1.100000000000000000e+01 3.106444913401813324e+01 2.785677655436823841e+01 1.081665382639196871e+01 2.061552812808830382e+01 4.123105625617660586e+00 4.242640687119284770e+00 1.315294643796590535e+01 1.000000000000000000e+01 7.071067811865475505e+00
5.385164807134503739e+00 1.081665382639196871e+01 1.029563014098700080e+01 9.848857801796103928e+00 3.124099870362661591e+01 1.063014581273464998e+01 1.421267040355189515e+01 2.140093455903269515e+01 7.211102550927978250e+00 1.476482306023340030e+01 1.824828759089465890e+01 1.118033988749894903e+01 1.456021977856103611e+01 2.549509756796392423e+01 4.242640687119284770e+00 0.000000000000000000e+00 1.208304597359457233e+01 1.431782106327635340e+01 3.522782990761707111e+01 3.178049716414140846e+01 1.500000000000000000e+01 2.483948469674844262e+01 4.123105625617660586e+00 6.000000000000000000e+00 1.603121954188139853e+01 5.830951894845300743e+00 5.656854249492380582e+00
1.345362404707370985e+01 6.403124237432848531e+00 1.523154621172781731e+01 9.219544457292887074e+00 1.984943324127920761e+01 1.360147050873544394e+01 6.324555320336759046e+00 1.000000000000000000e+01 1.303840481040529831e+01 8.944271909999159220e+00 1.910497317454279909e+01 1.081665382639196871e+01 1.749285568453590045e+01 1.720465053408525335e+01 8.246211251235321171e+00 1.208304597359457233e+01 0.000000000000000000e+00 1.204159457879229578e+01 2.343074902771996193e+01 1.969771560359220786e+01 4.123105625617660586e+00 1.486606874731850603e+01 1.204159457879229578e+01 7.071067811865475505e+00 1.486606874731850603e+01 1.720465053408525335e+01 1.503329637837290811e+01
1.902629759044044633e+01 5.830951894845300743e+00 2.308679276123039159e+01 1.897366596101027625e+01 2.184032966784155505e+01 2.236067977499789805e+01 6.708203932499369415e+00 1.403566884761819900e+01 2.002498439450078749e+01 4.123105625617660586e+00 7.211102550927978250e+00 3.162277660168379523e+00 7.000000000000000000e+00 2.906888370749726747e+01 1.100000000000000000e+01 1.431782106327635340e+01 1.204159457879229578e+01 0.000000000000000000e+00 2.668332812825266842e+01 2.601922366251537611e+01 1.029563014098700080e+01 1.392838827718411920e+01 1.077032961426900748e+01 1.431782106327635340e+01 2.828427124746190291e+00 1.992485884517127559e+01 1.220655561573370207e+01
3.679673898594819548e+01 2.549509756796392423e+01 3.764306044943742080e+01 3.124099870362661591e+01 5.000000000000000000e+00 3.560898762952971452e+01 2.193171219946130890e+01 1.389244398944980396e+01 3.606937759374286401e+01 2.308679276123039159e+01 3.206243908376279705e+01 2.846049894151541437e+01 3.354101966249684352e+01 2.531797780234432693e+01 3.106444913401813324e+01 3.522782990761707111e+01 2.343074902771996193e+01 2.668332812825266842e+01 0.000000000000000000e+00 7.000000000000000000e+00 2.024845673131658685e+01 1.303840481040529831e+01 3.400000000000000000e+01 3.047950130825634218e+01 2.828427124746190202e+01 4.060788100849390503e+01 3.667424164178449786e+01
3.244996147917590434e+01 2.334523505985750447e+01 3.255764119219941222e+01 2.624880949681337583e+01 8.602325267042626677e+00 3.041381265149109936e+01 2.009975124224177989e+01 1.200000000000000000e+01 3.140063693621516450e+01 2.200000000000000000e+01 3.238826948140329165e+01 2.707397274136176790e+01 3.301514803843835466e+01 1.843908891458577415e+01 2.785677655436823841e+01 3.178049716414140846e+01 1.969771560359220786e+01 2.601922366251537611e+01 7.000000000000000000e+00 0.000000000000000000e+00 1.746424919657297892e+01 1.431782106327635340e+01 3.132091952673165025e+01 2.641968962724581260e+01 2.816025568065744622e+01 3.671511950137163893e+01 3.420526275297414287e+01
1.720465053408525335e+01 6.000000000000000000e+00 1.931320791582796659e+01 1.334166406412633421e+01 1.627882059609970611e+01 1.772004514666934938e+01 3.605551275463989125e+00 6.403124237432848531e+00 1.700000000000000000e+01 6.403124237432848531e+00 1.749285568453590045e+01 1.019803902718556898e+01 1.676305461424021104e+01 1.910497317454279909e+01 1.081665382639196871e+01 1.500000000000000000e+01 4.123105625617660586e+00 1.029563014098700080e+01 2.024845673131658685e+01 1.746424919657297892e+01 0.000000000000000000e+00 1.077032961426900748e+01 1.392838827718411920e+01 1.081665382639196871e+01 1.303840481040529831e+01 2.051828452868319275e+01 1.676305461424021104e+01
2.778488797889960793e+01 1.414213562373095101e+01 3.008321791298264714e+01 2.404163056034261459e+01 8.062257748298549132e+00 2.846049894151541437e+01 1.063014581273464998e+01 6.082762530298219339e+00 2.773084924772409465e+01 1.081665382639196871e+01 1.902629759044044633e+01 1.612451549659709826e+01 2.061552812808830382e+01 2.563201123595259290e+01 2.061552812808830382e+01 2.483948469674844262e+01 1.486606874731850603e+01 1.392838827718411920e+01 1.303840481040529831e+01 1.431782106327635340e+01 1.077032961426900748e+01 0.000000000000000000e+00 2.267156809750926882e+01 2.147091055358388800e+01 1.529705854077835525e+01 3.061045573002793319e+01 2.500000000000000000e+01
9.486832980505138124e+00 8.602325267042626677e+00 1.431782106327635340e+01 1.280624847486569706e+01 2.968164415931165934e+01 1.442220510185595650e+01 1.220655561573370207e+01 2.012461179749810825e+01 1.118033988749894903e+01 1.204159457879229578e+01 1.414213562373095101e+01 7.615773105863908654e+00 1.044030650891055068e+01 2.751363298439520833e+01 4.123105625617660586e+00 4.123105625617660586e+00 1.204159457879229578e+01 1.077032961426900748e+01 3.400000000000000000e+01 3.132091952673165025e+01 1.392838827718411920e+01 2.267156809750926882e+01 0.000000000000000000e+00 8.062257748298549132e+00 1.216552506059643868e+01 9.219544457292887074e+00 3.000000000000000000e+00
6.403124237432848531e+00 9.000000000000000000e+00 9.055385138137417300e+00 5.000000000000000000e+00 2.690724809414741969e+01 8.062257748298549132e+00 1.140175425099137918e+01 1.702938636592640265e+01 6.324555320336759046e+00 1.303840481040529831e+01 2.012461179749810825e+01 1.170469991071962568e+01 1.720465053408525335e+01 1.964688270438849926e+01 4.242640687119284770e+00 6.000000000000000000e+00 7.071067811865475505e+00 1.431782106327635340e+01 3.047950130825634218e+01 2.641968962724581260e+01 1.081665382639196871e+01 2.147091055358388800e+01 8.062257748298549132e+00 0.000000000000000000e+00 1.676305461424021104e+01 1.029563014098700080e+01 1.077032961426900748e+01
2.102379604162863913e+01 8.602325267042626677e+00 2.531797780234432693e+01 2.154065922853801496e+01 2.334523505985750447e+01 2.473863375370596174e+01 9.433981132056603158e+00 1.627882059609970611e+01 2.220360331117451835e+01 6.708203932499369415e+00 4.472135954999579610e+00 5.099019513592784492e+00 5.385164807134503739e+00 3.189043743820394994e+01 1.315294643796590535e+01 1.603121954188139853e+01 1.486606874731850603e+01 2.828427124746190291e+00 2.828427124746190202e+01 2.816025568065744622e+01 1.303840481040529831e+01 1.529705854077835525e+01 1.216552506059643868e+01 1.676305461424021104e+01 0.000000000000000000e+00 2.137755832643194864e+01 1.300000000000000000e+01
5.000000000000000000e+00 1.664331697709323876e+01 8.944271909999159220e+00 1.204159457879229578e+01 3.679673898594819548e+01 1.044030650891055068e+01 2.000000000000000000e+01 2.690724809414741969e+01 7.071067811865475505e+00 2.059126028197400160e+01 2.300000000000000000e+01 1.676305461424021104e+01 1.902629759044044633e+01 2.800000000000000000e+01 1.000000000000000000e+01 5.830951894845300743e+00 1.720465053408525335e+01 1.992485884517127559e+01 4.060788100849390503e+01 3.671511950137163893e+01 2.051828452868319275e+01 3.061045573002793319e+01 9.219544457292887074e+00 1.029563014098700080e+01 2.137755832643194864e+01 0.000000000000000000e+00 9.055385138137417300e+00
1.081665382639196871e+01 1.118033988749894903e+01 1.581138830084189628e+01 1.526433752247374720e+01 3.224903099319419653e+01 1.627882059609970611e+01 1.476482306023340030e+01 2.284731931759172596e+01 1.280624847486569706e+01 1.421267040355189515e+01 1.403566884761819900e+01 9.219544457292887074e+00 1.000000000000000000e+01 3.036445290137795183e+01 7.071067811865475505e+00 5.656854249492380582e+00 1.503329637837290811e+01 1.220655561573370207e+01 3.667424164178449786e+01 3.420526275297414287e+01 1.676305461424021104e+01 2.500000000000000000e+01 3.000000000000000000e+00 1.077032961426900748e+01 1.300000000000000000e+01 9.055385138137417300e+00 0.000000000000000000e+00
