0.000000000000000000e+00 2.002498439450078749e+01 2.441311123146740414e+01 1.403566884761819900e+01 3.001666203960726875e+01 8.544003745317530374e+00 7.071067811865475505e+00 4.614108798023730884e+01 2.012461179749810825e+01 4.386342439892261780e+01 3.820994634908559817e+01 3.748332962798262713e+01 4.272001872658765365e+01 4.000000000000000000e+01 1.280624847486569706e+01 4.494441010848846219e+01 2.765863337187866122e+01 1.788854381999831844e+01 1.044030650891055068e+01 6.708203932499369415e+00 3.132091952673165025e+01 3.535533905932737753e+01 4.763402145525821396e+01 3.522782990761707111e+01 3.324154027718932269e+01 3.841874542459709119e+01
2.002498439450078749e+01 0.000000000000000000e+00 2.184032966784155505e+01 6.324555320336759046e+00 2.745906043549196340e+01 2.828427124746190202e+01 2.700000000000000000e+01 4.110960958218893069e+01 1.019803902718556898e+01 4.104875150354758517e+01 4.215447781671598193e+01 4.049691346263317371e+01 4.130375285612676350e+01 4.561797891182817466e+01 1.345362404707370985e+01 4.318564576337836769e+01 9.899494936611665352e+00 2.080865204668481283e+01 3.006659275674581622e+01 1.414213562373095101e+01 4.244997055358224713e+01 2.647640458974745314e+01 3.929376540877699853e+01 4.326661530556787483e+01 3.757658845611187104e+01 2.692582403567251959e+01
2.441311123146740414e+01 2.184032966784155505e+01 0.000000000000000000e+00 1.900000000000000000e+01 6.082762530298219339e+00 2.780287754891568852e+01 2.969848480983499428e+01 2.193171219946130890e+01 1.170469991071962568e+01 2.039607805437113797e+01 2.059126028197400160e+01 1.878829422805593552e+01 2.002498439450078749e+01 2.441311123146740414e+01 1.264911064067351809e+01 2.209072203437452231e+01 1.910497317454279909e+01 7.211102550927978250e+00 3.324154027718932269e+01 2.435159132377184221e+01 2.507987240796890660e+01 1.208304597359457233e+01 2.334523505985750447e+01 2.343074902771996193e+01 1.640121946685672683e+01 1.649242250247064234e+01
1.403566884761819900e+01 6.324555320336759046e+00 1.900000000000000000e+01 0.000000000000000000e+00 2.501999200639360765e+01 2.209072203437452231e+01 2.109502310972898798e+01 4.002499219237900263e+01 8.944271909999159220e+00 3.920459156782531807e+01 3.832753579347360073e+01 3.687817782917154830e+01 3.901281840626231912e+01 4.143669871020131978e+01 8.062257748298549132e+00 4.104875150354758517e+01 1.392838827718411920e+01 1.615549442140351033e+01 2.433105012119287736e+01 8.944271909999159220e+00 3.701351104664349378e+01 2.640075756488817049e+01 3.939543120718441571e+01 3.847076812334268681e+01 3.352610922848042208e+01 2.801785145224380003e+01
3.001666203960726875e+01 2.745906043549196340e+01 6.082762530298219339e+00 2.501999200639360765e+01 0.000000000000000000e+00 3.252691193458118590e+01 3.482814953453599571e+01 1.612451549659709826e+01 1.726267650163206824e+01 1.431782106327635340e+01 1.627882059609970611e+01 1.421267040355189515e+01 1.400000000000000000e+01 2.051828452868319275e+01 1.868154169226940553e+01 1.603121954188139853e+01 2.332380757938120297e+01 1.220655561573370207e+01 3.828837943815329226e+01 3.036445290137795183e+01 2.433105012119287736e+01 1.004987562112088995e+01 1.860107523773827509e+01 2.102379604162863913e+01 1.303840481040529831e+01 1.513274595042155646e+01
8.544003745317530374e+00 2.828427124746190202e+01 2.780287754891568852e+01 2.209072203437452231e+01 3.252691193458118590e+01 0.000000000000000000e+00 4.123105625617660586e+00 4.827007354458868349e+01 2.668332812825266842e+01 4.522167621838005402e+01 3.700000000000000000e+01 3.676955262170046979e+01 4.356604182158393002e+01 3.785498646149540036e+01 1.868154169226940553e+01 4.579301256742124338e+01 3.512833614050059339e+01 2.061552812808830382e+01 6.324555320336759046e+00 1.523154621172781731e+01 2.701851217221259205e+01 3.966106403010387993e+01 5.099019513592784847e+01 3.224903099319419653e+01 3.231098884280702066e+01 4.341658669218482203e+01
7.071067811865475505e+00 2.700000000000000000e+01 2.969848480983499428e+01 2.109502310972898798e+01 3.482814953453599571e+01 4.123105625617660586e+00 0.000000000000000000e+00 5.080354318352215159e+01 2.692582403567251959e+01 4.802082881417187821e+01 4.052159917870962147e+01 4.016217125604640614e+01 4.652956049652736681e+01 4.159326868617084472e+01 1.923538406167134340e+01 4.876474136094643796e+01 3.471310991541956525e+01 2.267156809750926882e+01 3.605551275463989125e+00 1.315294643796590535e+01 3.106444913401813324e+01 4.123105625617660763e+01 5.303772242470447651e+01 3.612478373637688378e+01 3.573513677041127323e+01 4.465422712353221613e+01
4.614108798023730884e+01 4.110960958218893069e+01 2.193171219946130890e+01 4.002499219237900263e+01 1.612451549659709826e+01 4.827007354458868349e+01 5.080354318352215159e+01 0.000000000000000000e+00 3.140063693621516450e+01 5.000000000000000000e+00 1.910497317454279909e+01 1.726267650163206824e+01 8.000000000000000000e+00 2.300000000000000000e+01 3.453983207834108526e+01 7.280109889280518054e+00 3.423448553724738019e+01 2.830194339616981125e+01 5.420332093147060704e+01 4.623851208678756564e+01 3.352610922848042208e+01 1.513274595042155646e+01 7.615773105863908654e+00 2.745906043549196340e+01 2.024845673131658685e+01 1.746424919657297892e+01
2.012461179749810825e+01 1.019803902718556898e+01 1.170469991071962568e+01 8.944271909999159220e+00 1.726267650163206824e+01 2.668332812825266842e+01 2.692582403567251959e+01 3.140063693621516450e+01 0.000000000000000000e+00 3.100000000000000000e+01 3.220248437620923454e+01 3.046309242345563462e+01 3.114482300479487265e+01 3.584689665786984136e+01 8.062257748298549132e+00 3.306055050963308162e+01 9.486832980505138124e+00 1.220655561573370207e+01 3.046309242345563462e+01 1.697056274847713908e+01 3.420526275297414287e+01 1.746424919657297892e+01 3.046309242345563462e+01 3.405877273185280529e+01 2.778488797889960793e+01 1.920937271229854559e+01
4.386342439892261780e+01 4.104875150354758517e+01 2.039607805437113797e+01 3.920459156782531807e+01 1.431782106327635340e+01 4.522167621838005402e+01 4.802082881417187821e+01 5.000000000000000000e+00 3.100000000000000000e+01 0.000000000000000000e+00 1.414213562373095101e+01 1.236931687685298087e+01 3.000000000000000000e+00 1.800000000000000000e+01 3.298484500494128469e+01 2.828427124746190291e+00 3.517101079013794873e+01 2.600000000000000000e+01 5.131276644266999654e+01 4.464302857109942835e+01 2.879236009777593708e+01 1.655294535724684835e+01 1.236931687685298087e+01 2.256102834535695578e+01 1.565247584249852864e+01 2.000000000000000000e+01
3.820994634908559817e+01 4.215447781671598193e+01 2.059126028197400160e+01 3.832753579347360073e+01 1.627882059609970611e+01 3.700000000000000000e+01 4.052159917870962147e+01 1.910497317454279909e+01 3.220248437620923454e+01 1.414213562373095101e+01 0.000000000000000000e+00 2.236067977499789805e+00 1.118033988749894903e+01 4.472135954999579610e+00 3.059411708155671050e+01 1.264911064067351809e+01 3.940812099047606409e+01 2.236067977499789805e+01 4.332435804486893716e+01 4.104875150354758517e+01 1.526433752247374720e+01 2.469817807045693669e+01 2.601922366251537611e+01 8.544003745317530374e+00 5.000000000000000000e+00 2.952964612046680060e+01
3.748332962798262713e+01 4.049691346263317371e+01 1.878829422805593552e+01 3.687817782917154830e+01 1.421267040355189515e+01 3.676955262170046979e+01 4.016217125604640614e+01 1.726267650163206824e+01 3.046309242345563462e+01 1.236931687685298087e+01 2.236067977499789805e+00 0.000000000000000000e+00 9.486832980505138124e+00 6.708203932499369415e+00 2.927456233660889495e+01 1.118033988749894903e+01 3.744329045369811126e+01 2.109502310972898798e+01 4.308131845707602992e+01 4.000000000000000000e+01 1.655294535724684835e+01 2.247220505424423109e+01 2.400000000000000000e+01 1.019803902718556898e+01 4.472135954999579610e+00 2.729468812791236232e+01
4.272001872658765365e+01 4.130375285612676350e+01 2.002498439450078749e+01 3.901281840626231912e+01 1.400000000000000000e+01 4.356604182158393002e+01 4.652956049652736681e+01 8.000000000000000000e+00 3.114482300479487265e+01 3.000000000000000000e+00 1.118033988749894903e+01 9.486832980505138124e+00 0.000000000000000000e+00 1.500000000000000000e+01 3.238826948140329165e+01 2.236067977499789805e+00 3.605551275463989214e+01 2.500000000000000000e+01 4.973932046178354938e+01 4.393176527297759293e+01 2.600000000000000000e+01 1.802775637731994607e+01 1.529705854077835525e+01 1.964688270438849926e+01 1.303840481040529831e+01 2.193171219946130890e+01
4.000000000000000000e+01 4.561797891182817466e+01 2.441311123146740414e+01 4.143669871020131978e+01 2.051828452868319275e+01 3.785498646149540036e+01 4.159326868617084472e+01 2.300000000000000000e+01 3.584689665786984136e+01 1.800000000000000000e+01 4.472135954999579610e+00 6.708203932499369415e+00 1.500000000000000000e+01 0.000000000000000000e+00 3.352610922848042208e+01 1.612451549659709826e+01 4.341658669218482203e+01 2.529822128134703618e+01 4.414748010928823163e+01 4.341658669218482203e+01 1.345362404707370985e+01 2.915475947422650194e+01 3.014962686336266984e+01 6.403124237432848531e+00 8.062257748298549132e+00 3.400000000000000000e+01
1.280624847486569706e+01 1.345362404707370985e+01 1.264911064067351809e+01 8.062257748298549132e+00 1.868154169226940553e+01 1.868154169226940553e+01 1.923538406167134340e+01 3.453983207834108526e+01 8.062257748298549132e+00 3.298484500494128469e+01 3.059411708155671050e+01 2.927456233660889495e+01 3.238826948140329165e+01 3.352610922848042208e+01 0.000000000000000000e+00 3.452535300326413648e+01 1.711724276862369010e+01 8.246211251235321171e+00 2.282542442102665348e+01 1.170469991071962568e+01 2.906888370749726747e+01 2.267156809750926882e+01 3.522782990761707111e+01 3.041381265149109936e+01 2.570992026436488231e+01 2.561249694973139412e+01
4.494441010848846219e+01 4.318564576337836769e+01 2.209072203437452231e+01 4.104875150354758517e+01 1.603121954188139853e+01 4.579301256742124338e+01 4.876474136094643796e+01 7.280109889280518054e+00 3.306055050963308162e+01 2.828427124746190291e+00 1.264911064067351809e+01 1.118033988749894903e+01 2.236067977499789805e+00 1.612451549659709826e+01 3.452535300326413648e+01 0.000000000000000000e+00 3.764306044943742080e+01 2.720294101747088789e+01 5.197114584074513033e+01 4.609772228646443892e+01 2.773084924772409465e+01 1.923538406167134340e+01 1.486606874731850603e+01 2.118962010041709121e+01 1.500000000000000000e+01 2.280350850198275836e+01
2.765863337187866122e+01 9.899494936611665352e+00 1.910497317454279909e+01 1.392838827718411920e+01 2.332380757938120297e+01 3.512833614050059339e+01 3.471310991541956525e+01 3.423448553724738019e+01 9.486832980505138124e+00 3.517101079013794873e+01 3.940812099047606409e+01 3.744329045369811126e+01 3.605551275463989214e+01 4.341658669218482203e+01 1.711724276862369010e+01 3.764306044943742080e+01 0.000000000000000000e+00 2.147091055358388800e+01 3.807886552931954327e+01 2.284731931759172596e+01 4.326661530556787483e+01 1.910497317454279909e+01 3.114482300479487265e+01 4.244997055358224713e+01 3.546829570193639825e+01 1.824828759089465890e+01
1.788854381999831844e+01 2.080865204668481283e+01 7.211102550927978250e+00 1.615549442140351033e+01 1.220655561573370207e+01 2.061552812808830382e+01 2.267156809750926882e+01 2.830194339616981125e+01 1.220655561573370207e+01 2.600000000000000000e+01 2.236067977499789805e+01 2.109502310972898798e+01 2.500000000000000000e+01 2.529822128134703618e+01 8.246211251235321171e+00 2.720294101747088789e+01 2.147091055358388800e+01 0.000000000000000000e+00 2.617250465660480074e+01 1.910497317454279909e+01 2.202271554554523902e+01 1.923538406167134340e+01 3.041381265149109936e+01 2.247220505424423109e+01 1.746424919657297892e+01 2.340939982143925135e+01
1.044030650891055068e+01 3.006659275674581622e+01 3.324154027718932269e+01 2.433105012119287736e+01 3.828837943815329226e+01 6.324555320336759046e+00 3.605551275463989125e+00 5.420332093147060704e+01 3.046309242345563462e+01 5.131276644266999654e+01 4.332435804486893716e+01 4.308131845707602992e+01 4.973932046178354938e+01 4.414748010928823163e+01 2.282542442102665348e+01 5.197114584074513033e+01 3.807886552931954327e+01 2.617250465660480074e+01 0.000000000000000000e+00 1.600000000000000000e+01 3.301514803843835466e+01 4.482186966202993972e+01 5.656854249492380404e+01 3.847076812334268681e+01 3.862641583165593318e+01 4.825971404805461873e+01
6.708203932499369415e+00 1.414213562373095101e+01 2.435159132377184221e+01 8.944271909999159220e+00 3.036445290137795183e+01 1.523154621172781731e+01 1.315294643796590535e+01 4.623851208678756564e+01 1.697056274847713908e+01 4.464302857109942835e+01 4.104875150354758517e+01 4.000000000000000000e+01 4.393176527297759293e+01 4.341658669218482203e+01 1.170469991071962568e+01 4.609772228646443892e+01 2.284731931759172596e+01 1.910497317454279909e+01 1.600000000000000000e+01 0.000000000000000000e+00 3.624913792078371699e+01 3.383784863137726262e+01 4.664761515876240594e+01 3.929376540877699853e+01 3.605551275463989214e+01 3.612478373637688378e+01
3.132091952673165025e+01 4.244997055358224713e+01 2.507987240796890660e+01 3.701351104664349378e+01 2.433105012119287736e+01 2.701851217221259205e+01 3.106444913401813324e+01 3.352610922848042208e+01 3.420526275297414287e+01 2.879236009777593708e+01 1.526433752247374720e+01 1.655294535724684835e+01 2.600000000000000000e+01 1.345362404707370985e+01 2.906888370749726747e+01 2.773084924772409465e+01 4.326661530556787483e+01 2.202271554554523902e+01 3.301514803843835466e+01 3.624913792078371699e+01 0.000000000000000000e+00 3.436568055487916240e+01 3.962322551231790158e+01 7.071067811865475505e+00 1.334166406412633421e+01 3.945883931389771959e+01
3.535533905932737753e+01 2.647640458974745314e+01 1.208304597359457233e+01 2.640075756488817049e+01 1.004987562112088995e+01 3.966106403010387993e+01 4.123105625617660763e+01 1.513274595042155646e+01 1.746424919657297892e+01 1.655294535724684835e+01 2.469817807045693669e+01 2.247220505424423109e+01 1.802775637731994607e+01 2.915475947422650194e+01 2.267156809750926882e+01 1.923538406167134340e+01 1.910497317454279909e+01 1.923538406167134340e+01 4.482186966202993972e+01 3.383784863137726262e+01 3.436568055487916240e+01 0.000000000000000000e+00 1.300000000000000000e+01 3.067572330035593353e+01 2.247220505424423109e+01 5.099019513592784492e+00
4.763402145525821396e+01 3.929376540877699853e+01 2.334523505985750447e+01 3.939543120718441571e+01 1.860107523773827509e+01 5.099019513592784847e+01 5.303772242470447651e+01 7.615773105863908654e+00 3.046309242345563462e+01 1.236931687685298087e+01 2.601922366251537611e+01 2.400000000000000000e+01 1.529705854077835525e+01 3.014962686336266984e+01 3.522782990761707111e+01 1.486606874731850603e+01 3.114482300479487265e+01 3.041381265149109936e+01 5.656854249492380404e+01 4.664761515876240594e+01 3.962322551231790158e+01 1.300000000000000000e+01 0.000000000000000000e+00 3.405877273185280529e+01 2.630589287593181069e+01 1.300000000000000000e+01
3.522782990761707111e+01 4.326661530556787483e+01 2.343074902771996193e+01 3.847076812334268681e+01 2.102379604162863913e+01 3.224903099319419653e+01 3.612478373637688378e+01 2.745906043549196340e+01 3.405877273185280529e+01 2.256102834535695578e+01 8.544003745317530374e+00 1.019803902718556898e+01 1.964688270438849926e+01 6.403124237432848531e+00 3.041381265149109936e+01 2.118962010041709121e+01 4.244997055358224713e+01 2.247220505424423109e+01 3.847076812334268681e+01 3.929376540877699853e+01 7.071067811865475505e+00 3.067572330035593353e+01 3.405877273185280529e+01 0.000000000000000000e+00 8.246211251235321171e+00 3.573513677041127323e+01
3.324154027718932269e+01 3.757658845611187104e+01 1.640121946685672683e+01 3.352610922848042208e+01 1.303840481040529831e+01 3.231098884280702066e+01 3.573513677041127323e+01 2.024845673131658685e+01 2.778488797889960793e+01 1.565247584249852864e+01 5.000000000000000000e+00 4.472135954999579610e+00 1.303840481040529831e+01 8.062257748298549132e+00 2.570992026436488231e+01 1.500000000000000000e+01 3.546829570193639825e+01 1.746424919657297892e+01 3.862641583165593318e+01 3.605551275463989214e+01 1.334166406412633421e+01 2.247220505424423109e+01 2.630589287593181069e+01 8.246211251235321171e+00 0.000000000000000000e+00 2.751363298439520833e+01
3.841874542459709119e+01 2.692582403567251959e+01 1.649242250247064234e+01 2.801785145224380003e+01 1.513274595042155646e+01 4.341658669218482203e+01 4.465422712353221613e+01 1.746424919657297892e+01 1.920937271229854559e+01 2.000000000000000000e+01 2.952964612046680060e+01 2.729468812791236232e+01 2.193171219946130890e+01 3.400000000000000000e+01 2.561249694973139412e+01 2.280350850198275836e+01 1.824828759089465890e+01 2.340939982143925135e+01 4.825971404805461873e+01 3.612478373637688378e+01 3.945883931389771959e+01 5.099019513592784492e+00 1.300000000000000000e+01 3.573513677041127323e+01 2.751363298439520833e+01 0.000000000000000000e+00
