0.000000000000000000e+00 3.100000000000000000e+01 1.615549442140351033e+01 1.581138830084189628e+01 2.202271554554523902e+01 1.252996408614166768e+01 2.563201123595259290e+01 9.055385138137417300e+00 1.414213562373095101e+01 4.134005321718877468e+01 3.041381265149109936e+01 1.811077027627483460e+01 2.617250465660480074e+01 3.423448553724738019e+01 2.319482700948640286e+01 1.029563014098700080e+01 3.132091952673165025e+01 8.544003745317530374e+00 2.828427124746190202e+01 2.209072203437452231e+01 1.081665382639196871e+01 2.751363298439520833e+01 7.615773105863908654e+00 1.503329637837290811e+01 2.765863337187866122e+01 8.062257748298549132e+00
3.100000000000000000e+01 0.000000000000000000e+00 1.708800749063506075e+01 1.676305461424021104e+01 1.979898987322333070e+01 3.860051813123756403e+01 1.140175425099137918e+01 3.132091952673165025e+01 3.584689665786984136e+01 2.236067977499789805e+01 5.099019513592784492e+00 1.315294643796590535e+01 5.830951894845300743e+00 5.000000000000000000e+00 8.544003745317530374e+00 3.710795063055894616e+01 9.055385138137417300e+00 3.492849839314595783e+01 5.000000000000000000e+00 3.640054944640259293e+01 2.657066051117284644e+01 1.029563014098700080e+01 2.886173937932362321e+01 3.354101966249684352e+01 2.059126028197400160e+01 2.789265136196270589e+01
1.615549442140351033e+01 1.708800749063506075e+01 0.000000000000000000e+00 1.100000000000000000e+01 2.009975124224177989e+01 2.701851217221259205e+01 9.486832980505138124e+00 1.431782106327635340e+01 2.624880949681337583e+01 3.440930106817050671e+01 1.503329637837290811e+01 5.000000000000000000e+00 1.421267040355189515e+01 2.147091055358388800e+01 8.544003745317530374e+00 2.022374841615668473e+01 1.529705854077835525e+01 2.280350850198275836e+01 1.315294643796590535e+01 3.087069808086626210e+01 1.749285568453590045e+01 1.860107523773827509e+01 1.769180601295413169e+01 2.523885892824792521e+01 2.473863375370596174e+01 1.104536101718726115e+01
1.581138830084189628e+01 1.676305461424021104e+01 1.100000000000000000e+01 0.000000000000000000e+00 9.219544457292887074e+00 2.184032966784155505e+01 1.664331697709323876e+01 1.979898987322333070e+01 1.923538406167134340e+01 2.624880949681337583e+01 1.802775637731994607e+01 7.615773105863908654e+00 1.118033988749894903e+01 1.902629759044044633e+01 1.131370849898476116e+01 2.441311123146740414e+01 2.051828452868319275e+01 1.824828759089465890e+01 1.581138830084189628e+01 2.140093455903269515e+01 9.848857801796103928e+00 1.170469991071962568e+01 1.216552506059643868e+01 1.720465053408525335e+01 1.431782106327635340e+01 1.627882059609970611e+01
2.202271554554523902e+01 1.979898987322333070e+01 2.009975124224177989e+01 9.219544457292887074e+00 0.000000000000000000e+00 2.319482700948640286e+01 2.404163056034261459e+01 2.801785145224380003e+01 1.900000000000000000e+01 1.969771560359220786e+01 2.302172886644267535e+01 1.603121954188139853e+01 1.421267040355189515e+01 1.972308292331602075e+01 1.802775637731994607e+01 3.182766092567909766e+01 2.641968962724581260e+01 2.088061301782110135e+01 2.109502310972898798e+01 1.700000000000000000e+01 1.208304597359457233e+01 1.029563014098700080e+01 1.565247584249852864e+01 1.603121954188139853e+01 5.656854249492380582e+00 2.469817807045693669e+01
1.252996408614166768e+01 3.860051813123756403e+01 2.701851217221259205e+01 2.184032966784155505e+01 2.319482700948640286e+01 0.000000000000000000e+00 3.605551275463989214e+01 2.118962010041709121e+01 5.000000000000000000e+00 4.244997055358224713e+01 3.939543120718441571e+01 2.729468812791236232e+01 3.298484500494128469e+01 4.060788100849390503e+01 3.220248437620923454e+01 2.002498439450078749e+01 4.118252056394800320e+01 4.242640687119284770e+00 3.716180835212409050e+01 1.360147050873544394e+01 1.216552506059643868e+01 3.206243908376279705e+01 9.848857801796103928e+00 8.062257748298549132e+00 2.789265136196270589e+01 2.059126028197400160e+01
2.563201123595259290e+01 1.140175425099137918e+01 9.486832980505138124e+00 1.664331697709323876e+01 2.404163056034261459e+01 3.605551275463989214e+01 0.000000000000000000e+00 2.300000000000000000e+01 3.471310991541956525e+01 3.289376840679705083e+01 7.211102550927978250e+00 9.219544457292887074e+00 1.216552506059643868e+01 1.640121946685672683e+01 6.082762530298219339e+00 2.900000000000000000e+01 6.000000000000000000e+00 3.190611226708763226e+01 6.403124237432848531e+00 3.801315561749642313e+01 2.545584412271571040e+01 1.811077027627483460e+01 2.640075756488817049e+01 3.324154027718932269e+01 2.716615541441224835e+01 2.009975124224177989e+01
9.055385138137417300e+00 3.132091952673165025e+01 1.431782106327635340e+01 1.979898987322333070e+01 2.801785145224380003e+01 2.118962010041709121e+01 2.300000000000000000e+01 0.000000000000000000e+00 2.319482700948640286e+01 4.601086828130936368e+01 2.927456233660889495e+01 1.838477631085023489e+01 2.773084924772409465e+01 3.546829570193639825e+01 2.280350850198275836e+01 6.000000000000000000e+00 2.900000000000000000e+01 1.746424919657297892e+01 2.745906043549196340e+01 3.101612483854164637e+01 1.868154169226940553e+01 3.080584360149872580e+01 1.612451549659709826e+01 2.400000000000000000e+01 3.360059523282288296e+01 3.605551275463989125e+00
1.414213562373095101e+01 3.584689665786984136e+01 2.624880949681337583e+01 1.923538406167134340e+01 1.900000000000000000e+01 5.000000000000000000e+00 3.471310991541956525e+01 2.319482700948640286e+01 0.000000000000000000e+00 3.785498646149540036e+01 3.721558813185679071e+01 2.561249694973139412e+01 3.008321791298264714e+01 3.736308338453881106e+01 3.023243291566194912e+01 2.319482700948640286e+01 3.940812099047606409e+01 6.082762530298219339e+00 3.498571136907180090e+01 8.944271909999159220e+00 9.433981132056603158e+00 2.844292530665578411e+01 8.602325267042626677e+00 3.162277660168379523e+00 2.334523505985750447e+01 2.184032966784155505e+01
4.134005321718877468e+01 2.236067977499789805e+01 3.440930106817050671e+01 2.624880949681337583e+01 1.969771560359220786e+01 4.244997055358224713e+01 3.289376840679705083e+01 4.601086828130936368e+01 3.785498646149540036e+01 0.000000000000000000e+00 2.745906043549196340e+01 2.941088233970548416e+01 2.102379604162863913e+01 1.802775637731994607e+01 2.773084924772409465e+01 5.060632371551997721e+01 3.140063693621516450e+01 4.049691346263317371e+01 2.692582403567251959e+01 3.300000000000000000e+01 3.178049716414140846e+01 1.581138830084189628e+01 3.534119409414458346e+01 3.471310991541956525e+01 1.456021977856103611e+01 4.244997055358224713e+01
3.041381265149109936e+01 5.099019513592784492e+00 1.503329637837290811e+01 1.802775637731994607e+01 2.302172886644267535e+01 3.939543120718441571e+01 7.211102550927978250e+00 2.927456233660889495e+01 3.721558813185679071e+01 2.745906043549196340e+01 0.000000000000000000e+00 1.236931687685298087e+01 8.944271909999159220e+00 9.848857801796103928e+00 7.280109889280518054e+00 3.522782990761707111e+01 4.000000000000000000e+00 3.546829570193639825e+01 2.236067977499789805e+00 3.889730067755344578e+01 2.778488797889960793e+01 1.456021977856103611e+01 2.954657340538831534e+01 3.522782990761707111e+01 2.469817807045693669e+01 2.607680962081059661e+01
1.811077027627483460e+01 1.315294643796590535e+01 5.000000000000000000e+00 7.615773105863908654e+00 1.603121954188139853e+01 2.729468812791236232e+01 9.219544457292887074e+00 1.838477631085023489e+01 2.561249694973139412e+01 2.941088233970548416e+01 1.236931687685298087e+01 0.000000000000000000e+00 9.433981132056603158e+00 1.708800749063506075e+01 5.099019513592784492e+00 2.404163056034261459e+01 1.389244398944980396e+01 2.325940669922601600e+01 1.019803902718556898e+01 2.884441020371191300e+01 1.627882059609970611e+01 1.360147050873544394e+01 1.749285568453590045e+01 2.404163056034261459e+01 2.022374841615668473e+01 1.486606874731850603e+01
2.617250465660480074e+01 5.830951894845300743e+00 1.421267040355189515e+01 1.118033988749894903e+01 1.421267040355189515e+01 3.298484500494128469e+01 1.216552506059643868e+01 2.773084924772409465e+01 3.008321791298264714e+01 2.102379604162863913e+01 8.944271909999159220e+00 9.433981132056603158e+00 0.000000000000000000e+00 8.062257748298549132e+00 6.708203932499369415e+00 3.324154027718932269e+01 1.264911064067351809e+01 2.942787793912432193e+01 7.280109889280518054e+00 3.061045573002793319e+01 2.088061301782110135e+01 6.000000000000000000e+00 2.334523505985750447e+01 2.773084924772409465e+01 1.581138830084189628e+01 2.416609194718914466e+01
3.423448553724738019e+01 5.000000000000000000e+00 2.147091055358388800e+01 1.902629759044044633e+01 1.972308292331602075e+01 4.060788100849390503e+01 1.640121946685672683e+01 3.546829570193639825e+01 3.736308338453881106e+01 1.802775637731994607e+01 9.848857801796103928e+00 1.708800749063506075e+01 8.062257748298549132e+00 0.000000000000000000e+00 1.303840481040529831e+01 4.110960958218893069e+01 1.360147050873544394e+01 3.721558813185679071e+01 1.000000000000000000e+01 3.671511950137163893e+01 2.844292530665578411e+01 9.433981132056603158e+00 3.114482300479487265e+01 3.478505426185217431e+01 1.910497317454279909e+01 3.195309061734091571e+01
2.319482700948640286e+01 8.544003745317530374e+00 8.544003745317530374e+00 1.131370849898476116e+01 1.802775637731994607e+01 3.220248437620923454e+01 6.082762530298219339e+00 2.280350850198275836e+01 3.023243291566194912e+01 2.773084924772409465e+01 7.280109889280518054e+00 5.099019513592784492e+00 6.708203932499369415e+00 1.303840481040529831e+01 0.000000000000000000e+00 2.863564212655270680e+01 9.219544457292887074e+00 2.823118842698620767e+01 5.099019513592784492e+00 3.264965543462901820e+01 2.080865204668481283e+01 1.236931687685298087e+01 2.236067977499789805e+01 2.842534080710379030e+01 2.109502310972898798e+01 1.941648783894759944e+01
1.029563014098700080e+01 3.710795063055894616e+01 2.022374841615668473e+01 2.441311123146740414e+01 3.182766092567909766e+01 2.002498439450078749e+01 2.900000000000000000e+01 6.000000000000000000e+00 2.319482700948640286e+01 5.060632371551997721e+01 3.522782990761707111e+01 2.404163056034261459e+01 3.324154027718932269e+01 4.110960958218893069e+01 2.863564212655270680e+01 0.000000000000000000e+00 3.500000000000000000e+01 1.711724276862369010e+01 3.337663853655727308e+01 3.178049716414140846e+01 2.109502310972898798e+01 3.584689665786984136e+01 1.788854381999831844e+01 2.473863375370596174e+01 3.748332962798262713e+01 9.219544457292887074e+00
3.132091952673165025e+01 9.055385138137417300e+00 1.529705854077835525e+01 2.051828452868319275e+01 2.641968962724581260e+01 4.118252056394800320e+01 6.000000000000000000e+00 2.900000000000000000e+01 3.940812099047606409e+01 3.140063693621516450e+01 4.000000000000000000e+00 1.389244398944980396e+01 1.264911064067351809e+01 1.360147050873544394e+01 9.219544457292887074e+00 3.500000000000000000e+01 0.000000000000000000e+00 3.712142238654116966e+01 5.385164807134503739e+00 4.177319714841084419e+01 3.000000000000000000e+01 1.843908891458577415e+01 3.138470965295043058e+01 3.764306044943742080e+01 2.846049894151541437e+01 2.607680962081059661e+01
8.544003745317530374e+00 3.492849839314595783e+01 2.280350850198275836e+01 1.824828759089465890e+01 2.088061301782110135e+01 4.242640687119284770e+00 3.190611226708763226e+01 1.746424919657297892e+01 6.082762530298219339e+00 4.049691346263317371e+01 3.546829570193639825e+01 2.325940669922601600e+01 2.942787793912432193e+01 3.721558813185679071e+01 2.823118842698620767e+01 1.711724276862369010e+01 3.712142238654116966e+01 0.000000000000000000e+00 3.324154027718932269e+01 1.486606874731850603e+01 9.055385138137417300e+00 2.901723625709381693e+01 6.082762530298219339e+00 8.062257748298549132e+00 2.600000000000000000e+01 1.655294535724684835e+01
2.828427124746190202e+01 5.000000000000000000e+00 1.315294643796590535e+01 1.581138830084189628e+01 2.109502310972898798e+01 3.716180835212409050e+01 6.403124237432848531e+00 2.745906043549196340e+01 3.498571136907180090e+01 2.692582403567251959e+01 2.236067977499789805e+00 1.019803902718556898e+01 7.280109889280518054e+00 1.000000000000000000e+01 5.099019513592784492e+00 3.337663853655727308e+01 5.385164807134503739e+00 3.324154027718932269e+01 0.000000000000000000e+00 3.676955262170046979e+01 2.555386467836127551e+01 1.315294643796590535e+01 2.731300056749532601e+01 3.301514803843835466e+01 2.308679276123039159e+01 2.418677324489564739e+01
2.209072203437452231e+01 3.640054944640259293e+01 3.087069808086626210e+01 2.140093455903269515e+01 1.700000000000000000e+01 1.360147050873544394e+01 3.801315561749642313e+01 3.101612483854164637e+01 8.944271909999159220e+00 3.300000000000000000e+01 3.889730067755344578e+01 2.884441020371191300e+01 3.061045573002793319e+01 3.671511950137163893e+01 3.264965543462901820e+01 3.178049716414140846e+01 4.177319714841084419e+01 1.486606874731850603e+01 3.676955262170046979e+01 0.000000000000000000e+00 1.360147050873544394e+01 2.729468812791236232e+01 1.503329637837290811e+01 7.071067811865475505e+00 1.941648783894759944e+01 2.906888370749726747e+01
1.081665382639196871e+01 2.657066051117284644e+01 1.749285568453590045e+01 9.848857801796103928e+00 1.208304597359457233e+01 1.216552506059643868e+01 2.545584412271571040e+01 1.868154169226940553e+01 9.433981132056603158e+00 3.178049716414140846e+01 2.778488797889960793e+01 1.627882059609970611e+01 2.088061301782110135e+01 2.844292530665578411e+01 2.080865204668481283e+01 2.109502310972898798e+01 3.000000000000000000e+01 9.055385138137417300e+00 2.555386467836127551e+01 1.360147050873544394e+01 0.000000000000000000e+00 2.000000000000000000e+01 3.605551275463989125e+00 7.810249675906653977e+00 1.749285568453590045e+01 1.612451549659709826e+01
2.751363298439520833e+01 1.029563014098700080e+01 1.860107523773827509e+01 1.170469991071962568e+01 1.029563014098700080e+01 3.206243908376279705e+01 1.811077027627483460e+01 3.080584360149872580e+01 2.844292530665578411e+01 1.581138830084189628e+01 1.456021977856103611e+01 1.360147050873544394e+01 6.000000000000000000e+00 9.433981132056603158e+00 1.236931687685298087e+01 3.584689665786984136e+01 1.843908891458577415e+01 2.901723625709381693e+01 1.315294643796590535e+01 2.729468812791236232e+01 2.000000000000000000e+01 0.000000000000000000e+00 2.308679276123039159e+01 2.570992026436488231e+01 1.029563014098700080e+01 2.720294101747088789e+01
7.615773105863908654e+00 2.886173937932362321e+01 1.769180601295413169e+01 1.216552506059643868e+01 1.565247584249852864e+01 9.848857801796103928e+00 2.640075756488817049e+01 1.612451549659709826e+01 8.602325267042626677e+00 3.534119409414458346e+01 2.954657340538831534e+01 1.749285568453590045e+01 2.334523505985750447e+01 3.114482300479487265e+01 2.236067977499789805e+01 1.788854381999831844e+01 3.138470965295043058e+01 6.082762530298219339e+00 2.731300056749532601e+01 1.503329637837290811e+01 3.605551275463989125e+00 2.308679276123039159e+01 0.000000000000000000e+00 8.246211251235321171e+00 2.109502310972898798e+01 1.403566884761819900e+01
1.503329637837290811e+01 3.354101966249684352e+01 2.523885892824792521e+01 1.720465053408525335e+01 1.603121954188139853e+01 8.062257748298549132e+00 3.324154027718932269e+01 2.400000000000000000e+01 3.162277660168379523e+00 3.471310991541956525e+01 3.522782990761707111e+01 2.404163056034261459e+01 2.773084924772409465e+01 3.478505426185217431e+01 2.842534080710379030e+01 2.473863375370596174e+01 3.764306044943742080e+01 8.062257748298549132e+00 3.301514803843835466e+01 7.071067811865475505e+00 7.810249675906653977e+00 2.570992026436488231e+01 8.246211251235321171e+00 0.000000000000000000e+00 2.022374841615668473e+01 2.220360331117451835e+01
2.765863337187866122e+01 2.059126028197400160e+01 2.473863375370596174e+01 1.431782106327635340e+01 5.656854249492380582e+00 2.789265136196270589e+01 2.716615541441224835e+01 3.360059523282288296e+01 2.334523505985750447e+01 1.456021977856103611e+01 2.469817807045693669e+01 2.022374841615668473e+01 1.581138830084189628e+01 1.910497317454279909e+01 2.109502310972898798e+01 3.748332962798262713e+01 2.846049894151541437e+01 2.600000000000000000e+01 2.308679276123039159e+01 1.941648783894759944e+01 1.749285568453590045e+01 1.029563014098700080e+01 2.109502310972898798e+01 2.022374841615668473e+01 0.000000000000000000e+00 3.023243291566194912e+01
8.062257748298549132e+00 2.789265136196270589e+01 1.104536101718726115e+01 1.627882059609970611e+01 2.469817807045693669e+01 2.059126028197400160e+01 2.009975124224177989e+01 3.605551275463989125e+00 2.184032966784155505e+01 4.244997055358224713e+01 2.607680962081059661e+01 1.486606874731850603e+01 2.416609194718914466e+01 3.195309061734091571e+01 1.941648783894759944e+01 9.219544457292887074e+00 2.607680962081059661e+01 1.655294535724684835e+01 2.418677324489564739e+01 2.906888370749726747e+01 1.612451549659709826e+01 2.720294101747088789e+01 1.403566884761819900e+01 2.220360331117451835e+01 3.023243291566194912e+01 0.000000000000000000e+00
