0.000000000000000000e+00 2.842534080710379030e+01 2.000000000000000000e+00 1.216552506059643868e+01 2.284731931759172596e+01 1.649242250247064234e+01 1.000000000000000000e+01 1.931320791582796659e+01 5.099019513592784492e+00 2.451530134426252516e+01 2.100000000000000000e+01 1.431782106327635340e+01 1.264911064067351809e+01 7.071067811865475505e+00 1.442220510185595650e+01 1.300000000000000000e+01 2.690724809414741969e+01 1.204159457879229578e+01 1.334166406412633421e+01 2.024845673131658685e+01 2.039607805437113797e+01 3.255764119219941222e+01
2.842534080710379030e+01 0.000000000000000000e+00 2.973213749463701205e+01 2.473863375370596174e+01 1.334166406412633421e+01 2.607680962081059661e+01 2.340939982143925135e+01 1.500000000000000000e+01 2.641968962724581260e+01 2.308679276123039159e+01 1.802775637731994607e+01 2.531797780234432693e+01 1.897366596101027625e+01 3.546829570193639825e+01 1.414213562373095101e+01 2.012461179749810825e+01 4.472135954999579610e+00 1.664331697709323876e+01 2.284731931759172596e+01 2.901723625709381693e+01 1.414213562373095101e+01 6.000000000000000000e+00
2.000000000000000000e+00 2.973213749463701205e+01 0.000000000000000000e+00 1.414213562373095101e+01 2.469817807045693669e+01 1.843908891458577415e+01 1.200000000000000000e+01 2.118962010041709121e+01 7.071067811865475505e+00 2.418677324489564739e+01 2.109502310972898798e+01 1.627882059609970611e+01 1.456021977856103611e+01 5.830951894845300743e+00 1.562049935181330795e+01 1.315294643796590535e+01 2.842534080710379030e+01 1.360147050873544394e+01 1.303840481040529831e+01 2.213594362117865444e+01 2.088061301782110135e+01 3.405877273185280529e+01
1.216552506059643868e+01 2.473863375370596174e+01 1.414213562373095101e+01 0.000000000000000000e+00 1.421267040355189515e+01 4.472135954999579610e+00 2.828427124746190291e+00 1.081665382639196871e+01 7.071067811865475505e+00 3.106444913401813324e+01 2.594224354214569317e+01 2.236067977499789805e+00 6.000000000000000000e+00 1.726267650163206824e+01 1.456021977856103611e+01 1.920937271229854559e+01 2.154065922853801496e+01 1.044030650891055068e+01 2.121320343559642652e+01 8.602325267042626677e+00 2.340939982143925135e+01 2.683281572999747766e+01
2.284731931759172596e+01 1.334166406412633421e+01 2.469817807045693669e+01 1.421267040355189515e+01 0.000000000000000000e+00 1.392838827718411920e+01 1.421267040355189515e+01 3.605551275463989125e+00 1.886796226411320632e+01 3.001666203960726875e+01 2.418677324489564739e+01 1.389244398944980396e+01 1.029563014098700080e+01 2.952964612046680060e+01 1.334166406412633421e+01 2.137755832643194864e+01 9.055385138137417300e+00 1.204159457879229578e+01 2.433105012119287736e+01 1.612451549659709826e+01 2.024845673131658685e+01 1.334166406412633421e+01
1.649242250247064234e+01 2.607680962081059661e+01 1.843908891458577415e+01 4.472135954999579610e+00 1.392838827718411920e+01 0.000000000000000000e+00 7.211102550927978250e+00 1.118033988749894903e+01 1.140175425099137918e+01 3.500000000000000000e+01 2.968164415931165934e+01 2.236067977499789805e+00 8.944271909999159220e+00 2.102379604162863913e+01 1.788854381999831844e+01 2.334523505985750447e+01 2.236067977499789805e+01 1.389244398944980396e+01 2.549509756796392423e+01 4.242640687119284770e+00 2.683281572999747766e+01 2.720294101747088789e+01
1.000000000000000000e+01 2.340939982143925135e+01 1.200000000000000000e+01 2.828427124746190291e+00 1.421267040355189515e+01 7.211102550927978250e+00 0.000000000000000000e+00 1.063014581273464998e+01 5.099019513592784492e+00 2.830194339616981125e+01 2.325940669922601600e+01 5.000000000000000000e+00 4.472135954999579610e+00 1.581138830084189628e+01 1.216552506059643868e+01 1.640121946685672683e+01 2.059126028197400160e+01 8.062257748298549132e+00 1.838477631085023489e+01 1.140175425099137918e+01 2.088061301782110135e+01 2.607680962081059661e+01
1.931320791582796659e+01 1.500000000000000000e+01 2.118962010041709121e+01 1.081665382639196871e+01 3.605551275463989125e+00 1.118033988749894903e+01 1.063014581273464998e+01 0.000000000000000000e+00 1.526433752247374720e+01 2.860069929215018192e+01 2.280350850198275836e+01 1.077032961426900748e+01 6.708203932499369415e+00 2.594224354214569317e+01 1.118033988749894903e+01 1.897366596101027625e+01 1.118033988749894903e+01 9.055385138137417300e+00 2.184032966784155505e+01 1.403566884761819900e+01 1.910497317454279909e+01 1.615549442140351033e+01
5.099019513592784492e+00 2.641968962724581260e+01 7.071067811865475505e+00 7.071067811865475505e+00 1.886796226411320632e+01 1.140175425099137918e+01 5.099019513592784492e+00 1.526433752247374720e+01 0.000000000000000000e+00 2.692582403567251959e+01 2.256102834535695578e+01 9.219544457292887074e+00 8.602325267042626677e+00 1.077032961426900748e+01 1.334166406412633421e+01 1.486606874731850603e+01 2.420743687382040932e+01 9.848857801796103928e+00 1.612451549659709826e+01 1.523154621172781731e+01 2.102379604162863913e+01 2.983286778035259701e+01
2.451530134426252516e+01 2.308679276123039159e+01 2.418677324489564739e+01 3.106444913401813324e+01 3.001666203960726875e+01 3.500000000000000000e+01 2.830194339616981125e+01 2.860069929215018192e+01 2.692582403567251959e+01 0.000000000000000000e+00 5.830951894845300743e+00 3.301514803843835466e+01 2.624880949681337583e+01 2.900000000000000000e+01 1.769180601295413169e+01 1.208304597359457233e+01 2.570992026436488231e+01 2.126029162546929996e+01 1.118033988749894903e+01 3.920459156782531807e+01 9.848857801796103928e+00 2.906888370749726747e+01
2.100000000000000000e+01 1.802775637731994607e+01 2.109502310972898798e+01 2.594224354214569317e+01 2.418677324489564739e+01 2.968164415931165934e+01 2.325940669922601600e+01 2.280350850198275836e+01 2.256102834535695578e+01 5.830951894845300743e+00 0.000000000000000000e+00 2.778488797889960793e+01 2.080865204668481283e+01 2.647640458974745314e+01 1.204159457879229578e+01 8.000000000000000000e+00 2.022374841615668473e+01 1.581138830084189628e+01 8.544003745317530374e+00 3.383784863137726262e+01 4.123105625617660586e+00 2.402082429892862692e+01
1.431782106327635340e+01 2.531797780234432693e+01 1.627882059609970611e+01 2.236067977499789805e+00 1.389244398944980396e+01 2.236067977499789805e+00 5.000000000000000000e+00 1.077032961426900748e+01 9.219544457292887074e+00 3.301514803843835466e+01 2.778488797889960793e+01 0.000000000000000000e+00 7.280109889280518054e+00 1.910497317454279909e+01 1.615549442140351033e+01 2.126029162546929996e+01 2.184032966784155505e+01 1.208304597359457233e+01 2.334523505985750447e+01 6.403124237432848531e+00 2.507987240796890660e+01 2.692582403567251959e+01
1.264911064067351809e+01 1.897366596101027625e+01 1.456021977856103611e+01 6.000000000000000000e+00 1.029563014098700080e+01 8.944271909999159220e+00 4.472135954999579610e+00 6.708203932499369415e+00 8.602325267042626677e+00 2.624880949681337583e+01 2.080865204668481283e+01 7.280109889280518054e+00 0.000000000000000000e+00 1.923538406167134340e+01 8.944271909999159220e+00 1.500000000000000000e+01 1.612451549659709826e+01 5.000000000000000000e+00 1.749285568453590045e+01 1.303840481040529831e+01 1.788854381999831844e+01 2.163330765278393741e+01
7.071067811865475505e+00 3.546829570193639825e+01 5.830951894845300743e+00 1.726267650163206824e+01 2.952964612046680060e+01 2.102379604162863913e+01 1.581138830084189628e+01 2.594224354214569317e+01 1.077032961426900748e+01 2.900000000000000000e+01 2.647640458974745314e+01 1.910497317454279909e+01 1.923538406167134340e+01 0.000000000000000000e+00 2.140093455903269515e+01 1.868154169226940553e+01 3.397057550292606010e+01 1.910497317454279909e+01 1.811077027627483460e+01 2.408318915758459156e+01 2.657066051117284644e+01 3.962322551231790158e+01
1.442220510185595650e+01 1.414213562373095101e+01 1.562049935181330795e+01 1.456021977856103611e+01 1.334166406412633421e+01 1.788854381999831844e+01 1.216552506059643868e+01 1.118033988749894903e+01 1.334166406412633421e+01 1.769180601295413169e+01 1.204159457879229578e+01 1.615549442140351033e+01 8.944271909999159220e+00 2.140093455903269515e+01 0.000000000000000000e+00 8.062257748298549132e+00 1.341640786499873883e+01 4.123105625617660586e+00 1.104536101718726115e+01 2.195449840010014952e+01 8.944271909999159220e+00 1.886796226411320632e+01
1.300000000000000000e+01 2.012461179749810825e+01 1.315294643796590535e+01 1.920937271229854559e+01 2.137755832643194864e+01 2.334523505985750447e+01 1.640121946685672683e+01 1.897366596101027625e+01 1.486606874731850603e+01 1.208304597359457233e+01 8.000000000000000000e+00 2.126029162546929996e+01 1.500000000000000000e+01 1.868154169226940553e+01 8.062257748298549132e+00 0.000000000000000000e+00 2.061552812808830382e+01 1.029563014098700080e+01 3.000000000000000000e+00 2.758622844826744469e+01 8.062257748298549132e+00 2.563201123595259290e+01
2.690724809414741969e+01 4.472135954999579610e+00 2.842534080710379030e+01 2.154065922853801496e+01 9.055385138137417300e+00 2.236067977499789805e+01 2.059126028197400160e+01 1.118033988749894903e+01 2.420743687382040932e+01 2.570992026436488231e+01 2.022374841615668473e+01 2.184032966784155505e+01 1.612451549659709826e+01 3.397057550292606010e+01 1.341640786499873883e+01 2.061552812808830382e+01 0.000000000000000000e+00 1.486606874731850603e+01 2.353720459187963954e+01 2.501999200639360765e+01 1.612451549659709826e+01 5.656854249492380582e+00
1.204159457879229578e+01 1.664331697709323876e+01 1.360147050873544394e+01 1.044030650891055068e+01 1.204159457879229578e+01 1.389244398944980396e+01 8.062257748298549132e+00 9.055385138137417300e+00 9.848857801796103928e+00 2.126029162546929996e+01 1.581138830084189628e+01 1.208304597359457233e+01 5.000000000000000000e+00 1.910497317454279909e+01 4.123105625617660586e+00 1.029563014098700080e+01 1.486606874731850603e+01 0.000000000000000000e+00 1.300000000000000000e+01 1.802775637731994607e+01 1.300000000000000000e+01 2.051828452868319275e+01
1.334166406412633421e+01 2.284731931759172596e+01 1.303840481040529831e+01 2.121320343559642652e+01 2.433105012119287736e+01 2.549509756796392423e+01 1.838477631085023489e+01 2.184032966784155505e+01 1.612451549659709826e+01 1.118033988749894903e+01 8.544003745317530374e+00 2.334523505985750447e+01 1.749285568453590045e+01 1.811077027627483460e+01 1.104536101718726115e+01 3.000000000000000000e+00 2.353720459187963954e+01 1.300000000000000000e+01 0.000000000000000000e+00 2.973213749463701205e+01 9.899494936611665352e+00 2.846049894151541437e+01
2.024845673131658685e+01 2.901723625709381693e+01 2.213594362117865444e+01 8.602325267042626677e+00 1.612451549659709826e+01 4.242640687119284770e+00 1.140175425099137918e+01 1.403566884761819900e+01 1.523154621172781731e+01 3.920459156782531807e+01 3.383784863137726262e+01 6.403124237432848531e+00 1.303840481040529831e+01 2.408318915758459156e+01 2.195449840010014952e+01 2.758622844826744469e+01 2.501999200639360765e+01 1.802775637731994607e+01 2.973213749463701205e+01 0.000000000000000000e+00 3.088689042296100240e+01 2.942787793912432193e+01
2.039607805437113797e+01 1.414213562373095101e+01 2.088061301782110135e+01 2.340939982143925135e+01 2.024845673131658685e+01 2.683281572999747766e+01 2.088061301782110135e+01 1.910497317454279909e+01 2.102379604162863913e+01 9.848857801796103928e+00 4.123105625617660586e+00 2.507987240796890660e+01 1.788854381999831844e+01 2.657066051117284644e+01 8.944271909999159220e+00 8.062257748298549132e+00 1.612451549659709826e+01 1.300000000000000000e+01 9.899494936611665352e+00 3.088689042296100240e+01 0.000000000000000000e+00 2.009975124224177989e+01
3.255764119219941222e+01 6.000000000000000000e+00 3.405877273185280529e+01 2.683281572999747766e+01 1.334166406412633421e+01 2.720294101747088789e+01 2.607680962081059661e+01 1.615549442140351033e+01 2.983286778035259701e+01 2.906888370749726747e+01 2.402082429892862692e+01 2.692582403567251959e+01 2.163330765278393741e+01 3.962322551231790158e+01 1.886796226411320632e+01 2.563201123595259290e+01 5.656854249492380582e+00 2.051828452868319275e+01 2.846049894151541437e+01 2.942787793912432193e+01 2.009975124224177989e+01 0.000000000000000000e+00
