0.000000000000000000e+00 2.906888370749726747e+01 2.209072203437452231e+01 2.941088233970548416e+01 2.247220505424423109e+01 4.000000000000000000e+00 3.275667870831839679e+01 7.071067811865475505e+00 2.154065922853801496e+01 6.082762530298219339e+00 3.162277660168379523e+00 2.332380757938120297e+01 3.612478373637688378e+01 1.811077027627483460e+01 4.022437072223753063e+01 3.889730067755344578e+01 3.301514803843835466e+01 2.000000000000000000e+01 1.843908891458577415e+01 3.889730067755344578e+01 3.244996147917590434e+01 3.026549190084311292e+01 1.403566884761819900e+01 1.676305461424021104e+01 2.126029162546929996e+01 2.126029162546929996e+01 3.758989225842500304e+01 2.863564212655270680e+01
2.906888370749726747e+01 0.000000000000000000e+00 7.000000000000000000e+00 1.964688270438849926e+01 1.280624847486569706e+01 2.507987240796890660e+01 1.902629759044044633e+01 3.601388621073821383e+01 4.304648650006176780e+01 3.512833614050059339e+01 3.001666203960726875e+01 2.780287754891568852e+01 2.607680962081059661e+01 3.360059523282288296e+01 3.551056180912940619e+01 2.901723625709381693e+01 4.482186966202993972e+01 1.910497317454279909e+01 2.334523505985750447e+01 3.006659275674581622e+01 2.009975124224177989e+01 6.082762530298219339e+00 1.503329637837290811e+01 1.476482306023340030e+01 2.061552812808830382e+01 2.343074902771996193e+01 3.668787265568828104e+01 4.609772228646443892e+01
2.209072203437452231e+01 7.000000000000000000e+00 0.000000000000000000e+00 1.910497317454279909e+01 1.004987562112088995e+01 1.811077027627483460e+01 1.992485884517127559e+01 2.901723625709381693e+01 3.720215047547655018e+01 2.816025568065744622e+01 2.302172886644267535e+01 2.416609194718914466e+01 2.647640458974745314e+01 2.828427124746190202e+01 3.501428280002319582e+01 2.961418578992169515e+01 4.081666326391709987e+01 1.523154621172781731e+01 1.886796226411320632e+01 3.041381265149109936e+01 2.061552812808830382e+01 1.000000000000000000e+01 8.062257748298549132e+00 9.219544457292887074e+00 1.708800749063506075e+01 1.969771560359220786e+01 3.522782990761707111e+01 4.103656905736638549e+01
2.941088233970548416e+01 1.964688270438849926e+01 1.910497317454279909e+01 0.000000000000000000e+00 9.486832980505138124e+00 2.624880949681337583e+01 4.000000000000000000e+00 3.584689665786984136e+01 3.214031735997639316e+01 3.400000000000000000e+01 3.201562118716424266e+01 1.236931687685298087e+01 7.615773105863908654e+00 2.202271554554523902e+01 1.603121954188139853e+01 1.077032961426900748e+01 2.801785145224380003e+01 9.433981132056603158e+00 1.236931687685298087e+01 1.140175425099137918e+01 3.162277660168379523e+00 1.431782106327635340e+01 2.059126028197400160e+01 1.442220510185595650e+01 8.544003745317530374e+00 1.004987562112088995e+01 1.708800749063506075e+01 3.195309061734091571e+01
2.247220505424423109e+01 1.280624847486569706e+01 1.004987562112088995e+01 9.486832980505138124e+00 0.000000000000000000e+00 1.878829422805593552e+01 1.140175425099137918e+01 2.941088233970548416e+01 3.138470965295043058e+01 2.789265136196270589e+01 2.459674775249768786e+01 1.500000000000000000e+01 1.708800749063506075e+01 2.147091055358388800e+01 2.507987240796890660e+01 2.024845673131658685e+01 3.201562118716424266e+01 6.403124237432848531e+00 1.081665382639196871e+01 2.088061301782110135e+01 1.166190378969060149e+01 9.848857801796103928e+00 1.140175425099137918e+01 5.830951894845300743e+00 7.810249675906653977e+00 1.063014581273464998e+01 2.517935662402834396e+01 3.360059523282288296e+01
4.000000000000000000e+00 2.507987240796890660e+01 1.811077027627483460e+01 2.624880949681337583e+01 1.878829422805593552e+01 0.000000000000000000e+00 2.941088233970548416e+01 1.104536101718726115e+01 2.332380757938120297e+01 1.004987562112088995e+01 5.830951894845300743e+00 2.154065922853801496e+01 3.324154027718932269e+01 1.811077027627483460e+01 3.807886552931954327e+01 3.612478373637688378e+01 3.313608305156178346e+01 1.697056274847713908e+01 1.612451549659709826e+01 3.623534186398687496e+01 2.920616373302046753e+01 2.630589287593181069e+01 1.004987562112088995e+01 1.300000000000000000e+01 1.843908891458577415e+01 1.886796226411320632e+01 3.584689665786984136e+01 2.973213749463701205e+01
3.275667870831839679e+01 1.902629759044044633e+01 1.992485884517127559e+01 4.000000000000000000e+00 1.140175425099137918e+01 2.941088233970548416e+01 0.000000000000000000e+00 3.935733730830885690e+01 3.612478373637688378e+01 3.757658845611187104e+01 3.522782990761707111e+01 1.627882059609970611e+01 7.071067811865475505e+00 2.601922366251537611e+01 1.676305461424021104e+01 1.000000000000000000e+01 3.138470965295043058e+01 1.300000000000000000e+01 1.627882059609970611e+01 1.104536101718726115e+01 1.414213562373095145e+00 1.315294643796590535e+01 2.280350850198275836e+01 1.697056274847713908e+01 1.236931687685298087e+01 1.403566884761819900e+01 1.886796226411320632e+01 3.573513677041127323e+01
7.071067811865475505e+00 3.601388621073821383e+01 2.901723625709381693e+01 3.584689665786984136e+01 2.941088233970548416e+01 1.104536101718726115e+01 3.935733730830885690e+01 0.000000000000000000e+00 2.102379604162863913e+01 2.236067977499789805e+00 6.324555320336759046e+00 2.831960451701259274e+01 4.220189569201838253e+01 2.102379604162863913e+01 4.534313619501853765e+01 4.482186966202993972e+01 3.492849839314595783e+01 2.641968962724581260e+01 2.420743687382040932e+01 4.468780594300866227e+01 3.894868418830089496e+01 3.733630940518894192e+01 2.100000000000000000e+01 2.376972864800942631e+01 2.745906043549196340e+01 2.701851217221259205e+01 4.220189569201838253e+01 2.901723625709381693e+01
2.154065922853801496e+01 4.304648650006176780e+01 3.720215047547655018e+01 3.214031735997639316e+01 3.138470965295043058e+01 2.332380757938120297e+01 3.612478373637688378e+01 2.102379604162863913e+01 0.000000000000000000e+00 1.910497317454279909e+01 2.404163056034261459e+01 2.000000000000000000e+01 3.522782990761707111e+01 1.019803902718556898e+01 3.361547262794321966e+01 3.667424164178449786e+01 1.581138830084189628e+01 2.529822128134703618e+01 2.088061301782110135e+01 3.590264614203248072e+01 3.505709628591620941e+01 4.123105625617660763e+01 3.041381265149109936e+01 2.830194339616981125e+01 2.473863375370596174e+01 2.236067977499789805e+01 2.906888370749726747e+01 8.246211251235321171e+00
6.082762530298219339e+00 3.512833614050059339e+01 2.816025568065744622e+01 3.400000000000000000e+01 2.789265136196270589e+01 1.004987562112088995e+01 3.757658845611187104e+01 2.236067977499789805e+00 1.910497317454279909e+01 0.000000000000000000e+00 6.403124237432848531e+00 2.617250465660480074e+01 4.022437072223753063e+01 1.878829422805593552e+01 4.318564576337836769e+01 4.280186911806539030e+01 3.275667870831839679e+01 2.459674775249768786e+01 2.220360331117451835e+01 4.263801121065568367e+01 3.712142238654116966e+01 3.612478373637688378e+01 2.009975124224177989e+01 2.236067977499789805e+01 2.555386467836127551e+01 2.500000000000000000e+01 4.000000000000000000e+01 2.700000000000000000e+01
3.162277660168379523e+00 3.001666203960726875e+01 2.302172886644267535e+01 3.201562118716424266e+01 2.459674775249768786e+01 5.830951894845300743e+00 3.522782990761707111e+01 6.324555320336759046e+00 2.404163056034261459e+01 6.403124237432848531e+00 0.000000000000000000e+00 2.641968962724581260e+01 3.889730067755344578e+01 2.121320343559642652e+01 4.326661530556787483e+01 4.172529209005013229e+01 3.605551275463989214e+01 2.267156809750926882e+01 2.140093455903269515e+01 4.177319714841084419e+01 3.500000000000000000e+01 3.178049716414140846e+01 1.513274595042155646e+01 1.878829422805593552e+01 2.404163056034261459e+01 2.420743687382040932e+01 4.070626487409523975e+01 3.140063693621516450e+01
2.332380757938120297e+01 2.780287754891568852e+01 2.416609194718914466e+01 1.236931687685298087e+01 1.500000000000000000e+01 2.154065922853801496e+01 1.627882059609970611e+01 2.831960451701259274e+01 2.000000000000000000e+01 2.617250465660480074e+01 2.641968962724581260e+01 0.000000000000000000e+00 1.552417469626002422e+01 1.019803902718556898e+01 1.702938636592640265e+01 1.746424919657297892e+01 1.702938636592640265e+01 8.944271909999159220e+00 6.000000000000000000e+00 1.700000000000000000e+01 1.513274595042155646e+01 2.408318915758459156e+01 2.109502310972898798e+01 1.552417469626002422e+01 7.211102550927978250e+00 4.472135954999579610e+00 1.431782106327635340e+01 1.969771560359220786e+01
3.612478373637688378e+01 2.607680962081059661e+01 2.647640458974745314e+01 7.615773105863908654e+00 1.708800749063506075e+01 3.324154027718932269e+01 7.071067811865475505e+00 4.220189569201838253e+01 3.522782990761707111e+01 4.022437072223753063e+01 3.889730067755344578e+01 1.552417469626002422e+01 0.000000000000000000e+00 2.570992026436488231e+01 9.848857801796103928e+00 3.162277660168379523e+00 2.751363298439520833e+01 1.627882059609970611e+01 1.802775637731994607e+01 4.000000000000000000e+00 6.000000000000000000e+00 2.022374841615668473e+01 2.817800560721074277e+01 2.195449840010014952e+01 1.486606874731850603e+01 1.526433752247374720e+01 1.272792206135785520e+01 3.324154027718932269e+01
1.811077027627483460e+01 3.360059523282288296e+01 2.828427124746190202e+01 2.202271554554523902e+01 2.147091055358388800e+01 1.811077027627483460e+01 2.601922366251537611e+01 2.102379604162863913e+01 1.019803902718556898e+01 1.878829422805593552e+01 2.121320343559642652e+01 1.019803902718556898e+01 2.570992026436488231e+01 0.000000000000000000e+00 2.580697580112788003e+01 2.751363298439520833e+01 1.503329637837290811e+01 1.523154621172781731e+01 1.077032961426900748e+01 2.692582403567251959e+01 2.500000000000000000e+01 3.130495168499705727e+01 2.247220505424423109e+01 1.910497317454279909e+01 1.456021977856103611e+01 1.216552506059643868e+01 2.193171219946130890e+01 1.280624847486569706e+01
4.022437072223753063e+01 3.551056180912940619e+01 3.501428280002319582e+01 1.603121954188139853e+01 2.507987240796890660e+01 3.807886552931954327e+01 1.676305461424021104e+01 4.534313619501853765e+01 3.361547262794321966e+01 4.318564576337836769e+01 4.326661530556787483e+01 1.702938636592640265e+01 9.848857801796103928e+00 2.580697580112788003e+01 0.000000000000000000e+00 7.810249675906653977e+00 2.200000000000000000e+01 2.213594362117865444e+01 2.195449840010014952e+01 6.403124237432848531e+00 1.552417469626002422e+01 2.983286778035259701e+01 3.517101079013794873e+01 2.886173937932362321e+01 2.024845673131658685e+01 1.923538406167134340e+01 5.000000000000000000e+00 2.942787793912432193e+01
3.889730067755344578e+01 2.901723625709381693e+01 2.961418578992169515e+01 1.077032961426900748e+01 2.024845673131658685e+01 3.612478373637688378e+01 1.000000000000000000e+01 4.482186966202993972e+01 3.667424164178449786e+01 4.280186911806539030e+01 4.172529209005013229e+01 1.746424919657297892e+01 3.162277660168379523e+00 2.751363298439520833e+01 7.810249675906653977e+00 0.000000000000000000e+00 2.765863337187866122e+01 1.920937271229854559e+01 2.061552812808830382e+01 1.414213562373095145e+00 9.055385138137417300e+00 2.308679276123039159e+01 3.130495168499705727e+01 2.505992817228333536e+01 1.769180601295413169e+01 1.780449381476485726e+01 1.166190378969060149e+01 3.401470270338990076e+01
3.301514803843835466e+01 4.482186966202993972e+01 4.081666326391709987e+01 2.801785145224380003e+01 3.201562118716424266e+01 3.313608305156178346e+01 3.138470965295043058e+01 3.492849839314595783e+01 1.581138830084189628e+01 3.275667870831839679e+01 3.605551275463989214e+01 1.702938636592640265e+01 2.751363298439520833e+01 1.503329637837290811e+01 2.200000000000000000e+01 2.765863337187866122e+01 0.000000000000000000e+00 2.580697580112788003e+01 2.195449840010014952e+01 2.647640458974745314e+01 3.001666203960726875e+01 4.101219330881975367e+01 3.640054944640259293e+01 3.176476034853718033e+01 2.420743687382040932e+01 2.140093455903269515e+01 1.700000000000000000e+01 8.602325267042626677e+00
2.000000000000000000e+01 1.910497317454279909e+01 1.523154621172781731e+01 9.433981132056603158e+00 6.403124237432848531e+00 1.697056274847713908e+01 1.300000000000000000e+01 2.641968962724581260e+01 2.529822128134703618e+01 2.459674775249768786e+01 2.267156809750926882e+01 8.944271909999159220e+00 1.627882059609970611e+01 1.523154621172781731e+01 2.213594362117865444e+01 1.920937271229854559e+01 2.580697580112788003e+01 0.000000000000000000e+00 4.472135954999579610e+00 1.941648783894759944e+01 1.252996408614166768e+01 1.612451549659709826e+01 1.315294643796590535e+01 7.000000000000000000e+00 2.000000000000000000e+00 4.472135954999579610e+00 2.109502310972898798e+01 2.720294101747088789e+01
1.843908891458577415e+01 2.334523505985750447e+01 1.886796226411320632e+01 1.236931687685298087e+01 1.081665382639196871e+01 1.612451549659709826e+01 1.627882059609970611e+01 2.420743687382040932e+01 2.088061301782110135e+01 2.220360331117451835e+01 2.140093455903269515e+01 6.000000000000000000e+00 1.802775637731994607e+01 1.077032961426900748e+01 2.195449840010014952e+01 2.061552812808830382e+01 2.195449840010014952e+01 4.472135954999579610e+00 0.000000000000000000e+00 2.051828452868319275e+01 1.552417469626002422e+01 2.059126028197400160e+01 1.513274595042155646e+01 9.848857801796103928e+00 4.000000000000000000e+00 2.828427124746190291e+00 1.992485884517127559e+01 2.280350850198275836e+01
3.889730067755344578e+01 3.006659275674581622e+01 3.041381265149109936e+01 1.140175425099137918e+01 2.088061301782110135e+01 3.623534186398687496e+01 1.104536101718726115e+01 4.468780594300866227e+01 3.590264614203248072e+01 4.263801121065568367e+01 4.177319714841084419e+01 1.700000000000000000e+01 4.000000000000000000e+00 2.692582403567251959e+01 6.403124237432848531e+00 1.414213562373095145e+00 2.647640458974745314e+01 1.941648783894759944e+01 2.051828452868319275e+01 0.000000000000000000e+00 1.000000000000000000e+01 2.418677324489564739e+01 3.178049716414140846e+01 2.549509756796392423e+01 1.780449381476485726e+01 1.769180601295413169e+01 1.029563014098700080e+01 3.300000000000000000e+01
3.244996147917590434e+01 2.009975124224177989e+01 2.061552812808830382e+01 3.162277660168379523e+00 1.166190378969060149e+01 2.920616373302046753e+01 1.414213562373095145e+00 3.894868418830089496e+01 3.505709628591620941e+01 3.712142238654116966e+01 3.500000000000000000e+01 1.513274595042155646e+01 6.000000000000000000e+00 2.500000000000000000e+01 1.552417469626002422e+01 9.055385138137417300e+00 3.001666203960726875e+01 1.252996408614166768e+01 1.552417469626002422e+01 1.000000000000000000e+01 0.000000000000000000e+00 1.431782106327635340e+01 2.302172886644267535e+01 1.702938636592640265e+01 1.170469991071962568e+01 1.315294643796590535e+01 1.749285568453590045e+01 3.448187929913333249e+01
3.026549190084311292e+01 6.082762530298219339e+00 1.000000000000000000e+01 1.431782106327635340e+01 9.848857801796103928e+00 2.630589287593181069e+01 1.315294643796590535e+01 3.733630940518894192e+01 4.123105625617660763e+01 3.612478373637688378e+01 3.178049716414140846e+01 2.408318915758459156e+01 2.022374841615668473e+01 3.130495168499705727e+01 2.983286778035259701e+01 2.308679276123039159e+01 4.101219330881975367e+01 1.612451549659709826e+01 2.059126028197400160e+01 2.418677324489564739e+01 1.431782106327635340e+01 0.000000000000000000e+00 1.676305461424021104e+01 1.403566884761819900e+01 1.720465053408525335e+01 2.000000000000000000e+01 3.138470965295043058e+01 4.326661530556787483e+01
1.403566884761819900e+01 1.503329637837290811e+01 8.062257748298549132e+00 2.059126028197400160e+01 1.140175425099137918e+01 1.004987562112088995e+01 2.280350850198275836e+01 2.100000000000000000e+01 3.041381265149109936e+01 2.009975124224177989e+01 1.513274595042155646e+01 2.109502310972898798e+01 2.817800560721074277e+01 2.247220505424423109e+01 3.517101079013794873e+01 3.130495168499705727e+01 3.640054944640259293e+01 1.315294643796590535e+01 1.513274595042155646e+01 3.178049716414140846e+01 2.302172886644267535e+01 1.676305461424021104e+01 0.000000000000000000e+00 6.324555320336759046e+00 1.513274595042155646e+01 1.700000000000000000e+01 3.423448553724738019e+01 3.522782990761707111e+01
1.676305461424021104e+01 1.476482306023340030e+01 9.219544457292887074e+00 1.442220510185595650e+01 5.830951894845300743e+00 1.300000000000000000e+01 1.697056274847713908e+01 2.376972864800942631e+01 2.830194339616981125e+01 2.236067977499789805e+01 1.878829422805593552e+01 1.552417469626002422e+01 2.195449840010014952e+01 1.910497317454279909e+01 2.886173937932362321e+01 2.505992817228333536e+01 3.176476034853718033e+01 7.000000000000000000e+00 9.848857801796103928e+00 2.549509756796392423e+01 1.702938636592640265e+01 1.403566884761819900e+01 6.324555320336759046e+00 0.000000000000000000e+00 9.000000000000000000e+00 1.118033988749894903e+01 2.807133769523639799e+01 3.182766092567909766e+01
2.126029162546929996e+01 2.061552812808830382e+01 1.708800749063506075e+01 8.544003745317530374e+00 7.810249675906653977e+00 1.843908891458577415e+01 1.236931687685298087e+01 2.745906043549196340e+01 2.473863375370596174e+01 2.555386467836127551e+01 2.404163056034261459e+01 7.211102550927978250e+00 1.486606874731850603e+01 1.456021977856103611e+01 2.024845673131658685e+01 1.769180601295413169e+01 2.420743687382040932e+01 2.000000000000000000e+00 4.000000000000000000e+00 1.780449381476485726e+01 1.170469991071962568e+01 1.720465053408525335e+01 1.513274595042155646e+01 9.000000000000000000e+00 0.000000000000000000e+00 2.828427124746190291e+00 1.910497317454279909e+01 2.607680962081059661e+01
2.126029162546929996e+01 2.343074902771996193e+01 1.969771560359220786e+01 1.004987562112088995e+01 1.063014581273464998e+01 1.886796226411320632e+01 1.403566884761819900e+01 2.701851217221259205e+01 2.236067977499789805e+01 2.500000000000000000e+01 2.420743687382040932e+01 4.472135954999579610e+00 1.526433752247374720e+01 1.216552506059643868e+01 1.923538406167134340e+01 1.780449381476485726e+01 2.140093455903269515e+01 4.472135954999579610e+00 2.828427124746190291e+00 1.769180601295413169e+01 1.315294643796590535e+01 2.000000000000000000e+01 1.700000000000000000e+01 1.118033988749894903e+01 2.828427124746190291e+00 0.000000000000000000e+00 1.746424919657297892e+01 2.332380757938120297e+01
3.758989225842500304e+01 3.668787265568828104e+01 3.522782990761707111e+01 1.708800749063506075e+01 2.517935662402834396e+01 3.584689665786984136e+01 1.886796226411320632e+01 4.220189569201838253e+01 2.906888370749726747e+01 4.000000000000000000e+01 4.070626487409523975e+01 1.431782106327635340e+01 1.272792206135785520e+01 2.193171219946130890e+01 5.000000000000000000e+00 1.166190378969060149e+01 1.700000000000000000e+01 2.109502310972898798e+01 1.992485884517127559e+01 1.029563014098700080e+01 1.749285568453590045e+01 3.138470965295043058e+01 3.423448553724738019e+01 2.807133769523639799e+01 1.910497317454279909e+01 1.746424919657297892e+01 0.000000000000000000e+00 2.451530134426252516e+01
2.863564212655270680e+01 4.609772228646443892e+01 4.103656905736638549e+01 3.195309061734091571e+01 3.360059523282288296e+01 2.973213749463701205e+01 3.573513677041127323e+01 2.901723625709381693e+01 8.246211251235321171e+00 2.700000000000000000e+01 3.140063693621516450e+01 1.969771560359220786e+01 3.324154027718932269e+01 1.280624847486569706e+01 2.942787793912432193e+01 3.401470270338990076e+01 8.602325267042626677e+00 2.720294101747088789e+01 2.280350850198275836e+01 3.300000000000000000e+01 3.448187929913333249e+01 4.326661530556787483e+01 3.522782990761707111e+01 3.182766092567909766e+01 2.607680962081059661e+01 2.332380757938120297e+01 2.451530134426252516e+01 0.000000000000000000e+00
