0.000000000000000000e+00 2.376972864800942631e+01 5.047771785649585041e+01 1.780449381476485726e+01 3.206243908376279705e+01 2.163330765278393741e+01 1.077032961426900748e+01 4.242640687119284770e+00 7.000000000000000000e+00 4.341658669218482203e+01 3.383784863137726262e+01 4.100000000000000000e+01 2.865309756378880479e+01 3.001666203960726875e+01 2.400000000000000000e+01 1.503329637837290811e+01 1.486606874731850603e+01 2.624880949681337583e+01 3.667424164178449786e+01 1.664331697709323876e+01 1.979898987322333070e+01 3.482814953453599571e+01 2.475883680627989492e+01 4.459820624195551630e+01 4.341658669218482203e+01 3.894868418830089496e+01 7.615773105863908654e+00 1.843908891458577415e+01
2.376972864800942631e+01 0.000000000000000000e+00 2.906888370749726747e+01 1.442220510185595650e+01 1.204159457879229578e+01 1.627882059609970611e+01 1.315294643796590535e+01 2.193171219946130890e+01 1.708800749063506075e+01 2.000000000000000000e+01 2.236067977499789805e+01 1.897366596101027625e+01 2.102379604162863913e+01 2.154065922853801496e+01 6.082762530298219339e+00 2.376972864800942631e+01 9.055385138137417300e+00 2.420743687382040932e+01 1.414213562373095101e+01 9.486832980505138124e+00 1.204159457879229578e+01 1.649242250247064234e+01 1.341640786499873883e+01 2.600000000000000000e+01 2.121320343559642652e+01 1.702938636592640265e+01 2.002498439450078749e+01 1.118033988749894903e+01
5.047771785649585041e+01 2.906888370749726747e+01 0.000000000000000000e+00 3.401470270338990076e+01 3.162277660168379256e+01 3.162277660168379256e+01 4.000000000000000000e+01 4.981967482832460092e+01 4.482186966202993972e+01 2.202271554554523902e+01 2.300000000000000000e+01 2.801785145224380003e+01 2.816025568065744622e+01 2.707397274136176790e+01 3.328663395418647752e+01 4.301162633521313694e+01 3.623534186398687496e+01 3.413209633175202384e+01 1.500000000000000000e+01 3.383784863137726262e+01 3.130495168499705727e+01 1.615549442140351033e+01 2.692582403567251959e+01 9.219544457292887074e+00 8.062257748298549132e+00 1.204159457879229578e+01 4.429446918070020445e+01 4.000000000000000000e+01
1.780449381476485726e+01 1.442220510185595650e+01 3.401470270338990076e+01 0.000000000000000000e+00 2.640075756488817049e+01 4.123105625617660586e+00 1.004987562112088995e+01 1.878829422805593552e+01 1.456021977856103611e+01 3.298484500494128469e+01 1.612451549659709826e+01 3.310589071449369669e+01 1.140175425099137918e+01 1.264911064067351809e+01 1.910497317454279909e+01 1.004987562112088995e+01 9.486832980505138124e+00 1.140175425099137918e+01 2.209072203437452231e+01 5.830951894845300743e+00 3.000000000000000000e+00 1.788854381999831844e+01 7.211102550927978250e+00 2.720294101747088789e+01 2.789265136196270589e+01 2.353720459187963954e+01 1.063014581273464998e+01 1.931320791582796659e+01
3.206243908376279705e+01 1.204159457879229578e+01 3.162277660168379256e+01 2.640075756488817049e+01 0.000000000000000000e+00 2.828427124746190202e+01 2.280350850198275836e+01 2.901723625709381693e+01 2.507987240796890660e+01 1.360147050873544394e+01 3.269556544854363267e+01 9.219544457292887074e+00 3.244996147917590434e+01 3.275667870831839679e+01 8.246211251235321171e+00 3.535533905932737753e+01 1.931320791582796659e+01 3.612478373637688378e+01 1.802775637731994607e+01 2.109502310972898798e+01 2.408318915758459156e+01 2.451530134426252516e+01 2.500000000000000000e+01 3.201562118716424266e+01 2.376972864800942631e+01 2.109502310972898798e+01 3.036445290137795183e+01 1.414213562373095101e+01
2.163330765278393741e+01 1.627882059609970611e+01 3.162277660168379256e+01 4.123105625617660586e+00 2.828427124746190202e+01 0.000000000000000000e+00 1.414213562373095101e+01 2.284731931759172596e+01 1.868154169226940553e+01 3.324154027718932269e+01 1.220655561573370207e+01 3.413209633175202384e+01 7.280109889280518054e+00 8.544003745317530374e+00 2.163330765278393741e+01 1.140175425099137918e+01 1.315294643796590535e+01 8.062257748298549132e+00 2.109502310972898798e+01 9.219544457292887074e+00 4.472135954999579610e+00 1.552417469626002422e+01 5.000000000000000000e+00 2.418677324489564739e+01 2.617250465660480074e+01 2.202271554554523902e+01 1.421267040355189515e+01 2.280350850198275836e+01
1.077032961426900748e+01 1.315294643796590535e+01 4.000000000000000000e+01 1.004987562112088995e+01 2.280350850198275836e+01 1.414213562373095101e+01 0.000000000000000000e+00 9.899494936611665352e+00 5.000000000000000000e+00 3.306055050963308162e+01 2.563201123595259290e+01 3.125699921617556853e+01 2.137755832643194864e+01 2.256102834535695578e+01 1.456021977856103611e+01 1.421267040355189515e+01 4.123105625617660586e+00 2.109502310972898798e+01 2.594224354214569317e+01 6.403124237432848531e+00 1.077032961426900748e+01 2.475883680627989492e+01 1.565247584249852864e+01 3.471310991541956525e+01 3.275667870831839679e+01 2.830194339616981125e+01 7.615773105863908654e+00 1.131370849898476116e+01
4.242640687119284770e+00 2.193171219946130890e+01 4.981967482832460092e+01 1.878829422805593552e+01 2.901723625709381693e+01 2.284731931759172596e+01 9.899494936611665352e+00 0.000000000000000000e+00 5.000000000000000000e+00 4.100000000000000000e+01 3.488552708502481892e+01 3.811823710509183627e+01 3.008321791298264714e+01 3.138470965295043058e+01 2.121320343559642652e+01 1.811077027627483460e+01 1.360147050873544394e+01 2.844292530665578411e+01 3.551056180912940619e+01 1.627882059609970611e+01 2.024845673131658685e+01 3.465544690232691494e+01 2.523885892824792521e+01 4.459820624195551630e+01 4.243819034784588951e+01 3.801315561749642313e+01 1.000000000000000000e+01 1.503329637837290811e+01
7.000000000000000000e+00 1.708800749063506075e+01 4.482186966202993972e+01 1.456021977856103611e+01 2.507987240796890660e+01 1.868154169226940553e+01 5.000000000000000000e+00 5.000000000000000000e+00 0.000000000000000000e+00 3.649657518178931781e+01 3.046309242345563462e+01 3.400000000000000000e+01 2.596150997149434048e+01 2.720294101747088789e+01 1.700000000000000000e+01 1.615549442140351033e+01 8.602325267042626677e+00 2.501999200639360765e+01 3.052867504494749440e+01 1.140175425099137918e+01 1.565247584249852864e+01 2.973213749463701205e+01 2.059126028197400160e+01 3.969886648255841521e+01 3.744329045369811126e+01 3.301514803843835466e+01 8.062257748298549132e+00 1.170469991071962568e+01
4.341658669218482203e+01 2.000000000000000000e+01 2.202271554554523902e+01 3.298484500494128469e+01 1.360147050873544394e+01 3.324154027718932269e+01 3.306055050963308162e+01 4.100000000000000000e+01 3.649657518178931781e+01 0.000000000000000000e+00 3.255764119219941222e+01 6.324555320336759046e+00 3.466987164671942878e+01 3.440930106817050671e+01 1.992485884517127559e+01 4.295346318982905842e+01 2.901723625709381693e+01 3.982461550347975532e+01 1.414213562373095101e+01 2.915475947422650194e+01 3.008321791298264714e+01 2.262741699796952233e+01 2.863564212655270680e+01 2.600000000000000000e+01 1.581138830084189628e+01 1.581138830084189628e+01 4.001249804748510996e+01 2.692582403567251959e+01
3.383784863137726262e+01 2.236067977499789805e+01 2.300000000000000000e+01 1.612451549659709826e+01 3.269556544854363267e+01 1.220655561573370207e+01 2.563201123595259290e+01 3.488552708502481892e+01 3.046309242345563462e+01 3.255764119219941222e+01 0.000000000000000000e+00 3.560898762952971452e+01 5.830951894845300743e+00 4.472135954999579610e+00 2.844292530665578411e+01 2.220360331117451835e+01 2.353720459187963954e+01 1.140175425099137918e+01 1.843908891458577415e+01 1.964688270438849926e+01 1.486606874731850603e+01 1.000000000000000000e+01 1.019803902718556898e+01 1.414213562373095101e+01 2.024845673131658685e+01 1.749285568453590045e+01 2.640075756488817049e+01 3.201562118716424266e+01
4.100000000000000000e+01 1.897366596101027625e+01 2.801785145224380003e+01 3.310589071449369669e+01 9.219544457292887074e+00 3.413209633175202384e+01 3.125699921617556853e+01 3.811823710509183627e+01 3.400000000000000000e+01 6.324555320336759046e+00 3.560898762952971452e+01 0.000000000000000000e+00 3.679673898594819548e+01 3.676955262170046979e+01 1.700000000000000000e+01 4.272001872658765365e+01 2.745906043549196340e+01 4.140048308896890461e+01 1.788854381999831844e+01 2.846049894151541437e+01 3.041381265149109936e+01 2.607680962081059661e+01 3.000000000000000000e+01 3.104834939252004844e+01 2.121320343559642652e+01 2.024845673131658685e+01 3.863935817272331263e+01 2.334523505985750447e+01
2.865309756378880479e+01 2.102379604162863913e+01 2.816025568065744622e+01 1.140175425099137918e+01 3.244996147917590434e+01 7.280109889280518054e+00 2.137755832643194864e+01 3.008321791298264714e+01 2.596150997149434048e+01 3.466987164671942878e+01 5.830951894845300743e+00 3.679673898594819548e+01 0.000000000000000000e+00 1.414213562373095145e+00 2.692582403567251959e+01 1.640121946685672683e+01 2.000000000000000000e+01 6.000000000000000000e+00 2.102379604162863913e+01 1.600000000000000000e+01 1.100000000000000000e+01 1.334166406412633421e+01 7.615773105863908654e+00 1.964688270438849926e+01 2.433105012119287736e+01 2.088061301782110135e+01 2.109502310972898798e+01 2.927456233660889495e+01
3.001666203960726875e+01 2.154065922853801496e+01 2.707397274136176790e+01 1.264911064067351809e+01 3.275667870831839679e+01 8.544003745317530374e+00 2.256102834535695578e+01 3.138470965295043058e+01 2.720294101747088789e+01 3.440930106817050671e+01 4.472135954999579610e+00 3.676955262170046979e+01 1.414213562373095145e+00 0.000000000000000000e+00 2.751363298439520833e+01 1.780449381476485726e+01 2.102379604162863913e+01 7.071067811865475505e+00 2.059126028197400160e+01 1.702938636592640265e+01 1.204159457879229578e+01 1.264911064067351809e+01 8.246211251235321171e+00 1.843908891458577415e+01 2.353720459187963954e+01 2.024845673131658685e+01 2.247220505424423109e+01 3.014962686336266984e+01
2.400000000000000000e+01 6.082762530298219339e+00 3.328663395418647752e+01 1.910497317454279909e+01 8.246211251235321171e+00 2.163330765278393741e+01 1.456021977856103611e+01 2.121320343559642652e+01 1.700000000000000000e+01 1.992485884517127559e+01 2.844292530665578411e+01 1.700000000000000000e+01 2.692582403567251959e+01 2.751363298439520833e+01 0.000000000000000000e+00 2.745906043549196340e+01 1.118033988749894903e+01 2.968164415931165934e+01 1.835755975068581947e+01 1.345362404707370985e+01 1.720465053408525335e+01 2.220360331117451835e+01 1.931320791582796659e+01 3.132091952673165025e+01 2.523885892824792521e+01 2.147091055358388800e+01 2.213594362117865444e+01 7.211102550927978250e+00
1.503329637837290811e+01 2.376972864800942631e+01 4.301162633521313694e+01 1.004987562112088995e+01 3.535533905932737753e+01 1.140175425099137918e+01 1.421267040355189515e+01 1.811077027627483460e+01 1.615549442140351033e+01 4.295346318982905842e+01 2.220360331117451835e+01 4.272001872658765365e+01 1.640121946685672683e+01 1.780449381476485726e+01 2.745906043549196340e+01 0.000000000000000000e+00 1.640121946685672683e+01 1.220655561573370207e+01 3.201562118716424266e+01 1.431782106327635340e+01 1.303840481040529831e+01 2.692582403567251959e+01 1.627882059609970611e+01 3.534119409414458346e+01 3.748332962798262713e+01 3.324154027718932269e+01 8.246211251235321171e+00 2.549509756796392423e+01
1.486606874731850603e+01 9.055385138137417300e+00 3.623534186398687496e+01 9.486832980505138124e+00 1.931320791582796659e+01 1.315294643796590535e+01 4.123105625617660586e+00 1.360147050873544394e+01 8.602325267042626677e+00 2.901723625709381693e+01 2.353720459187963954e+01 2.745906043549196340e+01 2.000000000000000000e+01 2.102379604162863913e+01 1.118033988749894903e+01 1.640121946685672683e+01 0.000000000000000000e+00 2.088061301782110135e+01 2.195449840010014952e+01 4.000000000000000000e+00 9.000000000000000000e+00 2.140093455903269515e+01 1.334166406412633421e+01 3.140063693621516450e+01 2.884441020371191300e+01 2.441311123146740414e+01 1.118033988749894903e+01 9.848857801796103928e+00
2.624880949681337583e+01 2.420743687382040932e+01 3.413209633175202384e+01 1.140175425099137918e+01 3.612478373637688378e+01 8.062257748298549132e+00 2.109502310972898798e+01 2.844292530665578411e+01 2.501999200639360765e+01 3.982461550347975532e+01 1.140175425099137918e+01 4.140048308896890461e+01 6.000000000000000000e+00 7.071067811865475505e+00 2.968164415931165934e+01 1.220655561573370207e+01 2.088061301782110135e+01 0.000000000000000000e+00 2.657066051117284644e+01 1.708800749063506075e+01 1.252996408614166768e+01 1.923538406167134340e+01 1.140175425099137918e+01 2.549509756796392423e+01 3.026549190084311292e+01 2.668332812825266842e+01 1.868154169226940553e+01 3.067572330035593353e+01
3.667424164178449786e+01 1.414213562373095101e+01 1.500000000000000000e+01 2.209072203437452231e+01 1.802775637731994607e+01 2.109502310972898798e+01 2.594224354214569317e+01 3.551056180912940619e+01 3.052867504494749440e+01 1.414213562373095101e+01 1.843908891458577415e+01 1.788854381999831844e+01 2.102379604162863913e+01 2.059126028197400160e+01 1.835755975068581947e+01 3.201562118716424266e+01 2.195449840010014952e+01 2.657066051117284644e+01 0.000000000000000000e+00 2.024845673131658685e+01 1.910497317454279909e+01 8.485281374238569541e+00 1.612451549659709826e+01 1.400000000000000000e+01 7.071067811865475505e+00 3.162277660168379523e+00 3.132091952673165025e+01 2.500000000000000000e+01
1.664331697709323876e+01 9.486832980505138124e+00 3.383784863137726262e+01 5.830951894845300743e+00 2.109502310972898798e+01 9.219544457292887074e+00 6.403124237432848531e+00 1.627882059609970611e+01 1.140175425099137918e+01 2.915475947422650194e+01 1.964688270438849926e+01 2.846049894151541437e+01 1.600000000000000000e+01 1.702938636592640265e+01 1.345362404707370985e+01 1.431782106327635340e+01 4.000000000000000000e+00 1.708800749063506075e+01 2.024845673131658685e+01 0.000000000000000000e+00 5.000000000000000000e+00 1.838477631085023489e+01 9.486832980505138124e+00 2.831960451701259274e+01 2.683281572999747766e+01 2.236067977499789805e+01 1.118033988749894903e+01 1.360147050873544394e+01
1.979898987322333070e+01 1.204159457879229578e+01 3.130495168499705727e+01 3.000000000000000000e+00 2.408318915758459156e+01 4.472135954999579610e+00 1.077032961426900748e+01 2.024845673131658685e+01 1.565247584249852864e+01 3.008321791298264714e+01 1.486606874731850603e+01 3.041381265149109936e+01 1.100000000000000000e+01 1.204159457879229578e+01 1.720465053408525335e+01 1.303840481040529831e+01 9.000000000000000000e+00 1.252996408614166768e+01 1.910497317454279909e+01 5.000000000000000000e+00 0.000000000000000000e+00 1.526433752247374720e+01 5.000000000000000000e+00 2.483948469674844262e+01 2.500000000000000000e+01 2.061552812808830382e+01 1.303840481040529831e+01 1.843908891458577415e+01
3.482814953453599571e+01 1.649242250247064234e+01 1.615549442140351033e+01 1.788854381999831844e+01 2.451530134426252516e+01 1.552417469626002422e+01 2.475883680627989492e+01 3.465544690232691494e+01 2.973213749463701205e+01 2.262741699796952233e+01 1.000000000000000000e+01 2.607680962081059661e+01 1.334166406412633421e+01 1.264911064067351809e+01 2.220360331117451835e+01 2.692582403567251959e+01 2.140093455903269515e+01 1.923538406167134340e+01 8.485281374238569541e+00 1.838477631085023489e+01 1.526433752247374720e+01 0.000000000000000000e+00 1.077032961426900748e+01 1.000000000000000000e+01 1.104536101718726115e+01 7.615773105863908654e+00 2.830194339616981125e+01 2.751363298439520833e+01
2.475883680627989492e+01 1.341640786499873883e+01 2.692582403567251959e+01 7.211102550927978250e+00 2.500000000000000000e+01 5.000000000000000000e+00 1.565247584249852864e+01 2.523885892824792521e+01 2.059126028197400160e+01 2.863564212655270680e+01 1.019803902718556898e+01 3.000000000000000000e+01 7.615773105863908654e+00 8.246211251235321171e+00 1.931320791582796659e+01 1.627882059609970611e+01 1.334166406412633421e+01 1.140175425099137918e+01 1.612451549659709826e+01 9.486832980505138124e+00 5.000000000000000000e+00 1.077032961426900748e+01 0.000000000000000000e+00 2.000000000000000000e+01 2.121320343559642652e+01 1.702938636592640265e+01 1.780449381476485726e+01 2.202271554554523902e+01
4.459820624195551630e+01 2.600000000000000000e+01 9.219544457292887074e+00 2.720294101747088789e+01 3.201562118716424266e+01 2.418677324489564739e+01 3.471310991541956525e+01 4.459820624195551630e+01 3.969886648255841521e+01 2.600000000000000000e+01 1.414213562373095101e+01 3.104834939252004844e+01 1.964688270438849926e+01 1.843908891458577415e+01 3.132091952673165025e+01 3.534119409414458346e+01 3.140063693621516450e+01 2.549509756796392423e+01 1.400000000000000000e+01 2.831960451701259274e+01 2.483948469674844262e+01 1.000000000000000000e+01 2.000000000000000000e+01 0.000000000000000000e+00 1.029563014098700080e+01 1.104536101718726115e+01 3.780211634287159939e+01 3.716180835212409050e+01
4.341658669218482203e+01 2.121320343559642652e+01 8.062257748298549132e+00 2.789265136196270589e+01 2.376972864800942631e+01 2.617250465660480074e+01 3.275667870831839679e+01 4.243819034784588951e+01 3.744329045369811126e+01 1.581138830084189628e+01 2.024845673131658685e+01 2.121320343559642652e+01 2.433105012119287736e+01 2.353720459187963954e+01 2.523885892824792521e+01 3.748332962798262713e+01 2.884441020371191300e+01 3.026549190084311292e+01 7.071067811865475505e+00 2.683281572999747766e+01 2.500000000000000000e+01 1.104536101718726115e+01 2.121320343559642652e+01 1.029563014098700080e+01 0.000000000000000000e+00 4.472135954999579610e+00 3.769615364994152884e+01 3.201562118716424266e+01
3.894868418830089496e+01 1.702938636592640265e+01 1.204159457879229578e+01 2.353720459187963954e+01 2.109502310972898798e+01 2.202271554554523902e+01 2.830194339616981125e+01 3.801315561749642313e+01 3.301514803843835466e+01 1.581138830084189628e+01 1.749285568453590045e+01 2.024845673131658685e+01 2.088061301782110135e+01 2.024845673131658685e+01 2.147091055358388800e+01 3.324154027718932269e+01 2.441311123146740414e+01 2.668332812825266842e+01 3.162277660168379523e+00 2.236067977499789805e+01 2.061552812808830382e+01 7.615773105863908654e+00 1.702938636592640265e+01 1.104536101718726115e+01 4.472135954999579610e+00 0.000000000000000000e+00 3.324154027718932269e+01 2.801785145224380003e+01
7.615773105863908654e+00 2.002498439450078749e+01 4.429446918070020445e+01 1.063014581273464998e+01 3.036445290137795183e+01 1.421267040355189515e+01 7.615773105863908654e+00 1.000000000000000000e+01 8.062257748298549132e+00 4.001249804748510996e+01 2.640075756488817049e+01 3.863935817272331263e+01 2.109502310972898798e+01 2.247220505424423109e+01 2.213594362117865444e+01 8.246211251235321171e+00 1.118033988749894903e+01 1.868154169226940553e+01 3.132091952673165025e+01 1.118033988749894903e+01 1.303840481040529831e+01 2.830194339616981125e+01 1.780449381476485726e+01 3.780211634287159939e+01 3.769615364994152884e+01 3.324154027718932269e+01 0.000000000000000000e+00 1.860107523773827509e+01
1.843908891458577415e+01 1.118033988749894903e+01 4.000000000000000000e+01 1.931320791582796659e+01 1.414213562373095101e+01 2.280350850198275836e+01 1.131370849898476116e+01 1.503329637837290811e+01 1.170469991071962568e+01 2.692582403567251959e+01 3.201562118716424266e+01 2.334523505985750447e+01 2.927456233660889495e+01 3.014962686336266984e+01 7.211102550927978250e+00 2.549509756796392423e+01 9.848857801796103928e+00 3.067572330035593353e+01 2.500000000000000000e+01 1.360147050873544394e+01 1.843908891458577415e+01 2.751363298439520833e+01 2.202271554554523902e+01 3.716180835212409050e+01 3.201562118716424266e+01 2.801785145224380003e+01 1.860107523773827509e+01 0.000000000000000000e+00
