0.000000000000000000e+00 2.785677655436823841e+01 1.878829422805593552e+01 1.772004514666934938e+01 1.562049935181330795e+01 1.923538406167134340e+01 2.051828452868319275e+01 2.267156809750926882e+01 2.700000000000000000e+01 2.402082429892862692e+01 3.264965543462901820e+01 1.414213562373095101e+01 1.166190378969060149e+01 2.683281572999747766e+01 2.024845673131658685e+01 2.500000000000000000e+01 2.901723625709381693e+01 1.360147050873544394e+01 1.486606874731850603e+01 1.019803902718556898e+01 1.788854381999831844e+01 2.692582403567251959e+01 2.051828452868319275e+01 2.507987240796890660e+01 1.746424919657297892e+01
2.785677655436823841e+01 0.000000000000000000e+00 1.931320791582796659e+01 4.554119014694280310e+01 3.800000000000000000e+01 1.476482306023340030e+01 4.119465984809195902e+01 1.303840481040529831e+01 1.004987562112088995e+01 1.118033988749894903e+01 5.830951894845300743e+00 2.561249694973139412e+01 3.622154055254966920e+01 2.209072203437452231e+01 9.055385138137417300e+00 1.004987562112088995e+01 1.140175425099137918e+01 1.513274595042155646e+01 2.137755832643194864e+01 3.124099870362661591e+01 4.569463863518345192e+01 2.002498439450078749e+01 1.170469991071962568e+01 2.022374841615668473e+01 1.972308292331602075e+01
1.878829422805593552e+01 1.931320791582796659e+01 0.000000000000000000e+00 3.330165161069342616e+01 2.118962010041709121e+01 2.282542442102665348e+01 2.319482700948640286e+01 7.000000000000000000e+00 2.549509756796392423e+01 2.408318915758459156e+01 2.109502310972898798e+01 2.707397274136176790e+01 2.109502310972898798e+01 3.312099032335839155e+01 1.081665382639196871e+01 2.404163056034261459e+01 2.765863337187866122e+01 9.486832980505138124e+00 4.242640687119284770e+00 2.765863337187866122e+01 3.465544690232691494e+01 3.190611226708763226e+01 7.615773105863908654e+00 3.088689042296100240e+01 2.529822128134703618e+01
1.772004514666934938e+01 4.554119014694280310e+01 3.330165161069342616e+01 0.000000000000000000e+00 1.581138830084189628e+01 3.605551275463989214e+01 1.910497317454279909e+01 3.883297567789519888e+01 4.428317965096906050e+01 4.119465984809195902e+01 5.015974481593781320e+01 2.745906043549196340e+01 1.303840481040529831e+01 4.159326868617084472e+01 3.757658845611187104e+01 4.229657196511320194e+01 4.617358552246078318e+01 3.087069808086626210e+01 2.906888370749726747e+01 1.964688270438849926e+01 3.162277660168379523e+00 4.229657196511320194e+01 3.721558813185679071e+01 4.031128874149274566e+01 3.306055050963308162e+01
1.562049935181330795e+01 3.800000000000000000e+01 2.118962010041709121e+01 1.581138830084189628e+01 0.000000000000000000e+00 3.361547262794321966e+01 5.000000000000000000e+00 2.789265136196270589e+01 4.026164427839479032e+01 3.764306044943742080e+01 4.130375285612676350e+01 2.973213749463701205e+01 4.472135954999579610e+00 4.219004621945797595e+01 2.901723625709381693e+01 3.832753579347360073e+01 4.244997055358224713e+01 2.308679276123039159e+01 1.746424919657297892e+01 2.441311123146740414e+01 1.843908891458577415e+01 4.205948168962618183e+01 2.729468812791236232e+01 4.031128874149274566e+01 3.275667870831839679e+01
1.923538406167134340e+01 1.476482306023340030e+01 2.282542442102665348e+01 3.605551275463989214e+01 3.361547262794321966e+01 0.000000000000000000e+00 3.801315561749642313e+01 2.039607805437113797e+01 8.544003745317530374e+00 5.385164807134503739e+00 2.059126028197400160e+01 1.140175425099137918e+01 3.036445290137795183e+01 1.029563014098700080e+01 1.414213562373095101e+01 6.708203932499369415e+00 1.019803902718556898e+01 1.360147050873544394e+01 2.202271554554523902e+01 1.838477631085023489e+01 3.535533905932737753e+01 9.219544457292887074e+00 1.746424919657297892e+01 8.062257748298549132e+00 5.000000000000000000e+00
2.051828452868319275e+01 4.119465984809195902e+01 2.319482700948640286e+01 1.910497317454279909e+01 5.000000000000000000e+00 3.801315561749642313e+01 0.000000000000000000e+00 3.014962686336266984e+01 4.427188724235730888e+01 4.178516483155235761e+01 4.401136216933077350e+01 3.465544690232691494e+01 9.433981132056603158e+00 4.687216658103186262e+01 3.214031735997639316e+01 4.237924020083418242e+01 4.648655719667783615e+01 2.668332812825266842e+01 2.000000000000000000e+01 2.941088233970548416e+01 2.202271554554523902e+01 4.664761515876240594e+01 3.000000000000000000e+01 4.494441010848846219e+01 3.744329045369811126e+01
2.267156809750926882e+01 1.303840481040529831e+01 7.000000000000000000e+00 3.883297567789519888e+01 2.789265136196270589e+01 2.039607805437113797e+01 3.014962686336266984e+01 0.000000000000000000e+00 2.080865204668481283e+01 2.012461179749810825e+01 1.414213562373095101e+01 2.745906043549196340e+01 2.731300056749532601e+01 3.036445290137795183e+01 6.324555320336759046e+00 1.972308292331602075e+01 2.280350850198275836e+01 9.848857801796103928e+00 1.044030650891055068e+01 2.996664812754339380e+01 3.982461550347975532e+01 2.879236009777593708e+01 3.000000000000000000e+00 2.816025568065744622e+01 2.402082429892862692e+01
2.700000000000000000e+01 1.004987562112088995e+01 2.549509756796392423e+01 4.428317965096906050e+01 4.026164427839479032e+01 8.544003745317530374e+00 4.427188724235730888e+01 2.080865204668481283e+01 0.000000000000000000e+00 3.162277660168379523e+00 1.513274595042155646e+01 1.972308292331602075e+01 3.748332962798262713e+01 1.236931687685298087e+01 1.486606874731850603e+01 2.000000000000000000e+00 2.236067977499789805e+00 1.788854381999831844e+01 2.607680962081059661e+01 2.692582403567251959e+01 4.373785545725807822e+01 1.019803902718556898e+01 1.843908891458577415e+01 1.077032961426900748e+01 1.303840481040529831e+01
2.402082429892862692e+01 1.118033988749894903e+01 2.408318915758459156e+01 4.119465984809195902e+01 3.764306044943742080e+01 5.385164807134503739e+00 4.178516483155235761e+01 2.012461179749810825e+01 3.162277660168379523e+00 0.000000000000000000e+00 1.676305461424021104e+01 1.664331697709323876e+01 3.471310991541956525e+01 1.100000000000000000e+01 1.389244398944980396e+01 1.414213562373095145e+00 5.000000000000000000e+00 1.581138830084189628e+01 2.420743687382040932e+01 2.376972864800942631e+01 4.060788100849390503e+01 9.055385138137417300e+00 1.749285568453590045e+01 9.055385138137417300e+00 1.000000000000000000e+01
3.264965543462901820e+01 5.830951894845300743e+00 2.109502310972898798e+01 5.015974481593781320e+01 4.130375285612676350e+01 2.059126028197400160e+01 4.401136216933077350e+01 1.414213562373095101e+01 1.513274595042155646e+01 1.676305461424021104e+01 0.000000000000000000e+00 3.140063693621516450e+01 4.002499219237900263e+01 2.745906043549196340e+01 1.264911064067351809e+01 1.552417469626002422e+01 1.600000000000000000e+01 1.931320791582796659e+01 2.402082429892862692e+01 3.679673898594819548e+01 5.053711507397311209e+01 2.531797780234432693e+01 1.403566884761819900e+01 2.570992026436488231e+01 2.555386467836127551e+01
1.414213562373095101e+01 2.561249694973139412e+01 2.707397274136176790e+01 2.745906043549196340e+01 2.973213749463701205e+01 1.140175425099137918e+01 3.465544690232691494e+01 2.745906043549196340e+01 1.972308292331602075e+01 1.664331697709323876e+01 3.140063693621516450e+01 0.000000000000000000e+00 2.561249694973139412e+01 1.414213562373095101e+01 2.213594362117865444e+01 1.802775637731994607e+01 2.102379604162863913e+01 1.802775637731994607e+01 2.451530134426252516e+01 8.000000000000000000e+00 2.607680962081059661e+01 1.500000000000000000e+01 2.451530134426252516e+01 1.300000000000000000e+01 6.708203932499369415e+00
1.166190378969060149e+01 3.622154055254966920e+01 2.109502310972898798e+01 1.303840481040529831e+01 4.472135954999579610e+00 3.036445290137795183e+01 9.433981132056603158e+00 2.731300056749532601e+01 3.748332962798262713e+01 3.471310991541956525e+01 4.002499219237900263e+01 2.561249694973139412e+01 0.000000000000000000e+00 3.847076812334268681e+01 2.745906043549196340e+01 3.551056180912940619e+01 3.962322551231790158e+01 2.109502310972898798e+01 1.700000000000000000e+01 2.000000000000000000e+01 1.523154621172781731e+01 3.848376280978771291e+01 2.624880949681337583e+01 3.667424164178449786e+01 2.906888370749726747e+01
2.683281572999747766e+01 2.209072203437452231e+01 3.312099032335839155e+01 4.159326868617084472e+01 4.219004621945797595e+01 1.029563014098700080e+01 4.687216658103186262e+01 3.036445290137795183e+01 1.236931687685298087e+01 1.100000000000000000e+01 2.745906043549196340e+01 1.414213562373095101e+01 3.847076812334268681e+01 0.000000000000000000e+00 2.404163056034261459e+01 1.204159457879229578e+01 1.208304597359457233e+01 2.385372088375312671e+01 3.220248437620923454e+01 2.209072203437452231e+01 4.019950248448355978e+01 2.236067977499789805e+00 2.751363298439520833e+01 2.236067977499789805e+00 9.433981132056603158e+00
2.024845673131658685e+01 9.055385138137417300e+00 1.081665382639196871e+01 3.757658845611187104e+01 2.901723625709381693e+01 1.414213562373095101e+01 3.214031735997639316e+01 6.324555320336759046e+00 1.486606874731850603e+01 1.389244398944980396e+01 1.264911064067351809e+01 2.213594362117865444e+01 2.745906043549196340e+01 2.404163056034261459e+01 0.000000000000000000e+00 1.360147050873544394e+01 1.697056274847713908e+01 6.708203932499369415e+00 1.236931687685298087e+01 2.580697580112788003e+01 3.807886552931954327e+01 2.247220505424423109e+01 3.605551275463989125e+00 2.184032966784155505e+01 1.802775637731994607e+01
2.500000000000000000e+01 1.004987562112088995e+01 2.404163056034261459e+01 4.229657196511320194e+01 3.832753579347360073e+01 6.708203932499369415e+00 4.237924020083418242e+01 1.972308292331602075e+01 2.000000000000000000e+00 1.414213562373095145e+00 1.552417469626002422e+01 1.802775637731994607e+01 3.551056180912940619e+01 1.204159457879229578e+01 1.360147050873544394e+01 0.000000000000000000e+00 4.123105625617660586e+00 1.612451549659709826e+01 2.441311123146740414e+01 2.507987240796890660e+01 4.177319714841084419e+01 1.000000000000000000e+01 1.720465053408525335e+01 1.019803902718556898e+01 1.140175425099137918e+01
2.901723625709381693e+01 1.140175425099137918e+01 2.765863337187866122e+01 4.617358552246078318e+01 4.244997055358224713e+01 1.019803902718556898e+01 4.648655719667783615e+01 2.280350850198275836e+01 2.236067977499789805e+00 5.000000000000000000e+00 1.600000000000000000e+01 2.102379604162863913e+01 3.962322551231790158e+01 1.208304597359457233e+01 1.697056274847713908e+01 4.123105625617660586e+00 0.000000000000000000e+00 2.012461179749810825e+01 2.830194339616981125e+01 2.846049894151541437e+01 4.554119014694280310e+01 9.848857801796103928e+00 2.051828452868319275e+01 1.081665382639196871e+01 1.431782106327635340e+01
1.360147050873544394e+01 1.513274595042155646e+01 9.486832980505138124e+00 3.087069808086626210e+01 2.308679276123039159e+01 1.360147050873544394e+01 2.668332812825266842e+01 9.848857801796103928e+00 1.788854381999831844e+01 1.581138830084189628e+01 1.931320791582796659e+01 1.802775637731994607e+01 2.109502310972898798e+01 2.385372088375312671e+01 6.708203932499369415e+00 1.612451549659709826e+01 2.012461179749810825e+01 0.000000000000000000e+00 8.485281374238569541e+00 2.012461179749810825e+01 3.138470965295043058e+01 2.280350850198275836e+01 7.211102550927978250e+00 2.163330765278393741e+01 1.581138830084189628e+01
1.486606874731850603e+01 2.137755832643194864e+01 4.242640687119284770e+00 2.906888370749726747e+01 1.746424919657297892e+01 2.202271554554523902e+01 2.000000000000000000e+01 1.044030650891055068e+01 2.607680962081059661e+01 2.420743687382040932e+01 2.402082429892862692e+01 2.451530134426252516e+01 1.700000000000000000e+01 3.220248437620923454e+01 1.236931687685298087e+01 2.441311123146740414e+01 2.830194339616981125e+01 8.485281374238569541e+00 0.000000000000000000e+00 2.418677324489564739e+01 3.041381265149109936e+01 3.124099870362661591e+01 1.000000000000000000e+01 3.000000000000000000e+01 2.370653918225939449e+01
1.019803902718556898e+01 3.124099870362661591e+01 2.765863337187866122e+01 1.964688270438849926e+01 2.441311123146740414e+01 1.838477631085023489e+01 2.941088233970548416e+01 2.996664812754339380e+01 2.692582403567251959e+01 2.376972864800942631e+01 3.679673898594819548e+01 8.000000000000000000e+00 2.000000000000000000e+01 2.209072203437452231e+01 2.580697580112788003e+01 2.507987240796890660e+01 2.846049894151541437e+01 2.012461179749810825e+01 2.418677324489564739e+01 0.000000000000000000e+00 1.811077027627483460e+01 2.300000000000000000e+01 2.729468812791236232e+01 2.100000000000000000e+01 1.431782106327635340e+01
1.788854381999831844e+01 4.569463863518345192e+01 3.465544690232691494e+01 3.162277660168379523e+00 1.843908891458577415e+01 3.535533905932737753e+01 2.202271554554523902e+01 3.982461550347975532e+01 4.373785545725807822e+01 4.060788100849390503e+01 5.053711507397311209e+01 2.607680962081059661e+01 1.523154621172781731e+01 4.019950248448355978e+01 3.807886552931954327e+01 4.177319714841084419e+01 4.554119014694280310e+01 3.138470965295043058e+01 3.041381265149109936e+01 1.811077027627483460e+01 0.000000000000000000e+00 4.104875150354758517e+01 3.801315561749642313e+01 3.905124837953326988e+01 3.201562118716424266e+01
2.692582403567251959e+01 2.002498439450078749e+01 3.190611226708763226e+01 4.229657196511320194e+01 4.205948168962618183e+01 9.219544457292887074e+00 4.664761515876240594e+01 2.879236009777593708e+01 1.019803902718556898e+01 9.055385138137417300e+00 2.531797780234432693e+01 1.500000000000000000e+01 3.848376280978771291e+01 2.236067977499789805e+00 2.247220505424423109e+01 1.000000000000000000e+01 9.848857801796103928e+00 2.280350850198275836e+01 3.124099870362661591e+01 2.300000000000000000e+01 4.104875150354758517e+01 0.000000000000000000e+00 2.600000000000000000e+01 2.000000000000000000e+00 9.486832980505138124e+00
2.051828452868319275e+01 1.170469991071962568e+01 7.615773105863908654e+00 3.721558813185679071e+01 2.729468812791236232e+01 1.746424919657297892e+01 3.000000000000000000e+01 3.000000000000000000e+00 1.843908891458577415e+01 1.749285568453590045e+01 1.403566884761819900e+01 2.451530134426252516e+01 2.624880949681337583e+01 2.751363298439520833e+01 3.605551275463989125e+00 1.720465053408525335e+01 2.051828452868319275e+01 7.211102550927978250e+00 1.000000000000000000e+01 2.729468812791236232e+01 3.801315561749642313e+01 2.600000000000000000e+01 0.000000000000000000e+00 2.529822128134703618e+01 2.102379604162863913e+01
2.507987240796890660e+01 2.022374841615668473e+01 3.088689042296100240e+01 4.031128874149274566e+01 4.031128874149274566e+01 8.062257748298549132e+00 4.494441010848846219e+01 2.816025568065744622e+01 1.077032961426900748e+01 9.055385138137417300e+00 2.570992026436488231e+01 1.300000000000000000e+01 3.667424164178449786e+01 2.236067977499789805e+00 2.184032966784155505e+01 1.019803902718556898e+01 1.081665382639196871e+01 2.163330765278393741e+01 3.000000000000000000e+01 2.100000000000000000e+01 3.905124837953326988e+01 2.000000000000000000e+00 2.529822128134703618e+01 0.000000000000000000e+00 7.615773105863908654e+00
1.746424919657297892e+01 1.972308292331602075e+01 2.529822128134703618e+01 3.306055050963308162e+01 3.275667870831839679e+01 5.000000000000000000e+00 3.744329045369811126e+01 2.402082429892862692e+01 1.303840481040529831e+01 1.000000000000000000e+01 2.555386467836127551e+01 6.708203932499369415e+00 2.906888370749726747e+01 9.433981132056603158e+00 1.802775637731994607e+01 1.140175425099137918e+01 1.431782106327635340e+01 1.581138830084189628e+01 2.370653918225939449e+01 1.431782106327635340e+01 3.201562118716424266e+01 9.486832980505138124e+00 2.102379604162863913e+01 7.615773105863908654e+00 0.000000000000000000e+00
