0.000000000000000000e+00 3.569313659514949677e+01 1.303840481040529831e+01 2.828427124746190291e+00 3.889730067755344578e+01 2.435159132377184221e+01 3.423448553724738019e+01 8.944271909999159220e+00 4.527692569068708650e+01 5.315072906367324634e+01 1.964688270438849926e+01 2.617250465660480074e+01 2.555386467836127551e+01 4.816637831516918311e+01 2.009975124224177989e+01 1.838477631085023489e+01 3.206243908376279705e+01 2.247220505424423109e+01 3.104834939252004844e+01 2.505992817228333536e+01 3.111269837220809009e+01 3.252691193458118590e+01 3.551056180912940619e+01 2.147091055358388800e+01 8.544003745317530374e+00 4.178516483155235761e+01 4.000000000000000000e+01 2.973213749463701205e+01 4.482186966202993972e+01
3.569313659514949677e+01 0.000000000000000000e+00 2.778488797889960793e+01 3.733630940518894192e+01 2.247220505424423109e+01 1.920937271229854559e+01 3.162277660168379523e+00 2.915475947422650194e+01 1.649242250247064234e+01 2.844292530665578411e+01 1.612451549659709826e+01 1.345362404707370985e+01 1.431782106327635340e+01 2.501999200639360765e+01 1.749285568453590045e+01 2.280350850198275836e+01 4.140048308896890461e+01 3.041381265149109936e+01 5.099019513592784492e+00 2.745906043549196340e+01 1.984943324127920761e+01 2.000000000000000000e+01 1.300000000000000000e+01 2.773084924772409465e+01 2.729468812791236232e+01 8.944271909999159220e+00 1.726267650163206824e+01 7.615773105863908654e+00 2.886173937932362321e+01
1.303840481040529831e+01 2.778488797889960793e+01 0.000000000000000000e+00 1.581138830084189628e+01 3.848376280978771291e+01 1.204159457879229578e+01 2.549509756796392423e+01 4.242640687119284770e+00 4.103656905736638549e+01 5.103920062069938268e+01 1.442220510185595650e+01 1.552417469626002422e+01 2.282542442102665348e+01 4.632493928760187885e+01 1.029563014098700080e+01 2.009975124224177989e+01 4.002499219237900263e+01 2.816025568065744622e+01 2.420743687382040932e+01 2.901723625709381693e+01 3.101612483854164637e+01 3.231098884280702066e+01 2.402082429892862692e+01 2.601922366251537611e+01 1.044030650891055068e+01 3.560898762952971452e+01 3.744329045369811126e+01 2.404163056034261459e+01 4.531004303683676682e+01
2.828427124746190291e+00 3.733630940518894192e+01 1.581138830084189628e+01 0.000000000000000000e+00 3.894868418830089496e+01 2.692582403567251959e+01 3.605551275463989214e+01 1.166190378969060149e+01 4.606517122512408235e+01 5.341348144429456823e+01 2.121320343559642652e+01 2.844292530665578411e+01 2.640075756488817049e+01 4.841487374764081864e+01 2.236067977499789805e+01 1.860107523773827509e+01 3.026549190084311292e+01 2.147091055358388800e+01 3.255764119219941222e+01 2.441311123146740414e+01 3.124099870362661591e+01 3.264965543462901820e+01 3.785498646149540036e+01 2.080865204668481283e+01 1.004987562112088995e+01 4.301162633521313694e+01 4.049691346263317371e+01 3.104834939252004844e+01 4.459820624195551630e+01
3.889730067755344578e+01 2.247220505424423109e+01 3.848376280978771291e+01 3.894868418830089496e+01 0.000000000000000000e+00 3.622154055254966920e+01 2.500000000000000000e+01 3.721558813185679071e+01 1.300000000000000000e+01 1.476482306023340030e+01 2.435159132377184221e+01 3.101612483854164637e+01 1.581138830084189628e+01 9.848857801796103928e+00 3.080584360149872580e+01 2.051828452868319275e+01 2.531797780234432693e+01 2.024845673131658685e+01 2.022374841615668473e+01 1.615549442140351033e+01 7.810249675906653977e+00 6.403124237432848531e+00 3.492849839314595783e+01 1.923538406167134340e+01 3.140063693621516450e+01 1.769180601295413169e+01 6.403124237432848531e+00 1.802775637731994607e+01 7.071067811865475505e+00
2.435159132377184221e+01 1.920937271229854559e+01 1.204159457879229578e+01 2.692582403567251959e+01 3.622154055254966920e+01 0.000000000000000000e+00 1.627882059609970611e+01 1.552417469626002422e+01 3.488552708502481892e+01 4.623851208678756564e+01 1.360147050873544394e+01 5.830951894845300743e+00 2.102379604162863913e+01 4.205948168962618183e+01 6.708203932499369415e+00 2.325940669922601600e+01 4.517742799230607176e+01 3.264965543462901820e+01 1.746424919657297892e+01 3.195309061734091571e+01 3.001666203960726875e+01 3.100000000000000000e+01 1.216552506059643868e+01 2.996664812754339380e+01 1.860107523773827509e+01 2.801785145224380003e+01 3.324154027718932269e+01 1.868154169226940553e+01 4.328972164382672361e+01
3.423448553724738019e+01 3.162277660168379523e+00 2.549509756796392423e+01 3.605551275463989214e+01 2.500000000000000000e+01 1.627882059609970611e+01 0.000000000000000000e+00 2.720294101747088789e+01 1.964688270438849926e+01 3.157530680769388809e+01 1.503329637837290811e+01 1.063014581273464998e+01 1.500000000000000000e+01 2.807133769523639799e+01 1.523154621172781731e+01 2.284731931759172596e+01 4.252058325093859992e+01 3.106444913401813324e+01 5.656854249492380582e+00 2.842534080710379030e+01 2.163330765278393741e+01 2.195449840010014952e+01 1.004987562112088995e+01 2.830194339616981125e+01 2.601922366251537611e+01 1.208304597359457233e+01 2.009975124224177989e+01 8.485281374238569541e+00 3.157530680769388809e+01
8.944271909999159220e+00 2.915475947422650194e+01 4.242640687119284770e+00 1.166190378969060149e+01 3.721558813185679071e+01 1.552417469626002422e+01 2.720294101747088789e+01 0.000000000000000000e+00 4.110960958218893069e+01 5.044799302251775686e+01 1.421267040355189515e+01 1.802775637731994607e+01 2.202271554554523902e+01 4.560701700396551672e+01 1.216552506059643868e+01 1.772004514666934938e+01 3.649657518178931781e+01 2.500000000000000000e+01 2.505992817228333536e+01 2.630589287593181069e+01 2.952964612046680060e+01 3.088689042296100240e+01 2.707397274136176790e+01 2.308679276123039159e+01 7.000000000000000000e+00 3.635931792539568619e+01 3.687817782917154830e+01 2.441311123146740414e+01 4.382921400162225467e+01
4.527692569068708650e+01 1.649242250247064234e+01 4.103656905736638549e+01 4.606517122512408235e+01 1.300000000000000000e+01 3.488552708502481892e+01 1.964688270438849926e+01 4.110960958218893069e+01 0.000000000000000000e+00 1.204159457879229578e+01 2.690724809414741969e+01 2.906888370749726747e+01 1.972308292331602075e+01 9.486832980505138124e+00 3.140063693621516450e+01 2.785677655436823841e+01 3.807886552931954327e+01 3.106444913401813324e+01 1.749285568453590045e+01 2.701851217221259205e+01 1.702938636592640265e+01 1.600000000000000000e+01 2.927456233660889495e+01 2.927456233660889495e+01 3.689173349139343117e+01 8.000000000000000000e+00 7.071067811865475505e+00 1.702938636592640265e+01 1.627882059609970611e+01
5.315072906367324634e+01 2.844292530665578411e+01 5.103920062069938268e+01 5.341348144429456823e+01 1.476482306023340030e+01 4.623851208678756564e+01 3.157530680769388809e+01 5.044799302251775686e+01 1.204159457879229578e+01 0.000000000000000000e+00 3.661966684720110976e+01 4.049691346263317371e+01 2.842534080710379030e+01 5.000000000000000000e+00 4.205948168962618183e+01 3.482814953453599571e+01 3.811823710509183627e+01 3.492849839314595783e+01 2.879236009777593708e+01 3.087069808086626210e+01 2.220360331117451835e+01 2.080865204668481283e+01 4.130375285612676350e+01 3.400000000000000000e+01 4.525483399593904466e+01 2.002498439450078749e+01 1.360147050873544394e+01 2.773084924772409465e+01 1.200000000000000000e+01
1.964688270438849926e+01 1.612451549659709826e+01 1.442220510185595650e+01 2.121320343559642652e+01 2.435159132377184221e+01 1.360147050873544394e+01 1.503329637837290811e+01 1.421267040355189515e+01 2.690724809414741969e+01 3.661966684720110976e+01 0.000000000000000000e+00 1.063014581273464998e+01 8.544003745317530374e+00 3.190611226708763226e+01 7.071067811865475505e+00 1.000000000000000000e+01 3.190611226708763226e+01 1.941648783894759944e+01 1.140175425099137918e+01 1.838477631085023489e+01 1.726267650163206824e+01 1.843908891458577415e+01 1.941648783894759944e+01 1.664331697709323876e+01 1.118033988749894903e+01 2.236067977499789805e+01 2.302172886644267535e+01 1.029563014098700080e+01 3.132091952673165025e+01
2.617250465660480074e+01 1.345362404707370985e+01 1.552417469626002422e+01 2.844292530665578411e+01 3.101612483854164637e+01 5.830951894845300743e+00 1.063014581273464998e+01 1.802775637731994607e+01 2.906888370749726747e+01 4.049691346263317371e+01 1.063014581273464998e+01 0.000000000000000000e+00 1.649242250247064234e+01 3.640054944640259293e+01 6.082762530298219339e+00 2.061552812808830382e+01 4.243819034784588951e+01 3.000000000000000000e+01 1.170469991071962568e+01 2.865309756378880479e+01 2.531797780234432693e+01 2.617250465660480074e+01 9.486832980505138124e+00 2.720294101747088789e+01 1.897366596101027625e+01 2.220360331117451835e+01 2.765863337187866122e+01 1.315294643796590535e+01 3.805259518088089266e+01
2.555386467836127551e+01 1.431782106327635340e+01 2.282542442102665348e+01 2.640075756488817049e+01 1.581138830084189628e+01 2.102379604162863913e+01 1.500000000000000000e+01 2.202271554554523902e+01 1.972308292331602075e+01 2.842534080710379030e+01 8.544003745317530374e+00 1.649242250247064234e+01 0.000000000000000000e+00 2.360084744241189370e+01 1.513274595042155646e+01 9.000000000000000000e+00 2.758622844826744469e+01 1.612451549659709826e+01 9.433981132056603158e+00 1.345362404707370985e+01 9.000000000000000000e+00 1.004987562112088995e+01 2.302172886644267535e+01 1.341640786499873883e+01 1.720465053408525335e+01 1.711724276862369010e+01 1.486606874731850603e+01 6.708203932499369415e+00 2.280350850198275836e+01
4.816637831516918311e+01 2.501999200639360765e+01 4.632493928760187885e+01 4.841487374764081864e+01 9.848857801796103928e+00 4.205948168962618183e+01 2.807133769523639799e+01 4.560701700396551672e+01 9.486832980505138124e+00 5.000000000000000000e+00 3.190611226708763226e+01 3.640054944640259293e+01 2.360084744241189370e+01 0.000000000000000000e+00 3.757658845611187104e+01 2.983286778035259701e+01 3.400000000000000000e+01 3.008321791298264714e+01 2.473863375370596174e+01 2.600000000000000000e+01 1.720465053408525335e+01 1.581138830084189628e+01 3.801315561749642313e+01 2.906888370749726747e+01 4.031128874149274566e+01 1.726267650163206824e+01 8.944271909999159220e+00 2.340939982143925135e+01 8.544003745317530374e+00
2.009975124224177989e+01 1.749285568453590045e+01 1.029563014098700080e+01 2.236067977499789805e+01 3.080584360149872580e+01 6.708203932499369415e+00 1.523154621172781731e+01 1.216552506059643868e+01 3.140063693621516450e+01 4.205948168962618183e+01 7.071067811865475505e+00 6.082762530298219339e+00 1.513274595042155646e+01 3.757658845611187104e+01 0.000000000000000000e+00 1.655294535724684835e+01 3.847076812334268681e+01 2.594224354214569317e+01 1.414213562373095101e+01 2.529822128134703618e+01 2.408318915758459156e+01 2.517935662402834396e+01 1.552417469626002422e+01 2.325940669922601600e+01 1.300000000000000000e+01 2.549509756796392423e+01 2.863564212655270680e+01 1.442220510185595650e+01 3.785498646149540036e+01
1.838477631085023489e+01 2.280350850198275836e+01 2.009975124224177989e+01 1.860107523773827509e+01 2.051828452868319275e+01 2.325940669922601600e+01 2.284731931759172596e+01 1.772004514666934938e+01 2.785677655436823841e+01 3.482814953453599571e+01 1.000000000000000000e+01 2.061552812808830382e+01 9.000000000000000000e+00 2.983286778035259701e+01 1.655294535724684835e+01 0.000000000000000000e+00 2.195449840010014952e+01 9.433981132056603158e+00 1.772004514666934938e+01 9.055385138137417300e+00 1.272792206135785520e+01 1.414213562373095101e+01 2.906888370749726747e+01 6.708203932499369415e+00 1.118033988749894903e+01 2.607680962081059661e+01 2.195449840010014952e+01 1.529705854077835525e+01 2.662705391138869615e+01
3.206243908376279705e+01 4.140048308896890461e+01 4.002499219237900263e+01 3.026549190084311292e+01 2.531797780234432693e+01 4.517742799230607176e+01 4.252058325093859992e+01 3.649657518178931781e+01 3.807886552931954327e+01 3.811823710509183627e+01 3.190611226708763226e+01 4.243819034784588951e+01 2.758622844826744469e+01 3.400000000000000000e+01 3.847076812334268681e+01 2.195449840010014952e+01 0.000000000000000000e+00 1.252996408614166768e+01 3.687817782917154830e+01 1.414213562373095101e+01 2.236067977499789805e+01 2.284731931759172596e+01 5.032891812864647818e+01 1.526433752247374720e+01 2.961418578992169515e+01 4.071854614300466579e+01 3.104834939252004844e+01 3.405877273185280529e+01 2.617250465660480074e+01
2.247220505424423109e+01 3.041381265149109936e+01 2.816025568065744622e+01 2.147091055358388800e+01 2.024845673131658685e+01 3.264965543462901820e+01 3.106444913401813324e+01 2.500000000000000000e+01 3.106444913401813324e+01 3.492849839314595783e+01 1.941648783894759944e+01 3.000000000000000000e+01 1.612451549659709826e+01 3.008321791298264714e+01 2.594224354214569317e+01 9.433981132056603158e+00 1.252996408614166768e+01 0.000000000000000000e+00 2.555386467836127551e+01 4.123105625617660586e+00 1.403566884761819900e+01 1.513274595042155646e+01 3.818376618407356915e+01 2.828427124746190291e+00 1.800000000000000000e+01 3.157530680769388809e+01 2.418677324489564739e+01 2.282542442102665348e+01 2.441311123146740414e+01
3.104834939252004844e+01 5.099019513592784492e+00 2.420743687382040932e+01 3.255764119219941222e+01 2.022374841615668473e+01 1.746424919657297892e+01 5.656854249492380582e+00 2.505992817228333536e+01 1.749285568453590045e+01 2.879236009777593708e+01 1.140175425099137918e+01 1.170469991071962568e+01 9.433981132056603158e+00 2.473863375370596174e+01 1.414213562373095101e+01 1.772004514666934938e+01 3.687817782917154830e+01 2.555386467836127551e+01 0.000000000000000000e+00 2.280350850198275836e+01 1.612451549659709826e+01 1.655294535724684835e+01 1.486606874731850603e+01 2.282542442102665348e+01 2.256102834535695578e+01 1.140175425099137918e+01 1.612451549659709826e+01 2.828427124746190291e+00 2.707397274136176790e+01
2.505992817228333536e+01 2.745906043549196340e+01 2.901723625709381693e+01 2.441311123146740414e+01 1.615549442140351033e+01 3.195309061734091571e+01 2.842534080710379030e+01 2.630589287593181069e+01 2.701851217221259205e+01 3.087069808086626210e+01 1.838477631085023489e+01 2.865309756378880479e+01 1.345362404707370985e+01 2.600000000000000000e+01 2.529822128134703618e+01 9.055385138137417300e+00 1.414213562373095101e+01 4.123105625617660586e+00 2.280350850198275836e+01 0.000000000000000000e+00 1.000000000000000000e+01 1.104536101718726115e+01 3.623534186398687496e+01 3.605551275463989125e+00 1.941648783894759944e+01 2.789265136196270589e+01 2.009975124224177989e+01 2.000000000000000000e+01 2.061552812808830382e+01
3.111269837220809009e+01 1.984943324127920761e+01 3.101612483854164637e+01 3.124099870362661591e+01 7.810249675906653977e+00 3.001666203960726875e+01 2.163330765278393741e+01 2.952964612046680060e+01 1.702938636592640265e+01 2.220360331117451835e+01 1.726267650163206824e+01 2.531797780234432693e+01 9.000000000000000000e+00 1.720465053408525335e+01 2.408318915758459156e+01 1.272792206135785520e+01 2.236067977499789805e+01 1.403566884761819900e+01 1.612451549659709826e+01 1.000000000000000000e+01 0.000000000000000000e+00 1.414213562373095145e+00 3.087069808086626210e+01 1.236931687685298087e+01 2.360084744241189370e+01 1.838477631085023489e+01 1.019803902718556898e+01 1.341640786499873883e+01 1.431782106327635340e+01
3.252691193458118590e+01 2.000000000000000000e+01 3.231098884280702066e+01 3.264965543462901820e+01 6.403124237432848531e+00 3.100000000000000000e+01 2.195449840010014952e+01 3.088689042296100240e+01 1.600000000000000000e+01 2.080865204668481283e+01 1.843908891458577415e+01 2.617250465660480074e+01 1.004987562112088995e+01 1.581138830084189628e+01 2.517935662402834396e+01 1.414213562373095101e+01 2.284731931759172596e+01 1.513274595042155646e+01 1.655294535724684835e+01 1.104536101718726115e+01 1.414213562373095145e+00 0.000000000000000000e+00 3.138470965295043058e+01 1.360147050873544394e+01 2.500000000000000000e+01 1.788854381999831844e+01 9.055385138137417300e+00 1.392838827718411920e+01 1.300000000000000000e+01
3.551056180912940619e+01 1.300000000000000000e+01 2.402082429892862692e+01 3.785498646149540036e+01 3.492849839314595783e+01 1.216552506059643868e+01 1.004987562112088995e+01 2.707397274136176790e+01 2.927456233660889495e+01 4.130375285612676350e+01 1.941648783894759944e+01 9.486832980505138124e+00 2.302172886644267535e+01 3.801315561749642313e+01 1.552417469626002422e+01 2.906888370749726747e+01 5.032891812864647818e+01 3.818376618407356915e+01 1.486606874731850603e+01 3.623534186398687496e+01 3.087069808086626210e+01 3.138470965295043058e+01 0.000000000000000000e+00 3.535533905932737753e+01 2.846049894151541437e+01 2.137755832643194864e+01 3.014962686336266984e+01 1.746424919657297892e+01 4.159326868617084472e+01
2.147091055358388800e+01 2.773084924772409465e+01 2.601922366251537611e+01 2.080865204668481283e+01 1.923538406167134340e+01 2.996664812754339380e+01 2.830194339616981125e+01 2.308679276123039159e+01 2.927456233660889495e+01 3.400000000000000000e+01 1.664331697709323876e+01 2.720294101747088789e+01 1.341640786499873883e+01 2.906888370749726747e+01 2.325940669922601600e+01 6.708203932499369415e+00 1.526433752247374720e+01 2.828427124746190291e+00 2.282542442102665348e+01 3.605551275463989125e+00 1.236931687685298087e+01 1.360147050873544394e+01 3.535533905932737753e+01 0.000000000000000000e+00 1.612451549659709826e+01 2.927456233660889495e+01 2.256102834535695578e+01 2.012461179749810825e+01 2.408318915758459156e+01
8.544003745317530374e+00 2.729468812791236232e+01 1.044030650891055068e+01 1.004987562112088995e+01 3.140063693621516450e+01 1.860107523773827509e+01 2.601922366251537611e+01 7.000000000000000000e+00 3.689173349139343117e+01 4.525483399593904466e+01 1.118033988749894903e+01 1.897366596101027625e+01 1.720465053408525335e+01 4.031128874149274566e+01 1.300000000000000000e+01 1.118033988749894903e+01 2.961418578992169515e+01 1.800000000000000000e+01 2.256102834535695578e+01 1.941648783894759944e+01 2.360084744241189370e+01 2.500000000000000000e+01 2.846049894151541437e+01 1.612451549659709826e+01 0.000000000000000000e+00 3.324154027718932269e+01 3.189043743820394994e+01 2.118962010041709121e+01 3.773592452822641263e+01
4.178516483155235761e+01 8.944271909999159220e+00 3.560898762952971452e+01 4.301162633521313694e+01 1.769180601295413169e+01 2.801785145224380003e+01 1.208304597359457233e+01 3.635931792539568619e+01 8.000000000000000000e+00 2.002498439450078749e+01 2.236067977499789805e+01 2.220360331117451835e+01 1.711724276862369010e+01 1.726267650163206824e+01 2.549509756796392423e+01 2.607680962081059661e+01 4.071854614300466579e+01 3.157530680769388809e+01 1.140175425099137918e+01 2.789265136196270589e+01 1.838477631085023489e+01 1.788854381999831844e+01 2.137755832643194864e+01 2.927456233660889495e+01 3.324154027718932269e+01 0.000000000000000000e+00 1.140175425099137918e+01 1.208304597359457233e+01 2.282542442102665348e+01
4.000000000000000000e+01 1.726267650163206824e+01 3.744329045369811126e+01 4.049691346263317371e+01 6.403124237432848531e+00 3.324154027718932269e+01 2.009975124224177989e+01 3.687817782917154830e+01 7.071067811865475505e+00 1.360147050873544394e+01 2.302172886644267535e+01 2.765863337187866122e+01 1.486606874731850603e+01 8.944271909999159220e+00 2.863564212655270680e+01 2.195449840010014952e+01 3.104834939252004844e+01 2.418677324489564739e+01 1.612451549659709826e+01 2.009975124224177989e+01 1.019803902718556898e+01 9.055385138137417300e+00 3.014962686336266984e+01 2.256102834535695578e+01 3.189043743820394994e+01 1.140175425099137918e+01 0.000000000000000000e+00 1.456021977856103611e+01 1.170469991071962568e+01
2.973213749463701205e+01 7.615773105863908654e+00 2.404163056034261459e+01 3.104834939252004844e+01 1.802775637731994607e+01 1.868154169226940553e+01 8.485281374238569541e+00 2.441311123146740414e+01 1.702938636592640265e+01 2.773084924772409465e+01 1.029563014098700080e+01 1.315294643796590535e+01 6.708203932499369415e+00 2.340939982143925135e+01 1.442220510185595650e+01 1.529705854077835525e+01 3.405877273185280529e+01 2.282542442102665348e+01 2.828427124746190291e+00 2.000000000000000000e+01 1.341640786499873883e+01 1.392838827718411920e+01 1.746424919657297892e+01 2.012461179749810825e+01 2.118962010041709121e+01 1.208304597359457233e+01 1.456021977856103611e+01 0.000000000000000000e+00 2.500000000000000000e+01
4.482186966202993972e+01 2.886173937932362321e+01 4.531004303683676682e+01 4.459820624195551630e+01 7.071067811865475505e+00 4.328972164382672361e+01 3.157530680769388809e+01 4.382921400162225467e+01 1.627882059609970611e+01 1.200000000000000000e+01 3.132091952673165025e+01 3.805259518088089266e+01 2.280350850198275836e+01 8.544003745317530374e+00 3.785498646149540036e+01 2.662705391138869615e+01 2.617250465660480074e+01 2.441311123146740414e+01 2.707397274136176790e+01 2.061552812808830382e+01 1.431782106327635340e+01 1.300000000000000000e+01 4.159326868617084472e+01 2.408318915758459156e+01 3.773592452822641263e+01 2.282542442102665348e+01 1.170469991071962568e+01 2.500000000000000000e+01 0.000000000000000000e+00
