0.000000000000000000e+00 4.045985664828781836e+01 3.649657518178931781e+01 4.197618372363071160e+01 1.711724276862369010e+01 3.080584360149872580e+01 4.964876634922563881e+01 3.001666203960726875e+01 1.077032961426900748e+01 4.763402145525821396e+01 2.202271554554523902e+01 3.008321791298264714e+01 2.061552812808830382e+01 2.100000000000000000e+01 1.655294535724684835e+01 7.615773105863908654e+00 3.929376540877699853e+01 3.140063693621516450e+01 1.838477631085023489e+01 1.345362404707370985e+01 4.244997055358224713e+01 1.800000000000000000e+01 3.400000000000000000e+01 2.529822128134703618e+01 2.912043955712207222e+01 2.690724809414741969e+01 3.178049716414140846e+01 3.569313659514949677e+01
4.045985664828781836e+01 0.000000000000000000e+00 3.238826948140329165e+01 1.972308292331602075e+01 3.130495168499705727e+01 1.902629759044044633e+01 1.019803902718556898e+01 1.208304597359457233e+01 3.138470965295043058e+01 7.211102550927978250e+00 1.923538406167134340e+01 3.712142238654116966e+01 2.163330765278393741e+01 3.140063693621516450e+01 2.640075756488817049e+01 4.327817001676480402e+01 1.746424919657297892e+01 9.219544457292887074e+00 2.563201123595259290e+01 4.219004621945797595e+01 3.000000000000000000e+00 2.906888370749726747e+01 1.004987562112088995e+01 3.471310991541956525e+01 2.308679276123039159e+01 1.360147050873544394e+01 1.824828759089465890e+01 1.941648783894759944e+01
3.649657518178931781e+01 3.238826948140329165e+01 0.000000000000000000e+00 1.581138830084189628e+01 1.941648783894759944e+01 1.431782106327635340e+01 3.436568055487916240e+01 2.325940669922601600e+01 3.577708763999663688e+01 3.601388621073821383e+01 3.182766092567909766e+01 9.433981132056603158e+00 2.202271554554523902e+01 4.500000000000000000e+01 3.580502757993631491e+01 3.301514803843835466e+01 1.612451549659709826e+01 2.731300056749532601e+01 3.701351104664349378e+01 2.729468812791236232e+01 3.535533905932737753e+01 1.897366596101027625e+01 2.280350850198275836e+01 1.216552506059643868e+01 4.404543109109047805e+01 2.884441020371191300e+01 4.188078318274384770e+01 1.303840481040529831e+01
4.197618372363071160e+01 1.972308292331602075e+01 1.581138830084189628e+01 0.000000000000000000e+00 2.640075756488817049e+01 1.118033988749894903e+01 1.900000000000000000e+01 1.615549442140351033e+01 3.701351104664349378e+01 2.137755832643194864e+01 2.816025568065744622e+01 2.385372088375312671e+01 2.202271554554523902e+01 4.272001872658765365e+01 3.452535300326413648e+01 4.123105625617660763e+01 3.162277660168379523e+00 1.886796226411320632e+01 3.492849839314595783e+01 3.721558813185679071e+01 2.236067977499789805e+01 2.469817807045693669e+01 1.303840481040529831e+01 2.404163056034261459e+01 3.807886552931954327e+01 2.284731931759172596e+01 3.440930106817050671e+01 6.324555320336759046e+00
1.711724276862369010e+01 3.130495168499705727e+01 1.941648783894759944e+01 2.640075756488817049e+01 0.000000000000000000e+00 1.581138830084189628e+01 3.841874542459709119e+01 1.923538406167134340e+01 1.769180601295413169e+01 3.773592452822641263e+01 1.923538406167134340e+01 1.421267040355189515e+01 1.019803902718556898e+01 2.860069929215018192e+01 1.972308292331602075e+01 1.486606874731850603e+01 2.418677324489564739e+01 2.247220505424423109e+01 2.147091055358388800e+01 1.131370849898476116e+01 3.401470270338990076e+01 2.236067977499789805e+00 2.220360331117451835e+01 9.219544457292887074e+00 3.132091952673165025e+01 2.022374841615668473e+01 3.125699921617556853e+01 2.012461179749810825e+01
3.080584360149872580e+01 1.902629759044044633e+01 1.431782106327635340e+01 1.118033988749894903e+01 1.581138830084189628e+01 0.000000000000000000e+00 2.370653918225939449e+01 8.944271909999159220e+00 2.617250465660480074e+01 2.404163056034261459e+01 1.886796226411320632e+01 1.811077027627483460e+01 1.104536101718726115e+01 3.310589071449369669e+01 2.435159132377184221e+01 3.041381265149109936e+01 8.544003745317530374e+00 1.300000000000000000e+01 2.507987240796890660e+01 2.701851217221259205e+01 2.202271554554523902e+01 1.389244398944980396e+01 9.000000000000000000e+00 1.615549442140351033e+01 3.041381265149109936e+01 1.486606874731850603e+01 2.780287754891568852e+01 5.000000000000000000e+00
4.964876634922563881e+01 1.019803902718556898e+01 3.436568055487916240e+01 1.900000000000000000e+01 3.841874542459709119e+01 2.370653918225939449e+01 0.000000000000000000e+00 1.984943324127920761e+01 4.114608122288196768e+01 4.472135954999579610e+00 2.915475947422650194e+01 4.110960958218893069e+01 2.973213749463701205e+01 4.159326868617084472e+01 3.640054944640259293e+01 5.166236541235795698e+01 1.824828759089465890e+01 1.835755975068581947e+01 3.573513677041127323e+01 4.967896939349688523e+01 1.004987562112088995e+01 3.623534186398687496e+01 1.627882059609970611e+01 3.981205847478876336e+01 3.300000000000000000e+01 2.325940669922601600e+01 2.801785145224380003e+01 2.184032966784155505e+01
3.001666203960726875e+01 1.208304597359457233e+01 2.325940669922601600e+01 1.615549442140351033e+01 1.923538406167134340e+01 8.944271909999159220e+00 1.984943324127920761e+01 0.000000000000000000e+00 2.256102834535695578e+01 1.860107523773827509e+01 1.216552506059643868e+01 2.607680962081059661e+01 9.899494936611665352e+00 2.668332812825266842e+01 1.900000000000000000e+01 3.182766092567909766e+01 1.300000000000000000e+01 4.123105625617660586e+00 1.910497317454279909e+01 3.023243291566194912e+01 1.486606874731850603e+01 1.700000000000000000e+01 4.123105625617660586e+00 2.308679276123039159e+01 2.220360331117451835e+01 6.708203932499369415e+00 1.910497317454279909e+01 1.204159457879229578e+01
1.077032961426900748e+01 3.138470965295043058e+01 3.577708763999663688e+01 3.701351104664349378e+01 1.769180601295413169e+01 2.617250465660480074e+01 4.114608122288196768e+01 2.256102834535695578e+01 0.000000000000000000e+00 3.858756276314947797e+01 1.220655561573370207e+01 3.189043743820394994e+01 1.513274595042155646e+01 1.170469991071962568e+01 5.830951894845300743e+00 1.702938636592640265e+01 3.400000000000000000e+01 2.284731931759172596e+01 7.615773105863908654e+00 2.061552812808830382e+01 3.301514803843835466e+01 1.720465053408525335e+01 2.668332812825266842e+01 2.690724809414741969e+01 1.843908891458577415e+01 1.788854381999831844e+01 2.102379604162863913e+01 3.114482300479487265e+01
4.763402145525821396e+01 7.211102550927978250e+00 3.601388621073821383e+01 2.137755832643194864e+01 3.773592452822641263e+01 2.404163056034261459e+01 4.472135954999579610e+00 1.860107523773827509e+01 3.858756276314947797e+01 0.000000000000000000e+00 2.641968962724581260e+01 4.197618372363071160e+01 2.842534080710379030e+01 3.807886552931954327e+01 3.354101966249684352e+01 5.024937810560444973e+01 2.002498439450078749e+01 1.627882059609970611e+01 3.269556544854363267e+01 4.882622246293480828e+01 6.082762530298219339e+00 3.551056180912940619e+01 1.565247584249852864e+01 4.016217125604640614e+01 2.906888370749726747e+01 2.080865204668481283e+01 2.402082429892862692e+01 2.308679276123039159e+01
2.202271554554523902e+01 1.923538406167134340e+01 3.182766092567909766e+01 2.816025568065744622e+01 1.923538406167134340e+01 1.886796226411320632e+01 2.915475947422650194e+01 1.216552506059643868e+01 1.220655561573370207e+01 2.641968962724581260e+01 0.000000000000000000e+00 3.130495168499705727e+01 1.029563014098700080e+01 1.456021977856103611e+01 7.280109889280518054e+00 2.640075756488817049e+01 2.500000000000000000e+01 1.118033988749894903e+01 7.000000000000000000e+00 2.745906043549196340e+01 2.080865204668481283e+01 1.746424919657297892e+01 1.603121954188139853e+01 2.692582403567251959e+01 1.252996408614166768e+01 6.082762530298219339e+00 1.204159457879229578e+01 2.325940669922601600e+01
3.008321791298264714e+01 3.712142238654116966e+01 9.433981132056603158e+00 2.385372088375312671e+01 1.421267040355189515e+01 1.811077027627483460e+01 4.110960958218893069e+01 2.607680962081059661e+01 3.189043743820394994e+01 4.197618372363071160e+01 3.130495168499705727e+01 0.000000000000000000e+00 2.102379604162863913e+01 4.252058325093859992e+01 3.342154993413680586e+01 2.531797780234432693e+01 2.325940669922601600e+01 3.014962686336266984e+01 3.500000000000000000e+01 1.902629759044044633e+01 4.011234224026316042e+01 1.486606874731850603e+01 2.707397274136176790e+01 5.000000000000000000e+00 4.382921400162225467e+01 3.008321791298264714e+01 4.272001872658765365e+01 1.931320791582796659e+01
2.061552812808830382e+01 2.163330765278393741e+01 2.202271554554523902e+01 2.202271554554523902e+01 1.019803902718556898e+01 1.104536101718726115e+01 2.973213749463701205e+01 9.899494936611665352e+00 1.513274595042155646e+01 2.842534080710379030e+01 1.029563014098700080e+01 2.102379604162863913e+01 0.000000000000000000e+00 2.302172886644267535e+01 1.389244398944980396e+01 2.193171219946130890e+01 1.910497317454279909e+01 1.252996408614166768e+01 1.500000000000000000e+01 2.059126028197400160e+01 2.418677324489564739e+01 8.062257748298549132e+00 1.360147050873544394e+01 1.676305461424021104e+01 2.282542442102665348e+01 1.004987562112088995e+01 2.184032966784155505e+01 1.603121954188139853e+01
2.100000000000000000e+01 3.140063693621516450e+01 4.500000000000000000e+01 4.272001872658765365e+01 2.860069929215018192e+01 3.310589071449369669e+01 4.159326868617084472e+01 2.668332812825266842e+01 1.170469991071962568e+01 3.807886552931954327e+01 1.456021977856103611e+01 4.252058325093859992e+01 2.302172886644267535e+01 0.000000000000000000e+00 9.219544457292887074e+00 2.816025568065744622e+01 3.956008088970496317e+01 2.507987240796890660e+01 8.062257748298549132e+00 3.228002478313794654e+01 3.201562118716424266e+01 2.765863337187866122e+01 3.041381265149109936e+01 3.764306044943742080e+01 1.063014581273464998e+01 2.022374841615668473e+01 1.526433752247374720e+01 3.769615364994152884e+01
1.655294535724684835e+01 2.640075756488817049e+01 3.580502757993631491e+01 3.452535300326413648e+01 1.972308292331602075e+01 2.435159132377184221e+01 3.640054944640259293e+01 1.900000000000000000e+01 5.830951894845300743e+00 3.354101966249684352e+01 7.280109889280518054e+00 3.342154993413680586e+01 1.389244398944980396e+01 9.219544457292887074e+00 0.000000000000000000e+00 2.236067977499789805e+01 3.140063693621516450e+01 1.843908891458577415e+01 2.000000000000000000e+00 2.507987240796890660e+01 2.778488797889960793e+01 1.860107523773827509e+01 2.302172886644267535e+01 2.860069929215018192e+01 1.303840481040529831e+01 1.334166406412633421e+01 1.523154621172781731e+01 2.912043955712207222e+01
7.615773105863908654e+00 4.327817001676480402e+01 3.301514803843835466e+01 4.123105625617660763e+01 1.486606874731850603e+01 3.041381265149109936e+01 5.166236541235795698e+01 3.182766092567909766e+01 1.702938636592640265e+01 5.024937810560444973e+01 2.640075756488817049e+01 2.531797780234432693e+01 2.193171219946130890e+01 2.816025568065744622e+01 2.236067977499789805e+01 0.000000000000000000e+00 3.891015291668743714e+01 3.405877273185280529e+01 2.433105012119287736e+01 6.708203932499369415e+00 4.560701700396551672e+01 1.655294535724684835e+01 3.546829570193639825e+01 2.102379604162863913e+01 3.535533905932737753e+01 3.023243291566194912e+01 3.736308338453881106e+01 3.492849839314595783e+01
3.929376540877699853e+01 1.746424919657297892e+01 1.612451549659709826e+01 3.162277660168379523e+00 2.418677324489564739e+01 8.544003745317530374e+00 1.824828759089465890e+01 1.300000000000000000e+01 3.400000000000000000e+01 2.002498439450078749e+01 2.500000000000000000e+01 2.325940669922601600e+01 1.910497317454279909e+01 3.956008088970496317e+01 3.140063693621516450e+01 3.891015291668743714e+01 0.000000000000000000e+00 1.581138830084189628e+01 3.178049716414140846e+01 3.522782990761707111e+01 2.024845673131658685e+01 2.236067977499789805e+01 1.000000000000000000e+01 2.280350850198275836e+01 3.498571136907180090e+01 1.969771560359220786e+01 3.140063693621516450e+01 4.242640687119284770e+00
3.140063693621516450e+01 9.219544457292887074e+00 2.731300056749532601e+01 1.886796226411320632e+01 2.247220505424423109e+01 1.300000000000000000e+01 1.835755975068581947e+01 4.123105625617660586e+00 2.284731931759172596e+01 1.627882059609970611e+01 1.118033988749894903e+01 3.014962686336266984e+01 1.252996408614166768e+01 2.507987240796890660e+01 1.843908891458577415e+01 3.405877273185280529e+01 1.581138830084189628e+01 0.000000000000000000e+00 1.811077027627483460e+01 3.312099032335839155e+01 1.166190378969060149e+01 2.024845673131658685e+01 5.830951894845300743e+00 2.701851217221259205e+01 1.923538406167134340e+01 5.099019513592784492e+00 1.562049935181330795e+01 1.562049935181330795e+01
1.838477631085023489e+01 2.563201123595259290e+01 3.701351104664349378e+01 3.492849839314595783e+01 2.147091055358388800e+01 2.507987240796890660e+01 3.573513677041127323e+01 1.910497317454279909e+01 7.615773105863908654e+00 3.269556544854363267e+01 7.000000000000000000e+00 3.500000000000000000e+01 1.500000000000000000e+01 8.062257748298549132e+00 2.000000000000000000e+00 2.433105012119287736e+01 3.178049716414140846e+01 1.811077027627483460e+01 0.000000000000000000e+00 2.707397274136176790e+01 2.683281572999747766e+01 2.024845673131658685e+01 2.302172886644267535e+01 3.023243291566194912e+01 1.104536101718726115e+01 1.303840481040529831e+01 1.341640786499873883e+01 2.973213749463701205e+01
1.345362404707370985e+01 4.219004621945797595e+01 2.729468812791236232e+01 3.721558813185679071e+01 1.131370849898476116e+01 2.701851217221259205e+01 4.967896939349688523e+01 3.023243291566194912e+01 2.061552812808830382e+01 4.882622246293480828e+01 2.745906043549196340e+01 1.902629759044044633e+01 2.059126028197400160e+01 3.228002478313794654e+01 2.507987240796890660e+01 6.708203932499369415e+00 3.522782990761707111e+01 3.312099032335839155e+01 2.707397274136176790e+01 0.000000000000000000e+00 4.477722635447621968e+01 1.345362404707370985e+01 3.342154993413680586e+01 1.513274595042155646e+01 3.801315561749642313e+01 3.008321791298264714e+01 3.920459156782531807e+01 3.106444913401813324e+01
4.244997055358224713e+01 3.000000000000000000e+00 3.535533905932737753e+01 2.236067977499789805e+01 3.401470270338990076e+01 2.202271554554523902e+01 1.004987562112088995e+01 1.486606874731850603e+01 3.301514803843835466e+01 6.082762530298219339e+00 2.080865204668481283e+01 4.011234224026316042e+01 2.418677324489564739e+01 3.201562118716424266e+01 2.778488797889960793e+01 4.560701700396551672e+01 2.024845673131658685e+01 1.166190378969060149e+01 2.683281572999747766e+01 4.477722635447621968e+01 0.000000000000000000e+00 3.178049716414140846e+01 1.303840481040529831e+01 3.765634076752546378e+01 2.302172886644267535e+01 1.555634918610404505e+01 1.800000000000000000e+01 2.236067977499789805e+01
1.800000000000000000e+01 2.906888370749726747e+01 1.897366596101027625e+01 2.469817807045693669e+01 2.236067977499789805e+00 1.389244398944980396e+01 3.623534186398687496e+01 1.700000000000000000e+01 1.720465053408525335e+01 3.551056180912940619e+01 1.746424919657297892e+01 1.486606874731850603e+01 8.062257748298549132e+00 2.765863337187866122e+01 1.860107523773827509e+01 1.655294535724684835e+01 2.236067977499789805e+01 2.024845673131658685e+01 2.024845673131658685e+01 1.345362404707370985e+01 3.178049716414140846e+01 0.000000000000000000e+00 2.000000000000000000e+01 1.000000000000000000e+01 2.973213749463701205e+01 1.811077027627483460e+01 2.942787793912432193e+01 1.838477631085023489e+01
3.400000000000000000e+01 1.004987562112088995e+01 2.280350850198275836e+01 1.303840481040529831e+01 2.220360331117451835e+01 9.000000000000000000e+00 1.627882059609970611e+01 4.123105625617660586e+00 2.668332812825266842e+01 1.565247584249852864e+01 1.603121954188139853e+01 2.707397274136176790e+01 1.360147050873544394e+01 3.041381265149109936e+01 2.302172886644267535e+01 3.546829570193639825e+01 1.000000000000000000e+01 5.830951894845300743e+00 2.302172886644267535e+01 3.342154993413680586e+01 1.303840481040529831e+01 2.000000000000000000e+01 0.000000000000000000e+00 2.473863375370596174e+01 2.505992817228333536e+01 1.019803902718556898e+01 2.140093455903269515e+01 1.029563014098700080e+01
2.529822128134703618e+01 3.471310991541956525e+01 1.216552506059643868e+01 2.404163056034261459e+01 9.219544457292887074e+00 1.615549442140351033e+01 3.981205847478876336e+01 2.308679276123039159e+01 2.690724809414741969e+01 4.016217125604640614e+01 2.692582403567251959e+01 5.000000000000000000e+00 1.676305461424021104e+01 3.764306044943742080e+01 2.860069929215018192e+01 2.102379604162863913e+01 2.280350850198275836e+01 2.701851217221259205e+01 3.023243291566194912e+01 1.513274595042155646e+01 3.765634076752546378e+01 1.000000000000000000e+01 2.473863375370596174e+01 0.000000000000000000e+00 3.939543120718441571e+01 2.630589287593181069e+01 3.860051813123756403e+01 1.860107523773827509e+01
2.912043955712207222e+01 2.308679276123039159e+01 4.404543109109047805e+01 3.807886552931954327e+01 3.132091952673165025e+01 3.041381265149109936e+01 3.300000000000000000e+01 2.220360331117451835e+01 1.843908891458577415e+01 2.906888370749726747e+01 1.252996408614166768e+01 4.382921400162225467e+01 2.282542442102665348e+01 1.063014581273464998e+01 1.303840481040529831e+01 3.535533905932737753e+01 3.498571136907180090e+01 1.923538406167134340e+01 1.104536101718726115e+01 3.801315561749642313e+01 2.302172886644267535e+01 2.973213749463701205e+01 2.505992817228333536e+01 3.939543120718441571e+01 0.000000000000000000e+00 1.562049935181330795e+01 5.099019513592784492e+00 3.420526275297414287e+01
2.690724809414741969e+01 1.360147050873544394e+01 2.884441020371191300e+01 2.284731931759172596e+01 2.022374841615668473e+01 1.486606874731850603e+01 2.325940669922601600e+01 6.708203932499369415e+00 1.788854381999831844e+01 2.080865204668481283e+01 6.082762530298219339e+00 3.008321791298264714e+01 1.004987562112088995e+01 2.022374841615668473e+01 1.334166406412633421e+01 3.023243291566194912e+01 1.969771560359220786e+01 5.099019513592784492e+00 1.303840481040529831e+01 3.008321791298264714e+01 1.555634918610404505e+01 1.811077027627483460e+01 1.019803902718556898e+01 2.630589287593181069e+01 1.562049935181330795e+01 0.000000000000000000e+00 1.303840481040529831e+01 1.860107523773827509e+01
3.178049716414140846e+01 1.824828759089465890e+01 4.188078318274384770e+01 3.440930106817050671e+01 3.125699921617556853e+01 2.780287754891568852e+01 2.801785145224380003e+01 1.910497317454279909e+01 2.102379604162863913e+01 2.402082429892862692e+01 1.204159457879229578e+01 4.272001872658765365e+01 2.184032966784155505e+01 1.526433752247374720e+01 1.523154621172781731e+01 3.736308338453881106e+01 3.140063693621516450e+01 1.562049935181330795e+01 1.341640786499873883e+01 3.920459156782531807e+01 1.800000000000000000e+01 2.942787793912432193e+01 2.140093455903269515e+01 3.860051813123756403e+01 5.099019513592784492e+00 1.303840481040529831e+01 0.000000000000000000e+00 3.111269837220809009e+01
3.569313659514949677e+01 1.941648783894759944e+01 1.303840481040529831e+01 6.324555320336759046e+00 2.012461179749810825e+01 5.000000000000000000e+00 2.184032966784155505e+01 1.204159457879229578e+01 3.114482300479487265e+01 2.308679276123039159e+01 2.325940669922601600e+01 1.931320791582796659e+01 1.603121954188139853e+01 3.769615364994152884e+01 2.912043955712207222e+01 3.492849839314595783e+01 4.242640687119284770e+00 1.562049935181330795e+01 2.973213749463701205e+01 3.106444913401813324e+01 2.236067977499789805e+01 1.838477631085023489e+01 1.029563014098700080e+01 1.860107523773827509e+01 3.420526275297414287e+01 1.860107523773827509e+01 3.111269837220809009e+01 0.000000000000000000e+00
