0.000000000000000000e+00 1.655294535724684835e+01 1.118033988749894903e+01 1.081665382639196871e+01 1.562049935181330795e+01 1.526433752247374720e+01 2.886173937932362321e+01 1.749285568453590045e+01 2.942787793912432193e+01 2.302172886644267535e+01 2.570992026436488231e+01 1.708800749063506075e+01 2.332380757938120297e+01 2.692582403567251959e+01 1.280624847486569706e+01 1.910497317454279909e+01 2.617250465660480074e+01 1.360147050873544394e+01 1.780449381476485726e+01 1.414213562373095101e+01 1.063014581273464998e+01 2.692582403567251959e+01 1.529705854077835525e+01 2.209072203437452231e+01 7.071067811865475505e+00
1.655294535724684835e+01 0.000000000000000000e+00 1.972308292331602075e+01 6.082762530298219339e+00 1.726267650163206824e+01 2.118962010041709121e+01 1.300000000000000000e+01 1.000000000000000000e+01 1.843908891458577415e+01 1.131370849898476116e+01 1.640121946685672683e+01 1.272792206135785520e+01 1.964688270438849926e+01 1.603121954188139853e+01 5.099019513592784492e+00 2.002498439450078749e+01 1.236931687685298087e+01 3.605551275463989125e+00 2.137755832643194864e+01 1.476482306023340030e+01 1.565247584249852864e+01 1.063014581273464998e+01 1.969771560359220786e+01 2.267156809750926882e+01 1.979898987322333070e+01
1.118033988749894903e+01 1.972308292331602075e+01 0.000000000000000000e+00 1.649242250247064234e+01 7.000000000000000000e+00 4.242640687119284770e+00 2.860069929215018192e+01 2.531797780234432693e+01 2.451530134426252516e+01 2.012461179749810825e+01 2.039607805437113797e+01 2.601922366251537611e+01 1.513274595042155646e+01 3.420526275297414287e+01 1.868154169226940553e+01 9.486832980505138124e+00 3.178049716414140846e+01 1.612451549659709826e+01 7.211102550927978250e+00 2.418677324489564739e+01 4.242640687119284770e+00 3.000000000000000000e+01 2.624880949681337583e+01 3.275667870831839679e+01 5.000000000000000000e+00
1.081665382639196871e+01 6.082762530298219339e+00 1.649242250247064234e+01 0.000000000000000000e+00 1.627882059609970611e+01 1.902629759044044633e+01 1.902629759044044633e+01 9.000000000000000000e+00 2.282542442102665348e+01 1.565247584249852864e+01 2.000000000000000000e+01 1.044030650891055068e+01 2.109502310972898798e+01 1.772004514666934938e+01 2.236067977499789805e+00 1.964688270438849926e+01 1.581138830084189628e+01 4.472135954999579610e+00 2.009975124224177989e+01 1.063014581273464998e+01 1.303840481040529831e+01 1.612451549659709826e+01 1.500000000000000000e+01 1.941648783894759944e+01 1.526433752247374720e+01
1.562049935181330795e+01 1.726267650163206824e+01 7.000000000000000000e+00 1.627882059609970611e+01 0.000000000000000000e+00 5.000000000000000000e+00 2.334523505985750447e+01 2.517935662402834396e+01 1.772004514666934938e+01 1.421267040355189515e+01 1.360147050873544394e+01 2.668332812825266842e+01 8.246211251235321171e+00 3.306055050963308162e+01 1.811077027627483460e+01 3.605551275463989125e+00 2.961418578992169515e+01 1.403566884761819900e+01 4.123105625617660586e+00 2.600000000000000000e+01 5.000000000000000000e+00 2.640075756488817049e+01 2.915475947422650194e+01 3.492849839314595783e+01 1.140175425099137918e+01
1.526433752247374720e+01 2.118962010041709121e+01 4.242640687119284770e+00 1.902629759044044633e+01 5.000000000000000000e+00 0.000000000000000000e+00 2.828427124746190202e+01 2.801785145224380003e+01 2.247220505424423109e+01 1.920937271229854559e+01 1.838477631085023489e+01 2.906888370749726747e+01 1.204159457879229578e+01 3.649657518178931781e+01 2.109502310972898798e+01 6.000000000000000000e+00 3.352610922848042208e+01 1.772004514666934938e+01 3.162277660168379523e+00 2.765863337187866122e+01 6.000000000000000000e+00 3.088689042296100240e+01 3.008321791298264714e+01 3.640054944640259293e+01 9.219544457292887074e+00
2.886173937932362321e+01 1.300000000000000000e+01 2.860069929215018192e+01 1.902629759044044633e+01 2.334523505985750447e+01 2.828427124746190202e+01 0.000000000000000000e+00 2.061552812808830382e+01 1.204159457879229578e+01 9.433981132056603158e+00 1.334166406412633421e+01 2.376972864800942631e+01 2.061552812808830382e+01 2.126029162546929996e+01 1.802775637731994607e+01 2.441311123146740414e+01 1.562049935181330795e+01 1.529705854077835525e+01 2.701851217221259205e+01 2.692582403567251959e+01 2.441311123146740414e+01 8.602325267042626677e+00 3.201562118716424266e+01 3.354101966249684352e+01 3.041381265149109936e+01
1.749285568453590045e+01 1.000000000000000000e+01 2.531797780234432693e+01 9.000000000000000000e+00 2.517935662402834396e+01 2.801785145224380003e+01 2.061552812808830382e+01 0.000000000000000000e+00 2.828427124746190202e+01 2.126029162546929996e+01 2.640075756488817049e+01 3.162277660168379523e+00 2.915475947422650194e+01 9.433981132056603158e+00 7.071067811865475505e+00 2.844292530665578411e+01 9.848857801796103928e+00 1.170469991071962568e+01 2.906888370749726747e+01 7.071067811865475505e+00 2.202271554554523902e+01 1.403566884761819900e+01 1.200000000000000000e+01 1.303840481040529831e+01 2.340939982143925135e+01
2.942787793912432193e+01 1.843908891458577415e+01 2.451530134426252516e+01 2.282542442102665348e+01 1.772004514666934938e+01 2.247220505424423109e+01 1.204159457879229578e+01 2.828427124746190202e+01 0.000000000000000000e+00 7.211102550927978250e+00 4.123105625617660586e+00 3.114482300479487265e+01 1.140175425099137918e+01 3.176476034853718033e+01 2.302172886644267535e+01 1.700000000000000000e+01 2.640075756488817049e+01 1.835755975068581947e+01 2.012461179749810825e+01 3.301514803843835466e+01 2.109502310972898798e+01 1.992485884517127559e+01 3.773592452822641263e+01 4.110960958218893069e+01 2.807133769523639799e+01
2.302172886644267535e+01 1.131370849898476116e+01 2.012461179749810825e+01 1.565247584249852864e+01 1.421267040355189515e+01 1.920937271229854559e+01 9.433981132056603158e+00 2.126029162546929996e+01 7.211102550927978250e+00 0.000000000000000000e+00 5.385164807134503739e+00 2.404163056034261459e+01 1.140175425099137918e+01 2.563201123595259290e+01 1.581138830084189628e+01 1.500000000000000000e+01 2.061552812808830382e+01 1.118033988749894903e+01 1.769180601295413169e+01 2.580697580112788003e+01 1.615549442140351033e+01 1.500000000000000000e+01 3.052867504494749440e+01 3.397057550292606010e+01 2.280350850198275836e+01
2.570992026436488231e+01 1.640121946685672683e+01 2.039607805437113797e+01 2.000000000000000000e+01 1.360147050873544394e+01 1.838477631085023489e+01 1.334166406412633421e+01 2.640075756488817049e+01 4.123105625617660586e+00 5.385164807134503739e+00 0.000000000000000000e+00 2.906888370749726747e+01 7.810249675906653977e+00 3.101612483854164637e+01 2.051828452868319275e+01 1.303840481040529831e+01 2.596150997149434048e+01 1.562049935181330795e+01 1.612451549659709826e+01 3.047950130825634218e+01 1.702938636592640265e+01 2.009975124224177989e+01 3.500000000000000000e+01 3.889730067755344578e+01 2.402082429892862692e+01
1.708800749063506075e+01 1.272792206135785520e+01 2.601922366251537611e+01 1.044030650891055068e+01 2.668332812825266842e+01 2.906888370749726747e+01 2.376972864800942631e+01 3.162277660168379523e+00 3.114482300479487265e+01 2.404163056034261459e+01 2.906888370749726747e+01 0.000000000000000000e+00 3.130495168499705727e+01 1.063014581273464998e+01 8.944271909999159220e+00 3.008321791298264714e+01 1.236931687685298087e+01 1.389244398944980396e+01 3.041381265149109936e+01 4.472135954999579610e+00 2.308679276123039159e+01 1.711724276862369010e+01 9.055385138137417300e+00 1.000000000000000000e+01 2.353720459187963954e+01
2.332380757938120297e+01 1.964688270438849926e+01 1.513274595042155646e+01 2.109502310972898798e+01 8.246211251235321171e+00 1.204159457879229578e+01 2.061552812808830382e+01 2.915475947422650194e+01 1.140175425099137918e+01 1.140175425099137918e+01 7.810249675906653977e+00 3.130495168499705727e+01 0.000000000000000000e+00 3.551056180912940619e+01 2.236067977499789805e+01 6.082762530298219339e+00 3.106444913401813324e+01 1.746424919657297892e+01 9.219544457292887074e+00 3.162277660168379256e+01 1.300000000000000000e+01 2.617250465660480074e+01 3.546829570193639825e+01 4.049691346263317371e+01 1.964688270438849926e+01
2.692582403567251959e+01 1.603121954188139853e+01 3.420526275297414287e+01 1.772004514666934938e+01 3.306055050963308162e+01 3.649657518178931781e+01 2.126029162546929996e+01 9.433981132056603158e+00 3.176476034853718033e+01 2.563201123595259290e+01 3.101612483854164637e+01 1.063014581273464998e+01 3.551056180912940619e+01 0.000000000000000000e+00 1.552417469626002422e+01 3.600000000000000000e+01 5.656854249492380582e+00 1.902629759044044633e+01 3.712142238654116966e+01 1.500000000000000000e+01 3.059411708155671050e+01 1.272792206135785520e+01 1.878829422805593552e+01 1.603121954188139853e+01 3.269556544854363267e+01
1.280624847486569706e+01 5.099019513592784492e+00 1.868154169226940553e+01 2.236067977499789805e+00 1.811077027627483460e+01 2.109502310972898798e+01 1.802775637731994607e+01 7.071067811865475505e+00 2.302172886644267535e+01 1.581138830084189628e+01 2.051828452868319275e+01 8.944271909999159220e+00 2.236067977499789805e+01 1.552417469626002422e+01 0.000000000000000000e+00 2.137755832643194864e+01 1.360147050873544394e+01 5.000000000000000000e+00 2.202271554554523902e+01 1.000000000000000000e+01 1.513274595042155646e+01 1.431782106327635340e+01 1.476482306023340030e+01 1.843908891458577415e+01 1.749285568453590045e+01
1.910497317454279909e+01 2.002498439450078749e+01 9.486832980505138124e+00 1.964688270438849926e+01 3.605551275463989125e+00 6.000000000000000000e+00 2.441311123146740414e+01 2.844292530665578411e+01 1.700000000000000000e+01 1.500000000000000000e+01 1.303840481040529831e+01 3.008321791298264714e+01 6.082762530298219339e+00 3.600000000000000000e+01 2.137755832643194864e+01 0.000000000000000000e+00 3.224903099319419653e+01 1.702938636592640265e+01 3.162277660168379523e+00 2.954657340538831534e+01 8.485281374238569541e+00 2.846049894151541437e+01 3.275667870831839679e+01 3.848376280978771291e+01 1.431782106327635340e+01
2.617250465660480074e+01 1.236931687685298087e+01 3.178049716414140846e+01 1.581138830084189628e+01 2.961418578992169515e+01 3.352610922848042208e+01 1.562049935181330795e+01 9.848857801796103928e+00 2.640075756488817049e+01 2.061552812808830382e+01 2.596150997149434048e+01 1.236931687685298087e+01 3.106444913401813324e+01 5.656854249492380582e+00 1.360147050873544394e+01 3.224903099319419653e+01 0.000000000000000000e+00 1.581138830084189628e+01 3.373425558686599857e+01 1.676305461424021104e+01 2.785677655436823841e+01 7.071067811865475505e+00 2.137755832643194864e+01 2.022374841615668473e+01 3.106444913401813324e+01
1.360147050873544394e+01 3.605551275463989125e+00 1.612451549659709826e+01 4.472135954999579610e+00 1.403566884761819900e+01 1.772004514666934938e+01 1.529705854077835525e+01 1.170469991071962568e+01 1.835755975068581947e+01 1.118033988749894903e+01 1.562049935181330795e+01 1.389244398944980396e+01 1.746424919657297892e+01 1.902629759044044633e+01 5.000000000000000000e+00 1.702938636592640265e+01 1.581138830084189628e+01 0.000000000000000000e+00 1.811077027627483460e+01 1.486606874731850603e+01 1.208304597359457233e+01 1.414213562373095101e+01 1.941648783894759944e+01 2.343074902771996193e+01 1.627882059609970611e+01
1.780449381476485726e+01 2.137755832643194864e+01 7.211102550927978250e+00 2.009975124224177989e+01 4.123105625617660586e+00 3.162277660168379523e+00 2.701851217221259205e+01 2.906888370749726747e+01 2.012461179749810825e+01 1.769180601295413169e+01 1.612451549659709826e+01 3.041381265149109936e+01 9.219544457292887074e+00 3.712142238654116966e+01 2.202271554554523902e+01 3.162277660168379523e+00 3.373425558686599857e+01 1.811077027627483460e+01 0.000000000000000000e+00 2.941088233970548416e+01 7.615773105863908654e+00 3.046309242345563462e+01 3.220248437620923454e+01 3.827531841800927737e+01 1.220655561573370207e+01
1.414213562373095101e+01 1.476482306023340030e+01 2.418677324489564739e+01 1.063014581273464998e+01 2.600000000000000000e+01 2.765863337187866122e+01 2.692582403567251959e+01 7.071067811865475505e+00 3.301514803843835466e+01 2.580697580112788003e+01 3.047950130825634218e+01 4.472135954999579610e+00 3.162277660168379256e+01 1.500000000000000000e+01 1.000000000000000000e+01 2.954657340538831534e+01 1.676305461424021104e+01 1.486606874731850603e+01 2.941088233970548416e+01 0.000000000000000000e+00 2.184032966784155505e+01 2.100000000000000000e+01 5.099019513592784492e+00 8.944271909999159220e+00 2.102379604162863913e+01
1.063014581273464998e+01 1.565247584249852864e+01 4.242640687119284770e+00 1.303840481040529831e+01 5.000000000000000000e+00 6.000000000000000000e+00 2.441311123146740414e+01 2.202271554554523902e+01 2.109502310972898798e+01 1.615549442140351033e+01 1.702938636592640265e+01 2.308679276123039159e+01 1.300000000000000000e+01 3.059411708155671050e+01 1.513274595042155646e+01 8.485281374238569541e+00 2.785677655436823841e+01 1.208304597359457233e+01 7.615773105863908654e+00 2.184032966784155505e+01 0.000000000000000000e+00 2.580697580112788003e+01 2.459674775249768786e+01 3.067572330035593353e+01 7.000000000000000000e+00
2.692582403567251959e+01 1.063014581273464998e+01 3.000000000000000000e+01 1.612451549659709826e+01 2.640075756488817049e+01 3.088689042296100240e+01 8.602325267042626677e+00 1.403566884761819900e+01 1.992485884517127559e+01 1.500000000000000000e+01 2.009975124224177989e+01 1.711724276862369010e+01 2.617250465660480074e+01 1.272792206135785520e+01 1.431782106327635340e+01 2.846049894151541437e+01 7.071067811865475505e+00 1.414213562373095101e+01 3.046309242345563462e+01 2.100000000000000000e+01 2.580697580112788003e+01 0.000000000000000000e+00 2.601922366251537611e+01 2.624880949681337583e+01 3.041381265149109936e+01
1.529705854077835525e+01 1.969771560359220786e+01 2.624880949681337583e+01 1.500000000000000000e+01 2.915475947422650194e+01 3.008321791298264714e+01 3.201562118716424266e+01 1.200000000000000000e+01 3.773592452822641263e+01 3.052867504494749440e+01 3.500000000000000000e+01 9.055385138137417300e+00 3.546829570193639825e+01 1.878829422805593552e+01 1.476482306023340030e+01 3.275667870831839679e+01 2.137755832643194864e+01 1.941648783894759944e+01 3.220248437620923454e+01 5.099019513592784492e+00 2.459674775249768786e+01 2.601922366251537611e+01 0.000000000000000000e+00 7.071067811865475505e+00 2.236067977499789805e+01
2.209072203437452231e+01 2.267156809750926882e+01 3.275667870831839679e+01 1.941648783894759944e+01 3.492849839314595783e+01 3.640054944640259293e+01 3.354101966249684352e+01 1.303840481040529831e+01 4.110960958218893069e+01 3.397057550292606010e+01 3.889730067755344578e+01 1.000000000000000000e+01 4.049691346263317371e+01 1.603121954188139853e+01 1.843908891458577415e+01 3.848376280978771291e+01 2.022374841615668473e+01 2.343074902771996193e+01 3.827531841800927737e+01 8.944271909999159220e+00 3.067572330035593353e+01 2.624880949681337583e+01 7.071067811865475505e+00 0.000000000000000000e+00 2.915475947422650194e+01
7.071067811865475505e+00 1.979898987322333070e+01 5.000000000000000000e+00 1.526433752247374720e+01 1.140175425099137918e+01 9.219544457292887074e+00 3.041381265149109936e+01 2.340939982143925135e+01 2.807133769523639799e+01 2.280350850198275836e+01 2.402082429892862692e+01 2.353720459187963954e+01 1.964688270438849926e+01 3.269556544854363267e+01 1.749285568453590045e+01 1.431782106327635340e+01 3.106444913401813324e+01 1.627882059609970611e+01 1.220655561573370207e+01 2.102379604162863913e+01 7.000000000000000000e+00 3.041381265149109936e+01 2.236067977499789805e+01 2.915475947422650194e+01 0.000000000000000000e+00
