0.000000000000000000e+00 8.544003745317530374e+00 1.063014581273464998e+01 2.088061301782110135e+01 1.170469991071962568e+01 1.941648783894759944e+01 2.147091055358388800e+01 2.126029162546929996e+01 2.343074902771996193e+01 8.602325267042626677e+00 2.061552812808830382e+01 2.000000000000000000e+01 4.123105625617660586e+00 5.830951894845300743e+00 3.605551275463989125e+00 2.801785145224380003e+01 5.000000000000000000e+00 1.702938636592640265e+01 2.376972864800942631e+01 3.157530680769388809e+01
8.544003745317530374e+00 0.000000000000000000e+00 4.000000000000000000e+00 2.308679276123039159e+01 8.944271909999159220e+00 2.687005768508880621e+01 2.209072203437452231e+01 2.941088233970548416e+01 2.213594362117865444e+01 1.360147050873544394e+01 2.200000000000000000e+01 1.941648783894759944e+01 1.216552506059643868e+01 1.431782106327635340e+01 1.000000000000000000e+01 2.720294101747088789e+01 4.000000000000000000e+00 2.507987240796890660e+01 2.607680962081059661e+01 3.405877273185280529e+01
1.063014581273464998e+01 4.000000000000000000e+00 0.000000000000000000e+00 2.707397274136176790e+01 5.656854249492380582e+00 2.983286778035259701e+01 2.607680962081059661e+01 3.189043743820394994e+01 2.596150997149434048e+01 1.300000000000000000e+01 2.600000000000000000e+01 2.334523505985750447e+01 1.341640786499873883e+01 1.640121946685672683e+01 1.077032961426900748e+01 3.104834939252004844e+01 5.656854249492380582e+00 2.570992026436488231e+01 3.006659275674581622e+01 3.805259518088089266e+01
2.088061301782110135e+01 2.308679276123039159e+01 2.707397274136176790e+01 0.000000000000000000e+00 3.106444913401813324e+01 1.746424919657297892e+01 4.123105625617660586e+00 2.280350850198275836e+01 9.219544457292887074e+00 2.915475947422650194e+01 2.236067977499789805e+00 7.211102550927978250e+00 2.325940669922601600e+01 2.024845673131658685e+01 2.435159132377184221e+01 1.044030650891055068e+01 2.308679276123039159e+01 3.114482300479487265e+01 3.000000000000000000e+00 1.100000000000000000e+01
1.170469991071962568e+01 8.944271909999159220e+00 5.656854249492380582e+00 3.106444913401813324e+01 0.000000000000000000e+00 3.088689042296100240e+01 3.059411708155671050e+01 3.201562118716424266e+01 3.101612483854164637e+01 9.848857801796103928e+00 3.026549190084311292e+01 2.816025568065744622e+01 1.280624847486569706e+01 1.664331697709323876e+01 1.000000000000000000e+01 3.605551275463989214e+01 8.000000000000000000e+00 2.325940669922601600e+01 3.405877273185280529e+01 4.204759208325727826e+01
1.941648783894759944e+01 2.687005768508880621e+01 2.983286778035259701e+01 1.746424919657297892e+01 3.088689042296100240e+01 0.000000000000000000e+00 2.121320343559642652e+01 5.385164807134503739e+00 2.607680962081059661e+01 2.376972864800942631e+01 1.923538406167134340e+01 2.300000000000000000e+01 1.838477631085023489e+01 1.431782106327635340e+01 2.102379604162863913e+01 2.789265136196270589e+01 2.420743687382040932e+01 1.802775637731994607e+01 1.838477631085023489e+01 2.267156809750926882e+01
2.147091055358388800e+01 2.209072203437452231e+01 2.607680962081059661e+01 4.123105625617660586e+00 3.059411708155671050e+01 2.121320343559642652e+01 0.000000000000000000e+00 2.647640458974745314e+01 5.099019513592784492e+00 3.001666203960726875e+01 2.000000000000000000e+00 3.605551275463989125e+00 2.441311123146740414e+01 2.193171219946130890e+01 2.505992817228333536e+01 7.211102550927978250e+00 2.280350850198275836e+01 3.360059523282288296e+01 5.656854249492380582e+00 1.264911064067351809e+01
2.126029162546929996e+01 2.941088233970548416e+01 3.189043743820394994e+01 2.280350850198275836e+01 3.201562118716424266e+01 5.385164807134503739e+00 2.647640458974745314e+01 0.000000000000000000e+00 3.125699921617556853e+01 2.370653918225939449e+01 2.451530134426252516e+01 2.807133769523639799e+01 1.920937271229854559e+01 1.555634918610404505e+01 2.202271554554523902e+01 3.324154027718932269e+01 2.624880949681337583e+01 1.503329637837290811e+01 2.376972864800942631e+01 2.780287754891568852e+01
2.343074902771996193e+01 2.213594362117865444e+01 2.596150997149434048e+01 9.219544457292887074e+00 3.101612483854164637e+01 2.607680962081059661e+01 5.099019513592784492e+00 3.125699921617556853e+01 0.000000000000000000e+00 3.201562118716424266e+01 7.071067811865475505e+00 3.605551275463989125e+00 2.687005768508880621e+01 2.500000000000000000e+01 2.701851217221259205e+01 5.099019513592784492e+00 2.370653918225939449e+01 3.721558813185679071e+01 1.029563014098700080e+01 1.581138830084189628e+01
8.602325267042626677e+00 1.360147050873544394e+01 1.300000000000000000e+01 2.915475947422650194e+01 9.848857801796103928e+00 2.376972864800942631e+01 3.001666203960726875e+01 2.370653918225939449e+01 3.201562118716424266e+01 0.000000000000000000e+00 2.906888370749726747e+01 2.860069929215018192e+01 6.082762530298219339e+00 1.000000000000000000e+01 5.000000000000000000e+00 3.661966684720110976e+01 9.848857801796103928e+00 1.341640786499873883e+01 3.195309061734091571e+01 3.956008088970496317e+01
2.061552812808830382e+01 2.200000000000000000e+01 2.600000000000000000e+01 2.236067977499789805e+00 3.026549190084311292e+01 1.923538406167134340e+01 2.000000000000000000e+00 2.451530134426252516e+01 7.071067811865475505e+00 2.906888370749726747e+01 0.000000000000000000e+00 5.000000000000000000e+00 2.332380757938120297e+01 2.061552812808830382e+01 2.416609194718914466e+01 8.944271909999159220e+00 2.236067977499789805e+01 3.201562118716424266e+01 4.472135954999579610e+00 1.216552506059643868e+01
2.000000000000000000e+01 1.941648783894759944e+01 2.334523505985750447e+01 7.211102550927978250e+00 2.816025568065744622e+01 2.300000000000000000e+01 3.605551275463989125e+00 2.807133769523639799e+01 3.605551275463989125e+00 2.860069929215018192e+01 5.000000000000000000e+00 0.000000000000000000e+00 2.334523505985750447e+01 2.140093455903269515e+01 2.360084744241189370e+01 8.062257748298549132e+00 2.061552812808830382e+01 3.361547262794321966e+01 9.219544457292887074e+00 1.615549442140351033e+01
4.123105625617660586e+00 1.216552506059643868e+01 1.341640786499873883e+01 2.325940669922601600e+01 1.280624847486569706e+01 1.838477631085023489e+01 2.441311123146740414e+01 1.920937271229854559e+01 2.687005768508880621e+01 6.082762530298219339e+00 2.332380757938120297e+01 2.334523505985750447e+01 0.000000000000000000e+00 4.123105625617660586e+00 2.828427124746190291e+00 3.124099870362661591e+01 8.246211251235321171e+00 1.300000000000000000e+01 2.600000000000000000e+01 3.352610922848042208e+01
5.830951894845300743e+00 1.431782106327635340e+01 1.640121946685672683e+01 2.024845673131658685e+01 1.664331697709323876e+01 1.431782106327635340e+01 2.193171219946130890e+01 1.555634918610404505e+01 2.500000000000000000e+01 1.000000000000000000e+01 2.061552812808830382e+01 2.140093455903269515e+01 4.123105625617660586e+00 0.000000000000000000e+00 6.708203932499369415e+00 2.900000000000000000e+01 1.081665382639196871e+01 1.264911064067351809e+01 2.282542442102665348e+01 3.008321791298264714e+01
3.605551275463989125e+00 1.000000000000000000e+01 1.077032961426900748e+01 2.435159132377184221e+01 1.000000000000000000e+01 2.102379604162863913e+01 2.505992817228333536e+01 2.202271554554523902e+01 2.701851217221259205e+01 5.000000000000000000e+00 2.416609194718914466e+01 2.360084744241189370e+01 2.828427124746190291e+00 6.708203932499369415e+00 0.000000000000000000e+00 3.162277660168379256e+01 6.000000000000000000e+00 1.513274595042155646e+01 2.720294101747088789e+01 3.492849839314595783e+01
2.801785145224380003e+01 2.720294101747088789e+01 3.104834939252004844e+01 1.044030650891055068e+01 3.605551275463989214e+01 2.789265136196270589e+01 7.211102550927978250e+00 3.324154027718932269e+01 5.099019513592784492e+00 3.661966684720110976e+01 8.944271909999159220e+00 8.062257748298549132e+00 3.124099870362661591e+01 2.900000000000000000e+01 3.162277660168379256e+01 0.000000000000000000e+00 2.863564212655270680e+01 4.080441152620633005e+01 1.000000000000000000e+01 1.280624847486569706e+01
5.000000000000000000e+00 4.000000000000000000e+00 5.656854249492380582e+00 2.308679276123039159e+01 8.000000000000000000e+00 2.420743687382040932e+01 2.280350850198275836e+01 2.624880949681337583e+01 2.370653918225939449e+01 9.848857801796103928e+00 2.236067977499789805e+01 2.061552812808830382e+01 8.246211251235321171e+00 1.081665382639196871e+01 6.000000000000000000e+00 2.863564212655270680e+01 0.000000000000000000e+00 2.109502310972898798e+01 2.607680962081059661e+01 3.405877273185280529e+01
1.702938636592640265e+01 2.507987240796890660e+01 2.570992026436488231e+01 3.114482300479487265e+01 2.325940669922601600e+01 1.802775637731994607e+01 3.360059523282288296e+01 1.503329637837290811e+01 3.721558813185679071e+01 1.341640786499873883e+01 3.201562118716424266e+01 3.361547262794321966e+01 1.300000000000000000e+01 1.264911064067351809e+01 1.513274595042155646e+01 4.080441152620633005e+01 2.109502310972898798e+01 0.000000000000000000e+00 3.324154027718932269e+01 3.940812099047606409e+01
2.376972864800942631e+01 2.607680962081059661e+01 3.006659275674581622e+01 3.000000000000000000e+00 3.405877273185280529e+01 1.838477631085023489e+01 5.656854249492380582e+00 2.376972864800942631e+01 1.029563014098700080e+01 3.195309061734091571e+01 4.472135954999579610e+00 9.219544457292887074e+00 2.600000000000000000e+01 2.282542442102665348e+01 2.720294101747088789e+01 1.000000000000000000e+01 2.607680962081059661e+01 3.324154027718932269e+01 0.000000000000000000e+00 8.000000000000000000e+00
3.157530680769388809e+01 3.405877273185280529e+01 3.805259518088089266e+01 1.100000000000000000e+01 4.204759208325727826e+01 2.267156809750926882e+01 1.264911064067351809e+01 2.780287754891568852e+01 1.581138830084189628e+01 3.956008088970496317e+01 1.216552506059643868e+01 1.615549442140351033e+01 3.352610922848042208e+01 3.008321791298264714e+01 3.492849839314595783e+01 1.280624847486569706e+01 3.405877273185280529e+01 3.940812099047606409e+01 8.000000000000000000e+00 0.000000000000000000e+00
