0.000000000000000000e+00 1.565247584249852864e+01 1.118033988749894903e+01 1.612451549659709826e+01 2.061552812808830382e+01 2.996664812754339380e+01 9.848857801796103928e+00 8.062257748298549132e+00 2.236067977499789805e+00 8.062257748298549132e+00 1.300000000000000000e+01 1.664331697709323876e+01 1.720465053408525335e+01 1.886796226411320632e+01 1.216552506059643868e+01 1.019803902718556898e+01 1.523154621172781731e+01 2.828427124746190291e+00 1.615549442140351033e+01 1.529705854077835525e+01 2.816025568065744622e+01 1.513274595042155646e+01 2.807133769523639799e+01 2.184032966784155505e+01 9.486832980505138124e+00
1.565247584249852864e+01 0.000000000000000000e+00 9.486832980505138124e+00 2.594224354214569317e+01 5.099019513592784492e+00 1.431782106327635340e+01 1.811077027627483460e+01 1.303840481040529831e+01 1.788854381999831844e+01 7.615773105863908654e+00 2.863564212655270680e+01 1.600000000000000000e+01 2.816025568065744622e+01 3.605551275463989125e+00 2.751363298439520833e+01 2.080865204668481283e+01 2.801785145224380003e+01 1.676305461424021104e+01 3.178049716414140846e+01 2.927456233660889495e+01 1.303840481040529831e+01 9.055385138137417300e+00 1.664331697709323876e+01 3.440930106817050671e+01 6.403124237432848531e+00
1.118033988749894903e+01 9.486832980505138124e+00 0.000000000000000000e+00 1.664331697709323876e+01 1.280624847486569706e+01 2.193171219946130890e+01 1.860107523773827509e+01 1.414213562373095101e+01 1.303840481040529831e+01 7.211102550927978250e+00 2.319482700948640286e+01 7.615773105863908654e+00 2.773084924772409465e+01 1.300000000000000000e+01 2.300000000000000000e+01 1.204159457879229578e+01 2.624880949681337583e+01 1.360147050873544394e+01 2.630589287593181069e+01 2.647640458974745314e+01 1.886796226411320632e+01 4.000000000000000000e+00 1.700000000000000000e+01 2.549509756796392423e+01 5.385164807134503739e+00
1.612451549659709826e+01 2.594224354214569317e+01 1.664331697709323876e+01 0.000000000000000000e+00 2.941088233970548416e+01 3.828837943815329226e+01 2.570992026436488231e+01 2.402082429892862692e+01 1.552417469626002422e+01 2.061552812808830382e+01 1.780449381476485726e+01 1.389244398944980396e+01 3.052867504494749440e+01 2.952964612046680060e+01 1.979898987322333070e+01 6.000000000000000000e+00 2.720294101747088789e+01 1.843908891458577415e+01 1.972308292331602075e+01 2.549509756796392423e+01 3.465544690232691494e+01 1.910497317454279909e+01 2.952964612046680060e+01 9.433981132056603158e+00 2.024845673131658685e+01
2.061552812808830382e+01 5.099019513592784492e+00 1.280624847486569706e+01 2.941088233970548416e+01 0.000000000000000000e+00 9.433981132056603158e+00 2.302172886644267535e+01 1.800000000000000000e+01 2.284731931759172596e+01 1.264911064067351809e+01 3.361547262794321966e+01 1.772004514666934938e+01 3.306055050963308162e+01 3.605551275463989125e+00 3.257299494980465937e+01 2.475883680627989492e+01 3.306055050963308162e+01 2.184032966784155505e+01 3.676955262170046979e+01 3.436568055487916240e+01 8.000000000000000000e+00 1.077032961426900748e+01 1.345362404707370985e+01 3.828837943815329226e+01 1.118033988749894903e+01
2.996664812754339380e+01 1.431782106327635340e+01 2.193171219946130890e+01 3.828837943815329226e+01 9.433981132056603158e+00 0.000000000000000000e+00 3.125699921617556853e+01 2.647640458974745314e+01 3.220248437620923454e+01 2.193171219946130890e+01 4.295346318982905842e+01 2.555386467836127551e+01 4.110960958218893069e+01 1.140175425099137918e+01 4.178516483155235761e+01 3.397057550292606010e+01 4.159326868617084472e+01 3.101612483854164637e+01 4.609772228646443892e+01 4.317406628984580408e+01 5.000000000000000000e+00 1.920937271229854559e+01 1.503329637837290811e+01 4.738143096192853676e+01 2.059126028197400160e+01
9.848857801796103928e+00 1.811077027627483460e+01 1.860107523773827509e+01 2.570992026436488231e+01 2.302172886644267535e+01 3.125699921617556853e+01 0.000000000000000000e+00 5.099019513592784492e+00 1.019803902718556898e+01 1.208304597359457233e+01 1.612451549659709826e+01 2.545584412271571040e+01 1.004987562112088995e+01 2.002498439450078749e+01 1.360147050873544394e+01 1.992485884517127559e+01 1.044030650891055068e+01 7.280109889280518054e+00 1.860107523773827509e+01 1.252996408614166768e+01 3.101612483854164637e+01 2.195449840010014952e+01 3.383784863137726262e+01 3.006659275674581622e+01 1.431782106327635340e+01
8.062257748298549132e+00 1.303840481040529831e+01 1.414213562373095101e+01 2.402082429892862692e+01 1.800000000000000000e+01 2.647640458974745314e+01 5.099019513592784492e+00 0.000000000000000000e+00 9.486832980505138124e+00 7.211102550927978250e+00 1.838477631085023489e+01 2.140093455903269515e+01 1.513274595042155646e+01 1.513274595042155646e+01 1.640121946685672683e+01 1.802775637731994607e+01 1.513274595042155646e+01 6.708203932499369415e+00 2.126029162546929996e+01 1.676305461424021104e+01 2.600000000000000000e+01 1.720465053408525335e+01 2.879236009777593708e+01 2.983286778035259701e+01 9.433981132056603158e+00
2.236067977499789805e+00 1.788854381999831844e+01 1.303840481040529831e+01 1.552417469626002422e+01 2.284731931759172596e+01 3.220248437620923454e+01 1.019803902718556898e+01 9.486832980505138124e+00 0.000000000000000000e+00 1.029563014098700080e+01 1.077032961426900748e+01 1.788854381999831844e+01 1.627882059609970611e+01 2.109502310972898798e+01 1.004987562112088995e+01 9.848857801796103928e+00 1.389244398944980396e+01 3.000000000000000000e+00 1.392838827718411920e+01 1.360147050873544394e+01 3.036445290137795183e+01 1.702938636592640265e+01 3.001666203960726875e+01 2.039607805437113797e+01 1.170469991071962568e+01
8.062257748298549132e+00 7.615773105863908654e+00 7.211102550927978250e+00 2.061552812808830382e+01 1.264911064067351809e+01 2.193171219946130890e+01 1.208304597359457233e+01 7.211102550927978250e+00 1.029563014098700080e+01 0.000000000000000000e+00 2.102379604162863913e+01 1.476482306023340030e+01 2.184032966784155505e+01 1.081665382639196871e+01 1.992485884517127559e+01 1.486606874731850603e+01 2.109502310972898798e+01 9.219544457292887074e+00 2.416609194718914466e+01 2.202271554554523902e+01 2.039607805437113797e+01 1.000000000000000000e+01 2.184032966784155505e+01 2.817800560721074277e+01 2.236067977499789805e+00
1.300000000000000000e+01 2.863564212655270680e+01 2.319482700948640286e+01 1.780449381476485726e+01 3.361547262794321966e+01 4.295346318982905842e+01 1.612451549659709826e+01 1.838477631085023489e+01 1.077032961426900748e+01 2.102379604162863913e+01 0.000000000000000000e+00 2.630589287593181069e+01 1.513274595042155646e+01 3.176476034853718033e+01 3.000000000000000000e+00 1.486606874731850603e+01 1.118033988749894903e+01 1.220655561573370207e+01 3.162277660168379523e+00 8.544003745317530374e+00 4.110960958218893069e+01 2.716615541441224835e+01 4.011234224026316042e+01 1.708800749063506075e+01 2.247220505424423109e+01
1.664331697709323876e+01 1.600000000000000000e+01 7.615773105863908654e+00 1.389244398944980396e+01 1.772004514666934938e+01 2.555386467836127551e+01 2.545584412271571040e+01 2.140093455903269515e+01 1.788854381999831844e+01 1.476482306023340030e+01 2.630589287593181069e+01 0.000000000000000000e+00 3.383784863137726262e+01 1.910497317454279909e+01 2.692582403567251959e+01 1.204159457879229578e+01 3.176476034853718033e+01 1.941648783894759944e+01 2.915475947422650194e+01 3.138470965295043058e+01 2.140093455903269515e+01 7.071067811865475505e+00 1.565247584249852864e+01 2.332380757938120297e+01 1.300000000000000000e+01
1.720465053408525335e+01 2.816025568065744622e+01 2.773084924772409465e+01 3.052867504494749440e+01 3.306055050963308162e+01 4.110960958218893069e+01 1.004987562112088995e+01 1.513274595042155646e+01 1.627882059609970611e+01 2.184032966784155505e+01 1.513274595042155646e+01 3.383784863137726262e+01 0.000000000000000000e+00 3.000000000000000000e+01 1.216552506059643868e+01 2.561249694973139412e+01 4.000000000000000000e+00 1.442220510185595650e+01 1.603121954188139853e+01 7.071067811865475505e+00 4.104875150354758517e+01 3.138470965295043058e+01 4.368065933568311010e+01 3.201562118716424266e+01 2.404163056034261459e+01
1.886796226411320632e+01 3.605551275463989125e+00 1.300000000000000000e+01 2.952964612046680060e+01 3.605551275463989125e+00 1.140175425099137918e+01 2.002498439450078749e+01 1.513274595042155646e+01 2.109502310972898798e+01 1.081665382639196871e+01 3.176476034853718033e+01 1.910497317454279909e+01 3.000000000000000000e+01 0.000000000000000000e+00 3.046309242345563462e+01 2.441311123146740414e+01 3.026549190084311292e+01 1.969771560359220786e+01 3.488552708502481892e+01 3.178049716414140846e+01 1.118033988749894903e+01 1.204159457879229578e+01 1.697056274847713908e+01 3.801315561749642313e+01 9.899494936611665352e+00
1.216552506059643868e+01 2.751363298439520833e+01 2.300000000000000000e+01 1.979898987322333070e+01 3.257299494980465937e+01 4.178516483155235761e+01 1.360147050873544394e+01 1.640121946685672683e+01 1.004987562112088995e+01 1.992485884517127559e+01 3.000000000000000000e+00 2.692582403567251959e+01 1.216552506059643868e+01 3.046309242345563462e+01 0.000000000000000000e+00 1.612451549659709826e+01 8.246211251235321171e+00 1.077032961426900748e+01 5.000000000000000000e+00 5.830951894845300743e+00 4.026164427839479032e+01 2.700000000000000000e+01 4.000000000000000000e+01 1.992485884517127559e+01 2.158703314492290204e+01
1.019803902718556898e+01 2.080865204668481283e+01 1.204159457879229578e+01 6.000000000000000000e+00 2.475883680627989492e+01 3.397057550292606010e+01 1.992485884517127559e+01 1.802775637731994607e+01 9.848857801796103928e+00 1.486606874731850603e+01 1.486606874731850603e+01 1.204159457879229578e+01 2.561249694973139412e+01 2.441311123146740414e+01 1.612451549659709826e+01 0.000000000000000000e+00 2.262741699796952233e+01 1.264911064067351809e+01 1.746424919657297892e+01 2.140093455903269515e+01 3.080584360149872580e+01 1.526433752247374720e+01 2.720294101747088789e+01 1.360147050873544394e+01 1.476482306023340030e+01
1.523154621172781731e+01 2.801785145224380003e+01 2.624880949681337583e+01 2.720294101747088789e+01 3.306055050963308162e+01 4.159326868617084472e+01 1.044030650891055068e+01 1.513274595042155646e+01 1.389244398944980396e+01 2.109502310972898798e+01 1.118033988749894903e+01 3.176476034853718033e+01 4.000000000000000000e+00 3.026549190084311292e+01 8.246211251235321171e+00 2.262741699796952233e+01 0.000000000000000000e+00 1.264911064067351809e+01 1.204159457879229578e+01 3.162277660168379523e+00 4.104875150354758517e+01 3.008321791298264714e+01 4.275511665286389729e+01 2.816025568065744622e+01 2.319482700948640286e+01
2.828427124746190291e+00 1.676305461424021104e+01 1.360147050873544394e+01 1.843908891458577415e+01 2.184032966784155505e+01 3.101612483854164637e+01 7.280109889280518054e+00 6.708203932499369415e+00 3.000000000000000000e+00 9.219544457292887074e+00 1.220655561573370207e+01 1.941648783894759944e+01 1.442220510185595650e+01 1.969771560359220786e+01 1.077032961426900748e+01 1.264911064067351809e+01 1.264911064067351809e+01 0.000000000000000000e+00 1.526433752247374720e+01 1.303840481040529831e+01 2.961418578992169515e+01 1.746424919657297892e+01 3.026549190084311292e+01 2.334523505985750447e+01 1.104536101718726115e+01
1.615549442140351033e+01 3.178049716414140846e+01 2.630589287593181069e+01 1.972308292331602075e+01 3.676955262170046979e+01 4.609772228646443892e+01 1.860107523773827509e+01 2.126029162546929996e+01 1.392838827718411920e+01 2.416609194718914466e+01 3.162277660168379523e+00 2.915475947422650194e+01 1.603121954188139853e+01 3.488552708502481892e+01 5.000000000000000000e+00 1.746424919657297892e+01 1.204159457879229578e+01 1.526433752247374720e+01 0.000000000000000000e+00 9.000000000000000000e+00 4.427188724235730888e+01 3.026549190084311292e+01 4.318564576337836769e+01 1.749285568453590045e+01 2.563201123595259290e+01
1.529705854077835525e+01 2.927456233660889495e+01 2.647640458974745314e+01 2.549509756796392423e+01 3.436568055487916240e+01 4.317406628984580408e+01 1.252996408614166768e+01 1.676305461424021104e+01 1.360147050873544394e+01 2.202271554554523902e+01 8.544003745317530374e+00 3.138470965295043058e+01 7.071067811865475505e+00 3.178049716414140846e+01 5.830951894845300743e+00 2.140093455903269515e+01 3.162277660168379523e+00 1.303840481040529831e+01 9.000000000000000000e+00 0.000000000000000000e+00 4.229657196511320194e+01 3.041381265149109936e+01 4.328972164382672361e+01 2.563201123595259290e+01 2.400000000000000000e+01
2.816025568065744622e+01 1.303840481040529831e+01 1.886796226411320632e+01 3.465544690232691494e+01 8.000000000000000000e+00 5.000000000000000000e+00 3.101612483854164637e+01 2.600000000000000000e+01 3.036445290137795183e+01 2.039607805437113797e+01 4.110960958218893069e+01 2.140093455903269515e+01 4.104875150354758517e+01 1.118033988749894903e+01 4.026164427839479032e+01 3.080584360149872580e+01 4.104875150354758517e+01 2.961418578992169515e+01 4.427188724235730888e+01 4.229657196511320194e+01 0.000000000000000000e+00 1.562049935181330795e+01 1.004987562112088995e+01 4.393176527297759293e+01 1.868154169226940553e+01
1.513274595042155646e+01 9.055385138137417300e+00 4.000000000000000000e+00 1.910497317454279909e+01 1.077032961426900748e+01 1.920937271229854559e+01 2.195449840010014952e+01 1.720465053408525335e+01 1.702938636592640265e+01 1.000000000000000000e+01 2.716615541441224835e+01 7.071067811865475505e+00 3.138470965295043058e+01 1.204159457879229578e+01 2.700000000000000000e+01 1.526433752247374720e+01 3.008321791298264714e+01 1.746424919657297892e+01 3.026549190084311292e+01 3.041381265149109936e+01 1.562049935181330795e+01 0.000000000000000000e+00 1.300000000000000000e+01 2.831960451701259274e+01 7.810249675906653977e+00
2.807133769523639799e+01 1.664331697709323876e+01 1.700000000000000000e+01 2.952964612046680060e+01 1.345362404707370985e+01 1.503329637837290811e+01 3.383784863137726262e+01 2.879236009777593708e+01 3.001666203960726875e+01 2.184032966784155505e+01 4.011234224026316042e+01 1.565247584249852864e+01 4.368065933568311010e+01 1.697056274847713908e+01 4.000000000000000000e+01 2.720294101747088789e+01 4.275511665286389729e+01 3.026549190084311292e+01 4.318564576337836769e+01 4.328972164382672361e+01 1.004987562112088995e+01 1.300000000000000000e+01 0.000000000000000000e+00 3.894868418830089496e+01 1.964688270438849926e+01
2.184032966784155505e+01 3.440930106817050671e+01 2.549509756796392423e+01 9.433981132056603158e+00 3.828837943815329226e+01 4.738143096192853676e+01 3.006659275674581622e+01 2.983286778035259701e+01 2.039607805437113797e+01 2.817800560721074277e+01 1.708800749063506075e+01 2.332380757938120297e+01 3.201562118716424266e+01 3.801315561749642313e+01 1.992485884517127559e+01 1.360147050873544394e+01 2.816025568065744622e+01 2.334523505985750447e+01 1.749285568453590045e+01 2.563201123595259290e+01 4.393176527297759293e+01 2.831960451701259274e+01 3.894868418830089496e+01 0.000000000000000000e+00 2.830194339616981125e+01
9.486832980505138124e+00 6.403124237432848531e+00 5.385164807134503739e+00 2.024845673131658685e+01 1.118033988749894903e+01 2.059126028197400160e+01 1.431782106327635340e+01 9.433981132056603158e+00 1.170469991071962568e+01 2.236067977499789805e+00 2.247220505424423109e+01 1.300000000000000000e+01 2.404163056034261459e+01 9.899494936611665352e+00 2.158703314492290204e+01 1.476482306023340030e+01 2.319482700948640286e+01 1.104536101718726115e+01 2.563201123595259290e+01 2.400000000000000000e+01 1.868154169226940553e+01 7.810249675906653977e+00 1.964688270438849926e+01 2.830194339616981125e+01 0.000000000000000000e+00
