0.000000000000000000e+00 9.899494936611665352e+00 1.843908891458577415e+01 2.360084744241189370e+01 4.177319714841084419e+01 6.403124237432848531e+00 4.201190307520000999e+01 2.184032966784155505e+01 1.676305461424021104e+01 7.280109889280518054e+00 3.753664875824691904e+01 1.941648783894759944e+01 3.324154027718932269e+01 2.024845673131658685e+01 2.915475947422650194e+01 3.920459156782531807e+01 3.413209633175202384e+01 1.200000000000000000e+01 1.700000000000000000e+01 3.201562118716424266e+01 1.772004514666934938e+01 9.848857801796103928e+00 3.492849839314595783e+01
9.899494936611665352e+00 0.000000000000000000e+00 1.140175425099137918e+01 1.389244398944980396e+01 3.189043743820394994e+01 3.605551275463989125e+00 3.220248437620923454e+01 1.403566884761819900e+01 9.219544457292887074e+00 9.000000000000000000e+00 2.765863337187866122e+01 1.627882059609970611e+01 2.507987240796890660e+01 1.200000000000000000e+01 2.039607805437113797e+01 2.941088233970548416e+01 2.879236009777593708e+01 8.602325267042626677e+00 1.700000000000000000e+01 2.830194339616981125e+01 1.562049935181330795e+01 1.627882059609970611e+01 2.701851217221259205e+01
1.843908891458577415e+01 1.140175425099137918e+01 0.000000000000000000e+00 1.004987562112088995e+01 2.879236009777593708e+01 1.403566884761819900e+01 3.008321791298264714e+01 2.080865204668481283e+01 2.236067977499789805e+00 2.022374841615668473e+01 2.325940669922601600e+01 2.662705391138869615e+01 2.941088233970548416e+01 1.860107523773827509e+01 2.404163056034261459e+01 2.765863337187866122e+01 3.661966684720110976e+01 7.211102550927978250e+00 2.823118842698620767e+01 3.748332962798262713e+01 2.641968962724581260e+01 2.700000000000000000e+01 3.162277660168379256e+01
2.360084744241189370e+01 1.389244398944980396e+01 1.004987562112088995e+01 0.000000000000000000e+00 1.923538406167134340e+01 1.749285568453590045e+01 2.024845673131658685e+01 1.476482306023340030e+01 9.486832980505138124e+00 2.213594362117865444e+01 1.421267040355189515e+01 2.353720459187963954e+01 2.059126028197400160e+01 1.300000000000000000e+01 1.526433752247374720e+01 1.772004514666934938e+01 2.973213749463701205e+01 1.565247584249852864e+01 2.701851217221259205e+01 3.190611226708763226e+01 2.418677324489564739e+01 2.973213749463701205e+01 2.282542442102665348e+01
4.177319714841084419e+01 3.189043743820394994e+01 2.879236009777593708e+01 1.923538406167134340e+01 0.000000000000000000e+00 3.538361202590826338e+01 2.828427124746190291e+00 2.416609194718914466e+01 2.863564212655270680e+01 3.841874542459709119e+01 6.000000000000000000e+00 3.417601498127012150e+01 1.902629759044044633e+01 2.418677324489564739e+01 1.746424919657297892e+01 4.000000000000000000e+00 3.114482300479487265e+01 3.488552708502481892e+01 3.939543120718441571e+01 3.600000000000000000e+01 3.584689665786984136e+01 4.580392996239514503e+01 2.022374841615668473e+01
6.403124237432848531e+00 3.605551275463989125e+00 1.403566884761819900e+01 1.749285568453590045e+01 3.538361202590826338e+01 0.000000000000000000e+00 3.560898762952971452e+01 1.612451549659709826e+01 1.200000000000000000e+01 6.324555320336759046e+00 3.124099870362661591e+01 1.612451549659709826e+01 2.745906043549196340e+01 1.431782106327635340e+01 2.308679276123039159e+01 3.280243893371345365e+01 2.983286778035259701e+01 9.433981132056603158e+00 1.562049935181330795e+01 2.863564212655270680e+01 1.500000000000000000e+01 1.303840481040529831e+01 2.927456233660889495e+01
4.201190307520000999e+01 3.220248437620923454e+01 3.008321791298264714e+01 2.024845673131658685e+01 2.828427124746190291e+00 3.560898762952971452e+01 0.000000000000000000e+00 2.332380757938120297e+01 2.973213749463701205e+01 3.820994634908559817e+01 8.246211251235321171e+00 3.310589071449369669e+01 1.702938636592640265e+01 2.360084744241189370e+01 1.615549442140351033e+01 2.828427124746190291e+00 2.901723625709381693e+01 3.584689665786984136e+01 3.847076812334268681e+01 3.405877273185280529e+01 3.488552708502481892e+01 4.545327270945404763e+01 1.802775637731994607e+01
2.184032966784155505e+01 1.403566884761819900e+01 2.080865204668481283e+01 1.476482306023340030e+01 2.416609194718914466e+01 1.612451549659709826e+01 2.332380757938120297e+01 0.000000000000000000e+00 1.886796226411320632e+01 1.612451549659709826e+01 2.236067977499789805e+01 1.019803902718556898e+01 1.140175425099137918e+01 2.236067977499789805e+00 7.810249675906653977e+00 2.059126028197400160e+01 1.581138830084189628e+01 2.184032966784155505e+01 1.523154621172781731e+01 1.720465053408525335e+01 1.170469991071962568e+01 2.267156809750926882e+01 1.315294643796590535e+01
1.676305461424021104e+01 9.219544457292887074e+00 2.236067977499789805e+00 9.486832980505138124e+00 2.863564212655270680e+01 1.200000000000000000e+01 2.973213749463701205e+01 1.886796226411320632e+01 0.000000000000000000e+00 1.811077027627483460e+01 2.332380757938120297e+01 2.441311123146740414e+01 2.789265136196270589e+01 1.664331697709323876e+01 2.256102834535695578e+01 2.720294101747088789e+01 3.466987164671942878e+01 6.403124237432848531e+00 2.600000000000000000e+01 3.538361202590826338e+01 2.418677324489564739e+01 2.501999200639360765e+01 3.008321791298264714e+01
7.280109889280518054e+00 9.000000000000000000e+00 2.022374841615668473e+01 2.213594362117865444e+01 3.841874542459709119e+01 6.324555320336759046e+00 3.820994634908559817e+01 1.612451549659709826e+01 1.811077027627483460e+01 0.000000000000000000e+00 3.498571136907180090e+01 1.216552506059643868e+01 2.731300056749532601e+01 1.500000000000000000e+01 2.385372088375312671e+01 3.538361202590826338e+01 2.701851217221259205e+01 1.565247584249852864e+01 1.000000000000000000e+01 2.473863375370596174e+01 1.044030650891055068e+01 7.615773105863908654e+00 2.879236009777593708e+01
3.753664875824691904e+01 2.765863337187866122e+01 2.325940669922601600e+01 1.421267040355189515e+01 6.000000000000000000e+00 3.124099870362661591e+01 8.246211251235321171e+00 2.236067977499789805e+01 2.332380757938120297e+01 3.498571136907180090e+01 0.000000000000000000e+00 3.255764119219941222e+01 2.024845673131658685e+01 2.184032966784155505e+01 1.711724276862369010e+01 7.211102550927978250e+00 3.228002478313794654e+01 2.968164415931165934e+01 3.736308338453881106e+01 3.649657518178931781e+01 3.395585369269929288e+01 4.254409477236529824e+01 2.193171219946130890e+01
1.941648783894759944e+01 1.627882059609970611e+01 2.662705391138869615e+01 2.353720459187963954e+01 3.417601498127012150e+01 1.612451549659709826e+01 3.310589071449369669e+01 1.019803902718556898e+01 2.441311123146740414e+01 1.216552506059643868e+01 3.255764119219941222e+01 0.000000000000000000e+00 1.838477631085023489e+01 1.100000000000000000e+01 1.700000000000000000e+01 3.046309242345563462e+01 1.503329637837290811e+01 2.483948469674844262e+01 5.656854249492380582e+00 1.264911064067351809e+01 2.236067977499789805e+00 1.581138830084189628e+01 1.920937271229854559e+01
3.324154027718932269e+01 2.507987240796890660e+01 2.941088233970548416e+01 2.059126028197400160e+01 1.902629759044044633e+01 2.745906043549196340e+01 1.702938636592640265e+01 1.140175425099137918e+01 2.789265136196270589e+01 2.731300056749532601e+01 2.024845673131658685e+01 1.838477631085023489e+01 0.000000000000000000e+00 1.315294643796590535e+01 5.385164807134503739e+00 1.503329637837290811e+01 1.216552506059643868e+01 3.214031735997639316e+01 2.404163056034261459e+01 1.702938636592640265e+01 2.051828452868319275e+01 3.328663395418647752e+01 2.236067977499789805e+00
2.024845673131658685e+01 1.200000000000000000e+01 1.860107523773827509e+01 1.300000000000000000e+01 2.418677324489564739e+01 1.431782106327635340e+01 2.360084744241189370e+01 2.236067977499789805e+00 1.664331697709323876e+01 1.500000000000000000e+01 2.184032966784155505e+01 1.100000000000000000e+01 1.315294643796590535e+01 0.000000000000000000e+00 8.944271909999159220e+00 2.080865204668481283e+01 1.802775637731994607e+01 1.964688270438849926e+01 1.552417469626002422e+01 1.920937271229854559e+01 1.216552506059643868e+01 2.193171219946130890e+01 1.503329637837290811e+01
2.915475947422650194e+01 2.039607805437113797e+01 2.404163056034261459e+01 1.526433752247374720e+01 1.746424919657297892e+01 2.308679276123039159e+01 1.615549442140351033e+01 7.810249675906653977e+00 2.256102834535695578e+01 2.385372088375312671e+01 1.711724276862369010e+01 1.700000000000000000e+01 5.385164807134503739e+00 8.944271909999159220e+00 0.000000000000000000e+00 1.360147050873544394e+01 1.565247584249852864e+01 2.701851217221259205e+01 2.247220505424423109e+01 1.941648783894759944e+01 1.886796226411320632e+01 3.047950130825634218e+01 7.615773105863908654e+00
3.920459156782531807e+01 2.941088233970548416e+01 2.765863337187866122e+01 1.772004514666934938e+01 4.000000000000000000e+00 3.280243893371345365e+01 2.828427124746190291e+00 2.059126028197400160e+01 2.720294101747088789e+01 3.538361202590826338e+01 7.211102550927978250e+00 3.046309242345563462e+01 1.503329637837290811e+01 2.080865204668481283e+01 1.360147050873544394e+01 0.000000000000000000e+00 2.716615541441224835e+01 3.324154027718932269e+01 3.577708763999663688e+01 3.200000000000000000e+01 3.220248437620923454e+01 4.263801121065568367e+01 1.627882059609970611e+01
3.413209633175202384e+01 2.879236009777593708e+01 3.661966684720110976e+01 2.973213749463701205e+01 3.114482300479487265e+01 2.983286778035259701e+01 2.901723625709381693e+01 1.581138830084189628e+01 3.466987164671942878e+01 2.701851217221259205e+01 3.228002478313794654e+01 1.503329637837290811e+01 1.216552506059643868e+01 1.802775637731994607e+01 1.565247584249852864e+01 2.716615541441224835e+01 0.000000000000000000e+00 3.716180835212409050e+01 1.964688270438849926e+01 5.830951894845300743e+00 1.711724276862369010e+01 3.059411708155671050e+01 1.100000000000000000e+01
1.200000000000000000e+01 8.602325267042626677e+00 7.211102550927978250e+00 1.565247584249852864e+01 3.488552708502481892e+01 9.433981132056603158e+00 3.584689665786984136e+01 2.184032966784155505e+01 6.403124237432848531e+00 1.565247584249852864e+01 2.968164415931165934e+01 2.483948469674844262e+01 3.214031735997639316e+01 1.964688270438849926e+01 2.701851217221259205e+01 3.324154027718932269e+01 3.716180835212409050e+01 0.000000000000000000e+00 2.500000000000000000e+01 3.689173349139343117e+01 2.404163056034261459e+01 2.137755832643194864e+01 3.423448553724738019e+01
1.700000000000000000e+01 1.700000000000000000e+01 2.823118842698620767e+01 2.701851217221259205e+01 3.939543120718441571e+01 1.562049935181330795e+01 3.847076812334268681e+01 1.523154621172781731e+01 2.600000000000000000e+01 1.000000000000000000e+01 3.736308338453881106e+01 5.656854249492380582e+00 2.404163056034261459e+01 1.552417469626002422e+01 2.247220505424423109e+01 3.577708763999663688e+01 1.964688270438849926e+01 2.500000000000000000e+01 0.000000000000000000e+00 1.600000000000000000e+01 3.605551275463989125e+00 1.104536101718726115e+01 2.483948469674844262e+01
3.201562118716424266e+01 2.830194339616981125e+01 3.748332962798262713e+01 3.190611226708763226e+01 3.600000000000000000e+01 2.863564212655270680e+01 3.405877273185280529e+01 1.720465053408525335e+01 3.538361202590826338e+01 2.473863375370596174e+01 3.649657518178931781e+01 1.264911064067351809e+01 1.702938636592640265e+01 1.920937271229854559e+01 1.941648783894759944e+01 3.200000000000000000e+01 5.830951894845300743e+00 3.689173349139343117e+01 1.600000000000000000e+01 0.000000000000000000e+00 1.431782106327635340e+01 2.701851217221259205e+01 1.627882059609970611e+01
1.772004514666934938e+01 1.562049935181330795e+01 2.641968962724581260e+01 2.418677324489564739e+01 3.584689665786984136e+01 1.500000000000000000e+01 3.488552708502481892e+01 1.170469991071962568e+01 2.418677324489564739e+01 1.044030650891055068e+01 3.395585369269929288e+01 2.236067977499789805e+00 2.051828452868319275e+01 1.216552506059643868e+01 1.886796226411320632e+01 3.220248437620923454e+01 1.711724276862369010e+01 2.404163056034261459e+01 3.605551275463989125e+00 1.431782106327635340e+01 0.000000000000000000e+00 1.360147050873544394e+01 2.140093455903269515e+01
9.848857801796103928e+00 1.627882059609970611e+01 2.700000000000000000e+01 2.973213749463701205e+01 4.580392996239514503e+01 1.303840481040529831e+01 4.545327270945404763e+01 2.267156809750926882e+01 2.501999200639360765e+01 7.615773105863908654e+00 4.254409477236529824e+01 1.581138830084189628e+01 3.328663395418647752e+01 2.193171219946130890e+01 3.047950130825634218e+01 4.263801121065568367e+01 3.059411708155671050e+01 2.137755832643194864e+01 1.104536101718726115e+01 2.701851217221259205e+01 1.360147050873544394e+01 0.000000000000000000e+00 3.448187929913333249e+01
3.492849839314595783e+01 2.701851217221259205e+01 3.162277660168379256e+01 2.282542442102665348e+01 2.022374841615668473e+01 2.927456233660889495e+01 1.802775637731994607e+01 1.315294643796590535e+01 3.008321791298264714e+01 2.879236009777593708e+01 2.193171219946130890e+01 1.920937271229854559e+01 2.236067977499789805e+00 1.503329637837290811e+01 7.615773105863908654e+00 1.627882059609970611e+01 1.100000000000000000e+01 3.423448553724738019e+01 2.483948469674844262e+01 1.627882059609970611e+01 2.140093455903269515e+01 3.448187929913333249e+01 0.000000000000000000e+00
