0.000000000000000000e+00 3.397057550292606010e+01 2.879236009777593708e+01 1.019803902718556898e+01 2.400000000000000000e+01 2.884441020371191300e+01 2.692582403567251959e+01 2.483948469674844262e+01 3.401470270338990076e+01 1.655294535724684835e+01 2.700000000000000000e+01 3.275667870831839679e+01 3.041381265149109936e+01 3.224903099319419653e+01 2.828427124746190202e+01 2.624880949681337583e+01 3.106444913401813324e+01 1.900000000000000000e+01 3.114482300479487265e+01 2.024845673131658685e+01 3.000000000000000000e+00 6.708203932499369415e+00
3.397057550292606010e+01 0.000000000000000000e+00 1.315294643796590535e+01 4.263801121065568367e+01 2.501999200639360765e+01 9.055385138137417300e+00 1.513274595042155646e+01 3.945883931389771959e+01 2.563201123595259290e+01 1.969771560359220786e+01 2.308679276123039159e+01 3.080584360149872580e+01 9.219544457292887074e+00 2.789265136196270589e+01 5.830951894845300743e+00 8.544003745317530374e+00 2.184032966784155505e+01 2.376972864800942631e+01 2.668332812825266842e+01 1.708800749063506075e+01 3.623534186398687496e+01 3.640054944640259293e+01
2.879236009777593708e+01 1.315294643796590535e+01 0.000000000000000000e+00 3.522782990761707111e+01 3.041381265149109936e+01 1.780449381476485726e+01 2.267156809750926882e+01 2.720294101747088789e+01 1.303840481040529831e+01 2.061552812808830382e+01 1.000000000000000000e+01 1.772004514666934938e+01 4.000000000000000000e+00 1.486606874731850603e+01 1.220655561573370207e+01 1.414213562373095101e+01 8.944271909999159220e+00 1.280624847486569706e+01 1.360147050873544394e+01 8.544003745317530374e+00 3.162277660168379256e+01 2.884441020371191300e+01
1.019803902718556898e+01 4.263801121065568367e+01 3.522782990761707111e+01 0.000000000000000000e+00 3.405877273185280529e+01 3.847076812334268681e+01 3.700000000000000000e+01 2.184032966784155505e+01 3.710795063055894616e+01 2.657066051117284644e+01 3.067572330035593353e+01 3.413209633175202384e+01 3.764306044943742080e+01 3.452535300326413648e+01 3.720215047547655018e+01 3.551056180912940619e+01 3.511409973215887703e+01 2.325940669922601600e+01 3.373425558686599857e+01 2.701851217221259205e+01 1.004987562112088995e+01 6.403124237432848531e+00
2.400000000000000000e+01 2.501999200639360765e+01 3.041381265149109936e+01 3.405877273185280529e+01 0.000000000000000000e+00 1.600000000000000000e+01 1.004987562112088995e+01 4.428317965096906050e+01 4.220189569201838253e+01 1.140175425099137918e+01 3.612478373637688378e+01 4.455333881989092504e+01 2.879236009777593708e+01 4.252058325093859992e+01 2.039607805437113797e+01 1.746424919657297892e+01 3.801315561749642313e+01 3.061045573002793319e+01 4.110960958218893069e+01 2.549509756796392423e+01 2.418677324489564739e+01 3.014962686336266984e+01
2.884441020371191300e+01 9.055385138137417300e+00 1.780449381476485726e+01 3.847076812334268681e+01 1.600000000000000000e+01 0.000000000000000000e+00 6.082762530298219339e+00 4.011234224026316042e+01 3.080584360149872580e+01 1.272792206135785520e+01 2.640075756488817049e+01 3.488552708502481892e+01 1.486606874731850603e+01 3.224903099319419653e+01 5.656854249492380582e+00 4.123105625617660586e+00 2.662705391138869615e+01 2.418677324489564739e+01 3.088689042296100240e+01 1.726267650163206824e+01 3.061045573002793319e+01 3.269556544854363267e+01
2.692582403567251959e+01 1.513274595042155646e+01 2.267156809750926882e+01 3.700000000000000000e+01 1.004987562112088995e+01 6.082762530298219339e+00 0.000000000000000000e+00 4.197618372363071160e+01 3.538361202590826338e+01 1.044030650891055068e+01 3.023243291566194912e+01 3.883297567789519888e+01 2.024845673131658685e+01 3.640054944640259293e+01 1.118033988749894903e+01 8.602325267042626677e+00 3.114482300479487265e+01 2.657066051117284644e+01 3.500000000000000000e+01 2.012461179749810825e+01 2.817800560721074277e+01 3.178049716414140846e+01
2.483948469674844262e+01 3.945883931389771959e+01 2.720294101747088789e+01 2.184032966784155505e+01 4.428317965096906050e+01 4.011234224026316042e+01 4.197618372363071160e+01 0.000000000000000000e+00 2.121320343559642652e+01 3.324154027718932269e+01 1.788854381999831844e+01 1.581138830084189628e+01 3.104834939252004844e+01 1.769180601295413169e+01 3.601388621073821383e+01 3.605551275463989214e+01 2.163330765278393741e+01 1.600000000000000000e+01 1.769180601295413169e+01 2.300000000000000000e+01 2.720294101747088789e+01 1.886796226411320632e+01
3.401470270338990076e+01 2.563201123595259290e+01 1.303840481040529831e+01 3.710795063055894616e+01 4.220189569201838253e+01 3.080584360149872580e+01 3.538361202590826338e+01 2.121320343559642652e+01 0.000000000000000000e+00 3.138470965295043058e+01 7.071067811865475505e+00 6.324555320336759046e+00 1.655294535724684835e+01 3.605551275463989125e+00 2.523885892824792521e+01 2.701851217221259205e+01 4.242640687119284770e+00 1.503329637837290811e+01 3.605551275463989125e+00 1.700000000000000000e+01 3.701351104664349378e+01 3.140063693621516450e+01
1.655294535724684835e+01 1.969771560359220786e+01 2.061552812808830382e+01 2.657066051117284644e+01 1.140175425099137918e+01 1.272792206135785520e+01 1.044030650891055068e+01 3.324154027718932269e+01 3.138470965295043058e+01 0.000000000000000000e+00 2.500000000000000000e+01 3.330165161069342616e+01 2.002498439450078749e+01 3.140063693621516450e+01 1.392838827718411920e+01 1.118033988749894903e+01 2.729468812791236232e+01 1.920937271229854559e+01 3.000000000000000000e+01 1.442220510185595650e+01 1.802775637731994607e+01 2.137755832643194864e+01
2.700000000000000000e+01 2.308679276123039159e+01 1.000000000000000000e+01 3.067572330035593353e+01 3.612478373637688378e+01 2.640075756488817049e+01 3.023243291566194912e+01 1.788854381999831844e+01 7.071067811865475505e+00 2.500000000000000000e+01 0.000000000000000000e+00 8.602325267042626677e+00 1.400000000000000000e+01 6.403124237432848531e+00 2.118962010041709121e+01 2.236067977499789805e+01 4.472135954999579610e+00 8.000000000000000000e+00 5.000000000000000000e+00 1.063014581273464998e+01 3.000000000000000000e+01 2.473863375370596174e+01
3.275667870831839679e+01 3.080584360149872580e+01 1.772004514666934938e+01 3.413209633175202384e+01 4.455333881989092504e+01 3.488552708502481892e+01 3.883297567789519888e+01 1.581138830084189628e+01 6.324555320336759046e+00 3.330165161069342616e+01 8.602325267042626677e+00 0.000000000000000000e+00 2.158703314492290204e+01 3.000000000000000000e+00 2.954657340538831534e+01 3.088689042296100240e+01 9.055385138137417300e+00 1.476482306023340030e+01 4.123105625617660586e+00 1.910497317454279909e+01 3.569313659514949677e+01 2.901723625709381693e+01
3.041381265149109936e+01 9.219544457292887074e+00 4.000000000000000000e+00 3.764306044943742080e+01 2.879236009777593708e+01 1.486606874731850603e+01 2.024845673131658685e+01 3.104834939252004844e+01 1.655294535724684835e+01 2.002498439450078749e+01 1.400000000000000000e+01 2.158703314492290204e+01 0.000000000000000000e+00 1.868154169226940553e+01 9.219544457292887074e+00 1.166190378969060149e+01 1.264911064067351809e+01 1.612451549659709826e+01 1.746424919657297892e+01 1.063014581273464998e+01 3.310589071449369669e+01 3.124099870362661591e+01
3.224903099319419653e+01 2.789265136196270589e+01 1.486606874731850603e+01 3.452535300326413648e+01 4.252058325093859992e+01 3.224903099319419653e+01 3.640054944640259293e+01 1.769180601295413169e+01 3.605551275463989125e+00 3.140063693621516450e+01 6.403124237432848531e+00 3.000000000000000000e+00 1.868154169226940553e+01 0.000000000000000000e+00 2.683281572999747766e+01 2.830194339616981125e+01 6.082762530298219339e+00 1.360147050873544394e+01 1.414213562373095145e+00 1.702938636592640265e+01 3.522782990761707111e+01 2.906888370749726747e+01
2.828427124746190202e+01 5.830951894845300743e+00 1.220655561573370207e+01 3.720215047547655018e+01 2.039607805437113797e+01 5.656854249492380582e+00 1.118033988749894903e+01 3.601388621073821383e+01 2.523885892824792521e+01 1.392838827718411920e+01 2.118962010041709121e+01 2.954657340538831534e+01 9.219544457292887074e+00 2.683281572999747766e+01 0.000000000000000000e+00 3.000000000000000000e+00 2.109502310972898798e+01 2.002498439450078749e+01 2.549509756796392423e+01 1.303840481040529831e+01 3.047950130825634218e+01 3.106444913401813324e+01
2.624880949681337583e+01 8.544003745317530374e+00 1.414213562373095101e+01 3.551056180912940619e+01 1.746424919657297892e+01 4.123105625617660586e+00 8.602325267042626677e+00 3.605551275463989214e+01 2.701851217221259205e+01 1.118033988749894903e+01 2.236067977499789805e+01 3.088689042296100240e+01 1.166190378969060149e+01 2.830194339616981125e+01 3.000000000000000000e+00 0.000000000000000000e+00 2.280350850198275836e+01 2.009975124224177989e+01 2.692582403567251959e+01 1.315294643796590535e+01 2.828427124746190202e+01 2.952964612046680060e+01
3.106444913401813324e+01 2.184032966784155505e+01 8.944271909999159220e+00 3.511409973215887703e+01 3.801315561749642313e+01 2.662705391138869615e+01 3.114482300479487265e+01 2.163330765278393741e+01 4.242640687119284770e+00 2.729468812791236232e+01 4.472135954999579610e+00 9.055385138137417300e+00 1.264911064067351809e+01 6.082762530298219339e+00 2.109502310972898798e+01 2.280350850198275836e+01 0.000000000000000000e+00 1.216552506059643868e+01 5.000000000000000000e+00 1.300000000000000000e+01 3.405877273185280529e+01 2.912043955712207222e+01
1.900000000000000000e+01 2.376972864800942631e+01 1.280624847486569706e+01 2.325940669922601600e+01 3.061045573002793319e+01 2.418677324489564739e+01 2.657066051117284644e+01 1.600000000000000000e+01 1.503329637837290811e+01 1.920937271229854559e+01 8.000000000000000000e+00 1.476482306023340030e+01 1.612451549659709826e+01 1.360147050873544394e+01 2.002498439450078749e+01 2.009975124224177989e+01 1.216552506059643868e+01 0.000000000000000000e+00 1.236931687685298087e+01 7.000000000000000000e+00 2.200000000000000000e+01 1.708800749063506075e+01
3.114482300479487265e+01 2.668332812825266842e+01 1.360147050873544394e+01 3.373425558686599857e+01 4.110960958218893069e+01 3.088689042296100240e+01 3.500000000000000000e+01 1.769180601295413169e+01 3.605551275463989125e+00 3.000000000000000000e+01 5.000000000000000000e+00 4.123105625617660586e+00 1.746424919657297892e+01 1.414213562373095145e+00 2.549509756796392423e+01 2.692582403567251959e+01 5.000000000000000000e+00 1.236931687685298087e+01 0.000000000000000000e+00 1.562049935181330795e+01 3.413209633175202384e+01 2.816025568065744622e+01
2.024845673131658685e+01 1.708800749063506075e+01 8.544003745317530374e+00 2.701851217221259205e+01 2.549509756796392423e+01 1.726267650163206824e+01 2.012461179749810825e+01 2.300000000000000000e+01 1.700000000000000000e+01 1.442220510185595650e+01 1.063014581273464998e+01 1.910497317454279909e+01 1.063014581273464998e+01 1.702938636592640265e+01 1.303840481040529831e+01 1.315294643796590535e+01 1.300000000000000000e+01 7.000000000000000000e+00 1.562049935181330795e+01 0.000000000000000000e+00 2.308679276123039159e+01 2.061552812808830382e+01
3.000000000000000000e+00 3.623534186398687496e+01 3.162277660168379256e+01 1.004987562112088995e+01 2.418677324489564739e+01 3.061045573002793319e+01 2.817800560721074277e+01 2.720294101747088789e+01 3.701351104664349378e+01 1.802775637731994607e+01 3.000000000000000000e+01 3.569313659514949677e+01 3.310589071449369669e+01 3.522782990761707111e+01 3.047950130825634218e+01 2.828427124746190202e+01 3.405877273185280529e+01 2.200000000000000000e+01 3.413209633175202384e+01 2.308679276123039159e+01 0.000000000000000000e+00 8.485281374238569541e+00
6.708203932499369415e+00 3.640054944640259293e+01 2.884441020371191300e+01 6.403124237432848531e+00 3.014962686336266984e+01 3.269556544854363267e+01 3.178049716414140846e+01 1.886796226411320632e+01 3.140063693621516450e+01 2.137755832643194864e+01 2.473863375370596174e+01 2.901723625709381693e+01 3.124099870362661591e+01 2.906888370749726747e+01 3.106444913401813324e+01 2.952964612046680060e+01 2.912043955712207222e+01 1.708800749063506075e+01 2.816025568065744622e+01 2.061552812808830382e+01 8.485281374238569541e+00 0.000000000000000000e+00
