0.000000000000000000e+00 3.324154027718932269e+01 3.744329045369811126e+01 6.708203932499369415e+00 4.162931659299729859e+01 5.385164807134503739e+00 2.147091055358388800e+01 2.236067977499789805e+00 1.236931687685298087e+01 3.383784863137726262e+01 3.736308338453881106e+01 4.000000000000000000e+01 2.282542442102665348e+01 3.748332962798262713e+01 2.061552812808830382e+01 3.522782990761707111e+01 3.613862199918530393e+01 3.891015291668743714e+01 9.899494936611665352e+00 2.707397274136176790e+01 7.211102550927978250e+00 1.897366596101027625e+01
3.324154027718932269e+01 0.000000000000000000e+00 1.204159457879229578e+01 3.807886552931954327e+01 1.000000000000000000e+01 2.789265136196270589e+01 1.303840481040529831e+01 3.289376840679705083e+01 2.915475947422650194e+01 1.077032961426900748e+01 4.123105625617660586e+00 1.204159457879229578e+01 1.216552506059643868e+01 1.581138830084189628e+01 1.264911064067351809e+01 5.830951894845300743e+00 3.000000000000000000e+00 8.544003745317530374e+00 2.968164415931165934e+01 1.208304597359457233e+01 2.647640458974745314e+01 2.051828452868319275e+01
3.744329045369811126e+01 1.204159457879229578e+01 0.000000000000000000e+00 4.341658669218482203e+01 8.062257748298549132e+00 3.220248437620923454e+01 1.627882059609970611e+01 3.780211634287159939e+01 2.941088233970548416e+01 3.605551275463989125e+00 1.208304597359457233e+01 2.284731931759172596e+01 1.486606874731850603e+01 2.765863337187866122e+01 1.941648783894759944e+01 1.746424919657297892e+01 1.264911064067351809e+01 5.656854249492380582e+00 3.687817782917154830e+01 2.334523505985750447e+01 3.023243291566194912e+01 2.996664812754339380e+01
6.708203932499369415e+00 3.807886552931954327e+01 4.341658669218482203e+01 0.000000000000000000e+00 4.701063709417263681e+01 1.131370849898476116e+01 2.720294101747088789e+01 5.656854249492380582e+00 1.897366596101027625e+01 3.982461550347975532e+01 4.215447781671598193e+01 4.341658669218482203e+01 2.860069929215018192e+01 4.000000000000000000e+01 2.549509756796392423e+01 3.929376540877699853e+01 4.085339643163099055e+01 4.441846462902562109e+01 1.004987562112088995e+01 3.026549190084311292e+01 1.345362404707370985e+01 2.100000000000000000e+01
4.162931659299729859e+01 1.000000000000000000e+01 8.062257748298549132e+00 4.701063709417263681e+01 0.000000000000000000e+00 3.624913792078371699e+01 2.024845673131658685e+01 4.159326868617084472e+01 3.535533905932737753e+01 1.019803902718556898e+01 7.280109889280518054e+00 1.711724276862369010e+01 1.897366596101027625e+01 2.302172886644267535e+01 2.163330765278393741e+01 1.334166406412633421e+01 8.544003745317530374e+00 3.000000000000000000e+00 3.920459156782531807e+01 2.195449840010014952e+01 3.453983207834108526e+01 3.047950130825634218e+01
5.385164807134503739e+00 2.789265136196270589e+01 3.220248437620923454e+01 1.131370849898476116e+01 3.624913792078371699e+01 0.000000000000000000e+00 1.612451549659709826e+01 5.656854249492380582e+00 1.019803902718556898e+01 2.860069929215018192e+01 3.201562118716424266e+01 3.505709628591620941e+01 1.749285568453590045e+01 3.298484500494128469e+01 1.529705854077835525e+01 3.006659275674581622e+01 3.080584360149872580e+01 3.354101966249684352e+01 9.219544457292887074e+00 2.236067977499789805e+01 2.236067977499789805e+00 1.526433752247374720e+01
2.147091055358388800e+01 1.303840481040529831e+01 1.627882059609970611e+01 2.720294101747088789e+01 2.024845673131658685e+01 1.612451549659709826e+01 0.000000000000000000e+00 2.163330765278393741e+01 1.612451549659709826e+01 1.272792206135785520e+01 1.700000000000000000e+01 2.325940669922601600e+01 1.414213562373095145e+00 2.408318915758459156e+01 5.099019513592784492e+00 1.708800749063506075e+01 1.603121954188139853e+01 1.746424919657297892e+01 2.080865204668481283e+01 1.442220510185595650e+01 1.431782106327635340e+01 1.603121954188139853e+01
2.236067977499789805e+00 3.289376840679705083e+01 3.780211634287159939e+01 5.656854249492380582e+00 4.159326868617084472e+01 5.656854249492380582e+00 2.163330765278393741e+01 0.000000000000000000e+00 1.414213562373095101e+01 3.420526275297414287e+01 3.700000000000000000e+01 3.905124837953326988e+01 2.302172886644267535e+01 3.622154055254966920e+01 2.024845673131658685e+01 3.452535300326413648e+01 3.573513677041127323e+01 3.894868418830089496e+01 7.810249675906653977e+00 2.600000000000000000e+01 7.810249675906653977e+00 1.746424919657297892e+01
1.236931687685298087e+01 2.915475947422650194e+01 2.941088233970548416e+01 1.897366596101027625e+01 3.535533905932737753e+01 1.019803902718556898e+01 1.612451549659709826e+01 1.414213562373095101e+01 0.000000000000000000e+00 2.596150997149434048e+01 3.306055050963308162e+01 3.889730067755344578e+01 1.702938636592640265e+01 3.847076812334268681e+01 1.838477631085023489e+01 3.298484500494128469e+01 3.214031735997639316e+01 3.238826948140329165e+01 1.941648783894759944e+01 2.778488797889960793e+01 8.544003745317530374e+00 2.343074902771996193e+01
3.383784863137726262e+01 1.077032961426900748e+01 3.605551275463989125e+00 3.982461550347975532e+01 1.019803902718556898e+01 2.860069929215018192e+01 1.272792206135785520e+01 3.420526275297414287e+01 2.596150997149434048e+01 0.000000000000000000e+00 1.204159457879229578e+01 2.247220505424423109e+01 1.131370849898476116e+01 2.657066051117284644e+01 1.612451549659709826e+01 1.655294535724684835e+01 1.220655561573370207e+01 7.280109889280518054e+00 3.342154993413680586e+01 2.102379604162863913e+01 2.662705391138869615e+01 2.692582403567251959e+01
3.736308338453881106e+01 4.123105625617660586e+00 1.208304597359457233e+01 4.215447781671598193e+01 7.280109889280518054e+00 3.201562118716424266e+01 1.700000000000000000e+01 3.700000000000000000e+01 3.306055050963308162e+01 1.204159457879229578e+01 0.000000000000000000e+00 1.077032961426900748e+01 1.603121954188139853e+01 1.603121954188139853e+01 1.676305461424021104e+01 6.082762530298219339e+00 1.414213562373095145e+00 7.071067811865475505e+00 3.361547262794321966e+01 1.500000000000000000e+01 3.059411708155671050e+01 2.408318915758459156e+01
4.000000000000000000e+01 1.204159457879229578e+01 2.284731931759172596e+01 4.341658669218482203e+01 1.711724276862369010e+01 3.505709628591620941e+01 2.325940669922601600e+01 3.905124837953326988e+01 3.889730067755344578e+01 2.247220505424423109e+01 1.077032961426900748e+01 0.000000000000000000e+00 2.282542442102665348e+01 6.708203932499369415e+00 2.061552812808830382e+01 6.403124237432848531e+00 1.029563014098700080e+01 1.772004514666934938e+01 3.373425558686599857e+01 1.315294643796590535e+01 3.423448553724738019e+01 2.280350850198275836e+01
2.282542442102665348e+01 1.216552506059643868e+01 1.486606874731850603e+01 2.860069929215018192e+01 1.897366596101027625e+01 1.749285568453590045e+01 1.414213562373095145e+00 2.302172886644267535e+01 1.702938636592640265e+01 1.131370849898476116e+01 1.603121954188139853e+01 2.282542442102665348e+01 0.000000000000000000e+00 2.404163056034261459e+01 6.000000000000000000e+00 1.655294535724684835e+01 1.513274595042155646e+01 1.615549442140351033e+01 2.220360331117451835e+01 1.476482306023340030e+01 1.565247584249852864e+01 1.711724276862369010e+01
3.748332962798262713e+01 1.581138830084189628e+01 2.765863337187866122e+01 4.000000000000000000e+01 2.302172886644267535e+01 3.298484500494128469e+01 2.408318915758459156e+01 3.622154055254966920e+01 3.847076812334268681e+01 2.657066051117284644e+01 1.603121954188139853e+01 6.708203932499369415e+00 2.404163056034261459e+01 0.000000000000000000e+00 2.024845673131658685e+01 1.019803902718556898e+01 1.513274595042155646e+01 2.308679276123039159e+01 3.001666203960726875e+01 1.077032961426900748e+01 3.257299494980465937e+01 1.900000000000000000e+01
2.061552812808830382e+01 1.264911064067351809e+01 1.941648783894759944e+01 2.549509756796392423e+01 2.163330765278393741e+01 1.529705854077835525e+01 5.099019513592784492e+00 2.024845673131658685e+01 1.838477631085023489e+01 1.612451549659709826e+01 1.676305461424021104e+01 2.061552812808830382e+01 6.000000000000000000e+00 2.024845673131658685e+01 0.000000000000000000e+00 1.503329637837290811e+01 1.552417469626002422e+01 1.920937271229854559e+01 1.769180601295413169e+01 9.899494936611665352e+00 1.403566884761819900e+01 1.118033988749894903e+01
3.522782990761707111e+01 5.830951894845300743e+00 1.746424919657297892e+01 3.929376540877699853e+01 1.334166406412633421e+01 3.006659275674581622e+01 1.708800749063506075e+01 3.452535300326413648e+01 3.298484500494128469e+01 1.655294535724684835e+01 6.082762530298219339e+00 6.403124237432848531e+00 1.655294535724684835e+01 1.019803902718556898e+01 1.503329637837290811e+01 0.000000000000000000e+00 5.000000000000000000e+00 1.300000000000000000e+01 3.008321791298264714e+01 1.000000000000000000e+01 2.900000000000000000e+01 1.972308292331602075e+01
3.613862199918530393e+01 3.000000000000000000e+00 1.264911064067351809e+01 4.085339643163099055e+01 8.544003745317530374e+00 3.080584360149872580e+01 1.603121954188139853e+01 3.573513677041127323e+01 3.214031735997639316e+01 1.220655561573370207e+01 1.414213562373095145e+00 1.029563014098700080e+01 1.513274595042155646e+01 1.513274595042155646e+01 1.552417469626002422e+01 5.000000000000000000e+00 0.000000000000000000e+00 8.000000000000000000e+00 3.224903099319419653e+01 1.360147050873544394e+01 2.942787793912432193e+01 2.267156809750926882e+01
3.891015291668743714e+01 8.544003745317530374e+00 5.656854249492380582e+00 4.441846462902562109e+01 3.000000000000000000e+00 3.354101966249684352e+01 1.746424919657297892e+01 3.894868418830089496e+01 3.238826948140329165e+01 7.280109889280518054e+00 7.071067811865475505e+00 1.772004514666934938e+01 1.615549442140351033e+01 2.308679276123039159e+01 1.920937271229854559e+01 1.300000000000000000e+01 8.000000000000000000e+00 0.000000000000000000e+00 3.687817782917154830e+01 2.061552812808830382e+01 3.178049716414140846e+01 2.860069929215018192e+01
9.899494936611665352e+00 2.968164415931165934e+01 3.687817782917154830e+01 1.004987562112088995e+01 3.920459156782531807e+01 9.219544457292887074e+00 2.080865204668481283e+01 7.810249675906653977e+00 1.941648783894759944e+01 3.342154993413680586e+01 3.361547262794321966e+01 3.373425558686599857e+01 2.220360331117451835e+01 3.001666203960726875e+01 1.769180601295413169e+01 3.008321791298264714e+01 3.224903099319419653e+01 3.687817782917154830e+01 0.000000000000000000e+00 2.061552812808830382e+01 1.104536101718726115e+01 1.104536101718726115e+01
2.707397274136176790e+01 1.208304597359457233e+01 2.334523505985750447e+01 3.026549190084311292e+01 2.195449840010014952e+01 2.236067977499789805e+01 1.442220510185595650e+01 2.600000000000000000e+01 2.778488797889960793e+01 2.102379604162863913e+01 1.500000000000000000e+01 1.315294643796590535e+01 1.476482306023340030e+01 1.077032961426900748e+01 9.899494936611665352e+00 1.000000000000000000e+01 1.360147050873544394e+01 2.061552812808830382e+01 2.061552812808830382e+01 0.000000000000000000e+00 2.184032966784155505e+01 9.848857801796103928e+00
7.211102550927978250e+00 2.647640458974745314e+01 3.023243291566194912e+01 1.345362404707370985e+01 3.453983207834108526e+01 2.236067977499789805e+00 1.431782106327635340e+01 7.810249675906653977e+00 8.544003745317530374e+00 2.662705391138869615e+01 3.059411708155671050e+01 3.423448553724738019e+01 1.565247584249852864e+01 3.257299494980465937e+01 1.403566884761819900e+01 2.900000000000000000e+01 2.942787793912432193e+01 3.178049716414140846e+01 1.104536101718726115e+01 2.184032966784155505e+01 0.000000000000000000e+00 1.562049935181330795e+01
1.897366596101027625e+01 2.051828452868319275e+01 2.996664812754339380e+01 2.100000000000000000e+01 3.047950130825634218e+01 1.526433752247374720e+01 1.603121954188139853e+01 1.746424919657297892e+01 2.343074902771996193e+01 2.692582403567251959e+01 2.408318915758459156e+01 2.280350850198275836e+01 1.711724276862369010e+01 1.900000000000000000e+01 1.118033988749894903e+01 1.972308292331602075e+01 2.267156809750926882e+01 2.860069929215018192e+01 1.104536101718726115e+01 9.848857801796103928e+00 1.562049935181330795e+01 0.000000000000000000e+00
