0.000000000000000000e+00 5.385164807134503739e+00 1.280624847486569706e+01 3.324154027718932269e+01 2.973213749463701205e+01 1.581138830084189628e+01 2.751363298439520833e+01 9.899494936611665352e+00 1.392838827718411920e+01 3.001666203960726875e+01 1.220655561573370207e+01 2.600000000000000000e+01 3.228002478313794654e+01 3.214031735997639316e+01 3.605551275463989125e+00 2.954657340538831534e+01 7.810249675906653977e+00 1.711724276862369010e+01 2.340939982143925135e+01 2.451530134426252516e+01 2.624880949681337583e+01 1.204159457879229578e+01 1.529705854077835525e+01 3.298484500494128469e+01
5.385164807134503739e+00 0.000000000000000000e+00 8.544003745317530374e+00 2.983286778035259701e+01 2.647640458974745314e+01 1.170469991071962568e+01 2.778488797889960793e+01 1.300000000000000000e+01 1.063014581273464998e+01 3.124099870362661591e+01 1.581138830084189628e+01 2.662705391138869615e+01 3.220248437620923454e+01 3.006659275674581622e+01 3.162277660168379523e+00 2.596150997149434048e+01 1.077032961426900748e+01 2.236067977499789805e+01 2.385372088375312671e+01 2.416609194718914466e+01 2.641968962724581260e+01 1.166190378969060149e+01 2.061552812808830382e+01 3.014962686336266984e+01
1.280624847486569706e+01 8.544003745317530374e+00 0.000000000000000000e+00 2.137755832643194864e+01 1.811077027627483460e+01 3.162277660168379523e+00 2.334523505985750447e+01 1.529705854077835525e+01 1.581138830084189628e+01 2.801785145224380003e+01 1.824828759089465890e+01 2.280350850198275836e+01 2.701851217221259205e+01 2.256102834535695578e+01 9.219544457292887074e+00 1.746424919657297892e+01 1.360147050873544394e+01 2.773084924772409465e+01 2.000000000000000000e+01 1.910497317454279909e+01 2.193171219946130890e+01 9.219544457292887074e+00 2.641968962724581260e+01 2.200000000000000000e+01
3.324154027718932269e+01 2.983286778035259701e+01 2.137755832643194864e+01 0.000000000000000000e+00 3.605551275463989125e+00 1.824828759089465890e+01 2.158703314492290204e+01 3.061045573002793319e+01 3.601388621073821383e+01 2.745906043549196340e+01 3.255764119219941222e+01 2.308679276123039159e+01 2.100000000000000000e+01 9.055385138137417300e+00 2.973213749463701205e+01 4.000000000000000000e+00 3.023243291566194912e+01 4.393176527297759293e+01 2.193171219946130890e+01 1.838477631085023489e+01 2.088061301782110135e+01 2.302172886644267535e+01 4.341658669218482203e+01 4.123105625617660586e+00
2.973213749463701205e+01 2.647640458974745314e+01 1.811077027627483460e+01 3.605551275463989125e+00 0.000000000000000000e+00 1.503329637837290811e+01 1.910497317454279909e+01 2.701851217221259205e+01 3.313608305156178346e+01 2.507987240796890660e+01 2.900000000000000000e+01 2.039607805437113797e+01 1.923538406167134340e+01 8.062257748298549132e+00 2.624880949681337583e+01 2.236067977499789805e+00 2.662705391138869615e+01 4.036087214122112954e+01 1.897366596101027625e+01 1.552417469626002422e+01 1.824828759089465890e+01 1.941648783894759944e+01 3.982461550347975532e+01 4.472135954999579610e+00
1.581138830084189628e+01 1.170469991071962568e+01 3.162277660168379523e+00 1.824828759089465890e+01 1.503329637837290811e+01 0.000000000000000000e+00 2.220360331117451835e+01 1.708800749063506075e+01 1.843908891458577415e+01 2.729468812791236232e+01 1.992485884517127559e+01 2.195449840010014952e+01 2.545584412271571040e+01 1.992485884517127559e+01 1.220655561573370207e+01 1.431782106327635340e+01 1.565247584249852864e+01 3.001666203960726875e+01 1.923538406167134340e+01 1.780449381476485726e+01 2.080865204668481283e+01 1.004987562112088995e+01 2.884441020371191300e+01 1.902629759044044633e+01
2.751363298439520833e+01 2.778488797889960793e+01 2.334523505985750447e+01 2.158703314492290204e+01 1.910497317454279909e+01 2.220360331117451835e+01 0.000000000000000000e+00 1.910497317454279909e+01 3.801315561749642313e+01 6.000000000000000000e+00 1.902629759044044633e+01 2.236067977499789805e+00 5.000000000000000000e+00 1.341640786499873883e+01 2.549509756796392423e+01 2.102379604162863913e+01 2.039607805437113797e+01 2.912043955712207222e+01 4.123105625617660586e+00 4.472135954999579610e+00 1.414213562373095145e+00 1.612451549659709826e+01 2.961418578992169515e+01 1.802775637731994607e+01
9.899494936611665352e+00 1.300000000000000000e+01 1.529705854077835525e+01 3.061045573002793319e+01 2.701851217221259205e+01 1.708800749063506075e+01 1.910497317454279909e+01 0.000000000000000000e+00 2.332380757938120297e+01 2.061552812808830382e+01 3.000000000000000000e+00 1.726267650163206824e+01 2.408318915758459156e+01 2.692582403567251959e+01 9.848857801796103928e+00 2.758622844826744469e+01 2.236067977499789805e+00 1.345362404707370985e+01 1.503329637837290811e+01 1.711724276862369010e+01 1.802775637731994607e+01 7.810249675906653977e+00 1.280624847486569706e+01 2.915475947422650194e+01
1.392838827718411920e+01 1.063014581273464998e+01 1.581138830084189628e+01 3.601388621073821383e+01 3.313608305156178346e+01 1.843908891458577415e+01 3.801315561749642313e+01 2.332380757938120297e+01 0.000000000000000000e+00 4.177319714841084419e+01 2.594224354214569317e+01 3.701351104664349378e+01 4.219004621945797595e+01 3.832753579347360073e+01 1.360147050873544394e+01 3.201562118716424266e+01 2.109502310972898798e+01 3.014962686336266984e+01 3.420526275297414287e+01 3.413209633175202384e+01 3.661966684720110976e+01 2.202271554554523902e+01 2.807133769523639799e+01 3.733630940518894192e+01
3.001666203960726875e+01 3.124099870362661591e+01 2.801785145224380003e+01 2.745906043549196340e+01 2.507987240796890660e+01 2.729468812791236232e+01 6.000000000000000000e+00 2.061552812808830382e+01 4.177319714841084419e+01 0.000000000000000000e+00 1.964688270438849926e+01 5.385164807134503739e+00 7.810249675906653977e+00 1.897366596101027625e+01 2.860069929215018192e+01 2.701851217221259205e+01 2.236067977499789805e+01 2.807133769523639799e+01 8.062257748298549132e+00 1.019803902718556898e+01 7.071067811865475505e+00 1.979898987322333070e+01 2.900000000000000000e+01 2.376972864800942631e+01
1.220655561573370207e+01 1.581138830084189628e+01 1.824828759089465890e+01 3.255764119219941222e+01 2.900000000000000000e+01 1.992485884517127559e+01 1.902629759044044633e+01 3.000000000000000000e+00 2.594224354214569317e+01 1.964688270438849926e+01 0.000000000000000000e+00 1.700000000000000000e+01 2.402082429892862692e+01 2.817800560721074277e+01 1.264911064067351809e+01 2.973213749463701205e+01 5.099019513592784492e+00 1.140175425099137918e+01 1.513274595042155646e+01 1.772004514666934938e+01 1.811077027627483460e+01 1.029563014098700080e+01 1.118033988749894903e+01 3.080584360149872580e+01
2.600000000000000000e+01 2.662705391138869615e+01 2.280350850198275836e+01 2.308679276123039159e+01 2.039607805437113797e+01 2.195449840010014952e+01 2.236067977499789805e+00 1.726267650163206824e+01 3.701351104664349378e+01 5.385164807134503739e+00 1.700000000000000000e+01 0.000000000000000000e+00 7.071067811865475505e+00 1.526433752247374720e+01 2.418677324489564739e+01 2.220360331117451835e+01 1.868154169226940553e+01 2.692582403567251959e+01 2.828427124746190291e+00 5.000000000000000000e+00 2.236067977499789805e+00 1.500000000000000000e+01 2.745906043549196340e+01 1.969771560359220786e+01
3.228002478313794654e+01 3.220248437620923454e+01 2.701851217221259205e+01 2.100000000000000000e+01 1.923538406167134340e+01 2.545584412271571040e+01 5.000000000000000000e+00 2.408318915758459156e+01 4.219004621945797595e+01 7.810249675906653977e+00 2.402082429892862692e+01 7.071067811865475505e+00 0.000000000000000000e+00 1.204159457879229578e+01 3.008321791298264714e+01 2.137755832643194864e+01 2.531797780234432693e+01 3.395585369269929288e+01 9.055385138137417300e+00 8.062257748298549132e+00 6.082762530298219339e+00 2.061552812808830382e+01 3.452535300326413648e+01 1.702938636592640265e+01
3.214031735997639316e+01 3.006659275674581622e+01 2.256102834535695578e+01 9.055385138137417300e+00 8.062257748298549132e+00 1.992485884517127559e+01 1.341640786499873883e+01 2.692582403567251959e+01 3.832753579347360073e+01 1.897366596101027625e+01 2.817800560721074277e+01 1.526433752247374720e+01 1.204159457879229578e+01 0.000000000000000000e+00 2.901723625709381693e+01 1.029563014098700080e+01 2.720294101747088789e+01 3.944616584663204151e+01 1.486606874731850603e+01 1.131370849898476116e+01 1.303840481040529831e+01 2.039607805437113797e+01 3.935733730830885690e+01 5.000000000000000000e+00
3.605551275463989125e+00 3.162277660168379523e+00 9.219544457292887074e+00 2.973213749463701205e+01 2.624880949681337583e+01 1.220655561573370207e+01 2.549509756796392423e+01 9.848857801796103928e+00 1.360147050873544394e+01 2.860069929215018192e+01 1.264911064067351809e+01 2.418677324489564739e+01 3.008321791298264714e+01 2.901723625709381693e+01 0.000000000000000000e+00 2.600000000000000000e+01 7.615773105863908654e+00 1.964688270438849926e+01 2.147091055358388800e+01 2.213594362117865444e+01 2.416609194718914466e+01 9.486832980505138124e+00 1.802775637731994607e+01 2.961418578992169515e+01
2.954657340538831534e+01 2.596150997149434048e+01 1.746424919657297892e+01 4.000000000000000000e+00 2.236067977499789805e+00 1.431782106327635340e+01 2.102379604162863913e+01 2.758622844826744469e+01 3.201562118716424266e+01 2.701851217221259205e+01 2.973213749463701205e+01 2.220360331117451835e+01 2.137755832643194864e+01 1.029563014098700080e+01 2.600000000000000000e+01 0.000000000000000000e+00 2.701851217221259205e+01 4.101219330881975367e+01 2.061552812808830382e+01 1.726267650163206824e+01 2.009975124224177989e+01 1.984943324127920761e+01 4.036087214122112954e+01 6.403124237432848531e+00
7.810249675906653977e+00 1.077032961426900748e+01 1.360147050873544394e+01 3.023243291566194912e+01 2.662705391138869615e+01 1.565247584249852864e+01 2.039607805437113797e+01 2.236067977499789805e+00 2.109502310972898798e+01 2.236067977499789805e+01 5.099019513592784492e+00 1.868154169226940553e+01 2.531797780234432693e+01 2.720294101747088789e+01 7.615773105863908654e+00 2.701851217221259205e+01 0.000000000000000000e+00 1.442220510185595650e+01 1.627882059609970611e+01 1.800000000000000000e+01 1.923538406167134340e+01 7.211102550927978250e+00 1.345362404707370985e+01 2.906888370749726747e+01
1.711724276862369010e+01 2.236067977499789805e+01 2.773084924772409465e+01 4.393176527297759293e+01 4.036087214122112954e+01 3.001666203960726875e+01 2.912043955712207222e+01 1.345362404707370985e+01 3.014962686336266984e+01 2.807133769523639799e+01 1.140175425099137918e+01 2.692582403567251959e+01 3.395585369269929288e+01 3.944616584663204151e+01 1.964688270438849926e+01 4.101219330881975367e+01 1.442220510185595650e+01 0.000000000000000000e+00 2.563201123595259290e+01 2.863564212655270680e+01 2.846049894151541437e+01 2.126029162546929996e+01 2.236067977499789805e+00 4.220189569201838253e+01
2.340939982143925135e+01 2.385372088375312671e+01 2.000000000000000000e+01 2.193171219946130890e+01 1.897366596101027625e+01 1.923538406167134340e+01 4.123105625617660586e+00 1.503329637837290811e+01 3.420526275297414287e+01 8.062257748298549132e+00 1.513274595042155646e+01 2.828427124746190291e+00 9.055385138137417300e+00 1.486606874731850603e+01 2.147091055358388800e+01 2.061552812808830382e+01 1.627882059609970611e+01 2.563201123595259290e+01 0.000000000000000000e+00 3.605551275463989125e+00 3.000000000000000000e+00 1.220655561573370207e+01 2.596150997149434048e+01 1.886796226411320632e+01
2.451530134426252516e+01 2.416609194718914466e+01 1.910497317454279909e+01 1.838477631085023489e+01 1.552417469626002422e+01 1.780449381476485726e+01 4.472135954999579610e+00 1.711724276862369010e+01 3.413209633175202384e+01 1.019803902718556898e+01 1.772004514666934938e+01 5.000000000000000000e+00 8.062257748298549132e+00 1.131370849898476116e+01 2.213594362117865444e+01 1.726267650163206824e+01 1.800000000000000000e+01 2.863564212655270680e+01 3.605551275463989125e+00 0.000000000000000000e+00 3.162277660168379523e+00 1.264911064067351809e+01 2.879236009777593708e+01 1.526433752247374720e+01
2.624880949681337583e+01 2.641968962724581260e+01 2.193171219946130890e+01 2.088061301782110135e+01 1.824828759089465890e+01 2.080865204668481283e+01 1.414213562373095145e+00 1.802775637731994607e+01 3.661966684720110976e+01 7.071067811865475505e+00 1.811077027627483460e+01 2.236067977499789805e+00 6.082762530298219339e+00 1.303840481040529831e+01 2.416609194718914466e+01 2.009975124224177989e+01 1.923538406167134340e+01 2.846049894151541437e+01 3.000000000000000000e+00 3.162277660168379523e+00 0.000000000000000000e+00 1.476482306023340030e+01 2.886173937932362321e+01 1.746424919657297892e+01
1.204159457879229578e+01 1.166190378969060149e+01 9.219544457292887074e+00 2.302172886644267535e+01 1.941648783894759944e+01 1.004987562112088995e+01 1.612451549659709826e+01 7.810249675906653977e+00 2.202271554554523902e+01 1.979898987322333070e+01 1.029563014098700080e+01 1.500000000000000000e+01 2.061552812808830382e+01 2.039607805437113797e+01 9.486832980505138124e+00 1.984943324127920761e+01 7.211102550927978250e+00 2.126029162546929996e+01 1.220655561573370207e+01 1.264911064067351809e+01 1.476482306023340030e+01 0.000000000000000000e+00 2.051828452868319275e+01 2.193171219946130890e+01
1.529705854077835525e+01 2.061552812808830382e+01 2.641968962724581260e+01 4.341658669218482203e+01 3.982461550347975532e+01 2.884441020371191300e+01 2.961418578992169515e+01 1.280624847486569706e+01 2.807133769523639799e+01 2.900000000000000000e+01 1.118033988749894903e+01 2.745906043549196340e+01 3.452535300326413648e+01 3.935733730830885690e+01 1.802775637731994607e+01 4.036087214122112954e+01 1.345362404707370985e+01 2.236067977499789805e+00 2.596150997149434048e+01 2.879236009777593708e+01 2.886173937932362321e+01 2.051828452868319275e+01 0.000000000000000000e+00 4.188078318274384770e+01
3.298484500494128469e+01 3.014962686336266984e+01 2.200000000000000000e+01 4.123105625617660586e+00 4.472135954999579610e+00 1.902629759044044633e+01 1.802775637731994607e+01 2.915475947422650194e+01 3.733630940518894192e+01 2.376972864800942631e+01 3.080584360149872580e+01 1.969771560359220786e+01 1.702938636592640265e+01 5.000000000000000000e+00 2.961418578992169515e+01 6.403124237432848531e+00 2.906888370749726747e+01 4.220189569201838253e+01 1.886796226411320632e+01 1.526433752247374720e+01 1.746424919657297892e+01 2.193171219946130890e+01 4.188078318274384770e+01 0.000000000000000000e+00
