0.000000000000000000e+00 2.607680962081059661e+01 1.081665382639196871e+01 2.435159132377184221e+01 1.500000000000000000e+01 4.123105625617660586e+00 6.403124237432848531e+00 1.204159457879229578e+01 7.211102550927978250e+00 4.000000000000000000e+00 2.334523505985750447e+01 2.408318915758459156e+01 2.828427124746190291e+00 1.204159457879229578e+01 1.019803902718556898e+01 2.220360331117451835e+01 7.071067811865475505e+00 2.828427124746190291e+00 1.476482306023340030e+01 8.062257748298549132e+00 1.442220510185595650e+01 7.071067811865475505e+00 1.389244398944980396e+01 2.801785145224380003e+01 1.640121946685672683e+01
2.607680962081059661e+01 0.000000000000000000e+00 3.383784863137726262e+01 1.044030650891055068e+01 3.956008088970496317e+01 2.202271554554523902e+01 3.014962686336266984e+01 3.551056180912940619e+01 2.009975124224177989e+01 2.668332812825266842e+01 1.802775637731994607e+01 1.612451549659709826e+01 2.433105012119287736e+01 3.640054944640259293e+01 2.529822128134703618e+01 2.061552812808830382e+01 3.301514803843835466e+01 2.800000000000000000e+01 3.478505426185217431e+01 3.132091952673165025e+01 2.059126028197400160e+01 1.902629759044044633e+01 1.664331697709323876e+01 3.605551275463989125e+00 1.941648783894759944e+01
1.081665382639196871e+01 3.383784863137726262e+01 0.000000000000000000e+00 2.901723625709381693e+01 6.000000000000000000e+00 1.414213562373095101e+01 1.414213562373095101e+01 1.726267650163206824e+01 1.769180601295413169e+01 7.810249675906653977e+00 3.405877273185280529e+01 3.465544690232691494e+01 1.063014581273464998e+01 3.162277660168379523e+00 2.061552812808830382e+01 3.301514803843835466e+01 1.004987562112088995e+01 1.170469991071962568e+01 2.202271554554523902e+01 2.828427124746190291e+00 2.523885892824792521e+01 1.640121946685672683e+01 1.811077027627483460e+01 3.492849839314595783e+01 2.720294101747088789e+01
2.435159132377184221e+01 1.044030650891055068e+01 2.901723625709381693e+01 0.000000000000000000e+00 3.501428280002319582e+01 2.102379604162863913e+01 2.996664812754339380e+01 3.577708763999663688e+01 2.080865204668481283e+01 2.334523505985750447e+01 2.596150997149434048e+01 2.451530134426252516e+01 2.184032966784155505e+01 3.200000000000000000e+01 2.765863337187866122e+01 2.785677655436823841e+01 3.132091952673165025e+01 2.692582403567251959e+01 3.661966684720110976e+01 2.701851217221259205e+01 2.500000000000000000e+01 1.835755975068581947e+01 1.104536101718726115e+01 8.602325267042626677e+00 2.469817807045693669e+01
1.500000000000000000e+01 3.956008088970496317e+01 6.000000000000000000e+00 3.501428280002319582e+01 0.000000000000000000e+00 1.886796226411320632e+01 1.612451549659709826e+01 1.726267650163206824e+01 2.220360331117451835e+01 1.300000000000000000e+01 3.820994634908559817e+01 3.905124837953326988e+01 1.565247584249852864e+01 3.162277660168379523e+00 2.360084744241189370e+01 3.679673898594819548e+01 1.118033988749894903e+01 1.486606874731850603e+01 2.256102834535695578e+01 8.246211251235321171e+00 2.900000000000000000e+01 2.147091055358388800e+01 2.408318915758459156e+01 4.079215610874227593e+01 3.111269837220809009e+01
4.123105625617660586e+00 2.202271554554523902e+01 1.414213562373095101e+01 2.102379604162863913e+01 1.886796226411320632e+01 0.000000000000000000e+00 8.944271909999159220e+00 1.476482306023340030e+01 3.605551275463989125e+00 6.403124237432848531e+00 2.000000000000000000e+01 2.051828452868319275e+01 3.605551275463989125e+00 1.581138830084189628e+01 9.219544457292887074e+00 1.923538406167134340e+01 1.100000000000000000e+01 6.082762530298219339e+00 1.627882059609970611e+01 1.131370849898476116e+01 1.170469991071962568e+01 3.000000000000000000e+00 1.131370849898476116e+01 2.408318915758459156e+01 1.341640786499873883e+01
6.403124237432848531e+00 3.014962686336266984e+01 1.414213562373095101e+01 2.996664812754339380e+01 1.612451549659709826e+01 8.944271909999159220e+00 0.000000000000000000e+00 5.830951894845300743e+00 1.004987562112088995e+01 9.848857801796103928e+00 2.332380757938120297e+01 2.459674775249768786e+01 9.219544457292887074e+00 1.392838827718411920e+01 7.810249675906653977e+00 2.140093455903269515e+01 5.000000000000000000e+00 3.605551275463989125e+00 8.544003745317530374e+00 1.200000000000000000e+01 1.389244398944980396e+01 1.170469991071962568e+01 2.000000000000000000e+01 3.255764119219941222e+01 1.612451549659709826e+01
1.204159457879229578e+01 3.551056180912940619e+01 1.726267650163206824e+01 3.577708763999663688e+01 1.726267650163206824e+01 1.476482306023340030e+01 5.830951894845300743e+00 0.000000000000000000e+00 1.552417469626002422e+01 1.500000000000000000e+01 2.657066051117284644e+01 2.816025568065744622e+01 1.486606874731850603e+01 1.600000000000000000e+01 1.118033988749894903e+01 2.416609194718914466e+01 7.280109889280518054e+00 9.219544457292887074e+00 5.385164807134503739e+00 1.581138830084189628e+01 1.746424919657297892e+01 1.746424919657297892e+01 2.580697580112788003e+01 3.807886552931954327e+01 1.964688270438849926e+01
7.211102550927978250e+00 2.009975124224177989e+01 1.769180601295413169e+01 2.080865204668481283e+01 2.220360331117451835e+01 3.605551275463989125e+00 1.004987562112088995e+01 1.552417469626002422e+01 0.000000000000000000e+00 1.000000000000000000e+01 1.640121946685672683e+01 1.697056274847713908e+01 7.211102550927978250e+00 1.920937271229854559e+01 7.211102550927978250e+00 1.565247584249852864e+01 1.334166406412633421e+01 8.246211251235321171e+00 1.581138830084189628e+01 1.486606874731850603e+01 8.246211251235321171e+00 3.162277660168379523e+00 1.252996408614166768e+01 2.256102834535695578e+01 9.848857801796103928e+00
4.000000000000000000e+00 2.668332812825266842e+01 7.810249675906653977e+00 2.334523505985750447e+01 1.300000000000000000e+01 6.403124237432848531e+00 9.848857801796103928e+00 1.500000000000000000e+01 1.000000000000000000e+01 0.000000000000000000e+00 2.640075756488817049e+01 2.690724809414741969e+01 2.828427124746190291e+00 9.848857801796103928e+00 1.414213562373095101e+01 2.555386467836127551e+01 8.602325267042626677e+00 6.324555320336759046e+00 1.838477631085023489e+01 5.000000000000000000e+00 1.788854381999831844e+01 8.602325267042626677e+00 1.236931687685298087e+01 2.816025568065744622e+01 1.972308292331602075e+01
2.334523505985750447e+01 1.802775637731994607e+01 3.405877273185280529e+01 2.596150997149434048e+01 3.820994634908559817e+01 2.000000000000000000e+01 2.332380757938120297e+01 2.657066051117284644e+01 1.640121946685672683e+01 2.640075756488817049e+01 0.000000000000000000e+00 2.236067977499789805e+00 2.360084744241189370e+01 3.535533905932737753e+01 1.565247584249852864e+01 3.162277660168379523e+00 2.801785145224380003e+01 2.343074902771996193e+01 2.334523505985750447e+01 3.124099870362661591e+01 9.433981132056603158e+00 1.835755975068581947e+01 2.433105012119287736e+01 2.163330765278393741e+01 7.211102550927978250e+00
2.408318915758459156e+01 1.612451549659709826e+01 3.465544690232691494e+01 2.451530134426252516e+01 3.905124837953326988e+01 2.051828452868319275e+01 2.459674775249768786e+01 2.816025568065744622e+01 1.697056274847713908e+01 2.690724809414741969e+01 2.236067977499789805e+00 0.000000000000000000e+00 2.408318915758459156e+01 3.612478373637688378e+01 1.708800749063506075e+01 5.385164807134503739e+00 2.915475947422650194e+01 2.441311123146740414e+01 2.517935662402834396e+01 3.182766092567909766e+01 1.077032961426900748e+01 1.860107523773827509e+01 2.376972864800942631e+01 1.972308292331602075e+01 8.544003745317530374e+00
2.828427124746190291e+00 2.433105012119287736e+01 1.063014581273464998e+01 2.184032966784155505e+01 1.565247584249852864e+01 3.605551275463989125e+00 9.219544457292887074e+00 1.486606874731850603e+01 7.211102550927978250e+00 2.828427124746190291e+00 2.360084744241189370e+01 2.408318915758459156e+01 0.000000000000000000e+00 1.252996408614166768e+01 1.200000000000000000e+01 2.282542442102665348e+01 9.486832980505138124e+00 5.656854249492380582e+00 1.749285568453590045e+01 7.810249675906653977e+00 1.523154621172781731e+01 5.830951894845300743e+00 1.118033988749894903e+01 2.601922366251537611e+01 1.700000000000000000e+01
1.204159457879229578e+01 3.640054944640259293e+01 3.162277660168379523e+00 3.200000000000000000e+01 3.162277660168379523e+00 1.581138830084189628e+01 1.392838827718411920e+01 1.600000000000000000e+01 1.920937271229854559e+01 9.848857801796103928e+00 3.535533905932737753e+01 3.612478373637688378e+01 1.252996408614166768e+01 0.000000000000000000e+00 2.109502310972898798e+01 3.405877273185280529e+01 9.219544457292887074e+00 1.220655561573370207e+01 2.109502310972898798e+01 5.099019513592784492e+00 2.624880949681337583e+01 1.835755975068581947e+01 2.102379604162863913e+01 3.765634076752546378e+01 2.831960451701259274e+01
1.019803902718556898e+01 2.529822128134703618e+01 2.061552812808830382e+01 2.765863337187866122e+01 2.360084744241189370e+01 9.219544457292887074e+00 7.810249675906653977e+00 1.118033988749894903e+01 7.211102550927978250e+00 1.414213562373095101e+01 1.565247584249852864e+01 1.708800749063506075e+01 1.200000000000000000e+01 2.109502310972898798e+01 0.000000000000000000e+00 1.360147050873544394e+01 1.272792206135785520e+01 8.944271909999159220e+00 9.486832980505138124e+00 1.802775637731994607e+01 6.324555320336759046e+00 1.029563014098700080e+01 1.972308292331602075e+01 2.823118842698620767e+01 8.544003745317530374e+00
2.220360331117451835e+01 2.061552812808830382e+01 3.301514803843835466e+01 2.785677655436823841e+01 3.679673898594819548e+01 1.923538406167134340e+01 2.140093455903269515e+01 2.416609194718914466e+01 1.565247584249852864e+01 2.555386467836127551e+01 3.162277660168379523e+00 5.385164807134503739e+00 2.282542442102665348e+01 3.405877273185280529e+01 1.360147050873544394e+01 0.000000000000000000e+00 2.624880949681337583e+01 2.193171219946130890e+01 2.061552812808830382e+01 3.023243291566194912e+01 7.810249675906653977e+00 1.802775637731994607e+01 2.501999200639360765e+01 2.420743687382040932e+01 5.830951894845300743e+00
7.071067811865475505e+00 3.301514803843835466e+01 1.004987562112088995e+01 3.132091952673165025e+01 1.118033988749894903e+01 1.100000000000000000e+01 5.000000000000000000e+00 7.280109889280518054e+00 1.334166406412633421e+01 8.602325267042626677e+00 2.801785145224380003e+01 2.915475947422650194e+01 9.486832980505138124e+00 9.219544457292887074e+00 1.272792206135785520e+01 2.624880949681337583e+01 0.000000000000000000e+00 5.099019513592784492e+00 1.200000000000000000e+01 8.544003745317530374e+00 1.860107523773827509e+01 1.400000000000000000e+01 2.061552812808830382e+01 3.505709628591620941e+01 2.080865204668481283e+01
2.828427124746190291e+00 2.800000000000000000e+01 1.170469991071962568e+01 2.692582403567251959e+01 1.486606874731850603e+01 6.082762530298219339e+00 3.605551275463989125e+00 9.219544457292887074e+00 8.246211251235321171e+00 6.324555320336759046e+00 2.343074902771996193e+01 2.441311123146740414e+01 5.656854249492380582e+00 1.220655561573370207e+01 8.944271909999159220e+00 2.193171219946130890e+01 5.099019513592784492e+00 0.000000000000000000e+00 1.208304597359457233e+01 9.219544457292887074e+00 1.414213562373095101e+01 9.055385138137417300e+00 1.664331697709323876e+01 3.014962686336266984e+01 1.627882059609970611e+01
1.476482306023340030e+01 3.478505426185217431e+01 2.202271554554523902e+01 3.661966684720110976e+01 2.256102834535695578e+01 1.627882059609970611e+01 8.544003745317530374e+00 5.385164807134503739e+00 1.581138830084189628e+01 1.838477631085023489e+01 2.334523505985750447e+01 2.517935662402834396e+01 1.749285568453590045e+01 2.109502310972898798e+01 9.486832980505138124e+00 2.061552812808830382e+01 1.200000000000000000e+01 1.208304597359457233e+01 0.000000000000000000e+00 2.022374841615668473e+01 1.503329637837290811e+01 1.843908891458577415e+01 2.758622844826744469e+01 3.769615364994152884e+01 1.700000000000000000e+01
8.062257748298549132e+00 3.132091952673165025e+01 2.828427124746190291e+00 2.701851217221259205e+01 8.246211251235321171e+00 1.131370849898476116e+01 1.200000000000000000e+01 1.581138830084189628e+01 1.486606874731850603e+01 5.000000000000000000e+00 3.124099870362661591e+01 3.182766092567909766e+01 7.810249675906653977e+00 5.099019513592784492e+00 1.802775637731994607e+01 3.023243291566194912e+01 8.544003745317530374e+00 9.219544457292887074e+00 2.022374841615668473e+01 0.000000000000000000e+00 2.247220505424423109e+01 1.360147050873544394e+01 1.600000000000000000e+01 3.255764119219941222e+01 2.441311123146740414e+01
1.442220510185595650e+01 2.059126028197400160e+01 2.523885892824792521e+01 2.500000000000000000e+01 2.900000000000000000e+01 1.170469991071962568e+01 1.389244398944980396e+01 1.746424919657297892e+01 8.246211251235321171e+00 1.788854381999831844e+01 9.433981132056603158e+00 1.077032961426900748e+01 1.523154621172781731e+01 2.624880949681337583e+01 6.324555320336759046e+00 7.810249675906653977e+00 1.860107523773827509e+01 1.414213562373095101e+01 1.503329637837290811e+01 2.247220505424423109e+01 0.000000000000000000e+00 1.104536101718726115e+01 1.941648783894759944e+01 2.385372088375312671e+01 2.236067977499789805e+00
7.071067811865475505e+00 1.902629759044044633e+01 1.640121946685672683e+01 1.835755975068581947e+01 2.147091055358388800e+01 3.000000000000000000e+00 1.170469991071962568e+01 1.746424919657297892e+01 3.162277660168379523e+00 8.602325267042626677e+00 1.835755975068581947e+01 1.860107523773827509e+01 5.830951894845300743e+00 1.835755975068581947e+01 1.029563014098700080e+01 1.802775637731994607e+01 1.400000000000000000e+01 9.055385138137417300e+00 1.843908891458577415e+01 1.360147050873544394e+01 1.104536101718726115e+01 0.000000000000000000e+00 9.433981132056603158e+00 2.109502310972898798e+01 1.236931687685298087e+01
1.389244398944980396e+01 1.664331697709323876e+01 1.811077027627483460e+01 1.104536101718726115e+01 2.408318915758459156e+01 1.131370849898476116e+01 2.000000000000000000e+01 2.580697580112788003e+01 1.252996408614166768e+01 1.236931687685298087e+01 2.433105012119287736e+01 2.376972864800942631e+01 1.118033988749894903e+01 2.102379604162863913e+01 1.972308292331602075e+01 2.501999200639360765e+01 2.061552812808830382e+01 1.664331697709323876e+01 2.758622844826744469e+01 1.600000000000000000e+01 1.941648783894759944e+01 9.433981132056603158e+00 0.000000000000000000e+00 1.708800749063506075e+01 2.009975124224177989e+01
2.801785145224380003e+01 3.605551275463989125e+00 3.492849839314595783e+01 8.602325267042626677e+00 4.079215610874227593e+01 2.408318915758459156e+01 3.255764119219941222e+01 3.807886552931954327e+01 2.256102834535695578e+01 2.816025568065744622e+01 2.163330765278393741e+01 1.972308292331602075e+01 2.601922366251537611e+01 3.765634076752546378e+01 2.823118842698620767e+01 2.420743687382040932e+01 3.505709628591620941e+01 3.014962686336266984e+01 3.769615364994152884e+01 3.255764119219941222e+01 2.385372088375312671e+01 2.109502310972898798e+01 1.708800749063506075e+01 0.000000000000000000e+00 2.280350850198275836e+01
1.640121946685672683e+01 1.941648783894759944e+01 2.720294101747088789e+01 2.469817807045693669e+01 3.111269837220809009e+01 1.341640786499873883e+01 1.612451549659709826e+01 1.964688270438849926e+01 9.848857801796103928e+00 1.972308292331602075e+01 7.211102550927978250e+00 8.544003745317530374e+00 1.700000000000000000e+01 2.831960451701259274e+01 8.544003745317530374e+00 5.830951894845300743e+00 2.080865204668481283e+01 1.627882059609970611e+01 1.700000000000000000e+01 2.441311123146740414e+01 2.236067977499789805e+00 1.236931687685298087e+01 2.009975124224177989e+01 2.280350850198275836e+01 0.000000000000000000e+00
