0.000000000000000000e+00 1.208304597359457233e+01 1.552417469626002422e+01 2.236067977499789805e+00 1.341640786499873883e+01 1.581138830084189628e+01 2.952964612046680060e+01 1.140175425099137918e+01 1.523154621172781731e+01 1.649242250247064234e+01 1.503329637837290811e+01 2.469817807045693669e+01 1.800000000000000000e+01 1.140175425099137918e+01 1.170469991071962568e+01 2.236067977499789805e+01 2.624880949681337583e+01 1.838477631085023489e+01 1.029563014098700080e+01 2.332380757938120297e+01 8.944271909999159220e+00
1.208304597359457233e+01 0.000000000000000000e+00 9.848857801796103928e+00 1.220655561573370207e+01 2.404163056034261459e+01 1.886796226411320632e+01 2.420743687382040932e+01 2.126029162546929996e+01 2.549509756796392423e+01 1.303840481040529831e+01 2.332380757938120297e+01 1.843908891458577415e+01 1.702938636592640265e+01 1.523154621172781731e+01 9.000000000000000000e+00 1.029563014098700080e+01 1.910497317454279909e+01 2.236067977499789805e+01 1.523154621172781731e+01 1.140175425099137918e+01 1.529705854077835525e+01
1.552417469626002422e+01 9.848857801796103928e+00 0.000000000000000000e+00 1.414213562373095101e+01 2.247220505424423109e+01 2.758622844826744469e+01 1.486606874731850603e+01 1.931320791582796659e+01 2.325940669922601600e+01 2.282542442102665348e+01 1.941648783894759944e+01 9.433981132056603158e+00 2.662705391138869615e+01 2.343074902771996193e+01 4.000000000000000000e+00 1.486606874731850603e+01 1.077032961426900748e+01 1.526433752247374720e+01 1.118033988749894903e+01 1.676305461424021104e+01 2.247220505424423109e+01
2.236067977499789805e+00 1.220655561573370207e+01 1.414213562373095101e+01 0.000000000000000000e+00 1.220655561573370207e+01 1.802775637731994607e+01 2.773084924772409465e+01 9.848857801796103928e+00 1.389244398944980396e+01 1.824828759089465890e+01 1.315294643796590535e+01 2.308679276123039159e+01 2.002498439450078749e+01 1.360147050873544394e+01 1.019803902718556898e+01 2.247220505424423109e+01 2.473863375370596174e+01 1.615549442140351033e+01 8.062257748298549132e+00 2.360084744241189370e+01 1.118033988749894903e+01
1.341640786499873883e+01 2.404163056034261459e+01 2.247220505424423109e+01 1.220655561573370207e+01 0.000000000000000000e+00 2.701851217221259205e+01 3.206243908376279705e+01 3.162277660168379523e+00 2.000000000000000000e+00 2.973213749463701205e+01 5.830951894845300743e+00 2.915475947422650194e+01 3.059411708155671050e+01 2.319482700948640286e+01 1.878829422805593552e+01 3.405877273185280529e+01 3.125699921617556853e+01 1.392838827718411920e+01 1.140175425099137918e+01 3.538361202590826338e+01 2.009975124224177989e+01
1.581138830084189628e+01 1.886796226411320632e+01 2.758622844826744469e+01 1.802775637731994607e+01 2.701851217221259205e+01 0.000000000000000000e+00 4.244997055358224713e+01 2.607680962081059661e+01 2.901723625709381693e+01 9.055385138137417300e+00 3.026549190084311292e+01 3.687817782917154830e+01 5.830951894845300743e+00 4.472135954999579610e+00 2.483948469674844262e+01 2.549509756796392423e+01 3.780211634287159939e+01 3.417601498127012150e+01 2.600000000000000000e+01 2.517935662402834396e+01 7.071067811865475505e+00
2.952964612046680060e+01 2.420743687382040932e+01 1.486606874731850603e+01 2.773084924772409465e+01 3.206243908376279705e+01 4.244997055358224713e+01 0.000000000000000000e+00 2.915475947422650194e+01 3.200000000000000000e+01 3.720215047547655018e+01 2.701851217221259205e+01 5.830951894845300743e+00 4.123105625617660763e+01 3.828837943815329226e+01 1.802775637731994607e+01 2.473863375370596174e+01 6.082762530298219339e+00 1.923538406167134340e+01 2.158703314492290204e+01 2.668332812825266842e+01 3.720215047547655018e+01
1.140175425099137918e+01 2.126029162546929996e+01 1.931320791582796659e+01 9.848857801796103928e+00 3.162277660168379523e+00 2.607680962081059661e+01 2.915475947422650194e+01 0.000000000000000000e+00 4.242640687119284770e+00 2.789265136196270589e+01 4.472135954999579610e+00 2.607680962081059661e+01 2.915475947422650194e+01 2.200000000000000000e+01 1.565247584249852864e+01 3.114482300479487265e+01 2.816025568065744622e+01 1.166190378969060149e+01 8.246211251235321171e+00 3.252691193458118590e+01 1.902629759044044633e+01
1.523154621172781731e+01 2.549509756796392423e+01 2.325940669922601600e+01 1.389244398944980396e+01 2.000000000000000000e+00 2.901723625709381693e+01 3.200000000000000000e+01 4.242640687119284770e+00 0.000000000000000000e+00 3.162277660168379256e+01 5.099019513592784492e+00 2.942787793912432193e+01 3.255764119219941222e+01 2.517935662402834396e+01 1.972308292331602075e+01 3.538361202590826338e+01 3.157530680769388809e+01 1.334166406412633421e+01 1.208304597359457233e+01 3.676955262170046979e+01 2.209072203437452231e+01
1.649242250247064234e+01 1.303840481040529831e+01 2.282542442102665348e+01 1.824828759089465890e+01 2.973213749463701205e+01 9.055385138137417300e+00 3.720215047547655018e+01 2.789265136196270589e+01 3.162277660168379256e+01 0.000000000000000000e+00 3.140063693621516450e+01 3.140063693621516450e+01 4.472135954999579610e+00 8.602325267042626677e+00 2.118962010041709121e+01 1.708800749063506075e+01 3.189043743820394994e+01 3.313608305156178346e+01 2.501999200639360765e+01 1.649242250247064234e+01 1.131370849898476116e+01
1.503329637837290811e+01 2.332380757938120297e+01 1.941648783894759944e+01 1.315294643796590535e+01 5.830951894845300743e+00 3.026549190084311292e+01 2.701851217221259205e+01 4.472135954999579610e+00 5.099019513592784492e+00 3.140063693621516450e+01 0.000000000000000000e+00 2.473863375370596174e+01 3.301514803843835466e+01 2.607680962081059661e+01 1.627882059609970611e+01 3.264965543462901820e+01 2.692582403567251959e+01 8.246211251235321171e+00 8.485281374238569541e+00 3.420526275297414287e+01 2.319482700948640286e+01
2.469817807045693669e+01 1.843908891458577415e+01 9.433981132056603158e+00 2.308679276123039159e+01 2.915475947422650194e+01 3.687817782917154830e+01 5.830951894845300743e+00 2.607680962081059661e+01 2.942787793912432193e+01 3.140063693621516450e+01 2.473863375370596174e+01 0.000000000000000000e+00 3.546829570193639825e+01 3.280243893371345365e+01 1.300000000000000000e+01 1.923538406167134340e+01 2.236067977499789805e+00 1.788854381999831844e+01 1.800000000000000000e+01 2.121320343559642652e+01 3.190611226708763226e+01
1.800000000000000000e+01 1.702938636592640265e+01 2.662705391138869615e+01 2.002498439450078749e+01 3.059411708155671050e+01 5.830951894845300743e+00 4.123105625617660763e+01 2.915475947422650194e+01 3.255764119219941222e+01 4.472135954999579610e+00 3.301514803843835466e+01 3.546829570193639825e+01 0.000000000000000000e+00 7.615773105863908654e+00 2.459674775249768786e+01 2.154065922853801496e+01 3.606937759374286401e+01 3.569313659514949677e+01 2.745906043549196340e+01 2.088061301782110135e+01 1.077032961426900748e+01
1.140175425099137918e+01 1.523154621172781731e+01 2.343074902771996193e+01 1.360147050873544394e+01 2.319482700948640286e+01 4.472135954999579610e+00 3.828837943815329226e+01 2.200000000000000000e+01 2.517935662402834396e+01 8.602325267042626677e+00 2.607680962081059661e+01 3.280243893371345365e+01 7.615773105863908654e+00 0.000000000000000000e+00 2.051828452868319275e+01 2.302172886644267535e+01 3.383784863137726262e+01 2.973213749463701205e+01 2.154065922853801496e+01 2.302172886644267535e+01 3.162277660168379523e+00
1.170469991071962568e+01 9.000000000000000000e+00 4.000000000000000000e+00 1.019803902718556898e+01 1.878829422805593552e+01 2.483948469674844262e+01 1.802775637731994607e+01 1.565247584249852864e+01 1.972308292331602075e+01 2.118962010041709121e+01 1.627882059609970611e+01 1.300000000000000000e+01 2.459674775249768786e+01 2.051828452868319275e+01 0.000000000000000000e+00 1.664331697709323876e+01 1.456021977856103611e+01 1.360147050873544394e+01 7.810249675906653977e+00 1.835755975068581947e+01 1.920937271229854559e+01
2.236067977499789805e+01 1.029563014098700080e+01 1.486606874731850603e+01 2.247220505424423109e+01 3.405877273185280529e+01 2.549509756796392423e+01 2.473863375370596174e+01 3.114482300479487265e+01 3.538361202590826338e+01 1.708800749063506075e+01 3.264965543462901820e+01 1.923538406167134340e+01 2.154065922853801496e+01 2.302172886644267535e+01 1.664331697709323876e+01 0.000000000000000000e+00 1.868154169226940553e+01 2.996664812754339380e+01 2.420743687382040932e+01 2.000000000000000000e+00 2.408318915758459156e+01
2.624880949681337583e+01 1.910497317454279909e+01 1.077032961426900748e+01 2.473863375370596174e+01 3.125699921617556853e+01 3.780211634287159939e+01 6.082762530298219339e+00 2.816025568065744622e+01 3.157530680769388809e+01 3.189043743820394994e+01 2.692582403567251959e+01 2.236067977499789805e+00 3.606937759374286401e+01 3.383784863137726262e+01 1.456021977856103611e+01 1.868154169226940553e+01 0.000000000000000000e+00 2.012461179749810825e+01 2.002498439450078749e+01 2.061552812808830382e+01 3.312099032335839155e+01
1.838477631085023489e+01 2.236067977499789805e+01 1.526433752247374720e+01 1.615549442140351033e+01 1.392838827718411920e+01 3.417601498127012150e+01 1.923538406167134340e+01 1.166190378969060149e+01 1.334166406412633421e+01 3.313608305156178346e+01 8.246211251235321171e+00 1.788854381999831844e+01 3.569313659514949677e+01 2.973213749463701205e+01 1.360147050873544394e+01 2.996664812754339380e+01 2.012461179749810825e+01 0.000000000000000000e+00 8.246211251235321171e+00 3.178049716414140846e+01 2.731300056749532601e+01
1.029563014098700080e+01 1.523154621172781731e+01 1.118033988749894903e+01 8.062257748298549132e+00 1.140175425099137918e+01 2.600000000000000000e+01 2.158703314492290204e+01 8.246211251235321171e+00 1.208304597359457233e+01 2.501999200639360765e+01 8.485281374238569541e+00 1.800000000000000000e+01 2.745906043549196340e+01 2.154065922853801496e+01 7.810249675906653977e+00 2.420743687382040932e+01 2.002498439450078749e+01 8.246211251235321171e+00 0.000000000000000000e+00 2.580697580112788003e+01 1.923538406167134340e+01
2.332380757938120297e+01 1.140175425099137918e+01 1.676305461424021104e+01 2.360084744241189370e+01 3.538361202590826338e+01 2.517935662402834396e+01 2.668332812825266842e+01 3.252691193458118590e+01 3.676955262170046979e+01 1.649242250247064234e+01 3.420526275297414287e+01 2.121320343559642652e+01 2.088061301782110135e+01 2.302172886644267535e+01 1.835755975068581947e+01 2.000000000000000000e+00 2.061552812808830382e+01 3.178049716414140846e+01 2.580697580112788003e+01 0.000000000000000000e+00 2.433105012119287736e+01
8.944271909999159220e+00 1.529705854077835525e+01 2.247220505424423109e+01 1.118033988749894903e+01 2.009975124224177989e+01 7.071067811865475505e+00 3.720215047547655018e+01 1.902629759044044633e+01 2.209072203437452231e+01 1.131370849898476116e+01 2.319482700948640286e+01 3.190611226708763226e+01 1.077032961426900748e+01 3.162277660168379523e+00 1.920937271229854559e+01 2.408318915758459156e+01 3.312099032335839155e+01 2.731300056749532601e+01 1.923538406167134340e+01 2.433105012119287736e+01 0.000000000000000000e+00
