0.000000000000000000e+00 1.920937271229854559e+01 3.162277660168379523e+00 2.601922366251537611e+01 1.000000000000000000e+01 9.486832980505138124e+00 2.941088233970548416e+01 1.140175425099137918e+01 2.147091055358388800e+01 1.104536101718726115e+01 3.047950130825634218e+01 2.256102834535695578e+01 2.601922366251537611e+01 3.720215047547655018e+01 5.000000000000000000e+00 8.602325267042626677e+00 1.910497317454279909e+01 2.195449840010014952e+01 1.910497317454279909e+01 2.692582403567251959e+01 3.679673898594819548e+01 2.692582403567251959e+01 9.433981132056603158e+00 2.236067977499789805e+01
1.920937271229854559e+01 0.000000000000000000e+00 1.835755975068581947e+01 1.555634918610404505e+01 1.300000000000000000e+01 1.236931687685298087e+01 3.605551275463989214e+01 1.802775637731994607e+01 3.982461550347975532e+01 2.823118842698620767e+01 3.298484500494128469e+01 3.544009029333869876e+01 4.123105625617660763e+01 4.257933771208753626e+01 1.562049935181330795e+01 1.063014581273464998e+01 2.828427124746190291e+00 4.123105625617660586e+00 1.414213562373095145e+00 3.733630940518894192e+01 4.026164427839479032e+01 3.501428280002319582e+01 2.039607805437113797e+01 1.063014581273464998e+01
3.162277660168379523e+00 1.835755975068581947e+01 0.000000000000000000e+00 2.707397274136176790e+01 1.140175425099137918e+01 7.211102550927978250e+00 3.244996147917590434e+01 8.246211251235321171e+00 2.376972864800942631e+01 1.019803902718556898e+01 3.324154027718932269e+01 2.570992026436488231e+01 2.900000000000000000e+01 4.022437072223753063e+01 6.708203932499369415e+00 8.246211251235321171e+00 1.780449381476485726e+01 2.154065922853801496e+01 1.802775637731994607e+01 3.008321791298264714e+01 3.969886648255841521e+01 3.001666203960726875e+01 6.403124237432848531e+00 2.302172886644267535e+01
2.601922366251537611e+01 1.555634918610404505e+01 2.707397274136176790e+01 0.000000000000000000e+00 1.603121954188139853e+01 2.435159132377184221e+01 2.657066051117284644e+01 3.067572330035593353e+01 4.118252056394800320e+01 3.700000000000000000e+01 2.121320343559642652e+01 3.114482300479487265e+01 3.818376618407356915e+01 3.125699921617556853e+01 2.102379604162863913e+01 1.941648783894759944e+01 1.838477631085023489e+01 1.220655561573370207e+01 1.697056274847713908e+01 3.052867504494749440e+01 2.801785145224380003e+01 2.683281572999747766e+01 3.178049716414140846e+01 5.000000000000000000e+00
1.000000000000000000e+01 1.300000000000000000e+01 1.140175425099137918e+01 1.603121954188139853e+01 0.000000000000000000e+00 1.140175425099137918e+01 2.500000000000000000e+01 1.702938636592640265e+01 2.758622844826744469e+01 2.102379604162863913e+01 2.385372088375312671e+01 2.256102834535695578e+01 2.823118842698620767e+01 3.231098884280702066e+01 5.000000000000000000e+00 5.830951894845300743e+00 1.431782106327635340e+01 1.421267040355189515e+01 1.360147050873544394e+01 2.500000000000000000e+01 3.088689042296100240e+01 2.334523505985750447e+01 1.700000000000000000e+01 1.264911064067351809e+01
9.486832980505138124e+00 1.236931687685298087e+01 7.211102550927978250e+00 2.435159132377184221e+01 1.140175425099137918e+01 0.000000000000000000e+00 3.584689665786984136e+01 6.324555320336759046e+00 3.087069808086626210e+01 1.612451549659709826e+01 3.522782990761707111e+01 3.106444913401813324e+01 3.522782990761707111e+01 4.338202392696772591e+01 9.219544457292887074e+00 5.656854249492380582e+00 1.118033988749894903e+01 1.612451549659709826e+01 1.170469991071962568e+01 3.471310991541956525e+01 4.219004621945797595e+01 3.383784863137726262e+01 8.062257748298549132e+00 1.964688270438849926e+01
2.941088233970548416e+01 3.605551275463989214e+01 3.244996147917590434e+01 2.657066051117284644e+01 2.500000000000000000e+01 3.584689665786984136e+01 0.000000000000000000e+00 4.031128874149274566e+01 2.745906043549196340e+01 3.753664875824691904e+01 7.211102550927978250e+00 1.216552506059643868e+01 1.811077027627483460e+01 7.810249675906653977e+00 2.683281572999747766e+01 3.067572330035593353e+01 3.820994634908559817e+01 3.505709628591620941e+01 3.712142238654116966e+01 7.071067811865475505e+00 8.544003745317530374e+00 3.162277660168379523e+00 3.883297567789519888e+01 2.844292530665578411e+01
1.140175425099137918e+01 1.802775637731994607e+01 8.246211251235321171e+00 3.067572330035593353e+01 1.702938636592640265e+01 6.324555320336759046e+00 4.031128874149274566e+01 0.000000000000000000e+00 3.080584360149872580e+01 1.280624847486569706e+01 4.045985664828781836e+01 3.395585369269929288e+01 3.705401462729781059e+01 4.802082881417187821e+01 1.360147050873544394e+01 1.166190378969060149e+01 1.627882059609970611e+01 2.200000000000000000e+01 1.711724276862369010e+01 3.827531841800927737e+01 4.720169488482378739e+01 3.801315561749642313e+01 3.605551275463989125e+00 2.596150997149434048e+01
2.147091055358388800e+01 3.982461550347975532e+01 2.376972864800942631e+01 4.118252056394800320e+01 2.758622844826744469e+01 3.087069808086626210e+01 2.745906043549196340e+01 3.080584360149872580e+01 0.000000000000000000e+00 2.002498439450078749e+01 3.301514803843835466e+01 1.529705854077835525e+01 1.140175425099137918e+01 3.383784863137726262e+01 2.420743687382040932e+01 2.941088233970548416e+01 4.022437072223753063e+01 4.172529209005013229e+01 4.000000000000000000e+01 2.088061301782110135e+01 3.590264614203248072e+01 2.433105012119287736e+01 2.745906043549196340e+01 3.940812099047606409e+01
1.104536101718726115e+01 2.823118842698620767e+01 1.019803902718556898e+01 3.700000000000000000e+01 2.102379604162863913e+01 1.612451549659709826e+01 3.753664875824691904e+01 1.280624847486569706e+01 2.002498439450078749e+01 0.000000000000000000e+00 3.996248240537617136e+01 2.801785145224380003e+01 2.879236009777593708e+01 4.527692569068708650e+01 1.603121954188139853e+01 1.843908891458577415e+01 2.729468812791236232e+01 3.162277660168379256e+01 2.773084924772409465e+01 3.342154993413680586e+01 4.560701700396551672e+01 3.465544690232691494e+01 9.219544457292887074e+00 3.313608305156178346e+01
3.047950130825634218e+01 3.298484500494128469e+01 3.324154027718932269e+01 2.121320343559642652e+01 2.385372088375312671e+01 3.522782990761707111e+01 7.211102550927978250e+00 4.045985664828781836e+01 3.301514803843835466e+01 3.996248240537617136e+01 0.000000000000000000e+00 1.811077027627483460e+01 2.473863375370596174e+01 1.004987562112088995e+01 2.690724809414741969e+01 2.968164415931165934e+01 3.544009029333869876e+01 3.125699921617556853e+01 3.420526275297414287e+01 1.392838827718411920e+01 7.280109889280518054e+00 9.486832980505138124e+00 3.959797974644666141e+01 2.402082429892862692e+01
2.256102834535695578e+01 3.544009029333869876e+01 2.570992026436488231e+01 3.114482300479487265e+01 2.256102834535695578e+01 3.106444913401813324e+01 1.216552506059643868e+01 3.395585369269929288e+01 1.529705854077835525e+01 2.801785145224380003e+01 1.811077027627483460e+01 0.000000000000000000e+00 7.211102550927978250e+00 1.878829422805593552e+01 2.200000000000000000e+01 2.707397274136176790e+01 3.687817782917154830e+01 3.584689665786984136e+01 3.613862199918530393e+01 5.830951894845300743e+00 2.061552812808830382e+01 9.055385138137417300e+00 3.162277660168379256e+01 3.106444913401813324e+01
2.601922366251537611e+01 4.123105625617660763e+01 2.900000000000000000e+01 3.818376618407356915e+01 2.823118842698620767e+01 3.522782990761707111e+01 1.811077027627483460e+01 3.705401462729781059e+01 1.140175425099137918e+01 2.879236009777593708e+01 2.473863375370596174e+01 7.211102550927978250e+00 0.000000000000000000e+00 2.334523505985750447e+01 2.668332812825266842e+01 3.201562118716424266e+01 4.237924020083418242e+01 4.205948168962618183e+01 4.178516483155235761e+01 1.104536101718726115e+01 2.601922366251537611e+01 1.529705854077835525e+01 3.423448553724738019e+01 3.780211634287159939e+01
3.720215047547655018e+01 4.257933771208753626e+01 4.022437072223753063e+01 3.125699921617556853e+01 3.231098884280702066e+01 4.338202392696772591e+01 7.810249675906653977e+00 4.802082881417187821e+01 3.383784863137726262e+01 4.527692569068708650e+01 1.004987562112088995e+01 1.878829422805593552e+01 2.334523505985750447e+01 0.000000000000000000e+00 3.448187929913333249e+01 3.807886552931954327e+01 4.491102314577123877e+01 4.110960958218893069e+01 4.373785545725807822e+01 1.300000000000000000e+01 4.242640687119284770e+00 1.063014581273464998e+01 4.661544808322666000e+01 3.400000000000000000e+01
5.000000000000000000e+00 1.562049935181330795e+01 6.708203932499369415e+00 2.102379604162863913e+01 5.000000000000000000e+00 9.219544457292887074e+00 2.683281572999747766e+01 1.360147050873544394e+01 2.420743687382040932e+01 1.603121954188139853e+01 2.690724809414741969e+01 2.200000000000000000e+01 2.668332812825266842e+01 3.448187929913333249e+01 0.000000000000000000e+00 5.385164807134503739e+00 1.612451549659709826e+01 1.780449381476485726e+01 1.581138830084189628e+01 2.549509756796392423e+01 3.360059523282288296e+01 2.469817807045693669e+01 1.280624847486569706e+01 1.746424919657297892e+01
8.602325267042626677e+00 1.063014581273464998e+01 8.246211251235321171e+00 1.941648783894759944e+01 5.830951894845300743e+00 5.656854249492380582e+00 3.067572330035593353e+01 1.166190378969060149e+01 2.941088233970548416e+01 1.843908891458577415e+01 2.968164415931165934e+01 2.707397274136176790e+01 3.201562118716424266e+01 3.807886552931954327e+01 5.385164807134503739e+00 0.000000000000000000e+00 1.081665382639196871e+01 1.341640786499873883e+01 1.063014581273464998e+01 3.014962686336266984e+01 3.671511950137163893e+01 2.886173937932362321e+01 1.236931687685298087e+01 1.503329637837290811e+01
1.910497317454279909e+01 2.828427124746190291e+00 1.780449381476485726e+01 1.838477631085023489e+01 1.431782106327635340e+01 1.118033988749894903e+01 3.820994634908559817e+01 1.627882059609970611e+01 4.022437072223753063e+01 2.729468812791236232e+01 3.544009029333869876e+01 3.687817782917154830e+01 4.237924020083418242e+01 4.491102314577123877e+01 1.612451549659709826e+01 1.081665382639196871e+01 0.000000000000000000e+00 6.708203932499369415e+00 1.414213562373095145e+00 3.911521443121588959e+01 4.272001872658765365e+01 3.701351104664349378e+01 1.897366596101027625e+01 1.345362404707370985e+01
2.195449840010014952e+01 4.123105625617660586e+00 2.154065922853801496e+01 1.220655561573370207e+01 1.421267040355189515e+01 1.612451549659709826e+01 3.505709628591620941e+01 2.200000000000000000e+01 4.172529209005013229e+01 3.162277660168379256e+01 3.125699921617556853e+01 3.584689665786984136e+01 4.205948168962618183e+01 4.110960958218893069e+01 1.780449381476485726e+01 1.341640786499873883e+01 6.708203932499369415e+00 0.000000000000000000e+00 5.385164807134503739e+00 3.710795063055894616e+01 3.847076812334268681e+01 3.436568055487916240e+01 2.418677324489564739e+01 7.615773105863908654e+00
1.910497317454279909e+01 1.414213562373095145e+00 1.802775637731994607e+01 1.697056274847713908e+01 1.360147050873544394e+01 1.170469991071962568e+01 3.712142238654116966e+01 1.711724276862369010e+01 4.000000000000000000e+01 2.773084924772409465e+01 3.420526275297414287e+01 3.613862199918530393e+01 4.178516483155235761e+01 4.373785545725807822e+01 1.581138830084189628e+01 1.063014581273464998e+01 1.414213562373095145e+00 5.385164807134503739e+00 0.000000000000000000e+00 3.820994634908559817e+01 4.148493702538308270e+01 3.600000000000000000e+01 1.964688270438849926e+01 1.204159457879229578e+01
2.692582403567251959e+01 3.733630940518894192e+01 3.008321791298264714e+01 3.052867504494749440e+01 2.500000000000000000e+01 3.471310991541956525e+01 7.071067811865475505e+00 3.827531841800927737e+01 2.088061301782110135e+01 3.342154993413680586e+01 1.392838827718411920e+01 5.830951894845300743e+00 1.104536101718726115e+01 1.300000000000000000e+01 2.549509756796392423e+01 3.014962686336266984e+01 3.911521443121588959e+01 3.710795063055894616e+01 3.820994634908559817e+01 0.000000000000000000e+00 1.513274595042155646e+01 4.472135954999579610e+00 3.624913792078371699e+01 3.138470965295043058e+01
3.679673898594819548e+01 4.026164427839479032e+01 3.969886648255841521e+01 2.801785145224380003e+01 3.088689042296100240e+01 4.219004621945797595e+01 8.544003745317530374e+00 4.720169488482378739e+01 3.590264614203248072e+01 4.560701700396551672e+01 7.280109889280518054e+00 2.061552812808830382e+01 2.601922366251537611e+01 4.242640687119284770e+00 3.360059523282288296e+01 3.671511950137163893e+01 4.272001872658765365e+01 3.847076812334268681e+01 4.148493702538308270e+01 1.513274595042155646e+01 0.000000000000000000e+00 1.170469991071962568e+01 4.609772228646443892e+01 3.114482300479487265e+01
2.692582403567251959e+01 3.501428280002319582e+01 3.001666203960726875e+01 2.683281572999747766e+01 2.334523505985750447e+01 3.383784863137726262e+01 3.162277660168379523e+00 3.801315561749642313e+01 2.433105012119287736e+01 3.465544690232691494e+01 9.486832980505138124e+00 9.055385138137417300e+00 1.529705854077835525e+01 1.063014581273464998e+01 2.469817807045693669e+01 2.886173937932362321e+01 3.701351104664349378e+01 3.436568055487916240e+01 3.600000000000000000e+01 4.472135954999579610e+00 1.170469991071962568e+01 0.000000000000000000e+00 3.635931792539568619e+01 2.816025568065744622e+01
9.433981132056603158e+00 2.039607805437113797e+01 6.403124237432848531e+00 3.178049716414140846e+01 1.700000000000000000e+01 8.062257748298549132e+00 3.883297567789519888e+01 3.605551275463989125e+00 2.745906043549196340e+01 9.219544457292887074e+00 3.959797974644666141e+01 3.162277660168379256e+01 3.423448553724738019e+01 4.661544808322666000e+01 1.280624847486569706e+01 1.236931687685298087e+01 1.897366596101027625e+01 2.418677324489564739e+01 1.964688270438849926e+01 3.624913792078371699e+01 4.609772228646443892e+01 3.635931792539568619e+01 0.000000000000000000e+00 2.729468812791236232e+01
2.236067977499789805e+01 1.063014581273464998e+01 2.302172886644267535e+01 5.000000000000000000e+00 1.264911064067351809e+01 1.964688270438849926e+01 2.844292530665578411e+01 2.596150997149434048e+01 3.940812099047606409e+01 3.313608305156178346e+01 2.402082429892862692e+01 3.106444913401813324e+01 3.780211634287159939e+01 3.400000000000000000e+01 1.746424919657297892e+01 1.503329637837290811e+01 1.345362404707370985e+01 7.615773105863908654e+00 1.204159457879229578e+01 3.138470965295043058e+01 3.114482300479487265e+01 2.816025568065744622e+01 2.729468812791236232e+01 0.000000000000000000e+00
