0.000000000000000000e+00 1.414213562373095145e+00 1.565247584249852864e+01 4.123105625617660763e+01 2.607680962081059661e+01 3.801315561749642313e+01 3.721558813185679071e+01 2.780287754891568852e+01 1.843908891458577415e+01 1.612451549659709826e+01 3.301514803843835466e+01 1.523154621172781731e+01 7.071067811865475505e+00 1.272792206135785520e+01 1.280624847486569706e+01 1.920937271229854559e+01 5.099019513592784492e+00 9.433981132056603158e+00 2.942787793912432193e+01 2.570992026436488231e+01 1.627882059609970611e+01 1.843908891458577415e+01 2.828427124746190291e+00 6.403124237432848531e+00 2.549509756796392423e+01
1.414213562373095145e+00 0.000000000000000000e+00 1.615549442140351033e+01 3.982461550347975532e+01 2.501999200639360765e+01 3.661966684720110976e+01 3.584689665786984136e+01 2.640075756488817049e+01 1.702938636592640265e+01 1.749285568453590045e+01 3.162277660168379256e+01 1.655294535724684835e+01 8.000000000000000000e+00 1.280624847486569706e+01 1.272792206135785520e+01 1.941648783894759944e+01 4.472135954999579610e+00 9.848857801796103928e+00 2.863564212655270680e+01 2.500000000000000000e+01 1.627882059609970611e+01 1.984943324127920761e+01 1.414213562373095145e+00 7.810249675906653977e+00 2.473863375370596174e+01
1.565247584249852864e+01 1.615549442140351033e+01 0.000000000000000000e+00 4.716990566028302112e+01 2.483948469674844262e+01 4.326661530556787483e+01 4.140048308896890461e+01 3.736308338453881106e+01 2.692582403567251959e+01 1.500000000000000000e+01 3.858756276314947797e+01 1.300000000000000000e+01 2.051828452868319275e+01 5.385164807134503739e+00 2.830194339616981125e+01 5.099019513592784492e+00 2.061552812808830382e+01 6.324555320336759046e+00 4.464302857109942835e+01 4.110960958218893069e+01 3.162277660168379256e+01 1.900000000000000000e+01 1.676305461424021104e+01 1.421267040355189515e+01 2.012461179749810825e+01
4.123105625617660763e+01 3.982461550347975532e+01 4.716990566028302112e+01 0.000000000000000000e+00 2.473863375370596174e+01 4.123105625617660586e+00 7.000000000000000000e+00 1.552417469626002422e+01 2.280350850198275836e+01 5.656854249492380404e+01 8.602325267042626677e+00 5.517245689653488938e+01 4.632493928760187885e+01 4.188078318274384770e+01 4.308131845707602992e+01 4.561797891182817466e+01 3.911521443121588959e+01 4.341658669218482203e+01 3.712142238654116966e+01 3.801315561749642313e+01 4.522167621838005402e+01 5.946427498927402411e+01 3.841874542459709119e+01 4.750789408087881327e+01 3.178049716414140846e+01
2.607680962081059661e+01 2.501999200639360765e+01 2.483948469674844262e+01 2.473863375370596174e+01 0.000000000000000000e+00 2.061552812808830382e+01 1.802775637731994607e+01 2.193171219946130890e+01 1.562049935181330795e+01 3.757658845611187104e+01 1.702938636592640265e+01 3.577708763999663688e+01 3.301514803843835466e+01 2.024845673131658685e+01 3.492849839314595783e+01 2.202271554554523902e+01 2.716615541441224835e+01 2.325940669922601600e+01 4.110960958218893069e+01 3.940812099047606409e+01 3.832753579347360073e+01 4.123105625617660763e+01 2.400000000000000000e+01 3.080584360149872580e+01 7.071067811865475505e+00
3.801315561749642313e+01 3.661966684720110976e+01 4.326661530556787483e+01 4.123105625617660586e+00 2.061552812808830382e+01 0.000000000000000000e+00 3.162277660168379523e+00 1.400000000000000000e+01 1.972308292331602075e+01 5.307541803886239506e+01 5.000000000000000000e+00 5.162363799656122865e+01 4.341658669218482203e+01 3.801315561749642313e+01 4.080441152620633005e+01 4.159326868617084472e+01 3.623534186398687496e+01 3.969886648255841521e+01 3.667424164178449786e+01 3.712142238654116966e+01 4.317406628984580408e+01 5.608029957123981291e+01 3.522782990761707111e+01 4.420407221060068537e+01 2.765863337187866122e+01
3.721558813185679071e+01 3.584689665786984136e+01 4.140048308896890461e+01 7.000000000000000000e+00 1.802775637731994607e+01 3.162277660168379523e+00 0.000000000000000000e+00 1.529705854077835525e+01 1.931320791582796659e+01 5.185556864985669279e+01 5.000000000000000000e+00 5.032891812864647818e+01 4.295346318982905842e+01 3.623534186398687496e+01 4.100000000000000000e+01 3.944616584663204151e+01 3.584689665786984136e+01 3.818376618407356915e+01 3.832753579347360073e+01 3.847076812334268681e+01 4.356604182158393002e+01 5.500000000000000000e+01 3.448187929913333249e+01 4.326661530556787483e+01 2.500000000000000000e+01
2.780287754891568852e+01 2.640075756488817049e+01 3.736308338453881106e+01 1.552417469626002422e+01 2.193171219946130890e+01 1.400000000000000000e+01 1.529705854077835525e+01 0.000000000000000000e+00 1.044030650891055068e+01 4.382921400162225467e+01 1.044030650891055068e+01 4.272001872658765365e+01 3.189043743820394994e+01 3.201562118716424266e+01 2.773084924772409465e+01 3.733630940518894192e+01 2.475883680627989492e+01 3.231098884280702066e+01 2.308679276123039159e+01 2.319482700948640286e+01 2.973213749463701205e+01 4.622769732530488085e+01 2.500000000000000000e+01 3.420526275297414287e+01 2.816025568065744622e+01
1.843908891458577415e+01 1.702938636592640265e+01 2.692582403567251959e+01 2.280350850198275836e+01 1.562049935181330795e+01 1.972308292331602075e+01 1.931320791582796659e+01 1.044030650891055068e+01 0.000000000000000000e+00 3.405877273185280529e+01 1.476482306023340030e+01 3.280243893371345365e+01 2.370653918225939449e+01 2.158703314492290204e+01 2.209072203437452231e+01 2.707397274136176790e+01 1.655294535724684835e+01 2.193171219946130890e+01 2.549509756796392423e+01 2.385372088375312671e+01 2.500000000000000000e+01 3.676955262170046979e+01 1.562049935181330795e+01 2.475883680627989492e+01 2.024845673131658685e+01
1.612451549659709826e+01 1.749285568453590045e+01 1.500000000000000000e+01 5.656854249492380404e+01 3.757658845611187104e+01 5.307541803886239506e+01 5.185556864985669279e+01 4.382921400162225467e+01 3.405877273185280529e+01 0.000000000000000000e+00 4.810405388322277531e+01 2.000000000000000000e+00 1.503329637837290811e+01 1.772004514666934938e+01 2.400000000000000000e+01 2.002498439450078749e+01 2.024845673131658685e+01 1.431782106327635340e+01 4.310452412450461424e+01 3.905124837953326988e+01 2.617250465660480074e+01 4.000000000000000000e+00 1.886796226411320632e+01 9.848857801796103928e+00 3.420526275297414287e+01
3.301514803843835466e+01 3.162277660168379256e+01 3.858756276314947797e+01 8.602325267042626677e+00 1.702938636592640265e+01 5.000000000000000000e+00 5.000000000000000000e+00 1.044030650891055068e+01 1.476482306023340030e+01 4.810405388322277531e+01 0.000000000000000000e+00 4.666904755831213691e+01 3.847076812334268681e+01 3.328663395418647752e+01 3.613862199918530393e+01 3.716180835212409050e+01 3.130495168499705727e+01 3.482814953453599571e+01 3.352610922848042208e+01 3.354101966249684352e+01 3.863935817272331263e+01 5.108815909777920439e+01 3.023243291566194912e+01 3.920459156782531807e+01 2.408318915758459156e+01
1.523154621172781731e+01 1.655294535724684835e+01 1.300000000000000000e+01 5.517245689653488938e+01 3.577708763999663688e+01 5.162363799656122865e+01 5.032891812864647818e+01 4.272001872658765365e+01 3.280243893371345365e+01 2.000000000000000000e+00 4.666904755831213691e+01 0.000000000000000000e+00 1.503329637837290811e+01 1.581138830084189628e+01 2.408318915758459156e+01 1.802775637731994607e+01 1.964688270438849926e+01 1.252996408614166768e+01 4.301162633521313694e+01 3.900000000000000000e+01 2.647640458974745314e+01 6.000000000000000000e+00 1.788854381999831844e+01 9.219544457292887074e+00 3.228002478313794654e+01
7.071067811865475505e+00 8.000000000000000000e+00 2.051828452868319275e+01 4.632493928760187885e+01 3.301514803843835466e+01 4.341658669218482203e+01 4.295346318982905842e+01 3.189043743820394994e+01 2.370653918225939449e+01 1.503329637837290811e+01 3.847076812334268681e+01 1.503329637837290811e+01 0.000000000000000000e+00 1.886796226411320632e+01 9.055385138137417300e+00 2.483948469674844262e+01 7.211102550927978250e+00 1.500000000000000000e+01 2.807133769523639799e+01 2.402082429892862692e+01 1.170469991071962568e+01 1.581138830084189628e+01 9.055385138137417300e+00 6.708203932499369415e+00 3.255764119219941222e+01
1.272792206135785520e+01 1.280624847486569706e+01 5.385164807134503739e+00 4.188078318274384770e+01 2.024845673131658685e+01 3.801315561749642313e+01 3.623534186398687496e+01 3.201562118716424266e+01 2.158703314492290204e+01 1.772004514666934938e+01 3.328663395418647752e+01 1.581138830084189628e+01 1.886796226411320632e+01 0.000000000000000000e+00 2.549509756796392423e+01 6.708203932499369415e+00 1.720465053408525335e+01 4.123105625617660586e+00 4.049691346263317371e+01 3.716180835212409050e+01 2.900000000000000000e+01 2.158703314492290204e+01 1.303840481040529831e+01 1.360147050873544394e+01 1.649242250247064234e+01
1.280624847486569706e+01 1.272792206135785520e+01 2.830194339616981125e+01 4.308131845707602992e+01 3.492849839314595783e+01 4.080441152620633005e+01 4.100000000000000000e+01 2.773084924772409465e+01 2.209072203437452231e+01 2.400000000000000000e+01 3.613862199918530393e+01 2.408318915758459156e+01 9.055385138137417300e+00 2.549509756796392423e+01 0.000000000000000000e+00 3.201562118716424266e+01 8.602325267042626677e+00 2.220360331117451835e+01 1.923538406167134340e+01 1.513274595042155646e+01 3.605551275463989125e+00 2.433105012119287736e+01 1.280624847486569706e+01 1.552417469626002422e+01 3.624913792078371699e+01
1.920937271229854559e+01 1.941648783894759944e+01 5.099019513592784492e+00 4.561797891182817466e+01 2.202271554554523902e+01 4.159326868617084472e+01 3.944616584663204151e+01 3.733630940518894192e+01 2.707397274136176790e+01 2.002498439450078749e+01 3.716180835212409050e+01 1.802775637731994607e+01 2.483948469674844262e+01 6.708203932499369415e+00 3.201562118716424266e+01 0.000000000000000000e+00 2.385372088375312671e+01 9.899494936611665352e+00 4.716990566028302112e+01 4.386342439892261780e+01 3.546829570193639825e+01 2.402082429892862692e+01 1.972308292331602075e+01 1.886796226411320632e+01 1.640121946685672683e+01
5.099019513592784492e+00 4.472135954999579610e+00 2.061552812808830382e+01 3.911521443121588959e+01 2.716615541441224835e+01 3.623534186398687496e+01 3.584689665786984136e+01 2.475883680627989492e+01 1.655294535724684835e+01 2.024845673131658685e+01 3.130495168499705727e+01 1.964688270438849926e+01 7.211102550927978250e+00 1.720465053408525335e+01 8.602325267042626677e+00 2.385372088375312671e+01 0.000000000000000000e+00 1.431782106327635340e+01 2.433105012119287736e+01 2.061552812808830382e+01 1.220655561573370207e+01 2.195449840010014952e+01 4.242640687119284770e+00 1.044030650891055068e+01 2.785677655436823841e+01
9.433981132056603158e+00 9.848857801796103928e+00 6.324555320336759046e+00 4.341658669218482203e+01 2.325940669922601600e+01 3.969886648255841521e+01 3.818376618407356915e+01 3.231098884280702066e+01 2.193171219946130890e+01 1.431782106327635340e+01 3.482814953453599571e+01 1.252996408614166768e+01 1.500000000000000000e+01 4.123105625617660586e+00 2.220360331117451835e+01 9.899494936611665352e+00 1.431782106327635340e+01 0.000000000000000000e+00 3.832753579347360073e+01 3.478505426185217431e+01 2.561249694973139412e+01 1.802775637731994607e+01 1.044030650891055068e+01 9.486832980505138124e+00 2.022374841615668473e+01
2.942787793912432193e+01 2.863564212655270680e+01 4.464302857109942835e+01 3.712142238654116966e+01 4.110960958218893069e+01 3.667424164178449786e+01 3.832753579347360073e+01 2.308679276123039159e+01 2.549509756796392423e+01 4.310452412450461424e+01 3.352610922848042208e+01 4.301162633521313694e+01 2.807133769523639799e+01 4.049691346263317371e+01 1.923538406167134340e+01 4.716990566028302112e+01 2.433105012119287736e+01 3.832753579347360073e+01 0.000000000000000000e+00 4.123105625617660586e+00 1.802775637731994607e+01 4.356604182158393002e+01 2.789265136196270589e+01 3.401470270338990076e+01 4.534313619501853765e+01
2.570992026436488231e+01 2.500000000000000000e+01 4.110960958218893069e+01 3.801315561749642313e+01 3.940812099047606409e+01 3.712142238654116966e+01 3.847076812334268681e+01 2.319482700948640286e+01 2.385372088375312671e+01 3.905124837953326988e+01 3.354101966249684352e+01 3.900000000000000000e+01 2.402082429892862692e+01 3.716180835212409050e+01 1.513274595042155646e+01 4.386342439892261780e+01 2.061552812808830382e+01 3.478505426185217431e+01 4.123105625617660586e+00 0.000000000000000000e+00 1.392838827718411920e+01 3.945883931389771959e+01 2.435159132377184221e+01 3.006659275674581622e+01 4.313930922024598402e+01
1.627882059609970611e+01 1.627882059609970611e+01 3.162277660168379256e+01 4.522167621838005402e+01 3.832753579347360073e+01 4.317406628984580408e+01 4.356604182158393002e+01 2.973213749463701205e+01 2.500000000000000000e+01 2.617250465660480074e+01 3.863935817272331263e+01 2.647640458974745314e+01 1.170469991071962568e+01 2.900000000000000000e+01 3.605551275463989125e+00 3.546829570193639825e+01 1.220655561573370207e+01 2.561249694973139412e+01 1.802775637731994607e+01 1.392838827718411920e+01 0.000000000000000000e+00 2.601922366251537611e+01 1.640121946685672683e+01 1.838477631085023489e+01 3.981205847478876336e+01
1.843908891458577415e+01 1.984943324127920761e+01 1.900000000000000000e+01 5.946427498927402411e+01 4.123105625617660763e+01 5.608029957123981291e+01 5.500000000000000000e+01 4.622769732530488085e+01 3.676955262170046979e+01 4.000000000000000000e+00 5.108815909777920439e+01 6.000000000000000000e+00 1.581138830084189628e+01 2.158703314492290204e+01 2.433105012119287736e+01 2.402082429892862692e+01 2.195449840010014952e+01 1.802775637731994607e+01 4.356604182158393002e+01 3.945883931389771959e+01 2.601922366251537611e+01 0.000000000000000000e+00 2.126029162546929996e+01 1.204159457879229578e+01 3.807886552931954327e+01
2.828427124746190291e+00 1.414213562373095145e+00 1.676305461424021104e+01 3.841874542459709119e+01 2.400000000000000000e+01 3.522782990761707111e+01 3.448187929913333249e+01 2.500000000000000000e+01 1.562049935181330795e+01 1.886796226411320632e+01 3.023243291566194912e+01 1.788854381999831844e+01 9.055385138137417300e+00 1.303840481040529831e+01 1.280624847486569706e+01 1.972308292331602075e+01 4.242640687119284770e+00 1.044030650891055068e+01 2.789265136196270589e+01 2.435159132377184221e+01 1.640121946685672683e+01 2.126029162546929996e+01 0.000000000000000000e+00 9.219544457292887074e+00 2.404163056034261459e+01
6.403124237432848531e+00 7.810249675906653977e+00 1.421267040355189515e+01 4.750789408087881327e+01 3.080584360149872580e+01 4.420407221060068537e+01 4.326661530556787483e+01 3.420526275297414287e+01 2.475883680627989492e+01 9.848857801796103928e+00 3.920459156782531807e+01 9.219544457292887074e+00 6.708203932499369415e+00 1.360147050873544394e+01 1.552417469626002422e+01 1.886796226411320632e+01 1.044030650891055068e+01 9.486832980505138124e+00 3.401470270338990076e+01 3.006659275674581622e+01 1.838477631085023489e+01 1.204159457879229578e+01 9.219544457292887074e+00 0.000000000000000000e+00 2.900000000000000000e+01
2.549509756796392423e+01 2.473863375370596174e+01 2.012461179749810825e+01 3.178049716414140846e+01 7.071067811865475505e+00 2.765863337187866122e+01 2.500000000000000000e+01 2.816025568065744622e+01 2.024845673131658685e+01 3.420526275297414287e+01 2.408318915758459156e+01 3.228002478313794654e+01 3.255764119219941222e+01 1.649242250247064234e+01 3.624913792078371699e+01 1.640121946685672683e+01 2.785677655436823841e+01 2.022374841615668473e+01 4.534313619501853765e+01 4.313930922024598402e+01 3.981205847478876336e+01 3.807886552931954327e+01 2.404163056034261459e+01 2.900000000000000000e+01 0.000000000000000000e+00
