0.000000000000000000e+00 1.431782106327635340e+01 8.246211251235321171e+00 7.280109889280518054e+00 4.472135954999579610e+00 1.920937271229854559e+01 2.473863375370596174e+01 8.944271909999159220e+00 2.154065922853801496e+01 7.071067811865475505e+00 1.700000000000000000e+01 1.140175425099137918e+01 1.780449381476485726e+01 1.315294643796590535e+01 3.605551275463989125e+00 1.414213562373095101e+01 1.555634918610404505e+01 2.731300056749532601e+01 1.081665382639196871e+01 9.219544457292887074e+00 5.000000000000000000e+00 1.969771560359220786e+01 4.123105625617660586e+00 9.899494936611665352e+00 7.615773105863908654e+00 5.099019513592784492e+00
1.431782106327635340e+01 0.000000000000000000e+00 6.082762530298219339e+00 1.562049935181330795e+01 1.802775637731994607e+01 1.216552506059643868e+01 1.044030650891055068e+01 1.486606874731850603e+01 1.252996408614166768e+01 2.061552812808830382e+01 1.104536101718726115e+01 1.878829422805593552e+01 1.726267650163206824e+01 2.000000000000000000e+01 1.208304597359457233e+01 1.941648783894759944e+01 8.544003745317530374e+00 1.780449381476485726e+01 2.088061301782110135e+01 8.944271909999159220e+00 1.612451549659709826e+01 1.170469991071962568e+01 1.476482306023340030e+01 2.137755832643194864e+01 1.972308292331602075e+01 1.941648783894759944e+01
8.246211251235321171e+00 6.082762530298219339e+00 0.000000000000000000e+00 1.081665382639196871e+01 1.200000000000000000e+01 1.360147050873544394e+01 1.649242250247064234e+01 1.077032961426900748e+01 1.562049935181330795e+01 1.476482306023340030e+01 1.220655561573370207e+01 1.421267040355189515e+01 1.627882059609970611e+01 1.615549442140351033e+01 6.403124237432848531e+00 1.562049935181330795e+01 9.486832980505138124e+00 2.140093455903269515e+01 1.565247584249852864e+01 5.385164807134503739e+00 1.063014581273464998e+01 1.414213562373095101e+01 9.219544457292887074e+00 1.581138830084189628e+01 1.421267040355189515e+01 1.334166406412633421e+01
7.280109889280518054e+00 1.562049935181330795e+01 1.081665382639196871e+01 0.000000000000000000e+00 1.081665382639196871e+01 2.416609194718914466e+01 2.555386467836127551e+01 2.236067977499789805e+00 1.802775637731994607e+01 7.280109889280518054e+00 1.303840481040529831e+01 1.868154169226940553e+01 1.140175425099137918e+01 6.000000000000000000e+00 5.099019513592784492e+00 2.137755832643194864e+01 2.012461179749810825e+01 2.334523505985750447e+01 1.788854381999831844e+01 1.456021977856103611e+01 2.828427124746190291e+00 1.603121954188139853e+01 3.162277660168379523e+00 1.664331697709323876e+01 5.000000000000000000e+00 9.219544457292887074e+00
4.472135954999579610e+00 1.802775637731994607e+01 1.200000000000000000e+01 1.081665382639196871e+01 0.000000000000000000e+00 2.061552812808830382e+01 2.828427124746190202e+01 1.280624847486569706e+01 2.600000000000000000e+01 7.071067811865475505e+00 2.147091055358388800e+01 9.055385138137417300e+00 2.193171219946130890e+01 1.615549442140351033e+01 8.062257748298549132e+00 1.216552506059643868e+01 1.749285568453590045e+01 3.178049716414140846e+01 7.280109889280518054e+00 1.118033988749894903e+01 8.062257748298549132e+00 2.416609194718914466e+01 7.810249675906653977e+00 5.830951894845300743e+00 9.055385138137417300e+00 3.162277660168379523e+00
1.920937271229854559e+01 1.216552506059643868e+01 1.360147050873544394e+01 2.416609194718914466e+01 2.061552812808830382e+01 0.000000000000000000e+00 1.500000000000000000e+01 2.435159132377184221e+01 2.435159132377184221e+01 2.624880949681337583e+01 2.319482700948640286e+01 1.552417469626002422e+01 2.901723625709381693e+01 2.973213749463701205e+01 1.923538406167134340e+01 1.403566884761819900e+01 4.123105625617660586e+00 2.906888370749726747e+01 1.897366596101027625e+01 1.000000000000000000e+01 2.332380757938120297e+01 2.376972864800942631e+01 2.195449840010014952e+01 2.061552812808830382e+01 2.662705391138869615e+01 2.334523505985750447e+01
2.473863375370596174e+01 1.044030650891055068e+01 1.649242250247064234e+01 2.555386467836127551e+01 2.828427124746190202e+01 1.500000000000000000e+01 0.000000000000000000e+00 2.441311123146740414e+01 1.456021977856103611e+01 3.101612483854164637e+01 1.664331697709323876e+01 2.745906043549196340e+01 2.385372088375312671e+01 2.906888370749726747e+01 2.247220505424423109e+01 2.720294101747088789e+01 1.392838827718411920e+01 1.702938636592640265e+01 3.014962686336266984e+01 1.802775637731994607e+01 2.640075756488817049e+01 1.523154621172781731e+01 2.507987240796890660e+01 3.101612483854164637e+01 2.996664812754339380e+01 2.983286778035259701e+01
8.944271909999159220e+00 1.486606874731850603e+01 1.077032961426900748e+01 2.236067977499789805e+00 1.280624847486569706e+01 2.435159132377184221e+01 2.441311123146740414e+01 0.000000000000000000e+00 1.600000000000000000e+01 9.486832980505138124e+00 1.100000000000000000e+01 2.024845673131658685e+01 9.219544457292887074e+00 5.385164807134503739e+00 6.082762530298219339e+00 2.280350850198275836e+01 2.024845673131658685e+01 2.121320343559642652e+01 1.972308292331602075e+01 1.513274595042155646e+01 5.000000000000000000e+00 1.400000000000000000e+01 5.000000000000000000e+00 1.860107523773827509e+01 7.071067811865475505e+00 1.140175425099137918e+01
2.154065922853801496e+01 1.252996408614166768e+01 1.562049935181330795e+01 1.802775637731994607e+01 2.600000000000000000e+01 2.435159132377184221e+01 1.456021977856103611e+01 1.600000000000000000e+01 0.000000000000000000e+00 2.517935662402834396e+01 5.000000000000000000e+00 2.983286778035259701e+01 1.081665382639196871e+01 1.868154169226940553e+01 1.802775637731994607e+01 3.111269837220809009e+01 2.102379604162863913e+01 5.830951894845300743e+00 3.106444913401813324e+01 2.051828452868319275e+01 2.022374841615668473e+01 2.000000000000000000e+00 1.941648783894759944e+01 3.088689042296100240e+01 2.302172886644267535e+01 2.596150997149434048e+01
7.071067811865475505e+00 2.061552812808830382e+01 1.476482306023340030e+01 7.280109889280518054e+00 7.071067811865475505e+00 2.624880949681337583e+01 3.101612483854164637e+01 9.486832980505138124e+00 2.517935662402834396e+01 0.000000000000000000e+00 2.022374841615668473e+01 1.612451549659709826e+01 1.835755975068581947e+01 1.063014581273464998e+01 8.544003745317530374e+00 1.923538406167134340e+01 2.262741699796952233e+01 3.059411708155671050e+01 1.403566884761819900e+01 1.627882059609970611e+01 5.000000000000000000e+00 2.319482700948640286e+01 6.082762530298219339e+00 1.216552506059643868e+01 2.828427124746190291e+00 4.000000000000000000e+00
1.700000000000000000e+01 1.104536101718726115e+01 1.220655561573370207e+01 1.303840481040529831e+01 2.147091055358388800e+01 2.319482700948640286e+01 1.664331697709323876e+01 1.100000000000000000e+01 5.000000000000000000e+00 2.022374841615668473e+01 0.000000000000000000e+00 2.617250465660480074e+01 7.211102550927978250e+00 1.392838827718411920e+01 1.341640786499873883e+01 2.780287754891568852e+01 1.941648783894759944e+01 1.044030650891055068e+01 2.701851217221259205e+01 1.749285568453590045e+01 1.529705854077835525e+01 3.000000000000000000e+00 1.456021977856103611e+01 2.662705391138869615e+01 1.802775637731994607e+01 2.118962010041709121e+01
1.140175425099137918e+01 1.878829422805593552e+01 1.421267040355189515e+01 1.868154169226940553e+01 9.055385138137417300e+00 1.552417469626002422e+01 2.745906043549196340e+01 2.024845673131658685e+01 2.983286778035259701e+01 1.612451549659709826e+01 2.617250465660480074e+01 0.000000000000000000e+00 2.865309756378880479e+01 2.451530134426252516e+01 1.431782106327635340e+01 3.162277660168379523e+00 1.400000000000000000e+01 3.560898762952971452e+01 3.605551275463989125e+00 9.848857801796103928e+00 1.627882059609970611e+01 2.831960451701259274e+01 1.552417469626002422e+01 5.656854249492380582e+00 1.800000000000000000e+01 1.216552506059643868e+01
1.780449381476485726e+01 1.726267650163206824e+01 1.627882059609970611e+01 1.140175425099137918e+01 2.193171219946130890e+01 2.901723625709381693e+01 2.385372088375312671e+01 9.219544457292887074e+00 1.081665382639196871e+01 1.835755975068581947e+01 7.211102550927978250e+00 2.865309756378880479e+01 0.000000000000000000e+00 9.055385138137417300e+00 1.442220510185595650e+01 3.087069808086626210e+01 2.500000000000000000e+01 1.431782106327635340e+01 2.860069929215018192e+01 2.158703314492290204e+01 1.421267040355189515e+01 9.219544457292887074e+00 1.414213562373095101e+01 2.765863337187866122e+01 1.565247584249852864e+01 2.061552812808830382e+01
1.315294643796590535e+01 2.000000000000000000e+01 1.615549442140351033e+01 6.000000000000000000e+00 1.615549442140351033e+01 2.973213749463701205e+01 2.906888370749726747e+01 5.385164807134503739e+00 1.868154169226940553e+01 1.063014581273464998e+01 1.392838827718411920e+01 2.451530134426252516e+01 9.055385138137417300e+00 0.000000000000000000e+00 1.104536101718726115e+01 2.729468812791236232e+01 2.563201123595259290e+01 2.308679276123039159e+01 2.340939982143925135e+01 2.039607805437113797e+01 8.246211251235321171e+00 1.676305461424021104e+01 9.055385138137417300e+00 2.193171219946130890e+01 7.810249675906653977e+00 1.389244398944980396e+01
3.605551275463989125e+00 1.208304597359457233e+01 6.403124237432848531e+00 5.099019513592784492e+00 8.062257748298549132e+00 1.923538406167134340e+01 2.247220505424423109e+01 6.082762530298219339e+00 1.802775637731994607e+01 8.544003745317530374e+00 1.341640786499873883e+01 1.431782106327635340e+01 1.442220510185595650e+01 1.104536101718726115e+01 0.000000000000000000e+00 1.676305461424021104e+01 1.526433752247374720e+01 2.376972864800942631e+01 1.421267040355189515e+01 9.486832980505138124e+00 4.242640687119284770e+00 1.615549442140351033e+01 2.828427124746190291e+00 1.345362404707370985e+01 7.810249675906653977e+00 8.062257748298549132e+00
1.414213562373095101e+01 1.941648783894759944e+01 1.562049935181330795e+01 2.137755832643194864e+01 1.216552506059643868e+01 1.403566884761819900e+01 2.720294101747088789e+01 2.280350850198275836e+01 3.111269837220809009e+01 1.923538406167134340e+01 2.780287754891568852e+01 3.162277660168379523e+00 3.087069808086626210e+01 2.729468812791236232e+01 1.676305461424021104e+01 0.000000000000000000e+00 1.334166406412633421e+01 3.679673898594819548e+01 6.403124237432848531e+00 1.063014581273464998e+01 1.910497317454279909e+01 2.973213749463701205e+01 1.824828759089465890e+01 8.602325267042626677e+00 2.102379604162863913e+01 1.529705854077835525e+01
1.555634918610404505e+01 8.544003745317530374e+00 9.486832980505138124e+00 2.012461179749810825e+01 1.749285568453590045e+01 4.123105625617660586e+00 1.392838827718411920e+01 2.024845673131658685e+01 2.102379604162863913e+01 2.262741699796952233e+01 1.941648783894759944e+01 1.400000000000000000e+01 2.500000000000000000e+01 2.563201123595259290e+01 1.526433752247374720e+01 1.334166406412633421e+01 0.000000000000000000e+00 2.607680962081059661e+01 1.711724276862369010e+01 6.403124237432848531e+00 1.941648783894759944e+01 2.024845673131658685e+01 1.802775637731994607e+01 1.843908891458577415e+01 2.280350850198275836e+01 2.000000000000000000e+01
2.731300056749532601e+01 1.780449381476485726e+01 2.140093455903269515e+01 2.334523505985750447e+01 3.178049716414140846e+01 2.906888370749726747e+01 1.702938636592640265e+01 2.121320343559642652e+01 5.830951894845300743e+00 3.059411708155671050e+01 1.044030650891055068e+01 3.560898762952971452e+01 1.431782106327635340e+01 2.308679276123039159e+01 2.376972864800942631e+01 3.679673898594819548e+01 2.607680962081059661e+01 0.000000000000000000e+00 3.689173349139343117e+01 2.617250465660480074e+01 2.570992026436488231e+01 7.615773105863908654e+00 2.500000000000000000e+01 3.671511950137163893e+01 2.828427124746190202e+01 3.162277660168379256e+01
1.081665382639196871e+01 2.088061301782110135e+01 1.565247584249852864e+01 1.788854381999831844e+01 7.280109889280518054e+00 1.897366596101027625e+01 3.014962686336266984e+01 1.972308292331602075e+01 3.106444913401813324e+01 1.403566884761819900e+01 2.701851217221259205e+01 3.605551275463989125e+00 2.860069929215018192e+01 2.340939982143925135e+01 1.421267040355189515e+01 6.403124237432848531e+00 1.711724276862369010e+01 3.689173349139343117e+01 0.000000000000000000e+00 1.216552506059643868e+01 1.523154621172781731e+01 2.941088233970548416e+01 1.476482306023340030e+01 2.236067977499789805e+00 1.627882059609970611e+01 1.004987562112088995e+01
9.219544457292887074e+00 8.944271909999159220e+00 5.385164807134503739e+00 1.456021977856103611e+01 1.118033988749894903e+01 1.000000000000000000e+01 1.802775637731994607e+01 1.513274595042155646e+01 2.051828452868319275e+01 1.627882059609970611e+01 1.749285568453590045e+01 9.848857801796103928e+00 2.158703314492290204e+01 2.039607805437113797e+01 9.486832980505138124e+00 1.063014581273464998e+01 6.403124237432848531e+00 2.617250465660480074e+01 1.216552506059643868e+01 0.000000000000000000e+00 1.341640786499873883e+01 1.920937271229854559e+01 1.208304597359457233e+01 1.300000000000000000e+01 1.664331697709323876e+01 1.360147050873544394e+01
5.000000000000000000e+00 1.612451549659709826e+01 1.063014581273464998e+01 2.828427124746190291e+00 8.062257748298549132e+00 2.332380757938120297e+01 2.640075756488817049e+01 5.000000000000000000e+00 2.022374841615668473e+01 5.000000000000000000e+00 1.529705854077835525e+01 1.627882059609970611e+01 1.421267040355189515e+01 8.246211251235321171e+00 4.242640687119284770e+00 1.910497317454279909e+01 1.941648783894759944e+01 2.570992026436488231e+01 1.523154621172781731e+01 1.341640786499873883e+01 0.000000000000000000e+00 1.824828759089465890e+01 1.414213562373095145e+00 1.389244398944980396e+01 3.605551275463989125e+00 6.403124237432848531e+00
1.969771560359220786e+01 1.170469991071962568e+01 1.414213562373095101e+01 1.603121954188139853e+01 2.416609194718914466e+01 2.376972864800942631e+01 1.523154621172781731e+01 1.400000000000000000e+01 2.000000000000000000e+00 2.319482700948640286e+01 3.000000000000000000e+00 2.831960451701259274e+01 9.219544457292887074e+00 1.676305461424021104e+01 1.615549442140351033e+01 2.973213749463701205e+01 2.024845673131658685e+01 7.615773105863908654e+00 2.941088233970548416e+01 1.920937271229854559e+01 1.824828759089465890e+01 0.000000000000000000e+00 1.746424919657297892e+01 2.915475947422650194e+01 2.102379604162863913e+01 2.404163056034261459e+01
4.123105625617660586e+00 1.476482306023340030e+01 9.219544457292887074e+00 3.162277660168379523e+00 7.810249675906653977e+00 2.195449840010014952e+01 2.507987240796890660e+01 5.000000000000000000e+00 1.941648783894759944e+01 6.082762530298219339e+00 1.456021977856103611e+01 1.552417469626002422e+01 1.414213562373095101e+01 9.055385138137417300e+00 2.828427124746190291e+00 1.824828759089465890e+01 1.802775637731994607e+01 2.500000000000000000e+01 1.476482306023340030e+01 1.208304597359457233e+01 1.414213562373095145e+00 1.746424919657297892e+01 0.000000000000000000e+00 1.360147050873544394e+01 5.000000000000000000e+00 6.708203932499369415e+00
9.899494936611665352e+00 2.137755832643194864e+01 1.581138830084189628e+01 1.664331697709323876e+01 5.830951894845300743e+00 2.061552812808830382e+01 3.101612483854164637e+01 1.860107523773827509e+01 3.088689042296100240e+01 1.216552506059643868e+01 2.662705391138869615e+01 5.656854249492380582e+00 2.765863337187866122e+01 2.193171219946130890e+01 1.345362404707370985e+01 8.602325267042626677e+00 1.843908891458577415e+01 3.671511950137163893e+01 2.236067977499789805e+00 1.300000000000000000e+01 1.389244398944980396e+01 2.915475947422650194e+01 1.360147050873544394e+01 0.000000000000000000e+00 1.456021977856103611e+01 8.246211251235321171e+00
7.615773105863908654e+00 1.972308292331602075e+01 1.421267040355189515e+01 5.000000000000000000e+00 9.055385138137417300e+00 2.662705391138869615e+01 2.996664812754339380e+01 7.071067811865475505e+00 2.302172886644267535e+01 2.828427124746190291e+00 1.802775637731994607e+01 1.800000000000000000e+01 1.565247584249852864e+01 7.810249675906653977e+00 7.810249675906653977e+00 2.102379604162863913e+01 2.280350850198275836e+01 2.828427124746190202e+01 1.627882059609970611e+01 1.664331697709323876e+01 3.605551275463989125e+00 2.102379604162863913e+01 5.000000000000000000e+00 1.456021977856103611e+01 0.000000000000000000e+00 6.324555320336759046e+00
5.099019513592784492e+00 1.941648783894759944e+01 1.334166406412633421e+01 9.219544457292887074e+00 3.162277660168379523e+00 2.334523505985750447e+01 2.983286778035259701e+01 1.140175425099137918e+01 2.596150997149434048e+01 4.000000000000000000e+00 2.118962010041709121e+01 1.216552506059643868e+01 2.061552812808830382e+01 1.389244398944980396e+01 8.062257748298549132e+00 1.529705854077835525e+01 2.000000000000000000e+01 3.162277660168379256e+01 1.004987562112088995e+01 1.360147050873544394e+01 6.403124237432848531e+00 2.404163056034261459e+01 6.708203932499369415e+00 8.246211251235321171e+00 6.324555320336759046e+00 0.000000000000000000e+00
