0.000000000000000000e+00 3.324154027718932269e+01 2.594224354214569317e+01 1.969771560359220786e+01 1.627882059609970611e+01 3.361547262794321966e+01 2.927456233660889495e+01 3.443835071544512516e+01 3.640054944640259293e+01 8.000000000000000000e+00 2.009975124224177989e+01 1.964688270438849926e+01 1.000000000000000000e+01 4.104875150354758517e+01 1.414213562373095101e+01 1.118033988749894903e+01 2.435159132377184221e+01 1.403566884761819900e+01 3.224903099319419653e+01 1.969771560359220786e+01 3.764306044943742080e+01 2.418677324489564739e+01 2.765863337187866122e+01 1.100000000000000000e+01 2.102379604162863913e+01
3.324154027718932269e+01 0.000000000000000000e+00 5.247856705360770491e+01 1.920937271229854559e+01 1.838477631085023489e+01 1.711724276862369010e+01 4.000000000000000000e+00 1.910497317454279909e+01 1.414213562373095101e+01 4.119465984809195902e+01 1.315294643796590535e+01 3.623534186398687496e+01 2.729468812791236232e+01 2.701851217221259205e+01 1.910497317454279909e+01 4.440720662234903671e+01 1.562049935181330795e+01 3.671511950137163893e+01 2.061552812808830382e+01 4.652956049652736681e+01 2.828427124746190202e+01 4.560701700396551672e+01 2.915475947422650194e+01 2.236067977499789805e+01 1.236931687685298087e+01
2.594224354214569317e+01 5.247856705360770491e+01 0.000000000000000000e+00 3.354101966249684352e+01 3.440930106817050671e+01 4.414748010928823163e+01 4.909175083453430943e+01 4.373785545725807822e+01 4.876474136094643796e+01 2.334523505985750447e+01 4.060788100849390503e+01 1.746424919657297892e+01 3.584689665786984136e+01 4.600000000000000000e+01 3.606937759374286401e+01 2.102379604162863913e+01 3.807886552931954327e+01 1.581138830084189628e+01 4.060788100849390503e+01 6.403124237432848531e+00 4.101219330881975367e+01 9.055385138137417300e+00 3.006659275674581622e+01 3.252691193458118590e+01 4.080441152620633005e+01
1.969771560359220786e+01 1.920937271229854559e+01 3.354101966249684352e+01 0.000000000000000000e+00 5.385164807134503739e+00 1.392838827718411920e+01 1.627882059609970611e+01 1.476482306023340030e+01 1.711724276862369010e+01 2.720294101747088789e+01 1.019803902718556898e+01 1.702938636592640265e+01 2.000000000000000000e+01 2.193171219946130890e+01 1.077032961426900748e+01 2.961418578992169515e+01 5.000000000000000000e+00 1.802775637731994607e+01 1.280624847486569706e+01 2.785677655436823841e+01 1.941648783894759944e+01 2.640075756488817049e+01 1.300000000000000000e+01 1.063014581273464998e+01 9.486832980505138124e+00
1.627882059609970611e+01 1.838477631085023489e+01 3.440930106817050671e+01 5.385164807134503739e+00 0.000000000000000000e+00 1.802775637731994607e+01 1.476482306023340030e+01 1.920937271229854559e+01 2.024845673131658685e+01 2.418677324489564739e+01 6.403124237432848531e+00 1.941648783894759944e+01 1.486606874731850603e+01 2.690724809414741969e+01 5.385164807134503739e+00 2.701851217221259205e+01 8.602325267042626677e+00 1.860107523773827509e+01 1.769180601295413169e+01 2.830194339616981125e+01 2.469817807045693669e+01 2.831960451701259274e+01 1.811077027627483460e+01 5.830951894845300743e+00 6.403124237432848531e+00
3.361547262794321966e+01 1.711724276862369010e+01 4.414748010928823163e+01 1.392838827718411920e+01 1.802775637731994607e+01 0.000000000000000000e+00 1.711724276862369010e+01 2.000000000000000000e+00 5.000000000000000000e+00 4.110960958218893069e+01 1.860107523773827509e+01 2.668332812825266842e+01 3.264965543462901820e+01 1.044030650891055068e+01 2.267156809750926882e+01 4.341658669218482203e+01 9.433981132056603158e+00 3.001666203960726875e+01 4.242640687119284770e+00 3.931920650267500150e+01 1.118033988749894903e+01 3.573513677041127323e+01 1.526433752247374720e+01 2.385372088375312671e+01 1.720465053408525335e+01
2.927456233660889495e+01 4.000000000000000000e+00 4.909175083453430943e+01 1.627882059609970611e+01 1.476482306023340030e+01 1.711724276862369010e+01 0.000000000000000000e+00 1.910497317454279909e+01 1.523154621172781731e+01 3.721558813185679071e+01 9.219544457292887074e+00 3.324154027718932269e+01 2.334523505985750447e+01 2.745906043549196340e+01 1.513274595042155646e+01 4.044749683231336945e+01 1.341640786499873883e+01 3.328663395418647752e+01 2.002498439450078749e+01 4.304648650006176780e+01 2.800000000000000000e+01 4.252058325093859992e+01 2.731300056749532601e+01 1.843908891458577415e+01 8.544003745317530374e+00
3.443835071544512516e+01 1.910497317454279909e+01 4.373785545725807822e+01 1.476482306023340030e+01 1.920937271229854559e+01 2.000000000000000000e+00 1.910497317454279909e+01 0.000000000000000000e+00 6.403124237432848531e+00 4.178516483155235761e+01 2.024845673131658685e+01 2.630589287593181069e+01 3.397057550292606010e+01 8.544003745317530374e+00 2.404163056034261459e+01 4.396589587396121601e+01 1.063014581273464998e+01 3.001666203960726875e+01 3.162277660168379523e+00 3.911521443121588959e+01 9.219544457292887074e+00 3.517101079013794873e+01 1.431782106327635340e+01 2.500000000000000000e+01 1.886796226411320632e+01
3.640054944640259293e+01 1.414213562373095101e+01 4.876474136094643796e+01 1.711724276862369010e+01 2.024845673131658685e+01 5.000000000000000000e+00 1.523154621172781731e+01 6.403124237432848531e+00 0.000000000000000000e+00 4.414748010928823163e+01 1.920937271229854559e+01 3.132091952673165025e+01 3.413209633175202384e+01 1.303840481040529831e+01 2.418677324489564739e+01 4.669047011971500893e+01 1.216552506059643868e+01 3.423448553724738019e+01 9.219544457292887074e+00 4.373785545725807822e+01 1.523154621172781731e+01 4.049691346263317371e+01 2.024845673131658685e+01 2.600000000000000000e+01 1.780449381476485726e+01
8.000000000000000000e+00 4.119465984809195902e+01 2.334523505985750447e+01 2.720294101747088789e+01 2.418677324489564739e+01 4.110960958218893069e+01 3.721558813185679071e+01 4.178516483155235761e+01 4.414748010928823163e+01 0.000000000000000000e+00 2.807133769523639799e+01 2.302172886644267535e+01 1.612451549659709826e+01 4.788527957525151635e+01 2.209072203437452231e+01 3.605551275463989125e+00 3.201562118716424266e+01 1.664331697709323876e+01 3.939543120718441571e+01 1.800000000000000000e+01 4.410215414239988974e+01 2.451530134426252516e+01 3.342154993413680586e+01 1.900000000000000000e+01 2.901723625709381693e+01
2.009975124224177989e+01 1.315294643796590535e+01 4.060788100849390503e+01 1.019803902718556898e+01 6.403124237432848531e+00 1.860107523773827509e+01 9.219544457292887074e+00 2.024845673131658685e+01 1.920937271229854559e+01 2.807133769523639799e+01 0.000000000000000000e+00 2.580697580112788003e+01 1.523154621172781731e+01 2.865309756378880479e+01 6.000000000000000000e+00 3.125699921617556853e+01 1.044030650891055068e+01 2.483948469674844262e+01 1.969771560359220786e+01 3.440930106817050671e+01 2.751363298439520833e+01 3.471310991541956525e+01 2.308679276123039159e+01 9.219544457292887074e+00 1.414213562373095145e+00
1.964688270438849926e+01 3.623534186398687496e+01 1.746424919657297892e+01 1.702938636592640265e+01 1.941648783894759944e+01 2.668332812825266842e+01 3.324154027718932269e+01 2.630589287593181069e+01 3.132091952673165025e+01 2.302172886644267535e+01 2.580697580112788003e+01 0.000000000000000000e+00 2.701851217221259205e+01 2.927456233660889495e+01 2.284731931759172596e+01 2.334523505985750447e+01 2.109502310972898798e+01 6.403124237432848531e+00 2.319482700948640286e+01 1.303840481040529831e+01 2.451530134426252516e+01 9.433981132056603158e+00 1.315294643796590535e+01 1.992485884517127559e+01 2.561249694973139412e+01
1.000000000000000000e+01 2.729468812791236232e+01 3.584689665786984136e+01 2.000000000000000000e+01 1.486606874731850603e+01 3.264965543462901820e+01 2.334523505985750447e+01 3.397057550292606010e+01 3.413209633175202384e+01 1.612451549659709826e+01 1.523154621172781731e+01 2.701851217221259205e+01 0.000000000000000000e+00 4.177319714841084419e+01 1.000000000000000000e+01 1.972308292331602075e+01 2.334523505985750447e+01 2.256102834535695578e+01 3.255764119219941222e+01 2.952964612046680060e+01 3.940812099047606409e+01 3.324154027718932269e+01 3.138470965295043058e+01 9.433981132056603158e+00 1.655294535724684835e+01
4.104875150354758517e+01 2.701851217221259205e+01 4.600000000000000000e+01 2.193171219946130890e+01 2.690724809414741969e+01 1.044030650891055068e+01 2.745906043549196340e+01 8.544003745317530374e+00 1.303840481040529831e+01 4.788527957525151635e+01 2.865309756378880479e+01 2.927456233660889495e+01 4.177319714841084419e+01 0.000000000000000000e+00 3.201562118716424266e+01 4.965883607174054504e+01 1.860107523773827509e+01 3.420526275297414287e+01 9.219544457292887074e+00 4.229657196511320194e+01 5.099019513592784492e+00 3.701351104664349378e+01 1.612451549659709826e+01 3.252691193458118590e+01 2.729468812791236232e+01
1.414213562373095101e+01 1.910497317454279909e+01 3.606937759374286401e+01 1.077032961426900748e+01 5.385164807134503739e+00 2.267156809750926882e+01 1.513274595042155646e+01 2.404163056034261459e+01 2.418677324489564739e+01 2.209072203437452231e+01 6.000000000000000000e+00 2.284731931759172596e+01 1.000000000000000000e+01 3.201562118716424266e+01 0.000000000000000000e+00 2.531797780234432693e+01 1.345362404707370985e+01 2.061552812808830382e+01 2.280350850198275836e+01 2.973213749463701205e+01 3.001666203960726875e+01 3.106444913401813324e+01 2.334523505985750447e+01 3.605551275463989125e+00 7.071067811865475505e+00
1.118033988749894903e+01 4.440720662234903671e+01 2.102379604162863913e+01 2.961418578992169515e+01 2.701851217221259205e+01 4.341658669218482203e+01 4.044749683231336945e+01 4.396589587396121601e+01 4.669047011971500893e+01 3.605551275463989125e+00 3.125699921617556853e+01 2.334523505985750447e+01 1.972308292331602075e+01 4.965883607174054504e+01 2.531797780234432693e+01 0.000000000000000000e+00 3.452535300326413648e+01 1.697056274847713908e+01 4.143669871020131978e+01 1.627882059609970611e+01 4.565084884205330695e+01 2.340939982143925135e+01 3.466987164671942878e+01 2.209072203437452231e+01 3.214031735997639316e+01
2.435159132377184221e+01 1.562049935181330795e+01 3.807886552931954327e+01 5.000000000000000000e+00 8.602325267042626677e+00 9.433981132056603158e+00 1.341640786499873883e+01 1.063014581273464998e+01 1.216552506059643868e+01 3.201562118716424266e+01 1.044030650891055068e+01 2.109502310972898798e+01 2.334523505985750447e+01 1.860107523773827509e+01 1.345362404707370985e+01 3.452535300326413648e+01 0.000000000000000000e+00 2.280350850198275836e+01 9.433981132056603158e+00 3.257299494980465937e+01 1.708800749063506075e+01 3.052867504494749440e+01 1.392838827718411920e+01 1.442220510185595650e+01 9.219544457292887074e+00
1.403566884761819900e+01 3.671511950137163893e+01 1.581138830084189628e+01 1.802775637731994607e+01 1.860107523773827509e+01 3.001666203960726875e+01 3.328663395418647752e+01 3.001666203960726875e+01 3.423448553724738019e+01 1.664331697709323876e+01 2.483948469674844262e+01 6.403124237432848531e+00 2.256102834535695578e+01 3.420526275297414287e+01 2.061552812808830382e+01 1.697056274847713908e+01 2.280350850198275836e+01 0.000000000000000000e+00 2.707397274136176790e+01 9.848857801796103928e+00 2.973213749463701205e+01 1.077032961426900748e+01 1.838477631085023489e+01 1.720465053408525335e+01 2.500000000000000000e+01
3.224903099319419653e+01 2.061552812808830382e+01 4.060788100849390503e+01 1.280624847486569706e+01 1.769180601295413169e+01 4.242640687119284770e+00 2.002498439450078749e+01 3.162277660168379523e+00 9.219544457292887074e+00 3.939543120718441571e+01 1.969771560359220786e+01 2.319482700948640286e+01 3.255764119219941222e+01 9.219544457292887074e+00 2.280350850198275836e+01 4.143669871020131978e+01 9.433981132056603158e+00 2.707397274136176790e+01 0.000000000000000000e+00 3.605551275463989214e+01 8.062257748298549132e+00 3.201562118716424266e+01 1.118033988749894903e+01 2.334523505985750447e+01 1.838477631085023489e+01
1.969771560359220786e+01 4.652956049652736681e+01 6.403124237432848531e+00 2.785677655436823841e+01 2.830194339616981125e+01 3.931920650267500150e+01 4.304648650006176780e+01 3.911521443121588959e+01 4.373785545725807822e+01 1.800000000000000000e+01 3.440930106817050671e+01 1.303840481040529831e+01 2.952964612046680060e+01 4.229657196511320194e+01 2.973213749463701205e+01 1.627882059609970611e+01 3.257299494980465937e+01 9.848857801796103928e+00 3.605551275463989214e+01 0.000000000000000000e+00 3.748332962798262713e+01 7.810249675906653977e+00 2.617250465660480074e+01 2.617250465660480074e+01 3.466987164671942878e+01
3.764306044943742080e+01 2.828427124746190202e+01 4.101219330881975367e+01 1.941648783894759944e+01 2.469817807045693669e+01 1.118033988749894903e+01 2.800000000000000000e+01 9.219544457292887074e+00 1.523154621172781731e+01 4.410215414239988974e+01 2.751363298439520833e+01 2.451530134426252516e+01 3.940812099047606409e+01 5.099019513592784492e+00 3.001666203960726875e+01 4.565084884205330695e+01 1.708800749063506075e+01 2.973213749463701205e+01 8.062257748298549132e+00 3.748332962798262713e+01 0.000000000000000000e+00 3.200000000000000000e+01 1.140175425099137918e+01 3.000000000000000000e+01 2.624880949681337583e+01
2.418677324489564739e+01 4.560701700396551672e+01 9.055385138137417300e+00 2.640075756488817049e+01 2.831960451701259274e+01 3.573513677041127323e+01 4.252058325093859992e+01 3.517101079013794873e+01 4.049691346263317371e+01 2.451530134426252516e+01 3.471310991541956525e+01 9.433981132056603158e+00 3.324154027718932269e+01 3.701351104664349378e+01 3.106444913401813324e+01 2.340939982143925135e+01 3.052867504494749440e+01 1.077032961426900748e+01 3.201562118716424266e+01 7.810249675906653977e+00 3.200000000000000000e+01 0.000000000000000000e+00 2.121320343559642652e+01 2.778488797889960793e+01 3.465544690232691494e+01
2.765863337187866122e+01 2.915475947422650194e+01 3.006659275674581622e+01 1.300000000000000000e+01 1.811077027627483460e+01 1.526433752247374720e+01 2.731300056749532601e+01 1.431782106327635340e+01 2.024845673131658685e+01 3.342154993413680586e+01 2.308679276123039159e+01 1.315294643796590535e+01 3.138470965295043058e+01 1.612451549659709826e+01 2.334523505985750447e+01 3.466987164671942878e+01 1.392838827718411920e+01 1.838477631085023489e+01 1.118033988749894903e+01 2.617250465660480074e+01 1.140175425099137918e+01 2.121320343559642652e+01 0.000000000000000000e+00 2.213594362117865444e+01 2.220360331117451835e+01
1.100000000000000000e+01 2.236067977499789805e+01 3.252691193458118590e+01 1.063014581273464998e+01 5.830951894845300743e+00 2.385372088375312671e+01 1.843908891458577415e+01 2.500000000000000000e+01 2.600000000000000000e+01 1.900000000000000000e+01 9.219544457292887074e+00 1.992485884517127559e+01 9.433981132056603158e+00 3.252691193458118590e+01 3.605551275463989125e+00 2.209072203437452231e+01 1.442220510185595650e+01 1.720465053408525335e+01 2.334523505985750447e+01 2.617250465660480074e+01 3.000000000000000000e+01 2.778488797889960793e+01 2.213594362117865444e+01 0.000000000000000000e+00 1.004987562112088995e+01
2.102379604162863913e+01 1.236931687685298087e+01 4.080441152620633005e+01 9.486832980505138124e+00 6.403124237432848531e+00 1.720465053408525335e+01 8.544003745317530374e+00 1.886796226411320632e+01 1.780449381476485726e+01 2.901723625709381693e+01 1.414213562373095145e+00 2.561249694973139412e+01 1.655294535724684835e+01 2.729468812791236232e+01 7.071067811865475505e+00 3.214031735997639316e+01 9.219544457292887074e+00 2.500000000000000000e+01 1.838477631085023489e+01 3.466987164671942878e+01 2.624880949681337583e+01 3.465544690232691494e+01 2.220360331117451835e+01 1.004987562112088995e+01 0.000000000000000000e+00
