0.000000000000000000e+00 1.860107523773827509e+01 1.788854381999831844e+01 1.860107523773827509e+01 4.016217125604640614e+01 2.039607805437113797e+01 3.383784863137726262e+01 5.830951894845300743e+00 5.830951894845300743e+00 1.886796226411320632e+01 1.486606874731850603e+01 1.300000000000000000e+01 3.613862199918530393e+01 7.211102550927978250e+00 6.082762530298219339e+00 2.773084924772409465e+01 1.170469991071962568e+01 1.100000000000000000e+01 9.055385138137417300e+00 5.830951894845300743e+00 1.746424919657297892e+01
1.860107523773827509e+01 0.000000000000000000e+00 3.546829570193639825e+01 2.630589287593181069e+01 3.324154027718932269e+01 1.581138830084189628e+01 3.269556544854363267e+01 1.720465053408525335e+01 2.154065922853801496e+01 1.414213562373095145e+00 2.137755832643194864e+01 2.507987240796890660e+01 2.009975124224177989e+01 1.749285568453590045e+01 2.325940669922601600e+01 2.507987240796890660e+01 8.062257748298549132e+00 1.170469991071962568e+01 1.612451549659709826e+01 2.441311123146740414e+01 3.008321791298264714e+01
1.788854381999831844e+01 3.546829570193639825e+01 0.000000000000000000e+00 1.902629759044044633e+01 4.609772228646443892e+01 3.046309242345563462e+01 3.612478373637688378e+01 1.838477631085023489e+01 1.923538406167134340e+01 3.538361202590826338e+01 1.992485884517127559e+01 1.360147050873544394e+01 4.973932046178354938e+01 1.843908891458577415e+01 1.711724276862369010e+01 3.324154027718932269e+01 2.758622844826744469e+01 2.483948469674844262e+01 2.596150997149434048e+01 1.334166406412633421e+01 1.204159457879229578e+01
1.860107523773827509e+01 2.630589287593181069e+01 1.902629759044044633e+01 0.000000000000000000e+00 2.707397274136176790e+01 1.421267040355189515e+01 1.746424919657297892e+01 1.341640786499873883e+01 2.408318915758459156e+01 2.549509756796392423e+01 5.000000000000000000e+00 6.708203932499369415e+00 3.394112549695427816e+01 1.208304597359457233e+01 2.334523505985750447e+01 1.431782106327635340e+01 1.900000000000000000e+01 1.500000000000000000e+01 2.683281572999747766e+01 2.000000000000000000e+01 7.280109889280518054e+00
4.016217125604640614e+01 3.324154027718932269e+01 4.609772228646443892e+01 2.707397274136176790e+01 0.000000000000000000e+00 2.012461179749810825e+01 1.166190378969060149e+01 3.448187929913333249e+01 4.588027898781784586e+01 3.182766092567909766e+01 2.716615541441224835e+01 3.301514803843835466e+01 2.220360331117451835e+01 3.324154027718932269e+01 4.617358552246078318e+01 1.303840481040529831e+01 3.190611226708763226e+01 2.996664812754339380e+01 4.477722635447621968e+01 4.414748010928823163e+01 3.423448553724738019e+01
2.039607805437113797e+01 1.581138830084189628e+01 3.046309242345563462e+01 1.421267040355189515e+01 2.012461179749810825e+01 0.000000000000000000e+00 1.700000000000000000e+01 1.503329637837290811e+01 2.596150997149434048e+01 1.456021977856103611e+01 1.081665382639196871e+01 1.700000000000000000e+01 1.984943324127920761e+01 1.400000000000000000e+01 2.647640458974745314e+01 9.433981132056603158e+00 1.204159457879229578e+01 9.848857801796103928e+00 2.469817807045693669e+01 2.501999200639360765e+01 2.061552812808830382e+01
3.383784863137726262e+01 3.269556544854363267e+01 3.612478373637688378e+01 1.746424919657297892e+01 1.166190378969060149e+01 1.700000000000000000e+01 0.000000000000000000e+00 2.801785145224380003e+01 3.966106403010387993e+01 3.138470965295043058e+01 1.923538406167134340e+01 2.404163056034261459e+01 2.886173937932362321e+01 2.662705391138869615e+01 3.944616584663204151e+01 7.615773105863908654e+00 2.860069929215018192e+01 2.549509756796392423e+01 4.031128874149274566e+01 3.667424164178449786e+01 2.408318915758459156e+01
5.830951894845300743e+00 1.720465053408525335e+01 1.838477631085023489e+01 1.341640786499873883e+01 3.448187929913333249e+01 1.503329637837290811e+01 2.801785145224380003e+01 0.000000000000000000e+00 1.166190378969060149e+01 1.702938636592640265e+01 9.219544457292887074e+00 9.000000000000000000e+00 3.231098884280702066e+01 1.414213562373095145e+00 1.170469991071962568e+01 2.193171219946130890e+01 9.219544457292887074e+00 6.708203932499369415e+00 1.341640786499873883e+01 1.000000000000000000e+01 1.403566884761819900e+01
5.830951894845300743e+00 2.154065922853801496e+01 1.923538406167134340e+01 2.408318915758459156e+01 4.588027898781784586e+01 2.596150997149434048e+01 3.966106403010387993e+01 1.166190378969060149e+01 0.000000000000000000e+00 2.213594362117865444e+01 2.061552812808830382e+01 1.802775637731994607e+01 4.044749683231336945e+01 1.303840481040529831e+01 2.236067977499789805e+00 3.354101966249684352e+01 1.603121954188139853e+01 1.627882059609970611e+01 7.211102550927978250e+00 6.000000000000000000e+00 2.193171219946130890e+01
1.886796226411320632e+01 1.414213562373095145e+00 3.538361202590826338e+01 2.549509756796392423e+01 3.182766092567909766e+01 1.456021977856103611e+01 3.138470965295043058e+01 1.702938636592640265e+01 2.213594362117865444e+01 0.000000000000000000e+00 2.061552812808830382e+01 2.459674775249768786e+01 1.902629759044044633e+01 1.720465053408525335e+01 2.376972864800942631e+01 2.376972864800942631e+01 7.810249675906653977e+00 1.118033988749894903e+01 1.702938636592640265e+01 2.469817807045693669e+01 2.954657340538831534e+01
1.486606874731850603e+01 2.137755832643194864e+01 1.992485884517127559e+01 5.000000000000000000e+00 2.716615541441224835e+01 1.081665382639196871e+01 1.923538406167134340e+01 9.219544457292887074e+00 2.061552812808830382e+01 2.061552812808830382e+01 0.000000000000000000e+00 6.324555320336759046e+00 3.061045573002793319e+01 7.810249675906653977e+00 2.024845673131658685e+01 1.414213562373095101e+01 1.400000000000000000e+01 1.000000000000000000e+01 2.247220505424423109e+01 1.746424919657297892e+01 9.899494936611665352e+00
1.300000000000000000e+01 2.507987240796890660e+01 1.360147050873544394e+01 6.708203932499369415e+00 3.301514803843835466e+01 1.700000000000000000e+01 2.404163056034261459e+01 9.000000000000000000e+00 1.802775637731994607e+01 2.459674775249768786e+01 6.324555320336759046e+00 0.000000000000000000e+00 3.661966684720110976e+01 8.062257748298549132e+00 1.702938636592640265e+01 2.000000000000000000e+01 1.708800749063506075e+01 1.341640786499873883e+01 2.184032966784155505e+01 1.345362404707370985e+01 5.099019513592784492e+00
3.613862199918530393e+01 2.009975124224177989e+01 4.973932046178354938e+01 3.394112549695427816e+01 2.220360331117451835e+01 1.984943324127920761e+01 2.886173937932362321e+01 3.231098884280702066e+01 4.044749683231336945e+01 1.902629759044044633e+01 3.061045573002793319e+01 3.661966684720110976e+01 0.000000000000000000e+00 3.178049716414140846e+01 4.177319714841084419e+01 2.325940669922601600e+01 2.451530134426252516e+01 2.563201123595259290e+01 3.600000000000000000e+01 4.176122603564220270e+01 4.045985664828781836e+01
7.211102550927978250e+00 1.749285568453590045e+01 1.843908891458577415e+01 1.208304597359457233e+01 3.324154027718932269e+01 1.400000000000000000e+01 2.662705391138869615e+01 1.414213562373095145e+00 1.303840481040529831e+01 1.720465053408525335e+01 7.810249675906653977e+00 8.062257748298549132e+00 3.178049716414140846e+01 0.000000000000000000e+00 1.300000000000000000e+01 2.061552812808830382e+01 9.433981132056603158e+00 6.403124237432848531e+00 1.476482306023340030e+01 1.104536101718726115e+01 1.315294643796590535e+01
6.082762530298219339e+00 2.325940669922601600e+01 1.711724276862369010e+01 2.334523505985750447e+01 4.617358552246078318e+01 2.647640458974745314e+01 3.944616584663204151e+01 1.170469991071962568e+01 2.236067977499789805e+00 2.376972864800942631e+01 2.024845673131658685e+01 1.702938636592640265e+01 4.177319714841084419e+01 1.300000000000000000e+01 0.000000000000000000e+00 3.361547262794321966e+01 1.726267650163206824e+01 1.702938636592640265e+01 9.433981132056603158e+00 4.123105625617660586e+00 2.059126028197400160e+01
2.773084924772409465e+01 2.507987240796890660e+01 3.324154027718932269e+01 1.431782106327635340e+01 1.303840481040529831e+01 9.433981132056603158e+00 7.615773105863908654e+00 2.193171219946130890e+01 3.354101966249684352e+01 2.376972864800942631e+01 1.414213562373095101e+01 2.000000000000000000e+01 2.325940669922601600e+01 2.061552812808830382e+01 3.361547262794321966e+01 0.000000000000000000e+00 2.126029162546929996e+01 1.843908891458577415e+01 3.342154993413680586e+01 3.132091952673165025e+01 2.158703314492290204e+01
1.170469991071962568e+01 8.062257748298549132e+00 2.758622844826744469e+01 1.900000000000000000e+01 3.190611226708763226e+01 1.204159457879229578e+01 2.860069929215018192e+01 9.219544457292887074e+00 1.603121954188139853e+01 7.810249675906653977e+00 1.400000000000000000e+01 1.708800749063506075e+01 2.451530134426252516e+01 9.433981132056603158e+00 1.726267650163206824e+01 2.126029162546929996e+01 0.000000000000000000e+00 4.000000000000000000e+00 1.300000000000000000e+01 1.746424919657297892e+01 2.213594362117865444e+01
1.100000000000000000e+01 1.170469991071962568e+01 2.483948469674844262e+01 1.500000000000000000e+01 2.996664812754339380e+01 9.848857801796103928e+00 2.549509756796392423e+01 6.708203932499369415e+00 1.627882059609970611e+01 1.118033988749894903e+01 1.000000000000000000e+01 1.341640786499873883e+01 2.563201123595259290e+01 6.403124237432848531e+00 1.702938636592640265e+01 1.843908891458577415e+01 4.000000000000000000e+00 0.000000000000000000e+00 1.500000000000000000e+01 1.627882059609970611e+01 1.838477631085023489e+01
9.055385138137417300e+00 1.612451549659709826e+01 2.596150997149434048e+01 2.683281572999747766e+01 4.477722635447621968e+01 2.469817807045693669e+01 4.031128874149274566e+01 1.341640786499873883e+01 7.211102550927978250e+00 1.702938636592640265e+01 2.247220505424423109e+01 2.184032966784155505e+01 3.600000000000000000e+01 1.476482306023340030e+01 9.433981132056603158e+00 3.342154993413680586e+01 1.300000000000000000e+01 1.500000000000000000e+01 0.000000000000000000e+00 1.264911064067351809e+01 2.647640458974745314e+01
5.830951894845300743e+00 2.441311123146740414e+01 1.334166406412633421e+01 2.000000000000000000e+01 4.414748010928823163e+01 2.501999200639360765e+01 3.667424164178449786e+01 1.000000000000000000e+01 6.000000000000000000e+00 2.469817807045693669e+01 1.746424919657297892e+01 1.345362404707370985e+01 4.176122603564220270e+01 1.104536101718726115e+01 4.123105625617660586e+00 3.132091952673165025e+01 1.746424919657297892e+01 1.627882059609970611e+01 1.264911064067351809e+01 0.000000000000000000e+00 1.664331697709323876e+01
1.746424919657297892e+01 3.008321791298264714e+01 1.204159457879229578e+01 7.280109889280518054e+00 3.423448553724738019e+01 2.061552812808830382e+01 2.408318915758459156e+01 1.403566884761819900e+01 2.193171219946130890e+01 2.954657340538831534e+01 9.899494936611665352e+00 5.099019513592784492e+00 4.045985664828781836e+01 1.315294643796590535e+01 2.059126028197400160e+01 2.158703314492290204e+01 2.213594362117865444e+01 1.838477631085023489e+01 2.647640458974745314e+01 1.664331697709323876e+01 0.000000000000000000e+00
