0.000000000000000000e+00 1.811077027627483460e+01 3.440930106817050671e+01 1.513274595042155646e+01 3.413209633175202384e+01 2.402082429892862692e+01 1.702938636592640265e+01 2.900000000000000000e+01 1.900000000000000000e+01 8.062257748298549132e+00 3.498571136907180090e+01 3.894868418830089496e+01 5.830951894845300743e+00 1.503329637837290811e+01 1.431782106327635340e+01 2.376972864800942631e+01 7.071067811865475505e+00 3.466987164671942878e+01 1.552417469626002422e+01 1.414213562373095101e+01 1.897366596101027625e+01 5.830951894845300743e+00 1.897366596101027625e+01 2.376972864800942631e+01 4.188078318274384770e+01 3.712142238654116966e+01
1.811077027627483460e+01 0.000000000000000000e+00 4.841487374764081864e+01 5.000000000000000000e+00 3.900000000000000000e+01 3.106444913401813324e+01 1.655294535724684835e+01 4.441846462902562109e+01 2.765863337187866122e+01 1.972308292331602075e+01 3.200000000000000000e+01 5.162363799656122865e+01 2.213594362117865444e+01 3.313608305156178346e+01 3.125699921617556853e+01 4.177319714841084419e+01 1.140175425099137918e+01 4.827007354458868349e+01 3.306055050963308162e+01 4.000000000000000000e+00 8.000000000000000000e+00 1.655294535724684835e+01 3.622154055254966920e+01 2.563201123595259290e+01 5.522680508593630577e+01 3.501428280002319582e+01
3.440930106817050671e+01 4.841487374764081864e+01 0.000000000000000000e+00 4.360045871318327926e+01 2.376972864800942631e+01 2.137755832643194864e+01 3.443835071544512516e+01 7.000000000000000000e+00 2.193171219946130890e+01 2.900000000000000000e+01 3.805259518088089266e+01 6.082762530298219339e+00 2.860069929215018192e+01 2.745906043549196340e+01 3.471310991541956525e+01 2.220360331117451835e+01 3.818376618407356915e+01 1.414213562373095145e+00 3.238826948140329165e+01 4.534313619501853765e+01 4.390899680020029905e+01 3.252691193458118590e+01 3.405877273185280529e+01 2.961418578992169515e+01 7.615773105863908654e+00 3.733630940518894192e+01
1.513274595042155646e+01 5.000000000000000000e+00 4.360045871318327926e+01 0.000000000000000000e+00 3.417601498127012150e+01 2.607680962081059661e+01 1.170469991071962568e+01 3.982461550347975532e+01 2.267156809750926882e+01 1.523154621172781731e+01 2.816025568065744622e+01 4.669047011971500893e+01 1.824828759089465890e+01 3.001666203960726875e+01 2.912043955712207222e+01 3.820994634908559817e+01 8.062257748298549132e+00 4.341658669218482203e+01 3.059411708155671050e+01 4.123105625617660586e+00 5.000000000000000000e+00 1.236931687685298087e+01 3.395585369269929288e+01 2.088061301782110135e+01 5.032891812864647818e+01 3.106444913401813324e+01
3.413209633175202384e+01 3.900000000000000000e+01 2.376972864800942631e+01 3.417601498127012150e+01 0.000000000000000000e+00 1.019803902718556898e+01 2.247220505424423109e+01 2.641968962724581260e+01 1.529705854077835525e+01 2.607680962081059661e+01 1.552417469626002422e+01 2.200000000000000000e+01 2.961418578992169515e+01 3.758989225842500304e+01 4.308131845707602992e+01 3.820994634908559817e+01 3.324154027718932269e+01 2.256102834535695578e+01 4.204759208325727826e+01 3.764306044943742080e+01 3.176476034853718033e+01 2.900000000000000000e+01 4.517742799230607176e+01 1.341640786499873883e+01 2.601922366251537611e+01 1.403566884761819900e+01
2.402082429892862692e+01 3.106444913401813324e+01 2.137755832643194864e+01 2.607680962081059661e+01 1.019803902718556898e+01 0.000000000000000000e+00 1.486606874731850603e+01 2.121320343559642652e+01 5.099019513592784492e+00 1.600000000000000000e+01 1.802775637731994607e+01 2.236067977499789805e+01 1.941648783894759944e+01 2.801785145224380003e+01 3.310589071449369669e+01 3.000000000000000000e+01 2.376972864800942631e+01 2.061552812808830382e+01 3.224903099319419653e+01 2.906888370749726747e+01 2.475883680627989492e+01 1.910497317454279909e+01 3.551056180912940619e+01 8.246211251235321171e+00 2.640075756488817049e+01 1.835755975068581947e+01
1.702938636592640265e+01 1.655294535724684835e+01 3.443835071544512516e+01 1.170469991071962568e+01 2.247220505424423109e+01 1.486606874731850603e+01 0.000000000000000000e+00 3.201562118716424266e+01 1.252996408614166768e+01 1.118033988749894903e+01 1.838477631085023489e+01 3.661966684720110976e+01 1.612451549659709826e+01 2.863564212655270680e+01 3.061045573002793319e+01 3.471310991541956525e+01 1.264911064067351809e+01 3.400000000000000000e+01 3.106444913401813324e+01 1.529705854077835525e+01 9.899494936611665352e+00 1.131370849898476116e+01 3.466987164671942878e+01 9.219544457292887074e+00 4.049691346263317371e+01 2.088061301782110135e+01
2.900000000000000000e+01 4.441846462902562109e+01 7.000000000000000000e+00 3.982461550347975532e+01 2.641968962724581260e+01 2.121320343559642652e+01 3.201562118716424266e+01 0.000000000000000000e+00 2.009975124224177989e+01 2.469817807045693669e+01 3.905124837953326988e+01 1.303840481040529831e+01 2.334523505985750447e+01 2.061552812808830382e+01 2.789265136196270589e+01 1.529705854077835525e+01 3.360059523282288296e+01 8.062257748298549132e+00 2.549509756796392423e+01 4.104875150354758517e+01 4.085339643163099055e+01 2.801785145224380003e+01 2.707397274136176790e+01 2.901723625709381693e+01 1.431782106327635340e+01 3.889730067755344578e+01
1.900000000000000000e+01 2.765863337187866122e+01 2.193171219946130890e+01 2.267156809750926882e+01 1.529705854077835525e+01 5.099019513592784492e+00 1.252996408614166768e+01 2.009975124224177989e+01 0.000000000000000000e+00 1.104536101718726115e+01 2.109502310972898798e+01 2.420743687382040932e+01 1.431782106327635340e+01 2.343074902771996193e+01 2.817800560721074277e+01 2.641968962724581260e+01 1.931320791582796659e+01 2.147091055358388800e+01 2.745906043549196340e+01 2.523885892824792521e+01 2.220360331117451835e+01 1.431782106327635340e+01 3.080584360149872580e+01 9.486832980505138124e+00 2.801785145224380003e+01 2.202271554554523902e+01
8.062257748298549132e+00 1.972308292331602075e+01 2.900000000000000000e+01 1.523154621172781731e+01 2.607680962081059661e+01 1.600000000000000000e+01 1.118033988749894903e+01 2.469817807045693669e+01 1.104536101718726115e+01 0.000000000000000000e+00 2.780287754891568852e+01 3.280243893371345365e+01 5.000000000000000000e+00 1.746424919657297892e+01 1.979898987322333070e+01 2.408318915758459156e+01 9.219544457292887074e+00 2.900000000000000000e+01 2.000000000000000000e+01 1.640121946685672683e+01 1.711724276862369010e+01 3.605551275463989125e+00 2.360084744241189370e+01 1.612451549659709826e+01 3.612478373637688378e+01 2.968164415931165934e+01
3.498571136907180090e+01 3.200000000000000000e+01 3.805259518088089266e+01 2.816025568065744622e+01 1.552417469626002422e+01 1.802775637731994607e+01 1.838477631085023489e+01 3.905124837953326988e+01 2.109502310972898798e+01 2.780287754891568852e+01 0.000000000000000000e+00 3.721558813185679071e+01 3.264965543462901820e+01 4.393176527297759293e+01 4.750789408087881327e+01 4.750789408087881327e+01 3.101612483854164637e+01 3.701351104664349378e+01 4.738143096192853676e+01 3.224903099319419653e+01 2.400000000000000000e+01 2.915475947422650194e+01 5.091168824543142080e+01 1.204159457879229578e+01 4.130375285612676350e+01 3.162277660168379523e+00
3.894868418830089496e+01 5.162363799656122865e+01 6.082762530298219339e+00 4.669047011971500893e+01 2.200000000000000000e+01 2.236067977499789805e+01 3.661966684720110976e+01 1.303840481040529831e+01 2.420743687382040932e+01 3.280243893371345365e+01 3.721558813185679071e+01 0.000000000000000000e+00 3.312099032335839155e+01 3.324154027718932269e+01 4.044749683231336945e+01 2.828427124746190202e+01 4.201190307520000999e+01 5.000000000000000000e+00 3.820994634908559817e+01 4.883646178829911833e+01 4.640043103248072498e+01 3.640054944640259293e+01 4.001249804748510996e+01 3.046309242345563462e+01 4.123105625617660586e+00 3.601388621073821383e+01
5.830951894845300743e+00 2.213594362117865444e+01 2.860069929215018192e+01 1.824828759089465890e+01 2.961418578992169515e+01 1.941648783894759944e+01 1.612451549659709826e+01 2.334523505985750447e+01 1.431782106327635340e+01 5.000000000000000000e+00 3.264965543462901820e+01 3.312099032335839155e+01 0.000000000000000000e+00 1.264911064067351809e+01 1.486606874731850603e+01 2.002498439450078749e+01 1.077032961426900748e+01 2.884441020371191300e+01 1.500000000000000000e+01 1.838477631085023489e+01 2.102379604162863913e+01 6.000000000000000000e+00 1.860107523773827509e+01 2.080865204668481283e+01 3.605551275463989214e+01 3.440930106817050671e+01
1.503329637837290811e+01 3.313608305156178346e+01 2.745906043549196340e+01 3.001666203960726875e+01 3.758989225842500304e+01 2.801785145224380003e+01 2.863564212655270680e+01 2.061552812808830382e+01 2.343074902771996193e+01 1.746424919657297892e+01 4.393176527297759293e+01 3.324154027718932269e+01 1.264911064067351809e+01 0.000000000000000000e+00 7.280109889280518054e+00 9.433981132056603158e+00 2.200000000000000000e+01 2.828427124746190202e+01 5.000000000000000000e+00 2.915475947422650194e+01 3.337663853655727308e+01 1.843908891458577415e+01 7.615773105863908654e+00 3.189043743820394994e+01 3.492849839314595783e+01 4.525483399593904466e+01
1.431782106327635340e+01 3.125699921617556853e+01 3.471310991541956525e+01 2.912043955712207222e+01 4.308131845707602992e+01 3.310589071449369669e+01 3.061045573002793319e+01 2.789265136196270589e+01 2.817800560721074277e+01 1.979898987322333070e+01 4.750789408087881327e+01 4.044749683231336945e+01 1.486606874731850603e+01 7.280109889280518054e+00 0.000000000000000000e+00 1.562049935181330795e+01 2.118962010041709121e+01 3.551056180912940619e+01 2.828427124746190291e+00 2.729468812791236232e+01 3.324154027718932269e+01 1.941648783894759944e+01 5.000000000000000000e+00 3.560898762952971452e+01 4.220189569201838253e+01 4.920365840057017692e+01
2.376972864800942631e+01 4.177319714841084419e+01 2.220360331117451835e+01 3.820994634908559817e+01 3.820994634908559817e+01 3.000000000000000000e+01 3.471310991541956525e+01 1.529705854077835525e+01 2.641968962724581260e+01 2.408318915758459156e+01 4.750789408087881327e+01 2.828427124746190202e+01 2.002498439450078749e+01 9.433981132056603158e+00 1.562049935181330795e+01 0.000000000000000000e+00 3.041381265149109936e+01 2.334523505985750447e+01 1.280624847486569706e+01 3.785498646149540036e+01 4.100000000000000000e+01 2.601922366251537611e+01 1.300000000000000000e+01 3.577708763999663688e+01 2.900000000000000000e+01 4.825971404805461873e+01
7.071067811865475505e+00 1.140175425099137918e+01 3.818376618407356915e+01 8.062257748298549132e+00 3.324154027718932269e+01 2.376972864800942631e+01 1.264911064067351809e+01 3.360059523282288296e+01 1.931320791582796659e+01 9.219544457292887074e+00 3.101612483854164637e+01 4.201190307520000999e+01 1.077032961426900748e+01 2.200000000000000000e+01 2.118962010041709121e+01 3.041381265149109936e+01 0.000000000000000000e+00 3.820994634908559817e+01 2.256102834535695578e+01 7.615773105863908654e+00 1.208304597359457233e+01 5.656854249492380582e+00 2.596150997149434048e+01 2.109502310972898798e+01 4.534313619501853765e+01 3.352610922848042208e+01
3.466987164671942878e+01 4.827007354458868349e+01 1.414213562373095145e+00 4.341658669218482203e+01 2.256102834535695578e+01 2.061552812808830382e+01 3.400000000000000000e+01 8.062257748298549132e+00 2.147091055358388800e+01 2.900000000000000000e+01 3.701351104664349378e+01 5.000000000000000000e+00 2.884441020371191300e+01 2.828427124746190202e+01 3.551056180912940619e+01 2.334523505985750447e+01 3.820994634908559817e+01 0.000000000000000000e+00 3.324154027718932269e+01 4.527692569068708650e+01 4.356604182158393002e+01 3.255764119219941222e+01 3.501428280002319582e+01 2.886173937932362321e+01 7.211102550927978250e+00 3.622154055254966920e+01
1.552417469626002422e+01 3.306055050963308162e+01 3.238826948140329165e+01 3.059411708155671050e+01 4.204759208325727826e+01 3.224903099319419653e+01 3.106444913401813324e+01 2.549509756796392423e+01 2.745906043549196340e+01 2.000000000000000000e+01 4.738143096192853676e+01 3.820994634908559817e+01 1.500000000000000000e+01 5.000000000000000000e+00 2.828427124746190291e+00 1.280624847486569706e+01 2.256102834535695578e+01 3.324154027718932269e+01 0.000000000000000000e+00 2.906888370749726747e+01 3.448187929913333249e+01 2.012461179749810825e+01 3.605551275463989125e+00 3.538361202590826338e+01 3.981205847478876336e+01 4.891829923454003648e+01
1.414213562373095101e+01 4.000000000000000000e+00 4.534313619501853765e+01 4.123105625617660586e+00 3.764306044943742080e+01 2.906888370749726747e+01 1.529705854077835525e+01 4.104875150354758517e+01 2.523885892824792521e+01 1.640121946685672683e+01 3.224903099319419653e+01 4.883646178829911833e+01 1.838477631085023489e+01 2.915475947422650194e+01 2.729468812791236232e+01 3.785498646149540036e+01 7.615773105863908654e+00 4.527692569068708650e+01 2.906888370749726747e+01 0.000000000000000000e+00 8.944271909999159220e+00 1.303840481040529831e+01 3.224903099319419653e+01 2.451530134426252516e+01 5.232590180780452016e+01 3.512833614050059339e+01
1.897366596101027625e+01 8.000000000000000000e+00 4.390899680020029905e+01 5.000000000000000000e+00 3.176476034853718033e+01 2.475883680627989492e+01 9.899494936611665352e+00 4.085339643163099055e+01 2.220360331117451835e+01 1.711724276862369010e+01 2.400000000000000000e+01 4.640043103248072498e+01 2.102379604162863913e+01 3.337663853655727308e+01 3.324154027718932269e+01 4.100000000000000000e+01 1.208304597359457233e+01 4.356604182158393002e+01 3.448187929913333249e+01 8.944271909999159220e+00 0.000000000000000000e+00 1.503329637837290811e+01 3.794733192202055250e+01 1.835755975068581947e+01 5.021951811795887721e+01 2.701851217221259205e+01
5.830951894845300743e+00 1.655294535724684835e+01 3.252691193458118590e+01 1.236931687685298087e+01 2.900000000000000000e+01 1.910497317454279909e+01 1.131370849898476116e+01 2.801785145224380003e+01 1.431782106327635340e+01 3.605551275463989125e+00 2.915475947422650194e+01 3.640054944640259293e+01 6.000000000000000000e+00 1.843908891458577415e+01 1.941648783894759944e+01 2.601922366251537611e+01 5.656854249492380582e+00 3.255764119219941222e+01 2.012461179749810825e+01 1.303840481040529831e+01 1.503329637837290811e+01 0.000000000000000000e+00 2.370653918225939449e+01 1.802775637731994607e+01 3.969886648255841521e+01 3.130495168499705727e+01
1.897366596101027625e+01 3.622154055254966920e+01 3.405877273185280529e+01 3.395585369269929288e+01 4.517742799230607176e+01 3.551056180912940619e+01 3.466987164671942878e+01 2.707397274136176790e+01 3.080584360149872580e+01 2.360084744241189370e+01 5.091168824543142080e+01 4.001249804748510996e+01 1.860107523773827509e+01 7.615773105863908654e+00 5.000000000000000000e+00 1.300000000000000000e+01 2.596150997149434048e+01 3.501428280002319582e+01 3.605551275463989125e+00 3.224903099319419653e+01 3.794733192202055250e+01 2.370653918225939449e+01 0.000000000000000000e+00 3.889730067755344578e+01 4.130375285612676350e+01 5.240229002629560995e+01
2.376972864800942631e+01 2.563201123595259290e+01 2.961418578992169515e+01 2.088061301782110135e+01 1.341640786499873883e+01 8.246211251235321171e+00 9.219544457292887074e+00 2.901723625709381693e+01 9.486832980505138124e+00 1.612451549659709826e+01 1.204159457879229578e+01 3.046309242345563462e+01 2.080865204668481283e+01 3.189043743820394994e+01 3.560898762952971452e+01 3.577708763999663688e+01 2.109502310972898798e+01 2.886173937932362321e+01 3.538361202590826338e+01 2.451530134426252516e+01 1.835755975068581947e+01 1.802775637731994607e+01 3.889730067755344578e+01 0.000000000000000000e+00 3.453983207834108526e+01 1.360147050873544394e+01
4.188078318274384770e+01 5.522680508593630577e+01 7.615773105863908654e+00 5.032891812864647818e+01 2.601922366251537611e+01 2.640075756488817049e+01 4.049691346263317371e+01 1.431782106327635340e+01 2.801785145224380003e+01 3.612478373637688378e+01 4.130375285612676350e+01 4.123105625617660586e+00 3.605551275463989214e+01 3.492849839314595783e+01 4.220189569201838253e+01 2.900000000000000000e+01 4.534313619501853765e+01 7.211102550927978250e+00 3.981205847478876336e+01 5.232590180780452016e+01 5.021951811795887721e+01 3.969886648255841521e+01 4.130375285612676350e+01 3.453983207834108526e+01 0.000000000000000000e+00 4.004996878900157498e+01
3.712142238654116966e+01 3.501428280002319582e+01 3.733630940518894192e+01 3.106444913401813324e+01 1.403566884761819900e+01 1.835755975068581947e+01 2.088061301782110135e+01 3.889730067755344578e+01 2.202271554554523902e+01 2.968164415931165934e+01 3.162277660168379523e+00 3.601388621073821383e+01 3.440930106817050671e+01 4.525483399593904466e+01 4.920365840057017692e+01 4.825971404805461873e+01 3.352610922848042208e+01 3.622154055254966920e+01 4.891829923454003648e+01 3.512833614050059339e+01 2.701851217221259205e+01 3.130495168499705727e+01 5.240229002629560995e+01 1.360147050873544394e+01 4.004996878900157498e+01 0.000000000000000000e+00
