0.000000000000000000e+00 3.162277660168379523e+00 1.581138830084189628e+01 3.757658845611187104e+01 1.252996408614166768e+01 3.162277660168379523e+00 2.765863337187866122e+01 3.517101079013794873e+01 2.915475947422650194e+01 3.443835071544512516e+01 1.923538406167134340e+01 1.063014581273464998e+01 1.802775637731994607e+01 2.308679276123039159e+01 2.121320343559642652e+01 3.668787265568828104e+01 1.252996408614166768e+01 2.247220505424423109e+01 4.148493702538308270e+01 8.000000000000000000e+00 2.343074902771996193e+01 1.104536101718726115e+01 5.099019513592784492e+00 3.312099032335839155e+01 4.019950248448355978e+01
3.162277660168379523e+00 0.000000000000000000e+00 1.843908891458577415e+01 4.071854614300466579e+01 1.044030650891055068e+01 5.656854249492380582e+00 3.080584360149872580e+01 3.785498646149540036e+01 3.231098884280702066e+01 3.757658845611187104e+01 2.088061301782110135e+01 1.220655561573370207e+01 2.061552812808830382e+01 2.570992026436488231e+01 2.408318915758459156e+01 3.984971769034255118e+01 1.345362404707370985e+01 2.563201123595259290e+01 4.414748010928823163e+01 7.615773105863908654e+00 2.640075756488817049e+01 1.019803902718556898e+01 5.656854249492380582e+00 3.534119409414458346e+01 4.328972164382672361e+01
1.581138830084189628e+01 1.843908891458577415e+01 0.000000000000000000e+00 2.517935662402834396e+01 2.830194339616981125e+01 1.280624847486569706e+01 1.931320791582796659e+01 3.330165161069342616e+01 1.811077027627483460e+01 2.209072203437452231e+01 8.485281374238569541e+00 2.109502310972898798e+01 2.061552812808830382e+01 2.385372088375312671e+01 6.324555320336759046e+00 2.607680962081059661e+01 2.418677324489564739e+01 1.300000000000000000e+01 3.920459156782531807e+01 2.284731931759172596e+01 9.219544457292887074e+00 2.600000000000000000e+01 1.969771560359220786e+01 3.522782990761707111e+01 3.228002478313794654e+01
3.757658845611187104e+01 4.071854614300466579e+01 2.517935662402834396e+01 0.000000000000000000e+00 4.825971404805461873e+01 3.546829570193639825e+01 1.220655561573370207e+01 2.500000000000000000e+01 8.602325267042626677e+00 3.162277660168379523e+00 3.114482300479487265e+01 3.612478373637688378e+01 2.780287754891568852e+01 2.594224354214569317e+01 1.902629759044044633e+01 5.099019513592784492e+00 3.889730067755344578e+01 1.526433752247374720e+01 2.765863337187866122e+01 4.161730409336962566e+01 1.603121954188139853e+01 4.420407221060068537e+01 3.911521443121588959e+01 3.238826948140329165e+01 1.341640786499873883e+01
1.252996408614166768e+01 1.044030650891055068e+01 2.830194339616981125e+01 4.825971404805461873e+01 0.000000000000000000e+00 1.565247584249852864e+01 3.712142238654116966e+01 4.004996878900157498e+01 3.966106403010387993e+01 4.522167621838005402e+01 3.132091952673165025e+01 1.334166406412633421e+01 2.353720459187963954e+01 2.828427124746190202e+01 3.342154993413680586e+01 4.652956049652736681e+01 1.200000000000000000e+01 3.301514803843835466e+01 4.600000000000000000e+01 6.708203932499369415e+00 3.538361202590826338e+01 5.000000000000000000e+00 9.219544457292887074e+00 3.535533905932737753e+01 4.838388161361177708e+01
3.162277660168379523e+00 5.656854249492380582e+00 1.280624847486569706e+01 3.546829570193639825e+01 1.565247584249852864e+01 0.000000000000000000e+00 2.617250465660480074e+01 3.511409973215887703e+01 2.720294101747088789e+01 3.231098884280702066e+01 1.612451549659709826e+01 1.252996408614166768e+01 1.835755975068581947e+01 2.325940669922601600e+01 1.843908891458577415e+01 3.492849839314595783e+01 1.486606874731850603e+01 2.061552812808830382e+01 4.143669871020131978e+01 1.104536101718726115e+01 2.080865204668481283e+01 1.414213562373095101e+01 8.000000000000000000e+00 3.383784863137726262e+01 3.901281840626231912e+01
2.765863337187866122e+01 3.080584360149872580e+01 1.931320791582796659e+01 1.220655561573370207e+01 3.712142238654116966e+01 2.617250465660480074e+01 0.000000000000000000e+00 1.655294535724684835e+01 5.000000000000000000e+00 9.848857801796103928e+00 2.729468812791236232e+01 2.441311123146740414e+01 1.562049935181330795e+01 1.392838827718411920e+01 1.500000000000000000e+01 9.433981132056603158e+00 2.701851217221259205e+01 6.324555320336759046e+00 2.140093455903269515e+01 3.041381265149109936e+01 1.272792206135785520e+01 3.275667870831839679e+01 2.823118842698620767e+01 2.209072203437452231e+01 1.315294643796590535e+01
3.517101079013794873e+01 3.785498646149540036e+01 3.330165161069342616e+01 2.500000000000000000e+01 4.004996878900157498e+01 3.511409973215887703e+01 1.655294535724684835e+01 0.000000000000000000e+00 2.118962010041709121e+01 2.418677324489564739e+01 4.177319714841084419e+01 2.701851217221259205e+01 1.726267650163206824e+01 1.216552506059643868e+01 3.061045573002793319e+01 2.002498439450078749e+01 2.807133769523639799e+01 2.140093455903269515e+01 6.324555320336759046e+00 3.401470270338990076e+01 2.884441020371191300e+01 3.505709628591620941e+01 3.324154027718932269e+01 8.602325267042626677e+00 1.431782106327635340e+01
2.915475947422650194e+01 3.231098884280702066e+01 1.811077027627483460e+01 8.602325267042626677e+00 3.966106403010387993e+01 2.720294101747088789e+01 5.000000000000000000e+00 2.118962010041709121e+01 0.000000000000000000e+00 5.656854249492380582e+00 2.529822128134703618e+01 2.758622844826744469e+01 1.972308292331602075e+01 1.868154169226940553e+01 1.264911064067351809e+01 8.000000000000000000e+00 3.041381265149109936e+01 6.708203932499369415e+00 2.555386467836127551e+01 3.301514803843835466e+01 9.848857801796103928e+00 3.560898762952971452e+01 3.052867504494749440e+01 2.707397274136176790e+01 1.476482306023340030e+01
3.443835071544512516e+01 3.757658845611187104e+01 2.209072203437452231e+01 3.162277660168379523e+00 4.522167621838005402e+01 3.231098884280702066e+01 9.848857801796103928e+00 2.418677324489564739e+01 5.656854249492380582e+00 0.000000000000000000e+00 2.828427124746190202e+01 3.324154027718932269e+01 2.523885892824792521e+01 2.376972864800942631e+01 1.600000000000000000e+01 5.656854249492380582e+00 3.606937759374286401e+01 1.220655561573370207e+01 2.751363298439520833e+01 3.860051813123756403e+01 1.300000000000000000e+01 4.123105625617660763e+01 3.605551275463989214e+01 3.106444913401813324e+01 1.421267040355189515e+01
1.923538406167134340e+01 2.088061301782110135e+01 8.485281374238569541e+00 3.114482300479487265e+01 3.132091952673165025e+01 1.612451549659709826e+01 2.729468812791236232e+01 4.177319714841084419e+01 2.529822128134703618e+01 2.828427124746190202e+01 0.000000000000000000e+00 2.729468812791236232e+01 2.865309756378880479e+01 3.220248437620923454e+01 1.264911064067351809e+01 3.298484500494128469e+01 3.014962686336266984e+01 2.109502310972898798e+01 4.763402145525821396e+01 2.716615541441224835e+01 1.552417469626002422e+01 3.026549190084311292e+01 2.408318915758459156e+01 4.360045871318327926e+01 3.992492955535426091e+01
1.063014581273464998e+01 1.220655561573370207e+01 2.109502310972898798e+01 3.612478373637688378e+01 1.334166406412633421e+01 1.252996408614166768e+01 2.441311123146740414e+01 2.701851217221259205e+01 2.758622844826744469e+01 3.324154027718932269e+01 2.729468812791236232e+01 0.000000000000000000e+00 1.019803902718556898e+01 1.503329637837290811e+01 2.435159132377184221e+01 3.383784863137726262e+01 3.162277660168379523e+00 2.126029162546929996e+01 3.313608305156178346e+01 7.000000000000000000e+00 2.549509756796392423e+01 8.544003745317530374e+00 6.708203932499369415e+00 2.340939982143925135e+01 3.511409973215887703e+01
1.802775637731994607e+01 2.061552812808830382e+01 2.061552812808830382e+01 2.780287754891568852e+01 2.353720459187963954e+01 1.835755975068581947e+01 1.562049935181330795e+01 1.726267650163206824e+01 1.972308292331602075e+01 2.523885892824792521e+01 2.865309756378880479e+01 1.019803902718556898e+01 0.000000000000000000e+00 5.099019513592784492e+00 2.109502310972898798e+01 2.475883680627989492e+01 1.208304597359457233e+01 1.456021977856103611e+01 2.353720459187963954e+01 1.711724276862369010e+01 2.102379604162863913e+01 1.868154169226940553e+01 1.603121954188139853e+01 1.562049935181330795e+01 2.507987240796890660e+01
2.308679276123039159e+01 2.570992026436488231e+01 2.385372088375312671e+01 2.594224354214569317e+01 2.828427124746190202e+01 2.325940669922601600e+01 1.392838827718411920e+01 1.216552506059643868e+01 1.868154169226940553e+01 2.376972864800942631e+01 3.220248437620923454e+01 1.503329637837290811e+01 5.099019513592784492e+00 0.000000000000000000e+00 2.308679276123039159e+01 2.220360331117451835e+01 1.649242250247064234e+01 1.503329637837290811e+01 1.843908891458577415e+01 2.202271554554523902e+01 2.236067977499789805e+01 2.334523505985750447e+01 2.109502310972898798e+01 1.140175425099137918e+01 2.109502310972898798e+01
2.121320343559642652e+01 2.408318915758459156e+01 6.324555320336759046e+00 1.902629759044044633e+01 3.342154993413680586e+01 1.843908891458577415e+01 1.500000000000000000e+01 3.061045573002793319e+01 1.264911064067351809e+01 1.600000000000000000e+01 1.264911064067351809e+01 2.435159132377184221e+01 2.109502310972898798e+01 2.308679276123039159e+01 0.000000000000000000e+00 2.039607805437113797e+01 2.751363298439520833e+01 9.219544457292887074e+00 3.606937759374286401e+01 2.745906043549196340e+01 3.000000000000000000e+00 3.052867504494749440e+01 2.441311123146740414e+01 3.401470270338990076e+01 2.731300056749532601e+01
3.668787265568828104e+01 3.984971769034255118e+01 2.607680962081059661e+01 5.099019513592784492e+00 4.652956049652736681e+01 3.492849839314595783e+01 9.433981132056603158e+00 2.002498439450078749e+01 8.000000000000000000e+00 5.656854249492380582e+00 3.298484500494128469e+01 3.383784863137726262e+01 2.475883680627989492e+01 2.220360331117451835e+01 2.039607805437113797e+01 0.000000000000000000e+00 3.640054944640259293e+01 1.431782106327635340e+01 2.256102834535695578e+01 3.982461550347975532e+01 1.746424919657297892e+01 4.219004621945797595e+01 3.757658845611187104e+01 2.765863337187866122e+01 8.602325267042626677e+00
1.252996408614166768e+01 1.345362404707370985e+01 2.418677324489564739e+01 3.889730067755344578e+01 1.200000000000000000e+01 1.486606874731850603e+01 2.701851217221259205e+01 2.807133769523639799e+01 3.041381265149109936e+01 3.606937759374286401e+01 3.014962686336266984e+01 3.162277660168379523e+00 1.208304597359457233e+01 1.649242250247064234e+01 2.751363298439520833e+01 3.640054944640259293e+01 0.000000000000000000e+00 2.420743687382040932e+01 3.400000000000000000e+01 6.708203932499369415e+00 2.863564212655270680e+01 7.000000000000000000e+00 7.810249675906653977e+00 2.353720459187963954e+01 3.716180835212409050e+01
2.247220505424423109e+01 2.563201123595259290e+01 1.300000000000000000e+01 1.526433752247374720e+01 3.301514803843835466e+01 2.061552812808830382e+01 6.324555320336759046e+00 2.140093455903269515e+01 6.708203932499369415e+00 1.220655561573370207e+01 2.109502310972898798e+01 2.126029162546929996e+01 1.456021977856103611e+01 1.503329637837290811e+01 9.219544457292887074e+00 1.431782106327635340e+01 2.420743687382040932e+01 0.000000000000000000e+00 2.687005768508880621e+01 2.640075756488817049e+01 7.615773105863908654e+00 2.906888370749726747e+01 2.385372088375312671e+01 2.529822128134703618e+01 1.941648783894759944e+01
4.148493702538308270e+01 4.414748010928823163e+01 3.920459156782531807e+01 2.765863337187866122e+01 4.600000000000000000e+01 4.143669871020131978e+01 2.140093455903269515e+01 6.324555320336759046e+00 2.555386467836127551e+01 2.751363298439520833e+01 4.763402145525821396e+01 3.313608305156178346e+01 2.353720459187963954e+01 1.843908891458577415e+01 3.606937759374286401e+01 2.256102834535695578e+01 3.400000000000000000e+01 2.687005768508880621e+01 0.000000000000000000e+00 4.011234224026316042e+01 3.405877273185280529e+01 4.100000000000000000e+01 3.945883931389771959e+01 1.208304597359457233e+01 1.500000000000000000e+01
8.000000000000000000e+00 7.615773105863908654e+00 2.284731931759172596e+01 4.161730409336962566e+01 6.708203932499369415e+00 1.104536101718726115e+01 3.041381265149109936e+01 3.401470270338990076e+01 3.301514803843835466e+01 3.860051813123756403e+01 2.716615541441224835e+01 7.000000000000000000e+00 1.711724276862369010e+01 2.202271554554523902e+01 2.745906043549196340e+01 3.982461550347975532e+01 6.708203932499369415e+00 2.640075756488817049e+01 4.011234224026316042e+01 0.000000000000000000e+00 2.920616373302046753e+01 3.162277660168379523e+00 3.162277660168379523e+00 3.008321791298264714e+01 4.176122603564220270e+01
2.343074902771996193e+01 2.640075756488817049e+01 9.219544457292887074e+00 1.603121954188139853e+01 3.538361202590826338e+01 2.080865204668481283e+01 1.272792206135785520e+01 2.884441020371191300e+01 9.848857801796103928e+00 1.300000000000000000e+01 1.552417469626002422e+01 2.549509756796392423e+01 2.102379604162863913e+01 2.236067977499789805e+01 3.000000000000000000e+00 1.746424919657297892e+01 2.863564212655270680e+01 7.615773105863908654e+00 3.405877273185280529e+01 2.920616373302046753e+01 0.000000000000000000e+00 3.220248437620923454e+01 2.624880949681337583e+01 3.289376840679705083e+01 2.459674775249768786e+01
1.104536101718726115e+01 1.019803902718556898e+01 2.600000000000000000e+01 4.420407221060068537e+01 5.000000000000000000e+00 1.414213562373095101e+01 3.275667870831839679e+01 3.505709628591620941e+01 3.560898762952971452e+01 4.123105625617660763e+01 3.026549190084311292e+01 8.544003745317530374e+00 1.868154169226940553e+01 2.334523505985750447e+01 3.052867504494749440e+01 4.219004621945797595e+01 7.000000000000000000e+00 2.906888370749726747e+01 4.100000000000000000e+01 3.162277660168379523e+00 3.220248437620923454e+01 0.000000000000000000e+00 6.324555320336759046e+00 3.041381265149109936e+01 4.365775990588614519e+01
5.099019513592784492e+00 5.656854249492380582e+00 1.969771560359220786e+01 3.911521443121588959e+01 9.219544457292887074e+00 8.000000000000000000e+00 2.823118842698620767e+01 3.324154027718932269e+01 3.052867504494749440e+01 3.605551275463989214e+01 2.408318915758459156e+01 6.708203932499369415e+00 1.603121954188139853e+01 2.109502310972898798e+01 2.441311123146740414e+01 3.757658845611187104e+01 7.810249675906653977e+00 2.385372088375312671e+01 3.945883931389771959e+01 3.162277660168379523e+00 2.624880949681337583e+01 6.324555320336759046e+00 0.000000000000000000e+00 3.008321791298264714e+01 4.002499219237900263e+01
3.312099032335839155e+01 3.534119409414458346e+01 3.522782990761707111e+01 3.238826948140329165e+01 3.535533905932737753e+01 3.383784863137726262e+01 2.209072203437452231e+01 8.602325267042626677e+00 2.707397274136176790e+01 3.106444913401813324e+01 4.360045871318327926e+01 2.340939982143925135e+01 1.562049935181330795e+01 1.140175425099137918e+01 3.401470270338990076e+01 2.765863337187866122e+01 2.353720459187963954e+01 2.529822128134703618e+01 1.208304597359457233e+01 3.008321791298264714e+01 3.289376840679705083e+01 3.041381265149109936e+01 3.008321791298264714e+01 0.000000000000000000e+00 2.282542442102665348e+01
4.019950248448355978e+01 4.328972164382672361e+01 3.228002478313794654e+01 1.341640786499873883e+01 4.838388161361177708e+01 3.901281840626231912e+01 1.315294643796590535e+01 1.431782106327635340e+01 1.476482306023340030e+01 1.421267040355189515e+01 3.992492955535426091e+01 3.511409973215887703e+01 2.507987240796890660e+01 2.109502310972898798e+01 2.731300056749532601e+01 8.602325267042626677e+00 3.716180835212409050e+01 1.941648783894759944e+01 1.500000000000000000e+01 4.176122603564220270e+01 2.459674775249768786e+01 4.365775990588614519e+01 4.002499219237900263e+01 2.282542442102665348e+01 0.000000000000000000e+00
