0.000000000000000000e+00 2.193171219946130890e+01 2.024845673131658685e+01 2.906888370749726747e+01 2.906888370749726747e+01 7.280109889280518054e+00 1.565247584249852864e+01 7.000000000000000000e+00 2.061552812808830382e+01 1.835755975068581947e+01 1.118033988749894903e+01 1.523154621172781731e+01 3.453983207834108526e+01 9.899494936611665352e+00 4.472135954999579610e+00 1.529705854077835525e+01 2.343074902771996193e+01 1.476482306023340030e+01 1.118033988749894903e+01 2.308679276123039159e+01 1.941648783894759944e+01 1.414213562373095145e+00 9.219544457292887074e+00 2.137755832643194864e+01 9.848857801796103928e+00 7.615773105863908654e+00 2.729468812791236232e+01 1.389244398944980396e+01
2.193171219946130890e+01 0.000000000000000000e+00 3.517101079013794873e+01 1.019803902718556898e+01 3.712142238654116966e+01 2.607680962081059661e+01 3.701351104664349378e+01 1.788854381999831844e+01 3.162277660168379523e+00 3.982461550347975532e+01 2.952964612046680060e+01 1.004987562112088995e+01 3.224903099319419653e+01 2.376972864800942631e+01 2.624880949681337583e+01 1.900000000000000000e+01 3.006659275674581622e+01 8.544003745317530374e+00 3.280243893371345365e+01 4.356604182158393002e+01 2.701851217221259205e+01 2.051828452868319275e+01 1.476482306023340030e+01 4.118252056394800320e+01 1.341640786499873883e+01 1.526433752247374720e+01 1.555634918610404505e+01 9.486832980505138124e+00
2.024845673131658685e+01 3.517101079013794873e+01 0.000000000000000000e+00 3.721558813185679071e+01 1.236931687685298087e+01 1.300000000000000000e+01 1.486606874731850603e+01 2.692582403567251959e+01 3.551056180912940619e+01 1.627882059609970611e+01 9.433981132056603158e+00 3.301514803843835466e+01 2.570992026436488231e+01 1.200000000000000000e+01 2.024845673131658685e+01 3.544009029333869876e+01 1.170469991071962568e+01 2.668332812825266842e+01 2.202271554554523902e+01 1.431782106327635340e+01 3.935733730830885690e+01 2.088061301782110135e+01 2.109502310972898798e+01 1.118033988749894903e+01 2.816025568065744622e+01 2.630589287593181069e+01 3.047950130825634218e+01 3.100000000000000000e+01
2.906888370749726747e+01 1.019803902718556898e+01 3.721558813185679071e+01 0.000000000000000000e+00 3.569313659514949677e+01 3.124099870362661591e+01 4.263801121065568367e+01 2.668332812825266842e+01 1.334166406412633421e+01 4.545327270945404763e+01 3.394112549695427816e+01 2.002498439450078749e+01 2.668332812825266842e+01 2.758622844826744469e+01 3.354101966249684352e+01 2.906888370749726747e+01 2.912043955712207222e+01 1.431782106327635340e+01 4.024922359499621649e+01 4.810405388322277531e+01 3.712142238654116966e+01 2.773084924772409465e+01 2.024845673131658685e+01 4.534313619501853765e+01 2.236067977499789805e+01 2.376972864800942631e+01 9.055385138137417300e+00 1.902629759044044633e+01
2.906888370749726747e+01 3.712142238654116966e+01 1.236931687685298087e+01 3.569313659514949677e+01 0.000000000000000000e+00 2.267156809750926882e+01 2.720294101747088789e+01 3.466987164671942878e+01 3.847076812334268681e+01 2.863564212655270680e+01 2.024845673131658685e+01 3.827531841800927737e+01 1.581138830084189628e+01 1.920937271229854559e+01 3.047950130825634218e+01 4.304648650006176780e+01 7.071067811865475505e+00 2.961418578992169515e+01 3.361547262794321966e+01 2.600000000000000000e+01 4.841487374764081864e+01 2.920616373302046753e+01 2.600000000000000000e+01 2.302172886644267535e+01 3.443835071544512516e+01 3.312099032335839155e+01 2.720294101747088789e+01 3.605551275463989214e+01
7.280109889280518054e+00 2.607680962081059661e+01 1.300000000000000000e+01 3.124099870362661591e+01 2.267156809750926882e+01 0.000000000000000000e+00 1.140175425099137918e+01 1.414213562373095101e+01 2.549509756796392423e+01 1.421267040355189515e+01 4.000000000000000000e+00 2.137755832643194864e+01 3.059411708155671050e+01 5.000000000000000000e+00 7.810249675906653977e+00 2.256102834535695578e+01 1.788854381999831844e+01 1.780449381476485726e+01 1.216552506059643868e+01 1.749285568453590045e+01 2.641968962724581260e+01 8.062257748298549132e+00 1.140175425099137918e+01 1.523154621172781731e+01 1.612451549659709826e+01 1.403566884761819900e+01 2.731300056749532601e+01 1.964688270438849926e+01
1.565247584249852864e+01 3.701351104664349378e+01 1.486606874731850603e+01 4.263801121065568367e+01 2.720294101747088789e+01 1.140175425099137918e+01 0.000000000000000000e+00 2.213594362117865444e+01 3.605551275463989214e+01 2.828427124746190291e+00 9.486832980505138124e+00 3.087069808086626210e+01 3.901281840626231912e+01 1.565247584249852864e+01 1.236931687685298087e+01 2.927456233660889495e+01 2.501999200639360765e+01 2.900000000000000000e+01 9.486832980505138124e+00 8.000000000000000000e+00 3.026549190084311292e+01 1.700000000000000000e+01 2.262741699796952233e+01 7.615773105863908654e+00 2.549509756796392423e+01 2.325940669922601600e+01 3.847076812334268681e+01 2.952964612046680060e+01
7.000000000000000000e+00 1.788854381999831844e+01 2.692582403567251959e+01 2.668332812825266842e+01 3.466987164671942878e+01 1.414213562373095101e+01 2.213594362117865444e+01 0.000000000000000000e+00 1.581138830084189628e+01 2.469817807045693669e+01 1.811077027627483460e+01 9.219544457292887074e+00 3.773592452822641263e+01 1.565247584249852864e+01 9.848857801796103928e+00 8.544003745317530374e+00 2.842534080710379030e+01 1.300000000000000000e+01 1.562049935181330795e+01 2.983286778035259701e+01 1.421267040355189515e+01 6.082762530298219339e+00 1.029563014098700080e+01 2.828427124746190202e+01 4.472135954999579610e+00 3.000000000000000000e+00 2.716615541441224835e+01 8.602325267042626677e+00
2.061552812808830382e+01 3.162277660168379523e+00 3.551056180912940619e+01 1.334166406412633421e+01 3.847076812334268681e+01 2.549509756796392423e+01 3.605551275463989214e+01 1.581138830084189628e+01 0.000000000000000000e+00 3.883297567789519888e+01 2.915475947422650194e+01 7.280109889280518054e+00 3.466987164671942878e+01 2.376972864800942631e+01 2.475883680627989492e+01 1.603121954188139853e+01 3.140063693621516450e+01 9.000000000000000000e+00 3.114482300479487265e+01 4.294182110716777601e+01 2.400000000000000000e+01 1.920937271229854559e+01 1.456021977856103611e+01 4.071854614300466579e+01 1.140175425099137918e+01 1.345362404707370985e+01 1.843908891458577415e+01 7.211102550927978250e+00
1.835755975068581947e+01 3.982461550347975532e+01 1.627882059609970611e+01 4.545327270945404763e+01 2.863564212655270680e+01 1.421267040355189515e+01 2.828427124746190291e+00 2.469817807045693669e+01 3.883297567789519888e+01 0.000000000000000000e+00 1.208304597359457233e+01 3.354101966249684352e+01 4.110960958218893069e+01 1.835755975068581947e+01 1.486606874731850603e+01 3.157530680769388809e+01 2.701851217221259205e+01 3.182766092567909766e+01 1.104536101718726115e+01 6.324555320336759046e+00 3.206243908376279705e+01 1.972308292331602075e+01 2.545584412271571040e+01 7.071067811865475505e+00 2.817800560721074277e+01 2.594224354214569317e+01 4.118252056394800320e+01 3.224903099319419653e+01
1.118033988749894903e+01 2.952964612046680060e+01 9.433981132056603158e+00 3.394112549695427816e+01 2.024845673131658685e+01 4.000000000000000000e+00 9.486832980505138124e+00 1.811077027627483460e+01 2.915475947422650194e+01 1.208304597359457233e+01 0.000000000000000000e+00 2.531797780234432693e+01 3.006659275674581622e+01 6.403124237432848531e+00 1.081665382639196871e+01 2.647640458974745314e+01 1.649242250247064234e+01 2.109502310972898798e+01 1.341640786499873883e+01 1.421267040355189515e+01 2.996664812754339380e+01 1.204159457879229578e+01 1.476482306023340030e+01 1.166190378969060149e+01 2.009975124224177989e+01 1.802775637731994607e+01 2.915475947422650194e+01 2.353720459187963954e+01
1.523154621172781731e+01 1.004987562112088995e+01 3.301514803843835466e+01 2.002498439450078749e+01 3.827531841800927737e+01 2.137755832643194864e+01 3.087069808086626210e+01 9.219544457292887074e+00 7.280109889280518054e+00 3.354101966249684352e+01 2.531797780234432693e+01 0.000000000000000000e+00 3.748332962798262713e+01 2.102379604162863913e+01 1.886796226411320632e+01 9.055385138137417300e+00 3.138470965295043058e+01 9.899494936611665352e+00 2.483948469674844262e+01 3.827531841800927737e+01 1.711724276862369010e+01 1.392838827718411920e+01 1.236931687685298087e+01 3.640054944640259293e+01 5.385164807134503739e+00 7.615773105863908654e+00 2.325940669922601600e+01 2.236067977499789805e+00
3.453983207834108526e+01 3.224903099319419653e+01 2.570992026436488231e+01 2.668332812825266842e+01 1.581138830084189628e+01 3.059411708155671050e+01 3.901281840626231912e+01 3.773592452822641263e+01 3.466987164671942878e+01 4.110960958218893069e+01 3.006659275674581622e+01 3.748332962798262713e+01 0.000000000000000000e+00 2.570992026436488231e+01 3.764306044943742080e+01 4.482186966202993972e+01 1.414213562373095101e+01 2.758622844826744469e+01 4.275511665286389729e+01 4.002499219237900263e+01 5.186520991955976001e+01 3.401470270338990076e+01 2.745906043549196340e+01 3.687817782917154830e+01 3.560898762952971452e+01 3.522782990761707111e+01 1.772004514666934938e+01 3.535533905932737753e+01
9.899494936611665352e+00 2.376972864800942631e+01 1.200000000000000000e+01 2.758622844826744469e+01 1.920937271229854559e+01 5.000000000000000000e+00 1.565247584249852864e+01 1.565247584249852864e+01 2.376972864800942631e+01 1.835755975068581947e+01 6.403124237432848531e+00 2.102379604162863913e+01 2.570992026436488231e+01 0.000000000000000000e+00 1.208304597359457233e+01 2.416609194718914466e+01 1.360147050873544394e+01 1.523154621172781731e+01 1.711724276862369010e+01 2.051828452868319275e+01 2.920616373302046753e+01 1.000000000000000000e+01 9.219544457292887074e+00 1.780449381476485726e+01 1.627882059609970611e+01 1.456021977856103611e+01 2.282542442102665348e+01 1.900000000000000000e+01
4.472135954999579610e+00 2.624880949681337583e+01 2.024845673131658685e+01 3.354101966249684352e+01 3.047950130825634218e+01 7.810249675906653977e+00 1.236931687685298087e+01 9.848857801796103928e+00 2.475883680627989492e+01 1.486606874731850603e+01 1.081665382639196871e+01 1.886796226411320632e+01 3.764306044943742080e+01 1.208304597359457233e+01 0.000000000000000000e+00 1.702938636592640265e+01 2.555386467836127551e+01 1.923538406167134340e+01 6.708203932499369415e+00 2.022374841615668473e+01 1.931320791582796659e+01 5.830951894845300743e+00 1.360147050873544394e+01 1.900000000000000000e+01 1.360147050873544394e+01 1.140175425099137918e+01 3.157530680769388809e+01 1.780449381476485726e+01
1.529705854077835525e+01 1.900000000000000000e+01 3.544009029333869876e+01 2.906888370749726747e+01 4.304648650006176780e+01 2.256102834535695578e+01 2.927456233660889495e+01 8.544003745317530374e+00 1.603121954188139853e+01 3.157530680769388809e+01 2.647640458974745314e+01 9.055385138137417300e+00 4.482186966202993972e+01 2.416609194718914466e+01 1.702938636592640265e+01 0.000000000000000000e+00 3.661966684720110976e+01 1.788854381999831844e+01 2.118962010041709121e+01 3.721558813185679071e+01 8.062257748298549132e+00 1.456021977856103611e+01 1.769180601295413169e+01 3.601388621073821383e+01 9.219544457292887074e+00 1.000000000000000000e+01 3.195309061734091571e+01 1.044030650891055068e+01
2.343074902771996193e+01 3.006659275674581622e+01 1.170469991071962568e+01 2.912043955712207222e+01 7.071067811865475505e+00 1.788854381999831844e+01 2.501999200639360765e+01 2.842534080710379030e+01 3.140063693621516450e+01 2.701851217221259205e+01 1.649242250247064234e+01 3.138470965295043058e+01 1.414213562373095101e+01 1.360147050873544394e+01 2.555386467836127551e+01 3.661966684720110976e+01 0.000000000000000000e+00 2.256102834535695578e+01 2.973213749463701205e+01 2.596150997149434048e+01 4.244997055358224713e+01 2.334523505985750447e+01 1.923538406167134340e+01 2.280350850198275836e+01 2.778488797889960793e+01 2.662705391138869615e+01 2.102379604162863913e+01 2.915475947422650194e+01
1.476482306023340030e+01 8.544003745317530374e+00 2.668332812825266842e+01 1.431782106327635340e+01 2.961418578992169515e+01 1.780449381476485726e+01 2.900000000000000000e+01 1.300000000000000000e+01 9.000000000000000000e+00 3.182766092567909766e+01 2.109502310972898798e+01 9.899494936611665352e+00 2.758622844826744469e+01 1.523154621172781731e+01 1.923538406167134340e+01 1.788854381999831844e+01 2.256102834535695578e+01 0.000000000000000000e+00 2.594224354214569317e+01 3.522782990761707111e+01 2.563201123595259290e+01 1.341640786499873883e+01 6.403124237432848531e+00 3.275667870831839679e+01 9.219544457292887074e+00 1.000000000000000000e+01 1.431782106327635340e+01 7.810249675906653977e+00
1.118033988749894903e+01 3.280243893371345365e+01 2.202271554554523902e+01 4.024922359499621649e+01 3.361547262794321966e+01 1.216552506059643868e+01 9.486832980505138124e+00 1.562049935181330795e+01 3.114482300479487265e+01 1.104536101718726115e+01 1.341640786499873883e+01 2.483948469674844262e+01 4.275511665286389729e+01 1.711724276862369010e+01 6.708203932499369415e+00 2.118962010041709121e+01 2.973213749463701205e+01 2.594224354214569317e+01 0.000000000000000000e+00 1.726267650163206824e+01 2.102379604162863913e+01 1.252996408614166768e+01 2.024845673131658685e+01 1.708800749063506075e+01 1.979898987322333070e+01 1.769180601295413169e+01 3.807886552931954327e+01 2.404163056034261459e+01
2.308679276123039159e+01 4.356604182158393002e+01 1.431782106327635340e+01 4.810405388322277531e+01 2.600000000000000000e+01 1.749285568453590045e+01 8.000000000000000000e+00 2.983286778035259701e+01 4.294182110716777601e+01 6.324555320336759046e+00 1.421267040355189515e+01 3.827531841800927737e+01 4.002499219237900263e+01 2.051828452868319275e+01 2.022374841615668473e+01 3.721558813185679071e+01 2.596150997149434048e+01 3.522782990761707111e+01 1.726267650163206824e+01 0.000000000000000000e+00 3.820994634908559817e+01 2.435159132377184221e+01 2.884441020371191300e+01 3.162277660168379523e+00 3.289376840679705083e+01 3.067572330035593353e+01 4.280186911806539030e+01 3.676955262170046979e+01
1.941648783894759944e+01 2.701851217221259205e+01 3.935733730830885690e+01 3.712142238654116966e+01 4.841487374764081864e+01 2.641968962724581260e+01 3.026549190084311292e+01 1.421267040355189515e+01 2.400000000000000000e+01 3.206243908376279705e+01 2.996664812754339380e+01 1.711724276862369010e+01 5.186520991955976001e+01 2.920616373302046753e+01 1.931320791582796659e+01 8.062257748298549132e+00 4.244997055358224713e+01 2.563201123595259290e+01 2.102379604162863913e+01 3.820994634908559817e+01 0.000000000000000000e+00 1.920937271229854559e+01 2.441311123146740414e+01 3.765634076752546378e+01 1.655294535724684835e+01 1.664331697709323876e+01 3.984971769034255118e+01 1.843908891458577415e+01
1.414213562373095145e+00 2.051828452868319275e+01 2.088061301782110135e+01 2.773084924772409465e+01 2.920616373302046753e+01 8.062257748298549132e+00 1.700000000000000000e+01 6.082762530298219339e+00 1.920937271229854559e+01 1.972308292331602075e+01 1.204159457879229578e+01 1.392838827718411920e+01 3.401470270338990076e+01 1.000000000000000000e+01 5.830951894845300743e+00 1.456021977856103611e+01 2.334523505985750447e+01 1.341640786499873883e+01 1.252996408614166768e+01 2.435159132377184221e+01 1.920937271229854559e+01 0.000000000000000000e+00 8.062257748298549132e+00 2.256102834535695578e+01 8.544003745317530374e+00 6.324555320336759046e+00 2.617250465660480074e+01 1.252996408614166768e+01
9.219544457292887074e+00 1.476482306023340030e+01 2.109502310972898798e+01 2.024845673131658685e+01 2.600000000000000000e+01 1.140175425099137918e+01 2.262741699796952233e+01 1.029563014098700080e+01 1.456021977856103611e+01 2.545584412271571040e+01 1.476482306023340030e+01 1.236931687685298087e+01 2.745906043549196340e+01 9.219544457292887074e+00 1.360147050873544394e+01 1.769180601295413169e+01 1.923538406167134340e+01 6.403124237432848531e+00 2.024845673131658685e+01 2.884441020371191300e+01 2.441311123146740414e+01 8.062257748298549132e+00 0.000000000000000000e+00 2.641968962724581260e+01 8.602325267042626677e+00 7.810249675906653977e+00 1.811077027627483460e+01 1.019803902718556898e+01
2.137755832643194864e+01 4.118252056394800320e+01 1.118033988749894903e+01 4.534313619501853765e+01 2.302172886644267535e+01 1.523154621172781731e+01 7.615773105863908654e+00 2.828427124746190202e+01 4.071854614300466579e+01 7.071067811865475505e+00 1.166190378969060149e+01 3.640054944640259293e+01 3.687817782917154830e+01 1.780449381476485726e+01 1.900000000000000000e+01 3.601388621073821383e+01 2.280350850198275836e+01 3.275667870831839679e+01 1.708800749063506075e+01 3.162277660168379523e+00 3.765634076752546378e+01 2.256102834535695578e+01 2.641968962724581260e+01 0.000000000000000000e+00 3.104834939252004844e+01 2.886173937932362321e+01 3.982461550347975532e+01 3.478505426185217431e+01
9.848857801796103928e+00 1.341640786499873883e+01 2.816025568065744622e+01 2.236067977499789805e+01 3.443835071544512516e+01 1.612451549659709826e+01 2.549509756796392423e+01 4.472135954999579610e+00 1.140175425099137918e+01 2.817800560721074277e+01 2.009975124224177989e+01 5.385164807134503739e+00 3.560898762952971452e+01 1.627882059609970611e+01 1.360147050873544394e+01 9.219544457292887074e+00 2.778488797889960793e+01 9.219544457292887074e+00 1.979898987322333070e+01 3.289376840679705083e+01 1.655294535724684835e+01 8.544003745317530374e+00 8.602325267042626677e+00 3.104834939252004844e+01 0.000000000000000000e+00 2.236067977499789805e+00 2.353720459187963954e+01 4.242640687119284770e+00
7.615773105863908654e+00 1.526433752247374720e+01 2.630589287593181069e+01 2.376972864800942631e+01 3.312099032335839155e+01 1.403566884761819900e+01 2.325940669922601600e+01 3.000000000000000000e+00 1.345362404707370985e+01 2.594224354214569317e+01 1.802775637731994607e+01 7.615773105863908654e+00 3.522782990761707111e+01 1.456021977856103611e+01 1.140175425099137918e+01 1.000000000000000000e+01 2.662705391138869615e+01 1.000000000000000000e+01 1.769180601295413169e+01 3.067572330035593353e+01 1.664331697709323876e+01 6.324555320336759046e+00 7.810249675906653977e+00 2.886173937932362321e+01 2.236067977499789805e+00 0.000000000000000000e+00 2.418677324489564739e+01 6.403124237432848531e+00
2.729468812791236232e+01 1.555634918610404505e+01 3.047950130825634218e+01 9.055385138137417300e+00 2.720294101747088789e+01 2.731300056749532601e+01 3.847076812334268681e+01 2.716615541441224835e+01 1.843908891458577415e+01 4.118252056394800320e+01 2.915475947422650194e+01 2.325940669922601600e+01 1.772004514666934938e+01 2.282542442102665348e+01 3.157530680769388809e+01 3.195309061734091571e+01 2.102379604162863913e+01 1.431782106327635340e+01 3.807886552931954327e+01 4.280186911806539030e+01 3.984971769034255118e+01 2.617250465660480074e+01 1.811077027627483460e+01 3.982461550347975532e+01 2.353720459187963954e+01 2.418677324489564739e+01 0.000000000000000000e+00 2.154065922853801496e+01
1.389244398944980396e+01 9.486832980505138124e+00 3.100000000000000000e+01 1.902629759044044633e+01 3.605551275463989214e+01 1.964688270438849926e+01 2.952964612046680060e+01 8.602325267042626677e+00 7.211102550927978250e+00 3.224903099319419653e+01 2.353720459187963954e+01 2.236067977499789805e+00 3.535533905932737753e+01 1.900000000000000000e+01 1.780449381476485726e+01 1.044030650891055068e+01 2.915475947422650194e+01 7.810249675906653977e+00 2.404163056034261459e+01 3.676955262170046979e+01 1.843908891458577415e+01 1.252996408614166768e+01 1.019803902718556898e+01 3.478505426185217431e+01 4.242640687119284770e+00 6.403124237432848531e+00 2.154065922853801496e+01 0.000000000000000000e+00
