0.000000000000000000e+00 2.900000000000000000e+01 1.860107523773827509e+01 6.403124237432848531e+00 3.195309061734091571e+01 1.649242250247064234e+01 3.138470965295043058e+01 8.246211251235321171e+00 3.764306044943742080e+01 2.473863375370596174e+01 1.300000000000000000e+01 2.500000000000000000e+01 1.486606874731850603e+01 1.431782106327635340e+01 1.204159457879229578e+01 2.009975124224177989e+01 6.082762530298219339e+00 2.617250465660480074e+01 3.224903099319419653e+01 7.211102550927978250e+00 2.220360331117451835e+01 3.162277660168379523e+00 1.170469991071962568e+01
2.900000000000000000e+01 0.000000000000000000e+00 3.238826948140329165e+01 2.262741699796952233e+01 1.272792206135785520e+01 2.531797780234432693e+01 1.131370849898476116e+01 3.413209633175202384e+01 8.944271909999159220e+00 1.431782106327635340e+01 3.624913792078371699e+01 2.039607805437113797e+01 1.708800749063506075e+01 2.789265136196270589e+01 3.231098884280702066e+01 2.300000000000000000e+01 2.607680962081059661e+01 3.162277660168379523e+00 8.062257748298549132e+00 3.612478373637688378e+01 7.615773105863908654e+00 3.189043743820394994e+01 2.657066051117284644e+01
1.860107523773827509e+01 3.238826948140329165e+01 0.000000000000000000e+00 1.941648783894759944e+01 4.119465984809195902e+01 7.071067811865475505e+00 4.011234224026316042e+01 1.334166406412633421e+01 4.100000000000000000e+01 3.613862199918530393e+01 1.004987562112088995e+01 3.900000000000000000e+01 1.603121954188139853e+01 5.385164807134503739e+00 7.280109889280518054e+00 1.029563014098700080e+01 1.345362404707370985e+01 2.927456233660889495e+01 3.901281840626231912e+01 1.964688270438849926e+01 2.906888370749726747e+01 1.788854381999831844e+01 8.062257748298549132e+00
6.403124237432848531e+00 2.262741699796952233e+01 1.941648783894759944e+01 0.000000000000000000e+00 2.596150997149434048e+01 1.500000000000000000e+01 2.529822128134703618e+01 1.315294643796590535e+01 3.124099870362661591e+01 1.910497317454279909e+01 1.702938636592640265e+01 2.039607805437113797e+01 1.000000000000000000e+01 1.421267040355189515e+01 1.456021977856103611e+01 1.746424919657297892e+01 6.324555320336759046e+00 1.984943324127920761e+01 2.594224354214569317e+01 1.360147050873544394e+01 1.581138830084189628e+01 9.433981132056603158e+00 1.140175425099137918e+01
3.195309061734091571e+01 1.272792206135785520e+01 4.119465984809195902e+01 2.596150997149434048e+01 0.000000000000000000e+00 3.436568055487916240e+01 1.414213562373095145e+00 3.905124837953326988e+01 1.303840481040529831e+01 7.810249675906653977e+00 4.242640687119285303e+01 1.208304597359457233e+01 2.517935662402834396e+01 3.605551275463989214e+01 3.911521443121588959e+01 3.324154027718932269e+01 3.140063693621516450e+01 1.442220510185595650e+01 5.385164807134503739e+00 3.900000000000000000e+01 1.216552506059643868e+01 3.511409973215887703e+01 3.400000000000000000e+01
1.649242250247064234e+01 2.531797780234432693e+01 7.071067811865475505e+00 1.500000000000000000e+01 3.436568055487916240e+01 0.000000000000000000e+00 3.324154027718932269e+01 1.456021977856103611e+01 3.395585369269929288e+01 2.973213749463701205e+01 1.360147050873544394e+01 3.312099032335839155e+01 9.219544457292887074e+00 3.605551275463989125e+00 9.433981132056603158e+00 4.472135954999579610e+00 1.044030650891055068e+01 2.220360331117451835e+01 3.200000000000000000e+01 2.009975124224177989e+01 2.220360331117451835e+01 1.702938636592640265e+01 5.000000000000000000e+00
3.138470965295043058e+01 1.131370849898476116e+01 4.011234224026316042e+01 2.529822128134703618e+01 1.414213562373095145e+00 3.324154027718932269e+01 0.000000000000000000e+00 3.832753579347360073e+01 1.200000000000000000e+01 7.810249675906653977e+00 4.159326868617084472e+01 1.264911064067351809e+01 2.408318915758459156e+01 3.501428280002319582e+01 3.820994634908559817e+01 3.201562118716424266e+01 3.059411708155671050e+01 1.303840481040529831e+01 4.123105625617660586e+00 3.848376280978771291e+01 1.104536101718726115e+01 3.453983207834108526e+01 3.301514803843835466e+01
8.246211251235321171e+00 3.413209633175202384e+01 1.334166406412633421e+01 1.315294643796590535e+01 3.905124837953326988e+01 1.456021977856103611e+01 3.832753579347360073e+01 0.000000000000000000e+00 4.304648650006176780e+01 3.224903099319419653e+01 5.000000000000000000e+00 3.306055050963308162e+01 1.769180601295413169e+01 1.118033988749894903e+01 6.082762530298219339e+00 1.897366596101027625e+01 8.062257748298549132e+00 3.106444913401813324e+01 3.862641583165593318e+01 6.324555320336759046e+00 2.823118842698620767e+01 5.830951894845300743e+00 9.848857801796103928e+00
3.764306044943742080e+01 8.944271909999159220e+00 4.100000000000000000e+01 3.124099870362661591e+01 1.303840481040529831e+01 3.395585369269929288e+01 1.200000000000000000e+01 4.304648650006176780e+01 0.000000000000000000e+00 1.868154169226940553e+01 4.518849411078001310e+01 2.433105012119287736e+01 2.600000000000000000e+01 3.668787265568828104e+01 4.123105625617660763e+01 3.125699921617556853e+01 3.498571136907180090e+01 1.208304597359457233e+01 8.062257748298549132e+00 4.482186966202993972e+01 1.555634918610404505e+01 4.060788100849390503e+01 3.546829570193639825e+01
2.473863375370596174e+01 1.431782106327635340e+01 3.613862199918530393e+01 1.910497317454279909e+01 7.810249675906653977e+00 2.973213749463701205e+01 7.810249675906653977e+00 3.224903099319419653e+01 1.868154169226940553e+01 0.000000000000000000e+00 3.601388621073821383e+01 6.082762530298219339e+00 2.061552812808830382e+01 3.080584360149872580e+01 3.306055050963308162e+01 2.952964612046680060e+01 2.500000000000000000e+01 1.431782106327635340e+01 1.077032961426900748e+01 3.162277660168379256e+01 9.219544457292887074e+00 2.789265136196270589e+01 2.844292530665578411e+01
1.300000000000000000e+01 3.624913792078371699e+01 1.004987562112088995e+01 1.702938636592640265e+01 4.242640687119285303e+01 1.360147050873544394e+01 4.159326868617084472e+01 5.000000000000000000e+00 4.518849411078001310e+01 3.601388621073821383e+01 0.000000000000000000e+00 3.733630940518894192e+01 1.923538406167134340e+01 1.000000000000000000e+01 4.242640687119284770e+00 1.802775637731994607e+01 1.104536101718726115e+01 3.310589071449369669e+01 4.148493702538308270e+01 1.081665382639196871e+01 3.104834939252004844e+01 1.081665382639196871e+01 1.000000000000000000e+01
2.500000000000000000e+01 2.039607805437113797e+01 3.900000000000000000e+01 2.039607805437113797e+01 1.208304597359457233e+01 3.312099032335839155e+01 1.264911064067351809e+01 3.306055050963308162e+01 2.433105012119287736e+01 6.082762530298219339e+00 3.733630940518894192e+01 0.000000000000000000e+00 2.441311123146740414e+01 3.361547262794321966e+01 3.492849839314595783e+01 3.360059523282288296e+01 2.668332812825266842e+01 2.024845673131658685e+01 1.627882059609970611e+01 3.125699921617556853e+01 1.476482306023340030e+01 2.801785145224380003e+01 3.101612483854164637e+01
1.486606874731850603e+01 1.708800749063506075e+01 1.603121954188139853e+01 1.000000000000000000e+01 2.517935662402834396e+01 9.219544457292887074e+00 2.408318915758459156e+01 1.769180601295413169e+01 2.600000000000000000e+01 2.061552812808830382e+01 1.923538406167134340e+01 2.441311123146740414e+01 0.000000000000000000e+00 1.104536101718726115e+01 1.523154621172781731e+01 9.219544457292887074e+00 1.000000000000000000e+01 1.392838827718411920e+01 2.308679276123039159e+01 2.109502310972898798e+01 1.303840481040529831e+01 1.700000000000000000e+01 9.486832980505138124e+00
1.431782106327635340e+01 2.789265136196270589e+01 5.385164807134503739e+00 1.421267040355189515e+01 3.605551275463989214e+01 3.605551275463989125e+00 3.501428280002319582e+01 1.118033988749894903e+01 3.668787265568828104e+01 3.080584360149872580e+01 1.000000000000000000e+01 3.361547262794321966e+01 1.104536101718726115e+01 0.000000000000000000e+00 5.830951894845300743e+00 8.062257748298549132e+00 8.602325267042626677e+00 2.473863375370596174e+01 3.413209633175202384e+01 1.700000000000000000e+01 2.400000000000000000e+01 1.431782106327635340e+01 2.828427124746190291e+00
1.204159457879229578e+01 3.231098884280702066e+01 7.280109889280518054e+00 1.456021977856103611e+01 3.911521443121588959e+01 9.433981132056603158e+00 3.820994634908559817e+01 6.082762530298219339e+00 4.123105625617660763e+01 3.306055050963308162e+01 4.242640687119284770e+00 3.492849839314595783e+01 1.523154621172781731e+01 5.830951894845300743e+00 0.000000000000000000e+00 1.389244398944980396e+01 8.246211251235321171e+00 2.915475947422650194e+01 3.785498646149540036e+01 1.236931687685298087e+01 2.745906043549196340e+01 1.081665382639196871e+01 5.830951894845300743e+00
2.009975124224177989e+01 2.300000000000000000e+01 1.029563014098700080e+01 1.746424919657297892e+01 3.324154027718932269e+01 4.472135954999579610e+00 3.201562118716424266e+01 1.897366596101027625e+01 3.125699921617556853e+01 2.952964612046680060e+01 1.802775637731994607e+01 3.360059523282288296e+01 9.219544457292887074e+00 8.062257748298549132e+00 1.389244398944980396e+01 0.000000000000000000e+00 1.403566884761819900e+01 2.002498439450078749e+01 3.026549190084311292e+01 2.433105012119287736e+01 2.118962010041709121e+01 2.102379604162863913e+01 9.219544457292887074e+00
6.082762530298219339e+00 2.607680962081059661e+01 1.345362404707370985e+01 6.324555320336759046e+00 3.140063693621516450e+01 1.044030650891055068e+01 3.059411708155671050e+01 8.062257748298549132e+00 3.498571136907180090e+01 2.500000000000000000e+01 1.104536101718726115e+01 2.668332812825266842e+01 1.000000000000000000e+01 8.602325267042626677e+00 8.246211251235321171e+00 1.403566884761819900e+01 0.000000000000000000e+00 2.302172886644267535e+01 3.067572330035593353e+01 1.118033988749894903e+01 2.024845673131658685e+01 7.280109889280518054e+00 5.830951894845300743e+00
2.617250465660480074e+01 3.162277660168379523e+00 2.927456233660889495e+01 1.984943324127920761e+01 1.442220510185595650e+01 2.220360331117451835e+01 1.303840481040529831e+01 3.106444913401813324e+01 1.208304597359457233e+01 1.431782106327635340e+01 3.310589071449369669e+01 2.024845673131658685e+01 1.392838827718411920e+01 2.473863375370596174e+01 2.915475947422650194e+01 2.002498439450078749e+01 2.302172886644267535e+01 0.000000000000000000e+00 1.044030650891055068e+01 3.324154027718932269e+01 6.000000000000000000e+00 2.900000000000000000e+01 2.340939982143925135e+01
3.224903099319419653e+01 8.062257748298549132e+00 3.901281840626231912e+01 2.594224354214569317e+01 5.385164807134503739e+00 3.200000000000000000e+01 4.123105625617660586e+00 3.862641583165593318e+01 8.062257748298549132e+00 1.077032961426900748e+01 4.148493702538308270e+01 1.627882059609970611e+01 2.308679276123039159e+01 3.413209633175202384e+01 3.785498646149540036e+01 3.026549190084311292e+01 3.067572330035593353e+01 1.044030650891055068e+01 0.000000000000000000e+00 3.944616584663204151e+01 1.044030650891055068e+01 3.535533905932737753e+01 3.238826948140329165e+01
7.211102550927978250e+00 3.612478373637688378e+01 1.964688270438849926e+01 1.360147050873544394e+01 3.900000000000000000e+01 2.009975124224177989e+01 3.848376280978771291e+01 6.324555320336759046e+00 4.482186966202993972e+01 3.162277660168379256e+01 1.081665382639196871e+01 3.125699921617556853e+01 2.109502310972898798e+01 1.700000000000000000e+01 1.236931687685298087e+01 2.433105012119287736e+01 1.118033988749894903e+01 3.324154027718932269e+01 3.944616584663204151e+01 0.000000000000000000e+00 2.941088233970548416e+01 4.242640687119284770e+00 1.513274595042155646e+01
2.220360331117451835e+01 7.615773105863908654e+00 2.906888370749726747e+01 1.581138830084189628e+01 1.216552506059643868e+01 2.220360331117451835e+01 1.104536101718726115e+01 2.823118842698620767e+01 1.555634918610404505e+01 9.219544457292887074e+00 3.104834939252004844e+01 1.476482306023340030e+01 1.303840481040529831e+01 2.400000000000000000e+01 2.745906043549196340e+01 2.118962010041709121e+01 2.024845673131658685e+01 6.000000000000000000e+00 1.044030650891055068e+01 2.941088233970548416e+01 0.000000000000000000e+00 2.523885892824792521e+01 2.209072203437452231e+01
3.162277660168379523e+00 3.189043743820394994e+01 1.788854381999831844e+01 9.433981132056603158e+00 3.511409973215887703e+01 1.702938636592640265e+01 3.453983207834108526e+01 5.830951894845300743e+00 4.060788100849390503e+01 2.789265136196270589e+01 1.081665382639196871e+01 2.801785145224380003e+01 1.700000000000000000e+01 1.431782106327635340e+01 1.081665382639196871e+01 2.102379604162863913e+01 7.280109889280518054e+00 2.900000000000000000e+01 3.535533905932737753e+01 4.242640687119284770e+00 2.523885892824792521e+01 0.000000000000000000e+00 1.204159457879229578e+01
1.170469991071962568e+01 2.657066051117284644e+01 8.062257748298549132e+00 1.140175425099137918e+01 3.400000000000000000e+01 5.000000000000000000e+00 3.301514803843835466e+01 9.848857801796103928e+00 3.546829570193639825e+01 2.844292530665578411e+01 1.000000000000000000e+01 3.101612483854164637e+01 9.486832980505138124e+00 2.828427124746190291e+00 5.830951894845300743e+00 9.219544457292887074e+00 5.830951894845300743e+00 2.340939982143925135e+01 3.238826948140329165e+01 1.513274595042155646e+01 2.209072203437452231e+01 1.204159457879229578e+01 0.000000000000000000e+00
