0.000000000000000000e+00 1.627882059609970611e+01 2.729468812791236232e+01 4.123105625617660586e+00 2.121320343559642652e+01 7.810249675906653977e+00 1.360147050873544394e+01 1.529705854077835525e+01 2.416609194718914466e+01 1.702938636592640265e+01 5.385164807134503739e+00 4.123105625617660586e+00 8.485281374238569541e+00 2.941088233970548416e+01 3.008321791298264714e+01 1.000000000000000000e+01 2.000000000000000000e+00 8.000000000000000000e+00 1.708800749063506075e+01 2.816025568065744622e+01 7.615773105863908654e+00 1.860107523773827509e+01 3.605551275463989125e+00 2.549509756796392423e+01 2.473863375370596174e+01 1.655294535724684835e+01 2.080865204668481283e+01 2.332380757938120297e+01
1.627882059609970611e+01 0.000000000000000000e+00 1.788854381999831844e+01 2.039607805437113797e+01 5.000000000000000000e+00 2.121320343559642652e+01 2.778488797889960793e+01 2.617250465660480074e+01 1.431782106327635340e+01 1.118033988749894903e+01 1.612451549659709826e+01 1.655294535724684835e+01 2.376972864800942631e+01 1.697056274847713908e+01 1.843908891458577415e+01 1.486606874731850603e+01 1.603121954188139853e+01 1.941648783894759944e+01 3.000000000000000000e+00 1.200000000000000000e+01 2.300000000000000000e+01 1.403566884761819900e+01 1.303840481040529831e+01 9.219544457292887074e+00 1.204159457879229578e+01 2.012461179749810825e+01 1.503329637837290811e+01 1.552417469626002422e+01
2.729468812791236232e+01 1.788854381999831844e+01 0.000000000000000000e+00 3.046309242345563462e+01 1.627882059609970611e+01 3.466987164671942878e+01 3.206243908376279705e+01 2.707397274136176790e+01 3.605551275463989125e+00 2.906888370749726747e+01 2.340939982143925135e+01 2.469817807045693669e+01 3.080584360149872580e+01 5.656854249492380582e+00 4.472135954999579610e+00 1.868154169226940553e+01 2.830194339616981125e+01 2.451530134426252516e+01 2.061552812808830382e+01 1.649242250247064234e+01 3.488552708502481892e+01 9.219544457292887074e+00 2.580697580112788003e+01 1.802775637731994607e+01 7.000000000000000000e+00 1.711724276862369010e+01 7.071067811865475505e+00 4.123105625617660586e+00
4.123105625617660586e+00 2.039607805437113797e+01 3.046309242345563462e+01 0.000000000000000000e+00 2.531797780234432693e+01 7.071067811865475505e+00 1.077032961426900748e+01 1.403566884761819900e+01 2.751363298439520833e+01 2.051828452868319275e+01 7.211102550927978250e+00 5.830951894845300743e+00 5.385164807134503739e+00 3.298484500494128469e+01 3.352610922848042208e+01 1.220655561573370207e+01 5.000000000000000000e+00 8.062257748298549132e+00 2.118962010041709121e+01 3.224903099319419653e+01 5.000000000000000000e+00 2.147091055358388800e+01 7.615773105863908654e+00 2.961418578992169515e+01 2.844292530665578411e+01 1.780449381476485726e+01 2.370653918225939449e+01 2.640075756488817049e+01
2.121320343559642652e+01 5.000000000000000000e+00 1.627882059609970611e+01 2.531797780234432693e+01 0.000000000000000000e+00 2.617250465660480074e+01 3.220248437620923454e+01 3.000000000000000000e+01 1.303840481040529831e+01 1.414213562373095101e+01 2.061552812808830382e+01 2.118962010041709121e+01 2.846049894151541437e+01 1.389244398944980396e+01 1.565247584249852864e+01 1.860107523773827509e+01 2.102379604162863913e+01 2.370653918225939449e+01 5.830951894845300743e+00 7.000000000000000000e+00 2.800000000000000000e+01 1.523154621172781731e+01 1.802775637731994607e+01 4.472135954999579610e+00 9.486832980505138124e+00 2.280350850198275836e+01 1.552417469626002422e+01 1.503329637837290811e+01
7.810249675906653977e+00 2.121320343559642652e+01 3.466987164671942878e+01 7.071067811865475505e+00 2.617250465660480074e+01 0.000000000000000000e+00 1.726267650163206824e+01 2.109502310972898798e+01 3.138470965295043058e+01 1.746424919657297892e+01 1.303840481040529831e+01 1.166190378969060149e+01 1.204159457879229578e+01 3.624913792078371699e+01 3.712142238654116966e+01 1.780449381476485726e+01 6.403124237432848531e+00 1.486606874731850603e+01 2.100000000000000000e+01 3.313608305156178346e+01 3.605551275463989125e+00 2.624880949681337583e+01 8.944271909999159220e+00 3.001666203960726875e+01 3.138470965295043058e+01 2.418677324489564739e+01 2.842534080710379030e+01 3.080584360149872580e+01
1.360147050873544394e+01 2.778488797889960793e+01 3.206243908376279705e+01 1.077032961426900748e+01 3.220248437620923454e+01 1.726267650163206824e+01 0.000000000000000000e+00 6.403124237432848531e+00 3.001666203960726875e+01 3.061045573002793319e+01 1.166190378969060149e+01 1.140175425099137918e+01 5.385164807134503739e+00 3.605551275463989214e+01 3.600000000000000000e+01 1.431782106327635340e+01 1.526433752247374720e+01 8.544003745317530374e+00 2.941088233970548416e+01 3.862641583165593318e+01 1.403566884761819900e+01 2.300000000000000000e+01 1.702938636592640265e+01 3.667424164178449786e+01 3.238826948140329165e+01 1.552417469626002422e+01 2.501999200639360765e+01 2.801785145224380003e+01
1.529705854077835525e+01 2.617250465660480074e+01 2.707397274136176790e+01 1.403566884761819900e+01 3.000000000000000000e+01 2.109502310972898798e+01 6.403124237432848531e+00 0.000000000000000000e+00 2.549509756796392423e+01 3.130495168499705727e+01 1.118033988749894903e+01 1.170469991071962568e+01 9.486832980505138124e+00 3.157530680769388809e+01 3.125699921617556853e+01 1.140175425099137918e+01 1.726267650163206824e+01 7.615773105863908654e+00 2.831960451701259274e+01 3.584689665786984136e+01 1.843908891458577415e+01 1.843908891458577415e+01 1.802775637731994607e+01 3.440930106817050671e+01 2.846049894151541437e+01 1.000000000000000000e+01 2.022374841615668473e+01 2.319482700948640286e+01
2.416609194718914466e+01 1.431782106327635340e+01 3.605551275463989125e+00 2.751363298439520833e+01 1.303840481040529831e+01 3.138470965295043058e+01 3.001666203960726875e+01 2.549509756796392423e+01 0.000000000000000000e+00 2.549509756796392423e+01 2.061552812808830382e+01 2.184032966784155505e+01 2.828427124746190202e+01 6.082762530298219339e+00 6.082762530298219339e+00 1.612451549659709826e+01 2.505992817228333536e+01 2.209072203437452231e+01 1.708800749063506075e+01 1.431782106327635340e+01 3.178049716414140846e+01 7.071067811865475505e+00 2.247220505424423109e+01 1.529705854077835525e+01 4.472135954999579610e+00 1.581138830084189628e+01 5.385164807134503739e+00 2.828427124746190291e+00
1.702938636592640265e+01 1.118033988749894903e+01 2.906888370749726747e+01 2.051828452868319275e+01 1.414213562373095101e+01 1.746424919657297892e+01 3.061045573002793319e+01 3.130495168499705727e+01 2.549509756796392423e+01 0.000000000000000000e+00 2.012461179749810825e+01 1.972308292331602075e+01 2.549509756796392423e+01 2.780287754891568852e+01 2.941088233970548416e+01 2.158703314492290204e+01 1.555634918610404505e+01 2.370653918225939449e+01 8.602325267042626677e+00 1.972308292331602075e+01 2.059126028197400160e+01 2.433105012119287736e+01 1.360147050873544394e+01 1.612451549659709826e+01 2.302172886644267535e+01 2.828427124746190202e+01 2.570992026436488231e+01 2.657066051117284644e+01
5.385164807134503739e+00 1.612451549659709826e+01 2.340939982143925135e+01 7.211102550927978250e+00 2.061552812808830382e+01 1.303840481040529831e+01 1.166190378969060149e+01 1.118033988749894903e+01 2.061552812808830382e+01 2.012461179749810825e+01 0.000000000000000000e+00 1.414213562373095145e+00 8.062257748298549132e+00 2.630589287593181069e+01 2.668332812825266842e+01 5.000000000000000000e+00 7.280109889280518054e+00 3.605551275463989125e+00 1.780449381476485726e+01 2.720294101747088789e+01 1.204159457879229578e+01 1.431782106327635340e+01 7.071067811865475505e+00 2.507987240796890660e+01 2.202271554554523902e+01 1.118033988749894903e+01 1.655294535724684835e+01 1.931320791582796659e+01
4.123105625617660586e+00 1.655294535724684835e+01 2.469817807045693669e+01 5.830951894845300743e+00 2.118962010041709121e+01 1.166190378969060149e+01 1.140175425099137918e+01 1.170469991071962568e+01 2.184032966784155505e+01 1.972308292331602075e+01 1.414213562373095145e+00 0.000000000000000000e+00 7.280109889280518054e+00 2.745906043549196340e+01 2.789265136196270589e+01 6.403124237432848531e+00 6.082762530298219339e+00 4.123105625617660586e+00 1.802775637731994607e+01 2.789265136196270589e+01 1.063014581273464998e+01 1.565247584249852864e+01 6.324555320336759046e+00 2.563201123595259290e+01 2.308679276123039159e+01 1.252996408614166768e+01 1.788854381999831844e+01 2.061552812808830382e+01
8.485281374238569541e+00 2.376972864800942631e+01 3.080584360149872580e+01 5.385164807134503739e+00 2.846049894151541437e+01 1.204159457879229578e+01 5.385164807134503739e+00 9.486832980505138124e+00 2.828427124746190202e+01 2.549509756796392423e+01 8.062257748298549132e+00 7.280109889280518054e+00 0.000000000000000000e+00 3.413209633175202384e+01 3.436568055487916240e+01 1.216552506059643868e+01 1.000000000000000000e+01 6.324555320336759046e+00 2.505992817228333536e+01 3.517101079013794873e+01 9.055385138137417300e+00 2.158703314492290204e+01 1.204159457879229578e+01 3.289376840679705083e+01 3.000000000000000000e+01 1.581138830084189628e+01 2.376972864800942631e+01 2.668332812825266842e+01
2.941088233970548416e+01 1.697056274847713908e+01 5.656854249492380582e+00 3.298484500494128469e+01 1.389244398944980396e+01 3.624913792078371699e+01 3.605551275463989214e+01 3.157530680769388809e+01 6.082762530298219339e+00 2.780287754891568852e+01 2.630589287593181069e+01 2.745906043549196340e+01 3.413209633175202384e+01 0.000000000000000000e+00 2.000000000000000000e+00 2.202271554554523902e+01 3.008321791298264714e+01 2.801785145224380003e+01 1.920937271229854559e+01 1.200000000000000000e+01 3.700000000000000000e+01 1.315294643796590535e+01 2.731300056749532601e+01 1.431782106327635340e+01 5.000000000000000000e+00 2.184032966784155505e+01 1.140175425099137918e+01 8.544003745317530374e+00
3.008321791298264714e+01 1.843908891458577415e+01 4.472135954999579610e+00 3.352610922848042208e+01 1.565247584249852864e+01 3.712142238654116966e+01 3.600000000000000000e+01 3.125699921617556853e+01 6.082762530298219339e+00 2.941088233970548416e+01 2.668332812825266842e+01 2.789265136196270589e+01 3.436568055487916240e+01 2.000000000000000000e+00 0.000000000000000000e+00 2.220360331117451835e+01 3.087069808086626210e+01 2.816025568065744622e+01 2.080865204668481283e+01 1.400000000000000000e+01 3.769615364994152884e+01 1.300000000000000000e+01 2.817800560721074277e+01 1.627882059609970611e+01 6.403124237432848531e+00 2.137755832643194864e+01 1.104536101718726115e+01 8.062257748298549132e+00
1.000000000000000000e+01 1.486606874731850603e+01 1.868154169226940553e+01 1.220655561573370207e+01 1.860107523773827509e+01 1.780449381476485726e+01 1.431782106327635340e+01 1.140175425099137918e+01 1.612451549659709826e+01 2.158703314492290204e+01 5.000000000000000000e+00 6.403124237432848531e+00 1.216552506059643868e+01 2.202271554554523902e+01 2.220360331117451835e+01 0.000000000000000000e+00 1.166190378969060149e+01 6.000000000000000000e+00 1.720465053408525335e+01 2.459674775249768786e+01 1.702938636592640265e+01 9.486832980505138124e+00 1.044030650891055068e+01 2.302172886644267535e+01 1.811077027627483460e+01 7.071067811865475505e+00 1.170469991071962568e+01 1.456021977856103611e+01
2.000000000000000000e+00 1.603121954188139853e+01 2.830194339616981125e+01 5.000000000000000000e+00 2.102379604162863913e+01 6.403124237432848531e+00 1.526433752247374720e+01 1.726267650163206824e+01 2.505992817228333536e+01 1.555634918610404505e+01 7.280109889280518054e+00 6.082762530298219339e+00 1.000000000000000000e+01 3.008321791298264714e+01 3.087069808086626210e+01 1.166190378969060149e+01 0.000000000000000000e+00 1.000000000000000000e+01 1.649242250247064234e+01 2.801785145224380003e+01 7.071067811865475505e+00 1.984943324127920761e+01 3.000000000000000000e+00 2.517935662402834396e+01 2.529822128134703618e+01 1.838477631085023489e+01 2.202271554554523902e+01 2.441311123146740414e+01
8.000000000000000000e+00 1.941648783894759944e+01 2.451530134426252516e+01 8.062257748298549132e+00 2.370653918225939449e+01 1.486606874731850603e+01 8.544003745317530374e+00 7.615773105863908654e+00 2.209072203437452231e+01 2.370653918225939449e+01 3.605551275463989125e+00 4.123105625617660586e+00 6.324555320336759046e+00 2.801785145224380003e+01 2.816025568065744622e+01 6.000000000000000000e+00 1.000000000000000000e+01 0.000000000000000000e+00 2.126029162546929996e+01 3.008321791298264714e+01 1.303840481040529831e+01 1.529705854077835525e+01 1.044030650891055068e+01 2.817800560721074277e+01 2.408318915758459156e+01 9.899494936611665352e+00 1.746424919657297892e+01 2.039607805437113797e+01
1.708800749063506075e+01 3.000000000000000000e+00 2.061552812808830382e+01 2.118962010041709121e+01 5.830951894845300743e+00 2.100000000000000000e+01 2.941088233970548416e+01 2.831960451701259274e+01 1.708800749063506075e+01 8.602325267042626677e+00 1.780449381476485726e+01 1.802775637731994607e+01 2.505992817228333536e+01 1.920937271229854559e+01 2.080865204668481283e+01 1.720465053408525335e+01 1.649242250247064234e+01 2.126029162546929996e+01 0.000000000000000000e+00 1.236931687685298087e+01 2.319482700948640286e+01 1.702938636592640265e+01 1.360147050873544394e+01 9.055385138137417300e+00 1.442220510185595650e+01 2.284731931759172596e+01 1.802775637731994607e+01 1.843908891458577415e+01
2.816025568065744622e+01 1.200000000000000000e+01 1.649242250247064234e+01 3.224903099319419653e+01 7.000000000000000000e+00 3.313608305156178346e+01 3.862641583165593318e+01 3.584689665786984136e+01 1.431782106327635340e+01 1.972308292331602075e+01 2.720294101747088789e+01 2.789265136196270589e+01 3.517101079013794873e+01 1.200000000000000000e+01 1.400000000000000000e+01 2.459674775249768786e+01 2.801785145224380003e+01 3.008321791298264714e+01 1.236931687685298087e+01 0.000000000000000000e+00 3.500000000000000000e+01 1.910497317454279909e+01 2.501999200639360765e+01 3.605551275463989125e+00 9.848857801796103928e+00 2.765863337187866122e+01 1.860107523773827509e+01 1.700000000000000000e+01
7.615773105863908654e+00 2.300000000000000000e+01 3.488552708502481892e+01 5.000000000000000000e+00 2.800000000000000000e+01 3.605551275463989125e+00 1.403566884761819900e+01 1.843908891458577415e+01 3.178049716414140846e+01 2.059126028197400160e+01 1.204159457879229578e+01 1.063014581273464998e+01 9.055385138137417300e+00 3.700000000000000000e+01 3.769615364994152884e+01 1.702938636592640265e+01 7.071067811865475505e+00 1.303840481040529831e+01 2.319482700948640286e+01 3.500000000000000000e+01 0.000000000000000000e+00 2.607680962081059661e+01 1.004987562112088995e+01 3.206243908376279705e+01 3.228002478313794654e+01 2.280350850198275836e+01 2.830194339616981125e+01 3.088689042296100240e+01
1.860107523773827509e+01 1.403566884761819900e+01 9.219544457292887074e+00 2.147091055358388800e+01 1.523154621172781731e+01 2.624880949681337583e+01 2.300000000000000000e+01 1.843908891458577415e+01 7.071067811865475505e+00 2.433105012119287736e+01 1.431782106327635340e+01 1.565247584249852864e+01 2.158703314492290204e+01 1.315294643796590535e+01 1.300000000000000000e+01 9.486832980505138124e+00 1.984943324127920761e+01 1.529705854077835525e+01 1.702938636592640265e+01 1.910497317454279909e+01 2.607680962081059661e+01 0.000000000000000000e+00 1.769180601295413169e+01 1.886796226411320632e+01 1.029563014098700080e+01 8.944271909999159220e+00 2.236067977499789805e+00 5.099019513592784492e+00
3.605551275463989125e+00 1.303840481040529831e+01 2.580697580112788003e+01 7.615773105863908654e+00 1.802775637731994607e+01 8.944271909999159220e+00 1.702938636592640265e+01 1.802775637731994607e+01 2.247220505424423109e+01 1.360147050873544394e+01 7.071067811865475505e+00 6.324555320336759046e+00 1.204159457879229578e+01 2.731300056749532601e+01 2.817800560721074277e+01 1.044030650891055068e+01 3.000000000000000000e+00 1.044030650891055068e+01 1.360147050873544394e+01 2.501999200639360765e+01 1.004987562112088995e+01 1.769180601295413169e+01 0.000000000000000000e+00 2.220360331117451835e+01 2.247220505424423109e+01 1.746424919657297892e+01 1.979898987322333070e+01 2.202271554554523902e+01
2.549509756796392423e+01 9.219544457292887074e+00 1.802775637731994607e+01 2.961418578992169515e+01 4.472135954999579610e+00 3.001666203960726875e+01 3.667424164178449786e+01 3.440930106817050671e+01 1.529705854077835525e+01 1.612451549659709826e+01 2.507987240796890660e+01 2.563201123595259290e+01 3.289376840679705083e+01 1.431782106327635340e+01 1.627882059609970611e+01 2.302172886644267535e+01 2.517935662402834396e+01 2.817800560721074277e+01 9.055385138137417300e+00 3.605551275463989125e+00 3.206243908376279705e+01 1.886796226411320632e+01 2.220360331117451835e+01 0.000000000000000000e+00 1.104536101718726115e+01 2.690724809414741969e+01 1.878829422805593552e+01 1.772004514666934938e+01
2.473863375370596174e+01 1.204159457879229578e+01 7.000000000000000000e+00 2.844292530665578411e+01 9.486832980505138124e+00 3.138470965295043058e+01 3.238826948140329165e+01 2.846049894151541437e+01 4.472135954999579610e+00 2.302172886644267535e+01 2.202271554554523902e+01 2.308679276123039159e+01 3.000000000000000000e+01 5.000000000000000000e+00 6.403124237432848531e+00 1.811077027627483460e+01 2.529822128134703618e+01 2.408318915758459156e+01 1.442220510185595650e+01 9.848857801796103928e+00 3.228002478313794654e+01 1.029563014098700080e+01 2.247220505424423109e+01 1.104536101718726115e+01 0.000000000000000000e+00 1.923538406167134340e+01 9.219544457292887074e+00 7.211102550927978250e+00
1.655294535724684835e+01 2.012461179749810825e+01 1.711724276862369010e+01 1.780449381476485726e+01 2.280350850198275836e+01 2.418677324489564739e+01 1.552417469626002422e+01 1.000000000000000000e+01 1.581138830084189628e+01 2.828427124746190202e+01 1.118033988749894903e+01 1.252996408614166768e+01 1.581138830084189628e+01 2.184032966784155505e+01 2.137755832643194864e+01 7.071067811865475505e+00 1.838477631085023489e+01 9.899494936611665352e+00 2.284731931759172596e+01 2.765863337187866122e+01 2.280350850198275836e+01 8.944271909999159220e+00 1.746424919657297892e+01 2.690724809414741969e+01 1.923538406167134340e+01 0.000000000000000000e+00 1.044030650891055068e+01 1.334166406412633421e+01
2.080865204668481283e+01 1.503329637837290811e+01 7.071067811865475505e+00 2.370653918225939449e+01 1.552417469626002422e+01 2.842534080710379030e+01 2.501999200639360765e+01 2.022374841615668473e+01 5.385164807134503739e+00 2.570992026436488231e+01 1.655294535724684835e+01 1.788854381999831844e+01 2.376972864800942631e+01 1.140175425099137918e+01 1.104536101718726115e+01 1.170469991071962568e+01 2.202271554554523902e+01 1.746424919657297892e+01 1.802775637731994607e+01 1.860107523773827509e+01 2.830194339616981125e+01 2.236067977499789805e+00 1.979898987322333070e+01 1.878829422805593552e+01 9.219544457292887074e+00 1.044030650891055068e+01 0.000000000000000000e+00 3.000000000000000000e+00
2.332380757938120297e+01 1.552417469626002422e+01 4.123105625617660586e+00 2.640075756488817049e+01 1.503329637837290811e+01 3.080584360149872580e+01 2.801785145224380003e+01 2.319482700948640286e+01 2.828427124746190291e+00 2.657066051117284644e+01 1.931320791582796659e+01 2.061552812808830382e+01 2.668332812825266842e+01 8.544003745317530374e+00 8.062257748298549132e+00 1.456021977856103611e+01 2.441311123146740414e+01 2.039607805437113797e+01 1.843908891458577415e+01 1.700000000000000000e+01 3.088689042296100240e+01 5.099019513592784492e+00 2.202271554554523902e+01 1.772004514666934938e+01 7.211102550927978250e+00 1.334166406412633421e+01 3.000000000000000000e+00 0.000000000000000000e+00
