0.000000000000000000e+00 1.431782106327635340e+01 2.473863375370596174e+01 3.982461550347975532e+01 2.731300056749532601e+01 2.500000000000000000e+01 2.435159132377184221e+01 6.324555320336759046e+00 2.816025568065744622e+01 2.601922366251537611e+01 2.641968962724581260e+01 3.820994634908559817e+01 2.716615541441224835e+01 3.140063693621516450e+01 2.720294101747088789e+01 1.118033988749894903e+01 1.264911064067351809e+01 1.923538406167134340e+01 4.123105625617660586e+00 8.485281374238569541e+00 1.835755975068581947e+01 3.264965543462901820e+01 4.123105625617660586e+00 1.300000000000000000e+01 2.517935662402834396e+01 5.830951894845300743e+00 2.745906043549196340e+01 3.623534186398687496e+01
1.431782106327635340e+01 0.000000000000000000e+00 2.617250465660480074e+01 2.617250465660480074e+01 1.300000000000000000e+01 2.302172886644267535e+01 1.019803902718556898e+01 2.061552812808830382e+01 1.529705854077835525e+01 1.392838827718411920e+01 1.700000000000000000e+01 2.555386467836127551e+01 2.640075756488817049e+01 1.992485884517127559e+01 2.061552812808830382e+01 4.472135954999579610e+00 1.081665382639196871e+01 6.708203932499369415e+00 1.216552506059643868e+01 7.000000000000000000e+00 1.077032961426900748e+01 2.061552812808830382e+01 1.140175425099137918e+01 1.414213562373095145e+00 1.500000000000000000e+01 2.012461179749810825e+01 1.345362404707370985e+01 2.195449840010014952e+01
2.473863375370596174e+01 2.617250465660480074e+01 0.000000000000000000e+00 3.701351104664349378e+01 3.361547262794321966e+01 6.082762530298219339e+00 3.312099032335839155e+01 2.600000000000000000e+01 3.996248240537617136e+01 3.940812099047606409e+01 1.902629759044044633e+01 3.224903099319419653e+01 4.242640687119284770e+00 2.501999200639360765e+01 1.414213562373095101e+01 2.780287754891568852e+01 1.562049935181330795e+01 3.264965543462901820e+01 2.118962010041709121e+01 2.163330765278393741e+01 1.700000000000000000e+01 2.701851217221259205e+01 2.692582403567251959e+01 2.617250465660480074e+01 4.110960958218893069e+01 2.701851217221259205e+01 3.036445290137795183e+01 3.863935817272331263e+01
3.982461550347975532e+01 2.617250465660480074e+01 3.701351104664349378e+01 0.000000000000000000e+00 1.523154621172781731e+01 3.100000000000000000e+01 1.878829422805593552e+01 4.580392996239514503e+01 2.220360331117451835e+01 2.451530134426252516e+01 1.811077027627483460e+01 5.830951894845300743e+00 3.405877273185280529e+01 1.200000000000000000e+01 2.302172886644267535e+01 3.047950130825634218e+01 2.996664812754339380e+01 2.505992817228333536e+01 3.661966684720110976e+01 3.140063693621516450e+01 2.376972864800942631e+01 1.000000000000000000e+01 3.748332962798262713e+01 2.758622844826744469e+01 2.863564212655270680e+01 4.560701700396551672e+01 1.280624847486569706e+01 8.062257748298549132e+00
2.731300056749532601e+01 1.300000000000000000e+01 3.361547262794321966e+01 1.523154621172781731e+01 0.000000000000000000e+00 2.865309756378880479e+01 3.605551275463989125e+00 3.361547262794321966e+01 8.544003745317530374e+00 1.004987562112088995e+01 1.697056274847713908e+01 1.702938636592640265e+01 3.224903099319419653e+01 1.523154621172781731e+01 2.267156809750926882e+01 1.664331697709323876e+01 2.102379604162863913e+01 1.000000000000000000e+01 2.500000000000000000e+01 1.964688270438849926e+01 1.676305461424021104e+01 1.456021977856103611e+01 2.418677324489564739e+01 1.431782106327635340e+01 1.400000000000000000e+01 3.310589071449369669e+01 4.472135954999579610e+00 9.219544457292887074e+00
2.500000000000000000e+01 2.302172886644267535e+01 6.082762530298219339e+00 3.100000000000000000e+01 2.865309756378880479e+01 0.000000000000000000e+00 2.860069929215018192e+01 2.765863337187866122e+01 3.560898762952971452e+01 3.538361202590826338e+01 1.315294643796590535e+01 2.617250465660480074e+01 3.605551275463989125e+00 1.900000000000000000e+01 8.062257748298549132e+00 2.549509756796392423e+01 1.360147050873544394e+01 2.906888370749726747e+01 2.102379604162863913e+01 1.992485884517127559e+01 1.272792206135785520e+01 2.100000000000000000e+01 2.630589287593181069e+01 2.332380757938120297e+01 3.753664875824691904e+01 2.844292530665578411e+01 2.507987240796890660e+01 3.298484500494128469e+01
2.435159132377184221e+01 1.019803902718556898e+01 3.312099032335839155e+01 1.878829422805593552e+01 3.605551275463989125e+00 2.860069929215018192e+01 0.000000000000000000e+00 3.067572330035593353e+01 7.071067811865475505e+00 7.615773105863908654e+00 1.802775637731994607e+01 2.022374841615668473e+01 3.220248437620923454e+01 1.746424919657297892e+01 2.343074902771996193e+01 1.341640786499873883e+01 1.941648783894759944e+01 6.403124237432848531e+00 2.236067977499789805e+01 1.711724276862369010e+01 1.612451549659709826e+01 1.711724276862369010e+01 2.102379604162863913e+01 1.140175425099137918e+01 1.118033988749894903e+01 3.008321791298264714e+01 7.000000000000000000e+00 1.272792206135785520e+01
6.324555320336759046e+00 2.061552812808830382e+01 2.600000000000000000e+01 4.580392996239514503e+01 3.361547262794321966e+01 2.765863337187866122e+01 3.067572330035593353e+01 0.000000000000000000e+00 3.436568055487916240e+01 3.214031735997639316e+01 3.140063693621516450e+01 4.386342439892261780e+01 2.915475947422650194e+01 3.679673898594819548e+01 3.130495168499705727e+01 1.746424919657297892e+01 1.720465053408525335e+01 2.549509756796392423e+01 9.219544457292887074e+00 1.442220510185595650e+01 2.343074902771996193e+01 3.818376618407356915e+01 1.004987562112088995e+01 1.931320791582796659e+01 3.101612483854164637e+01 1.414213562373095145e+00 3.361547262794321966e+01 4.248529157249600274e+01
2.816025568065744622e+01 1.529705854077835525e+01 3.996248240537617136e+01 2.220360331117451835e+01 8.544003745317530374e+00 3.560898762952971452e+01 7.071067811865475505e+00 3.436568055487916240e+01 0.000000000000000000e+00 2.828427124746190291e+00 2.500000000000000000e+01 2.507987240796890660e+01 3.920459156782531807e+01 2.376972864800942631e+01 3.047950130825634218e+01 1.702938636592640265e+01 2.563201123595259290e+01 9.000000000000000000e+00 2.701851217221259205e+01 2.220360331117451835e+01 2.302172886644267535e+01 2.308679276123039159e+01 2.433105012119287736e+01 1.612451549659709826e+01 6.708203932499369415e+00 3.354101966249684352e+01 1.300000000000000000e+01 1.456021977856103611e+01
2.601922366251537611e+01 1.392838827718411920e+01 3.940812099047606409e+01 2.451530134426252516e+01 1.004987562112088995e+01 3.538361202590826338e+01 7.615773105863908654e+00 3.214031735997639316e+01 2.828427124746190291e+00 0.000000000000000000e+00 2.555386467836127551e+01 2.700000000000000000e+01 3.894868418830089496e+01 2.500000000000000000e+01 3.080584360149872580e+01 1.503329637837290811e+01 2.459674775249768786e+01 7.280109889280518054e+00 2.517935662402834396e+01 2.061552812808830382e+01 2.267156809750926882e+01 2.451530134426252516e+01 2.209072203437452231e+01 1.456021977856103611e+01 4.123105625617660586e+00 3.125699921617556853e+01 1.431782106327635340e+01 1.708800749063506075e+01
2.641968962724581260e+01 1.700000000000000000e+01 1.902629759044044633e+01 1.811077027627483460e+01 1.697056274847713908e+01 1.315294643796590535e+01 1.802775637731994607e+01 3.140063693621516450e+01 2.500000000000000000e+01 2.555386467836127551e+01 0.000000000000000000e+00 1.392838827718411920e+01 1.649242250247064234e+01 6.324555320336759046e+00 5.830951894845300743e+00 2.109502310972898798e+01 1.421267040355189515e+01 2.088061301782110135e+01 2.247220505424423109e+01 1.838477631085023489e+01 8.062257748298549132e+00 8.246211251235321171e+00 2.563201123595259290e+01 1.802775637731994607e+01 2.863564212655270680e+01 3.162277660168379256e+01 1.280624847486569706e+01 1.992485884517127559e+01
3.820994634908559817e+01 2.555386467836127551e+01 3.224903099319419653e+01 5.830951894845300743e+00 1.702938636592640265e+01 2.617250465660480074e+01 2.022374841615668473e+01 4.386342439892261780e+01 2.507987240796890660e+01 2.700000000000000000e+01 1.392838827718411920e+01 0.000000000000000000e+00 2.901723625709381693e+01 7.615773105863908654e+00 1.811077027627483460e+01 3.001666203960726875e+01 2.720294101747088789e+01 2.596150997149434048e+01 3.465544690232691494e+01 2.973213749463701205e+01 2.080865204668481283e+01 5.830951894845300743e+00 3.640054944640259293e+01 2.692582403567251959e+01 3.101612483854164637e+01 4.384062043356594529e+01 1.334166406412633421e+01 1.252996408614166768e+01
2.716615541441224835e+01 2.640075756488817049e+01 4.242640687119284770e+00 3.405877273185280529e+01 3.224903099319419653e+01 3.605551275463989125e+00 3.220248437620923454e+01 2.915475947422650194e+01 3.920459156782531807e+01 3.894868418830089496e+01 1.649242250247064234e+01 2.901723625709381693e+01 0.000000000000000000e+00 2.209072203437452231e+01 1.104536101718726115e+01 2.865309756378880479e+01 1.655294535724684835e+01 3.255764119219941222e+01 2.334523505985750447e+01 2.284731931759172596e+01 1.627882059609970611e+01 2.408318915758459156e+01 2.886173937932362321e+01 2.662705391138869615e+01 4.103656905736638549e+01 3.006659275674581622e+01 2.863564212655270680e+01 3.640054944640259293e+01
3.140063693621516450e+01 1.992485884517127559e+01 2.501999200639360765e+01 1.200000000000000000e+01 1.523154621172781731e+01 1.900000000000000000e+01 1.746424919657297892e+01 3.679673898594819548e+01 2.376972864800942631e+01 2.500000000000000000e+01 6.324555320336759046e+00 7.615773105863908654e+00 2.209072203437452231e+01 0.000000000000000000e+00 1.104536101718726115e+01 2.435159132377184221e+01 1.984943324127920761e+01 2.200000000000000000e+01 2.765863337187866122e+01 2.302172886644267535e+01 1.345362404707370985e+01 2.000000000000000000e+00 3.001666203960726875e+01 2.118962010041709121e+01 2.863564212655270680e+01 3.687817782917154830e+01 1.077032961426900748e+01 1.526433752247374720e+01
2.720294101747088789e+01 2.061552812808830382e+01 1.414213562373095101e+01 2.302172886644267535e+01 2.267156809750926882e+01 8.062257748298549132e+00 2.343074902771996193e+01 3.130495168499705727e+01 3.047950130825634218e+01 3.080584360149872580e+01 5.830951894845300743e+00 1.811077027627483460e+01 1.104536101718726115e+01 1.104536101718726115e+01 0.000000000000000000e+00 2.418677324489564739e+01 1.456021977856103611e+01 2.549509756796392423e+01 2.308679276123039159e+01 2.009975124224177989e+01 1.004987562112088995e+01 1.303840481040529831e+01 2.729468812791236232e+01 2.137755832643194864e+01 3.361547262794321966e+01 3.178049716414140846e+01 1.860107523773827509e+01 2.563201123595259290e+01
1.118033988749894903e+01 4.472135954999579610e+00 2.780287754891568852e+01 3.047950130825634218e+01 1.664331697709323876e+01 2.549509756796392423e+01 1.341640786499873883e+01 1.746424919657297892e+01 1.702938636592640265e+01 1.503329637837290811e+01 2.109502310972898798e+01 3.001666203960726875e+01 2.865309756378880479e+01 2.435159132377184221e+01 2.418677324489564739e+01 0.000000000000000000e+00 1.220655561573370207e+01 8.062257748298549132e+00 1.019803902718556898e+01 6.403124237432848531e+00 1.414213562373095101e+01 2.507987240796890660e+01 7.615773105863908654e+00 3.162277660168379523e+00 1.486606874731850603e+01 1.676305461424021104e+01 1.769180601295413169e+01 2.580697580112788003e+01
1.264911064067351809e+01 1.081665382639196871e+01 1.562049935181330795e+01 2.996664812754339380e+01 2.102379604162863913e+01 1.360147050873544394e+01 1.941648783894759944e+01 1.720465053408525335e+01 2.563201123595259290e+01 2.459674775249768786e+01 1.421267040355189515e+01 2.720294101747088789e+01 1.655294535724684835e+01 1.984943324127920761e+01 1.456021977856103611e+01 1.220655561573370207e+01 0.000000000000000000e+00 1.749285568453590045e+01 8.544003745317530374e+00 6.324555320336759046e+00 6.403124237432848531e+00 2.140093455903269515e+01 1.300000000000000000e+01 1.063014581273464998e+01 2.580697580112788003e+01 1.749285568453590045e+01 1.923538406167134340e+01 2.844292530665578411e+01
1.923538406167134340e+01 6.708203932499369415e+00 3.264965543462901820e+01 2.505992817228333536e+01 1.000000000000000000e+01 2.906888370749726747e+01 6.403124237432848531e+00 2.549509756796392423e+01 9.000000000000000000e+00 7.280109889280518054e+00 2.088061301782110135e+01 2.596150997149434048e+01 3.255764119219941222e+01 2.200000000000000000e+01 2.549509756796392423e+01 8.062257748298549132e+00 1.749285568453590045e+01 0.000000000000000000e+00 1.802775637731994607e+01 1.334166406412633421e+01 1.640121946685672683e+01 2.209072203437452231e+01 1.552417469626002422e+01 7.280109889280518054e+00 8.485281374238569541e+00 2.473863375370596174e+01 1.264911064067351809e+01 1.910497317454279909e+01
4.123105625617660586e+00 1.216552506059643868e+01 2.118962010041709121e+01 3.661966684720110976e+01 2.500000000000000000e+01 2.102379604162863913e+01 2.236067977499789805e+01 9.219544457292887074e+00 2.701851217221259205e+01 2.517935662402834396e+01 2.247220505424423109e+01 3.465544690232691494e+01 2.334523505985750447e+01 2.765863337187866122e+01 2.308679276123039159e+01 1.019803902718556898e+01 8.544003745317530374e+00 1.802775637731994607e+01 0.000000000000000000e+00 5.385164807134503739e+00 1.442220510185595650e+01 2.900000000000000000e+01 5.830951894845300743e+00 1.104536101718726115e+01 2.500000000000000000e+01 9.219544457292887074e+00 2.459674775249768786e+01 3.361547262794321966e+01
8.485281374238569541e+00 7.000000000000000000e+00 2.163330765278393741e+01 3.140063693621516450e+01 1.964688270438849926e+01 1.992485884517127559e+01 1.711724276862369010e+01 1.442220510185595650e+01 2.220360331117451835e+01 2.061552812808830382e+01 1.838477631085023489e+01 2.973213749463701205e+01 2.284731931759172596e+01 2.302172886644267535e+01 2.009975124224177989e+01 6.403124237432848531e+00 6.324555320336759046e+00 1.334166406412633421e+01 5.385164807134503739e+00 0.000000000000000000e+00 1.044030650891055068e+01 2.420743687382040932e+01 7.280109889280518054e+00 6.082762530298219339e+00 2.102379604162863913e+01 1.421267040355189515e+01 1.923538406167134340e+01 2.823118842698620767e+01
1.835755975068581947e+01 1.077032961426900748e+01 1.700000000000000000e+01 2.376972864800942631e+01 1.676305461424021104e+01 1.272792206135785520e+01 1.612451549659709826e+01 2.343074902771996193e+01 2.302172886644267535e+01 2.267156809750926882e+01 8.062257748298549132e+00 2.080865204668481283e+01 1.627882059609970611e+01 1.345362404707370985e+01 1.004987562112088995e+01 1.414213562373095101e+01 6.403124237432848531e+00 1.640121946685672683e+01 1.442220510185595650e+01 1.044030650891055068e+01 0.000000000000000000e+00 1.500000000000000000e+01 1.772004514666934938e+01 1.140175425099137918e+01 2.483948469674844262e+01 2.360084744241189370e+01 1.403566884761819900e+01 2.302172886644267535e+01
3.264965543462901820e+01 2.061552812808830382e+01 2.701851217221259205e+01 1.000000000000000000e+01 1.456021977856103611e+01 2.100000000000000000e+01 1.711724276862369010e+01 3.818376618407356915e+01 2.308679276123039159e+01 2.451530134426252516e+01 8.246211251235321171e+00 5.830951894845300743e+00 2.408318915758459156e+01 2.000000000000000000e+00 1.303840481040529831e+01 2.507987240796890660e+01 2.140093455903269515e+01 2.209072203437452231e+01 2.900000000000000000e+01 2.420743687382040932e+01 1.500000000000000000e+01 0.000000000000000000e+00 3.106444913401813324e+01 2.193171219946130890e+01 2.828427124746190202e+01 3.820994634908559817e+01 1.019803902718556898e+01 1.360147050873544394e+01
4.123105625617660586e+00 1.140175425099137918e+01 2.692582403567251959e+01 3.748332962798262713e+01 2.418677324489564739e+01 2.630589287593181069e+01 2.102379604162863913e+01 1.004987562112088995e+01 2.433105012119287736e+01 2.209072203437452231e+01 2.563201123595259290e+01 3.640054944640259293e+01 2.886173937932362321e+01 3.001666203960726875e+01 2.729468812791236232e+01 7.615773105863908654e+00 1.300000000000000000e+01 1.552417469626002422e+01 5.830951894845300743e+00 7.280109889280518054e+00 1.772004514666934938e+01 3.106444913401813324e+01 0.000000000000000000e+00 1.000000000000000000e+01 2.109502310972898798e+01 9.219544457292887074e+00 2.483948469674844262e+01 3.328663395418647752e+01
1.300000000000000000e+01 1.414213562373095145e+00 2.617250465660480074e+01 2.758622844826744469e+01 1.431782106327635340e+01 2.332380757938120297e+01 1.140175425099137918e+01 1.931320791582796659e+01 1.612451549659709826e+01 1.456021977856103611e+01 1.802775637731994607e+01 2.692582403567251959e+01 2.662705391138869615e+01 2.118962010041709121e+01 2.137755832643194864e+01 3.162277660168379523e+00 1.063014581273464998e+01 7.280109889280518054e+00 1.104536101718726115e+01 6.082762530298219339e+00 1.140175425099137918e+01 2.193171219946130890e+01 1.000000000000000000e+01 0.000000000000000000e+00 1.526433752247374720e+01 1.878829422805593552e+01 1.486606874731850603e+01 2.332380757938120297e+01
2.517935662402834396e+01 1.500000000000000000e+01 4.110960958218893069e+01 2.863564212655270680e+01 1.400000000000000000e+01 3.753664875824691904e+01 1.118033988749894903e+01 3.101612483854164637e+01 6.708203932499369415e+00 4.123105625617660586e+00 2.863564212655270680e+01 3.101612483854164637e+01 4.103656905736638549e+01 2.863564212655270680e+01 3.361547262794321966e+01 1.486606874731850603e+01 2.580697580112788003e+01 8.485281374238569541e+00 2.500000000000000000e+01 2.102379604162863913e+01 2.483948469674844262e+01 2.828427124746190202e+01 2.109502310972898798e+01 1.526433752247374720e+01 0.000000000000000000e+00 3.000000000000000000e+01 1.811077027627483460e+01 2.118962010041709121e+01
5.830951894845300743e+00 2.012461179749810825e+01 2.701851217221259205e+01 4.560701700396551672e+01 3.310589071449369669e+01 2.844292530665578411e+01 3.008321791298264714e+01 1.414213562373095145e+00 3.354101966249684352e+01 3.125699921617556853e+01 3.162277660168379256e+01 4.384062043356594529e+01 3.006659275674581622e+01 3.687817782917154830e+01 3.178049716414140846e+01 1.676305461424021104e+01 1.749285568453590045e+01 2.473863375370596174e+01 9.219544457292887074e+00 1.421267040355189515e+01 2.360084744241189370e+01 3.820994634908559817e+01 9.219544457292887074e+00 1.878829422805593552e+01 3.000000000000000000e+01 0.000000000000000000e+00 3.328663395418647752e+01 4.205948168962618183e+01
2.745906043549196340e+01 1.345362404707370985e+01 3.036445290137795183e+01 1.280624847486569706e+01 4.472135954999579610e+00 2.507987240796890660e+01 7.000000000000000000e+00 3.361547262794321966e+01 1.300000000000000000e+01 1.431782106327635340e+01 1.280624847486569706e+01 1.334166406412633421e+01 2.863564212655270680e+01 1.077032961426900748e+01 1.860107523773827509e+01 1.769180601295413169e+01 1.923538406167134340e+01 1.264911064067351809e+01 2.459674775249768786e+01 1.923538406167134340e+01 1.403566884761819900e+01 1.019803902718556898e+01 2.483948469674844262e+01 1.486606874731850603e+01 1.811077027627483460e+01 3.328663395418647752e+01 0.000000000000000000e+00 9.219544457292887074e+00
3.623534186398687496e+01 2.195449840010014952e+01 3.863935817272331263e+01 8.062257748298549132e+00 9.219544457292887074e+00 3.298484500494128469e+01 1.272792206135785520e+01 4.248529157249600274e+01 1.456021977856103611e+01 1.708800749063506075e+01 1.992485884517127559e+01 1.252996408614166768e+01 3.640054944640259293e+01 1.526433752247374720e+01 2.563201123595259290e+01 2.580697580112788003e+01 2.844292530665578411e+01 1.910497317454279909e+01 3.361547262794321966e+01 2.823118842698620767e+01 2.302172886644267535e+01 1.360147050873544394e+01 3.328663395418647752e+01 2.332380757938120297e+01 2.118962010041709121e+01 4.205948168962618183e+01 9.219544457292887074e+00 0.000000000000000000e+00
