0.000000000000000000e+00 3.794733192202055250e+01 3.413209633175202384e+01 3.162277660168379523e+00 2.126029162546929996e+01 3.613862199918530393e+01 3.201562118716424266e+01 2.121320343559642652e+01 3.059411708155671050e+01 1.204159457879229578e+01 3.640054944640259293e+01 2.529822128134703618e+01 2.140093455903269515e+01 4.219004621945797595e+01 3.047950130825634218e+01 2.202271554554523902e+01 2.765863337187866122e+01 2.780287754891568852e+01 3.264965543462901820e+01 8.485281374238569541e+00 2.102379604162863913e+01 2.561249694973139412e+01 1.456021977856103611e+01 8.602325267042626677e+00 3.361547262794321966e+01 2.973213749463701205e+01 2.200000000000000000e+01 1.303840481040529831e+01
3.794733192202055250e+01 0.000000000000000000e+00 9.219544457292887074e+00 3.992492955535426091e+01 3.560898762952971452e+01 3.162277660168379523e+00 3.383784863137726262e+01 2.121320343559642652e+01 8.485281374238569541e+00 3.500000000000000000e+01 2.507987240796890660e+01 2.332380757938120297e+01 3.701351104664349378e+01 1.000000000000000000e+01 3.848376280978771291e+01 4.879549159502340672e+01 1.615549442140351033e+01 2.147091055358388800e+01 1.421267040355189515e+01 4.569463863518345192e+01 1.860107523773827509e+01 3.773592452822641263e+01 4.123105625617660763e+01 3.140063693621516450e+01 5.099019513592784492e+00 1.886796226411320632e+01 3.736308338453881106e+01 2.901723625709381693e+01
3.413209633175202384e+01 9.219544457292887074e+00 0.000000000000000000e+00 3.661966684720110976e+01 3.716180835212409050e+01 1.081665382639196871e+01 3.820994634908559817e+01 1.431782106327635340e+01 1.204159457879229578e+01 2.863564212655270680e+01 3.140063693621516450e+01 2.647640458974745314e+01 3.848376280978771291e+01 8.062257748298549132e+00 4.197618372363071160e+01 4.882622246293480828e+01 8.000000000000000000e+00 1.264911064067351809e+01 5.000000000000000000e+00 4.243819034784588951e+01 1.878829422805593552e+01 4.016217125604640614e+01 4.060788100849390503e+01 2.640075756488817049e+01 5.385164807134503739e+00 9.848857801796103928e+00 2.927456233660889495e+01 2.308679276123039159e+01
3.162277660168379523e+00 3.992492955535426091e+01 3.661966684720110976e+01 0.000000000000000000e+00 1.984943324127920761e+01 3.794733192202055250e+01 3.106444913401813324e+01 2.408318915758459156e+01 3.228002478313794654e+01 1.513274595042155646e+01 3.640054944640259293e+01 2.549509756796392423e+01 1.979898987322333070e+01 4.465422712353221613e+01 2.900000000000000000e+01 1.910497317454279909e+01 3.041381265149109936e+01 3.080584360149872580e+01 3.538361202590826338e+01 5.830951894845300743e+00 2.236067977499789805e+01 2.404163056034261459e+01 1.208304597359457233e+01 1.166190378969060149e+01 3.577708763999663688e+01 3.264965543462901820e+01 2.501999200639360765e+01 1.612451549659709826e+01
2.126029162546929996e+01 3.560898762952971452e+01 3.716180835212409050e+01 1.984943324127920761e+01 0.000000000000000000e+00 3.264965543462901820e+01 1.170469991071962568e+01 3.101612483854164637e+01 2.720294101747088789e+01 3.087069808086626210e+01 2.022374841615668473e+01 1.280624847486569706e+01 1.414213562373095145e+00 4.390899680020029905e+01 9.219544457292887074e+00 1.431782106327635340e+01 3.471310991541956525e+01 3.811823710509183627e+01 3.860051813123756403e+01 2.236067977499789805e+01 1.838477631085023489e+01 4.472135954999579610e+00 1.019803902718556898e+01 2.469817807045693669e+01 3.361547262794321966e+01 3.847076812334268681e+01 4.049691346263317371e+01 2.789265136196270589e+01
3.613862199918530393e+01 3.162277660168379523e+00 1.081665382639196871e+01 3.794733192202055250e+01 3.264965543462901820e+01 0.000000000000000000e+00 3.067572330035593353e+01 2.088061301782110135e+01 5.830951894845300743e+00 3.413209633175202384e+01 2.202271554554523902e+01 2.024845673131658685e+01 3.405877273185280529e+01 1.303840481040529831e+01 3.534119409414458346e+01 4.601086828130936368e+01 1.664331697709323876e+01 2.220360331117451835e+01 1.562049935181330795e+01 4.365775990588614519e+01 1.612451549659709826e+01 3.466987164671942878e+01 3.860051813123756403e+01 3.006659275674581622e+01 5.656854249492380582e+00 1.984943324127920761e+01 3.733630940518894192e+01 2.807133769523639799e+01
3.201562118716424266e+01 3.383784863137726262e+01 3.820994634908559817e+01 3.106444913401813324e+01 1.170469991071962568e+01 3.067572330035593353e+01 0.000000000000000000e+00 3.640054944640259293e+01 2.647640458974745314e+01 4.000000000000000000e+01 1.140175425099137918e+01 1.204159457879229578e+01 1.236931687685298087e+01 4.341658669218482203e+01 5.830951894845300743e+00 2.408318915758459156e+01 3.820994634908559817e+01 4.275511665286389729e+01 4.100000000000000000e+01 3.401470270338990076e+01 2.137755832643194864e+01 9.000000000000000000e+00 2.184032966784155505e+01 3.360059523282288296e+01 3.354101966249684352e+01 4.229657196511320194e+01 4.887739763939974580e+01 3.584689665786984136e+01
2.121320343559642652e+01 2.121320343559642652e+01 1.431782106327635340e+01 2.408318915758459156e+01 3.101612483854164637e+01 2.088061301782110135e+01 3.640054944640259293e+01 0.000000000000000000e+00 1.749285568453590045e+01 1.431782106327635340e+01 3.383784863137726262e+01 2.469817807045693669e+01 3.206243908376279705e+01 2.213594362117865444e+01 3.832753579347360073e+01 3.956008088970496317e+01 6.708203932499369415e+00 7.280109889280518054e+00 1.166190378969060149e+01 2.969848480983499428e+01 1.523154621172781731e+01 3.501428280002319582e+01 3.101612483854164637e+01 1.280624847486569706e+01 1.612451549659709826e+01 8.602325267042626677e+00 1.655294535724684835e+01 8.944271909999159220e+00
3.059411708155671050e+01 8.485281374238569541e+00 1.204159457879229578e+01 3.228002478313794654e+01 2.720294101747088789e+01 5.830951894845300743e+00 2.647640458974745314e+01 1.749285568453590045e+01 0.000000000000000000e+00 2.961418578992169515e+01 1.941648783894759944e+01 1.523154621172781731e+01 2.860069929215018192e+01 1.708800749063506075e+01 3.067572330035593353e+01 4.031128874149274566e+01 1.500000000000000000e+01 2.061552812808830382e+01 1.581138830084189628e+01 3.794733192202055250e+01 1.029563014098700080e+01 2.952964612046680060e+01 3.280243893371345365e+01 2.501999200639360765e+01 7.071067811865475505e+00 1.886796226411320632e+01 3.400000000000000000e+01 2.353720459187963954e+01
1.204159457879229578e+01 3.500000000000000000e+01 2.863564212655270680e+01 1.513274595042155646e+01 3.087069808086626210e+01 3.413209633175202384e+01 4.000000000000000000e+01 1.431782106327635340e+01 2.961418578992169515e+01 0.000000000000000000e+00 4.140048308896890461e+01 3.047950130825634218e+01 3.138470965295043058e+01 3.640054944640259293e+01 3.982461550347975532e+01 3.400000000000000000e+01 2.088061301782110135e+01 1.886796226411320632e+01 2.563201123595259290e+01 1.931320791582796659e+01 2.282542442102665348e+01 3.534119409414458346e+01 2.617250465660480074e+01 6.403124237432848531e+00 3.001666203960726875e+01 2.147091055358388800e+01 1.004987562112088995e+01 6.082762530298219339e+00
3.640054944640259293e+01 2.507987240796890660e+01 3.140063693621516450e+01 3.640054944640259293e+01 2.022374841615668473e+01 2.202271554554523902e+01 1.140175425099137918e+01 3.383784863137726262e+01 1.941648783894759944e+01 4.140048308896890461e+01 0.000000000000000000e+00 1.118033988749894903e+01 2.137755832643194864e+01 3.505709628591620941e+01 1.720465053408525335e+01 3.420526275297414287e+01 3.361547262794321966e+01 3.891015291668743714e+01 3.517101079013794873e+01 4.060788100849390503e+01 1.910497317454279909e+01 1.931320791582796659e+01 3.001666203960726875e+01 3.522782990761707111e+01 2.617250465660480074e+01 3.769615364994152884e+01 4.879549159502340672e+01 3.612478373637688378e+01
2.529822128134703618e+01 2.332380757938120297e+01 2.647640458974745314e+01 2.549509756796392423e+01 1.280624847486569706e+01 2.024845673131658685e+01 1.204159457879229578e+01 2.469817807045693669e+01 1.523154621172781731e+01 3.047950130825634218e+01 1.118033988749894903e+01 0.000000000000000000e+00 1.421267040355189515e+01 3.231098884280702066e+01 1.552417469626002422e+01 2.692582403567251959e+01 2.617250465660480074e+01 3.080584360149872580e+01 2.901723625709381693e+01 3.006659275674581622e+01 9.486832980505138124e+00 1.442220510185595650e+01 2.088061301782110135e+01 2.420743687382040932e+01 2.213594362117865444e+01 3.026549190084311292e+01 3.841874542459709119e+01 2.549509756796392423e+01
2.140093455903269515e+01 3.701351104664349378e+01 3.848376280978771291e+01 1.979898987322333070e+01 1.414213562373095145e+00 3.405877273185280529e+01 1.236931687685298087e+01 3.206243908376279705e+01 2.860069929215018192e+01 3.138470965295043058e+01 2.137755832643194864e+01 1.421267040355189515e+01 0.000000000000000000e+00 4.527692569068708650e+01 9.219544457292887074e+00 1.300000000000000000e+01 3.590264614203248072e+01 3.920459156782531807e+01 3.984971769034255118e+01 2.195449840010014952e+01 1.969771560359220786e+01 4.242640687119284770e+00 9.486832980505138124e+00 2.529822128134703618e+01 3.498571136907180090e+01 3.962322551231790158e+01 4.110960958218893069e+01 2.863564212655270680e+01
4.219004621945797595e+01 1.000000000000000000e+01 8.062257748298549132e+00 4.465422712353221613e+01 4.390899680020029905e+01 1.303840481040529831e+01 4.341658669218482203e+01 2.213594362117865444e+01 1.708800749063506075e+01 3.640054944640259293e+01 3.505709628591620941e+01 3.231098884280702066e+01 4.527692569068708650e+01 0.000000000000000000e+00 4.775981574503821037e+01 5.622277118748238678e+01 1.552417469626002422e+01 1.900000000000000000e+01 1.104536101718726115e+01 5.047771785649585041e+01 2.580697580112788003e+01 4.651881339845203200e+01 4.816637831516918311e+01 3.443835071544512516e+01 1.029563014098700080e+01 1.600000000000000000e+01 3.600000000000000000e+01 3.101612483854164637e+01
3.047950130825634218e+01 3.848376280978771291e+01 4.197618372363071160e+01 2.900000000000000000e+01 9.219544457292887074e+00 3.534119409414458346e+01 5.830951894845300743e+00 3.832753579347360073e+01 3.067572330035593353e+01 3.982461550347975532e+01 1.720465053408525335e+01 1.552417469626002422e+01 9.219544457292887074e+00 4.775981574503821037e+01 0.000000000000000000e+00 1.902629759044044633e+01 4.101219330881975367e+01 4.509988913511872255e+01 4.428317965096906050e+01 3.106444913401813324e+01 2.402082429892862692e+01 5.000000000000000000e+00 1.835755975068581947e+01 3.354101966249684352e+01 3.764306044943742080e+01 4.500000000000000000e+01 4.924428900898052319e+01 3.640054944640259293e+01
2.202271554554523902e+01 4.879549159502340672e+01 4.882622246293480828e+01 1.910497317454279909e+01 1.431782106327635340e+01 4.601086828130936368e+01 2.408318915758459156e+01 3.956008088970496317e+01 4.031128874149274566e+01 3.400000000000000000e+01 3.420526275297414287e+01 2.692582403567251959e+01 1.300000000000000000e+01 5.622277118748238678e+01 1.902629759044044633e+01 0.000000000000000000e+00 4.472135954999579610e+01 4.681879964287850271e+01 4.924428900898052319e+01 1.746424919657297892e+01 3.047950130825634218e+01 1.513274595042155646e+01 8.544003745317530374e+00 2.927456233660889495e+01 4.609772228646443892e+01 4.792702786528703740e+01 4.401136216933077350e+01 3.354101966249684352e+01
2.765863337187866122e+01 1.615549442140351033e+01 8.000000000000000000e+00 3.041381265149109936e+01 3.471310991541956525e+01 1.664331697709323876e+01 3.820994634908559817e+01 6.708203932499369415e+00 1.500000000000000000e+01 2.088061301782110135e+01 3.361547262794321966e+01 2.617250465660480074e+01 3.590264614203248072e+01 1.552417469626002422e+01 4.101219330881975367e+01 4.472135954999579610e+01 0.000000000000000000e+00 5.656854249492380582e+00 5.000000000000000000e+00 3.612478373637688378e+01 1.700000000000000000e+01 3.832753579347360073e+01 3.623534186398687496e+01 1.941648783894759944e+01 1.118033988749894903e+01 4.123105625617660586e+00 2.137755832643194864e+01 1.565247584249852864e+01
2.780287754891568852e+01 2.147091055358388800e+01 1.264911064067351809e+01 3.080584360149872580e+01 3.811823710509183627e+01 2.220360331117451835e+01 4.275511665286389729e+01 7.280109889280518054e+00 2.061552812808830382e+01 1.886796226411320632e+01 3.891015291668743714e+01 3.080584360149872580e+01 3.920459156782531807e+01 1.900000000000000000e+01 4.509988913511872255e+01 4.681879964287850271e+01 5.656854249492380582e+00 0.000000000000000000e+00 8.062257748298549132e+00 3.623534186398687496e+01 2.137755832643194864e+01 4.201190307520000999e+01 3.827531841800927737e+01 1.920937271229854559e+01 1.664331697709323876e+01 3.000000000000000000e+00 1.700000000000000000e+01 1.486606874731850603e+01
3.264965543462901820e+01 1.421267040355189515e+01 5.000000000000000000e+00 3.538361202590826338e+01 3.860051813123756403e+01 1.562049935181330795e+01 4.100000000000000000e+01 1.166190378969060149e+01 1.581138830084189628e+01 2.563201123595259290e+01 3.517101079013794873e+01 2.901723625709381693e+01 3.984971769034255118e+01 1.104536101718726115e+01 4.428317965096906050e+01 4.924428900898052319e+01 5.000000000000000000e+00 8.062257748298549132e+00 0.000000000000000000e+00 4.110960958218893069e+01 2.039607805437113797e+01 4.197618372363071160e+01 4.081666326391709987e+01 2.441311123146740414e+01 1.000000000000000000e+01 5.099019513592784492e+00 2.501999200639360765e+01 2.059126028197400160e+01
8.485281374238569541e+00 4.569463863518345192e+01 4.243819034784588951e+01 5.830951894845300743e+00 2.236067977499789805e+01 4.365775990588614519e+01 3.401470270338990076e+01 2.969848480983499428e+01 3.794733192202055250e+01 1.931320791582796659e+01 4.060788100849390503e+01 3.006659275674581622e+01 2.195449840010014952e+01 5.047771785649585041e+01 3.106444913401813324e+01 1.746424919657297892e+01 3.612478373637688378e+01 3.623534186398687496e+01 4.110960958218893069e+01 0.000000000000000000e+00 2.789265136196270589e+01 2.607680962081059661e+01 1.280624847486569706e+01 1.702938636592640265e+01 4.159326868617084472e+01 3.820994634908559817e+01 2.863564212655270680e+01 2.140093455903269515e+01
2.102379604162863913e+01 1.860107523773827509e+01 1.878829422805593552e+01 2.236067977499789805e+01 1.838477631085023489e+01 1.612451549659709826e+01 2.137755832643194864e+01 1.523154621172781731e+01 1.029563014098700080e+01 2.282542442102665348e+01 1.910497317454279909e+01 9.486832980505138124e+00 1.969771560359220786e+01 2.580697580112788003e+01 2.402082429892862692e+01 3.047950130825634218e+01 1.700000000000000000e+01 2.137755832643194864e+01 2.039607805437113797e+01 2.789265136196270589e+01 0.000000000000000000e+00 2.158703314492290204e+01 2.267156809750926882e+01 1.708800749063506075e+01 1.562049935181330795e+01 2.102379604162863913e+01 2.969848480983499428e+01 1.720465053408525335e+01
2.561249694973139412e+01 3.773592452822641263e+01 4.016217125604640614e+01 2.404163056034261459e+01 4.472135954999579610e+00 3.466987164671942878e+01 9.000000000000000000e+00 3.501428280002319582e+01 2.952964612046680060e+01 3.534119409414458346e+01 1.931320791582796659e+01 1.442220510185595650e+01 4.242640687119284770e+00 4.651881339845203200e+01 5.000000000000000000e+00 1.513274595042155646e+01 3.832753579347360073e+01 4.201190307520000999e+01 4.197618372363071160e+01 2.607680962081059661e+01 2.158703314492290204e+01 0.000000000000000000e+00 1.341640786499873883e+01 2.915475947422650194e+01 3.624913792078371699e+01 4.219004621945797595e+01 4.494441010848846219e+01 3.228002478313794654e+01
1.456021977856103611e+01 4.123105625617660763e+01 4.060788100849390503e+01 1.208304597359457233e+01 1.019803902718556898e+01 3.860051813123756403e+01 2.184032966784155505e+01 3.101612483854164637e+01 3.280243893371345365e+01 2.617250465660480074e+01 3.001666203960726875e+01 2.088061301782110135e+01 9.486832980505138124e+00 4.816637831516918311e+01 1.835755975068581947e+01 8.544003745317530374e+00 3.623534186398687496e+01 3.827531841800927737e+01 4.081666326391709987e+01 1.280624847486569706e+01 2.267156809750926882e+01 1.341640786499873883e+01 0.000000000000000000e+00 2.102379604162863913e+01 3.818376618407356915e+01 3.939543120718441571e+01 3.622154055254966920e+01 2.517935662402834396e+01
8.602325267042626677e+00 3.140063693621516450e+01 2.640075756488817049e+01 1.166190378969060149e+01 2.469817807045693669e+01 3.006659275674581622e+01 3.360059523282288296e+01 1.280624847486569706e+01 2.501999200639360765e+01 6.403124237432848531e+00 3.522782990761707111e+01 2.420743687382040932e+01 2.529822128134703618e+01 3.443835071544512516e+01 3.354101966249684352e+01 2.927456233660889495e+01 1.941648783894759944e+01 1.920937271229854559e+01 2.441311123146740414e+01 1.702938636592640265e+01 1.708800749063506075e+01 2.915475947422650194e+01 2.102379604162863913e+01 0.000000000000000000e+00 2.668332812825266842e+01 2.121320343559642652e+01 1.581138830084189628e+01 4.472135954999579610e+00
3.361547262794321966e+01 5.099019513592784492e+00 5.385164807134503739e+00 3.577708763999663688e+01 3.361547262794321966e+01 5.656854249492380582e+00 3.354101966249684352e+01 1.612451549659709826e+01 7.071067811865475505e+00 3.001666203960726875e+01 2.617250465660480074e+01 2.213594362117865444e+01 3.498571136907180090e+01 1.029563014098700080e+01 3.764306044943742080e+01 4.609772228646443892e+01 1.118033988749894903e+01 1.664331697709323876e+01 1.000000000000000000e+01 4.159326868617084472e+01 1.562049935181330795e+01 3.624913792078371699e+01 3.818376618407356915e+01 2.668332812825266842e+01 0.000000000000000000e+00 1.421267040355189515e+01 3.228002478313794654e+01 2.408318915758459156e+01
2.973213749463701205e+01 1.886796226411320632e+01 9.848857801796103928e+00 3.264965543462901820e+01 3.847076812334268681e+01 1.984943324127920761e+01 4.229657196511320194e+01 8.602325267042626677e+00 1.886796226411320632e+01 2.147091055358388800e+01 3.769615364994152884e+01 3.026549190084311292e+01 3.962322551231790158e+01 1.600000000000000000e+01 4.500000000000000000e+01 4.792702786528703740e+01 4.123105625617660586e+00 3.000000000000000000e+00 5.099019513592784492e+00 3.820994634908559817e+01 2.102379604162863913e+01 4.219004621945797595e+01 3.939543120718441571e+01 2.121320343559642652e+01 1.421267040355189515e+01 0.000000000000000000e+00 2.000000000000000000e+01 1.702938636592640265e+01
2.200000000000000000e+01 3.736308338453881106e+01 2.927456233660889495e+01 2.501999200639360765e+01 4.049691346263317371e+01 3.733630940518894192e+01 4.887739763939974580e+01 1.655294535724684835e+01 3.400000000000000000e+01 1.004987562112088995e+01 4.879549159502340672e+01 3.841874542459709119e+01 4.110960958218893069e+01 3.600000000000000000e+01 4.924428900898052319e+01 4.401136216933077350e+01 2.137755832643194864e+01 1.700000000000000000e+01 2.501999200639360765e+01 2.863564212655270680e+01 2.969848480983499428e+01 4.494441010848846219e+01 3.622154055254966920e+01 1.581138830084189628e+01 3.228002478313794654e+01 2.000000000000000000e+01 0.000000000000000000e+00 1.303840481040529831e+01
1.303840481040529831e+01 2.901723625709381693e+01 2.308679276123039159e+01 1.612451549659709826e+01 2.789265136196270589e+01 2.807133769523639799e+01 3.584689665786984136e+01 8.944271909999159220e+00 2.353720459187963954e+01 6.082762530298219339e+00 3.612478373637688378e+01 2.549509756796392423e+01 2.863564212655270680e+01 3.101612483854164637e+01 3.640054944640259293e+01 3.354101966249684352e+01 1.565247584249852864e+01 1.486606874731850603e+01 2.059126028197400160e+01 2.140093455903269515e+01 1.720465053408525335e+01 3.228002478313794654e+01 2.517935662402834396e+01 4.472135954999579610e+00 2.408318915758459156e+01 1.702938636592640265e+01 1.303840481040529831e+01 0.000000000000000000e+00
