0.000000000000000000e+00 1.984943324127920761e+01 8.062257748298549132e+00 6.403124237432848531e+00 2.435159132377184221e+01 2.256102834535695578e+01 2.529822128134703618e+01 2.549509756796392423e+01 2.404163056034261459e+01 3.162277660168379523e+00 2.319482700948640286e+01 1.389244398944980396e+01 2.280350850198275836e+01 1.000000000000000000e+01 2.236067977499789805e+01 6.082762530298219339e+00 2.729468812791236232e+01 2.451530134426252516e+01 1.627882059609970611e+01 9.433981132056603158e+00 1.140175425099137918e+01 1.802775637731994607e+01
1.984943324127920761e+01 0.000000000000000000e+00 2.282542442102665348e+01 2.109502310972898798e+01 2.507987240796890660e+01 1.345362404707370985e+01 1.029563014098700080e+01 1.280624847486569706e+01 2.154065922853801496e+01 2.126029162546929996e+01 1.788854381999831844e+01 6.708203932499369415e+00 3.162277660168379523e+00 1.029563014098700080e+01 8.602325267042626677e+00 2.360084744241189370e+01 2.360084744241189370e+01 1.486606874731850603e+01 3.605551275463989125e+00 1.063014581273464998e+01 2.236067977499789805e+01 3.014962686336266984e+01
8.062257748298549132e+00 2.282542442102665348e+01 0.000000000000000000e+00 2.000000000000000000e+00 3.231098884280702066e+01 2.901723625709381693e+01 2.500000000000000000e+01 2.418677324489564739e+01 1.900000000000000000e+01 5.000000000000000000e+00 1.941648783894759944e+01 1.612451549659709826e+01 2.523885892824792521e+01 1.513274595042155646e+01 2.765863337187866122e+01 3.162277660168379523e+00 3.492849839314595783e+01 3.101612483854164637e+01 1.969771560359220786e+01 1.264911064067351809e+01 1.941648783894759944e+01 2.549509756796392423e+01
6.403124237432848531e+00 2.109502310972898798e+01 2.000000000000000000e+00 0.000000000000000000e+00 3.046309242345563462e+01 2.701851217221259205e+01 2.385372088375312671e+01 2.325940669922601600e+01 1.910497317454279909e+01 3.605551275463989125e+00 1.910497317454279909e+01 1.442220510185595650e+01 2.360084744241189370e+01 1.315294643796590535e+01 2.570992026436488231e+01 3.162277660168379523e+00 3.298484500494128469e+01 2.901723625709381693e+01 1.788854381999831844e+01 1.077032961426900748e+01 1.780449381476485726e+01 2.420743687382040932e+01
2.435159132377184221e+01 2.507987240796890660e+01 3.231098884280702066e+01 3.046309242345563462e+01 0.000000000000000000e+00 1.303840481040529831e+01 3.534119409414458346e+01 3.758989225842500304e+01 4.313930922024598402e+01 2.751363298439520833e+01 4.045985664828781836e+01 2.561249694973139412e+01 2.751363298439520833e+01 2.051828452868319275e+01 1.824828759089465890e+01 3.036445290137795183e+01 5.656854249492380582e+00 1.303840481040529831e+01 2.332380757938120297e+01 2.408318915758459156e+01 1.403566884761819900e+01 1.476482306023340030e+01
2.256102834535695578e+01 1.345362404707370985e+01 2.901723625709381693e+01 2.701851217221259205e+01 1.303840481040529831e+01 0.000000000000000000e+00 2.360084744241189370e+01 2.624880949681337583e+01 3.413209633175202384e+01 2.531797780234432693e+01 3.080584360149872580e+01 1.655294535724684835e+01 1.526433752247374720e+01 1.403566884761819900e+01 5.385164807134503739e+00 2.828427124746190202e+01 1.029563014098700080e+01 2.000000000000000000e+00 1.303840481040529831e+01 1.726267650163206824e+01 1.769180601295413169e+01 2.332380757938120297e+01
2.529822128134703618e+01 1.029563014098700080e+01 2.500000000000000000e+01 2.385372088375312671e+01 3.534119409414458346e+01 2.360084744241189370e+01 0.000000000000000000e+00 3.162277660168379523e+00 1.503329637837290811e+01 2.549509756796392423e+01 1.104536101718726115e+01 1.204159457879229578e+01 8.485281374238569541e+00 1.800000000000000000e+01 1.843908891458577415e+01 2.692582403567251959e+01 3.383784863137726262e+01 2.483948469674844262e+01 1.236931687685298087e+01 1.627882059609970611e+01 3.101612483854164637e+01 3.905124837953326988e+01
2.549509756796392423e+01 1.280624847486569706e+01 2.418677324489564739e+01 2.325940669922601600e+01 3.758989225842500304e+01 2.624880949681337583e+01 3.162277660168379523e+00 0.000000000000000000e+00 1.216552506059643868e+01 2.529822128134703618e+01 8.246211251235321171e+00 1.315294643796590535e+01 1.140175425099137918e+01 1.923538406167134340e+01 2.121320343559642652e+01 2.640075756488817049e+01 3.640054944640259293e+01 2.758622844826744469e+01 1.431782106327635340e+01 1.700000000000000000e+01 3.224903099319419653e+01 4.031128874149274566e+01
2.404163056034261459e+01 2.154065922853801496e+01 1.900000000000000000e+01 1.910497317454279909e+01 4.313930922024598402e+01 3.413209633175202384e+01 1.503329637837290811e+01 1.216552506059643868e+01 0.000000000000000000e+00 2.236067977499789805e+01 4.000000000000000000e+00 1.780449381476485726e+01 2.158703314492290204e+01 2.267156809750926882e+01 2.996664812754339380e+01 2.202271554554523902e+01 4.341658669218482203e+01 3.584689665786984136e+01 2.109502310972898798e+01 1.920937271229854559e+01 3.400000000000000000e+01 4.162931659299729859e+01
3.162277660168379523e+00 2.126029162546929996e+01 5.000000000000000000e+00 3.605551275463989125e+00 2.751363298439520833e+01 2.531797780234432693e+01 2.549509756796392423e+01 2.529822128134703618e+01 2.236067977499789805e+01 0.000000000000000000e+00 2.200000000000000000e+01 1.486606874731850603e+01 2.404163056034261459e+01 1.208304597359457233e+01 2.469817807045693669e+01 3.000000000000000000e+00 3.041381265149109936e+01 2.729468812791236232e+01 1.780449381476485726e+01 1.063014581273464998e+01 1.442220510185595650e+01 2.061552812808830382e+01
2.319482700948640286e+01 1.788854381999831844e+01 1.941648783894759944e+01 1.910497317454279909e+01 4.045985664828781836e+01 3.080584360149872580e+01 1.104536101718726115e+01 8.246211251235321171e+00 4.000000000000000000e+00 2.200000000000000000e+01 0.000000000000000000e+00 1.486606874731850603e+01 1.772004514666934938e+01 2.024845673131658685e+01 2.641968962724581260e+01 2.220360331117451835e+01 4.036087214122112954e+01 3.244996147917590434e+01 1.780449381476485726e+01 1.700000000000000000e+01 3.231098884280702066e+01 4.016217125604640614e+01
1.389244398944980396e+01 6.708203932499369415e+00 1.612451549659709826e+01 1.442220510185595650e+01 2.561249694973139412e+01 1.655294535724684835e+01 1.204159457879229578e+01 1.315294643796590535e+01 1.780449381476485726e+01 1.486606874731850603e+01 1.486606874731850603e+01 0.000000000000000000e+00 9.219544457292887074e+00 6.082762530298219339e+00 1.315294643796590535e+01 1.702938636592640265e+01 2.561249694973139412e+01 1.838477631085023489e+01 4.000000000000000000e+00 4.472135954999579610e+00 1.910497317454279909e+01 2.716615541441224835e+01
2.280350850198275836e+01 3.162277660168379523e+00 2.523885892824792521e+01 2.360084744241189370e+01 2.751363298439520833e+01 1.526433752247374720e+01 8.485281374238569541e+00 1.140175425099137918e+01 2.158703314492290204e+01 2.404163056034261459e+01 1.772004514666934938e+01 9.219544457292887074e+00 0.000000000000000000e+00 1.341640786499873883e+01 1.000000000000000000e+01 2.624880949681337583e+01 2.555386467836127551e+01 1.640121946685672683e+01 6.708203932499369415e+00 1.345362404707370985e+01 2.549509756796392423e+01 3.324154027718932269e+01
1.000000000000000000e+01 1.029563014098700080e+01 1.513274595042155646e+01 1.315294643796590535e+01 2.051828452868319275e+01 1.403566884761819900e+01 1.800000000000000000e+01 1.923538406167134340e+01 2.267156809750926882e+01 1.208304597359457233e+01 2.024845673131658685e+01 6.082762530298219339e+00 1.341640786499873883e+01 0.000000000000000000e+00 1.264911064067351809e+01 1.486606874731850603e+01 2.147091055358388800e+01 1.603121954188139853e+01 6.708203932499369415e+00 3.605551275463989125e+00 1.303840481040529831e+01 2.109502310972898798e+01
2.236067977499789805e+01 8.602325267042626677e+00 2.765863337187866122e+01 2.570992026436488231e+01 1.824828759089465890e+01 5.385164807134503739e+00 1.843908891458577415e+01 2.121320343559642652e+01 2.996664812754339380e+01 2.469817807045693669e+01 2.641968962724581260e+01 1.315294643796590535e+01 1.000000000000000000e+01 1.264911064067351809e+01 0.000000000000000000e+00 2.751363298439520833e+01 1.565247584249852864e+01 6.403124237432848531e+00 9.219544457292887074e+00 1.513274595042155646e+01 2.024845673131658685e+01 2.692582403567251959e+01
6.082762530298219339e+00 2.360084744241189370e+01 3.162277660168379523e+00 3.162277660168379523e+00 3.036445290137795183e+01 2.828427124746190202e+01 2.692582403567251959e+01 2.640075756488817049e+01 2.202271554554523902e+01 3.000000000000000000e+00 2.220360331117451835e+01 1.702938636592640265e+01 2.624880949681337583e+01 1.486606874731850603e+01 2.751363298439520833e+01 0.000000000000000000e+00 3.337663853655727308e+01 3.026549190084311292e+01 2.024845673131658685e+01 1.303840481040529831e+01 1.700000000000000000e+01 2.262741699796952233e+01
2.729468812791236232e+01 2.360084744241189370e+01 3.492849839314595783e+01 3.298484500494128469e+01 5.656854249492380582e+00 1.029563014098700080e+01 3.383784863137726262e+01 3.640054944640259293e+01 4.341658669218482203e+01 3.041381265149109936e+01 4.036087214122112954e+01 2.561249694973139412e+01 2.555386467836127551e+01 2.147091055358388800e+01 1.565247584249852864e+01 3.337663853655727308e+01 0.000000000000000000e+00 9.486832980505138124e+00 2.262741699796952233e+01 2.505992817228333536e+01 1.824828759089465890e+01 2.024845673131658685e+01
2.451530134426252516e+01 1.486606874731850603e+01 3.101612483854164637e+01 2.901723625709381693e+01 1.303840481040529831e+01 2.000000000000000000e+00 2.483948469674844262e+01 2.758622844826744469e+01 3.584689665786984136e+01 2.729468812791236232e+01 3.244996147917590434e+01 1.838477631085023489e+01 1.640121946685672683e+01 1.603121954188139853e+01 6.403124237432848531e+00 3.026549190084311292e+01 9.486832980505138124e+00 0.000000000000000000e+00 1.476482306023340030e+01 1.923538406167134340e+01 1.920937271229854559e+01 2.441311123146740414e+01
1.627882059609970611e+01 3.605551275463989125e+00 1.969771560359220786e+01 1.788854381999831844e+01 2.332380757938120297e+01 1.303840481040529831e+01 1.236931687685298087e+01 1.431782106327635340e+01 2.109502310972898798e+01 1.780449381476485726e+01 1.780449381476485726e+01 4.000000000000000000e+00 6.708203932499369415e+00 6.708203932499369415e+00 9.219544457292887074e+00 2.024845673131658685e+01 2.262741699796952233e+01 1.476482306023340030e+01 0.000000000000000000e+00 7.211102550927978250e+00 1.910497317454279909e+01 2.701851217221259205e+01
9.433981132056603158e+00 1.063014581273464998e+01 1.264911064067351809e+01 1.077032961426900748e+01 2.408318915758459156e+01 1.726267650163206824e+01 1.627882059609970611e+01 1.700000000000000000e+01 1.920937271229854559e+01 1.063014581273464998e+01 1.700000000000000000e+01 4.472135954999579610e+00 1.345362404707370985e+01 3.605551275463989125e+00 1.513274595042155646e+01 1.303840481040529831e+01 2.505992817228333536e+01 1.923538406167134340e+01 7.211102550927978250e+00 0.000000000000000000e+00 1.552417469626002422e+01 2.353720459187963954e+01
1.140175425099137918e+01 2.236067977499789805e+01 1.941648783894759944e+01 1.780449381476485726e+01 1.403566884761819900e+01 1.769180601295413169e+01 3.101612483854164637e+01 3.224903099319419653e+01 3.400000000000000000e+01 1.442220510185595650e+01 3.231098884280702066e+01 1.910497317454279909e+01 2.549509756796392423e+01 1.303840481040529831e+01 2.024845673131658685e+01 1.700000000000000000e+01 1.824828759089465890e+01 1.920937271229854559e+01 1.910497317454279909e+01 1.552417469626002422e+01 0.000000000000000000e+00 8.062257748298549132e+00
1.802775637731994607e+01 3.014962686336266984e+01 2.549509756796392423e+01 2.420743687382040932e+01 1.476482306023340030e+01 2.332380757938120297e+01 3.905124837953326988e+01 4.031128874149274566e+01 4.162931659299729859e+01 2.061552812808830382e+01 4.016217125604640614e+01 2.716615541441224835e+01 3.324154027718932269e+01 2.109502310972898798e+01 2.692582403567251959e+01 2.262741699796952233e+01 2.024845673131658685e+01 2.441311123146740414e+01 2.701851217221259205e+01 2.353720459187963954e+01 8.062257748298549132e+00 0.000000000000000000e+00
