0.000000000000000000e+00 3.312099032335839155e+01 8.000000000000000000e+00 2.404163056034261459e+01 2.549509756796392423e+01 2.209072203437452231e+01 1.004987562112088995e+01 3.649657518178931781e+01 9.219544457292887074e+00 3.471310991541956525e+01 3.361547262794321966e+01 3.613862199918530393e+01 2.284731931759172596e+01 2.002498439450078749e+01 1.969771560359220786e+01 7.071067811865475505e+00 3.401470270338990076e+01 3.935733730830885690e+01 3.962322551231790158e+01 3.500000000000000000e+01 4.000000000000000000e+00 1.300000000000000000e+01 3.052867504494749440e+01 3.584689665786984136e+01 2.828427124746190202e+01 7.615773105863908654e+00
3.312099032335839155e+01 0.000000000000000000e+00 2.640075756488817049e+01 3.667424164178449786e+01 2.563201123595259290e+01 3.157530680769388809e+01 2.863564212655270680e+01 4.031128874149274566e+01 3.613862199918530393e+01 4.024922359499621649e+01 1.769180601295413169e+01 2.758622844826744469e+01 1.063014581273464998e+01 3.026549190084311292e+01 1.360147050873544394e+01 3.132091952673165025e+01 2.121320343559642652e+01 2.195449840010014952e+01 3.182766092567909766e+01 1.442220510185595650e+01 3.667424164178449786e+01 2.433105012119287736e+01 3.000000000000000000e+00 2.267156809750926882e+01 2.773084924772409465e+01 3.827531841800927737e+01
8.000000000000000000e+00 2.640075756488817049e+01 0.000000000000000000e+00 2.745906043549196340e+01 2.517935662402834396e+01 2.416609194718914466e+01 1.220655561573370207e+01 3.862641583165593318e+01 1.565247584249852864e+01 3.716180835212409050e+01 3.036445290137795183e+01 3.501428280002319582e+01 1.581138830084189628e+01 2.193171219946130890e+01 1.280624847486569706e+01 1.140175425099137918e+01 3.157530680769388809e+01 3.640054944640259293e+01 3.901281840626231912e+01 3.087069808086626210e+01 1.200000000000000000e+01 1.236931687685298087e+01 2.408318915758459156e+01 3.354101966249684352e+01 2.828427124746190202e+01 1.529705854077835525e+01
2.404163056034261459e+01 3.667424164178449786e+01 2.745906043549196340e+01 0.000000000000000000e+00 1.216552506059643868e+01 5.099019513592784492e+00 1.526433752247374720e+01 1.303840481040529831e+01 1.603121954188139853e+01 1.100000000000000000e+01 2.473863375370596174e+01 2.000000000000000000e+01 3.130495168499705727e+01 6.708203932499369415e+00 2.915475947422650194e+01 1.708800749063506075e+01 2.247220505424423109e+01 2.773084924772409465e+01 2.126029162546929996e+01 2.844292530665578411e+01 2.319482700948640286e+01 1.627882059609970611e+01 3.373425558686599857e+01 2.325940669922601600e+01 1.208304597359457233e+01 2.000000000000000000e+01
2.549509756796392423e+01 2.563201123595259290e+01 2.517935662402834396e+01 1.216552506059643868e+01 0.000000000000000000e+00 7.615773105863908654e+00 1.552417469626002422e+01 1.555634918610404505e+01 2.109502310972898798e+01 1.500000000000000000e+01 1.264911064067351809e+01 1.077032961426900748e+01 2.262741699796952233e+01 7.810249675906653977e+00 2.140093455903269515e+01 1.897366596101027625e+01 1.081665382639196871e+01 1.640121946685672683e+01 1.414213562373095101e+01 1.627882059609970611e+01 2.657066051117284644e+01 1.300000000000000000e+01 2.284731931759172596e+01 1.204159457879229578e+01 3.162277660168379523e+00 2.505992817228333536e+01
2.209072203437452231e+01 3.157530680769388809e+01 2.416609194718914466e+01 5.099019513592784492e+00 7.615773105863908654e+00 0.000000000000000000e+00 1.236931687685298087e+01 1.456021977856103611e+01 1.552417469626002422e+01 1.300000000000000000e+01 2.024845673131658685e+01 1.702938636592640265e+01 2.641968962724581260e+01 2.236067977499789805e+00 2.441311123146740414e+01 1.503329637837290811e+01 1.835755975068581947e+01 2.385372088375312671e+01 1.923538406167134340e+01 2.376972864800942631e+01 2.209072203437452231e+01 1.220655561573370207e+01 2.863564212655270680e+01 1.941648783894759944e+01 8.485281374238569541e+00 1.964688270438849926e+01
1.004987562112088995e+01 2.863564212655270680e+01 1.220655561573370207e+01 1.526433752247374720e+01 1.552417469626002422e+01 1.236931687685298087e+01 0.000000000000000000e+00 2.692582403567251959e+01 7.615773105863908654e+00 2.529822128134703618e+01 2.483948469674844262e+01 2.624880949681337583e+01 2.002498439450078749e+01 1.019803902718556898e+01 1.711724276862369010e+01 3.605551275463989125e+00 2.469817807045693669e+01 3.023243291566194912e+01 2.961418578992169515e+01 2.690724809414741969e+01 1.118033988749894903e+01 4.472135954999579610e+00 2.570992026436488231e+01 2.641968962724581260e+01 1.824828759089465890e+01 1.063014581273464998e+01
3.649657518178931781e+01 4.031128874149274566e+01 3.862641583165593318e+01 1.303840481040529831e+01 1.555634918610404505e+01 1.456021977856103611e+01 2.692582403567251959e+01 0.000000000000000000e+00 2.900000000000000000e+01 2.236067977499789805e+00 2.404163056034261459e+01 1.503329637837290811e+01 3.818376618407356915e+01 1.676305461424021104e+01 3.687817782917154830e+01 2.942787793912432193e+01 2.061552812808830382e+01 2.402082429892862692e+01 1.334166406412633421e+01 2.816025568065744622e+01 3.605551275463989214e+01 2.640075756488817049e+01 3.773592452822641263e+01 2.022374841615668473e+01 1.280624847486569706e+01 3.301514803843835466e+01
9.219544457292887074e+00 3.613862199918530393e+01 1.565247584249852864e+01 1.603121954188139853e+01 2.109502310972898798e+01 1.552417469626002422e+01 7.615773105863908654e+00 2.900000000000000000e+01 0.000000000000000000e+00 2.701851217221259205e+01 3.182766092567909766e+01 3.176476034853718033e+01 2.707397274136176790e+01 1.392838827718411920e+01 2.402082429892862692e+01 5.000000000000000000e+00 3.124099870362661591e+01 3.687817782917154830e+01 3.453983207834108526e+01 3.420526275297414287e+01 7.280109889280518054e+00 1.208304597359457233e+01 3.324154027718932269e+01 3.280243893371345365e+01 2.325940669922601600e+01 4.123105625617660586e+00
3.471310991541956525e+01 4.024922359499621649e+01 3.716180835212409050e+01 1.100000000000000000e+01 1.500000000000000000e+01 1.300000000000000000e+01 2.529822128134703618e+01 2.236067977499789805e+00 2.701851217221259205e+01 0.000000000000000000e+00 2.451530134426252516e+01 1.603121954188139853e+01 3.753664875824691904e+01 1.523154621172781731e+01 3.606937759374286401e+01 2.765863337187866122e+01 2.121320343559642652e+01 2.501999200639360765e+01 1.486606874731850603e+01 2.863564212655270680e+01 3.413209633175202384e+01 2.505992817228333536e+01 3.758989225842500304e+01 2.102379604162863913e+01 1.252996408614166768e+01 3.100000000000000000e+01
3.361547262794321966e+01 1.769180601295413169e+01 3.036445290137795183e+01 2.473863375370596174e+01 1.264911064067351809e+01 2.024845673131658685e+01 2.483948469674844262e+01 2.404163056034261459e+01 3.182766092567909766e+01 2.451530134426252516e+01 0.000000000000000000e+00 1.000000000000000000e+01 2.039607805437113797e+01 2.012461179749810825e+01 2.102379604162863913e+01 2.842534080710379030e+01 3.605551275463989125e+00 6.082762530298219339e+00 1.414213562373095101e+01 4.123105625617660586e+00 3.580502757993631491e+01 2.080865204668481283e+01 1.581138830084189628e+01 5.000000000000000000e+00 1.303840481040529831e+01 3.538361202590826338e+01
3.613862199918530393e+01 2.758622844826744469e+01 3.501428280002319582e+01 2.000000000000000000e+01 1.077032961426900748e+01 1.702938636592640265e+01 2.624880949681337583e+01 1.503329637837290811e+01 3.176476034853718033e+01 1.603121954188139853e+01 1.000000000000000000e+01 0.000000000000000000e+00 2.863564212655270680e+01 1.802775637731994607e+01 2.846049894151541437e+01 2.973213749463701205e+01 6.403124237432848531e+00 9.000000000000000000e+00 4.472135954999579610e+00 1.389244398944980396e+01 3.733630940518894192e+01 2.334523505985750447e+01 2.549509756796392423e+01 5.385164807134503739e+00 8.602325267042626677e+00 3.577708763999663688e+01
2.284731931759172596e+01 1.063014581273464998e+01 1.581138830084189628e+01 3.130495168499705727e+01 2.262741699796952233e+01 2.641968962724581260e+01 2.002498439450078749e+01 3.818376618407356915e+01 2.707397274136176790e+01 3.753664875824691904e+01 2.039607805437113797e+01 2.863564212655270680e+01 0.000000000000000000e+00 2.459674775249768786e+01 3.162277660168379523e+00 2.209072203437452231e+01 2.308679276123039159e+01 2.617250465660480074e+01 3.310589071449369669e+01 1.900000000000000000e+01 2.657066051117284644e+01 1.627882059609970611e+01 8.602325267042626677e+00 2.500000000000000000e+01 2.549509756796392423e+01 2.863564212655270680e+01
2.002498439450078749e+01 3.026549190084311292e+01 2.193171219946130890e+01 6.708203932499369415e+00 7.810249675906653977e+00 2.236067977499789805e+00 1.019803902718556898e+01 1.676305461424021104e+01 1.392838827718411920e+01 1.523154621172781731e+01 2.012461179749810825e+01 1.802775637731994607e+01 2.459674775249768786e+01 0.000000000000000000e+00 2.247220505424423109e+01 1.300000000000000000e+01 1.860107523773827509e+01 2.420743687382040932e+01 2.061552812808830382e+01 2.340939982143925135e+01 2.022374841615668473e+01 1.000000000000000000e+01 2.729468812791236232e+01 1.984943324127920761e+01 9.433981132056603158e+00 1.802775637731994607e+01
1.969771560359220786e+01 1.360147050873544394e+01 1.280624847486569706e+01 2.915475947422650194e+01 2.140093455903269515e+01 2.441311123146740414e+01 1.711724276862369010e+01 3.687817782917154830e+01 2.402082429892862692e+01 3.606937759374286401e+01 2.102379604162863913e+01 2.846049894151541437e+01 3.162277660168379523e+00 2.247220505424423109e+01 0.000000000000000000e+00 1.902629759044044633e+01 2.334523505985750447e+01 2.700000000000000000e+01 3.289376840679705083e+01 2.022374841615668473e+01 2.340939982143925135e+01 1.360147050873544394e+01 1.131370849898476116e+01 2.531797780234432693e+01 2.441311123146740414e+01 2.549509756796392423e+01
7.071067811865475505e+00 3.132091952673165025e+01 1.140175425099137918e+01 1.708800749063506075e+01 1.897366596101027625e+01 1.503329637837290811e+01 3.605551275463989125e+00 2.942787793912432193e+01 5.000000000000000000e+00 2.765863337187866122e+01 2.842534080710379030e+01 2.973213749463701205e+01 2.209072203437452231e+01 1.300000000000000000e+01 1.902629759044044633e+01 0.000000000000000000e+00 2.830194339616981125e+01 3.383784863137726262e+01 3.298484500494128469e+01 3.041381265149109936e+01 7.615773105863908654e+00 7.810249675906653977e+00 2.846049894151541437e+01 3.001666203960726875e+01 2.158703314492290204e+01 7.211102550927978250e+00
3.401470270338990076e+01 2.121320343559642652e+01 3.157530680769388809e+01 2.247220505424423109e+01 1.081665382639196871e+01 1.835755975068581947e+01 2.469817807045693669e+01 2.061552812808830382e+01 3.124099870362661591e+01 2.121320343559642652e+01 3.605551275463989125e+00 6.403124237432848531e+00 2.308679276123039159e+01 1.860107523773827509e+01 2.334523505985750447e+01 2.830194339616981125e+01 0.000000000000000000e+00 5.656854249492380582e+00 1.063014581273464998e+01 7.615773105863908654e+00 3.584689665786984136e+01 2.102379604162863913e+01 1.920937271229854559e+01 2.000000000000000000e+00 1.044030650891055068e+01 3.500000000000000000e+01
3.935733730830885690e+01 2.195449840010014952e+01 3.640054944640259293e+01 2.773084924772409465e+01 1.640121946685672683e+01 2.385372088375312671e+01 3.023243291566194912e+01 2.402082429892862692e+01 3.687817782917154830e+01 2.501999200639360765e+01 6.082762530298219339e+00 9.000000000000000000e+00 2.617250465660480074e+01 2.420743687382040932e+01 2.700000000000000000e+01 3.383784863137726262e+01 5.656854249492380582e+00 0.000000000000000000e+00 1.170469991071962568e+01 7.615773105863908654e+00 4.134005321718877468e+01 2.641968962724581260e+01 2.061552812808830382e+01 4.472135954999579610e+00 1.565247584249852864e+01 4.060788100849390503e+01
3.962322551231790158e+01 3.182766092567909766e+01 3.901281840626231912e+01 2.126029162546929996e+01 1.414213562373095101e+01 1.923538406167134340e+01 2.961418578992169515e+01 1.334166406412633421e+01 3.453983207834108526e+01 1.486606874731850603e+01 1.414213562373095101e+01 4.472135954999579610e+00 3.310589071449369669e+01 2.061552812808830382e+01 3.289376840679705083e+01 3.298484500494128469e+01 1.063014581273464998e+01 1.170469991071962568e+01 0.000000000000000000e+00 1.780449381476485726e+01 4.052159917870962147e+01 2.707397274136176790e+01 2.983286778035259701e+01 9.219544457292887074e+00 1.140175425099137918e+01 3.862641583165593318e+01
3.500000000000000000e+01 1.442220510185595650e+01 3.087069808086626210e+01 2.844292530665578411e+01 1.627882059609970611e+01 2.376972864800942631e+01 2.690724809414741969e+01 2.816025568065744622e+01 3.420526275297414287e+01 2.863564212655270680e+01 4.123105625617660586e+00 1.389244398944980396e+01 1.900000000000000000e+01 2.340939982143925135e+01 2.022374841615668473e+01 3.041381265149109936e+01 7.615773105863908654e+00 7.615773105863908654e+00 1.780449381476485726e+01 0.000000000000000000e+00 3.753664875824691904e+01 2.262741699796952233e+01 1.300000000000000000e+01 8.602325267042626677e+00 1.700000000000000000e+01 3.753664875824691904e+01
4.000000000000000000e+00 3.667424164178449786e+01 1.200000000000000000e+01 2.319482700948640286e+01 2.657066051117284644e+01 2.209072203437452231e+01 1.118033988749894903e+01 3.605551275463989214e+01 7.280109889280518054e+00 3.413209633175202384e+01 3.580502757993631491e+01 3.733630940518894192e+01 2.657066051117284644e+01 2.022374841615668473e+01 2.340939982143925135e+01 7.615773105863908654e+00 3.584689665786984136e+01 4.134005321718877468e+01 4.052159917870962147e+01 3.753664875824691904e+01 0.000000000000000000e+00 1.500000000000000000e+01 3.400000000000000000e+01 3.758989225842500304e+01 2.912043955712207222e+01 4.242640687119284770e+00
1.300000000000000000e+01 2.433105012119287736e+01 1.236931687685298087e+01 1.627882059609970611e+01 1.300000000000000000e+01 1.220655561573370207e+01 4.472135954999579610e+00 2.640075756488817049e+01 1.208304597359457233e+01 2.505992817228333536e+01 2.080865204668481283e+01 2.334523505985750447e+01 1.627882059609970611e+01 1.000000000000000000e+01 1.360147050873544394e+01 7.810249675906653977e+00 2.102379604162863913e+01 2.641968962724581260e+01 2.707397274136176790e+01 2.262741699796952233e+01 1.500000000000000000e+01 0.000000000000000000e+00 2.137755832643194864e+01 2.284731931759172596e+01 1.603121954188139853e+01 1.500000000000000000e+01
3.052867504494749440e+01 3.000000000000000000e+00 2.408318915758459156e+01 3.373425558686599857e+01 2.284731931759172596e+01 2.863564212655270680e+01 2.570992026436488231e+01 3.773592452822641263e+01 3.324154027718932269e+01 3.758989225842500304e+01 1.581138830084189628e+01 2.549509756796392423e+01 8.602325267042626677e+00 2.729468812791236232e+01 1.131370849898476116e+01 2.846049894151541437e+01 1.920937271229854559e+01 2.061552812808830382e+01 2.983286778035259701e+01 1.300000000000000000e+01 3.400000000000000000e+01 2.137755832643194864e+01 0.000000000000000000e+00 2.080865204668481283e+01 2.505992817228333536e+01 3.546829570193639825e+01
3.584689665786984136e+01 2.267156809750926882e+01 3.354101966249684352e+01 2.325940669922601600e+01 1.204159457879229578e+01 1.941648783894759944e+01 2.641968962724581260e+01 2.022374841615668473e+01 3.280243893371345365e+01 2.102379604162863913e+01 5.000000000000000000e+00 5.385164807134503739e+00 2.500000000000000000e+01 1.984943324127920761e+01 2.531797780234432693e+01 3.001666203960726875e+01 2.000000000000000000e+00 4.472135954999579610e+00 9.219544457292887074e+00 8.602325267042626677e+00 3.758989225842500304e+01 2.284731931759172596e+01 2.080865204668481283e+01 0.000000000000000000e+00 1.118033988749894903e+01 3.661966684720110976e+01
2.828427124746190202e+01 2.773084924772409465e+01 2.828427124746190202e+01 1.208304597359457233e+01 3.162277660168379523e+00 8.485281374238569541e+00 1.824828759089465890e+01 1.280624847486569706e+01 2.325940669922601600e+01 1.252996408614166768e+01 1.303840481040529831e+01 8.602325267042626677e+00 2.549509756796392423e+01 9.433981132056603158e+00 2.441311123146740414e+01 2.158703314492290204e+01 1.044030650891055068e+01 1.565247584249852864e+01 1.140175425099137918e+01 1.700000000000000000e+01 2.912043955712207222e+01 1.603121954188139853e+01 2.505992817228333536e+01 1.118033988749894903e+01 0.000000000000000000e+00 2.731300056749532601e+01
7.615773105863908654e+00 3.827531841800927737e+01 1.529705854077835525e+01 2.000000000000000000e+01 2.505992817228333536e+01 1.964688270438849926e+01 1.063014581273464998e+01 3.301514803843835466e+01 4.123105625617660586e+00 3.100000000000000000e+01 3.538361202590826338e+01 3.577708763999663688e+01 2.863564212655270680e+01 1.802775637731994607e+01 2.549509756796392423e+01 7.211102550927978250e+00 3.500000000000000000e+01 4.060788100849390503e+01 3.862641583165593318e+01 3.753664875824691904e+01 4.242640687119284770e+00 1.500000000000000000e+01 3.546829570193639825e+01 3.661966684720110976e+01 2.731300056749532601e+01 0.000000000000000000e+00
