0.000000000000000000e+00 4.219004621945797595e+01 1.802775637731994607e+01 1.204159457879229578e+01 4.580392996239514503e+01 2.475883680627989492e+01 2.088061301782110135e+01 3.206243908376279705e+01 1.700000000000000000e+01 1.581138830084189628e+01 3.231098884280702066e+01 3.982461550347975532e+01 4.177319714841084419e+01 1.711724276862369010e+01 4.123105625617660763e+01 4.459820624195551630e+01 3.640054944640259293e+01 4.060788100849390503e+01 1.334166406412633421e+01 4.428317965096906050e+01 2.051828452868319275e+01 1.788854381999831844e+01 9.433981132056603158e+00 3.710795063055894616e+01 1.627882059609970611e+01 2.617250465660480074e+01 2.280350850198275836e+01 3.801315561749642313e+01 6.000000000000000000e+00
4.219004621945797595e+01 0.000000000000000000e+00 3.827531841800927737e+01 4.373785545725807822e+01 2.353720459187963954e+01 2.865309756378880479e+01 2.209072203437452231e+01 1.019803902718556898e+01 3.573513677041127323e+01 2.942787793912432193e+01 3.969886648255841521e+01 1.655294535724684835e+01 3.041381265149109936e+01 2.507987240796890660e+01 6.324555320336759046e+00 3.138470965295043058e+01 1.204159457879229578e+01 3.605551275463989125e+00 2.983286778035259701e+01 2.236067977499789805e+00 3.008321791298264714e+01 2.630589287593181069e+01 3.721558813185679071e+01 4.596737973824481571e+01 2.601922366251537611e+01 4.477722635447621968e+01 2.236067977499789805e+01 5.481788029466298440e+01 4.204759208325727826e+01
1.802775637731994607e+01 3.827531841800927737e+01 0.000000000000000000e+00 8.602325267042626677e+00 3.257299494980465937e+01 1.104536101718726115e+01 1.780449381476485726e+01 3.001666203960726875e+01 2.828427124746190291e+00 1.063014581273464998e+01 1.431782106327635340e+01 2.906888370749726747e+01 2.607680962081059661e+01 1.860107523773827509e+01 3.471310991541956525e+01 2.884441020371191300e+01 2.828427124746190202e+01 3.544009029333869876e+01 2.118962010041709121e+01 3.984971769034255118e+01 8.246211251235321171e+00 1.345362404707370985e+01 9.055385138137417300e+00 1.923538406167134340e+01 1.720465053408525335e+01 9.486832980505138124e+00 2.801785145224380003e+01 2.213594362117865444e+01 1.252996408614166768e+01
1.204159457879229578e+01 4.373785545725807822e+01 8.602325267042626677e+00 0.000000000000000000e+00 4.085339643163099055e+01 1.897366596101027625e+01 2.184032966784155505e+01 3.448187929913333249e+01 9.486832980505138124e+00 1.431782106327635340e+01 2.220360331117451835e+01 3.667424164178449786e+01 3.466987164671942878e+01 2.059126028197400160e+01 4.104875150354758517e+01 3.744329045369811126e+01 3.501428280002319582e+01 4.130375285612676350e+01 2.051828452868319275e+01 4.554119014694280310e+01 1.529705854077835525e+01 1.746424919657297892e+01 7.211102550927978250e+00 2.600000000000000000e+01 1.923538406167134340e+01 1.456021977856103611e+01 2.920616373302046753e+01 2.600000000000000000e+01 6.082762530298219339e+00
4.580392996239514503e+01 2.353720459187963954e+01 3.257299494980465937e+01 4.085339643163099055e+01 0.000000000000000000e+00 2.193171219946130890e+01 2.701851217221259205e+01 2.549509756796392423e+01 3.138470965295043058e+01 3.000000000000000000e+01 2.517935662402834396e+01 8.246211251235321171e+00 9.848857801796103928e+00 3.201562118716424266e+01 1.726267650163206824e+01 9.219544457292887074e+00 1.431782106327635340e+01 2.022374841615668473e+01 3.841874542459709119e+01 2.308679276123039159e+01 2.594224354214569317e+01 2.831960451701259274e+01 3.721558813185679071e+01 2.941088233970548416e+01 3.189043743820394994e+01 3.401470270338990076e+01 3.624913792078371699e+01 3.956008088970496317e+01 4.254409477236529824e+01
2.475883680627989492e+01 2.865309756378880479e+01 1.104536101718726115e+01 1.897366596101027625e+01 2.193171219946130890e+01 0.000000000000000000e+00 1.236931687685298087e+01 2.193171219946130890e+01 9.486832980505138124e+00 9.848857801796103928e+00 1.300000000000000000e+01 1.802775637731994607e+01 1.702938636592640265e+01 1.600000000000000000e+01 2.435159132377184221e+01 1.984943324127920761e+01 1.772004514666934938e+01 2.549509756796392423e+01 2.137755832643194864e+01 2.996664812754339380e+01 4.242640687119284770e+00 1.004987562112088995e+01 1.562049935181330795e+01 1.969771560359220786e+01 1.503329637837290811e+01 1.612451549659709826e+01 2.451530134426252516e+01 2.690724809414741969e+01 2.080865204668481283e+01
2.088061301782110135e+01 2.209072203437452231e+01 1.780449381476485726e+01 2.184032966784155505e+01 2.701851217221259205e+01 1.236931687685298087e+01 0.000000000000000000e+00 1.264911064067351809e+01 1.500000000000000000e+01 7.615773105863908654e+00 2.529822128134703618e+01 1.984943324127920761e+01 2.624880949681337583e+01 5.000000000000000000e+00 2.039607805437113797e+01 2.879236009777593708e+01 1.565247584249852864e+01 2.002498439450078749e+01 1.140175425099137918e+01 2.402082429892862692e+01 1.081665382639196871e+01 4.472135954999579610e+00 1.513274595042155646e+01 3.195309061734091571e+01 5.000000000000000000e+00 2.624880949681337583e+01 1.216552506059643868e+01 3.827531841800927737e+01 2.000000000000000000e+01
3.206243908376279705e+01 1.019803902718556898e+01 3.001666203960726875e+01 3.448187929913333249e+01 2.549509756796392423e+01 2.193171219946130890e+01 1.264911064067351809e+01 0.000000000000000000e+00 2.729468812791236232e+01 2.024845673131658685e+01 3.440930106817050671e+01 1.726267650163206824e+01 2.927456233660889495e+01 1.500000000000000000e+01 1.131370849898476116e+01 3.106444913401813324e+01 1.118033988749894903e+01 9.433981132056603158e+00 1.964688270438849926e+01 1.236931687685298087e+01 2.220360331117451835e+01 1.708800749063506075e+01 2.765863337187866122e+01 4.104875150354758517e+01 1.603121954188139853e+01 3.764306044943742080e+01 1.280624847486569706e+01 4.883646178829911833e+01 3.224903099319419653e+01
1.700000000000000000e+01 3.573513677041127323e+01 2.828427124746190291e+00 9.486832980505138124e+00 3.138470965295043058e+01 9.486832980505138124e+00 1.500000000000000000e+01 2.729468812791236232e+01 0.000000000000000000e+00 7.810249675906653977e+00 1.552417469626002422e+01 2.729468812791236232e+01 2.561249694973139412e+01 1.581138830084189628e+01 3.238826948140329165e+01 2.842534080710379030e+01 2.607680962081059661e+01 3.298484500494128469e+01 1.868154169226940553e+01 3.736308338453881106e+01 6.000000000000000000e+00 1.063014581273464998e+01 7.615773105863908654e+00 2.102379604162863913e+01 1.442220510185595650e+01 1.208304597359457233e+01 2.523885892824792521e+01 2.469817807045693669e+01 1.204159457879229578e+01
1.581138830084189628e+01 2.942787793912432193e+01 1.063014581273464998e+01 1.431782106327635340e+01 3.000000000000000000e+01 9.848857801796103928e+00 7.615773105863908654e+00 2.024845673131658685e+01 7.810249675906653977e+00 0.000000000000000000e+00 2.102379604162863913e+01 2.416609194718914466e+01 2.662705391138869615e+01 8.062257748298549132e+00 2.701851217221259205e+01 2.941088233970548416e+01 2.137755832643194864e+01 2.707397274136176790e+01 1.200000000000000000e+01 3.125699921617556853e+01 6.082762530298219339e+00 3.162277660168379523e+00 8.062257748298549132e+00 2.729468812791236232e+01 6.708203932499369415e+00 1.972308292331602075e+01 1.749285568453590045e+01 3.220248437620923454e+01 1.334166406412633421e+01
3.231098884280702066e+01 3.969886648255841521e+01 1.431782106327635340e+01 2.220360331117451835e+01 2.517935662402834396e+01 1.300000000000000000e+01 2.529822128134703618e+01 3.440930106817050671e+01 1.552417469626002422e+01 2.102379604162863913e+01 0.000000000000000000e+00 2.549509756796392423e+01 1.603121954188139853e+01 2.844292530665578411e+01 3.440930106817050671e+01 1.824828759089465890e+01 2.780287754891568852e+01 3.623534186398687496e+01 3.301514803843835466e+01 4.060788100849390503e+01 1.513274595042155646e+01 2.236067977499789805e+01 2.308679276123039159e+01 6.708203932499369415e+00 2.729468812791236232e+01 9.848857801796103928e+00 3.736308338453881106e+01 1.526433752247374720e+01 2.683281572999747766e+01
3.982461550347975532e+01 1.655294535724684835e+01 2.906888370749726747e+01 3.667424164178449786e+01 8.246211251235321171e+00 1.802775637731994607e+01 1.984943324127920761e+01 1.726267650163206824e+01 2.729468812791236232e+01 2.416609194718914466e+01 2.549509756796392423e+01 0.000000000000000000e+00 1.389244398944980396e+01 2.475883680627989492e+01 1.029563014098700080e+01 1.486606874731850603e+01 6.082762530298219339e+00 1.300000000000000000e+01 3.111269837220809009e+01 1.664331697709323876e+01 2.137755832643194864e+01 2.195449840010014952e+01 3.195309061734091571e+01 3.106444913401813324e+01 2.483948469674844262e+01 3.275667870831839679e+01 2.817800560721074277e+01 4.070626487409523975e+01 3.733630940518894192e+01
4.177319714841084419e+01 3.041381265149109936e+01 2.607680962081059661e+01 3.466987164671942878e+01 9.848857801796103928e+00 1.702938636592640265e+01 2.624880949681337583e+01 2.927456233660889495e+01 2.561249694973139412e+01 2.662705391138869615e+01 1.603121954188139853e+01 1.389244398944980396e+01 0.000000000000000000e+00 3.101612483854164637e+01 2.418677324489564739e+01 2.828427124746190291e+00 1.897366596101027625e+01 2.683281572999747766e+01 3.716180835212409050e+01 3.052867504494749440e+01 2.126029162546929996e+01 2.594224354214569317e+01 3.252691193458118590e+01 1.964688270438849926e+01 3.046309242345563462e+01 2.549509756796392423e+01 3.748332962798262713e+01 2.983286778035259701e+01 3.753664875824691904e+01
1.711724276862369010e+01 2.507987240796890660e+01 1.860107523773827509e+01 2.059126028197400160e+01 3.201562118716424266e+01 1.600000000000000000e+01 5.000000000000000000e+00 1.500000000000000000e+01 1.581138830084189628e+01 8.062257748298549132e+00 2.844292530665578411e+01 2.475883680627989492e+01 3.101612483854164637e+01 0.000000000000000000e+00 2.435159132377184221e+01 3.361547262794321966e+01 2.024845673131658685e+01 2.353720459187963954e+01 6.403124237432848531e+00 2.716615541441224835e+01 1.334166406412633421e+01 6.082762530298219339e+00 1.341640786499873883e+01 3.492849839314595783e+01 1.414213562373095145e+00 2.778488797889960793e+01 9.433981132056603158e+00 4.024922359499621649e+01 1.746424919657297892e+01
4.123105625617660763e+01 6.324555320336759046e+00 3.471310991541956525e+01 4.104875150354758517e+01 1.726267650163206824e+01 2.435159132377184221e+01 2.039607805437113797e+01 1.131370849898476116e+01 3.238826948140329165e+01 2.701851217221259205e+01 3.440930106817050671e+01 1.029563014098700080e+01 2.418677324489564739e+01 2.435159132377184221e+01 0.000000000000000000e+00 2.507987240796890660e+01 6.708203932499369415e+00 3.000000000000000000e+00 2.996664812754339380e+01 6.403124237432848531e+00 2.647640458974745314e+01 2.408318915758459156e+01 3.505709628591620941e+01 4.045985664828781836e+01 2.500000000000000000e+01 4.031128874149274566e+01 2.408318915758459156e+01 4.964876634922563881e+01 4.019950248448355978e+01
4.459820624195551630e+01 3.138470965295043058e+01 2.884441020371191300e+01 3.744329045369811126e+01 9.219544457292887074e+00 1.984943324127920761e+01 2.879236009777593708e+01 3.106444913401813324e+01 2.842534080710379030e+01 2.941088233970548416e+01 1.824828759089465890e+01 1.486606874731850603e+01 2.828427124746190291e+00 3.361547262794321966e+01 2.507987240796890660e+01 0.000000000000000000e+00 2.039607805437113797e+01 2.785677655436823841e+01 3.981205847478876336e+01 3.130495168499705727e+01 2.408318915758459156e+01 2.865309756378880479e+01 3.535533905932737753e+01 2.121320343559642652e+01 3.310589071449369669e+01 2.789265136196270589e+01 3.981205847478876336e+01 3.140063693621516450e+01 4.036087214122112954e+01
3.640054944640259293e+01 1.204159457879229578e+01 2.828427124746190202e+01 3.501428280002319582e+01 1.431782106327635340e+01 1.772004514666934938e+01 1.565247584249852864e+01 1.118033988749894903e+01 2.607680962081059661e+01 2.137755832643194864e+01 2.780287754891568852e+01 6.082762530298219339e+00 1.897366596101027625e+01 2.024845673131658685e+01 6.708203932499369415e+00 2.039607805437113797e+01 0.000000000000000000e+00 8.485281374238569541e+00 2.640075756488817049e+01 1.280624847486569706e+01 2.009975124224177989e+01 1.868154169226940553e+01 2.942787793912432193e+01 3.397057550292606010e+01 2.059126028197400160e+01 3.361547262794321966e+01 2.247220505424423109e+01 4.301162633521313694e+01 3.471310991541956525e+01
4.060788100849390503e+01 3.605551275463989125e+00 3.544009029333869876e+01 4.130375285612676350e+01 2.022374841615668473e+01 2.549509756796392423e+01 2.002498439450078749e+01 9.433981132056603158e+00 3.298484500494128469e+01 2.707397274136176790e+01 3.623534186398687496e+01 1.300000000000000000e+01 2.683281572999747766e+01 2.353720459187963954e+01 3.000000000000000000e+00 2.785677655436823841e+01 8.485281374238569541e+00 0.000000000000000000e+00 2.879236009777593708e+01 4.472135954999579610e+00 2.720294101747088789e+01 2.402082429892862692e+01 3.501428280002319582e+01 4.244997055358224713e+01 2.433105012119287736e+01 4.159326868617084472e+01 2.220360331117451835e+01 5.140038910358558866e+01 4.001249804748510996e+01
1.334166406412633421e+01 2.983286778035259701e+01 2.118962010041709121e+01 2.051828452868319275e+01 3.841874542459709119e+01 2.137755832643194864e+01 1.140175425099137918e+01 1.964688270438849926e+01 1.868154169226940553e+01 1.200000000000000000e+01 3.301514803843835466e+01 3.111269837220809009e+01 3.716180835212409050e+01 6.403124237432848531e+00 2.996664812754339380e+01 3.981205847478876336e+01 2.640075756488817049e+01 2.879236009777593708e+01 0.000000000000000000e+00 3.201562118716424266e+01 1.802775637731994607e+01 1.140175425099137918e+01 1.360147050873544394e+01 3.920459156782531807e+01 6.708203932499369415e+00 3.067572330035593353e+01 9.486832980505138124e+00 4.332435804486893716e+01 1.581138830084189628e+01
4.428317965096906050e+01 2.236067977499789805e+00 3.984971769034255118e+01 4.554119014694280310e+01 2.308679276123039159e+01 2.996664812754339380e+01 2.402082429892862692e+01 1.236931687685298087e+01 3.736308338453881106e+01 3.125699921617556853e+01 4.060788100849390503e+01 1.664331697709323876e+01 3.052867504494749440e+01 2.716615541441224835e+01 6.403124237432848531e+00 3.130495168499705727e+01 1.280624847486569706e+01 4.472135954999579610e+00 3.201562118716424266e+01 0.000000000000000000e+00 3.162277660168379256e+01 2.816025568065744622e+01 3.911521443121588959e+01 4.675467891024383960e+01 2.807133769523639799e+01 4.606517122512408235e+01 2.459674775249768786e+01 5.580322571321482172e+01 4.401136216933077350e+01
2.051828452868319275e+01 3.008321791298264714e+01 8.246211251235321171e+00 1.529705854077835525e+01 2.594224354214569317e+01 4.242640687119284770e+00 1.081665382639196871e+01 2.220360331117451835e+01 6.000000000000000000e+00 6.082762530298219339e+00 1.513274595042155646e+01 2.137755832643194864e+01 2.126029162546929996e+01 1.334166406412633421e+01 2.647640458974745314e+01 2.408318915758459156e+01 2.009975124224177989e+01 2.720294101747088789e+01 1.802775637731994607e+01 3.162277660168379256e+01 0.000000000000000000e+00 7.280109889280518054e+00 1.140175425099137918e+01 2.158703314492290204e+01 1.216552506059643868e+01 1.555634918610404505e+01 2.247220505424423109e+01 2.745906043549196340e+01 1.664331697709323876e+01
1.788854381999831844e+01 2.630589287593181069e+01 1.345362404707370985e+01 1.746424919657297892e+01 2.831960451701259274e+01 1.004987562112088995e+01 4.472135954999579610e+00 1.708800749063506075e+01 1.063014581273464998e+01 3.162277660168379523e+00 2.236067977499789805e+01 2.195449840010014952e+01 2.594224354214569317e+01 6.082762530298219339e+00 2.408318915758459156e+01 2.865309756378880479e+01 1.868154169226940553e+01 2.402082429892862692e+01 1.140175425099137918e+01 2.816025568065744622e+01 7.280109889280518054e+00 0.000000000000000000e+00 1.100000000000000000e+01 2.886173937932362321e+01 5.000000000000000000e+00 2.220360331117451835e+01 1.523154621172781731e+01 3.448187929913333249e+01 1.612451549659709826e+01
9.433981132056603158e+00 3.721558813185679071e+01 9.055385138137417300e+00 7.211102550927978250e+00 3.721558813185679071e+01 1.562049935181330795e+01 1.513274595042155646e+01 2.765863337187866122e+01 7.615773105863908654e+00 8.062257748298549132e+00 2.308679276123039159e+01 3.195309061734091571e+01 3.252691193458118590e+01 1.341640786499873883e+01 3.505709628591620941e+01 3.535533905932737753e+01 2.942787793912432193e+01 3.501428280002319582e+01 1.360147050873544394e+01 3.911521443121588959e+01 1.140175425099137918e+01 1.100000000000000000e+01 0.000000000000000000e+00 2.828427124746190202e+01 1.208304597359457233e+01 1.811077027627483460e+01 2.202271554554523902e+01 3.059411708155671050e+01 5.385164807134503739e+00
3.710795063055894616e+01 4.596737973824481571e+01 1.923538406167134340e+01 2.600000000000000000e+01 2.941088233970548416e+01 1.969771560359220786e+01 3.195309061734091571e+01 4.104875150354758517e+01 2.102379604162863913e+01 2.729468812791236232e+01 6.708203932499369415e+00 3.106444913401813324e+01 1.964688270438849926e+01 3.492849839314595783e+01 4.045985664828781836e+01 2.121320343559642652e+01 3.397057550292606010e+01 4.244997055358224713e+01 3.920459156782531807e+01 4.675467891024383960e+01 2.158703314492290204e+01 2.886173937932362321e+01 2.828427124746190202e+01 0.000000000000000000e+00 3.373425558686599857e+01 1.166190378969060149e+01 4.396589587396121601e+01 1.019803902718556898e+01 3.132091952673165025e+01
1.627882059609970611e+01 2.601922366251537611e+01 1.720465053408525335e+01 1.923538406167134340e+01 3.189043743820394994e+01 1.503329637837290811e+01 5.000000000000000000e+00 1.603121954188139853e+01 1.442220510185595650e+01 6.708203932499369415e+00 2.729468812791236232e+01 2.483948469674844262e+01 3.046309242345563462e+01 1.414213562373095145e+00 2.500000000000000000e+01 3.310589071449369669e+01 2.059126028197400160e+01 2.433105012119287736e+01 6.708203932499369415e+00 2.807133769523639799e+01 1.216552506059643868e+01 5.000000000000000000e+00 1.208304597359457233e+01 3.373425558686599857e+01 0.000000000000000000e+00 2.641968962724581260e+01 1.081665382639196871e+01 3.891015291668743714e+01 1.627882059609970611e+01
2.617250465660480074e+01 4.477722635447621968e+01 9.486832980505138124e+00 1.456021977856103611e+01 3.401470270338990076e+01 1.612451549659709826e+01 2.624880949681337583e+01 3.764306044943742080e+01 1.208304597359457233e+01 1.972308292331602075e+01 9.848857801796103928e+00 3.275667870831839679e+01 2.549509756796392423e+01 2.778488797889960793e+01 4.031128874149274566e+01 2.789265136196270589e+01 3.361547262794321966e+01 4.159326868617084472e+01 3.067572330035593353e+01 4.606517122512408235e+01 1.555634918610404505e+01 2.220360331117451835e+01 1.811077027627483460e+01 1.166190378969060149e+01 2.641968962724581260e+01 0.000000000000000000e+00 3.721558813185679071e+01 1.264911064067351809e+01 2.022374841615668473e+01
2.280350850198275836e+01 2.236067977499789805e+01 2.801785145224380003e+01 2.920616373302046753e+01 3.624913792078371699e+01 2.451530134426252516e+01 1.216552506059643868e+01 1.280624847486569706e+01 2.523885892824792521e+01 1.749285568453590045e+01 3.736308338453881106e+01 2.817800560721074277e+01 3.748332962798262713e+01 9.433981132056603158e+00 2.408318915758459156e+01 3.981205847478876336e+01 2.247220505424423109e+01 2.220360331117451835e+01 9.486832980505138124e+00 2.459674775249768786e+01 2.247220505424423109e+01 1.523154621172781731e+01 2.202271554554523902e+01 4.396589587396121601e+01 1.081665382639196871e+01 3.721558813185679071e+01 0.000000000000000000e+00 4.964876634922563881e+01 2.505992817228333536e+01
3.801315561749642313e+01 5.481788029466298440e+01 2.213594362117865444e+01 2.600000000000000000e+01 3.956008088970496317e+01 2.690724809414741969e+01 3.827531841800927737e+01 4.883646178829911833e+01 2.469817807045693669e+01 3.220248437620923454e+01 1.526433752247374720e+01 4.070626487409523975e+01 2.983286778035259701e+01 4.024922359499621649e+01 4.964876634922563881e+01 3.140063693621516450e+01 4.301162633521313694e+01 5.140038910358558866e+01 4.332435804486893716e+01 5.580322571321482172e+01 2.745906043549196340e+01 3.448187929913333249e+01 3.059411708155671050e+01 1.019803902718556898e+01 3.891015291668743714e+01 1.264911064067351809e+01 4.964876634922563881e+01 0.000000000000000000e+00 3.201562118716424266e+01
6.000000000000000000e+00 4.204759208325727826e+01 1.252996408614166768e+01 6.082762530298219339e+00 4.254409477236529824e+01 2.080865204668481283e+01 2.000000000000000000e+01 3.224903099319419653e+01 1.204159457879229578e+01 1.334166406412633421e+01 2.683281572999747766e+01 3.733630940518894192e+01 3.753664875824691904e+01 1.746424919657297892e+01 4.019950248448355978e+01 4.036087214122112954e+01 3.471310991541956525e+01 4.001249804748510996e+01 1.581138830084189628e+01 4.401136216933077350e+01 1.664331697709323876e+01 1.612451549659709826e+01 5.385164807134503739e+00 3.132091952673165025e+01 1.627882059609970611e+01 2.022374841615668473e+01 2.505992817228333536e+01 3.201562118716424266e+01 0.000000000000000000e+00
