0.000000000000000000e+00 1.992485884517127559e+01 1.964688270438849926e+01 2.061552812808830382e+01 9.899494936611665352e+00 1.029563014098700080e+01 4.123105625617660586e+00 6.000000000000000000e+00 1.315294643796590535e+01 1.414213562373095101e+01 1.910497317454279909e+01 1.300000000000000000e+01 2.624880949681337583e+01 2.920616373302046753e+01 1.081665382639196871e+01 9.433981132056603158e+00 1.236931687685298087e+01 8.602325267042626677e+00 1.746424919657297892e+01 1.403566884761819900e+01 1.612451549659709826e+01 1.392838827718411920e+01 1.063014581273464998e+01 1.442220510185595650e+01 1.697056274847713908e+01 4.123105625617660586e+00 1.400000000000000000e+01 1.389244398944980396e+01
1.992485884517127559e+01 0.000000000000000000e+00 1.100000000000000000e+01 1.702938636592640265e+01 1.769180601295413169e+01 2.418677324489564739e+01 2.059126028197400160e+01 1.431782106327635340e+01 1.000000000000000000e+01 1.835755975068581947e+01 2.469817807045693669e+01 3.101612483854164637e+01 1.104536101718726115e+01 4.368065933568311010e+01 1.334166406412633421e+01 2.778488797889960793e+01 3.228002478313794654e+01 2.601922366251537611e+01 1.334166406412633421e+01 3.373425558686599857e+01 2.816025568065744622e+01 2.500000000000000000e+01 1.104536101718726115e+01 1.565247584249852864e+01 9.219544457292887074e+00 2.236067977499789805e+01 7.810249675906653977e+00 2.668332812825266842e+01
1.964688270438849926e+01 1.100000000000000000e+01 0.000000000000000000e+00 2.640075756488817049e+01 1.216552506059643868e+01 2.778488797889960793e+01 1.802775637731994607e+01 1.392838827718411920e+01 6.708203932499369415e+00 1.029563014098700080e+01 3.189043743820394994e+01 3.257299494980465937e+01 2.202271554554523902e+01 4.788527957525151635e+01 1.910497317454279909e+01 2.418677324489564739e+01 3.106444913401813324e+01 2.785677655436823841e+01 3.605551275463989125e+00 3.324154027718932269e+01 3.301514803843835466e+01 3.000000000000000000e+01 1.627882059609970611e+01 7.615773105863908654e+00 1.838477631085023489e+01 2.002498439450078749e+01 7.071067811865475505e+00 3.106444913401813324e+01
2.061552812808830382e+01 1.702938636592640265e+01 2.640075756488817049e+01 0.000000000000000000e+00 2.601922366251537611e+01 1.640121946685672683e+01 2.404163056034261459e+01 1.910497317454279909e+01 2.158703314492290204e+01 2.906888370749726747e+01 1.000000000000000000e+01 2.441311123146740414e+01 1.216552506059643868e+01 3.101612483854164637e+01 1.019803902718556898e+01 2.996664812754339380e+01 2.973213749463701205e+01 2.051828452868319275e+01 2.720294101747088789e+01 2.973213749463701205e+01 1.676305461424021104e+01 1.431782106327635340e+01 1.200000000000000000e+01 2.729468812791236232e+01 8.062257748298549132e+00 2.469817807045693669e+01 1.992485884517127559e+01 1.655294535724684835e+01
9.899494936611665352e+00 1.769180601295413169e+01 1.216552506059643868e+01 2.601922366251537611e+01 0.000000000000000000e+00 2.000000000000000000e+01 6.708203932499369415e+00 7.071067811865475505e+00 7.810249675906653977e+00 4.242640687119284770e+00 2.751363298439520833e+01 2.247220505424423109e+01 2.729468812791236232e+01 3.905124837953326988e+01 1.603121954188139853e+01 1.204159457879229578e+01 1.941648783894759944e+01 1.843908891458577415e+01 9.000000000000000000e+00 2.184032966784155505e+01 2.580697580112788003e+01 2.332380757938120297e+01 1.403566884761819900e+01 5.099019513592784492e+00 1.964688270438849926e+01 8.544003745317530374e+00 9.899494936611665352e+00 2.360084744241189370e+01
1.029563014098700080e+01 2.418677324489564739e+01 2.778488797889960793e+01 1.640121946685672683e+01 2.000000000000000000e+01 0.000000000000000000e+00 1.431782106327635340e+01 1.421267040355189515e+01 2.109502310972898798e+01 2.420743687382040932e+01 1.044030650891055068e+01 8.062257748298549132e+00 2.624880949681337583e+01 2.012461179749810825e+01 1.100000000000000000e+01 1.700000000000000000e+01 1.389244398944980396e+01 4.472135954999579610e+00 2.640075756488817049e+01 1.345362404707370985e+01 5.830951894845300743e+00 4.000000000000000000e+00 1.315294643796590535e+01 2.404163056034261459e+01 1.726267650163206824e+01 1.360147050873544394e+01 2.102379604162863913e+01 3.605551275463989125e+00
4.123105625617660586e+00 2.059126028197400160e+01 1.802775637731994607e+01 2.404163056034261459e+01 6.708203932499369415e+00 1.431782106327635340e+01 0.000000000000000000e+00 6.403124237432848531e+00 1.216552506059643868e+01 1.081665382639196871e+01 2.319482700948640286e+01 1.581138830084189628e+01 2.831960451701259274e+01 3.255764119219941222e+01 1.392838827718411920e+01 7.211102550927978250e+00 1.303840481040529831e+01 1.204159457879229578e+01 1.529705854077835525e+01 1.529705854077835525e+01 2.012461179749810825e+01 1.802775637731994607e+01 1.303840481040529831e+01 1.170469991071962568e+01 1.941648783894759944e+01 2.000000000000000000e+00 1.360147050873544394e+01 1.788854381999831844e+01
6.000000000000000000e+00 1.431782106327635340e+01 1.392838827718411920e+01 1.910497317454279909e+01 7.071067811865475505e+00 1.421267040355189515e+01 6.403124237432848531e+00 0.000000000000000000e+00 7.280109889280518054e+00 1.077032961426900748e+01 2.061552812808830382e+01 1.868154169226940553e+01 2.202271554554523902e+01 3.413209633175202384e+01 9.000000000000000000e+00 1.360147050873544394e+01 1.824828759089465890e+01 1.392838827718411920e+01 1.220655561573370207e+01 2.002498439450078749e+01 1.979898987322333070e+01 1.702938636592640265e+01 7.280109889280518054e+00 1.000000000000000000e+01 1.341640786499873883e+01 8.062257748298549132e+00 8.000000000000000000e+00 1.769180601295413169e+01
1.315294643796590535e+01 1.000000000000000000e+01 6.708203932499369415e+00 2.158703314492290204e+01 7.810249675906653977e+00 2.109502310972898798e+01 1.216552506059643868e+01 7.280109889280518054e+00 0.000000000000000000e+00 8.544003745317530374e+00 2.580697580112788003e+01 2.596150997149434048e+01 2.024845673131658685e+01 4.118252056394800320e+01 1.303840481040529831e+01 1.897366596101027625e+01 2.501999200639360765e+01 2.118962010041709121e+01 5.830951894845300743e+00 2.701851217221259205e+01 2.640075756488817049e+01 2.343074902771996193e+01 1.029563014098700080e+01 6.082762530298219339e+00 1.403566884761819900e+01 1.414213562373095101e+01 2.236067977499789805e+00 2.441311123146740414e+01
1.414213562373095101e+01 1.835755975068581947e+01 1.029563014098700080e+01 2.906888370749726747e+01 4.242640687119284770e+00 2.420743687382040932e+01 1.081665382639196871e+01 1.077032961426900748e+01 8.544003745317530374e+00 0.000000000000000000e+00 3.138470965295043058e+01 2.662705391138869615e+01 2.879236009777593708e+01 4.327817001676480402e+01 1.941648783894759944e+01 1.513274595042155646e+01 2.308679276123039159e+01 2.267156809750926882e+01 6.708203932499369415e+00 2.563201123595259290e+01 3.000000000000000000e+01 2.745906043549196340e+01 1.711724276862369010e+01 2.828427124746190291e+00 2.209072203437452231e+01 1.252996408614166768e+01 1.077032961426900748e+01 2.780287754891568852e+01
1.910497317454279909e+01 2.469817807045693669e+01 3.189043743820394994e+01 1.000000000000000000e+01 2.751363298439520833e+01 1.044030650891055068e+01 2.319482700948640286e+01 2.061552812808830382e+01 2.580697580112788003e+01 3.138470965295043058e+01 0.000000000000000000e+00 1.720465053408525335e+01 2.209072203437452231e+01 2.102379604162863913e+01 1.280624847486569706e+01 2.716615541441224835e+01 2.416609194718914466e+01 1.486606874731850603e+01 3.162277660168379256e+01 2.332380757938120297e+01 7.810249675906653977e+00 6.708203932499369415e+00 1.562049935181330795e+01 3.041381265149109936e+01 1.565247584249852864e+01 2.302172886644267535e+01 2.483948469674844262e+01 8.602325267042626677e+00
1.300000000000000000e+01 3.101612483854164637e+01 3.257299494980465937e+01 2.441311123146740414e+01 2.247220505424423109e+01 8.062257748298549132e+00 1.581138830084189628e+01 1.868154169226940553e+01 2.596150997149434048e+01 2.662705391138869615e+01 1.720465053408525335e+01 0.000000000000000000e+00 3.417601498127012150e+01 1.702938636592640265e+01 1.843908891458577415e+01 1.476482306023340030e+01 8.000000000000000000e+00 5.000000000000000000e+00 3.046309242345563462e+01 6.324555320336759046e+00 9.848857801796103928e+00 1.063014581273464998e+01 2.009975124224177989e+01 2.729468812791236232e+01 2.500000000000000000e+01 1.421267040355189515e+01 2.647640458974745314e+01 8.602325267042626677e+00
2.624880949681337583e+01 1.104536101718726115e+01 2.202271554554523902e+01 1.216552506059643868e+01 2.729468812791236232e+01 2.624880949681337583e+01 2.831960451701259274e+01 2.202271554554523902e+01 2.024845673131658685e+01 2.879236009777593708e+01 2.209072203437452231e+01 3.417601498127012150e+01 0.000000000000000000e+00 4.301162633521313694e+01 1.612451549659709826e+01 3.535533905932737753e+01 3.773592452822641263e+01 2.954657340538831534e+01 2.433105012119287736e+01 3.847076812334268681e+01 2.816025568065744622e+01 2.531797780234432693e+01 1.562049935181330795e+01 2.624880949681337583e+01 9.433981132056603158e+00 2.969848480983499428e+01 1.802775637731994607e+01 2.745906043549196340e+01
2.920616373302046753e+01 4.368065933568311010e+01 4.788527957525151635e+01 3.101612483854164637e+01 3.905124837953326988e+01 2.012461179749810825e+01 3.255764119219941222e+01 3.413209633175202384e+01 4.118252056394800320e+01 4.327817001676480402e+01 2.102379604162863913e+01 1.702938636592640265e+01 4.301162633521313694e+01 0.000000000000000000e+00 3.036445290137795183e+01 3.162277660168379256e+01 2.370653918225939449e+01 2.061552812808830382e+01 4.632493928760187885e+01 2.102379604162863913e+01 1.552417469626002422e+01 1.868154169226940553e+01 3.289376840679705083e+01 4.360045871318327926e+01 3.551056180912940619e+01 3.111269837220809009e+01 4.114608122288196768e+01 1.708800749063506075e+01
1.081665382639196871e+01 1.334166406412633421e+01 1.910497317454279909e+01 1.019803902718556898e+01 1.603121954188139853e+01 1.100000000000000000e+01 1.392838827718411920e+01 9.000000000000000000e+00 1.303840481040529831e+01 1.941648783894759944e+01 1.280624847486569706e+01 1.843908891458577415e+01 1.612451549659709826e+01 3.036445290137795183e+01 0.000000000000000000e+00 2.024845673131658685e+01 2.163330765278393741e+01 1.360147050873544394e+01 1.886796226411320632e+01 2.236067977499789805e+01 1.486606874731850603e+01 1.170469991071962568e+01 2.828427124746190291e+00 1.802775637731994607e+01 6.708203932499369415e+00 1.476482306023340030e+01 1.204159457879229578e+01 1.334166406412633421e+01
9.433981132056603158e+00 2.778488797889960793e+01 2.418677324489564739e+01 2.996664812754339380e+01 1.204159457879229578e+01 1.700000000000000000e+01 7.211102550927978250e+00 1.360147050873544394e+01 1.897366596101027625e+01 1.513274595042155646e+01 2.716615541441224835e+01 1.476482306023340030e+01 3.535533905932737753e+01 3.162277660168379256e+01 2.024845673131658685e+01 0.000000000000000000e+00 8.602325267042626677e+00 1.315294643796590535e+01 2.102379604162863913e+01 1.140175425099137918e+01 2.220360331117451835e+01 2.100000000000000000e+01 1.984943324127920761e+01 1.700000000000000000e+01 2.624880949681337583e+01 5.656854249492380582e+00 2.061552812808830382e+01 2.009975124224177989e+01
1.236931687685298087e+01 3.228002478313794654e+01 3.106444913401813324e+01 2.973213749463701205e+01 1.941648783894759944e+01 1.389244398944980396e+01 1.303840481040529831e+01 1.824828759089465890e+01 2.501999200639360765e+01 2.308679276123039159e+01 2.416609194718914466e+01 8.000000000000000000e+00 3.773592452822641263e+01 2.370653918225939449e+01 2.163330765278393741e+01 8.602325267042626677e+00 0.000000000000000000e+00 9.433981132056603158e+00 2.828427124746190202e+01 2.828427124746190291e+00 1.746424919657297892e+01 1.746424919657297892e+01 2.236067977499789805e+01 2.451530134426252516e+01 2.830194339616981125e+01 1.104536101718726115e+01 2.617250465660480074e+01 1.581138830084189628e+01
8.602325267042626677e+00 2.601922366251537611e+01 2.785677655436823841e+01 2.051828452868319275e+01 1.843908891458577415e+01 4.472135954999579610e+00 1.204159457879229578e+01 1.392838827718411920e+01 2.118962010041709121e+01 2.267156809750926882e+01 1.486606874731850603e+01 5.000000000000000000e+00 2.954657340538831534e+01 2.061552812808830382e+01 1.360147050873544394e+01 1.315294643796590535e+01 9.433981132056603158e+00 0.000000000000000000e+00 2.594224354214569317e+01 9.219544457292887074e+00 9.055385138137417300e+00 8.246211251235321171e+00 1.513274595042155646e+01 2.302172886644267535e+01 2.024845673131658685e+01 1.081665382639196871e+01 2.158703314492290204e+01 7.000000000000000000e+00
1.746424919657297892e+01 1.334166406412633421e+01 3.605551275463989125e+00 2.720294101747088789e+01 9.000000000000000000e+00 2.640075756488817049e+01 1.529705854077835525e+01 1.220655561573370207e+01 5.830951894845300743e+00 6.708203932499369415e+00 3.162277660168379256e+01 3.046309242345563462e+01 2.433105012119287736e+01 4.632493928760187885e+01 1.886796226411320632e+01 2.102379604162863913e+01 2.828427124746190202e+01 2.594224354214569317e+01 0.000000000000000000e+00 3.059411708155671050e+01 3.189043743820394994e+01 2.900000000000000000e+01 1.612451549659709826e+01 4.123105625617660586e+00 1.941648783894759944e+01 1.726267650163206824e+01 7.280109889280518054e+00 2.983286778035259701e+01
1.403566884761819900e+01 3.373425558686599857e+01 3.324154027718932269e+01 2.973213749463701205e+01 2.184032966784155505e+01 1.345362404707370985e+01 1.529705854077835525e+01 2.002498439450078749e+01 2.701851217221259205e+01 2.563201123595259290e+01 2.332380757938120297e+01 6.324555320336759046e+00 3.847076812334268681e+01 2.102379604162863913e+01 2.236067977499789805e+01 1.140175425099137918e+01 2.828427124746190291e+00 9.219544457292887074e+00 3.059411708155671050e+01 0.000000000000000000e+00 1.615549442140351033e+01 1.664331697709323876e+01 2.340939982143925135e+01 2.692582403567251959e+01 2.906888370749726747e+01 1.334166406412633421e+01 2.801785145224380003e+01 1.476482306023340030e+01
1.612451549659709826e+01 2.816025568065744622e+01 3.301514803843835466e+01 1.676305461424021104e+01 2.580697580112788003e+01 5.830951894845300743e+00 2.012461179749810825e+01 1.979898987322333070e+01 2.640075756488817049e+01 3.000000000000000000e+01 7.810249675906653977e+00 9.848857801796103928e+00 2.816025568065744622e+01 1.552417469626002422e+01 1.486606874731850603e+01 2.220360331117451835e+01 1.746424919657297892e+01 9.055385138137417300e+00 3.189043743820394994e+01 1.615549442140351033e+01 0.000000000000000000e+00 3.162277660168379523e+00 1.746424919657297892e+01 2.973213749463701205e+01 2.009975124224177989e+01 1.931320791582796659e+01 2.607680962081059661e+01 2.236067977499789805e+00
1.392838827718411920e+01 2.500000000000000000e+01 3.000000000000000000e+01 1.431782106327635340e+01 2.332380757938120297e+01 4.000000000000000000e+00 1.802775637731994607e+01 1.702938636592640265e+01 2.343074902771996193e+01 2.745906043549196340e+01 6.708203932499369415e+00 1.063014581273464998e+01 2.531797780234432693e+01 1.868154169226940553e+01 1.170469991071962568e+01 2.100000000000000000e+01 1.746424919657297892e+01 8.246211251235321171e+00 2.900000000000000000e+01 1.664331697709323876e+01 3.162277660168379523e+00 0.000000000000000000e+00 1.431782106327635340e+01 2.701851217221259205e+01 1.702938636592640265e+01 1.746424919657297892e+01 2.302172886644267535e+01 2.236067977499789805e+00
1.063014581273464998e+01 1.104536101718726115e+01 1.627882059609970611e+01 1.200000000000000000e+01 1.403566884761819900e+01 1.315294643796590535e+01 1.303840481040529831e+01 7.280109889280518054e+00 1.029563014098700080e+01 1.711724276862369010e+01 1.562049935181330795e+01 2.009975124224177989e+01 1.562049935181330795e+01 3.289376840679705083e+01 2.828427124746190291e+00 1.984943324127920761e+01 2.236067977499789805e+01 1.513274595042155646e+01 1.612451549659709826e+01 2.340939982143925135e+01 1.746424919657297892e+01 1.431782106327635340e+01 0.000000000000000000e+00 1.552417469626002422e+01 6.403124237432848531e+00 1.421267040355189515e+01 9.219544457292887074e+00 1.581138830084189628e+01
1.442220510185595650e+01 1.565247584249852864e+01 7.615773105863908654e+00 2.729468812791236232e+01 5.099019513592784492e+00 2.404163056034261459e+01 1.170469991071962568e+01 1.000000000000000000e+01 6.082762530298219339e+00 2.828427124746190291e+00 3.041381265149109936e+01 2.729468812791236232e+01 2.624880949681337583e+01 4.360045871318327926e+01 1.802775637731994607e+01 1.700000000000000000e+01 2.451530134426252516e+01 2.302172886644267535e+01 4.123105625617660586e+00 2.692582403567251959e+01 2.973213749463701205e+01 2.701851217221259205e+01 1.552417469626002422e+01 0.000000000000000000e+00 2.000000000000000000e+01 1.360147050873544394e+01 8.246211251235321171e+00 2.758622844826744469e+01
1.697056274847713908e+01 9.219544457292887074e+00 1.838477631085023489e+01 8.062257748298549132e+00 1.964688270438849926e+01 1.726267650163206824e+01 1.941648783894759944e+01 1.341640786499873883e+01 1.403566884761819900e+01 2.209072203437452231e+01 1.565247584249852864e+01 2.500000000000000000e+01 9.433981132056603158e+00 3.551056180912940619e+01 6.708203932499369415e+00 2.624880949681337583e+01 2.830194339616981125e+01 2.024845673131658685e+01 1.941648783894759944e+01 2.906888370749726747e+01 2.009975124224177989e+01 1.702938636592640265e+01 6.403124237432848531e+00 2.000000000000000000e+01 0.000000000000000000e+00 2.061552812808830382e+01 1.216552506059643868e+01 1.900000000000000000e+01
4.123105625617660586e+00 2.236067977499789805e+01 2.002498439450078749e+01 2.469817807045693669e+01 8.544003745317530374e+00 1.360147050873544394e+01 2.000000000000000000e+00 8.062257748298549132e+00 1.414213562373095101e+01 1.252996408614166768e+01 2.302172886644267535e+01 1.421267040355189515e+01 2.969848480983499428e+01 3.111269837220809009e+01 1.476482306023340030e+01 5.656854249492380582e+00 1.104536101718726115e+01 1.081665382639196871e+01 1.726267650163206824e+01 1.334166406412633421e+01 1.931320791582796659e+01 1.746424919657297892e+01 1.421267040355189515e+01 1.360147050873544394e+01 2.061552812808830382e+01 0.000000000000000000e+00 1.552417469626002422e+01 1.708800749063506075e+01
1.400000000000000000e+01 7.810249675906653977e+00 7.071067811865475505e+00 1.992485884517127559e+01 9.899494936611665352e+00 2.102379604162863913e+01 1.360147050873544394e+01 8.000000000000000000e+00 2.236067977499789805e+00 1.077032961426900748e+01 2.483948469674844262e+01 2.647640458974745314e+01 1.802775637731994607e+01 4.114608122288196768e+01 1.204159457879229578e+01 2.061552812808830382e+01 2.617250465660480074e+01 2.158703314492290204e+01 7.280109889280518054e+00 2.801785145224380003e+01 2.607680962081059661e+01 2.302172886644267535e+01 9.219544457292887074e+00 8.246211251235321171e+00 1.216552506059643868e+01 1.552417469626002422e+01 0.000000000000000000e+00 2.418677324489564739e+01
1.389244398944980396e+01 2.668332812825266842e+01 3.106444913401813324e+01 1.655294535724684835e+01 2.360084744241189370e+01 3.605551275463989125e+00 1.788854381999831844e+01 1.769180601295413169e+01 2.441311123146740414e+01 2.780287754891568852e+01 8.602325267042626677e+00 8.602325267042626677e+00 2.745906043549196340e+01 1.708800749063506075e+01 1.334166406412633421e+01 2.009975124224177989e+01 1.581138830084189628e+01 7.000000000000000000e+00 2.983286778035259701e+01 1.476482306023340030e+01 2.236067977499789805e+00 2.236067977499789805e+00 1.581138830084189628e+01 2.758622844826744469e+01 1.900000000000000000e+01 1.708800749063506075e+01 2.418677324489564739e+01 0.000000000000000000e+00
