0.000000000000000000e+00 1.104536101718726115e+01 1.140175425099137918e+01 4.080441152620633005e+01 2.118962010041709121e+01 1.004987562112088995e+01 3.000000000000000000e+00 3.255764119219941222e+01 1.565247584249852864e+01 9.433981132056603158e+00 2.707397274136176790e+01 3.535533905932737753e+01 3.667424164178449786e+01 1.414213562373095101e+01 1.431782106327635340e+01 3.488552708502481892e+01 3.114482300479487265e+01 1.969771560359220786e+01 2.404163056034261459e+01 2.607680962081059661e+01 3.405877273185280529e+01 2.507987240796890660e+01
1.104536101718726115e+01 0.000000000000000000e+00 2.000000000000000000e+00 3.330165161069342616e+01 2.765863337187866122e+01 2.236067977499789805e+00 1.170469991071962568e+01 2.213594362117865444e+01 1.552417469626002422e+01 1.835755975068581947e+01 1.603121954188139853e+01 2.952964612046680060e+01 2.780287754891568852e+01 4.242640687119284770e+00 1.700000000000000000e+01 2.624880949681337583e+01 2.039607805437113797e+01 1.923538406167134340e+01 2.433105012119287736e+01 2.846049894151541437e+01 2.915475947422650194e+01 1.431782106327635340e+01
1.140175425099137918e+01 2.000000000000000000e+00 0.000000000000000000e+00 3.482814953453599571e+01 2.920616373302046753e+01 4.123105625617660586e+00 1.252996408614166768e+01 2.284731931759172596e+01 1.746424919657297892e+01 1.941648783894759944e+01 1.603121954188139853e+01 3.130495168499705727e+01 2.906888370749726747e+01 5.830951894845300743e+00 1.878829422805593552e+01 2.758622844826744469e+01 2.088061301782110135e+01 2.121320343559642652e+01 2.630589287593181069e+01 3.036445290137795183e+01 3.101612483854164637e+01 1.486606874731850603e+01
4.080441152620633005e+01 3.330165161069342616e+01 3.482814953453599571e+01 0.000000000000000000e+00 4.019950248448355978e+01 3.252691193458118590e+01 3.911521443121588959e+01 1.802775637731994607e+01 2.785677655436823841e+01 4.123105625617660763e+01 2.668332812825266842e+01 8.062257748298549132e+00 8.000000000000000000e+00 2.906888370749726747e+01 3.162277660168379256e+01 8.246211251235321171e+00 2.109502310972898798e+01 2.570992026436488231e+01 2.601922366251537611e+01 3.106444913401813324e+01 1.118033988749894903e+01 2.340939982143925135e+01
2.118962010041709121e+01 2.765863337187866122e+01 2.920616373302046753e+01 4.019950248448355978e+01 0.000000000000000000e+00 2.549509756796392423e+01 1.838477631085023489e+01 4.143669871020131978e+01 1.523154621172781731e+01 1.216552506059643868e+01 4.049691346263317371e+01 3.238826948140329165e+01 4.019950248448355978e+01 2.765863337187866122e+01 1.166190378969060149e+01 3.820994634908559817e+01 4.162931659299729859e+01 1.513274595042155646e+01 1.431782106327635340e+01 1.081665382639196871e+01 2.961418578992169515e+01 3.671511950137163893e+01
1.004987562112088995e+01 2.236067977499789805e+00 4.123105625617660586e+00 3.252691193458118590e+01 2.549509756796392423e+01 0.000000000000000000e+00 1.019803902718556898e+01 2.256102834535695578e+01 1.334166406412633421e+01 1.655294535724684835e+01 1.726267650163206824e+01 2.830194339616981125e+01 2.745906043549196340e+01 4.123105625617660586e+00 1.476482306023340030e+01 2.580697580112788003e+01 2.109502310972898798e+01 1.711724276862369010e+01 2.220360331117451835e+01 2.624880949681337583e+01 2.773084924772409465e+01 1.503329637837290811e+01
3.000000000000000000e+00 1.170469991071962568e+01 1.252996408614166768e+01 3.911521443121588959e+01 1.838477631085023489e+01 1.019803902718556898e+01 0.000000000000000000e+00 3.214031735997639316e+01 1.303840481040529831e+01 7.071067811865475505e+00 2.745906043549196340e+01 3.330165161069342616e+01 3.546829570193639825e+01 1.403566884761819900e+01 1.140175425099137918e+01 3.361547262794321966e+01 3.100000000000000000e+01 1.700000000000000000e+01 2.118962010041709121e+01 2.308679276123039159e+01 3.182766092567909766e+01 2.501999200639360765e+01
3.255764119219941222e+01 2.213594362117865444e+01 2.284731931759172596e+01 1.802775637731994607e+01 4.143669871020131978e+01 2.256102834535695578e+01 3.214031735997639316e+01 0.000000000000000000e+00 2.624880949681337583e+01 3.705401462729781059e+01 9.433981132056603158e+00 2.024845673131658685e+01 1.004987562112088995e+01 1.843908891458577415e+01 3.008321791298264714e+01 1.004987562112088995e+01 3.162277660168379523e+00 2.683281572999747766e+01 3.023243291566194912e+01 3.605551275463989214e+01 2.236067977499789805e+01 8.062257748298549132e+00
1.565247584249852864e+01 1.552417469626002422e+01 1.746424919657297892e+01 2.785677655436823841e+01 1.523154621172781731e+01 1.334166406412633421e+01 1.303840481040529831e+01 2.624880949681337583e+01 0.000000000000000000e+00 1.341640786499873883e+01 2.561249694973139412e+01 2.109502310972898798e+01 2.607680962081059661e+01 1.389244398944980396e+01 4.000000000000000000e+00 2.408318915758459156e+01 2.640075756488817049e+01 4.123105625617660586e+00 9.000000000000000000e+00 1.300000000000000000e+01 1.920937271229854559e+01 2.163330765278393741e+01
9.433981132056603158e+00 1.835755975068581947e+01 1.941648783894759944e+01 4.123105625617660763e+01 1.216552506059643868e+01 1.655294535724684835e+01 7.071067811865475505e+00 3.705401462729781059e+01 1.341640786499873883e+01 0.000000000000000000e+00 3.352610922848042208e+01 3.448187929913333249e+01 3.883297567789519888e+01 1.992485884517127559e+01 1.000000000000000000e+01 3.687817782917154830e+01 3.634556369077249371e+01 1.640121946685672683e+01 1.920937271229854559e+01 1.931320791582796659e+01 3.244996147917590434e+01 3.059411708155671050e+01
2.707397274136176790e+01 1.603121954188139853e+01 1.603121954188139853e+01 2.668332812825266842e+01 4.049691346263317371e+01 1.726267650163206824e+01 2.745906043549196340e+01 9.433981132056603158e+00 2.561249694973139412e+01 3.352610922848042208e+01 0.000000000000000000e+00 2.707397274136176790e+01 1.897366596101027625e+01 1.360147050873544394e+01 2.884441020371191300e+01 1.843908891458577415e+01 6.403124237432848531e+00 2.758622844826744469e+01 3.201562118716424266e+01 3.753664875824691904e+01 2.844292530665578411e+01 4.472135954999579610e+00
3.535533905932737753e+01 2.952964612046680060e+01 3.130495168499705727e+01 8.062257748298549132e+00 3.238826948140329165e+01 2.830194339616981125e+01 3.330165161069342616e+01 2.024845673131658685e+01 2.109502310972898798e+01 3.448187929913333249e+01 2.707397274136176790e+01 0.000000000000000000e+00 1.204159457879229578e+01 2.549509756796392423e+01 2.459674775249768786e+01 1.081665382639196871e+01 2.280350850198275836e+01 1.838477631085023489e+01 1.811077027627483460e+01 2.302172886644267535e+01 3.162277660168379523e+00 2.300000000000000000e+01
3.667424164178449786e+01 2.780287754891568852e+01 2.906888370749726747e+01 8.000000000000000000e+00 4.019950248448355978e+01 2.745906043549196340e+01 3.546829570193639825e+01 1.004987562112088995e+01 2.607680962081059661e+01 3.883297567789519888e+01 1.897366596101027625e+01 1.204159457879229578e+01 0.000000000000000000e+00 2.360084744241189370e+01 3.006659275674581622e+01 2.000000000000000000e+00 1.315294643796590535e+01 2.507987240796890660e+01 2.692582403567251959e+01 3.257299494980465937e+01 1.486606874731850603e+01 1.612451549659709826e+01
1.414213562373095101e+01 4.242640687119284770e+00 5.830951894845300743e+00 2.906888370749726747e+01 2.765863337187866122e+01 4.123105625617660586e+00 1.403566884761819900e+01 1.843908891458577415e+01 1.389244398944980396e+01 1.992485884517127559e+01 1.360147050873544394e+01 2.549509756796392423e+01 2.360084744241189370e+01 0.000000000000000000e+00 1.627882059609970611e+01 2.202271554554523902e+01 1.702938636592640265e+01 1.708800749063506075e+01 2.213594362117865444e+01 2.683281572999747766e+01 2.529822128134703618e+01 1.100000000000000000e+01
1.431782106327635340e+01 1.700000000000000000e+01 1.878829422805593552e+01 3.162277660168379256e+01 1.166190378969060149e+01 1.476482306023340030e+01 1.140175425099137918e+01 3.008321791298264714e+01 4.000000000000000000e+00 1.000000000000000000e+01 2.884441020371191300e+01 2.459674775249768786e+01 3.006659275674581622e+01 1.627882059609970611e+01 0.000000000000000000e+00 2.807133769523639799e+01 3.008321791298264714e+01 6.403124237432848531e+00 9.848857801796103928e+00 1.204159457879229578e+01 2.247220505424423109e+01 2.505992817228333536e+01
3.488552708502481892e+01 2.624880949681337583e+01 2.758622844826744469e+01 8.246211251235321171e+00 3.820994634908559817e+01 2.580697580112788003e+01 3.361547262794321966e+01 1.004987562112088995e+01 2.408318915758459156e+01 3.687817782917154830e+01 1.843908891458577415e+01 1.081665382639196871e+01 2.000000000000000000e+00 2.202271554554523902e+01 2.807133769523639799e+01 0.000000000000000000e+00 1.300000000000000000e+01 2.308679276123039159e+01 2.500000000000000000e+01 3.067572330035593353e+01 1.345362404707370985e+01 1.523154621172781731e+01
3.114482300479487265e+01 2.039607805437113797e+01 2.088061301782110135e+01 2.109502310972898798e+01 4.162931659299729859e+01 2.109502310972898798e+01 3.100000000000000000e+01 3.162277660168379523e+00 2.640075756488817049e+01 3.634556369077249371e+01 6.403124237432848531e+00 2.280350850198275836e+01 1.315294643796590535e+01 1.702938636592640265e+01 3.008321791298264714e+01 1.300000000000000000e+01 0.000000000000000000e+00 2.745906043549196340e+01 3.124099870362661591e+01 3.701351104664349378e+01 2.469817807045693669e+01 6.082762530298219339e+00
1.969771560359220786e+01 1.923538406167134340e+01 2.121320343559642652e+01 2.570992026436488231e+01 1.513274595042155646e+01 1.711724276862369010e+01 1.700000000000000000e+01 2.683281572999747766e+01 4.123105625617660586e+00 1.640121946685672683e+01 2.758622844826744469e+01 1.838477631085023489e+01 2.507987240796890660e+01 1.708800749063506075e+01 6.403124237432848531e+00 2.308679276123039159e+01 2.745906043549196340e+01 0.000000000000000000e+00 5.099019513592784492e+00 1.000000000000000000e+01 1.612451549659709826e+01 2.334523505985750447e+01
2.404163056034261459e+01 2.433105012119287736e+01 2.630589287593181069e+01 2.601922366251537611e+01 1.431782106327635340e+01 2.220360331117451835e+01 2.118962010041709121e+01 3.023243291566194912e+01 9.000000000000000000e+00 1.920937271229854559e+01 3.201562118716424266e+01 1.811077027627483460e+01 2.692582403567251959e+01 2.213594362117865444e+01 9.848857801796103928e+00 2.500000000000000000e+01 3.124099870362661591e+01 5.099019513592784492e+00 0.000000000000000000e+00 5.830951894845300743e+00 1.529705854077835525e+01 2.765863337187866122e+01
2.607680962081059661e+01 2.846049894151541437e+01 3.036445290137795183e+01 3.106444913401813324e+01 1.081665382639196871e+01 2.624880949681337583e+01 2.308679276123039159e+01 3.605551275463989214e+01 1.300000000000000000e+01 1.931320791582796659e+01 3.753664875824691904e+01 2.302172886644267535e+01 3.257299494980465937e+01 2.683281572999747766e+01 1.204159457879229578e+01 3.067572330035593353e+01 3.701351104664349378e+01 1.000000000000000000e+01 5.830951894845300743e+00 0.000000000000000000e+00 2.000000000000000000e+01 3.324154027718932269e+01
3.405877273185280529e+01 2.915475947422650194e+01 3.101612483854164637e+01 1.118033988749894903e+01 2.961418578992169515e+01 2.773084924772409465e+01 3.182766092567909766e+01 2.236067977499789805e+01 1.920937271229854559e+01 3.244996147917590434e+01 2.844292530665578411e+01 3.162277660168379523e+00 1.486606874731850603e+01 2.529822128134703618e+01 2.247220505424423109e+01 1.345362404707370985e+01 2.469817807045693669e+01 1.612451549659709826e+01 1.529705854077835525e+01 2.000000000000000000e+01 0.000000000000000000e+00 2.418677324489564739e+01
2.507987240796890660e+01 1.431782106327635340e+01 1.486606874731850603e+01 2.340939982143925135e+01 3.671511950137163893e+01 1.503329637837290811e+01 2.501999200639360765e+01 8.062257748298549132e+00 2.163330765278393741e+01 3.059411708155671050e+01 4.472135954999579610e+00 2.300000000000000000e+01 1.612451549659709826e+01 1.100000000000000000e+01 2.505992817228333536e+01 1.523154621172781731e+01 6.082762530298219339e+00 2.334523505985750447e+01 2.765863337187866122e+01 3.324154027718932269e+01 2.418677324489564739e+01 0.000000000000000000e+00
