0.000000000000000000e+00 1.920937271229854559e+01 1.612451549659709826e+01 2.865309756378880479e+01 2.915475947422650194e+01 3.612478373637688378e+01 6.000000000000000000e+00 2.906888370749726747e+01 3.132091952673165025e+01 1.526433752247374720e+01 2.385372088375312671e+01 2.692582403567251959e+01 2.801785145224380003e+01 1.300000000000000000e+01 5.000000000000000000e+00 3.361547262794321966e+01 2.996664812754339380e+01 1.486606874731850603e+01 1.802775637731994607e+01 1.118033988749894903e+01 8.544003745317530374e+00 1.063014581273464998e+01 3.748332962798262713e+01
1.920937271229854559e+01 0.000000000000000000e+00 2.927456233660889495e+01 3.701351104664349378e+01 4.272001872658765365e+01 4.002499219237900263e+01 2.418677324489564739e+01 3.423448553724738019e+01 4.837354648979129479e+01 3.397057550292606010e+01 5.099019513592784492e+00 1.019803902718556898e+01 2.912043955712207222e+01 1.216552506059643868e+01 2.000000000000000000e+01 3.220248437620923454e+01 1.204159457879229578e+01 4.472135954999579610e+00 1.140175425099137918e+01 2.785677655436823841e+01 2.469817807045693669e+01 2.353720459187963954e+01 4.052159917870962147e+01
1.612451549659709826e+01 2.927456233660889495e+01 0.000000000000000000e+00 4.327817001676480402e+01 4.071854614300466579e+01 5.166236541235795698e+01 1.131370849898476116e+01 4.459820624195551630e+01 3.832753579347360073e+01 2.184032966784155505e+01 3.436568055487916240e+01 3.905124837953326988e+01 4.410215414239988974e+01 2.816025568065744622e+01 2.080865204668481283e+01 4.973932046178354938e+01 4.130375285612676350e+01 2.507987240796890660e+01 3.275667870831839679e+01 6.708203932499369415e+00 7.810249675906653977e+00 6.082762530298219339e+00 5.315072906367324634e+01
2.865309756378880479e+01 3.701351104664349378e+01 4.327817001676480402e+01 0.000000000000000000e+00 1.170469991071962568e+01 1.019803902718556898e+01 3.201562118716424266e+01 5.830951894845300743e+00 2.353720459187963954e+01 2.505992817228333536e+01 3.847076812334268681e+01 3.668787265568828104e+01 1.272792206135785520e+01 2.501999200639360765e+01 2.370653918225939449e+01 1.700000000000000000e+01 4.016217125604640614e+01 3.512833614050059339e+01 2.630589287593181069e+01 3.679673898594819548e+01 3.560898762952971452e+01 3.883297567789519888e+01 1.216552506059643868e+01
2.915475947422650194e+01 4.272001872658765365e+01 4.071854614300466579e+01 1.170469991071962568e+01 0.000000000000000000e+00 2.109502310972898798e+01 3.036445290137795183e+01 1.746424919657297892e+01 1.204159457879229578e+01 1.941648783894759944e+01 4.531004303683676682e+01 4.477722635447621968e+01 2.385372088375312671e+01 3.067572330035593353e+01 2.500000000000000000e+01 2.863564212655270680e+01 4.837354648979129479e+01 3.981205847478876336e+01 3.354101966249684352e+01 3.401470270338990076e+01 3.383784863137726262e+01 3.764306044943742080e+01 2.308679276123039159e+01
3.612478373637688378e+01 4.002499219237900263e+01 5.166236541235795698e+01 1.019803902718556898e+01 2.109502310972898798e+01 0.000000000000000000e+00 4.036087214122112954e+01 7.071067811865475505e+00 3.313608305156178346e+01 3.492849839314595783e+01 4.019950248448355978e+01 3.701351104664349378e+01 1.104536101718726115e+01 2.915475947422650194e+01 3.114482300479487265e+01 1.118033988749894903e+01 4.011234224026316042e+01 3.921734310225515685e+01 2.863564212655270680e+01 4.545327270945404763e+01 4.386342439892261780e+01 4.669047011971500893e+01 2.000000000000000000e+00
6.000000000000000000e+00 2.418677324489564739e+01 1.131370849898476116e+01 3.201562118716424266e+01 3.036445290137795183e+01 4.036087214122112954e+01 0.000000000000000000e+00 3.330165161069342616e+01 3.014962686336266984e+01 1.315294643796590535e+01 2.906888370749726747e+01 3.257299494980465937e+01 3.312099032335839155e+01 1.900000000000000000e+01 9.848857801796103928e+00 3.891015291668743714e+01 3.546829570193639825e+01 1.972308292331602075e+01 2.402082429892862692e+01 5.385164807134503739e+00 3.605551275463989125e+00 7.280109889280518054e+00 4.186884283091664116e+01
2.906888370749726747e+01 3.423448553724738019e+01 4.459820624195551630e+01 5.830951894845300743e+00 1.746424919657297892e+01 7.071067811865475505e+00 3.330165161069342616e+01 0.000000000000000000e+00 2.912043955712207222e+01 2.846049894151541437e+01 3.501428280002319582e+01 3.255764119219941222e+01 7.211102550927978250e+00 2.280350850198275836e+01 2.408318915758459156e+01 1.118033988749894903e+01 3.590264614203248072e+01 3.298484500494128469e+01 2.302172886644267535e+01 3.841874542459709119e+01 3.679673898594819548e+01 3.962322551231790158e+01 8.602325267042626677e+00
3.132091952673165025e+01 4.837354648979129479e+01 3.832753579347360073e+01 2.353720459187963954e+01 1.204159457879229578e+01 3.313608305156178346e+01 3.014962686336266984e+01 2.912043955712207222e+01 0.000000000000000000e+00 1.702938636592640265e+01 5.186520991955976001e+01 5.249761899362675166e+01 3.492849839314595783e+01 3.720215047547655018e+01 2.863564212655270680e+01 4.016217125604640614e+01 5.608029957123981291e+01 4.472135954999579610e+01 4.110960958218893069e+01 3.206243908376279705e+01 3.301514803843835466e+01 3.701351104664349378e+01 3.512833614050059339e+01
1.526433752247374720e+01 3.397057550292606010e+01 2.184032966784155505e+01 2.505992817228333536e+01 1.941648783894759944e+01 3.492849839314595783e+01 1.315294643796590535e+01 2.846049894151541437e+01 1.702938636592640265e+01 0.000000000000000000e+00 3.820994634908559817e+01 4.022437072223753063e+01 3.114482300479487265e+01 2.469817807045693669e+01 1.421267040355189515e+01 3.721558813185679071e+01 4.360045871318327926e+01 2.983286778035259701e+01 2.952964612046680060e+01 1.529705854077835525e+01 1.600000000000000000e+01 2.000000000000000000e+01 3.676955262170046979e+01
2.385372088375312671e+01 5.099019513592784492e+00 3.436568055487916240e+01 3.847076812334268681e+01 4.531004303683676682e+01 4.019950248448355978e+01 2.906888370749726747e+01 3.501428280002319582e+01 5.186520991955976001e+01 3.820994634908559817e+01 0.000000000000000000e+00 5.830951894845300743e+00 2.915475947422650194e+01 1.476482306023340030e+01 2.404163056034261459e+01 3.132091952673165025e+01 7.000000000000000000e+00 9.486832980505138124e+00 1.216552506059643868e+01 3.289376840679705083e+01 2.973213749463701205e+01 2.863564212655270680e+01 4.044749683231336945e+01
2.692582403567251959e+01 1.019803902718556898e+01 3.905124837953326988e+01 3.668787265568828104e+01 4.477722635447621968e+01 3.701351104664349378e+01 3.257299494980465937e+01 3.255764119219941222e+01 5.249761899362675166e+01 4.022437072223753063e+01 5.830951894845300743e+00 0.000000000000000000e+00 2.607680962081059661e+01 1.562049935181330795e+01 2.607680962081059661e+01 2.729468812791236232e+01 3.605551275463989125e+00 1.400000000000000000e+01 1.140175425099137918e+01 3.687817782917154830e+01 3.373425558686599857e+01 3.313608305156178346e+01 3.701351104664349378e+01
2.801785145224380003e+01 2.912043955712207222e+01 4.410215414239988974e+01 1.272792206135785520e+01 2.385372088375312671e+01 1.104536101718726115e+01 3.312099032335839155e+01 7.211102550927978250e+00 3.492849839314595783e+01 3.114482300479487265e+01 2.915475947422650194e+01 2.607680962081059661e+01 0.000000000000000000e+00 1.886796226411320632e+01 2.332380757938120297e+01 6.082762530298219339e+00 2.927456233660889495e+01 2.863564212655270680e+01 1.772004514666934938e+01 3.847076812334268681e+01 3.635931792539568619e+01 3.860051813123756403e+01 1.140175425099137918e+01
1.300000000000000000e+01 1.216552506059643868e+01 2.816025568065744622e+01 2.501999200639360765e+01 3.067572330035593353e+01 2.915475947422650194e+01 1.900000000000000000e+01 2.280350850198275836e+01 3.720215047547655018e+01 2.469817807045693669e+01 1.476482306023340030e+01 1.562049935181330795e+01 1.886796226411320632e+01 0.000000000000000000e+00 1.077032961426900748e+01 2.334523505985750447e+01 1.910497317454279909e+01 1.019803902718556898e+01 5.099019513592784492e+00 2.408318915758459156e+01 2.121320343559642652e+01 2.213594362117865444e+01 2.996664812754339380e+01
5.000000000000000000e+00 2.000000000000000000e+01 2.080865204668481283e+01 2.370653918225939449e+01 2.500000000000000000e+01 3.114482300479487265e+01 9.848857801796103928e+00 2.408318915758459156e+01 2.863564212655270680e+01 1.421267040355189515e+01 2.404163056034261459e+01 2.607680962081059661e+01 2.332380757938120297e+01 1.077032961426900748e+01 0.000000000000000000e+00 2.906888370749726747e+01 2.941088233970548416e+01 1.612451549659709826e+01 1.581138830084189628e+01 1.523154621172781731e+01 1.303840481040529831e+01 1.555634918610404505e+01 3.252691193458118590e+01
3.361547262794321966e+01 3.220248437620923454e+01 4.973932046178354938e+01 1.700000000000000000e+01 2.863564212655270680e+01 1.118033988749894903e+01 3.891015291668743714e+01 1.118033988749894903e+01 4.016217125604640614e+01 3.721558813185679071e+01 3.132091952673165025e+01 2.729468812791236232e+01 6.082762530298219339e+00 2.334523505985750447e+01 2.906888370749726747e+01 0.000000000000000000e+00 3.006659275674581622e+01 3.244996147917590434e+01 2.109502310972898798e+01 4.428317965096906050e+01 4.205948168962618183e+01 4.410215414239988974e+01 1.044030650891055068e+01
2.996664812754339380e+01 1.204159457879229578e+01 4.130375285612676350e+01 4.016217125604640614e+01 4.837354648979129479e+01 4.011234224026316042e+01 3.546829570193639825e+01 3.590264614203248072e+01 5.608029957123981291e+01 4.360045871318327926e+01 7.000000000000000000e+00 3.605551275463989125e+00 2.927456233660889495e+01 1.910497317454279909e+01 2.941088233970548416e+01 3.006659275674581622e+01 0.000000000000000000e+00 1.627882059609970611e+01 1.500000000000000000e+01 3.956008088970496317e+01 3.640054944640259293e+01 3.551056180912940619e+01 4.001249804748510996e+01
1.486606874731850603e+01 4.472135954999579610e+00 2.507987240796890660e+01 3.512833614050059339e+01 3.981205847478876336e+01 3.921734310225515685e+01 1.972308292331602075e+01 3.298484500494128469e+01 4.472135954999579610e+01 2.983286778035259701e+01 9.486832980505138124e+00 1.400000000000000000e+01 2.863564212655270680e+01 1.019803902718556898e+01 1.612451549659709826e+01 3.244996147917590434e+01 1.627882059609970611e+01 0.000000000000000000e+00 1.140175425099137918e+01 2.340939982143925135e+01 2.024845673131658685e+01 1.923538406167134340e+01 3.992492955535426091e+01
1.802775637731994607e+01 1.140175425099137918e+01 3.275667870831839679e+01 2.630589287593181069e+01 3.354101966249684352e+01 2.863564212655270680e+01 2.402082429892862692e+01 2.302172886644267535e+01 4.110960958218893069e+01 2.952964612046680060e+01 1.216552506059643868e+01 1.140175425099137918e+01 1.772004514666934938e+01 5.099019513592784492e+00 1.581138830084189628e+01 2.109502310972898798e+01 1.500000000000000000e+01 1.140175425099137918e+01 0.000000000000000000e+00 2.901723625709381693e+01 2.607680962081059661e+01 2.668332812825266842e+01 2.912043955712207222e+01
1.118033988749894903e+01 2.785677655436823841e+01 6.708203932499369415e+00 3.679673898594819548e+01 3.401470270338990076e+01 4.545327270945404763e+01 5.385164807134503739e+00 3.841874542459709119e+01 3.206243908376279705e+01 1.529705854077835525e+01 3.289376840679705083e+01 3.687817782917154830e+01 3.847076812334268681e+01 2.408318915758459156e+01 1.523154621172781731e+01 4.428317965096906050e+01 3.956008088970496317e+01 2.340939982143925135e+01 2.901723625709381693e+01 0.000000000000000000e+00 3.162277660168379523e+00 5.830951894845300743e+00 4.701063709417263681e+01
8.544003745317530374e+00 2.469817807045693669e+01 7.810249675906653977e+00 3.560898762952971452e+01 3.383784863137726262e+01 4.386342439892261780e+01 3.605551275463989125e+00 3.679673898594819548e+01 3.301514803843835466e+01 1.600000000000000000e+01 2.973213749463701205e+01 3.373425558686599857e+01 3.635931792539568619e+01 2.121320343559642652e+01 1.303840481040529831e+01 4.205948168962618183e+01 3.640054944640259293e+01 2.024845673131658685e+01 2.607680962081059661e+01 3.162277660168379523e+00 0.000000000000000000e+00 4.000000000000000000e+00 4.534313619501853765e+01
1.063014581273464998e+01 2.353720459187963954e+01 6.082762530298219339e+00 3.883297567789519888e+01 3.764306044943742080e+01 4.669047011971500893e+01 7.280109889280518054e+00 3.962322551231790158e+01 3.701351104664349378e+01 2.000000000000000000e+01 2.863564212655270680e+01 3.313608305156178346e+01 3.860051813123756403e+01 2.213594362117865444e+01 1.555634918610404505e+01 4.410215414239988974e+01 3.551056180912940619e+01 1.923538406167134340e+01 2.668332812825266842e+01 5.830951894845300743e+00 4.000000000000000000e+00 0.000000000000000000e+00 4.808326112068522917e+01
3.748332962798262713e+01 4.052159917870962147e+01 5.315072906367324634e+01 1.216552506059643868e+01 2.308679276123039159e+01 2.000000000000000000e+00 4.186884283091664116e+01 8.602325267042626677e+00 3.512833614050059339e+01 3.676955262170046979e+01 4.044749683231336945e+01 3.701351104664349378e+01 1.140175425099137918e+01 2.996664812754339380e+01 3.252691193458118590e+01 1.044030650891055068e+01 4.001249804748510996e+01 3.992492955535426091e+01 2.912043955712207222e+01 4.701063709417263681e+01 4.534313619501853765e+01 4.808326112068522917e+01 0.000000000000000000e+00
