0.000000000000000000e+00 2.469817807045693669e+01 9.486832980505138124e+00 1.780449381476485726e+01 3.395585369269929288e+01 1.843908891458577415e+01 2.505992817228333536e+01 2.886173937932362321e+01 9.000000000000000000e+00 1.486606874731850603e+01 1.711724276862369010e+01 2.009975124224177989e+01 1.345362404707370985e+01 1.345362404707370985e+01 9.219544457292887074e+00 3.354101966249684352e+01 7.810249675906653977e+00 3.668787265568828104e+01 3.505709628591620941e+01 3.736308338453881106e+01 2.773084924772409465e+01 2.202271554554523902e+01
2.469817807045693669e+01 0.000000000000000000e+00 2.433105012119287736e+01 7.280109889280518054e+00 2.418677324489564739e+01 9.486832980505138124e+00 1.414213562373095145e+00 4.964876634922563881e+01 3.041381265149109936e+01 1.063014581273464998e+01 1.170469991071962568e+01 1.104536101718726115e+01 2.459674775249768786e+01 3.125699921617556853e+01 3.360059523282288296e+01 4.341658669218482203e+01 1.700000000000000000e+01 2.778488797889960793e+01 2.051828452868319275e+01 1.529705854077835525e+01 3.905124837953326988e+01 4.134005321718877468e+01
9.486832980505138124e+00 2.433105012119287736e+01 0.000000000000000000e+00 1.711724276862369010e+01 3.981205847478876336e+01 2.158703314492290204e+01 2.517935662402834396e+01 3.721558813185679071e+01 1.824828759089465890e+01 1.746424919657297892e+01 2.118962010041709121e+01 2.404163056034261459e+01 2.220360331117451835e+01 7.000000000000000000e+00 1.627882059609970611e+01 4.295346318982905842e+01 9.848857801796103928e+00 4.294182110716777601e+01 3.956008088970496317e+01 3.901281840626231912e+01 3.716180835212409050e+01 3.106444913401813324e+01
1.780449381476485726e+01 7.280109889280518054e+00 1.711724276862369010e+01 0.000000000000000000e+00 2.687005768508880621e+01 8.062257748298549132e+00 8.062257748298549132e+00 4.429446918070020445e+01 2.441311123146740414e+01 6.000000000000000000e+00 9.486832980505138124e+00 1.081665382639196871e+01 2.039607805437113797e+01 2.408318915758459156e+01 2.690724809414741969e+01 4.101219330881975367e+01 1.000000000000000000e+01 3.041381265149109936e+01 2.469817807045693669e+01 2.202271554554523902e+01 3.605551275463989214e+01 3.624913792078371699e+01
3.395585369269929288e+01 2.418677324489564739e+01 3.981205847478876336e+01 2.687005768508880621e+01 0.000000000000000000e+00 1.920937271229854559e+01 2.282542442102665348e+01 4.472135954999579610e+01 3.301514803843835466e+01 2.302172886644267535e+01 1.886796226411320632e+01 1.640121946685672683e+01 2.302172886644267535e+01 4.623851208678756564e+01 3.901281840626231912e+01 2.842534080710379030e+01 2.996664812754339380e+01 3.605551275463989125e+00 6.324555320336759046e+00 1.824828759089465890e+01 2.701851217221259205e+01 3.676955262170046979e+01
1.843908891458577415e+01 9.486832980505138124e+00 2.158703314492290204e+01 8.062257748298549132e+00 1.920937271229854559e+01 0.000000000000000000e+00 8.944271909999159220e+00 4.060788100849390503e+01 2.220360331117451835e+01 4.123105625617660586e+00 2.236067977499789805e+00 2.828427124746190291e+00 1.526433752247374720e+01 2.844292530665578411e+01 2.640075756488817049e+01 3.413209633175202384e+01 1.204159457879229578e+01 2.267156809750926882e+01 1.802775637731994607e+01 1.897366596101027625e+01 2.961418578992169515e+01 3.220248437620923454e+01
2.505992817228333536e+01 1.414213562373095145e+00 2.517935662402834396e+01 8.062257748298549132e+00 2.282542442102665348e+01 8.944271909999159220e+00 0.000000000000000000e+00 4.940647730814249883e+01 3.041381265149109936e+01 1.063014581273464998e+01 1.118033988749894903e+01 1.019803902718556898e+01 2.418677324489564739e+01 3.214031735997639316e+01 3.383784863137726262e+01 4.257933771208753626e+01 1.746424919657297892e+01 2.641968962724581260e+01 1.910497317454279909e+01 1.414213562373095101e+01 3.832753579347360073e+01 4.104875150354758517e+01
2.886173937932362321e+01 4.964876634922563881e+01 3.721558813185679071e+01 4.429446918070020445e+01 4.472135954999579610e+01 4.060788100849390503e+01 4.940647730814249883e+01 0.000000000000000000e+00 2.024845673131658685e+01 3.911521443121588959e+01 3.841874542459709119e+01 4.036087214122112954e+01 2.549509756796392423e+01 3.712142238654116966e+01 2.102379604162863913e+01 2.209072203437452231e+01 3.546829570193639825e+01 4.531004303683676682e+01 4.939635614091387339e+01 5.738466694161429160e+01 1.923538406167134340e+01 8.485281374238569541e+00
9.000000000000000000e+00 3.041381265149109936e+01 1.824828759089465890e+01 2.441311123146740414e+01 3.301514803843835466e+01 2.220360331117451835e+01 3.041381265149109936e+01 2.024845673131658685e+01 0.000000000000000000e+00 1.979898987322333070e+01 2.024845673131658685e+01 2.282542442102665348e+01 1.000000000000000000e+01 2.059126028197400160e+01 6.324555320336759046e+00 2.580697580112788003e+01 1.523154621172781731e+01 3.505709628591620941e+01 3.569313659514949677e+01 4.070626487409523975e+01 2.000000000000000000e+01 1.303840481040529831e+01
1.486606874731850603e+01 1.063014581273464998e+01 1.746424919657297892e+01 6.000000000000000000e+00 2.302172886644267535e+01 4.123105625617660586e+00 1.063014581273464998e+01 3.911521443121588959e+01 1.979898987322333070e+01 0.000000000000000000e+00 4.242640687119284770e+00 6.708203932499369415e+00 1.456021977856103611e+01 2.433105012119287736e+01 2.332380757938120297e+01 3.501428280002319582e+01 8.000000000000000000e+00 2.640075756488817049e+01 2.213594362117865444e+01 2.256102834535695578e+01 3.006659275674581622e+01 3.088689042296100240e+01
1.711724276862369010e+01 1.170469991071962568e+01 2.118962010041709121e+01 9.486832980505138124e+00 1.886796226411320632e+01 2.236067977499789805e+00 1.118033988749894903e+01 3.841874542459709119e+01 2.024845673131658685e+01 4.242640687119284770e+00 0.000000000000000000e+00 3.000000000000000000e+00 1.303840481040529831e+01 2.789265136196270589e+01 2.469817807045693669e+01 3.206243908376279705e+01 1.140175425099137918e+01 2.220360331117451835e+01 1.843908891458577415e+01 2.061552812808830382e+01 2.745906043549196340e+01 3.000000000000000000e+01
2.009975124224177989e+01 1.104536101718726115e+01 2.404163056034261459e+01 1.081665382639196871e+01 1.640121946685672683e+01 2.828427124746190291e+00 1.019803902718556898e+01 4.036087214122112954e+01 2.282542442102665348e+01 6.708203932499369415e+00 3.000000000000000000e+00 0.000000000000000000e+00 1.486606874731850603e+01 3.080584360149872580e+01 2.751363298439520833e+01 3.238826948140329165e+01 1.431782106327635340e+01 1.984943324127920761e+01 1.552417469626002422e+01 1.788854381999831844e+01 2.816025568065744622e+01 3.189043743820394994e+01
1.345362404707370985e+01 2.459674775249768786e+01 2.220360331117451835e+01 2.039607805437113797e+01 2.302172886644267535e+01 1.526433752247374720e+01 2.418677324489564739e+01 2.549509756796392423e+01 1.000000000000000000e+01 1.456021977856103611e+01 1.303840481040529831e+01 1.486606874731850603e+01 0.000000000000000000e+00 2.690724809414741969e+01 1.612451549659709826e+01 2.158703314492290204e+01 1.456021977856103611e+01 2.507987240796890660e+01 2.596150997149434048e+01 3.220248437620923454e+01 1.612451549659709826e+01 1.702938636592640265e+01
1.345362404707370985e+01 3.125699921617556853e+01 7.000000000000000000e+00 2.408318915758459156e+01 4.623851208678756564e+01 2.844292530665578411e+01 3.214031735997639316e+01 3.712142238654116966e+01 2.059126028197400160e+01 2.433105012119287736e+01 2.789265136196270589e+01 3.080584360149872580e+01 2.690724809414741969e+01 0.000000000000000000e+00 1.649242250247064234e+01 4.632493928760187885e+01 1.649242250247064234e+01 4.924428900898052319e+01 4.632493928760187885e+01 4.601086828130936368e+01 4.049691346263317371e+01 3.228002478313794654e+01
9.219544457292887074e+00 3.360059523282288296e+01 1.627882059609970611e+01 2.690724809414741969e+01 3.901281840626231912e+01 2.640075756488817049e+01 3.383784863137726262e+01 2.102379604162863913e+01 6.324555320336759046e+00 2.332380757938120297e+01 2.469817807045693669e+01 2.751363298439520833e+01 1.612451549659709826e+01 1.649242250247064234e+01 0.000000000000000000e+00 3.114482300479487265e+01 1.697056274847713908e+01 4.119465984809195902e+01 4.130375285612676350e+01 4.531004303683676682e+01 2.545584412271571040e+01 1.581138830084189628e+01
3.354101966249684352e+01 4.341658669218482203e+01 4.295346318982905842e+01 4.101219330881975367e+01 2.842534080710379030e+01 3.413209633175202384e+01 4.257933771208753626e+01 2.209072203437452231e+01 2.580697580112788003e+01 3.501428280002319582e+01 3.206243908376279705e+01 3.238826948140329165e+01 2.158703314492290204e+01 4.632493928760187885e+01 3.114482300479487265e+01 0.000000000000000000e+00 3.613862199918530393e+01 2.758622844826744469e+01 3.440930106817050671e+01 4.517742799230607176e+01 5.830951894845300743e+00 1.788854381999831844e+01
7.810249675906653977e+00 1.700000000000000000e+01 9.848857801796103928e+00 1.000000000000000000e+01 2.996664812754339380e+01 1.204159457879229578e+01 1.746424919657297892e+01 3.546829570193639825e+01 1.523154621172781731e+01 8.000000000000000000e+00 1.140175425099137918e+01 1.431782106327635340e+01 1.456021977856103611e+01 1.649242250247064234e+01 1.697056274847713908e+01 3.613862199918530393e+01 0.000000000000000000e+00 3.312099032335839155e+01 2.983286778035259701e+01 3.041381265149109936e+01 3.059411708155671050e+01 2.789265136196270589e+01
3.668787265568828104e+01 2.778488797889960793e+01 4.294182110716777601e+01 3.041381265149109936e+01 3.605551275463989125e+00 2.267156809750926882e+01 2.641968962724581260e+01 4.531004303683676682e+01 3.505709628591620941e+01 2.640075756488817049e+01 2.220360331117451835e+01 1.984943324127920761e+01 2.507987240796890660e+01 4.924428900898052319e+01 4.119465984809195902e+01 2.758622844826744469e+01 3.312099032335839155e+01 0.000000000000000000e+00 9.000000000000000000e+00 2.102379604162863913e+01 2.692582403567251959e+01 3.764306044943742080e+01
3.505709628591620941e+01 2.051828452868319275e+01 3.956008088970496317e+01 2.469817807045693669e+01 6.324555320336759046e+00 1.802775637731994607e+01 1.910497317454279909e+01 4.939635614091387339e+01 3.569313659514949677e+01 2.213594362117865444e+01 1.843908891458577415e+01 1.552417469626002422e+01 2.596150997149434048e+01 4.632493928760187885e+01 4.130375285612676350e+01 3.440930106817050671e+01 2.983286778035259701e+01 9.000000000000000000e+00 0.000000000000000000e+00 1.204159457879229578e+01 3.252691193458118590e+01 4.118252056394800320e+01
3.736308338453881106e+01 1.529705854077835525e+01 3.901281840626231912e+01 2.202271554554523902e+01 1.824828759089465890e+01 1.897366596101027625e+01 1.414213562373095101e+01 5.738466694161429160e+01 4.070626487409523975e+01 2.256102834535695578e+01 2.061552812808830382e+01 1.788854381999831844e+01 3.220248437620923454e+01 4.601086828130936368e+01 4.531004303683676682e+01 4.517742799230607176e+01 3.041381265149109936e+01 2.102379604162863913e+01 1.204159457879229578e+01 0.000000000000000000e+00 4.243819034784588951e+01 4.891829923454003648e+01
2.773084924772409465e+01 3.905124837953326988e+01 3.716180835212409050e+01 3.605551275463989214e+01 2.701851217221259205e+01 2.961418578992169515e+01 3.832753579347360073e+01 1.923538406167134340e+01 2.000000000000000000e+01 3.006659275674581622e+01 2.745906043549196340e+01 2.816025568065744622e+01 1.612451549659709826e+01 4.049691346263317371e+01 2.545584412271571040e+01 5.830951894845300743e+00 3.059411708155671050e+01 2.692582403567251959e+01 3.252691193458118590e+01 4.243819034784588951e+01 0.000000000000000000e+00 1.334166406412633421e+01
2.202271554554523902e+01 4.134005321718877468e+01 3.106444913401813324e+01 3.624913792078371699e+01 3.676955262170046979e+01 3.220248437620923454e+01 4.104875150354758517e+01 8.485281374238569541e+00 1.303840481040529831e+01 3.088689042296100240e+01 3.000000000000000000e+01 3.189043743820394994e+01 1.702938636592640265e+01 3.228002478313794654e+01 1.581138830084189628e+01 1.788854381999831844e+01 2.789265136196270589e+01 3.764306044943742080e+01 4.118252056394800320e+01 4.891829923454003648e+01 1.334166406412633421e+01 0.000000000000000000e+00
