0.000000000000000000e+00 2.765863337187866122e+01 8.944271909999159220e+00 2.236067977499789805e+00 2.765863337187866122e+01 2.000000000000000000e+01 2.158703314492290204e+01 3.047950130825634218e+01 2.236067977499789805e+01 2.692582403567251959e+01 1.910497317454279909e+01 1.360147050873544394e+01 3.488552708502481892e+01 3.201562118716424266e+01 2.280350850198275836e+01 3.269556544854363267e+01 2.687005768508880621e+01 5.000000000000000000e+00 2.109502310972898798e+01 1.200000000000000000e+01 2.469817807045693669e+01 1.788854381999831844e+01 2.193171219946130890e+01 2.451530134426252516e+01 3.162277660168379523e+00 1.868154169226940553e+01 1.360147050873544394e+01
2.765863337187866122e+01 0.000000000000000000e+00 3.106444913401813324e+01 2.561249694973139412e+01 2.473863375370596174e+01 9.219544457292887074e+00 2.300000000000000000e+01 2.828427124746190291e+00 1.118033988749894903e+01 2.549509756796392423e+01 1.612451549659709826e+01 1.414213562373095101e+01 1.019803902718556898e+01 2.785677655436823841e+01 7.000000000000000000e+00 1.029563014098700080e+01 2.236067977499789805e+00 2.469817807045693669e+01 1.600000000000000000e+01 2.184032966784155505e+01 5.000000000000000000e+00 2.647640458974745314e+01 5.830951894845300743e+00 2.319482700948640286e+01 2.900000000000000000e+01 1.600000000000000000e+01 1.476482306023340030e+01
8.944271909999159220e+00 3.106444913401813324e+01 0.000000000000000000e+00 1.044030650891055068e+01 2.308679276123039159e+01 2.529822128134703618e+01 1.726267650163206824e+01 3.383784863137726262e+01 2.863564212655270680e+01 2.202271554554523902e+01 1.802775637731994607e+01 1.746424919657297892e+01 3.612478373637688378e+01 2.700000000000000000e+01 2.785677655436823841e+01 3.342154993413680586e+01 3.088689042296100240e+01 1.360147050873544394e+01 1.972308292331602075e+01 2.039607805437113797e+01 2.701851217221259205e+01 1.200000000000000000e+01 2.594224354214569317e+01 2.022374841615668473e+01 5.830951894845300743e+00 2.601922366251537611e+01 1.941648783894759944e+01
2.236067977499789805e+00 2.561249694973139412e+01 1.044030650891055068e+01 0.000000000000000000e+00 2.720294101747088789e+01 1.780449381476485726e+01 2.118962010041709121e+01 2.842534080710379030e+01 2.012461179749810825e+01 2.657066051117284644e+01 1.800000000000000000e+01 1.166190378969060149e+01 3.310589071449369669e+01 3.162277660168379256e+01 2.061552812808830382e+01 3.101612483854164637e+01 2.475883680627989492e+01 3.162277660168379523e+00 2.000000000000000000e+01 1.004987562112088995e+01 2.282542442102665348e+01 1.802775637731994607e+01 1.984943324127920761e+01 2.404163056034261459e+01 5.000000000000000000e+00 1.649242250247064234e+01 1.140175425099137918e+01
2.765863337187866122e+01 2.473863375370596174e+01 2.308679276123039159e+01 2.720294101747088789e+01 0.000000000000000000e+00 2.662705391138869615e+01 6.082762530298219339e+00 2.630589287593181069e+01 3.106444913401813324e+01 1.414213562373095145e+00 1.131370849898476116e+01 2.126029162546929996e+01 2.236067977499789805e+01 4.472135954999579610e+00 2.729468812791236232e+01 1.923538406167134340e+01 2.624880949681337583e+01 2.915475947422650194e+01 1.000000000000000000e+01 3.244996147917590434e+01 1.992485884517127559e+01 1.118033988749894903e+01 2.370653918225939449e+01 3.162277660168379523e+00 2.617250465660480074e+01 3.255764119219941222e+01 2.549509756796392423e+01
2.000000000000000000e+01 9.219544457292887074e+00 2.529822128134703618e+01 1.780449381476485726e+01 2.662705391138869615e+01 0.000000000000000000e+00 2.284731931759172596e+01 1.170469991071962568e+01 4.472135954999579610e+00 2.692582403567251959e+01 1.565247584249852864e+01 8.062257748298549132e+00 1.900000000000000000e+01 3.061045573002793319e+01 2.828427124746190291e+00 1.824828759089465890e+01 7.615773105863908654e+00 1.627882059609970611e+01 1.664331697709323876e+01 1.264911064067351809e+01 9.486832980505138124e+00 2.433105012119287736e+01 4.123105625617660586e+00 2.418677324489564739e+01 2.195449840010014952e+01 7.280109889280518054e+00 6.403124237432848531e+00
2.158703314492290204e+01 2.300000000000000000e+01 1.726267650163206824e+01 2.118962010041709121e+01 6.082762530298219339e+00 2.284731931759172596e+01 0.000000000000000000e+00 2.507987240796890660e+01 2.731300056749532601e+01 5.385164807134503739e+00 7.280109889280518054e+00 1.640121946685672683e+01 2.325940669922601600e+01 1.044030650891055068e+01 2.404163056034261459e+01 2.012461179749810825e+01 2.408318915758459156e+01 2.325940669922601600e+01 7.000000000000000000e+00 2.701851217221259205e+01 1.800000000000000000e+01 5.830951894845300743e+00 2.061552812808830382e+01 3.000000000000000000e+00 2.009975124224177989e+01 2.801785145224380003e+01 2.061552812808830382e+01
3.047950130825634218e+01 2.828427124746190291e+00 3.383784863137726262e+01 2.842534080710379030e+01 2.630589287593181069e+01 1.170469991071962568e+01 2.507987240796890660e+01 0.000000000000000000e+00 1.300000000000000000e+01 2.716615541441224835e+01 1.843908891458577415e+01 1.697056274847713908e+01 8.944271909999159220e+00 2.912043955712207222e+01 9.219544457292887074e+00 9.899494936611665352e+00 4.123105625617660586e+00 2.745906043549196340e+01 1.811077027627483460e+01 2.435159132377184221e+01 7.280109889280518054e+00 2.886173937932362321e+01 8.602325267042626677e+00 2.501999200639360765e+01 3.182766092567909766e+01 1.811077027627483460e+01 1.749285568453590045e+01
2.236067977499789805e+01 1.118033988749894903e+01 2.863564212655270680e+01 2.012461179749810825e+01 3.106444913401813324e+01 4.472135954999579610e+00 2.731300056749532601e+01 1.300000000000000000e+01 0.000000000000000000e+00 3.138470965295043058e+01 2.012461179749810825e+01 1.204159457879229578e+01 2.137755832643194864e+01 3.500000000000000000e+01 4.472135954999579610e+00 2.118962010041709121e+01 9.055385138137417300e+00 1.802775637731994607e+01 2.109502310972898798e+01 1.280624847486569706e+01 1.303840481040529831e+01 2.863564212655270680e+01 7.810249675906653977e+00 2.865309756378880479e+01 2.469817807045693669e+01 5.385164807134503739e+00 9.219544457292887074e+00
2.692582403567251959e+01 2.549509756796392423e+01 2.202271554554523902e+01 2.657066051117284644e+01 1.414213562373095145e+00 2.692582403567251959e+01 5.385164807134503739e+00 2.716615541441224835e+01 3.138470965295043058e+01 0.000000000000000000e+00 1.140175425099137918e+01 2.121320343559642652e+01 2.353720459187963954e+01 5.099019513592784492e+00 2.773084924772409465e+01 2.039607805437113797e+01 2.692582403567251959e+01 2.863564212655270680e+01 1.029563014098700080e+01 3.220248437620923454e+01 2.061552812808830382e+01 1.004987562112088995e+01 2.416609194718914466e+01 2.828427124746190291e+00 2.531797780234432693e+01 3.264965543462901820e+01 2.545584412271571040e+01
1.910497317454279909e+01 1.612451549659709826e+01 1.802775637731994607e+01 1.800000000000000000e+01 1.131370849898476116e+01 1.565247584249852864e+01 7.280109889280518054e+00 1.843908891458577415e+01 2.012461179749810825e+01 1.140175425099137918e+01 0.000000000000000000e+00 1.000000000000000000e+01 1.843908891458577415e+01 1.562049935181330795e+01 1.676305461424021104e+01 1.555634918610404505e+01 1.700000000000000000e+01 1.923538406167134340e+01 2.000000000000000000e+00 2.147091055358388800e+01 1.118033988749894903e+01 1.044030650891055068e+01 1.334166406412633421e+01 8.602325267042626677e+00 1.868154169226940553e+01 2.126029162546929996e+01 1.421267040355189515e+01
1.360147050873544394e+01 1.414213562373095101e+01 1.746424919657297892e+01 1.166190378969060149e+01 2.126029162546929996e+01 8.062257748298549132e+00 1.640121946685672683e+01 1.697056274847713908e+01 1.204159457879229578e+01 2.121320343559642652e+01 1.000000000000000000e+01 0.000000000000000000e+00 2.154065922853801496e+01 2.561249694973139412e+01 1.044030650891055068e+01 1.964688270438849926e+01 1.360147050873544394e+01 1.140175425099137918e+01 1.166190378969060149e+01 1.170469991071962568e+01 1.118033988749894903e+01 1.676305461424021104e+01 8.602325267042626677e+00 1.838477631085023489e+01 1.486606874731850603e+01 1.166190378969060149e+01 4.242640687119284770e+00
3.488552708502481892e+01 1.019803902718556898e+01 3.612478373637688378e+01 3.310589071449369669e+01 2.236067977499789805e+01 1.900000000000000000e+01 2.325940669922601600e+01 8.944271909999159220e+00 2.137755832643194864e+01 2.353720459187963954e+01 1.843908891458577415e+01 2.154065922853801496e+01 0.000000000000000000e+00 2.400000000000000000e+01 1.711724276862369010e+01 3.162277660168379523e+00 1.236931687685298087e+01 3.289376840679705083e+01 1.720465053408525335e+01 3.125699921617556853e+01 1.044030650891055068e+01 2.830194339616981125e+01 1.503329637837290811e+01 2.213594362117865444e+01 3.551056180912940619e+01 2.607680962081059661e+01 2.353720459187963954e+01
3.201562118716424266e+01 2.785677655436823841e+01 2.700000000000000000e+01 3.162277660168379256e+01 4.472135954999579610e+00 3.061045573002793319e+01 1.044030650891055068e+01 2.912043955712207222e+01 3.500000000000000000e+01 5.099019513592784492e+00 1.562049935181330795e+01 2.561249694973139412e+01 2.400000000000000000e+01 0.000000000000000000e+00 3.106444913401813324e+01 2.102379604162863913e+01 2.954657340538831534e+01 3.361547262794321966e+01 1.414213562373095101e+01 3.689173349139343117e+01 2.325940669922601600e+01 1.500000000000000000e+01 2.745906043549196340e+01 7.615773105863908654e+00 3.041381265149109936e+01 3.676955262170046979e+01 2.983286778035259701e+01
2.280350850198275836e+01 7.000000000000000000e+00 2.785677655436823841e+01 2.061552812808830382e+01 2.729468812791236232e+01 2.828427124746190291e+00 2.404163056034261459e+01 9.219544457292887074e+00 4.472135954999579610e+00 2.773084924772409465e+01 1.676305461424021104e+01 1.044030650891055068e+01 1.711724276862369010e+01 3.106444913401813324e+01 0.000000000000000000e+00 1.676305461424021104e+01 5.099019513592784492e+00 1.910497317454279909e+01 1.746424919657297892e+01 1.523154621172781731e+01 8.602325267042626677e+00 2.607680962081059661e+01 3.605551275463989125e+00 2.507987240796890660e+01 2.469817807045693669e+01 9.000000000000000000e+00 9.219544457292887074e+00
3.269556544854363267e+01 1.029563014098700080e+01 3.342154993413680586e+01 3.101612483854164637e+01 1.923538406167134340e+01 1.824828759089465890e+01 2.012461179749810825e+01 9.899494936611665352e+00 2.118962010041709121e+01 2.039607805437113797e+01 1.555634918610404505e+01 1.964688270438849926e+01 3.162277660168379523e+00 2.102379604162863913e+01 1.676305461424021104e+01 0.000000000000000000e+00 1.252996408614166768e+01 3.104834939252004844e+01 1.421267040355189515e+01 3.001666203960726875e+01 9.000000000000000000e+00 2.523885892824792521e+01 1.414213562373095101e+01 1.897366596101027625e+01 3.312099032335839155e+01 2.549509756796392423e+01 2.209072203437452231e+01
2.687005768508880621e+01 2.236067977499789805e+00 3.088689042296100240e+01 2.475883680627989492e+01 2.624880949681337583e+01 7.615773105863908654e+00 2.408318915758459156e+01 4.123105625617660586e+00 9.055385138137417300e+00 2.692582403567251959e+01 1.700000000000000000e+01 1.360147050873544394e+01 1.236931687685298087e+01 2.954657340538831534e+01 5.099019513592784492e+00 1.252996408614166768e+01 0.000000000000000000e+00 2.360084744241189370e+01 1.711724276862369010e+01 2.024845673131658685e+01 6.324555320336759046e+00 2.716615541441224835e+01 5.000000000000000000e+00 2.451530134426252516e+01 2.842534080710379030e+01 1.403566884761819900e+01 1.360147050873544394e+01
5.000000000000000000e+00 2.469817807045693669e+01 1.360147050873544394e+01 3.162277660168379523e+00 2.915475947422650194e+01 1.627882059609970611e+01 2.325940669922601600e+01 2.745906043549196340e+01 1.802775637731994607e+01 2.863564212655270680e+01 1.923538406167134340e+01 1.140175425099137918e+01 3.289376840679705083e+01 3.361547262794321966e+01 1.910497317454279909e+01 3.104834939252004844e+01 2.360084744241189370e+01 0.000000000000000000e+00 2.121320343559642652e+01 7.000000000000000000e+00 2.247220505424423109e+01 2.061552812808830382e+01 1.886796226411320632e+01 2.600000000000000000e+01 8.062257748298549132e+00 1.392838827718411920e+01 1.000000000000000000e+01
2.109502310972898798e+01 1.600000000000000000e+01 1.972308292331602075e+01 2.000000000000000000e+01 1.000000000000000000e+01 1.664331697709323876e+01 7.000000000000000000e+00 1.811077027627483460e+01 2.109502310972898798e+01 1.029563014098700080e+01 2.000000000000000000e+00 1.166190378969060149e+01 1.720465053408525335e+01 1.414213562373095101e+01 1.746424919657297892e+01 1.421267040355189515e+01 1.711724276862369010e+01 2.121320343559642652e+01 0.000000000000000000e+00 2.325940669922601600e+01 1.100000000000000000e+01 1.118033988749894903e+01 1.392838827718411920e+01 7.615773105863908654e+00 2.061552812808830382e+01 2.262741699796952233e+01 1.581138830084189628e+01
1.200000000000000000e+01 2.184032966784155505e+01 2.039607805437113797e+01 1.004987562112088995e+01 3.244996147917590434e+01 1.264911064067351809e+01 2.701851217221259205e+01 2.435159132377184221e+01 1.280624847486569706e+01 3.220248437620923454e+01 2.147091055358388800e+01 1.170469991071962568e+01 3.125699921617556853e+01 3.689173349139343117e+01 1.523154621172781731e+01 3.001666203960726875e+01 2.024845673131658685e+01 7.000000000000000000e+00 2.325940669922601600e+01 0.000000000000000000e+00 2.102379604162863913e+01 2.561249694973139412e+01 1.627882059609970611e+01 2.941088233970548416e+01 1.503329637837290811e+01 7.810249675906653977e+00 8.062257748298549132e+00
2.469817807045693669e+01 5.000000000000000000e+00 2.701851217221259205e+01 2.282542442102665348e+01 1.992485884517127559e+01 9.486832980505138124e+00 1.800000000000000000e+01 7.280109889280518054e+00 1.303840481040529831e+01 2.061552812808830382e+01 1.118033988749894903e+01 1.118033988749894903e+01 1.044030650891055068e+01 2.325940669922601600e+01 8.602325267042626677e+00 9.000000000000000000e+00 6.324555320336759046e+00 2.247220505424423109e+01 1.100000000000000000e+01 2.102379604162863913e+01 0.000000000000000000e+00 2.158703314492290204e+01 5.385164807134503739e+00 1.824828759089465890e+01 2.561249694973139412e+01 1.676305461424021104e+01 1.315294643796590535e+01
1.788854381999831844e+01 2.647640458974745314e+01 1.200000000000000000e+01 1.802775637731994607e+01 1.118033988749894903e+01 2.433105012119287736e+01 5.830951894845300743e+00 2.886173937932362321e+01 2.863564212655270680e+01 1.004987562112088995e+01 1.044030650891055068e+01 1.676305461424021104e+01 2.830194339616981125e+01 1.500000000000000000e+01 2.607680962081059661e+01 2.523885892824792521e+01 2.716615541441224835e+01 2.061552812808830382e+01 1.118033988749894903e+01 2.561249694973139412e+01 2.158703314492290204e+01 0.000000000000000000e+00 2.300000000000000000e+01 8.544003745317530374e+00 1.581138830084189628e+01 2.823118842698620767e+01 2.061552812808830382e+01
2.193171219946130890e+01 5.830951894845300743e+00 2.594224354214569317e+01 1.984943324127920761e+01 2.370653918225939449e+01 4.123105625617660586e+00 2.061552812808830382e+01 8.602325267042626677e+00 7.810249675906653977e+00 2.416609194718914466e+01 1.334166406412633421e+01 8.602325267042626677e+00 1.503329637837290811e+01 2.745906043549196340e+01 3.605551275463989125e+00 1.414213562373095101e+01 5.000000000000000000e+00 1.886796226411320632e+01 1.392838827718411920e+01 1.627882059609970611e+01 5.385164807134503739e+00 2.300000000000000000e+01 0.000000000000000000e+00 2.154065922853801496e+01 2.343074902771996193e+01 1.140175425099137918e+01 8.944271909999159220e+00
2.451530134426252516e+01 2.319482700948640286e+01 2.022374841615668473e+01 2.404163056034261459e+01 3.162277660168379523e+00 2.418677324489564739e+01 3.000000000000000000e+00 2.501999200639360765e+01 2.865309756378880479e+01 2.828427124746190291e+00 8.602325267042626677e+00 1.838477631085023489e+01 2.213594362117865444e+01 7.615773105863908654e+00 2.507987240796890660e+01 1.897366596101027625e+01 2.451530134426252516e+01 2.600000000000000000e+01 7.615773105863908654e+00 2.941088233970548416e+01 1.824828759089465890e+01 8.544003745317530374e+00 2.154065922853801496e+01 0.000000000000000000e+00 2.308679276123039159e+01 2.983286778035259701e+01 2.262741699796952233e+01
3.162277660168379523e+00 2.900000000000000000e+01 5.830951894845300743e+00 5.000000000000000000e+00 2.617250465660480074e+01 2.195449840010014952e+01 2.009975124224177989e+01 3.182766092567909766e+01 2.469817807045693669e+01 2.531797780234432693e+01 1.868154169226940553e+01 1.486606874731850603e+01 3.551056180912940619e+01 3.041381265149109936e+01 2.469817807045693669e+01 3.312099032335839155e+01 2.842534080710379030e+01 8.062257748298549132e+00 2.061552812808830382e+01 1.503329637837290811e+01 2.561249694973139412e+01 1.581138830084189628e+01 2.343074902771996193e+01 2.308679276123039159e+01 0.000000000000000000e+00 2.137755832643194864e+01 1.565247584249852864e+01
1.868154169226940553e+01 1.600000000000000000e+01 2.601922366251537611e+01 1.649242250247064234e+01 3.255764119219941222e+01 7.280109889280518054e+00 2.801785145224380003e+01 1.811077027627483460e+01 5.385164807134503739e+00 3.264965543462901820e+01 2.126029162546929996e+01 1.166190378969060149e+01 2.607680962081059661e+01 3.676955262170046979e+01 9.000000000000000000e+00 2.549509756796392423e+01 1.403566884761819900e+01 1.392838827718411920e+01 2.262741699796952233e+01 7.810249675906653977e+00 1.676305461424021104e+01 2.823118842698620767e+01 1.140175425099137918e+01 2.983286778035259701e+01 2.137755832643194864e+01 0.000000000000000000e+00 7.615773105863908654e+00
1.360147050873544394e+01 1.476482306023340030e+01 1.941648783894759944e+01 1.140175425099137918e+01 2.549509756796392423e+01 6.403124237432848531e+00 2.061552812808830382e+01 1.749285568453590045e+01 9.219544457292887074e+00 2.545584412271571040e+01 1.421267040355189515e+01 4.242640687119284770e+00 2.353720459187963954e+01 2.983286778035259701e+01 9.219544457292887074e+00 2.209072203437452231e+01 1.360147050873544394e+01 1.000000000000000000e+01 1.581138830084189628e+01 8.062257748298549132e+00 1.315294643796590535e+01 2.061552812808830382e+01 8.944271909999159220e+00 2.262741699796952233e+01 1.565247584249852864e+01 7.615773105863908654e+00 0.000000000000000000e+00
