0.000000000000000000e+00 2.469817807045693669e+01 3.206243908376279705e+01 3.661966684720110976e+01 1.300000000000000000e+01 3.289376840679705083e+01 3.712142238654116966e+01 1.627882059609970611e+01 2.209072203437452231e+01 2.284731931759172596e+01 3.157530680769388809e+01 8.000000000000000000e+00 1.345362404707370985e+01 1.780449381476485726e+01 8.246211251235321171e+00 3.605551275463989125e+00 1.941648783894759944e+01 2.102379604162863913e+01 1.788854381999831844e+01 2.441311123146740414e+01 2.863564212655270680e+01
2.469817807045693669e+01 0.000000000000000000e+00 1.140175425099137918e+01 2.109502310972898798e+01 1.824828759089465890e+01 8.246211251235321171e+00 1.280624847486569706e+01 2.118962010041709121e+01 7.071067811865475505e+00 2.000000000000000000e+00 3.640054944640259293e+01 1.749285568453590045e+01 1.300000000000000000e+01 1.300000000000000000e+01 1.655294535724684835e+01 2.184032966784155505e+01 2.879236009777593708e+01 4.000000000000000000e+00 7.071067811865475505e+00 5.830951894845300743e+00 2.549509756796392423e+01
3.206243908376279705e+01 1.140175425099137918e+01 0.000000000000000000e+00 3.008321791298264714e+01 2.879236009777593708e+01 9.055385138137417300e+00 1.503329637837290811e+01 3.220248437620923454e+01 1.000000000000000000e+01 1.303840481040529831e+01 4.780167361086847677e+01 2.408318915758459156e+01 2.308679276123039159e+01 2.418677324489564739e+01 2.400000000000000000e+01 3.001666203960726875e+01 3.981205847478876336e+01 1.476482306023340030e+01 1.708800749063506075e+01 1.697056274847713908e+01 3.676955262170046979e+01
3.661966684720110976e+01 2.109502310972898798e+01 3.008321791298264714e+01 0.000000000000000000e+00 2.408318915758459156e+01 2.147091055358388800e+01 1.769180601295413169e+01 2.280350850198275836e+01 2.801785145224380003e+01 2.100000000000000000e+01 2.701851217221259205e+01 3.269556544854363267e+01 2.370653918225939449e+01 1.886796226411320632e+01 3.087069808086626210e+01 3.301514803843835466e+01 2.731300056749532601e+01 2.109502310972898798e+01 2.256102834535695578e+01 1.603121954188139853e+01 1.513274595042155646e+01
1.300000000000000000e+01 1.824828759089465890e+01 2.879236009777593708e+01 2.408318915758459156e+01 0.000000000000000000e+00 2.601922366251537611e+01 2.844292530665578411e+01 4.472135954999579610e+00 1.972308292331602075e+01 1.627882059609970611e+01 2.195449840010014952e+01 1.236931687685298087e+01 5.830951894845300743e+00 6.324555320336759046e+00 1.044030650891055068e+01 9.486832980505138124e+00 1.140175425099137918e+01 1.431782106327635340e+01 1.170469991071962568e+01 1.513274595042155646e+01 1.603121954188139853e+01
3.289376840679705083e+01 8.246211251235321171e+00 9.055385138137417300e+00 2.147091055358388800e+01 2.601922366251537611e+01 0.000000000000000000e+00 6.324555320336759046e+00 2.844292530665578411e+01 1.272792206135785520e+01 1.019803902718556898e+01 4.205948168962618183e+01 2.549509756796392423e+01 2.109502310972898798e+01 2.022374841615668473e+01 2.469817807045693669e+01 3.008321791298264714e+01 3.590264614203248072e+01 1.216552506059643868e+01 1.529705854077835525e+01 1.140175425099137918e+01 3.023243291566194912e+01
3.712142238654116966e+01 1.280624847486569706e+01 1.503329637837290811e+01 1.769180601295413169e+01 2.844292530665578411e+01 6.324555320336759046e+00 0.000000000000000000e+00 3.001666203960726875e+01 1.860107523773827509e+01 1.442220510185595650e+01 4.143669871020131978e+01 3.023243291566194912e+01 2.435159132377184221e+01 2.220360331117451835e+01 2.915475947422650194e+01 3.401470270338990076e+01 3.705401462729781059e+01 1.612451549659709826e+01 1.923538406167134340e+01 1.334166406412633421e+01 2.915475947422650194e+01
1.627882059609970611e+01 2.118962010041709121e+01 3.220248437620923454e+01 2.280350850198275836e+01 4.472135954999579610e+00 2.844292530665578411e+01 3.001666203960726875e+01 0.000000000000000000e+00 2.360084744241189370e+01 1.931320791582796659e+01 1.749285568453590045e+01 1.676305461424021104e+01 9.899494936611665352e+00 8.246211251235321171e+00 1.486606874731850603e+01 1.303840481040529831e+01 7.615773105863908654e+00 1.746424919657297892e+01 1.526433752247374720e+01 1.711724276862369010e+01 1.236931687685298087e+01
2.209072203437452231e+01 7.071067811865475505e+00 1.000000000000000000e+01 2.801785145224380003e+01 1.972308292331602075e+01 1.272792206135785520e+01 1.860107523773827509e+01 2.360084744241189370e+01 0.000000000000000000e+00 7.071067811865475505e+00 4.031128874149274566e+01 1.414213562373095101e+01 1.389244398944980396e+01 1.627882059609970611e+01 1.400000000000000000e+01 2.002498439450078749e+01 3.106444913401813324e+01 7.615773105863908654e+00 8.485281374238569541e+00 1.216552506059643868e+01 3.052867504494749440e+01
2.284731931759172596e+01 2.000000000000000000e+00 1.303840481040529831e+01 2.100000000000000000e+01 1.627882059609970611e+01 1.019803902718556898e+01 1.442220510185595650e+01 1.931320791582796659e+01 7.071067811865475505e+00 0.000000000000000000e+00 3.482814953453599571e+01 1.581138830084189628e+01 1.100000000000000000e+01 1.118033988749894903e+01 1.476482306023340030e+01 1.992485884517127559e+01 2.692582403567251959e+01 2.000000000000000000e+00 5.099019513592784492e+00 5.099019513592784492e+00 2.420743687382040932e+01
3.157530680769388809e+01 3.640054944640259293e+01 4.780167361086847677e+01 2.701851217221259205e+01 2.195449840010014952e+01 4.205948168962618183e+01 4.143669871020131978e+01 1.749285568453590045e+01 4.031128874149274566e+01 3.482814953453599571e+01 0.000000000000000000e+00 3.401470270338990076e+01 2.720294101747088789e+01 2.404163056034261459e+01 3.220248437620923454e+01 2.912043955712207222e+01 1.216552506059643868e+01 3.330165161069342616e+01 3.182766092567909766e+01 3.106444913401813324e+01 1.236931687685298087e+01
8.000000000000000000e+00 1.749285568453590045e+01 2.408318915758459156e+01 3.269556544854363267e+01 1.236931687685298087e+01 2.549509756796392423e+01 3.023243291566194912e+01 1.676305461424021104e+01 1.414213562373095101e+01 1.581138830084189628e+01 3.401470270338990076e+01 0.000000000000000000e+00 9.219544457292887074e+00 1.431782106327635340e+01 2.000000000000000000e+00 6.708203932499369415e+00 2.247220505424423109e+01 1.421267040355189515e+01 1.131370849898476116e+01 1.843908891458577415e+01 2.807133769523639799e+01
1.345362404707370985e+01 1.300000000000000000e+01 2.308679276123039159e+01 2.370653918225939449e+01 5.830951894845300743e+00 2.109502310972898798e+01 2.435159132377184221e+01 9.899494936611665352e+00 1.389244398944980396e+01 1.100000000000000000e+01 2.720294101747088789e+01 9.219544457292887074e+00 0.000000000000000000e+00 5.099019513592784492e+00 7.280109889280518054e+00 1.000000000000000000e+01 1.720465053408525335e+01 9.000000000000000000e+00 6.082762530298219339e+00 1.118033988749894903e+01 1.941648783894759944e+01
1.780449381476485726e+01 1.300000000000000000e+01 2.418677324489564739e+01 1.886796226411320632e+01 6.324555320336759046e+00 2.022374841615668473e+01 2.220360331117451835e+01 8.246211251235321171e+00 1.627882059609970611e+01 1.118033988749894903e+01 2.404163056034261459e+01 1.431782106327635340e+01 5.099019513592784492e+00 0.000000000000000000e+00 1.236931687685298087e+01 1.421267040355189515e+01 1.581138830084189628e+01 9.433981132056603158e+00 7.810249675906653977e+00 9.000000000000000000e+00 1.486606874731850603e+01
8.246211251235321171e+00 1.655294535724684835e+01 2.400000000000000000e+01 3.087069808086626210e+01 1.044030650891055068e+01 2.469817807045693669e+01 2.915475947422650194e+01 1.486606874731850603e+01 1.400000000000000000e+01 1.476482306023340030e+01 3.220248437620923454e+01 2.000000000000000000e+00 7.280109889280518054e+00 1.236931687685298087e+01 0.000000000000000000e+00 6.082762530298219339e+00 2.080865204668481283e+01 1.303840481040529831e+01 1.000000000000000000e+01 1.697056274847713908e+01 2.607680962081059661e+01
3.605551275463989125e+00 2.184032966784155505e+01 3.001666203960726875e+01 3.301514803843835466e+01 9.486832980505138124e+00 3.008321791298264714e+01 3.401470270338990076e+01 1.303840481040529831e+01 2.002498439450078749e+01 1.992485884517127559e+01 2.912043955712207222e+01 6.708203932499369415e+00 1.000000000000000000e+01 1.421267040355189515e+01 6.082762530298219339e+00 0.000000000000000000e+00 1.708800749063506075e+01 1.802775637731994607e+01 1.486606874731850603e+01 2.109502310972898798e+01 2.531797780234432693e+01
1.941648783894759944e+01 2.879236009777593708e+01 3.981205847478876336e+01 2.731300056749532601e+01 1.140175425099137918e+01 3.590264614203248072e+01 3.705401462729781059e+01 7.615773105863908654e+00 3.106444913401813324e+01 2.692582403567251959e+01 1.216552506059643868e+01 2.247220505424423109e+01 1.720465053408525335e+01 1.581138830084189628e+01 2.080865204668481283e+01 1.708800749063506075e+01 0.000000000000000000e+00 2.507987240796890660e+01 2.282542442102665348e+01 2.451530134426252516e+01 1.345362404707370985e+01
2.102379604162863913e+01 4.000000000000000000e+00 1.476482306023340030e+01 2.109502310972898798e+01 1.431782106327635340e+01 1.216552506059643868e+01 1.612451549659709826e+01 1.746424919657297892e+01 7.615773105863908654e+00 2.000000000000000000e+00 3.330165161069342616e+01 1.421267040355189515e+01 9.000000000000000000e+00 9.433981132056603158e+00 1.303840481040529831e+01 1.802775637731994607e+01 2.507987240796890660e+01 0.000000000000000000e+00 3.162277660168379523e+00 5.099019513592784492e+00 2.302172886644267535e+01
1.788854381999831844e+01 7.071067811865475505e+00 1.708800749063506075e+01 2.256102834535695578e+01 1.170469991071962568e+01 1.529705854077835525e+01 1.923538406167134340e+01 1.526433752247374720e+01 8.485281374238569541e+00 5.099019513592784492e+00 3.182766092567909766e+01 1.131370849898476116e+01 6.082762530298219339e+00 7.810249675906653977e+00 1.000000000000000000e+01 1.486606874731850603e+01 2.282542442102665348e+01 3.162277660168379523e+00 0.000000000000000000e+00 7.211102550927978250e+00 2.236067977499789805e+01
2.441311123146740414e+01 5.830951894845300743e+00 1.697056274847713908e+01 1.603121954188139853e+01 1.513274595042155646e+01 1.140175425099137918e+01 1.334166406412633421e+01 1.711724276862369010e+01 1.216552506059643868e+01 5.099019513592784492e+00 3.106444913401813324e+01 1.843908891458577415e+01 1.118033988749894903e+01 9.000000000000000000e+00 1.697056274847713908e+01 2.109502310972898798e+01 2.451530134426252516e+01 5.099019513592784492e+00 7.211102550927978250e+00 0.000000000000000000e+00 1.979898987322333070e+01
2.863564212655270680e+01 2.549509756796392423e+01 3.676955262170046979e+01 1.513274595042155646e+01 1.603121954188139853e+01 3.023243291566194912e+01 2.915475947422650194e+01 1.236931687685298087e+01 3.052867504494749440e+01 2.420743687382040932e+01 1.236931687685298087e+01 2.807133769523639799e+01 1.941648783894759944e+01 1.486606874731850603e+01 2.607680962081059661e+01 2.531797780234432693e+01 1.345362404707370985e+01 2.302172886644267535e+01 2.236067977499789805e+01 1.979898987322333070e+01 0.000000000000000000e+00
