0.000000000000000000e+00 2.900000000000000000e+01 3.605551275463989125e+00 1.303840481040529831e+01 2.000000000000000000e+01 2.594224354214569317e+01 2.022374841615668473e+01 1.529705854077835525e+01 2.408318915758459156e+01 1.208304597359457233e+01 2.600000000000000000e+01 3.041381265149109936e+01 2.549509756796392423e+01 1.236931687685298087e+01 7.615773105863908654e+00 1.843908891458577415e+01 1.838477631085023489e+01 2.022374841615668473e+01 1.920937271229854559e+01 3.000000000000000000e+00 1.702938636592640265e+01 2.024845673131658685e+01 4.123105625617660586e+00 3.000000000000000000e+00
2.900000000000000000e+01 0.000000000000000000e+00 2.545584412271571040e+01 2.308679276123039159e+01 2.100000000000000000e+01 8.246211251235321171e+00 1.702938636592640265e+01 1.802775637731994607e+01 5.385164807134503739e+00 2.692582403567251959e+01 2.061552812808830382e+01 2.000000000000000000e+00 1.552417469626002422e+01 1.969771560359220786e+01 2.729468812791236232e+01 2.418677324489564739e+01 1.360147050873544394e+01 1.800000000000000000e+01 1.029563014098700080e+01 2.701851217221259205e+01 1.204159457879229578e+01 2.707397274136176790e+01 2.561249694973139412e+01 3.114482300479487265e+01
3.605551275463989125e+00 2.545584412271571040e+01 0.000000000000000000e+00 1.170469991071962568e+01 1.824828759089465890e+01 2.236067977499789805e+01 1.702938636592640265e+01 1.204159457879229578e+01 2.061552812808830382e+01 1.063014581273464998e+01 2.308679276123039159e+01 2.690724809414741969e+01 2.220360331117451835e+01 1.000000000000000000e+01 7.810249675906653977e+00 1.615549442140351033e+01 1.486606874731850603e+01 1.800000000000000000e+01 1.581138830084189628e+01 3.162277660168379523e+00 1.345362404707370985e+01 1.835755975068581947e+01 2.828427124746190291e+00 5.830951894845300743e+00
1.303840481040529831e+01 2.308679276123039159e+01 1.170469991071962568e+01 0.000000000000000000e+00 7.071067811865475505e+00 2.402082429892862692e+01 2.325940669922601600e+01 1.886796226411320632e+01 1.772004514666934938e+01 2.163330765278393741e+01 2.996664812754339380e+01 2.376972864800942631e+01 2.720294101747088789e+01 4.123105625617660586e+00 6.324555320336759046e+00 2.549509756796392423e+01 1.897366596101027625e+01 8.062257748298549132e+00 1.315294643796590535e+01 1.004987562112088995e+01 1.414213562373095101e+01 2.828427124746190202e+01 9.219544457292887074e+00 1.603121954188139853e+01
2.000000000000000000e+01 2.100000000000000000e+01 1.824828759089465890e+01 7.071067811865475505e+00 0.000000000000000000e+00 2.435159132377184221e+01 2.624880949681337583e+01 2.267156809750926882e+01 1.612451549659709826e+01 2.731300056749532601e+01 3.280243893371345365e+01 2.109502310972898798e+01 2.915475947422650194e+01 8.544003745317530374e+00 1.334166406412633421e+01 3.000000000000000000e+01 2.140093455903269515e+01 3.000000000000000000e+00 1.300000000000000000e+01 1.700000000000000000e+01 1.581138830084189628e+01 3.301514803843835466e+01 1.603121954188139853e+01 2.300000000000000000e+01
2.594224354214569317e+01 8.246211251235321171e+00 2.236067977499789805e+01 2.402082429892862692e+01 2.435159132377184221e+01 0.000000000000000000e+00 9.486832980505138124e+00 1.204159457879229578e+01 9.219544457292887074e+00 2.080865204668481283e+01 1.236931687685298087e+01 1.019803902718556898e+01 7.280109889280518054e+00 2.000000000000000000e+01 2.647640458974745314e+01 1.676305461424021104e+01 7.810249675906653977e+00 2.154065922853801496e+01 1.140175425099137918e+01 2.469817807045693669e+01 1.004987562112088995e+01 1.941648783894759944e+01 2.340939982143925135e+01 2.745906043549196340e+01
2.022374841615668473e+01 1.702938636592640265e+01 1.702938636592640265e+01 2.325940669922601600e+01 2.624880949681337583e+01 9.486832980505138124e+00 0.000000000000000000e+00 5.000000000000000000e+00 1.552417469626002422e+01 1.204159457879229578e+01 6.708203932499369415e+00 1.902629759044044633e+01 5.385164807134503739e+00 1.923538406167134340e+01 2.334523505985750447e+01 7.280109889280518054e+00 5.000000000000000000e+00 2.404163056034261459e+01 1.442220510185595650e+01 2.000000000000000000e+01 1.063014581273464998e+01 1.004987562112088995e+01 1.902629759044044633e+01 2.088061301782110135e+01
1.529705854077835525e+01 1.802775637731994607e+01 1.204159457879229578e+01 1.886796226411320632e+01 2.267156809750926882e+01 1.204159457879229578e+01 5.000000000000000000e+00 0.000000000000000000e+00 1.503329637837290811e+01 8.944271909999159220e+00 1.140175425099137918e+01 1.992485884517127559e+01 1.019803902718556898e+01 1.500000000000000000e+01 1.843908891458577415e+01 7.615773105863908654e+00 4.472135954999579610e+00 2.080865204668481283e+01 1.236931687685298087e+01 1.500000000000000000e+01 8.246211251235321171e+00 1.077032961426900748e+01 1.403566884761819900e+01 1.615549442140351033e+01
2.408318915758459156e+01 5.385164807134503739e+00 2.061552812808830382e+01 1.772004514666934938e+01 1.612451549659709826e+01 9.219544457292887074e+00 1.552417469626002422e+01 1.503329637837290811e+01 0.000000000000000000e+00 2.353720459187963954e+01 2.059126028197400160e+01 6.403124237432848531e+00 1.581138830084189628e+01 1.431782106327635340e+01 2.195449840010014952e+01 2.209072203437452231e+01 1.104536101718726115e+01 1.315294643796590535e+01 5.000000000000000000e+00 2.193171219946130890e+01 7.615773105863908654e+00 2.517935662402834396e+01 2.051828452868319275e+01 2.640075756488817049e+01
1.208304597359457233e+01 2.692582403567251959e+01 1.063014581273464998e+01 2.163330765278393741e+01 2.731300056749532601e+01 2.080865204668481283e+01 1.204159457879229578e+01 8.944271909999159220e+00 2.353720459187963954e+01 0.000000000000000000e+00 1.581138830084189628e+01 2.879236009777593708e+01 1.720465053408525335e+01 1.878829422805593552e+01 1.843908891458577415e+01 7.071067811865475505e+00 1.341640786499873883e+01 2.624880949681337583e+01 2.002498439450078749e+01 1.360147050873544394e+01 1.612451549659709826e+01 8.246211251235321171e+00 1.345362404707370985e+01 1.118033988749894903e+01
2.600000000000000000e+01 2.061552812808830382e+01 2.308679276123039159e+01 2.996664812754339380e+01 3.280243893371345365e+01 1.236931687685298087e+01 6.708203932499369415e+00 1.140175425099137918e+01 2.059126028197400160e+01 1.581138830084189628e+01 0.000000000000000000e+00 2.256102834535695578e+01 5.099019513592784492e+00 2.594224354214569317e+01 2.983286778035259701e+01 8.944271909999159220e+00 1.140175425099137918e+01 3.047950130825634218e+01 2.051828452868319275e+01 2.617250465660480074e+01 1.702938636592640265e+01 9.899494936611665352e+00 2.531797780234432693e+01 2.617250465660480074e+01
3.041381265149109936e+01 2.000000000000000000e+00 2.690724809414741969e+01 2.376972864800942631e+01 2.109502310972898798e+01 1.019803902718556898e+01 1.902629759044044633e+01 1.992485884517127559e+01 6.403124237432848531e+00 2.879236009777593708e+01 2.256102834535695578e+01 0.000000000000000000e+00 1.746424919657297892e+01 2.059126028197400160e+01 2.830194339616981125e+01 2.617250465660480074e+01 1.552417469626002422e+01 1.811077027627483460e+01 1.140175425099137918e+01 2.831960451701259274e+01 1.360147050873544394e+01 2.906888370749726747e+01 2.690724809414741969e+01 3.264965543462901820e+01
2.549509756796392423e+01 1.552417469626002422e+01 2.220360331117451835e+01 2.720294101747088789e+01 2.915475947422650194e+01 7.280109889280518054e+00 5.385164807134503739e+00 1.019803902718556898e+01 1.581138830084189628e+01 1.720465053408525335e+01 5.099019513592784492e+00 1.746424919657297892e+01 0.000000000000000000e+00 2.308679276123039159e+01 2.807133769523639799e+01 1.140175425099137918e+01 8.246211251235321171e+00 2.662705391138869615e+01 1.640121946685672683e+01 2.507987240796890660e+01 1.341640786499873883e+01 1.341640786499873883e+01 2.402082429892862692e+01 2.624880949681337583e+01
1.236931687685298087e+01 1.969771560359220786e+01 1.000000000000000000e+01 4.123105625617660586e+00 8.544003745317530374e+00 2.000000000000000000e+01 1.923538406167134340e+01 1.500000000000000000e+01 1.431782106327635340e+01 1.878829422805593552e+01 2.594224354214569317e+01 2.059126028197400160e+01 2.308679276123039159e+01 0.000000000000000000e+00 7.810249675906653977e+00 2.193171219946130890e+01 1.486606874731850603e+01 8.000000000000000000e+00 9.486832980505138124e+00 9.486832980505138124e+00 1.004987562112088995e+01 2.483948469674844262e+01 8.246211251235321171e+00 1.529705854077835525e+01
7.615773105863908654e+00 2.729468812791236232e+01 7.810249675906653977e+00 6.324555320336759046e+00 1.334166406412633421e+01 2.647640458974745314e+01 2.334523505985750447e+01 1.843908891458577415e+01 2.195449840010014952e+01 1.843908891458577415e+01 2.983286778035259701e+01 2.830194339616981125e+01 2.807133769523639799e+01 7.810249675906653977e+00 0.000000000000000000e+00 2.370653918225939449e+01 2.000000000000000000e+01 1.431782106327635340e+01 1.700000000000000000e+01 5.000000000000000000e+00 1.649242250247064234e+01 2.607680962081059661e+01 5.000000000000000000e+00 1.044030650891055068e+01
1.843908891458577415e+01 2.418677324489564739e+01 1.615549442140351033e+01 2.549509756796392423e+01 3.000000000000000000e+01 1.676305461424021104e+01 7.280109889280518054e+00 7.615773105863908654e+00 2.209072203437452231e+01 7.071067811865475505e+00 8.944271909999159220e+00 2.617250465660480074e+01 1.140175425099137918e+01 2.193171219946130890e+01 2.370653918225939449e+01 0.000000000000000000e+00 1.104536101718726115e+01 2.830194339616981125e+01 1.992485884517127559e+01 1.931320791582796659e+01 1.581138830084189628e+01 3.162277660168379523e+00 1.878829422805593552e+01 1.802775637731994607e+01
1.838477631085023489e+01 1.360147050873544394e+01 1.486606874731850603e+01 1.897366596101027625e+01 2.140093455903269515e+01 7.810249675906653977e+00 5.000000000000000000e+00 4.472135954999579610e+00 1.104536101718726115e+01 1.341640786499873883e+01 1.140175425099137918e+01 1.552417469626002422e+01 8.246211251235321171e+00 1.486606874731850603e+01 2.000000000000000000e+01 1.104536101718726115e+01 0.000000000000000000e+00 1.910497317454279909e+01 9.433981132056603158e+00 1.746424919657297892e+01 5.656854249492380582e+00 1.414213562373095101e+01 1.627882059609970611e+01 1.972308292331602075e+01
2.022374841615668473e+01 1.800000000000000000e+01 1.800000000000000000e+01 8.062257748298549132e+00 3.000000000000000000e+00 2.154065922853801496e+01 2.404163056034261459e+01 2.080865204668481283e+01 1.315294643796590535e+01 2.624880949681337583e+01 3.047950130825634218e+01 1.811077027627483460e+01 2.662705391138869615e+01 8.000000000000000000e+00 1.431782106327635340e+01 2.830194339616981125e+01 1.910497317454279909e+01 0.000000000000000000e+00 1.029563014098700080e+01 1.726267650163206824e+01 1.345362404707370985e+01 3.138470965295043058e+01 1.612451549659709826e+01 2.319482700948640286e+01
1.920937271229854559e+01 1.029563014098700080e+01 1.581138830084189628e+01 1.315294643796590535e+01 1.300000000000000000e+01 1.140175425099137918e+01 1.442220510185595650e+01 1.236931687685298087e+01 5.000000000000000000e+00 2.002498439450078749e+01 2.051828452868319275e+01 1.140175425099137918e+01 1.640121946685672683e+01 9.486832980505138124e+00 1.700000000000000000e+01 1.992485884517127559e+01 9.433981132056603158e+00 1.029563014098700080e+01 0.000000000000000000e+00 1.697056274847713908e+01 4.123105625617660586e+00 2.308679276123039159e+01 1.555634918610404505e+01 2.163330765278393741e+01
3.000000000000000000e+00 2.701851217221259205e+01 3.162277660168379523e+00 1.004987562112088995e+01 1.700000000000000000e+01 2.469817807045693669e+01 2.000000000000000000e+01 1.500000000000000000e+01 2.193171219946130890e+01 1.360147050873544394e+01 2.617250465660480074e+01 2.831960451701259274e+01 2.507987240796890660e+01 9.486832980505138124e+00 5.000000000000000000e+00 1.931320791582796659e+01 1.746424919657297892e+01 1.726267650163206824e+01 1.697056274847713908e+01 0.000000000000000000e+00 1.526433752247374720e+01 2.147091055358388800e+01 1.414213562373095145e+00 6.000000000000000000e+00
1.702938636592640265e+01 1.204159457879229578e+01 1.345362404707370985e+01 1.414213562373095101e+01 1.581138830084189628e+01 1.004987562112088995e+01 1.063014581273464998e+01 8.246211251235321171e+00 7.615773105863908654e+00 1.612451549659709826e+01 1.702938636592640265e+01 1.360147050873544394e+01 1.341640786499873883e+01 1.004987562112088995e+01 1.649242250247064234e+01 1.581138830084189628e+01 5.656854249492380582e+00 1.345362404707370985e+01 4.123105625617660586e+00 1.526433752247374720e+01 0.000000000000000000e+00 1.897366596101027625e+01 1.389244398944980396e+01 1.910497317454279909e+01
2.024845673131658685e+01 2.707397274136176790e+01 1.835755975068581947e+01 2.828427124746190202e+01 3.301514803843835466e+01 1.941648783894759944e+01 1.004987562112088995e+01 1.077032961426900748e+01 2.517935662402834396e+01 8.246211251235321171e+00 9.899494936611665352e+00 2.906888370749726747e+01 1.341640786499873883e+01 2.483948469674844262e+01 2.607680962081059661e+01 3.162277660168379523e+00 1.414213562373095101e+01 3.138470965295043058e+01 2.308679276123039159e+01 2.147091055358388800e+01 1.897366596101027625e+01 0.000000000000000000e+00 2.109502310972898798e+01 1.941648783894759944e+01
4.123105625617660586e+00 2.561249694973139412e+01 2.828427124746190291e+00 9.219544457292887074e+00 1.603121954188139853e+01 2.340939982143925135e+01 1.902629759044044633e+01 1.403566884761819900e+01 2.051828452868319275e+01 1.345362404707370985e+01 2.531797780234432693e+01 2.690724809414741969e+01 2.402082429892862692e+01 8.246211251235321171e+00 5.000000000000000000e+00 1.878829422805593552e+01 1.627882059609970611e+01 1.612451549659709826e+01 1.555634918610404505e+01 1.414213562373095145e+00 1.389244398944980396e+01 2.109502310972898798e+01 0.000000000000000000e+00 7.071067811865475505e+00
3.000000000000000000e+00 3.114482300479487265e+01 5.830951894845300743e+00 1.603121954188139853e+01 2.300000000000000000e+01 2.745906043549196340e+01 2.088061301782110135e+01 1.615549442140351033e+01 2.640075756488817049e+01 1.118033988749894903e+01 2.617250465660480074e+01 3.264965543462901820e+01 2.624880949681337583e+01 1.529705854077835525e+01 1.044030650891055068e+01 1.802775637731994607e+01 1.972308292331602075e+01 2.319482700948640286e+01 2.163330765278393741e+01 6.000000000000000000e+00 1.910497317454279909e+01 1.941648783894759944e+01 7.071067811865475505e+00 0.000000000000000000e+00
