0.000000000000000000e+00 1.664331697709323876e+01 1.702938636592640265e+01 1.414213562373095101e+01 2.024845673131658685e+01 2.549509756796392423e+01 1.341640786499873883e+01 1.526433752247374720e+01 1.166190378969060149e+01 3.023243291566194912e+01 1.664331697709323876e+01 2.340939982143925135e+01 1.486606874731850603e+01 1.166190378969060149e+01 2.507987240796890660e+01 2.531797780234432693e+01 1.664331697709323876e+01 1.649242250247064234e+01 1.931320791582796659e+01 1.476482306023340030e+01 2.000000000000000000e+00 1.236931687685298087e+01 2.657066051117284644e+01 2.817800560721074277e+01 2.451530134426252516e+01 1.969771560359220786e+01 1.421267040355189515e+01
1.664331697709323876e+01 0.000000000000000000e+00 2.002498439450078749e+01 3.008321791298264714e+01 2.624880949681337583e+01 9.219544457292887074e+00 8.544003745317530374e+00 3.111269837220809009e+01 2.758622844826744469e+01 2.823118842698620767e+01 1.800000000000000000e+01 1.431782106327635340e+01 2.828427124746190202e+01 1.552417469626002422e+01 1.303840481040529831e+01 1.702938636592640265e+01 2.353720459187963954e+01 1.931320791582796659e+01 1.140175425099137918e+01 2.707397274136176790e+01 1.565247584249852864e+01 2.370653918225939449e+01 2.109502310972898798e+01 2.459674775249768786e+01 1.077032961426900748e+01 3.482814953453599571e+01 1.824828759089465890e+01
1.702938636592640265e+01 2.002498439450078749e+01 0.000000000000000000e+00 2.846049894151541437e+01 3.687817782917154830e+01 2.416609194718914466e+01 2.404163056034261459e+01 2.109502310972898798e+01 1.902629759044044633e+01 1.341640786499873883e+01 2.236067977499789805e+00 3.337663853655727308e+01 3.138470965295043058e+01 5.830951894845300743e+00 1.769180601295413169e+01 1.389244398944980396e+01 3.330165161069342616e+01 3.190611226708763226e+01 2.961418578992169515e+01 3.162277660168379256e+01 1.838477631085023489e+01 1.004987562112088995e+01 1.216552506059643868e+01 1.216552506059643868e+01 1.941648783894759944e+01 2.213594362117865444e+01 2.828427124746190291e+00
1.414213562373095101e+01 3.008321791298264714e+01 2.846049894151541437e+01 0.000000000000000000e+00 1.923538406167134340e+01 3.921734310225515685e+01 2.441311123146740414e+01 1.252996408614166768e+01 1.131370849898476116e+01 4.178516483155235761e+01 2.886173937932362321e+01 3.255764119219941222e+01 7.000000000000000000e+00 2.433105012119287736e+01 3.920459156782531807e+01 3.905124837953326988e+01 1.676305461424021104e+01 2.059126028197400160e+01 2.900000000000000000e+01 9.055385138137417300e+00 1.456021977856103611e+01 1.972308292331602075e+01 3.962322551231790158e+01 4.052159917870962147e+01 3.863935817272331263e+01 1.708800749063506075e+01 2.596150997149434048e+01
2.024845673131658685e+01 2.624880949681337583e+01 3.687817782917154830e+01 1.923538406167134340e+01 0.000000000000000000e+00 3.452535300326413648e+01 1.772004514666934938e+01 3.014962686336266984e+01 2.745906043549196340e+01 4.951767361255978983e+01 3.606937759374286401e+01 1.964688270438849926e+01 1.236931687685298087e+01 3.114482300479487265e+01 3.900000000000000000e+01 4.167733196834941367e+01 3.605551275463989125e+00 7.071067811865475505e+00 1.802775637731994607e+01 1.019803902718556898e+01 1.860107523773827509e+01 3.220248437620923454e+01 4.440720662234903671e+01 4.686149805543992386e+01 3.700000000000000000e+01 3.512833614050059339e+01 3.405877273185280529e+01
2.549509756796392423e+01 9.219544457292887074e+00 2.416609194718914466e+01 3.921734310225515685e+01 3.452535300326413648e+01 0.000000000000000000e+00 1.702938636592640265e+01 3.920459156782531807e+01 3.580502757993631491e+01 2.807133769523639799e+01 2.193171219946130890e+01 1.860107523773827509e+01 3.748332962798262713e+01 2.140093455903269515e+01 9.219544457292887074e+00 1.513274595042155646e+01 3.214031735997639316e+01 2.745906043549196340e+01 1.746424919657297892e+01 3.622154055254966920e+01 2.469817807045693669e+01 3.047950130825634218e+01 2.009975124224177989e+01 2.408318915758459156e+01 6.082762530298219339e+00 4.244997055358224713e+01 2.332380757938120297e+01
1.341640786499873883e+01 8.544003745317530374e+00 2.404163056034261459e+01 2.441311123146740414e+01 1.772004514666934938e+01 1.702938636592640265e+01 0.000000000000000000e+00 2.865309756378880479e+01 2.505992817228333536e+01 3.466987164671942878e+01 2.247220505424423109e+01 1.019803902718556898e+01 2.118962010041709121e+01 1.843908891458577415e+01 2.147091055358388800e+01 2.483948469674844262e+01 1.513274595042155646e+01 1.077032961426900748e+01 6.082762530298219339e+00 1.964688270438849926e+01 1.166190378969060149e+01 2.418677324489564739e+01 2.831960451701259274e+01 3.140063693621516450e+01 1.931320791582796659e+01 3.310589071449369669e+01 2.158703314492290204e+01
1.526433752247374720e+01 3.111269837220809009e+01 2.109502310972898798e+01 1.252996408614166768e+01 3.014962686336266984e+01 3.920459156782531807e+01 2.865309756378880479e+01 0.000000000000000000e+00 3.605551275463989125e+00 3.324154027718932269e+01 2.236067977499789805e+01 3.848376280978771291e+01 1.897366596101027625e+01 1.931320791582796659e+01 3.624913792078371699e+01 3.420526275297414287e+01 2.701851217221259205e+01 2.927456233660889495e+01 3.443835071544512516e+01 2.061552812808830382e+01 1.700000000000000000e+01 1.104536101718726115e+01 3.324154027718932269e+01 3.300000000000000000e+01 3.671511950137163893e+01 5.000000000000000000e+00 1.941648783894759944e+01
1.166190378969060149e+01 2.758622844826744469e+01 1.902629759044044633e+01 1.131370849898476116e+01 2.745906043549196340e+01 3.580502757993631491e+01 2.505992817228333536e+01 3.605551275463989125e+00 0.000000000000000000e+00 3.178049716414140846e+01 2.002498439450078749e+01 3.492849839314595783e+01 1.700000000000000000e+01 1.649242250247064234e+01 3.324154027718932269e+01 3.157530680769388809e+01 2.418677324489564739e+01 2.607680962081059661e+01 3.087069808086626210e+01 1.838477631085023489e+01 1.341640786499873883e+01 9.219544457292887074e+00 3.101612483854164637e+01 3.114482300479487265e+01 3.354101966249684352e+01 8.246211251235321171e+00 1.702938636592640265e+01
3.023243291566194912e+01 2.823118842698620767e+01 1.341640786499873883e+01 4.178516483155235761e+01 4.951767361255978983e+01 2.807133769523639799e+01 3.466987164671942878e+01 3.324154027718932269e+01 3.178049716414140846e+01 0.000000000000000000e+00 1.360147050873544394e+01 4.254409477236529824e+01 4.477722635447621968e+01 1.860107523773827509e+01 1.900000000000000000e+01 1.300000000000000000e+01 4.601086828130936368e+01 4.393176527297759293e+01 3.935733730830885690e+01 4.494441010848846219e+01 3.140063693621516450e+01 2.256102834535695578e+01 8.000000000000000000e+00 4.000000000000000000e+00 2.202271554554523902e+01 3.301514803843835466e+01 1.612451549659709826e+01
1.664331697709323876e+01 1.800000000000000000e+01 2.236067977499789805e+00 2.886173937932362321e+01 3.606937759374286401e+01 2.193171219946130890e+01 2.247220505424423109e+01 2.236067977499789805e+01 2.002498439450078749e+01 1.360147050873544394e+01 0.000000000000000000e+00 3.157530680769388809e+01 3.130495168499705727e+01 5.000000000000000000e+00 1.555634918610404505e+01 1.208304597359457233e+01 3.252691193458118590e+01 3.080584360149872580e+01 2.789265136196270589e+01 3.138470965295043058e+01 1.780449381476485726e+01 1.140175425099137918e+01 1.100000000000000000e+01 1.170469991071962568e+01 1.720465053408525335e+01 2.376972864800942631e+01 3.000000000000000000e+00
2.340939982143925135e+01 1.431782106327635340e+01 3.337663853655727308e+01 3.255764119219941222e+01 1.964688270438849926e+01 1.860107523773827509e+01 1.019803902718556898e+01 3.848376280978771291e+01 3.492849839314595783e+01 4.254409477236529824e+01 3.157530680769388809e+01 0.000000000000000000e+00 2.780287754891568852e+01 2.807133769523639799e+01 2.624880949681337583e+01 3.106444913401813324e+01 1.878829422805593552e+01 1.341640786499873883e+01 4.123105625617660586e+00 2.580697580112788003e+01 2.154065922853801496e+01 3.436568055487916240e+01 3.535533905932737753e+01 3.891015291668743714e+01 2.334523505985750447e+01 4.308131845707602992e+01 3.114482300479487265e+01
1.486606874731850603e+01 2.828427124746190202e+01 3.138470965295043058e+01 7.000000000000000000e+00 1.236931687685298087e+01 3.748332962798262713e+01 2.118962010041709121e+01 1.897366596101027625e+01 1.700000000000000000e+01 4.477722635447621968e+01 3.130495168499705727e+01 2.780287754891568852e+01 0.000000000000000000e+00 2.640075756488817049e+01 3.911521443121588959e+01 4.002499219237900263e+01 1.029563014098700080e+01 1.486606874731850603e+01 2.469817807045693669e+01 2.236067977499789805e+00 1.431782106327635340e+01 2.404163056034261459e+01 4.143669871020131978e+01 4.295346318982905842e+01 3.800000000000000000e+01 2.376972864800942631e+01 2.865309756378880479e+01
1.166190378969060149e+01 1.552417469626002422e+01 5.830951894845300743e+00 2.433105012119287736e+01 3.114482300479487265e+01 2.140093455903269515e+01 1.843908891458577415e+01 1.931320791582796659e+01 1.649242250247064234e+01 1.860107523773827509e+01 5.000000000000000000e+00 2.807133769523639799e+01 2.640075756488817049e+01 0.000000000000000000e+00 1.700000000000000000e+01 1.513274595042155646e+01 2.758622844826744469e+01 2.607680962081059661e+01 2.418677324489564739e+01 2.641968962724581260e+01 1.280624847486569706e+01 9.219544457292887074e+00 1.529705854077835525e+01 1.655294535724684835e+01 1.780449381476485726e+01 2.163330765278393741e+01 3.162277660168379523e+00
2.507987240796890660e+01 1.303840481040529831e+01 1.769180601295413169e+01 3.920459156782531807e+01 3.900000000000000000e+01 9.219544457292887074e+00 2.147091055358388800e+01 3.624913792078371699e+01 3.324154027718932269e+01 1.900000000000000000e+01 1.555634918610404505e+01 2.624880949681337583e+01 3.911521443121588959e+01 1.700000000000000000e+01 0.000000000000000000e+00 6.000000000000000000e+00 3.605551275463989214e+01 3.220248437620923454e+01 2.408318915758459156e+01 3.832753579347360073e+01 2.500000000000000000e+01 2.607680962081059661e+01 1.100000000000000000e+01 1.500000000000000000e+01 3.162277660168379523e+00 3.858756276314947797e+01 1.780449381476485726e+01
2.531797780234432693e+01 1.702938636592640265e+01 1.389244398944980396e+01 3.905124837953326988e+01 4.167733196834941367e+01 1.513274595042155646e+01 2.483948469674844262e+01 3.420526275297414287e+01 3.157530680769388809e+01 1.300000000000000000e+01 1.208304597359457233e+01 3.106444913401813324e+01 4.002499219237900263e+01 1.513274595042155646e+01 6.000000000000000000e+00 0.000000000000000000e+00 3.847076812334268681e+01 3.522782990761707111e+01 2.842534080710379030e+01 3.956008088970496317e+01 2.570992026436488231e+01 2.340939982143925135e+01 5.000000000000000000e+00 9.000000000000000000e+00 9.055385138137417300e+00 3.584689665786984136e+01 1.486606874731850603e+01
1.664331697709323876e+01 2.353720459187963954e+01 3.330165161069342616e+01 1.676305461424021104e+01 3.605551275463989125e+00 3.214031735997639316e+01 1.513274595042155646e+01 2.701851217221259205e+01 2.418677324489564739e+01 4.601086828130936368e+01 3.252691193458118590e+01 1.878829422805593552e+01 1.029563014098700080e+01 2.758622844826744469e+01 3.605551275463989214e+01 3.847076812334268681e+01 0.000000000000000000e+00 5.385164807134503739e+00 1.649242250247064234e+01 8.062257748298549132e+00 1.500000000000000000e+01 2.863564212655270680e+01 4.104875150354758517e+01 4.341658669218482203e+01 3.420526275297414287e+01 3.201562118716424266e+01 3.047950130825634218e+01
1.649242250247064234e+01 1.931320791582796659e+01 3.190611226708763226e+01 2.059126028197400160e+01 7.071067811865475505e+00 2.745906043549196340e+01 1.077032961426900748e+01 2.927456233660889495e+01 2.607680962081059661e+01 4.393176527297759293e+01 3.080584360149872580e+01 1.341640786499873883e+01 1.486606874731850603e+01 2.607680962081059661e+01 3.220248437620923454e+01 3.522782990761707111e+01 5.385164807134503739e+00 0.000000000000000000e+00 1.118033988749894903e+01 1.272792206135785520e+01 1.456021977856103611e+01 2.886173937932362321e+01 3.828837943815329226e+01 4.101219330881975367e+01 3.008321791298264714e+01 3.423448553724738019e+01 2.915475947422650194e+01
1.931320791582796659e+01 1.140175425099137918e+01 2.961418578992169515e+01 2.900000000000000000e+01 1.802775637731994607e+01 1.746424919657297892e+01 6.082762530298219339e+00 3.443835071544512516e+01 3.087069808086626210e+01 3.935733730830885690e+01 2.789265136196270589e+01 4.123105625617660586e+00 2.469817807045693669e+01 2.418677324489564739e+01 2.408318915758459156e+01 2.842534080710379030e+01 1.649242250247064234e+01 1.118033988749894903e+01 0.000000000000000000e+00 2.282542442102665348e+01 1.746424919657297892e+01 3.026549190084311292e+01 3.244996147917590434e+01 3.584689665786984136e+01 2.140093455903269515e+01 3.900000000000000000e+01 2.729468812791236232e+01
1.476482306023340030e+01 2.707397274136176790e+01 3.162277660168379256e+01 9.055385138137417300e+00 1.019803902718556898e+01 3.622154055254966920e+01 1.964688270438849926e+01 2.061552812808830382e+01 1.838477631085023489e+01 4.494441010848846219e+01 3.138470965295043058e+01 2.580697580112788003e+01 2.236067977499789805e+00 2.641968962724581260e+01 3.832753579347360073e+01 3.956008088970496317e+01 8.062257748298549132e+00 1.272792206135785520e+01 2.282542442102665348e+01 0.000000000000000000e+00 1.392838827718411920e+01 2.483948469674844262e+01 4.123105625617660763e+01 4.294182110716777601e+01 3.705401462729781059e+01 2.549509756796392423e+01 2.884441020371191300e+01
2.000000000000000000e+00 1.565247584249852864e+01 1.838477631085023489e+01 1.456021977856103611e+01 1.860107523773827509e+01 2.469817807045693669e+01 1.166190378969060149e+01 1.700000000000000000e+01 1.341640786499873883e+01 3.140063693621516450e+01 1.780449381476485726e+01 2.154065922853801496e+01 1.431782106327635340e+01 1.280624847486569706e+01 2.500000000000000000e+01 2.570992026436488231e+01 1.500000000000000000e+01 1.456021977856103611e+01 1.746424919657297892e+01 1.392838827718411920e+01 0.000000000000000000e+00 1.431782106327635340e+01 2.731300056749532601e+01 2.915475947422650194e+01 2.418677324489564739e+01 2.154065922853801496e+01 1.555634918610404505e+01
1.236931687685298087e+01 2.370653918225939449e+01 1.004987562112088995e+01 1.972308292331602075e+01 3.220248437620923454e+01 3.047950130825634218e+01 2.418677324489564739e+01 1.104536101718726115e+01 9.219544457292887074e+00 2.256102834535695578e+01 1.140175425099137918e+01 3.436568055487916240e+01 2.404163056034261459e+01 9.219544457292887074e+00 2.607680962081059661e+01 2.340939982143925135e+01 2.863564212655270680e+01 2.886173937932362321e+01 3.026549190084311292e+01 2.483948469674844262e+01 1.431782106327635340e+01 0.000000000000000000e+00 2.220360331117451835e+01 2.202271554554523902e+01 2.701851217221259205e+01 1.252996408614166768e+01 8.544003745317530374e+00
2.657066051117284644e+01 2.109502310972898798e+01 1.216552506059643868e+01 3.962322551231790158e+01 4.440720662234903671e+01 2.009975124224177989e+01 2.831960451701259274e+01 3.324154027718932269e+01 3.101612483854164637e+01 8.000000000000000000e+00 1.100000000000000000e+01 3.535533905932737753e+01 4.143669871020131978e+01 1.529705854077835525e+01 1.100000000000000000e+01 5.000000000000000000e+00 4.104875150354758517e+01 3.828837943815329226e+01 3.244996147917590434e+01 4.123105625617660763e+01 2.731300056749532601e+01 2.220360331117451835e+01 0.000000000000000000e+00 4.000000000000000000e+00 1.403566884761819900e+01 3.420526275297414287e+01 1.400000000000000000e+01
2.817800560721074277e+01 2.459674775249768786e+01 1.216552506059643868e+01 4.052159917870962147e+01 4.686149805543992386e+01 2.408318915758459156e+01 3.140063693621516450e+01 3.300000000000000000e+01 3.114482300479487265e+01 4.000000000000000000e+00 1.170469991071962568e+01 3.891015291668743714e+01 4.295346318982905842e+01 1.655294535724684835e+01 1.500000000000000000e+01 9.000000000000000000e+00 4.341658669218482203e+01 4.101219330881975367e+01 3.584689665786984136e+01 4.294182110716777601e+01 2.915475947422650194e+01 2.202271554554523902e+01 4.000000000000000000e+00 0.000000000000000000e+00 1.802775637731994607e+01 3.337663853655727308e+01 1.456021977856103611e+01
2.451530134426252516e+01 1.077032961426900748e+01 1.941648783894759944e+01 3.863935817272331263e+01 3.700000000000000000e+01 6.082762530298219339e+00 1.931320791582796659e+01 3.671511950137163893e+01 3.354101966249684352e+01 2.202271554554523902e+01 1.720465053408525335e+01 2.334523505985750447e+01 3.800000000000000000e+01 1.780449381476485726e+01 3.162277660168379523e+00 9.055385138137417300e+00 3.420526275297414287e+01 3.008321791298264714e+01 2.140093455903269515e+01 3.705401462729781059e+01 2.418677324489564739e+01 2.701851217221259205e+01 1.403566884761819900e+01 1.802775637731994607e+01 0.000000000000000000e+00 3.940812099047606409e+01 1.910497317454279909e+01
1.969771560359220786e+01 3.482814953453599571e+01 2.213594362117865444e+01 1.708800749063506075e+01 3.512833614050059339e+01 4.244997055358224713e+01 3.310589071449369669e+01 5.000000000000000000e+00 8.246211251235321171e+00 3.301514803843835466e+01 2.376972864800942631e+01 4.308131845707602992e+01 2.376972864800942631e+01 2.163330765278393741e+01 3.858756276314947797e+01 3.584689665786984136e+01 3.201562118716424266e+01 3.423448553724738019e+01 3.900000000000000000e+01 2.549509756796392423e+01 2.154065922853801496e+01 1.252996408614166768e+01 3.420526275297414287e+01 3.337663853655727308e+01 3.940812099047606409e+01 0.000000000000000000e+00 2.102379604162863913e+01
1.421267040355189515e+01 1.824828759089465890e+01 2.828427124746190291e+00 2.596150997149434048e+01 3.405877273185280529e+01 2.332380757938120297e+01 2.158703314492290204e+01 1.941648783894759944e+01 1.702938636592640265e+01 1.612451549659709826e+01 3.000000000000000000e+00 3.114482300479487265e+01 2.865309756378880479e+01 3.162277660168379523e+00 1.780449381476485726e+01 1.486606874731850603e+01 3.047950130825634218e+01 2.915475947422650194e+01 2.729468812791236232e+01 2.884441020371191300e+01 1.555634918610404505e+01 8.544003745317530374e+00 1.400000000000000000e+01 1.456021977856103611e+01 1.910497317454279909e+01 2.102379604162863913e+01 0.000000000000000000e+00
