0.000000000000000000e+00 1.649242250247064234e+01 3.689173349139343117e+01 2.319482700948640286e+01 3.423448553724738019e+01 2.968164415931165934e+01 4.327817001676480402e+01 3.313608305156178346e+01 3.612478373637688378e+01 2.731300056749532601e+01 1.403566884761819900e+01 1.044030650891055068e+01 2.594224354214569317e+01 1.044030650891055068e+01 4.244997055358224713e+01 2.716615541441224835e+01 3.613862199918530393e+01 6.324555320336759046e+00 1.303840481040529831e+01 4.622769732530488085e+01 1.923538406167134340e+01 2.267156809750926882e+01 2.817800560721074277e+01 1.676305461424021104e+01 7.211102550927978250e+00 1.902629759044044633e+01 4.801041553663121420e+01 3.466987164671942878e+01
1.649242250247064234e+01 0.000000000000000000e+00 3.522782990761707111e+01 2.996664812754339380e+01 3.984971769034255118e+01 2.193171219946130890e+01 3.889730067755344578e+01 3.921734310225515685e+01 2.118962010041709121e+01 1.140175425099137918e+01 2.475883680627989492e+01 1.910497317454279909e+01 1.746424919657297892e+01 6.082762530298219339e+00 2.596150997149434048e+01 1.104536101718726115e+01 1.964688270438849926e+01 2.059126028197400160e+01 1.208304597359457233e+01 3.858756276314947797e+01 3.162277660168379523e+00 1.902629759044044633e+01 2.915475947422650194e+01 2.900000000000000000e+01 2.009975124224177989e+01 2.860069929215018192e+01 3.940812099047606409e+01 2.641968962724581260e+01
3.689173349139343117e+01 3.522782990761707111e+01 0.000000000000000000e+00 1.878829422805593552e+01 1.627882059609970611e+01 1.581138830084189628e+01 8.246211251235321171e+00 1.711724276862369010e+01 3.224903099319419653e+01 4.229657196511320194e+01 2.701851217221259205e+01 2.701851217221259205e+01 1.923538406167134340e+01 3.544009029333869876e+01 4.695742752749558235e+01 3.471310991541956525e+01 4.272001872658765365e+01 3.330165161069342616e+01 2.563201123595259290e+01 1.612451549659709826e+01 3.401470270338990076e+01 1.627882059609970611e+01 9.219544457292887074e+00 2.915475947422650194e+01 4.410215414239988974e+01 2.418677324489564739e+01 1.923538406167134340e+01 1.500000000000000000e+01
2.319482700948640286e+01 2.996664812754339380e+01 1.878829422805593552e+01 0.000000000000000000e+00 1.104536101718726115e+01 2.308679276123039159e+01 2.692582403567251959e+01 1.000000000000000000e+01 3.858756276314947797e+01 4.049691346263317371e+01 9.848857801796103928e+00 1.300000000000000000e+01 2.282542442102665348e+01 2.692582403567251959e+01 5.099019513592784847e+01 3.538361202590826338e+01 4.525483399593904466e+01 1.772004514666934938e+01 1.788854381999831844e+01 3.354101966249684352e+01 3.052867504494749440e+01 1.612451549659709826e+01 1.019803902718556898e+01 1.063014581273464998e+01 2.983286778035259701e+01 5.656854249492380582e+00 3.634556369077249371e+01 2.630589287593181069e+01
3.423448553724738019e+01 3.984971769034255118e+01 1.627882059609970611e+01 1.104536101718726115e+01 0.000000000000000000e+00 2.765863337187866122e+01 2.402082429892862692e+01 1.414213562373095145e+00 4.455333881989092504e+01 4.965883607174054504e+01 2.061552812808830382e+01 2.402082429892862692e+01 2.906888370749726747e+01 3.748332962798262713e+01 5.825804665451803288e+01 4.356604182158393002e+01 5.300943312279428454e+01 2.863564212655270680e+01 2.789265136196270589e+01 3.238826948140329165e+01 3.992492955535426091e+01 2.302172886644267535e+01 1.272792206135785520e+01 2.012461179749810825e+01 4.079215610874227593e+01 1.581138830084189628e+01 3.551056180912940619e+01 2.915475947422650194e+01
2.968164415931165934e+01 2.193171219946130890e+01 1.581138830084189628e+01 2.308679276123039159e+01 2.765863337187866122e+01 0.000000000000000000e+00 1.726267650163206824e+01 2.780287754891568852e+01 1.702938636592640265e+01 2.700000000000000000e+01 2.607680962081059661e+01 2.280350850198275836e+01 4.472135954999579610e+00 2.420743687382040932e+01 3.138470965295043058e+01 1.910497317454279909e+01 2.692582403567251959e+01 2.879236009777593708e+01 1.664331697709323876e+01 1.702938636592640265e+01 1.992485884517127559e+01 8.062257748298549132e+00 1.500000000000000000e+01 3.000000000000000000e+01 3.640054944640259293e+01 2.617250465660480074e+01 1.843908891458577415e+01 5.000000000000000000e+00
4.327817001676480402e+01 3.889730067755344578e+01 8.246211251235321171e+00 2.692582403567251959e+01 2.402082429892862692e+01 1.726267650163206824e+01 0.000000000000000000e+00 2.500000000000000000e+01 3.104834939252004844e+01 4.410215414239988974e+01 3.466987164671942878e+01 3.397057550292606010e+01 2.158703314492290204e+01 4.024922359499621649e+01 4.588027898781784586e+01 3.601388621073821383e+01 4.257933771208753626e+01 4.036087214122112954e+01 3.106444913401813324e+01 8.944271909999159220e+00 3.710795063055894616e+01 2.109502310972898798e+01 1.700000000000000000e+01 3.712142238654116966e+01 5.044799302251775686e+01 3.220248437620923454e+01 1.208304597359457233e+01 1.403566884761819900e+01
3.313608305156178346e+01 3.921734310225515685e+01 1.711724276862369010e+01 1.000000000000000000e+01 1.414213562373095145e+00 2.780287754891568852e+01 2.500000000000000000e+01 0.000000000000000000e+00 4.459820624195551630e+01 4.919349550499537571e+01 1.941648783894759944e+01 2.300000000000000000e+01 2.900000000000000000e+01 3.667424164178449786e+01 5.813776741499453493e+01 4.326661530556787483e+01 5.280151512977634098e+01 2.745906043549196340e+01 2.720294101747088789e+01 3.324154027718932269e+01 3.939543120718441571e+01 2.280350850198275836e+01 1.280624847486569706e+01 1.878829422805593552e+01 3.962322551231790158e+01 1.456021977856103611e+01 3.634556369077249371e+01 2.952964612046680060e+01
3.612478373637688378e+01 2.118962010041709121e+01 3.224903099319419653e+01 3.858756276314947797e+01 4.455333881989092504e+01 1.702938636592640265e+01 3.104834939252004844e+01 4.459820624195551630e+01 0.000000000000000000e+00 1.780449381476485726e+01 3.860051813123756403e+01 3.373425558686599857e+01 1.581138830084189628e+01 2.668332812825266842e+01 1.486606874731850603e+01 1.081665382639196871e+01 1.204159457879229578e+01 3.811823710509183627e+01 2.531797780234432693e+01 2.600000000000000000e+01 1.802775637731994607e+01 2.247220505424423109e+01 3.182766092567909766e+01 4.301162633521313694e+01 4.100000000000000000e+01 4.031128874149274566e+01 2.517935662402834396e+01 1.746424919657297892e+01
2.731300056749532601e+01 1.140175425099137918e+01 4.229657196511320194e+01 4.049691346263317371e+01 4.965883607174054504e+01 2.700000000000000000e+01 4.410215414239988974e+01 4.919349550499537571e+01 1.780449381476485726e+01 0.000000000000000000e+00 3.606937759374286401e+01 3.041381265149109936e+01 2.308679276123039159e+01 1.700000000000000000e+01 1.600000000000000000e+01 8.246211251235321171e+00 1.019803902718556898e+01 3.190611226708763226e+01 2.280350850198275836e+01 4.148493702538308270e+01 1.000000000000000000e+01 2.720294101747088789e+01 3.794733192202055250e+01 4.036087214122112954e+01 2.942787793912432193e+01 3.969886648255841521e+01 4.143669871020131978e+01 3.026549190084311292e+01
1.403566884761819900e+01 2.475883680627989492e+01 2.701851217221259205e+01 9.848857801796103928e+00 2.061552812808830382e+01 2.607680962081059661e+01 3.466987164671942878e+01 1.941648783894759944e+01 3.860051813123756403e+01 3.606937759374286401e+01 0.000000000000000000e+00 5.656854249492380582e+00 2.408318915758459156e+01 2.024845673131658685e+01 4.887739763939974580e+01 3.275667870831839679e+01 4.272001872658765365e+01 8.062257748298549132e+00 1.389244398944980396e+01 3.992492955535426091e+01 2.624880949681337583e+01 1.802775637731994607e+01 1.780449381476485726e+01 4.472135954999579610e+00 2.022374841615668473e+01 5.000000000000000000e+00 4.237924020083418242e+01 3.041381265149109936e+01
1.044030650891055068e+01 1.910497317454279909e+01 2.701851217221259205e+01 1.300000000000000000e+01 2.402082429892862692e+01 2.280350850198275836e+01 3.397057550292606010e+01 2.300000000000000000e+01 3.373425558686599857e+01 3.041381265149109936e+01 5.656854249492380582e+00 0.000000000000000000e+00 2.009975124224177989e+01 1.476482306023340030e+01 4.341658669218482203e+01 2.729468812791236232e+01 3.721558813185679071e+01 6.403124237432848531e+00 8.544003745317530374e+00 3.807886552931954327e+01 2.061552812808830382e+01 1.486606874731850603e+01 1.802775637731994607e+01 1.000000000000000000e+01 1.746424919657297892e+01 9.848857801796103928e+00 4.024922359499621649e+01 2.751363298439520833e+01
2.594224354214569317e+01 1.746424919657297892e+01 1.923538406167134340e+01 2.282542442102665348e+01 2.906888370749726747e+01 4.472135954999579610e+00 2.158703314492290204e+01 2.900000000000000000e+01 1.581138830084189628e+01 2.308679276123039159e+01 2.408318915758459156e+01 2.009975124224177989e+01 0.000000000000000000e+00 1.984943324127920761e+01 2.920616373302046753e+01 1.552417469626002422e+01 2.418677324489564739e+01 2.570992026436488231e+01 1.300000000000000000e+01 2.140093455903269515e+01 1.552417469626002422e+01 6.708203932499369415e+00 1.640121946685672683e+01 2.828427124746190202e+01 3.244996147917590434e+01 2.500000000000000000e+01 2.262741699796952233e+01 9.219544457292887074e+00
1.044030650891055068e+01 6.082762530298219339e+00 3.544009029333869876e+01 2.692582403567251959e+01 3.748332962798262713e+01 2.420743687382040932e+01 4.024922359499621649e+01 3.667424164178449786e+01 2.668332812825266842e+01 1.700000000000000000e+01 2.024845673131658685e+01 1.476482306023340030e+01 1.984943324127920761e+01 0.000000000000000000e+00 3.201562118716424266e+01 1.700000000000000000e+01 2.570992026436488231e+01 1.500000000000000000e+01 1.004987562112088995e+01 4.123105625617660763e+01 9.000000000000000000e+00 1.931320791582796659e+01 2.816025568065744622e+01 2.420743687382040932e+01 1.431782106327635340e+01 2.459674775249768786e+01 4.244997055358224713e+01 2.906888370749726747e+01
4.244997055358224713e+01 2.596150997149434048e+01 4.695742752749558235e+01 5.099019513592784847e+01 5.825804665451803288e+01 3.138470965295043058e+01 4.588027898781784586e+01 5.813776741499453493e+01 1.486606874731850603e+01 1.600000000000000000e+01 4.887739763939974580e+01 4.341658669218482203e+01 2.920616373302046753e+01 3.201562118716424266e+01 0.000000000000000000e+00 1.612451549659709826e+01 6.324555320336759046e+00 4.623851208678756564e+01 3.498571136907180090e+01 4.031128874149274566e+01 2.340939982143925135e+01 3.538361202590826338e+01 4.560701700396551672e+01 5.333854141237834767e+01 4.527692569068708650e+01 5.161395160225576006e+01 3.905124837953326988e+01 3.231098884280702066e+01
2.716615541441224835e+01 1.104536101718726115e+01 3.471310991541956525e+01 3.538361202590826338e+01 4.356604182158393002e+01 1.910497317454279909e+01 3.601388621073821383e+01 4.326661530556787483e+01 1.081665382639196871e+01 8.246211251235321171e+00 3.275667870831839679e+01 2.729468812791236232e+01 1.552417469626002422e+01 1.700000000000000000e+01 1.612451549659709826e+01 0.000000000000000000e+00 1.000000000000000000e+01 3.036445290137795183e+01 1.886796226411320632e+01 3.324154027718932269e+01 8.000000000000000000e+00 2.059126028197400160e+01 3.130495168499705727e+01 3.721558813185679071e+01 3.114482300479487265e+01 3.560898762952971452e+01 3.324154027718932269e+01 2.209072203437452231e+01
3.613862199918530393e+01 1.964688270438849926e+01 4.272001872658765365e+01 4.525483399593904466e+01 5.300943312279428454e+01 2.692582403567251959e+01 4.257933771208753626e+01 5.280151512977634098e+01 1.204159457879229578e+01 1.019803902718556898e+01 4.272001872658765365e+01 3.721558813185679071e+01 2.418677324489564739e+01 2.570992026436488231e+01 6.324555320336759046e+00 1.000000000000000000e+01 0.000000000000000000e+00 3.992492955535426091e+01 2.884441020371191300e+01 3.801315561749642313e+01 1.708800749063506075e+01 3.000000000000000000e+01 4.049691346263317371e+01 4.716990566028302112e+01 3.911521443121588959e+01 4.560701700396551672e+01 3.721558813185679071e+01 2.863564212655270680e+01
6.324555320336759046e+00 2.059126028197400160e+01 3.330165161069342616e+01 1.772004514666934938e+01 2.863564212655270680e+01 2.879236009777593708e+01 4.036087214122112954e+01 2.745906043549196340e+01 3.811823710509183627e+01 3.190611226708763226e+01 8.062257748298549132e+00 6.403124237432848531e+00 2.570992026436488231e+01 1.500000000000000000e+01 4.623851208678756564e+01 3.036445290137795183e+01 3.992492955535426091e+01 0.000000000000000000e+00 1.303840481040529831e+01 4.441846462902562109e+01 2.284731931759172596e+01 2.102379604162863913e+01 2.420743687382040932e+01 1.044030650891055068e+01 1.216552506059643868e+01 1.303840481040529831e+01 4.652956049652736681e+01 3.361547262794321966e+01
1.303840481040529831e+01 1.208304597359457233e+01 2.563201123595259290e+01 1.788854381999831844e+01 2.789265136196270589e+01 1.664331697709323876e+01 3.106444913401813324e+01 2.720294101747088789e+01 2.531797780234432693e+01 2.280350850198275836e+01 1.389244398944980396e+01 8.544003745317530374e+00 1.300000000000000000e+01 1.004987562112088995e+01 3.498571136907180090e+01 1.886796226411320632e+01 2.884441020371191300e+01 1.303840481040529831e+01 0.000000000000000000e+00 3.330165161069342616e+01 1.280624847486569706e+01 1.000000000000000000e+01 1.811077027627483460e+01 1.835755975068581947e+01 1.984943324127920761e+01 1.697056274847713908e+01 3.500000000000000000e+01 2.163330765278393741e+01
4.622769732530488085e+01 3.858756276314947797e+01 1.612451549659709826e+01 3.354101966249684352e+01 3.238826948140329165e+01 1.702938636592640265e+01 8.944271909999159220e+00 3.324154027718932269e+01 2.600000000000000000e+01 4.148493702538308270e+01 3.992492955535426091e+01 3.807886552931954327e+01 2.140093455903269515e+01 4.123105625617660763e+01 4.031128874149274566e+01 3.324154027718932269e+01 3.801315561749642313e+01 4.441846462902562109e+01 3.330165161069342616e+01 0.000000000000000000e+00 3.623534186398687496e+01 2.360084744241189370e+01 2.334523505985750447e+01 4.301162633521313694e+01 5.315072906367324634e+01 3.832753579347360073e+01 3.162277660168379523e+00 1.220655561573370207e+01
1.923538406167134340e+01 3.162277660168379523e+00 3.401470270338990076e+01 3.052867504494749440e+01 3.992492955535426091e+01 1.992485884517127559e+01 3.710795063055894616e+01 3.939543120718441571e+01 1.802775637731994607e+01 1.000000000000000000e+01 2.624880949681337583e+01 2.061552812808830382e+01 1.552417469626002422e+01 9.000000000000000000e+00 2.340939982143925135e+01 8.000000000000000000e+00 1.708800749063506075e+01 2.284731931759172596e+01 1.280624847486569706e+01 3.623534186398687496e+01 0.000000000000000000e+00 1.811077027627483460e+01 2.863564212655270680e+01 3.061045573002793319e+01 2.319482700948640286e+01 2.973213749463701205e+01 3.689173349139343117e+01 2.416609194718914466e+01
2.267156809750926882e+01 1.902629759044044633e+01 1.627882059609970611e+01 1.612451549659709826e+01 2.302172886644267535e+01 8.062257748298549132e+00 2.109502310972898798e+01 2.280350850198275836e+01 2.247220505424423109e+01 2.720294101747088789e+01 1.802775637731994607e+01 1.486606874731850603e+01 6.708203932499369415e+00 1.931320791582796659e+01 3.538361202590826338e+01 2.059126028197400160e+01 3.000000000000000000e+01 2.102379604162863913e+01 1.000000000000000000e+01 2.360084744241189370e+01 1.811077027627483460e+01 0.000000000000000000e+00 1.077032961426900748e+01 2.202271554554523902e+01 2.969848480983499428e+01 1.843908891458577415e+01 2.555386467836127551e+01 1.264911064067351809e+01
2.817800560721074277e+01 2.915475947422650194e+01 9.219544457292887074e+00 1.019803902718556898e+01 1.272792206135785520e+01 1.500000000000000000e+01 1.700000000000000000e+01 1.280624847486569706e+01 3.182766092567909766e+01 3.794733192202055250e+01 1.780449381476485726e+01 1.802775637731994607e+01 1.640121946685672683e+01 2.816025568065744622e+01 4.560701700396551672e+01 3.130495168499705727e+01 4.049691346263317371e+01 2.420743687382040932e+01 1.811077027627483460e+01 2.334523505985750447e+01 2.863564212655270680e+01 1.077032961426900748e+01 0.000000000000000000e+00 2.012461179749810825e+01 3.535533905932737753e+01 1.523154621172781731e+01 2.617250465660480074e+01 1.708800749063506075e+01
1.676305461424021104e+01 2.900000000000000000e+01 2.915475947422650194e+01 1.063014581273464998e+01 2.012461179749810825e+01 3.000000000000000000e+01 3.712142238654116966e+01 1.878829422805593552e+01 4.301162633521313694e+01 4.036087214122112954e+01 4.472135954999579610e+00 1.000000000000000000e+01 2.828427124746190202e+01 2.420743687382040932e+01 5.333854141237834767e+01 3.721558813185679071e+01 4.716990566028302112e+01 1.044030650891055068e+01 1.835755975068581947e+01 4.301162633521313694e+01 3.061045573002793319e+01 2.202271554554523902e+01 2.012461179749810825e+01 0.000000000000000000e+00 2.202271554554523902e+01 5.000000000000000000e+00 4.560701700396551672e+01 3.413209633175202384e+01
7.211102550927978250e+00 2.009975124224177989e+01 4.410215414239988974e+01 2.983286778035259701e+01 4.079215610874227593e+01 3.640054944640259293e+01 5.044799302251775686e+01 3.962322551231790158e+01 4.100000000000000000e+01 2.942787793912432193e+01 2.022374841615668473e+01 1.746424919657297892e+01 3.244996147917590434e+01 1.431782106327635340e+01 4.527692569068708650e+01 3.114482300479487265e+01 3.911521443121588959e+01 1.216552506059643868e+01 1.984943324127920761e+01 5.315072906367324634e+01 2.319482700948640286e+01 2.969848480983499428e+01 3.535533905932737753e+01 2.202271554554523902e+01 0.000000000000000000e+00 2.517935662402834396e+01 5.481788029466298440e+01 4.140048308896890461e+01
1.902629759044044633e+01 2.860069929215018192e+01 2.418677324489564739e+01 5.656854249492380582e+00 1.581138830084189628e+01 2.617250465660480074e+01 3.220248437620923454e+01 1.456021977856103611e+01 4.031128874149274566e+01 3.969886648255841521e+01 5.000000000000000000e+00 9.848857801796103928e+00 2.500000000000000000e+01 2.459674775249768786e+01 5.161395160225576006e+01 3.560898762952971452e+01 4.560701700396551672e+01 1.303840481040529831e+01 1.697056274847713908e+01 3.832753579347360073e+01 2.973213749463701205e+01 1.843908891458577415e+01 1.523154621172781731e+01 5.000000000000000000e+00 2.517935662402834396e+01 0.000000000000000000e+00 4.100000000000000000e+01 3.000000000000000000e+01
4.801041553663121420e+01 3.940812099047606409e+01 1.923538406167134340e+01 3.634556369077249371e+01 3.551056180912940619e+01 1.843908891458577415e+01 1.208304597359457233e+01 3.634556369077249371e+01 2.517935662402834396e+01 4.143669871020131978e+01 4.237924020083418242e+01 4.024922359499621649e+01 2.262741699796952233e+01 4.244997055358224713e+01 3.905124837953326988e+01 3.324154027718932269e+01 3.721558813185679071e+01 4.652956049652736681e+01 3.500000000000000000e+01 3.162277660168379523e+00 3.689173349139343117e+01 2.555386467836127551e+01 2.617250465660480074e+01 4.560701700396551672e+01 5.481788029466298440e+01 4.100000000000000000e+01 0.000000000000000000e+00 1.345362404707370985e+01
3.466987164671942878e+01 2.641968962724581260e+01 1.500000000000000000e+01 2.630589287593181069e+01 2.915475947422650194e+01 5.000000000000000000e+00 1.403566884761819900e+01 2.952964612046680060e+01 1.746424919657297892e+01 3.026549190084311292e+01 3.041381265149109936e+01 2.751363298439520833e+01 9.219544457292887074e+00 2.906888370749726747e+01 3.231098884280702066e+01 2.209072203437452231e+01 2.863564212655270680e+01 3.361547262794321966e+01 2.163330765278393741e+01 1.220655561573370207e+01 2.416609194718914466e+01 1.264911064067351809e+01 1.708800749063506075e+01 3.413209633175202384e+01 4.140048308896890461e+01 3.000000000000000000e+01 1.345362404707370985e+01 0.000000000000000000e+00
