0.000000000000000000e+00 2.236067977499789805e+01 1.170469991071962568e+01 1.360147050873544394e+01 2.343074902771996193e+01 8.602325267042626677e+00 2.729468812791236232e+01 2.523885892824792521e+01 5.099019513592784492e+00 1.400000000000000000e+01 2.100000000000000000e+01 1.900000000000000000e+01 1.700000000000000000e+01 3.280243893371345365e+01 1.000000000000000000e+01 2.561249694973139412e+01 5.099019513592784492e+00 2.061552812808830382e+01 1.300000000000000000e+01 7.280109889280518054e+00 2.236067977499789805e+00 2.022374841615668473e+01 2.353720459187963954e+01 1.749285568453590045e+01
2.236067977499789805e+01 0.000000000000000000e+00 3.395585369269929288e+01 3.324154027718932269e+01 4.148493702538308270e+01 1.503329637837290811e+01 2.193171219946130890e+01 3.981205847478876336e+01 2.102379604162863913e+01 8.944271909999159220e+00 2.780287754891568852e+01 5.000000000000000000e+00 1.780449381476485726e+01 2.209072203437452231e+01 1.649242250247064234e+01 4.368065933568311010e+01 1.772004514666934938e+01 3.905124837953326988e+01 1.004987562112088995e+01 2.640075756488817049e+01 2.308679276123039159e+01 2.968164415931165934e+01 2.549509756796392423e+01 8.602325267042626677e+00
1.170469991071962568e+01 3.395585369269929288e+01 0.000000000000000000e+00 1.200000000000000000e+01 2.024845673131658685e+01 2.012461179749810825e+01 3.687817782917154830e+01 2.517935662402834396e+01 1.500000000000000000e+01 2.531797780234432693e+01 2.731300056749532601e+01 3.026549190084311292e+01 2.687005768508880621e+01 4.313930922024598402e+01 2.080865204668481283e+01 2.193171219946130890e+01 1.627882059609970611e+01 1.772004514666934938e+01 2.469817807045693669e+01 9.486832980505138124e+00 1.166190378969060149e+01 2.529822128134703618e+01 3.138470965295043058e+01 2.906888370749726747e+01
1.360147050873544394e+01 3.324154027718932269e+01 1.200000000000000000e+01 0.000000000000000000e+00 9.899494936611665352e+00 1.824828759089465890e+01 2.884441020371191300e+01 1.334166406412633421e+01 1.236931687685298087e+01 2.624880949681337583e+01 1.702938636592640265e+01 3.104834939252004844e+01 2.024845673131658685e+01 3.584689665786984136e+01 1.700000000000000000e+01 1.204159457879229578e+01 1.835755975068581947e+01 7.071067811865475505e+00 2.319482700948640286e+01 1.749285568453590045e+01 1.166190378969060149e+01 1.442220510185595650e+01 2.193171219946130890e+01 2.601922366251537611e+01
2.343074902771996193e+01 4.148493702538308270e+01 2.024845673131658685e+01 9.899494936611665352e+00 0.000000000000000000e+00 2.692582403567251959e+01 3.228002478313794654e+01 7.211102550927978250e+00 2.147091055358388800e+01 3.534119409414458346e+01 1.897366596101027625e+01 3.992492955535426091e+01 2.600000000000000000e+01 3.956008088970496317e+01 2.500000000000000000e+01 2.236067977499789805e+00 2.801785145224380003e+01 2.828427124746190291e+00 3.162277660168379256e+01 2.720294101747088789e+01 2.140093455903269515e+01 1.581138830084189628e+01 2.435159132377184221e+01 3.354101966249684352e+01
8.602325267042626677e+00 1.503329637837290811e+01 2.012461179749810825e+01 1.824828759089465890e+01 2.692582403567251959e+01 0.000000000000000000e+00 1.992485884517127559e+01 2.640075756488817049e+01 6.000000000000000000e+00 8.602325267042626677e+00 1.746424919657297892e+01 1.300000000000000000e+01 1.004987562112088995e+01 2.469817807045693669e+01 3.162277660168379523e+00 2.915475947422650194e+01 6.324555320336759046e+00 2.435159132377184221e+01 5.000000000000000000e+00 1.500000000000000000e+01 8.544003745317530374e+00 1.802775637731994607e+01 1.811077027627483460e+01 8.944271909999159220e+00
2.729468812791236232e+01 2.193171219946130890e+01 3.687817782917154830e+01 2.884441020371191300e+01 3.228002478313794654e+01 1.992485884517127559e+01 0.000000000000000000e+00 2.716615541441224835e+01 2.247220505424423109e+01 2.402082429892862692e+01 1.334166406412633421e+01 2.473863375370596174e+01 1.029563014098700080e+01 7.280109889280518054e+00 1.746424919657297892e+01 3.395585369269929288e+01 2.624880949681337583e+01 3.101612483854164637e+01 1.902629759044044633e+01 3.443835071544512516e+01 2.607680962081059661e+01 1.649242250247064234e+01 8.062257748298549132e+00 1.513274595042155646e+01
2.523885892824792521e+01 3.981205847478876336e+01 2.517935662402834396e+01 1.334166406412633421e+01 7.211102550927978250e+00 2.640075756488817049e+01 2.716615541441224835e+01 0.000000000000000000e+00 2.193171219946130890e+01 3.500000000000000000e+01 1.400000000000000000e+01 3.911521443121588959e+01 2.280350850198275836e+01 3.436568055487916240e+01 2.385372088375312671e+01 7.810249675906653977e+00 2.906888370749726747e+01 8.246211251235321171e+00 3.052867504494749440e+01 3.046309242345563462e+01 2.302172886644267535e+01 1.104536101718726115e+01 1.910497317454279909e+01 3.138470965295043058e+01
5.099019513592784492e+00 2.102379604162863913e+01 1.500000000000000000e+01 1.236931687685298087e+01 2.147091055358388800e+01 6.000000000000000000e+00 2.247220505424423109e+01 2.193171219946130890e+01 0.000000000000000000e+00 1.392838827718411920e+01 1.603121954188139853e+01 1.868154169226940553e+01 1.220655561573370207e+01 2.831960451701259274e+01 5.830951894845300743e+00 2.370653918225939449e+01 7.211102550927978250e+00 1.878829422805593552e+01 1.100000000000000000e+01 1.236931687685298087e+01 3.605551275463989125e+00 1.552417469626002422e+01 1.843908891458577415e+01 1.456021977856103611e+01
1.400000000000000000e+01 8.944271909999159220e+00 2.531797780234432693e+01 2.624880949681337583e+01 3.534119409414458346e+01 8.602325267042626677e+00 2.402082429892862692e+01 3.500000000000000000e+01 1.392838827718411920e+01 0.000000000000000000e+00 2.523885892824792521e+01 5.000000000000000000e+00 1.615549442140351033e+01 2.668332812825266842e+01 1.131370849898476116e+01 3.757658845611187104e+01 9.055385138137417300e+00 3.269556544854363267e+01 5.385164807134503739e+00 1.746424919657297892e+01 1.513274595042155646e+01 2.624880949681337583e+01 2.469817807045693669e+01 9.055385138137417300e+00
2.100000000000000000e+01 2.780287754891568852e+01 2.731300056749532601e+01 1.702938636592640265e+01 1.897366596101027625e+01 1.746424919657297892e+01 1.334166406412633421e+01 1.400000000000000000e+01 1.603121954188139853e+01 2.523885892824792521e+01 0.000000000000000000e+00 2.831960451701259274e+01 1.000000000000000000e+01 2.061552812808830382e+01 1.431782106327635340e+01 2.061552812808830382e+01 2.256102834535695578e+01 1.788854381999831844e+01 2.000000000000000000e+01 2.807133769523639799e+01 1.902629759044044633e+01 3.162277660168379523e+00 5.385164807134503739e+00 1.920937271229854559e+01
1.900000000000000000e+01 5.000000000000000000e+00 3.026549190084311292e+01 3.104834939252004844e+01 3.992492955535426091e+01 1.300000000000000000e+01 2.473863375370596174e+01 3.911521443121588959e+01 1.868154169226940553e+01 5.000000000000000000e+00 2.831960451701259274e+01 0.000000000000000000e+00 1.860107523773827509e+01 2.601922366251537611e+01 1.526433752247374720e+01 4.215447781671598193e+01 1.403566884761819900e+01 3.733630940518894192e+01 8.602325267042626677e+00 2.213594362117865444e+01 2.009975124224177989e+01 2.973213749463701205e+01 2.692582403567251959e+01 9.848857801796103928e+00
1.700000000000000000e+01 1.780449381476485726e+01 2.687005768508880621e+01 2.024845673131658685e+01 2.600000000000000000e+01 1.004987562112088995e+01 1.029563014098700080e+01 2.280350850198275836e+01 1.220655561573370207e+01 1.615549442140351033e+01 1.000000000000000000e+01 1.860107523773827509e+01 0.000000000000000000e+00 1.627882059609970611e+01 7.280109889280518054e+00 2.801785145224380003e+01 1.627882059609970611e+01 2.408318915758459156e+01 1.077032961426900748e+01 2.416609194718914466e+01 1.581138830084189628e+01 1.208304597359457233e+01 8.544003745317530374e+00 9.219544457292887074e+00
3.280243893371345365e+01 2.209072203437452231e+01 4.313930922024598402e+01 3.584689665786984136e+01 3.956008088970496317e+01 2.469817807045693669e+01 7.280109889280518054e+00 3.436568055487916240e+01 2.831960451701259274e+01 2.668332812825266842e+01 2.061552812808830382e+01 2.601922366251537611e+01 1.627882059609970611e+01 0.000000000000000000e+00 2.280350850198275836e+01 4.123105625617660763e+01 3.088689042296100240e+01 3.827531841800927737e+01 2.247220505424423109e+01 3.966106403010387993e+01 3.189043743820394994e+01 2.376972864800942631e+01 1.529705854077835525e+01 1.772004514666934938e+01
1.000000000000000000e+01 1.649242250247064234e+01 2.080865204668481283e+01 1.700000000000000000e+01 2.500000000000000000e+01 3.162277660168379523e+00 1.746424919657297892e+01 2.385372088375312671e+01 5.830951894845300743e+00 1.131370849898476116e+01 1.431782106327635340e+01 1.526433752247374720e+01 7.280109889280518054e+00 2.280350850198275836e+01 0.000000000000000000e+00 2.720294101747088789e+01 9.055385138137417300e+00 2.256102834535695578e+01 6.708203932499369415e+00 1.700000000000000000e+01 9.219544457292887074e+00 1.500000000000000000e+01 1.503329637837290811e+01 9.055385138137417300e+00
2.561249694973139412e+01 4.368065933568311010e+01 2.193171219946130890e+01 1.204159457879229578e+01 2.236067977499789805e+00 2.915475947422650194e+01 3.395585369269929288e+01 7.810249675906653977e+00 2.370653918225939449e+01 3.757658845611187104e+01 2.061552812808830382e+01 4.215447781671598193e+01 2.801785145224380003e+01 4.123105625617660763e+01 2.720294101747088789e+01 0.000000000000000000e+00 3.023243291566194912e+01 5.000000000000000000e+00 3.383784863137726262e+01 2.920616373302046753e+01 2.360084744241189370e+01 1.746424919657297892e+01 2.596150997149434048e+01 3.569313659514949677e+01
5.099019513592784492e+00 1.772004514666934938e+01 1.627882059609970611e+01 1.835755975068581947e+01 2.801785145224380003e+01 6.324555320336759046e+00 2.624880949681337583e+01 2.906888370749726747e+01 7.211102550927978250e+00 9.055385138137417300e+00 2.256102834535695578e+01 1.403566884761819900e+01 1.627882059609970611e+01 3.088689042296100240e+01 9.055385138137417300e+00 3.023243291566194912e+01 0.000000000000000000e+00 2.523885892824792521e+01 9.219544457292887074e+00 9.219544457292887074e+00 6.708203932499369415e+00 2.247220505424423109e+01 2.400000000000000000e+01 1.414213562373095101e+01
2.061552812808830382e+01 3.905124837953326988e+01 1.772004514666934938e+01 7.071067811865475505e+00 2.828427124746190291e+00 2.435159132377184221e+01 3.101612483854164637e+01 8.246211251235321171e+00 1.878829422805593552e+01 3.269556544854363267e+01 1.788854381999831844e+01 3.733630940518894192e+01 2.408318915758459156e+01 3.827531841800927737e+01 2.256102834535695578e+01 5.000000000000000000e+00 2.523885892824792521e+01 0.000000000000000000e+00 2.912043955712207222e+01 2.441311123146740414e+01 1.860107523773827509e+01 1.476482306023340030e+01 2.325940669922601600e+01 3.125699921617556853e+01
1.300000000000000000e+01 1.004987562112088995e+01 2.469817807045693669e+01 2.319482700948640286e+01 3.162277660168379256e+01 5.000000000000000000e+00 1.902629759044044633e+01 3.052867504494749440e+01 1.100000000000000000e+01 5.385164807134503739e+00 2.000000000000000000e+01 8.602325267042626677e+00 1.077032961426900748e+01 2.247220505424423109e+01 6.708203932499369415e+00 3.383784863137726262e+01 9.219544457292887074e+00 2.912043955712207222e+01 0.000000000000000000e+00 1.843908891458577415e+01 1.334166406412633421e+01 2.121320343559642652e+01 1.931320791582796659e+01 5.000000000000000000e+00
7.280109889280518054e+00 2.640075756488817049e+01 9.486832980505138124e+00 1.749285568453590045e+01 2.720294101747088789e+01 1.500000000000000000e+01 3.443835071544512516e+01 3.046309242345563462e+01 1.236931687685298087e+01 1.746424919657297892e+01 2.807133769523639799e+01 2.213594362117865444e+01 2.416609194718914466e+01 3.966106403010387993e+01 1.700000000000000000e+01 2.920616373302046753e+01 9.219544457292887074e+00 2.441311123146740414e+01 1.843908891458577415e+01 0.000000000000000000e+00 9.055385138137417300e+00 2.701851217221259205e+01 3.080584360149872580e+01 2.334523505985750447e+01
2.236067977499789805e+00 2.308679276123039159e+01 1.166190378969060149e+01 1.166190378969060149e+01 2.140093455903269515e+01 8.544003745317530374e+00 2.607680962081059661e+01 2.302172886644267535e+01 3.605551275463989125e+00 1.513274595042155646e+01 1.902629759044044633e+01 2.009975124224177989e+01 1.581138830084189628e+01 3.189043743820394994e+01 9.219544457292887074e+00 2.360084744241189370e+01 6.708203932499369415e+00 1.860107523773827509e+01 1.334166406412633421e+01 9.055385138137417300e+00 0.000000000000000000e+00 1.811077027627483460e+01 2.184032966784155505e+01 1.746424919657297892e+01
2.022374841615668473e+01 2.968164415931165934e+01 2.529822128134703618e+01 1.442220510185595650e+01 1.581138830084189628e+01 1.802775637731994607e+01 1.649242250247064234e+01 1.104536101718726115e+01 1.552417469626002422e+01 2.624880949681337583e+01 3.162277660168379523e+00 2.973213749463701205e+01 1.208304597359457233e+01 2.376972864800942631e+01 1.500000000000000000e+01 1.746424919657297892e+01 2.247220505424423109e+01 1.476482306023340030e+01 2.121320343559642652e+01 2.701851217221259205e+01 1.811077027627483460e+01 0.000000000000000000e+00 8.544003745317530374e+00 2.109502310972898798e+01
2.353720459187963954e+01 2.549509756796392423e+01 3.138470965295043058e+01 2.193171219946130890e+01 2.435159132377184221e+01 1.811077027627483460e+01 8.062257748298549132e+00 1.910497317454279909e+01 1.843908891458577415e+01 2.469817807045693669e+01 5.385164807134503739e+00 2.692582403567251959e+01 8.544003745317530374e+00 1.529705854077835525e+01 1.503329637837290811e+01 2.596150997149434048e+01 2.400000000000000000e+01 2.325940669922601600e+01 1.931320791582796659e+01 3.080584360149872580e+01 2.184032966784155505e+01 8.544003745317530374e+00 0.000000000000000000e+00 1.720465053408525335e+01
1.749285568453590045e+01 8.602325267042626677e+00 2.906888370749726747e+01 2.601922366251537611e+01 3.354101966249684352e+01 8.944271909999159220e+00 1.513274595042155646e+01 3.138470965295043058e+01 1.456021977856103611e+01 9.055385138137417300e+00 1.920937271229854559e+01 9.848857801796103928e+00 9.219544457292887074e+00 1.772004514666934938e+01 9.055385138137417300e+00 3.569313659514949677e+01 1.414213562373095101e+01 3.125699921617556853e+01 5.000000000000000000e+00 2.334523505985750447e+01 1.746424919657297892e+01 2.109502310972898798e+01 1.720465053408525335e+01 0.000000000000000000e+00
