0.000000000000000000e+00 1.720465053408525335e+01 1.843908891458577415e+01 2.163330765278393741e+01 2.334523505985750447e+01 1.140175425099137918e+01 8.944271909999159220e+00 1.780449381476485726e+01 2.051828452868319275e+01 2.801785145224380003e+01 2.900000000000000000e+01 2.236067977499789805e+01 1.272792206135785520e+01 1.063014581273464998e+01 3.036445290137795183e+01 1.236931687685298087e+01 1.272792206135785520e+01 2.745906043549196340e+01 1.029563014098700080e+01 1.562049935181330795e+01 7.071067811865475505e+00 2.828427124746190291e+00 2.729468812791236232e+01
1.720465053408525335e+01 0.000000000000000000e+00 1.456021977856103611e+01 4.472135954999579610e+00 2.617250465660480074e+01 2.596150997149434048e+01 2.545584412271571040e+01 2.100000000000000000e+01 2.844292530665578411e+01 1.780449381476485726e+01 1.802775637731994607e+01 2.088061301782110135e+01 5.099019513592784492e+00 2.780287754891568852e+01 2.420743687382040932e+01 1.315294643796590535e+01 1.964688270438849926e+01 2.657066051117284644e+01 9.055385138137417300e+00 2.600000000000000000e+01 1.964688270438849926e+01 1.697056274847713908e+01 1.044030650891055068e+01
1.843908891458577415e+01 1.456021977856103611e+01 0.000000000000000000e+00 1.600000000000000000e+01 1.204159457879229578e+01 2.983286778035259701e+01 2.236067977499789805e+01 8.062257748298549132e+00 3.721558813185679071e+01 1.044030650891055068e+01 1.170469991071962568e+01 6.324555320336759046e+00 1.581138830084189628e+01 2.617250465660480074e+01 1.208304597359457233e+01 6.082762530298219339e+00 1.029563014098700080e+01 1.208304597359457233e+01 1.838477631085023489e+01 3.310589071449369669e+01 2.469817807045693669e+01 1.612451549659709826e+01 1.802775637731994607e+01
2.163330765278393741e+01 4.472135954999579610e+00 1.600000000000000000e+01 0.000000000000000000e+00 2.801785145224380003e+01 3.036445290137795183e+01 2.973213749463701205e+01 2.334523505985750447e+01 3.214031735997639316e+01 1.640121946685672683e+01 1.627882059609970611e+01 2.209072203437452231e+01 9.486832980505138124e+00 3.220248437620923454e+01 2.370653918225939449e+01 1.615549442140351033e+01 2.284731931759172596e+01 2.745906043549196340e+01 1.334166406412633421e+01 3.006659275674581622e+01 2.404163056034261459e+01 2.126029162546929996e+01 6.082762530298219339e+00
2.334523505985750447e+01 2.617250465660480074e+01 1.204159457879229578e+01 2.801785145224380003e+01 0.000000000000000000e+00 3.383784863137726262e+01 2.247220505424423109e+01 5.830951894845300743e+00 4.384062043356594529e+01 1.860107523773827509e+01 2.000000000000000000e+01 6.708203932499369415e+00 2.624880949681337583e+01 2.657066051117284644e+01 1.389244398944980396e+01 1.392838827718411920e+01 1.063014581273464998e+01 6.082762530298219339e+00 2.773084924772409465e+01 3.894868418830089496e+01 3.041381265149109936e+01 2.051828452868319275e+01 2.983286778035259701e+01
1.140175425099137918e+01 2.596150997149434048e+01 2.983286778035259701e+01 3.036445290137795183e+01 3.383784863137726262e+01 0.000000000000000000e+00 1.303840481040529831e+01 2.865309756378880479e+01 1.236931687685298087e+01 3.920459156782531807e+01 4.011234224026316042e+01 3.361547262794321966e+01 2.088061301782110135e+01 1.044030650891055068e+01 4.176122603564220270e+01 2.376972864800942631e+01 2.332380757938120297e+01 3.847076812334268681e+01 1.708800749063506075e+01 7.071067811865475505e+00 6.324555320336759046e+00 1.392838827718411920e+01 3.640054944640259293e+01
8.944271909999159220e+00 2.545584412271571040e+01 2.236067977499789805e+01 2.973213749463701205e+01 2.247220505424423109e+01 1.303840481040529831e+01 0.000000000000000000e+00 1.824828759089465890e+01 2.507987240796890660e+01 3.275667870831839679e+01 3.395585369269929288e+01 2.408318915758459156e+01 2.140093455903269515e+01 4.123105625617660586e+00 3.301514803843835466e+01 1.676305461424021104e+01 1.303840481040529831e+01 2.789265136196270589e+01 1.923538406167134340e+01 1.969771560359220786e+01 1.303840481040529831e+01 8.485281374238569541e+00 3.500000000000000000e+01
1.780449381476485726e+01 2.100000000000000000e+01 8.062257748298549132e+00 2.334523505985750447e+01 5.830951894845300743e+00 2.865309756378880479e+01 1.824828759089465890e+01 0.000000000000000000e+00 3.820994634908559817e+01 1.720465053408525335e+01 1.860107523773827509e+01 6.082762530298219339e+00 2.061552812808830382e+01 2.236067977499789805e+01 1.513274595042155646e+01 8.246211251235321171e+00 5.385164807134503739e+00 9.848857801796103928e+00 2.193171219946130890e+01 3.342154993413680586e+01 2.483948469674844262e+01 1.500000000000000000e+01 2.600000000000000000e+01
2.051828452868319275e+01 2.844292530665578411e+01 3.721558813185679071e+01 3.214031735997639316e+01 4.384062043356594529e+01 1.236931687685298087e+01 2.507987240796890660e+01 3.820994634908559817e+01 0.000000000000000000e+00 4.494441010848846219e+01 4.554119014694280310e+01 4.220189569201838253e+01 2.376972864800942631e+01 2.280350850198275836e+01 4.924428900898052319e+01 3.162277660168379256e+01 3.324154027718932269e+01 4.763402145525821396e+01 1.992485884517127559e+01 5.385164807134503739e+00 1.345362404707370985e+01 2.334523505985750447e+01 3.805259518088089266e+01
2.801785145224380003e+01 1.780449381476485726e+01 1.044030650891055068e+01 1.640121946685672683e+01 1.860107523773827509e+01 3.920459156782531807e+01 3.275667870831839679e+01 1.720465053408525335e+01 4.494441010848846219e+01 0.000000000000000000e+00 1.414213562373095145e+00 1.204159457879229578e+01 2.147091055358388800e+01 3.649657518178931781e+01 8.062257748298549132e+00 1.612451549659709826e+01 2.061552812808830382e+01 1.486606874731850603e+01 2.507987240796890660e+01 4.148493702538308270e+01 3.354101966249684352e+01 2.601922366251537611e+01 1.456021977856103611e+01
2.900000000000000000e+01 1.802775637731994607e+01 1.170469991071962568e+01 1.627882059609970611e+01 2.000000000000000000e+01 4.011234224026316042e+01 3.395585369269929288e+01 1.860107523773827509e+01 4.554119014694280310e+01 1.414213562373095145e+00 0.000000000000000000e+00 1.345362404707370985e+01 2.193171219946130890e+01 3.765634076752546378e+01 9.000000000000000000e+00 1.726267650163206824e+01 2.193171219946130890e+01 1.615549442140351033e+01 2.563201123595259290e+01 4.220189569201838253e+01 3.436568055487916240e+01 2.707397274136176790e+01 1.392838827718411920e+01
2.236067977499789805e+01 2.088061301782110135e+01 6.324555320336759046e+00 2.209072203437452231e+01 6.708203932499369415e+00 3.361547262794321966e+01 2.408318915758459156e+01 6.082762530298219339e+00 4.220189569201838253e+01 1.204159457879229578e+01 1.345362404707370985e+01 0.000000000000000000e+00 2.195449840010014952e+01 2.816025568065744622e+01 9.055385138137417300e+00 1.063014581273464998e+01 1.104536101718726115e+01 5.830951894845300743e+00 2.420743687382040932e+01 3.773592452822641263e+01 2.915475947422650194e+01 1.969771560359220786e+01 2.334523505985750447e+01
1.272792206135785520e+01 5.099019513592784492e+00 1.581138830084189628e+01 9.486832980505138124e+00 2.624880949681337583e+01 2.088061301782110135e+01 2.140093455903269515e+01 2.061552812808830382e+01 2.376972864800942631e+01 2.147091055358388800e+01 2.193171219946130890e+01 2.195449840010014952e+01 0.000000000000000000e+00 2.334523505985750447e+01 2.690724809414741969e+01 1.236931687685298087e+01 1.800000000000000000e+01 2.778488797889960793e+01 4.000000000000000000e+00 2.102379604162863913e+01 1.456021977856103611e+01 1.303840481040529831e+01 1.552417469626002422e+01
1.063014581273464998e+01 2.780287754891568852e+01 2.617250465660480074e+01 3.220248437620923454e+01 2.657066051117284644e+01 1.044030650891055068e+01 4.123105625617660586e+00 2.236067977499789805e+01 2.280350850198275836e+01 3.649657518178931781e+01 3.765634076752546378e+01 2.816025568065744622e+01 2.334523505985750447e+01 0.000000000000000000e+00 3.705401462729781059e+01 2.039607805437113797e+01 1.711724276862369010e+01 3.201562118716424266e+01 2.061552812808830382e+01 1.746424919657297892e+01 1.236931687685298087e+01 1.118033988749894903e+01 3.773592452822641263e+01
3.036445290137795183e+01 2.420743687382040932e+01 1.208304597359457233e+01 2.370653918225939449e+01 1.389244398944980396e+01 4.176122603564220270e+01 3.301514803843835466e+01 1.513274595042155646e+01 4.924428900898052319e+01 8.062257748298549132e+00 9.000000000000000000e+00 9.055385138137417300e+00 2.690724809414741969e+01 3.705401462729781059e+01 0.000000000000000000e+00 1.802775637731994607e+01 2.000000000000000000e+01 8.485281374238569541e+00 3.000000000000000000e+01 4.518849411078001310e+01 3.676955262170046979e+01 2.789265136196270589e+01 2.256102834535695578e+01
1.236931687685298087e+01 1.315294643796590535e+01 6.082762530298219339e+00 1.615549442140351033e+01 1.392838827718411920e+01 2.376972864800942631e+01 1.676305461424021104e+01 8.246211251235321171e+00 3.162277660168379256e+01 1.612451549659709826e+01 1.726267650163206824e+01 1.063014581273464998e+01 1.236931687685298087e+01 2.039607805437113797e+01 1.802775637731994607e+01 0.000000000000000000e+00 6.708203932499369415e+00 1.627882059609970611e+01 1.389244398944980396e+01 2.729468812791236232e+01 1.878829422805593552e+01 1.004987562112088995e+01 2.000000000000000000e+01
1.272792206135785520e+01 1.964688270438849926e+01 1.029563014098700080e+01 2.284731931759172596e+01 1.063014581273464998e+01 2.332380757938120297e+01 1.303840481040529831e+01 5.385164807134503739e+00 3.324154027718932269e+01 2.061552812808830382e+01 2.193171219946130890e+01 1.104536101718726115e+01 1.800000000000000000e+01 1.711724276862369010e+01 2.000000000000000000e+01 6.708203932499369415e+00 0.000000000000000000e+00 1.523154621172781731e+01 1.843908891458577415e+01 2.831960451701259274e+01 1.979898987322333070e+01 9.899494936611665352e+00 2.662705391138869615e+01
2.745906043549196340e+01 2.657066051117284644e+01 1.208304597359457233e+01 2.745906043549196340e+01 6.082762530298219339e+00 3.847076812334268681e+01 2.789265136196270589e+01 9.848857801796103928e+00 4.763402145525821396e+01 1.486606874731850603e+01 1.615549442140351033e+01 5.830951894845300743e+00 2.778488797889960793e+01 3.201562118716424266e+01 8.485281374238569541e+00 1.627882059609970611e+01 1.523154621172781731e+01 0.000000000000000000e+00 3.000000000000000000e+01 4.301162633521313694e+01 3.440930106817050671e+01 2.469817807045693669e+01 2.801785145224380003e+01
1.029563014098700080e+01 9.055385138137417300e+00 1.838477631085023489e+01 1.334166406412633421e+01 2.773084924772409465e+01 1.708800749063506075e+01 1.923538406167134340e+01 2.193171219946130890e+01 1.992485884517127559e+01 2.507987240796890660e+01 2.563201123595259290e+01 2.420743687382040932e+01 4.000000000000000000e+00 2.061552812808830382e+01 3.000000000000000000e+01 1.389244398944980396e+01 1.843908891458577415e+01 3.000000000000000000e+01 0.000000000000000000e+00 1.702938636592640265e+01 1.077032961426900748e+01 1.140175425099137918e+01 1.941648783894759944e+01
1.562049935181330795e+01 2.600000000000000000e+01 3.310589071449369669e+01 3.006659275674581622e+01 3.894868418830089496e+01 7.071067811865475505e+00 1.969771560359220786e+01 3.342154993413680586e+01 5.385164807134503739e+00 4.148493702538308270e+01 4.220189569201838253e+01 3.773592452822641263e+01 2.102379604162863913e+01 1.746424919657297892e+01 4.518849411078001310e+01 2.729468812791236232e+01 2.831960451701259274e+01 4.301162633521313694e+01 1.702938636592640265e+01 0.000000000000000000e+00 8.602325267042626677e+00 1.843908891458577415e+01 3.612478373637688378e+01
7.071067811865475505e+00 1.964688270438849926e+01 2.469817807045693669e+01 2.404163056034261459e+01 3.041381265149109936e+01 6.324555320336759046e+00 1.303840481040529831e+01 2.483948469674844262e+01 1.345362404707370985e+01 3.354101966249684352e+01 3.436568055487916240e+01 2.915475947422650194e+01 1.456021977856103611e+01 1.236931687685298087e+01 3.676955262170046979e+01 1.878829422805593552e+01 1.979898987322333070e+01 3.440930106817050671e+01 1.077032961426900748e+01 8.602325267042626677e+00 0.000000000000000000e+00 9.899494936611665352e+00 3.008321791298264714e+01
2.828427124746190291e+00 1.697056274847713908e+01 1.612451549659709826e+01 2.126029162546929996e+01 2.051828452868319275e+01 1.392838827718411920e+01 8.485281374238569541e+00 1.500000000000000000e+01 2.334523505985750447e+01 2.601922366251537611e+01 2.707397274136176790e+01 1.969771560359220786e+01 1.303840481040529831e+01 1.118033988749894903e+01 2.789265136196270589e+01 1.004987562112088995e+01 9.899494936611665352e+00 2.469817807045693669e+01 1.140175425099137918e+01 1.843908891458577415e+01 9.899494936611665352e+00 0.000000000000000000e+00 2.662705391138869615e+01
2.729468812791236232e+01 1.044030650891055068e+01 1.802775637731994607e+01 6.082762530298219339e+00 2.983286778035259701e+01 3.640054944640259293e+01 3.500000000000000000e+01 2.600000000000000000e+01 3.805259518088089266e+01 1.456021977856103611e+01 1.392838827718411920e+01 2.334523505985750447e+01 1.552417469626002422e+01 3.773592452822641263e+01 2.256102834535695578e+01 2.000000000000000000e+01 2.662705391138869615e+01 2.801785145224380003e+01 1.941648783894759944e+01 3.612478373637688378e+01 3.008321791298264714e+01 2.662705391138869615e+01 0.000000000000000000e+00
