0.000000000000000000e+00 3.935733730830885690e+01 2.596150997149434048e+01 2.831960451701259274e+01 2.778488797889960793e+01 3.275667870831839679e+01 2.267156809750926882e+01 3.400000000000000000e+01 4.841487374764081864e+01 2.600000000000000000e+01 5.000000000000000000e+00 2.507987240796890660e+01 4.280186911806539030e+01 1.341640786499873883e+01 1.104536101718726115e+01 3.667424164178449786e+01 2.102379604162863913e+01 3.000000000000000000e+01 2.236067977499789805e+01 1.600000000000000000e+01 2.816025568065744622e+01
3.935733730830885690e+01 0.000000000000000000e+00 1.486606874731850603e+01 1.403566884761819900e+01 2.184032966784155505e+01 2.059126028197400160e+01 2.002498439450078749e+01 1.802775637731994607e+01 1.236931687685298087e+01 2.570992026436488231e+01 3.498571136907180090e+01 3.765634076752546378e+01 8.062257748298549132e+00 2.594224354214569317e+01 3.471310991541956525e+01 2.828427124746190291e+00 2.601922366251537611e+01 1.868154169226940553e+01 1.700000000000000000e+01 3.505709628591620941e+01 3.352610922848042208e+01
2.596150997149434048e+01 1.486606874731850603e+01 0.000000000000000000e+00 1.264911064067351809e+01 2.024845673131658685e+01 2.247220505424423109e+01 1.414213562373095101e+01 1.140175425099137918e+01 2.641968962724581260e+01 2.267156809750926882e+01 2.118962010041709121e+01 3.244996147917590434e+01 2.102379604162863913e+01 1.303840481040529831e+01 2.433105012119287736e+01 1.204159457879229578e+01 2.000000000000000000e+01 8.602325267042626677e+00 5.830951894845300743e+00 2.657066051117284644e+01 3.041381265149109936e+01
2.831960451701259274e+01 1.403566884761819900e+01 1.264911064067351809e+01 0.000000000000000000e+00 8.602325267042626677e+00 9.848857801796103928e+00 6.324555320336759046e+00 2.302172886644267535e+01 2.024845673131658685e+01 1.208304597359457233e+01 2.483948469674844262e+01 2.376972864800942631e+01 1.476482306023340030e+01 1.581138830084189628e+01 2.154065922853801496e+01 1.236931687685298087e+01 1.200000000000000000e+01 2.102379604162863913e+01 9.055385138137417300e+00 2.121320343559642652e+01 2.012461179749810825e+01
2.778488797889960793e+01 2.184032966784155505e+01 2.024845673131658685e+01 8.602325267042626677e+00 0.000000000000000000e+00 5.000000000000000000e+00 7.071067811865475505e+00 3.124099870362661591e+01 2.473863375370596174e+01 4.000000000000000000e+00 2.563201123595259290e+01 1.603121954188139853e+01 2.009975124224177989e+01 1.811077027627483460e+01 1.838477631085023489e+01 2.061552812808830382e+01 7.071067811865475505e+00 2.884441020371191300e+01 1.523154621172781731e+01 1.612451549659709826e+01 1.170469991071962568e+01
3.275667870831839679e+01 2.059126028197400160e+01 2.247220505424423109e+01 9.848857801796103928e+00 5.000000000000000000e+00 0.000000000000000000e+00 1.118033988749894903e+01 3.275667870831839679e+01 2.109502310972898798e+01 8.062257748298549132e+00 3.046309242345563462e+01 1.923538406167134340e+01 1.711724276862369010e+01 2.256102834535695578e+01 2.334523505985750447e+01 2.000000000000000000e+01 1.204159457879229578e+01 3.087069808086626210e+01 1.824828759089465890e+01 2.080865204668481283e+01 1.400000000000000000e+01
2.267156809750926882e+01 2.002498439450078749e+01 1.414213562373095101e+01 6.324555320336759046e+00 7.071067811865475505e+00 1.118033988749894903e+01 0.000000000000000000e+00 2.549509756796392423e+01 2.641968962724581260e+01 8.602325267042626677e+00 1.972308292331602075e+01 1.878829422805593552e+01 2.102379604162863913e+01 1.140175425099137918e+01 1.523154621172781731e+01 1.802775637731994607e+01 6.324555320336759046e+00 2.267156809750926882e+01 8.602325267042626677e+00 1.503329637837290811e+01 1.627882059609970611e+01
3.400000000000000000e+01 1.802775637731994607e+01 1.140175425099137918e+01 2.302172886644267535e+01 3.124099870362661591e+01 3.275667870831839679e+01 2.549509756796392423e+01 0.000000000000000000e+00 3.026549190084311292e+01 3.394112549695427816e+01 2.900000000000000000e+01 4.382921400162225467e+01 2.600000000000000000e+01 2.280350850198275836e+01 3.478505426185217431e+01 1.603121954188139853e+01 3.140063693621516450e+01 4.000000000000000000e+00 1.720465053408525335e+01 3.757658845611187104e+01 4.177319714841084419e+01
4.841487374764081864e+01 1.236931687685298087e+01 2.641968962724581260e+01 2.024845673131658685e+01 2.473863375370596174e+01 2.109502310972898798e+01 2.641968962724581260e+01 3.026549190084311292e+01 0.000000000000000000e+00 2.863564212655270680e+01 4.459820624195551630e+01 4.031128874149274566e+01 5.656854249492380582e+00 3.538361202590826338e+01 4.159326868617084472e+01 1.486606874731850603e+01 3.101612483854164637e+01 3.104834939252004844e+01 2.690724809414741969e+01 4.049691346263317371e+01 3.505709628591620941e+01
2.600000000000000000e+01 2.570992026436488231e+01 2.267156809750926882e+01 1.208304597359457233e+01 4.000000000000000000e+00 8.062257748298549132e+00 8.602325267042626677e+00 3.394112549695427816e+01 2.863564212655270680e+01 0.000000000000000000e+00 2.451530134426252516e+01 1.204159457879229578e+01 2.408318915758459156e+01 1.811077027627483460e+01 1.581138830084189628e+01 2.435159132377184221e+01 5.099019513592784492e+00 3.124099870362661591e+01 1.720465053408525335e+01 1.280624847486569706e+01 8.062257748298549132e+00
5.000000000000000000e+00 3.498571136907180090e+01 2.118962010041709121e+01 2.483948469674844262e+01 2.563201123595259290e+01 3.046309242345563462e+01 1.972308292331602075e+01 2.900000000000000000e+01 4.459820624195551630e+01 2.451530134426252516e+01 0.000000000000000000e+00 2.596150997149434048e+01 3.894868418830089496e+01 9.219544457292887074e+00 1.170469991071962568e+01 3.224903099319419653e+01 1.941648783894759944e+01 2.500000000000000000e+01 1.802775637731994607e+01 1.676305461424021104e+01 2.807133769523639799e+01
2.507987240796890660e+01 3.765634076752546378e+01 3.244996147917590434e+01 2.376972864800942631e+01 1.603121954188139853e+01 1.923538406167134340e+01 1.878829422805593552e+01 4.382921400162225467e+01 4.031128874149274566e+01 1.204159457879229578e+01 2.596150997149434048e+01 0.000000000000000000e+00 3.601388621073821383e+01 2.360084744241189370e+01 1.431782106327635340e+01 3.613862199918530393e+01 1.252996408614166768e+01 4.060788100849390503e+01 2.662705391138869615e+01 9.219544457292887074e+00 5.830951894845300743e+00
4.280186911806539030e+01 8.062257748298549132e+00 2.102379604162863913e+01 1.476482306023340030e+01 2.009975124224177989e+01 1.711724276862369010e+01 2.102379604162863913e+01 2.600000000000000000e+01 5.656854249492380582e+00 2.408318915758459156e+01 3.894868418830089496e+01 3.601388621073821383e+01 0.000000000000000000e+00 2.973213749463701205e+01 3.624913792078371699e+01 1.004987562112088995e+01 2.596150997149434048e+01 2.630589287593181069e+01 2.126029162546929996e+01 3.544009029333869876e+01 3.106444913401813324e+01
1.341640786499873883e+01 2.594224354214569317e+01 1.303840481040529831e+01 1.581138830084189628e+01 1.811077027627483460e+01 2.256102834535695578e+01 1.140175425099137918e+01 2.280350850198275836e+01 3.538361202590826338e+01 1.811077027627483460e+01 9.219544457292887074e+00 2.360084744241189370e+01 2.973213749463701205e+01 0.000000000000000000e+00 1.208304597359457233e+01 2.325940669922601600e+01 1.334166406412633421e+01 1.897366596101027625e+01 8.944271909999159220e+00 1.562049935181330795e+01 2.376972864800942631e+01
1.104536101718726115e+01 3.471310991541956525e+01 2.433105012119287736e+01 2.154065922853801496e+01 1.838477631085023489e+01 2.334523505985750447e+01 1.523154621172781731e+01 3.478505426185217431e+01 4.159326868617084472e+01 1.581138830084189628e+01 1.170469991071962568e+01 1.431782106327635340e+01 3.624913792078371699e+01 1.208304597359457233e+01 0.000000000000000000e+00 3.238826948140329165e+01 1.131370849898476116e+01 3.101612483854164637e+01 1.902629759044044633e+01 5.099019513592784492e+00 1.711724276862369010e+01
3.667424164178449786e+01 2.828427124746190291e+00 1.204159457879229578e+01 1.236931687685298087e+01 2.061552812808830382e+01 2.000000000000000000e+01 1.802775637731994607e+01 1.603121954188139853e+01 1.486606874731850603e+01 2.435159132377184221e+01 3.224903099319419653e+01 3.613862199918530393e+01 1.004987562112088995e+01 2.325940669922601600e+01 3.238826948140329165e+01 0.000000000000000000e+00 2.418677324489564739e+01 1.627882059609970611e+01 1.431782106327635340e+01 3.300000000000000000e+01 3.231098884280702066e+01
2.102379604162863913e+01 2.601922366251537611e+01 2.000000000000000000e+01 1.200000000000000000e+01 7.071067811865475505e+00 1.204159457879229578e+01 6.324555320336759046e+00 3.140063693621516450e+01 3.101612483854164637e+01 5.099019513592784492e+00 1.941648783894759944e+01 1.252996408614166768e+01 2.596150997149434048e+01 1.334166406412633421e+01 1.131370849898476116e+01 2.418677324489564739e+01 0.000000000000000000e+00 2.831960451701259274e+01 1.421267040355189515e+01 9.486832980505138124e+00 1.081665382639196871e+01
3.000000000000000000e+01 1.868154169226940553e+01 8.602325267042626677e+00 2.102379604162863913e+01 2.884441020371191300e+01 3.087069808086626210e+01 2.267156809750926882e+01 4.000000000000000000e+00 3.104834939252004844e+01 3.124099870362661591e+01 2.500000000000000000e+01 4.060788100849390503e+01 2.630589287593181069e+01 1.897366596101027625e+01 3.101612483854164637e+01 1.627882059609970611e+01 2.831960451701259274e+01 0.000000000000000000e+00 1.414213562373095101e+01 3.400000000000000000e+01 3.889730067755344578e+01
2.236067977499789805e+01 1.700000000000000000e+01 5.830951894845300743e+00 9.055385138137417300e+00 1.523154621172781731e+01 1.824828759089465890e+01 8.602325267042626677e+00 1.720465053408525335e+01 2.690724809414741969e+01 1.720465053408525335e+01 1.802775637731994607e+01 2.662705391138869615e+01 2.126029162546929996e+01 8.944271909999159220e+00 1.902629759044044633e+01 1.431782106327635340e+01 1.421267040355189515e+01 1.414213562373095101e+01 0.000000000000000000e+00 2.088061301782110135e+01 2.475883680627989492e+01
1.600000000000000000e+01 3.505709628591620941e+01 2.657066051117284644e+01 2.121320343559642652e+01 1.612451549659709826e+01 2.080865204668481283e+01 1.503329637837290811e+01 3.757658845611187104e+01 4.049691346263317371e+01 1.280624847486569706e+01 1.676305461424021104e+01 9.219544457292887074e+00 3.544009029333869876e+01 1.562049935181330795e+01 5.099019513592784492e+00 3.300000000000000000e+01 9.486832980505138124e+00 3.400000000000000000e+01 2.088061301782110135e+01 0.000000000000000000e+00 1.236931687685298087e+01
2.816025568065744622e+01 3.352610922848042208e+01 3.041381265149109936e+01 2.012461179749810825e+01 1.170469991071962568e+01 1.400000000000000000e+01 1.627882059609970611e+01 4.177319714841084419e+01 3.505709628591620941e+01 8.062257748298549132e+00 2.807133769523639799e+01 5.830951894845300743e+00 3.106444913401813324e+01 2.376972864800942631e+01 1.711724276862369010e+01 3.231098884280702066e+01 1.081665382639196871e+01 3.889730067755344578e+01 2.475883680627989492e+01 1.236931687685298087e+01 0.000000000000000000e+00
