0.000000000000000000e+00 4.272001872658765365e+01 1.627882059609970611e+01 2.617250465660480074e+01 2.531797780234432693e+01 3.330165161069342616e+01 5.200961449578337437e+01 3.560898762952971452e+01 3.114482300479487265e+01 3.257299494980465937e+01 4.527692569068708650e+01 4.237924020083418242e+01 2.420743687382040932e+01 7.211102550927978250e+00 4.810405388322277531e+01 1.627882059609970611e+01 3.354101966249684352e+01 4.327817001676480402e+01 3.195309061734091571e+01 2.765863337187866122e+01 3.721558813185679071e+01 4.429446918070020445e+01 3.807886552931954327e+01 3.036445290137795183e+01 4.951767361255978983e+01
4.272001872658765365e+01 0.000000000000000000e+00 2.901723625709381693e+01 2.280350850198275836e+01 3.921734310225515685e+01 1.886796226411320632e+01 2.000000000000000000e+01 2.483948469674844262e+01 4.248529157249600274e+01 3.635931792539568619e+01 8.062257748298549132e+00 3.889730067755344578e+01 2.692582403567251959e+01 3.590264614203248072e+01 2.435159132377184221e+01 3.820994634908559817e+01 4.081666326391709987e+01 2.469817807045693669e+01 3.498571136907180090e+01 1.523154621172781731e+01 1.649242250247064234e+01 3.360059523282288296e+01 6.708203932499369415e+00 1.236931687685298087e+01 2.256102834535695578e+01
1.627882059609970611e+01 2.901723625709381693e+01 0.000000000000000000e+00 9.899494936611665352e+00 1.612451549659709826e+01 1.702938636592640265e+01 3.580502757993631491e+01 1.972308292331602075e+01 2.193171219946130890e+01 2.009975124224177989e+01 3.354101966249684352e+01 2.906888370749726747e+01 8.544003745317530374e+00 9.219544457292887074e+00 3.189043743820394994e+01 1.029563014098700080e+01 2.280350850198275836e+01 2.720294101747088789e+01 1.902629759044044633e+01 1.581138830084189628e+01 2.915475947422650194e+01 2.941088233970548416e+01 2.334523505985750447e+01 1.711724276862369010e+01 3.324154027718932269e+01
2.617250465660480074e+01 2.280350850198275836e+01 9.899494936611665352e+00 0.000000000000000000e+00 1.655294535724684835e+01 7.211102550927978250e+00 2.607680962081059661e+01 1.044030650891055068e+01 2.061552812808830382e+01 1.581138830084189628e+01 2.906888370749726747e+01 2.256102834535695578e+01 4.123105625617660586e+00 1.910497317454279909e+01 2.202271554554523902e+01 1.612451549659709826e+01 1.984943324127920761e+01 1.749285568453590045e+01 1.442220510185595650e+01 1.442220510185595650e+01 2.842534080710379030e+01 2.109502310972898798e+01 1.627882059609970611e+01 1.345362404707370985e+01 2.334523505985750447e+01
2.531797780234432693e+01 3.921734310225515685e+01 1.612451549659709826e+01 1.655294535724684835e+01 0.000000000000000000e+00 2.121320343559642652e+01 3.765634076752546378e+01 1.824828759089465890e+01 6.082762530298219339e+00 8.485281374238569541e+00 4.561797891182817466e+01 1.802775637731994607e+01 1.252996408614166768e+01 2.109502310972898798e+01 3.067572330035593353e+01 9.055385138137417300e+00 8.246211251235321171e+00 2.529822128134703618e+01 8.602325267042626677e+00 2.983286778035259701e+01 4.393176527297759293e+01 2.202271554554523902e+01 3.257299494980465937e+01 2.968164415931165934e+01 3.324154027718932269e+01
3.330165161069342616e+01 1.886796226411320632e+01 1.702938636592640265e+01 7.211102550927978250e+00 2.121320343559642652e+01 0.000000000000000000e+00 1.886796226411320632e+01 6.708203932499369415e+00 2.376972864800942631e+01 1.749285568453590045e+01 2.624880949681337583e+01 2.109502310972898798e+01 1.044030650891055068e+01 2.617250465660480074e+01 1.526433752247374720e+01 2.280350850198275836e+01 2.195449840010014952e+01 1.140175425099137918e+01 1.612451549659709826e+01 1.612451549659709826e+01 2.863564212655270680e+01 1.746424919657297892e+01 1.220655561573370207e+01 1.360147050873544394e+01 1.627882059609970611e+01
5.200961449578337437e+01 2.000000000000000000e+01 3.580502757993631491e+01 2.607680962081059661e+01 3.765634076752546378e+01 1.886796226411320632e+01 0.000000000000000000e+00 1.941648783894759944e+01 3.801315561749642313e+01 3.101612483854164637e+01 2.729468812791236232e+01 2.816025568065744622e+01 2.906888370749726747e+01 4.482186966202993972e+01 8.544003745317530374e+00 4.123105625617660763e+01 3.501428280002319582e+01 1.303840481040529831e+01 3.006659275674581622e+01 2.952964612046680060e+01 3.622154055254966920e+01 2.118962010041709121e+01 1.802775637731994607e+01 2.594224354214569317e+01 5.385164807134503739e+00
3.560898762952971452e+01 2.483948469674844262e+01 1.972308292331602075e+01 1.044030650891055068e+01 1.824828759089465890e+01 6.708203932499369415e+00 1.941648783894759944e+01 0.000000000000000000e+00 1.923538406167134340e+01 1.236931687685298087e+01 3.252691193458118590e+01 1.442220510185595650e+01 1.140175425099137918e+01 2.884441020371191300e+01 1.303840481040529831e+01 2.247220505424423109e+01 1.676305461424021104e+01 7.810249675906653977e+00 1.118033988749894903e+01 2.256102834535695578e+01 3.534119409414458346e+01 1.104536101718726115e+01 1.838477631085023489e+01 2.024845673131658685e+01 1.523154621172781731e+01
3.114482300479487265e+01 4.248529157249600274e+01 2.193171219946130890e+01 2.061552812808830382e+01 6.082762530298219339e+00 2.376972864800942631e+01 3.801315561749642313e+01 1.923538406167134340e+01 0.000000000000000000e+00 7.000000000000000000e+00 4.939635614091387339e+01 1.421267040355189515e+01 1.697056274847713908e+01 2.716615541441224835e+01 3.026549190084311292e+01 1.500000000000000000e+01 3.605551275463989125e+00 2.507987240796890660e+01 8.062257748298549132e+00 3.465544690232691494e+01 4.879549159502340672e+01 1.969771560359220786e+01 3.577708763999663688e+01 3.405877273185280529e+01 3.313608305156178346e+01
3.257299494980465937e+01 3.635931792539568619e+01 2.009975124224177989e+01 1.581138830084189628e+01 8.485281374238569541e+00 1.749285568453590045e+01 3.101612483854164637e+01 1.236931687685298087e+01 7.000000000000000000e+00 0.000000000000000000e+00 4.360045871318327926e+01 9.848857801796103928e+00 1.300000000000000000e+01 2.729468812791236232e+01 2.334523505985750447e+01 1.655294535724684835e+01 4.472135954999579610e+00 1.811077027627483460e+01 1.414213562373095145e+00 3.023243291566194912e+01 4.420407221060068537e+01 1.360147050873544394e+01 2.968164415931165934e+01 2.906888370749726747e+01 2.617250465660480074e+01
4.527692569068708650e+01 8.062257748298549132e+00 3.354101966249684352e+01 2.906888370749726747e+01 4.561797891182817466e+01 2.624880949681337583e+01 2.729468812791236232e+01 3.252691193458118590e+01 4.939635614091387339e+01 4.360045871318327926e+01 0.000000000000000000e+00 4.675467891024383960e+01 3.310589071449369669e+01 3.901281840626231912e+01 3.231098884280702066e+01 4.341658669218482203e+01 4.801041553663121420e+01 3.275667870831839679e+01 4.220189569201838253e+01 1.802775637731994607e+01 1.204159457879229578e+01 4.161730409336962566e+01 1.414213562373095101e+01 1.649242250247064234e+01 3.036445290137795183e+01
4.237924020083418242e+01 3.889730067755344578e+01 2.906888370749726747e+01 2.256102834535695578e+01 1.802775637731994607e+01 2.109502310972898798e+01 2.816025568065744622e+01 1.442220510185595650e+01 1.421267040355189515e+01 9.848857801796103928e+00 4.675467891024383960e+01 0.000000000000000000e+00 2.102379604162863913e+01 3.687817782917154830e+01 1.964688270438849926e+01 2.640075756488817049e+01 1.063014581273464998e+01 1.565247584249852864e+01 1.044030650891055068e+01 3.640054944640259293e+01 4.964876634922563881e+01 7.071067811865475505e+00 3.264965543462901820e+01 3.443835071544512516e+01 2.280350850198275836e+01
2.420743687382040932e+01 2.692582403567251959e+01 8.544003745317530374e+00 4.123105625617660586e+00 1.252996408614166768e+01 1.044030650891055068e+01 2.906888370749726747e+01 1.140175425099137918e+01 1.697056274847713908e+01 1.300000000000000000e+01 3.310589071449369669e+01 2.102379604162863913e+01 0.000000000000000000e+00 1.749285568453590045e+01 2.408318915758459156e+01 1.236931687685298087e+01 1.664331697709323876e+01 1.910497317454279909e+01 1.170469991071962568e+01 1.769180601295413169e+01 3.182766092567909766e+01 2.088061301782110135e+01 2.039607805437113797e+01 1.720465053408525335e+01 2.580697580112788003e+01
7.211102550927978250e+00 3.590264614203248072e+01 9.219544457292887074e+00 1.910497317454279909e+01 2.109502310972898798e+01 2.617250465660480074e+01 4.482186966202993972e+01 2.884441020371191300e+01 2.716615541441224835e+01 2.729468812791236232e+01 3.901281840626231912e+01 3.687817782917154830e+01 1.749285568453590045e+01 0.000000000000000000e+00 4.110960958218893069e+01 1.236931687685298087e+01 2.900000000000000000e+01 3.640054944640259293e+01 2.647640458974745314e+01 2.109502310972898798e+01 3.201562118716424266e+01 3.807886552931954327e+01 3.101612483854164637e+01 2.353720459187963954e+01 4.242640687119285303e+01
4.810405388322277531e+01 2.435159132377184221e+01 3.189043743820394994e+01 2.202271554554523902e+01 3.067572330035593353e+01 1.526433752247374720e+01 8.544003745317530374e+00 1.303840481040529831e+01 3.026549190084311292e+01 2.334523505985750447e+01 3.231098884280702066e+01 1.964688270438849926e+01 2.408318915758459156e+01 4.110960958218893069e+01 0.000000000000000000e+00 3.551056180912940619e+01 2.707397274136176790e+01 5.385164807134503739e+00 2.256102834535695578e+01 2.961418578992169515e+01 3.920459156782531807e+01 1.264911064067351809e+01 2.009975124224177989e+01 2.630589287593181069e+01 3.162277660168379523e+00
1.627882059609970611e+01 3.820994634908559817e+01 1.029563014098700080e+01 1.612451549659709826e+01 9.055385138137417300e+00 2.280350850198275836e+01 4.123105625617660763e+01 2.247220505424423109e+01 1.500000000000000000e+01 1.655294535724684835e+01 4.341658669218482203e+01 2.640075756488817049e+01 1.236931687685298087e+01 1.236931687685298087e+01 3.551056180912940619e+01 0.000000000000000000e+00 1.726267650163206824e+01 3.023243291566194912e+01 1.612451549659709826e+01 2.600000000000000000e+01 3.944616584663204151e+01 2.920616373302046753e+01 3.201562118716424266e+01 2.692582403567251959e+01 3.758989225842500304e+01
3.354101966249684352e+01 4.081666326391709987e+01 2.280350850198275836e+01 1.984943324127920761e+01 8.246211251235321171e+00 2.195449840010014952e+01 3.501428280002319582e+01 1.676305461424021104e+01 3.605551275463989125e+00 4.472135954999579610e+00 4.801041553663121420e+01 1.063014581273464998e+01 1.664331697709323876e+01 2.900000000000000000e+01 2.707397274136176790e+01 1.726267650163206824e+01 0.000000000000000000e+00 2.200000000000000000e+01 5.830951894845300743e+00 3.420526275297414287e+01 4.827007354458868349e+01 1.615549442140351033e+01 3.413209633175202384e+01 3.324154027718932269e+01 3.001666203960726875e+01
4.327817001676480402e+01 2.469817807045693669e+01 2.720294101747088789e+01 1.749285568453590045e+01 2.529822128134703618e+01 1.140175425099137918e+01 1.303840481040529831e+01 7.810249675906653977e+00 2.507987240796890660e+01 1.811077027627483460e+01 3.275667870831839679e+01 1.565247584249852864e+01 1.910497317454279909e+01 3.640054944640259293e+01 5.385164807134503739e+00 3.023243291566194912e+01 2.200000000000000000e+01 0.000000000000000000e+00 1.726267650163206824e+01 2.701851217221259205e+01 3.807886552931954327e+01 9.219544457292887074e+00 1.931320791582796659e+01 2.402082429892862692e+01 8.062257748298549132e+00
3.195309061734091571e+01 3.498571136907180090e+01 1.902629759044044633e+01 1.442220510185595650e+01 8.602325267042626677e+00 1.612451549659709826e+01 3.006659275674581622e+01 1.118033988749894903e+01 8.062257748298549132e+00 1.414213562373095145e+00 4.220189569201838253e+01 1.044030650891055068e+01 1.170469991071962568e+01 2.647640458974745314e+01 2.256102834535695578e+01 1.612451549659709826e+01 5.830951894845300743e+00 1.726267650163206824e+01 0.000000000000000000e+00 2.884441020371191300e+01 4.280186911806539030e+01 1.345362404707370985e+01 2.830194339616981125e+01 2.765863337187866122e+01 2.531797780234432693e+01
2.765863337187866122e+01 1.523154621172781731e+01 1.581138830084189628e+01 1.442220510185595650e+01 2.983286778035259701e+01 1.612451549659709826e+01 2.952964612046680060e+01 2.256102834535695578e+01 3.465544690232691494e+01 3.023243291566194912e+01 1.802775637731994607e+01 3.640054944640259293e+01 1.769180601295413169e+01 2.109502310972898798e+01 2.961418578992169515e+01 2.600000000000000000e+01 3.420526275297414287e+01 2.701851217221259205e+01 2.884441020371191300e+01 0.000000000000000000e+00 1.414213562373095101e+01 3.354101966249684352e+01 1.204159457879229578e+01 3.605551275463989125e+00 2.941088233970548416e+01
3.721558813185679071e+01 1.649242250247064234e+01 2.915475947422650194e+01 2.842534080710379030e+01 4.393176527297759293e+01 2.863564212655270680e+01 3.622154055254966920e+01 3.534119409414458346e+01 4.879549159502340672e+01 4.420407221060068537e+01 1.204159457879229578e+01 4.964876634922563881e+01 3.182766092567909766e+01 3.201562118716424266e+01 3.920459156782531807e+01 3.944616584663204151e+01 4.827007354458868349e+01 3.807886552931954327e+01 4.280186911806539030e+01 1.414213562373095101e+01 0.000000000000000000e+00 4.588027898781784586e+01 1.910497317454279909e+01 1.526433752247374720e+01 3.801315561749642313e+01
4.429446918070020445e+01 3.360059523282288296e+01 2.941088233970548416e+01 2.109502310972898798e+01 2.202271554554523902e+01 1.746424919657297892e+01 2.118962010041709121e+01 1.104536101718726115e+01 1.969771560359220786e+01 1.360147050873544394e+01 4.161730409336962566e+01 7.071067811865475505e+00 2.088061301782110135e+01 3.807886552931954327e+01 1.264911064067351809e+01 2.920616373302046753e+01 1.615549442140351033e+01 9.219544457292887074e+00 1.345362404707370985e+01 3.354101966249684352e+01 4.588027898781784586e+01 0.000000000000000000e+00 2.778488797889960793e+01 3.104834939252004844e+01 1.581138830084189628e+01
3.807886552931954327e+01 6.708203932499369415e+00 2.334523505985750447e+01 1.627882059609970611e+01 3.257299494980465937e+01 1.220655561573370207e+01 1.802775637731994607e+01 1.838477631085023489e+01 3.577708763999663688e+01 2.968164415931165934e+01 1.414213562373095101e+01 3.264965543462901820e+01 2.039607805437113797e+01 3.101612483854164637e+01 2.009975124224177989e+01 3.201562118716424266e+01 3.413209633175202384e+01 1.931320791582796659e+01 2.830194339616981125e+01 1.204159457879229578e+01 1.910497317454279909e+01 2.778488797889960793e+01 0.000000000000000000e+00 8.485281374238569541e+00 1.902629759044044633e+01
3.036445290137795183e+01 1.236931687685298087e+01 1.711724276862369010e+01 1.345362404707370985e+01 2.968164415931165934e+01 1.360147050873544394e+01 2.594224354214569317e+01 2.024845673131658685e+01 3.405877273185280529e+01 2.906888370749726747e+01 1.649242250247064234e+01 3.443835071544512516e+01 1.720465053408525335e+01 2.353720459187963954e+01 2.630589287593181069e+01 2.692582403567251959e+01 3.324154027718932269e+01 2.402082429892862692e+01 2.765863337187866122e+01 3.605551275463989125e+00 1.526433752247374720e+01 3.104834939252004844e+01 8.485281374238569541e+00 0.000000000000000000e+00 2.596150997149434048e+01
4.951767361255978983e+01 2.256102834535695578e+01 3.324154027718932269e+01 2.334523505985750447e+01 3.324154027718932269e+01 1.627882059609970611e+01 5.385164807134503739e+00 1.523154621172781731e+01 3.313608305156178346e+01 2.617250465660480074e+01 3.036445290137795183e+01 2.280350850198275836e+01 2.580697580112788003e+01 4.242640687119285303e+01 3.162277660168379523e+00 3.758989225842500304e+01 3.001666203960726875e+01 8.062257748298549132e+00 2.531797780234432693e+01 2.941088233970548416e+01 3.801315561749642313e+01 1.581138830084189628e+01 1.902629759044044633e+01 2.596150997149434048e+01 0.000000000000000000e+00
