0.000000000000000000e+00 4.341658669218482203e+01 2.596150997149434048e+01 2.451530134426252516e+01 3.041381265149109936e+01 2.408318915758459156e+01 2.773084924772409465e+01 1.581138830084189628e+01 3.827531841800927737e+01 6.708203932499369415e+00 1.664331697709323876e+01 1.118033988749894903e+01 2.267156809750926882e+01 2.720294101747088789e+01 2.300000000000000000e+01 2.308679276123039159e+01 8.062257748298549132e+00 3.820994634908559817e+01 2.080865204668481283e+01 3.959797974644666141e+01 3.962322551231790158e+01 5.000000000000000000e+00 3.255764119219941222e+01 3.471310991541956525e+01 4.301162633521313694e+01 4.428317965096906050e+01 2.555386467836127551e+01 3.794733192202055250e+01
4.341658669218482203e+01 0.000000000000000000e+00 1.802775637731994607e+01 4.204759208325727826e+01 2.580697580112788003e+01 2.692582403567251959e+01 3.635931792539568619e+01 2.801785145224380003e+01 1.860107523773827509e+01 4.600000000000000000e+01 3.492849839314595783e+01 4.527692569068708650e+01 3.008321791298264714e+01 3.138470965295043058e+01 2.088061301782110135e+01 4.438468204234429493e+01 4.404543109109047805e+01 2.500000000000000000e+01 2.668332812825266842e+01 2.662705391138869615e+01 4.123105625617660586e+00 4.004996878900157498e+01 1.100000000000000000e+01 2.828427124746190202e+01 7.280109889280518054e+00 1.334166406412633421e+01 2.213594362117865444e+01 9.219544457292887074e+00
2.596150997149434048e+01 1.802775637731994607e+01 0.000000000000000000e+00 2.624880949681337583e+01 1.431782106327635340e+01 1.140175425099137918e+01 2.220360331117451835e+01 1.019803902718556898e+01 1.565247584249852864e+01 2.801785145224380003e+01 1.746424919657297892e+01 2.729468812791236232e+01 1.414213562373095101e+01 1.749285568453590045e+01 7.280109889280518054e+00 2.801785145224380003e+01 2.601922366251537611e+01 1.923538406167134340e+01 9.433981132056603158e+00 2.121320343559642652e+01 1.400000000000000000e+01 2.220360331117451835e+01 7.071067811865475505e+00 1.910497317454279909e+01 1.708800749063506075e+01 1.920937271229854559e+01 6.708203932499369415e+00 1.208304597359457233e+01
2.451530134426252516e+01 4.204759208325727826e+01 2.624880949681337583e+01 0.000000000000000000e+00 1.726267650163206824e+01 1.526433752247374720e+01 7.071067811865475505e+00 2.147091055358388800e+01 2.716615541441224835e+01 1.969771560359220786e+01 1.077032961426900748e+01 1.476482306023340030e+01 1.220655561573370207e+01 1.118033988749894903e+01 3.000000000000000000e+01 3.162277660168379523e+00 1.708800749063506075e+01 2.308679276123039159e+01 1.697056274847713908e+01 2.334523505985750447e+01 3.801315561749642313e+01 2.009975124224177989e+01 3.244996147917590434e+01 1.811077027627483460e+01 3.764306044943742080e+01 3.535533905932737753e+01 2.024845673131658685e+01 3.324154027718932269e+01
3.041381265149109936e+01 2.580697580112788003e+01 1.431782106327635340e+01 1.726267650163206824e+01 0.000000000000000000e+00 6.403124237432848531e+00 1.077032961426900748e+01 1.746424919657297892e+01 1.000000000000000000e+01 2.915475947422650194e+01 1.476482306023340030e+01 2.600000000000000000e+01 8.062257748298549132e+00 6.082762530298219339e+00 2.102379604162863913e+01 2.009975124224177989e+01 2.641968962724581260e+01 7.810249675906653977e+00 1.029563014098700080e+01 9.219544457292887074e+00 2.202271554554523902e+01 2.549509756796392423e+01 1.802775637731994607e+01 5.099019513592784492e+00 2.061552812808830382e+01 1.811077027627483460e+01 8.000000000000000000e+00 1.664331697709323876e+01
2.408318915758459156e+01 2.692582403567251959e+01 1.140175425099137918e+01 1.526433752247374720e+01 6.403124237432848531e+00 0.000000000000000000e+00 1.081665382639196871e+01 1.140175425099137918e+01 1.486606874731850603e+01 2.325940669922601600e+01 9.219544457292887074e+00 2.061552812808830382e+01 3.162277660168379523e+00 6.324555320336759046e+00 1.676305461424021104e+01 1.746424919657297892e+01 2.061552812808830382e+01 1.414213562373095101e+01 4.123105625617660586e+00 1.562049935181330795e+01 2.284731931759172596e+01 1.920937271229854559e+01 1.720465053408525335e+01 1.118033988749894903e+01 2.319482700948640286e+01 2.220360331117451835e+01 5.000000000000000000e+00 1.843908891458577415e+01
2.773084924772409465e+01 3.635931792539568619e+01 2.220360331117451835e+01 7.071067811865475505e+00 1.077032961426900748e+01 1.081665382639196871e+01 0.000000000000000000e+00 2.022374841615668473e+01 2.039607805437113797e+01 2.420743687382040932e+01 1.140175425099137918e+01 1.979898987322333070e+01 8.544003745317530374e+00 5.000000000000000000e+00 2.731300056749532601e+01 1.019803902718556898e+01 2.140093455903269515e+01 1.603121954188139853e+01 1.392838827718411920e+01 1.627882059609970611e+01 3.244996147917590434e+01 2.284731931759172596e+01 2.758622844826744469e+01 1.104536101718726115e+01 3.138470965295043058e+01 2.863564212655270680e+01 1.562049935181330795e+01 2.729468812791236232e+01
1.581138830084189628e+01 2.801785145224380003e+01 1.019803902718556898e+01 2.147091055358388800e+01 1.746424919657297892e+01 1.140175425099137918e+01 2.022374841615668473e+01 0.000000000000000000e+00 2.334523505985750447e+01 1.802775637731994607e+01 1.081665382639196871e+01 1.802775637731994607e+01 1.200000000000000000e+01 1.702938636592640265e+01 9.433981132056603158e+00 2.220360331117451835e+01 1.627882059609970611e+01 2.469817807045693669e+01 7.280109889280518054e+00 2.641968962724581260e+01 2.408318915758459156e+01 1.204159457879229578e+01 1.702938636592640265e+01 2.247220505424423109e+01 2.720294101747088789e+01 2.865309756378880479e+01 1.063014581273464998e+01 2.213594362117865444e+01
3.827531841800927737e+01 1.860107523773827509e+01 1.565247584249852864e+01 2.716615541441224835e+01 1.000000000000000000e+01 1.486606874731850603e+01 2.039607805437113797e+01 2.334523505985750447e+01 0.000000000000000000e+00 3.807886552931954327e+01 2.404163056034261459e+01 3.544009029333869876e+01 1.746424919657297892e+01 1.603121954188139853e+01 2.284731931759172596e+01 3.006659275674581622e+01 3.546829570193639825e+01 6.403124237432848531e+00 1.749285568453590045e+01 8.062257748298549132e+00 1.565247584249852864e+01 3.361547262794321966e+01 1.500000000000000000e+01 1.029563014098700080e+01 1.204159457879229578e+01 8.246211251235321171e+00 1.280624847486569706e+01 9.848857801796103928e+00
6.708203932499369415e+00 4.600000000000000000e+01 2.801785145224380003e+01 1.969771560359220786e+01 2.915475947422650194e+01 2.325940669922601600e+01 2.420743687382040932e+01 1.802775637731994607e+01 3.807886552931954327e+01 0.000000000000000000e+00 1.442220510185595650e+01 5.099019513592784492e+00 2.109502310972898798e+01 2.483948469674844262e+01 2.668332812825266842e+01 1.772004514666934938e+01 2.828427124746190291e+00 3.689173349139343117e+01 2.088061301782110135e+01 3.801315561749642313e+01 4.201190307520000999e+01 6.324555320336759046e+00 3.500000000000000000e+01 3.280243893371345365e+01 4.455333881989092504e+01 4.492215489043240240e+01 2.596150997149434048e+01 3.945883931389771959e+01
1.664331697709323876e+01 3.492849839314595783e+01 1.746424919657297892e+01 1.077032961426900748e+01 1.476482306023340030e+01 9.219544457292887074e+00 1.140175425099137918e+01 1.081665382639196871e+01 2.404163056034261459e+01 1.442220510185595650e+01 0.000000000000000000e+00 1.140175425099137918e+01 6.708203932499369415e+00 1.063014581273464998e+01 1.979898987322333070e+01 1.140175425099137918e+01 1.166190378969060149e+01 2.247220505424423109e+01 8.246211251235321171e+00 2.360084744241189370e+01 3.080584360149872580e+01 1.166190378969060149e+01 2.435159132377184221e+01 1.843908891458577415e+01 3.201562118716424266e+01 3.140063693621516450e+01 1.303840481040529831e+01 2.707397274136176790e+01
1.118033988749894903e+01 4.527692569068708650e+01 2.729468812791236232e+01 1.476482306023340030e+01 2.600000000000000000e+01 2.061552812808830382e+01 1.979898987322333070e+01 1.802775637731994607e+01 3.544009029333869876e+01 5.099019513592784492e+00 1.140175425099137918e+01 0.000000000000000000e+00 1.802775637731994607e+01 2.109502310972898798e+01 2.731300056749532601e+01 1.264911064067351809e+01 3.162277660168379523e+00 3.354101966249684352e+01 1.902629759044044633e+01 3.448187929913333249e+01 4.119465984809195902e+01 8.602325267042626677e+00 3.436568055487916240e+01 2.915475947422650194e+01 4.304648650006176780e+01 4.275511665286389729e+01 2.408318915758459156e+01 3.801315561749642313e+01
2.267156809750926882e+01 3.008321791298264714e+01 1.414213562373095101e+01 1.220655561573370207e+01 8.062257748298549132e+00 3.162277660168379523e+00 8.544003745317530374e+00 1.200000000000000000e+01 1.746424919657297892e+01 2.109502310972898798e+01 6.708203932499369415e+00 1.802775637731994607e+01 0.000000000000000000e+00 5.099019513592784492e+00 1.878829422805593552e+01 1.431782106327635340e+01 1.835755975068581947e+01 1.581138830084189628e+01 5.385164807134503739e+00 1.702938636592640265e+01 2.600000000000000000e+01 1.769180601295413169e+01 2.024845673131658685e+01 1.204159457879229578e+01 2.630589287593181069e+01 2.507987240796890660e+01 8.062257748298549132e+00 2.158703314492290204e+01
2.720294101747088789e+01 3.138470965295043058e+01 1.749285568453590045e+01 1.118033988749894903e+01 6.082762530298219339e+00 6.324555320336759046e+00 5.000000000000000000e+00 1.702938636592640265e+01 1.603121954188139853e+01 2.483948469674844262e+01 1.063014581273464998e+01 2.109502310972898798e+01 5.099019513592784492e+00 0.000000000000000000e+00 2.308679276123039159e+01 1.403566884761819900e+01 2.202271554554523902e+01 1.264911064067351809e+01 1.004987562112088995e+01 1.341640786499873883e+01 2.745906043549196340e+01 2.220360331117451835e+01 2.262741699796952233e+01 8.062257748298549132e+00 2.657066051117284644e+01 2.418677324489564739e+01 1.081665382639196871e+01 2.236067977499789805e+01
2.300000000000000000e+01 2.088061301782110135e+01 7.280109889280518054e+00 3.000000000000000000e+01 2.102379604162863913e+01 1.676305461424021104e+01 2.731300056749532601e+01 9.433981132056603158e+00 2.284731931759172596e+01 2.668332812825266842e+01 1.979898987322333070e+01 2.731300056749532601e+01 1.878829422805593552e+01 2.308679276123039159e+01 0.000000000000000000e+00 3.114482300479487265e+01 2.529822128134703618e+01 2.647640458974745314e+01 1.341640786499873883e+01 2.844292530665578411e+01 1.746424919657297892e+01 2.039607805437113797e+01 1.081665382639196871e+01 2.600000000000000000e+01 2.220360331117451835e+01 2.549509756796392423e+01 1.303840481040529831e+01 1.769180601295413169e+01
2.308679276123039159e+01 4.438468204234429493e+01 2.801785145224380003e+01 3.162277660168379523e+00 2.009975124224177989e+01 1.746424919657297892e+01 1.019803902718556898e+01 2.220360331117451835e+01 3.006659275674581622e+01 1.772004514666934938e+01 1.140175425099137918e+01 1.264911064067351809e+01 1.431782106327635340e+01 1.403566884761819900e+01 3.114482300479487265e+01 0.000000000000000000e+00 1.529705854077835525e+01 2.617250465660480074e+01 1.860107523773827509e+01 2.647640458974745314e+01 4.031128874149274566e+01 1.902629759044044633e+01 3.448187929913333249e+01 2.121320343559642652e+01 4.026164427839479032e+01 3.820994634908559817e+01 2.236067977499789805e+01 3.573513677041127323e+01
8.062257748298549132e+00 4.404543109109047805e+01 2.601922366251537611e+01 1.708800749063506075e+01 2.641968962724581260e+01 2.061552812808830382e+01 2.140093455903269515e+01 1.627882059609970611e+01 3.546829570193639825e+01 2.828427124746190291e+00 1.166190378969060149e+01 3.162277660168379523e+00 1.835755975068581947e+01 2.202271554554523902e+01 2.529822128134703618e+01 1.529705854077835525e+01 0.000000000000000000e+00 3.413209633175202384e+01 1.843908891458577415e+01 3.522782990761707111e+01 4.001249804748510996e+01 5.656854249492380582e+00 3.306055050963308162e+01 3.000000000000000000e+01 4.229657196511320194e+01 4.244997055358224713e+01 2.353720459187963954e+01 3.721558813185679071e+01
3.820994634908559817e+01 2.500000000000000000e+01 1.923538406167134340e+01 2.308679276123039159e+01 7.810249675906653977e+00 1.414213562373095101e+01 1.603121954188139853e+01 2.469817807045693669e+01 6.403124237432848531e+00 3.689173349139343117e+01 2.247220505424423109e+01 3.354101966249684352e+01 1.581138830084189628e+01 1.264911064067351809e+01 2.647640458974745314e+01 2.617250465660480074e+01 3.413209633175202384e+01 0.000000000000000000e+00 1.780449381476485726e+01 2.000000000000000000e+00 2.195449840010014952e+01 3.330165161069342616e+01 2.039607805437113797e+01 5.000000000000000000e+00 1.838477631085023489e+01 1.389244398944980396e+01 1.431782106327635340e+01 1.612451549659709826e+01
2.080865204668481283e+01 2.668332812825266842e+01 9.433981132056603158e+00 1.697056274847713908e+01 1.029563014098700080e+01 4.123105625617660586e+00 1.392838827718411920e+01 7.280109889280518054e+00 1.749285568453590045e+01 2.088061301782110135e+01 8.246211251235321171e+00 1.902629759044044633e+01 5.385164807134503739e+00 1.004987562112088995e+01 1.341640786499873883e+01 1.860107523773827509e+01 1.843908891458577415e+01 1.780449381476485726e+01 0.000000000000000000e+00 1.941648783894759944e+01 2.256102834535695578e+01 1.612451549659709826e+01 1.615549442140351033e+01 1.523154621172781731e+01 2.402082429892862692e+01 2.404163056034261459e+01 5.099019513592784492e+00 1.900000000000000000e+01
3.959797974644666141e+01 2.662705391138869615e+01 2.121320343559642652e+01 2.334523505985750447e+01 9.219544457292887074e+00 1.562049935181330795e+01 1.627882059609970611e+01 2.641968962724581260e+01 8.062257748298549132e+00 3.801315561749642313e+01 2.360084744241189370e+01 3.448187929913333249e+01 1.702938636592640265e+01 1.341640786499873883e+01 2.844292530665578411e+01 2.647640458974745314e+01 3.522782990761707111e+01 2.000000000000000000e+00 1.941648783894759944e+01 0.000000000000000000e+00 2.370653918225939449e+01 3.465544690232691494e+01 2.236067977499789805e+01 5.385164807134503739e+00 1.984943324127920761e+01 1.500000000000000000e+01 1.615549442140351033e+01 1.788854381999831844e+01
3.962322551231790158e+01 4.123105625617660586e+00 1.400000000000000000e+01 3.801315561749642313e+01 2.202271554554523902e+01 2.284731931759172596e+01 3.244996147917590434e+01 2.408318915758459156e+01 1.565247584249852864e+01 4.201190307520000999e+01 3.080584360149872580e+01 4.119465984809195902e+01 2.600000000000000000e+01 2.745906043549196340e+01 1.746424919657297892e+01 4.031128874149274566e+01 4.001249804748510996e+01 2.195449840010014952e+01 2.256102834535695578e+01 2.370653918225939449e+01 0.000000000000000000e+00 3.612478373637688378e+01 7.071067811865475505e+00 2.483948469674844262e+01 6.324555320336759046e+00 1.204159457879229578e+01 1.802775637731994607e+01 5.830951894845300743e+00
5.000000000000000000e+00 4.004996878900157498e+01 2.220360331117451835e+01 2.009975124224177989e+01 2.549509756796392423e+01 1.920937271229854559e+01 2.284731931759172596e+01 1.204159457879229578e+01 3.361547262794321966e+01 6.324555320336759046e+00 1.166190378969060149e+01 8.602325267042626677e+00 1.769180601295413169e+01 2.220360331117451835e+01 2.039607805437113797e+01 1.902629759044044633e+01 5.656854249492380582e+00 3.330165161069342616e+01 1.612451549659709826e+01 3.465544690232691494e+01 3.612478373637688378e+01 0.000000000000000000e+00 2.906888370749726747e+01 2.973213749463701205e+01 3.905124837953326988e+01 3.992492955535426091e+01 2.102379604162863913e+01 3.395585369269929288e+01
3.255764119219941222e+01 1.100000000000000000e+01 7.071067811865475505e+00 3.244996147917590434e+01 1.802775637731994607e+01 1.720465053408525335e+01 2.758622844826744469e+01 1.702938636592640265e+01 1.500000000000000000e+01 3.500000000000000000e+01 2.435159132377184221e+01 3.436568055487916240e+01 2.024845673131658685e+01 2.262741699796952233e+01 1.081665382639196871e+01 3.448187929913333249e+01 3.306055050963308162e+01 2.039607805437113797e+01 1.615549442140351033e+01 2.236067977499789805e+01 7.071067811865475505e+00 2.906888370749726747e+01 0.000000000000000000e+00 2.193171219946130890e+01 1.140175425099137918e+01 1.526433752247374720e+01 1.220655561573370207e+01 7.211102550927978250e+00
3.471310991541956525e+01 2.828427124746190202e+01 1.910497317454279909e+01 1.811077027627483460e+01 5.099019513592784492e+00 1.118033988749894903e+01 1.104536101718726115e+01 2.247220505424423109e+01 1.029563014098700080e+01 3.280243893371345365e+01 1.843908891458577415e+01 2.915475947422650194e+01 1.204159457879229578e+01 8.062257748298549132e+00 2.600000000000000000e+01 2.121320343559642652e+01 3.000000000000000000e+01 5.000000000000000000e+00 1.523154621172781731e+01 5.385164807134503739e+00 2.483948469674844262e+01 2.973213749463701205e+01 2.193171219946130890e+01 0.000000000000000000e+00 2.220360331117451835e+01 1.838477631085023489e+01 1.303840481040529831e+01 1.910497317454279909e+01
4.301162633521313694e+01 7.280109889280518054e+00 1.708800749063506075e+01 3.764306044943742080e+01 2.061552812808830382e+01 2.319482700948640286e+01 3.138470965295043058e+01 2.720294101747088789e+01 1.204159457879229578e+01 4.455333881989092504e+01 3.201562118716424266e+01 4.304648650006176780e+01 2.630589287593181069e+01 2.657066051117284644e+01 2.220360331117451835e+01 4.026164427839479032e+01 4.229657196511320194e+01 1.838477631085023489e+01 2.402082429892862692e+01 1.984943324127920761e+01 6.324555320336759046e+00 3.905124837953326988e+01 1.140175425099137918e+01 2.220360331117451835e+01 0.000000000000000000e+00 6.082762530298219339e+00 1.900000000000000000e+01 5.099019513592784492e+00
4.428317965096906050e+01 1.334166406412633421e+01 1.920937271229854559e+01 3.535533905932737753e+01 1.811077027627483460e+01 2.220360331117451835e+01 2.863564212655270680e+01 2.865309756378880479e+01 8.246211251235321171e+00 4.492215489043240240e+01 3.140063693621516450e+01 4.275511665286389729e+01 2.507987240796890660e+01 2.418677324489564739e+01 2.549509756796392423e+01 3.820994634908559817e+01 4.244997055358224713e+01 1.389244398944980396e+01 2.404163056034261459e+01 1.500000000000000000e+01 1.204159457879229578e+01 3.992492955535426091e+01 1.526433752247374720e+01 1.838477631085023489e+01 6.082762530298219339e+00 0.000000000000000000e+00 1.897366596101027625e+01 8.062257748298549132e+00
2.555386467836127551e+01 2.213594362117865444e+01 6.708203932499369415e+00 2.024845673131658685e+01 8.000000000000000000e+00 5.000000000000000000e+00 1.562049935181330795e+01 1.063014581273464998e+01 1.280624847486569706e+01 2.596150997149434048e+01 1.303840481040529831e+01 2.408318915758459156e+01 8.062257748298549132e+00 1.081665382639196871e+01 1.303840481040529831e+01 2.236067977499789805e+01 2.353720459187963954e+01 1.431782106327635340e+01 5.099019513592784492e+00 1.615549442140351033e+01 1.802775637731994607e+01 2.102379604162863913e+01 1.220655561573370207e+01 1.303840481040529831e+01 1.900000000000000000e+01 1.897366596101027625e+01 0.000000000000000000e+00 1.403566884761819900e+01
3.794733192202055250e+01 9.219544457292887074e+00 1.208304597359457233e+01 3.324154027718932269e+01 1.664331697709323876e+01 1.843908891458577415e+01 2.729468812791236232e+01 2.213594362117865444e+01 9.848857801796103928e+00 3.945883931389771959e+01 2.707397274136176790e+01 3.801315561749642313e+01 2.158703314492290204e+01 2.236067977499789805e+01 1.769180601295413169e+01 3.573513677041127323e+01 3.721558813185679071e+01 1.612451549659709826e+01 1.900000000000000000e+01 1.788854381999831844e+01 5.830951894845300743e+00 3.395585369269929288e+01 7.211102550927978250e+00 1.910497317454279909e+01 5.099019513592784492e+00 8.062257748298549132e+00 1.403566884761819900e+01 0.000000000000000000e+00
