0.000000000000000000e+00 1.220655561573370207e+01 3.190611226708763226e+01 1.486606874731850603e+01 7.810249675906653977e+00 1.077032961426900748e+01 3.605551275463989214e+01 3.269556544854363267e+01 2.282542442102665348e+01 1.486606874731850603e+01 8.944271909999159220e+00 6.000000000000000000e+00 1.389244398944980396e+01 1.500000000000000000e+01 7.071067811865475505e+00 1.838477631085023489e+01 1.140175425099137918e+01 1.220655561573370207e+01 2.801785145224380003e+01 2.901723625709381693e+01
1.220655561573370207e+01 0.000000000000000000e+00 2.941088233970548416e+01 2.701851217221259205e+01 5.099019513592784492e+00 2.282542442102665348e+01 2.385372088375312671e+01 2.088061301782110135e+01 1.303840481040529831e+01 2.039607805437113797e+01 3.605551275463989125e+00 1.004987562112088995e+01 1.414213562373095101e+01 1.902629759044044633e+01 1.780449381476485726e+01 2.022374841615668473e+01 1.711724276862369010e+01 2.000000000000000000e+01 2.641968962724581260e+01 2.061552812808830382e+01
3.190611226708763226e+01 2.941088233970548416e+01 0.000000000000000000e+00 3.863935817272331263e+01 3.182766092567909766e+01 3.921734310225515685e+01 3.712142238654116966e+01 3.014962686336266984e+01 4.031128874149274566e+01 4.640043103248072498e+01 2.831960451701259274e+01 3.546829570193639825e+01 1.802775637731994607e+01 1.868154169226940553e+01 2.973213749463701205e+01 1.456021977856103611e+01 4.280186911806539030e+01 4.410215414239988974e+01 4.123105625617660586e+00 1.612451549659709826e+01
1.486606874731850603e+01 2.701851217221259205e+01 3.863935817272331263e+01 0.000000000000000000e+00 2.262741699796952233e+01 6.082762530298219339e+00 5.080354318352215159e+01 4.701063709417263681e+01 3.720215047547655018e+01 2.102379604162863913e+01 2.360084744241189370e+01 1.941648783894759944e+01 2.319482700948640286e+01 2.009975124224177989e+01 1.044030650891055068e+01 2.418677324489564739e+01 1.941648783894759944e+01 1.702938636592640265e+01 3.452535300326413648e+01 4.100000000000000000e+01
7.810249675906653977e+00 5.099019513592784492e+00 3.182766092567909766e+01 2.262741699796952233e+01 0.000000000000000000e+00 1.802775637731994607e+01 2.865309756378880479e+01 2.596150997149434048e+01 1.523154621172781731e+01 1.581138830084189628e+01 3.605551275463989125e+00 5.000000000000000000e+00 1.476482306023340030e+01 1.843908891458577415e+01 1.431782106327635340e+01 2.061552812808830382e+01 1.236931687685298087e+01 1.503329637837290811e+01 2.842534080710379030e+01 2.500000000000000000e+01
1.077032961426900748e+01 2.282542442102665348e+01 3.921734310225515685e+01 6.082762530298219339e+00 1.802775637731994607e+01 0.000000000000000000e+00 4.664761515876240594e+01 4.346262762420145975e+01 3.189043743820394994e+01 1.500000000000000000e+01 1.969771560359220786e+01 1.414213562373095101e+01 2.220360331117451835e+01 2.061552812808830382e+01 9.486832980505138124e+00 2.469817807045693669e+01 1.334166406412633421e+01 1.100000000000000000e+01 3.511409973215887703e+01 3.911521443121588959e+01
3.605551275463989214e+01 2.385372088375312671e+01 3.712142238654116966e+01 5.080354318352215159e+01 2.865309756378880479e+01 4.664761515876240594e+01 0.000000000000000000e+00 7.000000000000000000e+00 1.900000000000000000e+01 4.100000000000000000e+01 2.720294101747088789e+01 3.310589071449369669e+01 3.244996147917590434e+01 3.827531841800927737e+01 4.110960958218893069e+01 3.712142238654116966e+01 3.860051813123756403e+01 4.205948168962618183e+01 3.667424164178449786e+01 2.102379604162863913e+01
3.269556544854363267e+01 2.088061301782110135e+01 3.014962686336266984e+01 4.701063709417263681e+01 2.596150997149434048e+01 4.346262762420145975e+01 7.000000000000000000e+00 0.000000000000000000e+00 2.024845673131658685e+01 4.004996878900157498e+01 2.376972864800942631e+01 3.080584360149872580e+01 2.690724809414741969e+01 3.264965543462901820e+01 3.689173349139343117e+01 3.106444913401813324e+01 3.721558813185679071e+01 4.044749683231336945e+01 2.983286778035259701e+01 1.403566884761819900e+01
2.282542442102665348e+01 1.303840481040529831e+01 4.031128874149274566e+01 3.720215047547655018e+01 1.523154621172781731e+01 3.189043743820394994e+01 1.900000000000000000e+01 2.024845673131658685e+01 0.000000000000000000e+00 2.284731931759172596e+01 1.627882059609970611e+01 1.780449381476485726e+01 2.701851217221259205e+01 3.206243908376279705e+01 2.954657340538831534e+01 3.306055050963308162e+01 2.109502310972898798e+01 2.469817807045693669e+01 3.794733192202055250e+01 2.765863337187866122e+01
1.486606874731850603e+01 2.039607805437113797e+01 4.640043103248072498e+01 2.102379604162863913e+01 1.581138830084189628e+01 1.500000000000000000e+01 4.100000000000000000e+01 4.004996878900157498e+01 2.284731931759172596e+01 0.000000000000000000e+00 1.931320791582796659e+01 1.118033988749894903e+01 2.842534080710379030e+01 2.983286778035259701e+01 2.012461179749810825e+01 3.324154027718932269e+01 3.605551275463989125e+00 4.000000000000000000e+00 4.263801121065568367e+01 4.080441152620633005e+01
8.944271909999159220e+00 3.605551275463989125e+00 2.831960451701259274e+01 2.360084744241189370e+01 3.605551275463989125e+00 1.969771560359220786e+01 2.720294101747088789e+01 2.376972864800942631e+01 1.627882059609970611e+01 1.931320791582796659e+01 0.000000000000000000e+00 8.246211251235321171e+00 1.170469991071962568e+01 1.603121954188139853e+01 1.421267040355189515e+01 1.772004514666934938e+01 1.581138830084189628e+01 1.824828759089465890e+01 2.500000000000000000e+01 2.158703314492290204e+01
6.000000000000000000e+00 1.004987562112088995e+01 3.546829570193639825e+01 1.941648783894759944e+01 5.000000000000000000e+00 1.414213562373095101e+01 3.310589071449369669e+01 3.080584360149872580e+01 1.780449381476485726e+01 1.118033988749894903e+01 8.246211251235321171e+00 0.000000000000000000e+00 1.769180601295413169e+01 2.012461179749810825e+01 1.303840481040529831e+01 2.302172886644267535e+01 7.615773105863908654e+00 1.004987562112088995e+01 3.182766092567909766e+01 2.983286778035259701e+01
1.389244398944980396e+01 1.414213562373095101e+01 1.802775637731994607e+01 2.319482700948640286e+01 1.476482306023340030e+01 2.220360331117451835e+01 3.244996147917590434e+01 2.690724809414741969e+01 2.701851217221259205e+01 2.842534080710379030e+01 1.170469991071962568e+01 1.769180601295413169e+01 0.000000000000000000e+00 5.830951894845300743e+00 1.300000000000000000e+01 6.082762530298219339e+00 2.483948469674844262e+01 2.607680962081059661e+01 1.421267040355189515e+01 1.802775637731994607e+01
1.500000000000000000e+01 1.902629759044044633e+01 1.868154169226940553e+01 2.009975124224177989e+01 1.843908891458577415e+01 2.061552812808830382e+01 3.827531841800927737e+01 3.264965543462901820e+01 3.206243908376279705e+01 2.983286778035259701e+01 1.603121954188139853e+01 2.012461179749810825e+01 5.830951894845300743e+00 0.000000000000000000e+00 1.118033988749894903e+01 4.123105625617660586e+00 2.640075756488817049e+01 2.687005768508880621e+01 1.456021977856103611e+01 2.282542442102665348e+01
7.071067811865475505e+00 1.780449381476485726e+01 2.973213749463701205e+01 1.044030650891055068e+01 1.431782106327635340e+01 9.486832980505138124e+00 4.110960958218893069e+01 3.689173349139343117e+01 2.954657340538831534e+01 2.012461179749810825e+01 1.421267040355189515e+01 1.303840481040529831e+01 1.300000000000000000e+01 1.118033988749894903e+01 0.000000000000000000e+00 1.523154621172781731e+01 1.708800749063506075e+01 1.664331697709323876e+01 2.563201123595259290e+01 3.059411708155671050e+01
1.838477631085023489e+01 2.022374841615668473e+01 1.456021977856103611e+01 2.418677324489564739e+01 2.061552812808830382e+01 2.469817807045693669e+01 3.712142238654116966e+01 3.106444913401813324e+01 3.306055050963308162e+01 3.324154027718932269e+01 1.772004514666934938e+01 2.302172886644267535e+01 6.082762530298219339e+00 4.123105625617660586e+00 1.523154621172781731e+01 0.000000000000000000e+00 2.973213749463701205e+01 3.047950130825634218e+01 1.044030650891055068e+01 2.000000000000000000e+01
1.140175425099137918e+01 1.711724276862369010e+01 4.280186911806539030e+01 1.941648783894759944e+01 1.236931687685298087e+01 1.334166406412633421e+01 3.860051813123756403e+01 3.721558813185679071e+01 2.109502310972898798e+01 3.605551275463989125e+00 1.581138830084189628e+01 7.615773105863908654e+00 2.483948469674844262e+01 2.640075756488817049e+01 1.708800749063506075e+01 2.973213749463701205e+01 0.000000000000000000e+00 3.605551275463989125e+00 3.905124837953326988e+01 3.736308338453881106e+01
1.220655561573370207e+01 2.000000000000000000e+01 4.410215414239988974e+01 1.702938636592640265e+01 1.503329637837290811e+01 1.100000000000000000e+01 4.205948168962618183e+01 4.044749683231336945e+01 2.469817807045693669e+01 4.000000000000000000e+00 1.824828759089465890e+01 1.004987562112088995e+01 2.607680962081059661e+01 2.687005768508880621e+01 1.664331697709323876e+01 3.047950130825634218e+01 3.605551275463989125e+00 0.000000000000000000e+00 4.022437072223753063e+01 3.981205847478876336e+01
2.801785145224380003e+01 2.641968962724581260e+01 4.123105625617660586e+00 3.452535300326413648e+01 2.842534080710379030e+01 3.511409973215887703e+01 3.667424164178449786e+01 2.983286778035259701e+01 3.794733192202055250e+01 4.263801121065568367e+01 2.500000000000000000e+01 3.182766092567909766e+01 1.421267040355189515e+01 1.456021977856103611e+01 2.563201123595259290e+01 1.044030650891055068e+01 3.905124837953326988e+01 4.022437072223753063e+01 0.000000000000000000e+00 1.615549442140351033e+01
2.901723625709381693e+01 2.061552812808830382e+01 1.612451549659709826e+01 4.100000000000000000e+01 2.500000000000000000e+01 3.911521443121588959e+01 2.102379604162863913e+01 1.403566884761819900e+01 2.765863337187866122e+01 4.080441152620633005e+01 2.158703314492290204e+01 2.983286778035259701e+01 1.802775637731994607e+01 2.282542442102665348e+01 3.059411708155671050e+01 2.000000000000000000e+01 3.736308338453881106e+01 3.981205847478876336e+01 1.615549442140351033e+01 0.000000000000000000e+00
