0.000000000000000000e+00 8.062257748298549132e+00 2.707397274136176790e+01 1.140175425099137918e+01 1.140175425099137918e+01 2.692582403567251959e+01 2.163330765278393741e+01 3.280243893371345365e+01 2.823118842698620767e+01 2.969848480983499428e+01 1.562049935181330795e+01 1.565247584249852864e+01 2.920616373302046753e+01 1.303840481040529831e+01 2.376972864800942631e+01 1.431782106327635340e+01 2.507987240796890660e+01 2.404163056034261459e+01 1.513274595042155646e+01 1.984943324127920761e+01 4.031128874149274566e+01
8.062257748298549132e+00 0.000000000000000000e+00 2.785677655436823841e+01 1.700000000000000000e+01 8.062257748298549132e+00 2.408318915758459156e+01 2.624880949681337583e+01 2.617250465660480074e+01 2.517935662402834396e+01 2.385372088375312671e+01 1.118033988749894903e+01 8.485281374238569541e+00 2.267156809750926882e+01 8.544003745317530374e+00 2.102379604162863913e+01 7.211102550927978250e+00 1.726267650163206824e+01 2.662705391138869615e+01 2.319482700948640286e+01 2.523885892824792521e+01 3.420526275297414287e+01
2.707397274136176790e+01 2.785677655436823841e+01 0.000000000000000000e+00 1.868154169226940553e+01 2.012461179749810825e+01 1.216552506059643868e+01 1.345362404707370985e+01 2.886173937932362321e+01 1.303840481040529831e+01 2.376972864800942631e+01 1.920937271229854559e+01 2.561249694973139412e+01 2.657066051117284644e+01 3.640054944640259293e+01 1.208304597359457233e+01 3.400000000000000000e+01 3.962322551231790158e+01 6.403124237432848531e+00 3.178049716414140846e+01 1.627882059609970611e+01 3.101612483854164637e+01
1.140175425099137918e+01 1.700000000000000000e+01 1.868154169226940553e+01 0.000000000000000000e+00 1.400000000000000000e+01 2.334523505985750447e+01 1.029563014098700080e+01 3.478505426185217431e+01 2.475883680627989492e+01 3.046309242345563462e+01 1.726267650163206824e+01 2.109502310972898798e+01 3.132091952673165025e+01 2.408318915758459156e+01 2.061552812808830382e+01 2.418677324489564739e+01 3.383784863137726262e+01 1.400000000000000000e+01 1.360147050873544394e+01 8.485281374238569541e+00 4.070626487409523975e+01
1.140175425099137918e+01 8.062257748298549132e+00 2.012461179749810825e+01 1.400000000000000000e+01 0.000000000000000000e+00 1.627882059609970611e+01 2.102379604162863913e+01 2.195449840010014952e+01 1.746424919657297892e+01 1.843908891458577415e+01 4.242640687119284770e+00 7.280109889280518054e+00 1.835755975068581947e+01 1.649242250247064234e+01 1.315294643796590535e+01 1.389244398944980396e+01 2.109502310972898798e+01 1.979898987322333070e+01 2.459674775249768786e+01 2.088061301782110135e+01 2.906888370749726747e+01
2.692582403567251959e+01 2.408318915758459156e+01 1.216552506059643868e+01 2.334523505985750447e+01 1.627882059609970611e+01 0.000000000000000000e+00 2.308679276123039159e+01 1.676305461424021104e+01 1.414213562373095145e+00 1.170469991071962568e+01 1.300000000000000000e+01 1.843908891458577415e+01 1.476482306023340030e+01 3.201562118716424266e+01 3.162277660168379523e+00 2.828427124746190202e+01 3.088689042296100240e+01 1.711724276862369010e+01 3.679673898594819548e+01 2.507987240796890660e+01 1.923538406167134340e+01
2.163330765278393741e+01 2.624880949681337583e+01 1.345362404707370985e+01 1.029563014098700080e+01 2.102379604162863913e+01 2.308679276123039159e+01 0.000000000000000000e+00 3.805259518088089266e+01 2.435159132377184221e+01 3.313608305156178346e+01 2.280350850198275836e+01 2.823118842698620767e+01 3.500000000000000000e+01 3.397057550292606010e+01 2.137755832643194864e+01 3.342154993413680586e+01 4.205948168962618183e+01 7.071067811865475505e+00 2.022374841615668473e+01 3.162277660168379523e+00 4.220189569201838253e+01
3.280243893371345365e+01 2.617250465660480074e+01 2.886173937932362321e+01 3.478505426185217431e+01 2.195449840010014952e+01 1.676305461424021104e+01 3.805259518088089266e+01 0.000000000000000000e+00 1.615549442140351033e+01 5.099019513592784492e+00 1.788854381999831844e+01 1.769180601295413169e+01 3.605551275463989125e+00 3.088689042296100240e+01 1.711724276862369010e+01 2.594224354214569317e+01 2.202271554554523902e+01 3.313608305156178346e+01 4.652956049652736681e+01 3.931920650267500150e+01 8.544003745317530374e+00
2.823118842698620767e+01 2.517935662402834396e+01 1.303840481040529831e+01 2.475883680627989492e+01 1.746424919657297892e+01 1.414213562373095145e+00 2.435159132377184221e+01 1.615549442140351033e+01 0.000000000000000000e+00 1.118033988749894903e+01 1.403566884761819900e+01 1.923538406167134340e+01 1.442220510185595650e+01 3.300000000000000000e+01 4.472135954999579610e+00 2.915475947422650194e+01 3.130495168499705727e+01 1.824828759089465890e+01 3.820994634908559817e+01 2.640075756488817049e+01 1.811077027627483460e+01
2.969848480983499428e+01 2.385372088375312671e+01 2.376972864800942631e+01 3.046309242345563462e+01 1.843908891458577415e+01 1.170469991071962568e+01 3.313608305156178346e+01 5.099019513592784492e+00 1.118033988749894903e+01 0.000000000000000000e+00 1.421267040355189515e+01 1.565247584249852864e+01 3.605551275463989125e+00 2.973213749463701205e+01 1.204159457879229578e+01 2.500000000000000000e+01 2.334523505985750447e+01 2.807133769523639799e+01 4.272001872658765365e+01 3.452535300326413648e+01 1.063014581273464998e+01
1.562049935181330795e+01 1.118033988749894903e+01 1.920937271229854559e+01 1.726267650163206824e+01 4.242640687119284770e+00 1.300000000000000000e+01 2.280350850198275836e+01 1.788854381999831844e+01 1.403566884761819900e+01 1.421267040355189515e+01 0.000000000000000000e+00 6.403124237432848531e+00 1.431782106327635340e+01 1.902629759044044633e+01 1.004987562112088995e+01 1.552417469626002422e+01 2.051828452868319275e+01 2.024845673131658685e+01 2.865309756378880479e+01 2.319482700948640286e+01 2.483948469674844262e+01
1.565247584249852864e+01 8.485281374238569541e+00 2.561249694973139412e+01 2.109502310972898798e+01 7.280109889280518054e+00 1.843908891458577415e+01 2.823118842698620767e+01 1.769180601295413169e+01 1.923538406167134340e+01 1.565247584249852864e+01 6.403124237432848531e+00 0.000000000000000000e+00 1.421267040355189515e+01 1.431782106327635340e+01 1.581138830084189628e+01 1.000000000000000000e+01 1.421267040355189515e+01 2.640075756488817049e+01 3.036445290137795183e+01 2.816025568065744622e+01 2.580697580112788003e+01
2.920616373302046753e+01 2.267156809750926882e+01 2.657066051117284644e+01 3.132091952673165025e+01 1.835755975068581947e+01 1.476482306023340030e+01 3.500000000000000000e+01 3.605551275463989125e+00 1.442220510185595650e+01 3.605551275463989125e+00 1.431782106327635340e+01 1.421267040355189515e+01 0.000000000000000000e+00 2.773084924772409465e+01 1.456021977856103611e+01 2.284731931759172596e+01 2.009975124224177989e+01 3.041381265149109936e+01 4.294182110716777601e+01 3.612478373637688378e+01 1.166190378969060149e+01
1.303840481040529831e+01 8.544003745317530374e+00 3.640054944640259293e+01 2.408318915758459156e+01 1.649242250247064234e+01 3.201562118716424266e+01 3.397057550292606010e+01 3.088689042296100240e+01 3.300000000000000000e+01 2.973213749463701205e+01 1.902629759044044633e+01 1.431782106327635340e+01 2.773084924772409465e+01 0.000000000000000000e+00 2.906888370749726747e+01 5.000000000000000000e+00 1.486606874731850603e+01 3.498571136907180090e+01 2.647640458974745314e+01 3.255764119219941222e+01 3.935733730830885690e+01
2.376972864800942631e+01 2.102379604162863913e+01 1.208304597359457233e+01 2.061552812808830382e+01 1.315294643796590535e+01 3.162277660168379523e+00 2.137755832643194864e+01 1.711724276862369010e+01 4.472135954999579610e+00 1.204159457879229578e+01 1.004987562112088995e+01 1.581138830084189628e+01 1.456021977856103611e+01 2.906888370749726747e+01 0.000000000000000000e+00 2.549509756796392423e+01 2.884441020371191300e+01 1.603121954188139853e+01 3.394112549695427816e+01 2.308679276123039159e+01 2.088061301782110135e+01
1.431782106327635340e+01 7.211102550927978250e+00 3.400000000000000000e+01 2.418677324489564739e+01 1.389244398944980396e+01 2.828427124746190202e+01 3.342154993413680586e+01 2.594224354214569317e+01 2.915475947422650194e+01 2.500000000000000000e+01 1.552417469626002422e+01 1.000000000000000000e+01 2.284731931759172596e+01 5.000000000000000000e+00 2.549509756796392423e+01 0.000000000000000000e+00 1.104536101718726115e+01 3.342154993413680586e+01 2.901723625709381693e+01 3.244996147917590434e+01 3.443835071544512516e+01
2.507987240796890660e+01 1.726267650163206824e+01 3.962322551231790158e+01 3.383784863137726262e+01 2.109502310972898798e+01 3.088689042296100240e+01 4.205948168962618183e+01 2.202271554554523902e+01 3.130495168499705727e+01 2.334523505985750447e+01 2.051828452868319275e+01 1.421267040355189515e+01 2.009975124224177989e+01 1.486606874731850603e+01 2.884441020371191300e+01 1.104536101718726115e+01 0.000000000000000000e+00 4.060788100849390503e+01 4.000000000000000000e+01 4.162931659299729859e+01 3.026549190084311292e+01
2.404163056034261459e+01 2.662705391138869615e+01 6.403124237432848531e+00 1.400000000000000000e+01 1.979898987322333070e+01 1.711724276862369010e+01 7.071067811865475505e+00 3.313608305156178346e+01 1.824828759089465890e+01 2.807133769523639799e+01 2.024845673131658685e+01 2.640075756488817049e+01 3.041381265149109936e+01 3.498571136907180090e+01 1.603121954188139853e+01 3.342154993413680586e+01 4.060788100849390503e+01 0.000000000000000000e+00 2.624880949681337583e+01 1.000000000000000000e+01 3.634556369077249371e+01
1.513274595042155646e+01 2.319482700948640286e+01 3.178049716414140846e+01 1.360147050873544394e+01 2.459674775249768786e+01 3.679673898594819548e+01 2.022374841615668473e+01 4.652956049652736681e+01 3.820994634908559817e+01 4.272001872658765365e+01 2.865309756378880479e+01 3.036445290137795183e+01 4.294182110716777601e+01 2.647640458974745314e+01 3.394112549695427816e+01 2.901723625709381693e+01 4.000000000000000000e+01 2.624880949681337583e+01 0.000000000000000000e+00 1.711724276862369010e+01 5.325410782277739230e+01
1.984943324127920761e+01 2.523885892824792521e+01 1.627882059609970611e+01 8.485281374238569541e+00 2.088061301782110135e+01 2.507987240796890660e+01 3.162277660168379523e+00 3.931920650267500150e+01 2.640075756488817049e+01 3.452535300326413648e+01 2.319482700948640286e+01 2.816025568065744622e+01 3.612478373637688378e+01 3.255764119219941222e+01 2.308679276123039159e+01 3.244996147917590434e+01 4.162931659299729859e+01 1.000000000000000000e+01 1.711724276862369010e+01 0.000000000000000000e+00 4.396589587396121601e+01
4.031128874149274566e+01 3.420526275297414287e+01 3.101612483854164637e+01 4.070626487409523975e+01 2.906888370749726747e+01 1.923538406167134340e+01 4.220189569201838253e+01 8.544003745317530374e+00 1.811077027627483460e+01 1.063014581273464998e+01 2.483948469674844262e+01 2.580697580112788003e+01 1.166190378969060149e+01 3.935733730830885690e+01 2.088061301782110135e+01 3.443835071544512516e+01 3.026549190084311292e+01 3.634556369077249371e+01 5.325410782277739230e+01 4.396589587396121601e+01 0.000000000000000000e+00
