0.000000000000000000e+00 2.505992817228333536e+01 1.612451549659709826e+01 3.000000000000000000e+00 1.208304597359457233e+01 1.414213562373095101e+01 2.002498439450078749e+01 2.300000000000000000e+01 3.736308338453881106e+01 2.954657340538831534e+01 3.301514803843835466e+01 2.385372088375312671e+01 2.469817807045693669e+01 2.121320343559642652e+01 2.517935662402834396e+01 1.300000000000000000e+01 2.817800560721074277e+01 2.473863375370596174e+01 2.408318915758459156e+01 3.590264614203248072e+01 4.837354648979129479e+01
2.505992817228333536e+01 0.000000000000000000e+00 2.433105012119287736e+01 2.247220505424423109e+01 1.702938636592640265e+01 1.612451549659709826e+01 2.247220505424423109e+01 1.204159457879229578e+01 2.683281572999747766e+01 5.000000000000000000e+00 1.529705854077835525e+01 1.204159457879229578e+01 1.414213562373095145e+00 2.657066051117284644e+01 2.302172886644267535e+01 1.500000000000000000e+01 1.581138830084189628e+01 2.000000000000000000e+01 1.414213562373095101e+01 2.692582403567251959e+01 3.006659275674581622e+01
1.612451549659709826e+01 2.433105012119287736e+01 0.000000000000000000e+00 1.676305461424021104e+01 8.602325267042626677e+00 2.408318915758459156e+01 5.000000000000000000e+00 2.968164415931165934e+01 2.332380757938120297e+01 2.927456233660889495e+01 2.370653918225939449e+01 1.552417469626002422e+01 2.319482700948640286e+01 5.099019513592784492e+00 1.029563014098700080e+01 2.193171219946130890e+01 1.749285568453590045e+01 1.131370849898476116e+01 3.162277660168379256e+01 2.147091055358388800e+01 3.676955262170046979e+01
3.000000000000000000e+00 2.247220505424423109e+01 1.676305461424021104e+01 0.000000000000000000e+00 1.118033988749894903e+01 1.118033988749894903e+01 2.009975124224177989e+01 2.000000000000000000e+01 3.667424164178449786e+01 2.683281572999747766e+01 3.138470965295043058e+01 2.236067977499789805e+01 2.220360331117451835e+01 2.184032966784155505e+01 2.500000000000000000e+01 1.000000000000000000e+01 2.692582403567251959e+01 2.418677324489564739e+01 2.109502310972898798e+01 3.535533905932737753e+01 4.695742752749558235e+01
1.208304597359457233e+01 1.702938636592640265e+01 8.602325267042626677e+00 1.118033988749894903e+01 0.000000000000000000e+00 1.581138830084189628e+01 9.848857801796103928e+00 2.109502310972898798e+01 2.549509756796392423e+01 2.202271554554523902e+01 2.126029162546929996e+01 1.204159457879229578e+01 1.612451549659709826e+01 1.280624847486569706e+01 1.414213562373095101e+01 1.360147050873544394e+01 1.612451549659709826e+01 1.303840481040529831e+01 2.302172886644267535e+01 2.418677324489564739e+01 3.635931792539568619e+01
1.414213562373095101e+01 1.612451549659709826e+01 2.408318915758459156e+01 1.118033988749894903e+01 1.581138830084189628e+01 0.000000000000000000e+00 2.555386467836127551e+01 9.219544457292887074e+00 3.820994634908559817e+01 1.910497317454279909e+01 2.942787793912432193e+01 2.202271554554523902e+01 1.655294535724684835e+01 2.860069929215018192e+01 2.915475947422650194e+01 2.236067977499789805e+00 2.701851217221259205e+01 2.720294101747088789e+01 1.000000000000000000e+01 3.748332962798262713e+01 4.512205669071391156e+01
2.002498439450078749e+01 2.247220505424423109e+01 5.000000000000000000e+00 2.009975124224177989e+01 9.848857801796103928e+00 2.555386467836127551e+01 0.000000000000000000e+00 2.973213749463701205e+01 1.835755975068581947e+01 2.720294101747088789e+01 1.931320791582796659e+01 1.200000000000000000e+01 2.118962010041709121e+01 4.123105625617660586e+00 5.385164807134503739e+00 2.332380757938120297e+01 1.300000000000000000e+01 6.403124237432848531e+00 3.182766092567909766e+01 1.655294535724684835e+01 3.182766092567909766e+01
2.300000000000000000e+01 1.204159457879229578e+01 2.968164415931165934e+01 2.000000000000000000e+01 2.109502310972898798e+01 9.219544457292887074e+00 2.973213749463701205e+01 0.000000000000000000e+00 3.827531841800927737e+01 1.264911064067351809e+01 2.729468812791236232e+01 2.236067977499789805e+01 1.315294643796590535e+01 3.342154993413680586e+01 3.201562118716424266e+01 1.000000000000000000e+01 2.692582403567251959e+01 2.941088233970548416e+01 2.236067977499789805e+00 3.807886552931954327e+01 4.201190307520000999e+01
3.736308338453881106e+01 2.683281572999747766e+01 2.332380757938120297e+01 3.667424164178449786e+01 2.549509756796392423e+01 3.820994634908559817e+01 1.835755975068581947e+01 3.827531841800927737e+01 0.000000000000000000e+00 2.941088233970548416e+01 1.272792206135785520e+01 1.627882059609970611e+01 2.549509756796392423e+01 1.984943324127920761e+01 1.303840481040529831e+01 3.612478373637688378e+01 1.140175425099137918e+01 1.264911064067351809e+01 4.049691346263317371e+01 2.236067977499789805e+00 1.523154621172781731e+01
2.954657340538831534e+01 5.000000000000000000e+00 2.927456233660889495e+01 2.683281572999747766e+01 2.202271554554523902e+01 1.910497317454279909e+01 2.720294101747088789e+01 1.264911064067351809e+01 2.941088233970548416e+01 0.000000000000000000e+00 1.700000000000000000e+01 1.612451549659709826e+01 6.082762530298219339e+00 3.132091952673165025e+01 2.729468812791236232e+01 1.843908891458577415e+01 1.910497317454279909e+01 2.418677324489564739e+01 1.431782106327635340e+01 2.983286778035259701e+01 3.014962686336266984e+01
3.301514803843835466e+01 1.529705854077835525e+01 2.370653918225939449e+01 3.138470965295043058e+01 2.126029162546929996e+01 2.942787793912432193e+01 1.931320791582796659e+01 2.729468812791236232e+01 1.272792206135785520e+01 1.700000000000000000e+01 0.000000000000000000e+00 9.219544457292887074e+00 1.414213562373095101e+01 2.280350850198275836e+01 1.612451549659709826e+01 2.765863337187866122e+01 6.324555320336759046e+00 1.334166406412633421e+01 2.942787793912432193e+01 1.360147050873544394e+01 1.581138830084189628e+01
2.385372088375312671e+01 1.204159457879229578e+01 1.552417469626002422e+01 2.236067977499789805e+01 1.204159457879229578e+01 2.202271554554523902e+01 1.200000000000000000e+01 2.236067977499789805e+01 1.627882059609970611e+01 1.612451549659709826e+01 9.219544457292887074e+00 0.000000000000000000e+00 1.063014581273464998e+01 1.603121954188139853e+01 1.118033988749894903e+01 2.000000000000000000e+01 5.000000000000000000e+00 8.062257748298549132e+00 2.459674775249768786e+01 1.581138830084189628e+01 2.459674775249768786e+01
2.469817807045693669e+01 1.414213562373095145e+00 2.319482700948640286e+01 2.220360331117451835e+01 1.612451549659709826e+01 1.655294535724684835e+01 2.118962010041709121e+01 1.315294643796590535e+01 2.549509756796392423e+01 6.082762530298219339e+00 1.414213562373095101e+01 1.063014581273464998e+01 0.000000000000000000e+00 2.529822128134703618e+01 2.163330765278393741e+01 1.526433752247374720e+01 1.442220510185595650e+01 1.860107523773827509e+01 1.529705854077835525e+01 2.555386467836127551e+01 2.915475947422650194e+01
2.121320343559642652e+01 2.657066051117284644e+01 5.099019513592784492e+00 2.184032966784155505e+01 1.280624847486569706e+01 2.860069929215018192e+01 4.123105625617660586e+00 3.342154993413680586e+01 1.984943324127920761e+01 3.132091952673165025e+01 2.280350850198275836e+01 1.603121954188139853e+01 2.529822128134703618e+01 0.000000000000000000e+00 7.211102550927978250e+00 2.640075756488817049e+01 1.649242250247064234e+01 9.486832980505138124e+00 3.546829570193639825e+01 1.780449381476485726e+01 3.420526275297414287e+01
2.517935662402834396e+01 2.302172886644267535e+01 1.029563014098700080e+01 2.500000000000000000e+01 1.414213562373095101e+01 2.915475947422650194e+01 5.385164807134503739e+00 3.201562118716424266e+01 1.303840481040529831e+01 2.729468812791236232e+01 1.612451549659709826e+01 1.118033988749894903e+01 2.163330765278393741e+01 7.211102550927978250e+00 0.000000000000000000e+00 2.692582403567251959e+01 1.000000000000000000e+01 3.162277660168379523e+00 3.420526275297414287e+01 1.118033988749894903e+01 2.701851217221259205e+01
1.300000000000000000e+01 1.500000000000000000e+01 2.193171219946130890e+01 1.000000000000000000e+01 1.360147050873544394e+01 2.236067977499789805e+00 2.332380757938120297e+01 1.000000000000000000e+01 3.612478373637688378e+01 1.843908891458577415e+01 2.765863337187866122e+01 2.000000000000000000e+01 1.526433752247374720e+01 2.640075756488817049e+01 2.692582403567251959e+01 0.000000000000000000e+00 2.500000000000000000e+01 2.500000000000000000e+01 1.118033988749894903e+01 3.535533905932737753e+01 4.341658669218482203e+01
2.817800560721074277e+01 1.581138830084189628e+01 1.749285568453590045e+01 2.692582403567251959e+01 1.612451549659709826e+01 2.701851217221259205e+01 1.300000000000000000e+01 2.692582403567251959e+01 1.140175425099137918e+01 1.910497317454279909e+01 6.324555320336759046e+00 5.000000000000000000e+00 1.442220510185595650e+01 1.649242250247064234e+01 1.000000000000000000e+01 2.500000000000000000e+01 0.000000000000000000e+00 7.071067811865475505e+00 2.915475947422650194e+01 1.118033988749894903e+01 2.024845673131658685e+01
2.473863375370596174e+01 2.000000000000000000e+01 1.131370849898476116e+01 2.418677324489564739e+01 1.303840481040529831e+01 2.720294101747088789e+01 6.403124237432848531e+00 2.941088233970548416e+01 1.264911064067351809e+01 2.418677324489564739e+01 1.334166406412633421e+01 8.062257748298549132e+00 1.860107523773827509e+01 9.486832980505138124e+00 3.162277660168379523e+00 2.500000000000000000e+01 7.071067811865475505e+00 0.000000000000000000e+00 3.162277660168379256e+01 1.118033988749894903e+01 2.545584412271571040e+01
2.408318915758459156e+01 1.414213562373095101e+01 3.162277660168379256e+01 2.109502310972898798e+01 2.302172886644267535e+01 1.000000000000000000e+01 3.182766092567909766e+01 2.236067977499789805e+00 4.049691346263317371e+01 1.431782106327635340e+01 2.942787793912432193e+01 2.459674775249768786e+01 1.529705854077835525e+01 3.546829570193639825e+01 3.420526275297414287e+01 1.118033988749894903e+01 2.915475947422650194e+01 3.162277660168379256e+01 0.000000000000000000e+00 4.031128874149274566e+01 4.400000000000000000e+01
3.590264614203248072e+01 2.692582403567251959e+01 2.147091055358388800e+01 3.535533905932737753e+01 2.418677324489564739e+01 3.748332962798262713e+01 1.655294535724684835e+01 3.807886552931954327e+01 2.236067977499789805e+00 2.983286778035259701e+01 1.360147050873544394e+01 1.581138830084189628e+01 2.555386467836127551e+01 1.780449381476485726e+01 1.118033988749894903e+01 3.535533905932737753e+01 1.118033988749894903e+01 1.118033988749894903e+01 4.031128874149274566e+01 0.000000000000000000e+00 1.746424919657297892e+01
4.837354648979129479e+01 3.006659275674581622e+01 3.676955262170046979e+01 4.695742752749558235e+01 3.635931792539568619e+01 4.512205669071391156e+01 3.182766092567909766e+01 4.201190307520000999e+01 1.523154621172781731e+01 3.014962686336266984e+01 1.581138830084189628e+01 2.459674775249768786e+01 2.915475947422650194e+01 3.420526275297414287e+01 2.701851217221259205e+01 4.341658669218482203e+01 2.024845673131658685e+01 2.545584412271571040e+01 4.400000000000000000e+01 1.746424919657297892e+01 0.000000000000000000e+00
