0.000000000000000000e+00 2.863564212655270680e+01 1.170469991071962568e+01 1.503329637837290811e+01 4.060788100849390503e+01 5.000000000000000000e+00 2.500000000000000000e+01 3.605551275463989125e+00 1.746424919657297892e+01 1.442220510185595650e+01 3.612478373637688378e+01 2.701851217221259205e+01 2.402082429892862692e+01 3.111269837220809009e+01 4.404543109109047805e+01 4.123105625617660586e+00 1.565247584249852864e+01 3.106444913401813324e+01 2.751363298439520833e+01 3.405877273185280529e+01 3.443835071544512516e+01 3.360059523282288296e+01 2.408318915758459156e+01 1.726267650163206824e+01
2.863564212655270680e+01 0.000000000000000000e+00 4.031128874149274566e+01 1.702938636592640265e+01 4.327817001676480402e+01 2.692582403567251959e+01 1.204159457879229578e+01 2.563201123595259290e+01 3.324154027718932269e+01 3.820994634908559817e+01 3.324154027718932269e+01 1.272792206135785520e+01 2.773084924772409465e+01 1.077032961426900748e+01 2.209072203437452231e+01 2.459674775249768786e+01 1.300000000000000000e+01 5.000000000000000000e+00 3.769615364994152884e+01 3.560898762952971452e+01 2.195449840010014952e+01 8.062257748298549132e+00 1.019803902718556898e+01 1.272792206135785520e+01
1.170469991071962568e+01 4.031128874149274566e+01 0.000000000000000000e+00 2.617250465660480074e+01 4.418144406874904462e+01 1.421267040355189515e+01 3.622154055254966920e+01 1.476482306023340030e+01 2.039607805437113797e+01 1.204159457879229578e+01 4.237924020083418242e+01 3.753664875824691904e+01 3.046309242345563462e+01 4.201190307520000999e+01 5.445181356024792763e+01 1.581138830084189628e+01 2.731300056749532601e+01 4.254409477236529824e+01 3.006659275674581622e+01 3.905124837953326988e+01 4.360045871318327926e+01 4.494441010848846219e+01 3.551056180912940619e+01 2.886173937932362321e+01
1.503329637837290811e+01 1.702938636592640265e+01 2.617250465660480074e+01 0.000000000000000000e+00 4.652956049652736681e+01 1.615549442140351033e+01 1.004987562112088995e+01 1.360147050873544394e+01 2.780287754891568852e+01 2.846049894151541437e+01 3.889730067755344578e+01 2.209072203437452231e+01 2.865309756378880479e+01 2.404163056034261459e+01 3.733630940518894192e+01 1.118033988749894903e+01 8.062257748298549132e+00 2.109502310972898798e+01 3.612478373637688378e+01 3.891015291668743714e+01 3.200000000000000000e+01 2.418677324489564739e+01 9.486832980505138124e+00 4.472135954999579610e+00
4.060788100849390503e+01 4.327817001676480402e+01 4.418144406874904462e+01 4.652956049652736681e+01 0.000000000000000000e+00 3.569313659514949677e+01 5.122499389946278825e+01 3.807886552931954327e+01 2.400000000000000000e+01 3.238826948140329165e+01 1.077032961426900748e+01 3.061045573002793319e+01 1.788854381999831844e+01 3.413209633175202384e+01 3.551056180912940619e+01 4.052159917870962147e+01 3.911521443121588959e+01 4.022437072223753063e+01 1.414213562373095101e+01 7.810249675906653977e+00 2.376972864800942631e+01 3.944616584663204151e+01 4.904079934095691584e+01 4.410215414239988974e+01
5.000000000000000000e+00 2.692582403567251959e+01 1.421267040355189515e+01 1.615549442140351033e+01 3.569313659514949677e+01 0.000000000000000000e+00 2.549509756796392423e+01 2.828427124746190291e+00 1.303840481040529831e+01 1.236931687685298087e+01 3.114482300479487265e+01 2.334523505985750447e+01 1.902629759044044633e+01 2.780287754891568852e+01 4.031128874149274566e+01 5.656854249492380582e+00 1.414213562373095101e+01 2.863564212655270680e+01 2.284731931759172596e+01 2.906888370749726747e+01 3.001666203960726875e+01 3.088689042296100240e+01 2.418677324489564739e+01 1.711724276862369010e+01
2.500000000000000000e+01 1.204159457879229578e+01 3.622154055254966920e+01 1.004987562112088995e+01 5.122499389946278825e+01 2.549509756796392423e+01 0.000000000000000000e+00 2.319482700948640286e+01 3.577708763999663688e+01 3.785498646149540036e+01 4.219004621945797595e+01 2.247220505424423109e+01 3.394112549695427816e+01 2.220360331117451835e+01 3.413209633175202384e+01 2.102379604162863913e+01 1.303840481040529831e+01 1.702938636592640265e+01 4.280186911806539030e+01 4.341658669218482203e+01 3.257299494980465937e+01 2.009975124224177989e+01 2.236067977499789805e+00 8.544003745317530374e+00
3.605551275463989125e+00 2.563201123595259290e+01 1.476482306023340030e+01 1.360147050873544394e+01 3.807886552931954327e+01 2.828427124746190291e+00 2.319482700948640286e+01 0.000000000000000000e+00 1.581138830084189628e+01 1.486606874731850603e+01 3.301514803843835466e+01 2.343074902771996193e+01 2.102379604162863913e+01 2.758622844826744469e+01 4.045985664828781836e+01 2.828427124746190291e+00 1.264911064067351809e+01 2.778488797889960793e+01 2.549509756796392423e+01 3.125699921617556853e+01 3.087069808086626210e+01 3.023243291566194912e+01 2.202271554554523902e+01 1.500000000000000000e+01
1.746424919657297892e+01 3.324154027718932269e+01 2.039607805437113797e+01 2.780287754891568852e+01 2.400000000000000000e+01 1.303840481040529831e+01 3.577708763999663688e+01 1.581138830084189628e+01 0.000000000000000000e+00 9.433981132056603158e+00 2.236067977499789805e+01 2.451530134426252516e+01 1.131370849898476116e+01 2.961418578992169515e+01 3.935733730830885690e+01 1.860107523773827509e+01 2.284731931759172596e+01 3.301514803843835466e+01 1.019803902718556898e+01 1.868154169226940553e+01 2.662705391138869615e+01 3.423448553724738019e+01 3.401470270338990076e+01 2.729468812791236232e+01
1.442220510185595650e+01 3.820994634908559817e+01 1.204159457879229578e+01 2.846049894151541437e+01 3.238826948140329165e+01 1.236931687685298087e+01 3.785498646149540036e+01 1.486606874731850603e+01 9.433981132056603158e+00 0.000000000000000000e+00 3.176476034853718033e+01 3.178049716414140846e+01 2.061552812808830382e+01 3.676955262170046979e+01 4.770744176750625343e+01 1.746424919657297892e+01 2.601922366251537611e+01 3.905124837953326988e+01 1.824828759089465890e+01 2.785677655436823841e+01 3.546829570193639825e+01 4.080441152620633005e+01 3.649657518178931781e+01 2.942787793912432193e+01
3.612478373637688378e+01 3.324154027718932269e+01 4.237924020083418242e+01 3.889730067755344578e+01 1.077032961426900748e+01 3.114482300479487265e+01 4.219004621945797595e+01 3.301514803843835466e+01 2.236067977499789805e+01 3.176476034853718033e+01 0.000000000000000000e+00 2.051828452868319275e+01 1.216552506059643868e+01 2.360084744241189370e+01 2.507987240796890660e+01 3.501428280002319582e+01 3.101612483854164637e+01 2.983286778035259701e+01 1.562049935181330795e+01 5.385164807134503739e+00 1.300000000000000000e+01 2.884441020371191300e+01 3.996248240537617136e+01 3.584689665786984136e+01
2.701851217221259205e+01 1.272792206135785520e+01 3.753664875824691904e+01 2.209072203437452231e+01 3.061045573002793319e+01 2.334523505985750447e+01 2.247220505424423109e+01 2.343074902771996193e+01 2.451530134426252516e+01 3.178049716414140846e+01 2.051828452868319275e+01 0.000000000000000000e+00 1.627882059609970611e+01 5.099019513592784492e+00 1.702938636592640265e+01 2.385372088375312671e+01 1.431782106327635340e+01 9.848857801796103928e+00 2.647640458974745314e+01 2.302172886644267535e+01 1.019803902718556898e+01 1.004987562112088995e+01 2.024845673131658685e+01 1.800000000000000000e+01
2.402082429892862692e+01 2.773084924772409465e+01 3.046309242345563462e+01 2.865309756378880479e+01 1.788854381999831844e+01 1.902629759044044633e+01 3.394112549695427816e+01 2.102379604162863913e+01 1.131370849898476116e+01 2.061552812808830382e+01 1.216552506059643868e+01 1.627882059609970611e+01 0.000000000000000000e+00 2.109502310972898798e+01 2.879236009777593708e+01 2.319482700948640286e+01 2.140093455903269515e+01 2.596150997149434048e+01 1.019803902718556898e+01 1.044030650891055068e+01 1.565247584249852864e+01 2.630589287593181069e+01 3.182766092567909766e+01 2.640075756488817049e+01
3.111269837220809009e+01 1.077032961426900748e+01 4.201190307520000999e+01 2.404163056034261459e+01 3.413209633175202384e+01 2.780287754891568852e+01 2.220360331117451835e+01 2.758622844826744469e+01 2.961418578992169515e+01 3.676955262170046979e+01 2.360084744241189370e+01 5.099019513592784492e+00 2.109502310972898798e+01 0.000000000000000000e+00 1.341640786499873883e+01 2.765863337187866122e+01 1.700000000000000000e+01 6.403124237432848531e+00 3.125699921617556853e+01 2.683281572999747766e+01 1.140175425099137918e+01 5.385164807134503739e+00 2.009975124224177989e+01 1.964688270438849926e+01
4.404543109109047805e+01 2.209072203437452231e+01 5.445181356024792763e+01 3.733630940518894192e+01 3.551056180912940619e+01 4.031128874149274566e+01 3.413209633175202384e+01 4.045985664828781836e+01 3.935733730830885690e+01 4.770744176750625343e+01 2.507987240796890660e+01 1.702938636592640265e+01 2.879236009777593708e+01 1.341640786499873883e+01 0.000000000000000000e+00 4.080441152620633005e+01 3.041381265149109936e+01 1.711724276862369010e+01 3.785498646149540036e+01 3.000000000000000000e+01 1.334166406412633421e+01 1.403566884761819900e+01 3.224903099319419653e+01 3.289376840679705083e+01
4.123105625617660586e+00 2.459674775249768786e+01 1.581138830084189628e+01 1.118033988749894903e+01 4.052159917870962147e+01 5.656854249492380582e+00 2.102379604162863913e+01 2.828427124746190291e+00 1.860107523773827509e+01 1.746424919657297892e+01 3.501428280002319582e+01 2.385372088375312671e+01 2.319482700948640286e+01 2.765863337187866122e+01 4.080441152620633005e+01 0.000000000000000000e+00 1.166190378969060149e+01 2.720294101747088789e+01 2.817800560721074277e+01 3.354101966249684352e+01 3.195309061734091571e+01 2.983286778035259701e+01 2.002498439450078749e+01 1.315294643796590535e+01
1.565247584249852864e+01 1.300000000000000000e+01 2.731300056749532601e+01 8.062257748298549132e+00 3.911521443121588959e+01 1.414213562373095101e+01 1.303840481040529831e+01 1.264911064067351809e+01 2.284731931759172596e+01 2.601922366251537611e+01 3.101612483854164637e+01 1.431782106327635340e+01 2.140093455903269515e+01 1.700000000000000000e+01 3.041381265149109936e+01 1.166190378969060149e+01 0.000000000000000000e+00 1.562049935181330795e+01 2.983286778035259701e+01 3.138470965295043058e+01 2.402082429892862692e+01 1.838477631085023489e+01 1.118033988749894903e+01 5.000000000000000000e+00
3.106444913401813324e+01 5.000000000000000000e+00 4.254409477236529824e+01 2.109502310972898798e+01 4.022437072223753063e+01 2.863564212655270680e+01 1.702938636592640265e+01 2.778488797889960793e+01 3.301514803843835466e+01 3.905124837953326988e+01 2.983286778035259701e+01 9.848857801796103928e+00 2.596150997149434048e+01 6.403124237432848531e+00 1.711724276862369010e+01 2.720294101747088789e+01 1.562049935181330795e+01 0.000000000000000000e+00 3.613862199918530393e+01 3.275667870831839679e+01 1.780449381476485726e+01 3.162277660168379523e+00 1.513274595042155646e+01 1.664331697709323876e+01
2.751363298439520833e+01 3.769615364994152884e+01 3.006659275674581622e+01 3.612478373637688378e+01 1.414213562373095101e+01 2.284731931759172596e+01 4.280186911806539030e+01 2.549509756796392423e+01 1.019803902718556898e+01 1.824828759089465890e+01 1.562049935181330795e+01 2.647640458974745314e+01 1.019803902718556898e+01 3.125699921617556853e+01 3.785498646149540036e+01 2.817800560721074277e+01 2.983286778035259701e+01 3.613862199918530393e+01 0.000000000000000000e+00 1.063014581273464998e+01 2.451530134426252516e+01 3.649657518178931781e+01 4.080441152620633005e+01 3.471310991541956525e+01
3.405877273185280529e+01 3.560898762952971452e+01 3.905124837953326988e+01 3.891015291668743714e+01 7.810249675906653977e+00 2.906888370749726747e+01 4.341658669218482203e+01 3.125699921617556853e+01 1.868154169226940553e+01 2.785677655436823841e+01 5.385164807134503739e+00 2.302172886644267535e+01 1.044030650891055068e+01 2.683281572999747766e+01 3.000000000000000000e+01 3.354101966249684352e+01 3.138470965295043058e+01 3.275667870831839679e+01 1.063014581273464998e+01 0.000000000000000000e+00 1.726267650163206824e+01 3.220248437620923454e+01 4.123105625617660763e+01 3.635931792539568619e+01
3.443835071544512516e+01 2.195449840010014952e+01 4.360045871318327926e+01 3.200000000000000000e+01 2.376972864800942631e+01 3.001666203960726875e+01 3.257299494980465937e+01 3.087069808086626210e+01 2.662705391138869615e+01 3.546829570193639825e+01 1.300000000000000000e+01 1.019803902718556898e+01 1.565247584249852864e+01 1.140175425099137918e+01 1.334166406412633421e+01 3.195309061734091571e+01 2.402082429892862692e+01 1.780449381476485726e+01 2.451530134426252516e+01 1.726267650163206824e+01 0.000000000000000000e+00 1.627882059609970611e+01 3.036445290137795183e+01 2.807133769523639799e+01
3.360059523282288296e+01 8.062257748298549132e+00 4.494441010848846219e+01 2.418677324489564739e+01 3.944616584663204151e+01 3.088689042296100240e+01 2.009975124224177989e+01 3.023243291566194912e+01 3.423448553724738019e+01 4.080441152620633005e+01 2.884441020371191300e+01 1.004987562112088995e+01 2.630589287593181069e+01 5.385164807134503739e+00 1.403566884761819900e+01 2.983286778035259701e+01 1.838477631085023489e+01 3.162277660168379523e+00 3.649657518178931781e+01 3.220248437620923454e+01 1.627882059609970611e+01 0.000000000000000000e+00 1.824828759089465890e+01 1.972308292331602075e+01
2.408318915758459156e+01 1.019803902718556898e+01 3.551056180912940619e+01 9.486832980505138124e+00 4.904079934095691584e+01 2.418677324489564739e+01 2.236067977499789805e+00 2.202271554554523902e+01 3.401470270338990076e+01 3.649657518178931781e+01 3.996248240537617136e+01 2.024845673131658685e+01 3.182766092567909766e+01 2.009975124224177989e+01 3.224903099319419653e+01 2.002498439450078749e+01 1.118033988749894903e+01 1.513274595042155646e+01 4.080441152620633005e+01 4.123105625617660763e+01 3.036445290137795183e+01 1.824828759089465890e+01 0.000000000000000000e+00 7.071067811865475505e+00
1.726267650163206824e+01 1.272792206135785520e+01 2.886173937932362321e+01 4.472135954999579610e+00 4.410215414239988974e+01 1.711724276862369010e+01 8.544003745317530374e+00 1.500000000000000000e+01 2.729468812791236232e+01 2.942787793912432193e+01 3.584689665786984136e+01 1.800000000000000000e+01 2.640075756488817049e+01 1.964688270438849926e+01 3.289376840679705083e+01 1.315294643796590535e+01 5.000000000000000000e+00 1.664331697709323876e+01 3.471310991541956525e+01 3.635931792539568619e+01 2.807133769523639799e+01 1.972308292331602075e+01 7.071067811865475505e+00 0.000000000000000000e+00
