0.000000000000000000e+00 4.455333881989092504e+01 3.889730067755344578e+01 3.534119409414458346e+01 2.469817807045693669e+01 2.236067977499789805e+01 4.205948168962618183e+01 2.280350850198275836e+01 3.413209633175202384e+01 1.131370849898476116e+01 2.973213749463701205e+01 2.745906043549196340e+01 4.472135954999579610e+01 1.972308292331602075e+01 2.236067977499789805e+01 2.163330765278393741e+01 4.472135954999579610e+00 3.701351104664349378e+01 1.800000000000000000e+01 9.219544457292887074e+00 4.161730409336962566e+01 1.220655561573370207e+01 2.000000000000000000e+00 1.923538406167134340e+01 1.220655561573370207e+01 8.485281374238569541e+00
4.455333881989092504e+01 0.000000000000000000e+00 5.830951894845300743e+00 1.702938636592640265e+01 4.100000000000000000e+01 4.272001872658765365e+01 1.208304597359457233e+01 4.712748667179271678e+01 1.334166406412633421e+01 3.324154027718932269e+01 1.486606874731850603e+01 3.634556369077249371e+01 1.360147050873544394e+01 2.607680962081059661e+01 3.710795063055894616e+01 4.522167621838005402e+01 4.341658669218482203e+01 3.238826948140329165e+01 3.453983207834108526e+01 3.701351104664349378e+01 7.280109889280518054e+00 4.802082881417187821e+01 4.601086828130936368e+01 3.087069808086626210e+01 3.255764119219941222e+01 4.522167621838005402e+01
3.889730067755344578e+01 5.830951894845300743e+00 0.000000000000000000e+00 1.264911064067351809e+01 3.721558813185679071e+01 3.863935817272331263e+01 1.280624847486569706e+01 4.295346318982905842e+01 1.019803902718556898e+01 2.758622844826744469e+01 9.433981132056603158e+00 3.300000000000000000e+01 1.526433752247374720e+01 2.024845673131658685e+01 3.157530680769388809e+01 4.100000000000000000e+01 3.764306044943742080e+01 3.067572330035593353e+01 2.879236009777593708e+01 3.162277660168379256e+01 8.062257748298549132e+00 4.294182110716777601e+01 4.031128874149274566e+01 2.624880949681337583e+01 2.701851217221259205e+01 3.996248240537617136e+01
3.534119409414458346e+01 1.702938636592640265e+01 1.264911064067351809e+01 0.000000000000000000e+00 4.177319714841084419e+01 4.229657196511320194e+01 2.505992817228333536e+01 4.609772228646443892e+01 1.979898987322333070e+01 2.500000000000000000e+01 1.389244398944980396e+01 3.889730067755344578e+01 2.773084924772409465e+01 1.581138830084189628e+01 2.147091055358388800e+01 4.410215414239988974e+01 3.275667870831839679e+01 3.966106403010387993e+01 2.051828452868319275e+01 3.059411708155671050e+01 2.061552812808830382e+01 4.275511665286389729e+01 3.623534186398687496e+01 2.927456233660889495e+01 2.549509756796392423e+01 3.905124837953326988e+01
2.469817807045693669e+01 4.100000000000000000e+01 3.721558813185679071e+01 4.177319714841084419e+01 0.000000000000000000e+00 3.162277660168379523e+00 3.220248437620923454e+01 7.071067811865475505e+00 2.765863337187866122e+01 2.267156809750926882e+01 2.901723625709381693e+01 5.656854249492380582e+00 3.361547262794321966e+01 2.906888370749726747e+01 4.110960958218893069e+01 5.830951894845300743e+00 2.817800560721074277e+01 1.612451549659709826e+01 3.546829570193639825e+01 1.780449381476485726e+01 3.478505426185217431e+01 1.603121954188139853e+01 2.657066051117284644e+01 1.264911064067351809e+01 2.061552812808830382e+01 1.726267650163206824e+01
2.236067977499789805e+01 4.272001872658765365e+01 3.863935817272331263e+01 4.229657196511320194e+01 3.162277660168379523e+00 0.000000000000000000e+00 3.448187929913333249e+01 4.472135954999579610e+00 2.941088233970548416e+01 2.163330765278393741e+01 3.006659275674581622e+01 8.602325267042626677e+00 3.605551275463989214e+01 2.879236009777593708e+01 4.000000000000000000e+01 2.828427124746190291e+00 2.607680962081059661e+01 1.923538406167134340e+01 3.440930106817050671e+01 1.627882059609970611e+01 3.676955262170046979e+01 1.300000000000000000e+01 2.416609194718914466e+01 1.303840481040529831e+01 1.972308292331602075e+01 1.456021977856103611e+01
4.205948168962618183e+01 1.208304597359457233e+01 1.280624847486569706e+01 2.505992817228333536e+01 3.220248437620923454e+01 3.448187929913333249e+01 0.000000000000000000e+00 3.894868418830089496e+01 8.246211251235321171e+00 3.138470965295043058e+01 1.500000000000000000e+01 2.692582403567251959e+01 3.000000000000000000e+00 2.716615541441224835e+01 4.104875150354758517e+01 3.721558813185679071e+01 4.215447781671598193e+01 2.100000000000000000e+01 3.705401462729781059e+01 3.328663395418647752e+01 5.000000000000000000e+00 4.242640687119285303e+01 4.382921400162225467e+01 2.475883680627989492e+01 2.996664812754339380e+01 4.045985664828781836e+01
2.280350850198275836e+01 4.712748667179271678e+01 4.295346318982905842e+01 4.609772228646443892e+01 7.071067811865475505e+00 4.472135954999579610e+00 3.894868418830089496e+01 0.000000000000000000e+00 3.383784863137726262e+01 2.416609194718914466e+01 3.423448553724738019e+01 1.272792206135785520e+01 4.049691346263317371e+01 3.201562118716424266e+01 4.219004621945797595e+01 2.000000000000000000e+00 2.690724809414741969e+01 2.302172886644267535e+01 3.671511950137163893e+01 1.835755975068581947e+01 4.123105625617660763e+01 1.170469991071962568e+01 2.441311123146740414e+01 1.702938636592640265e+01 2.247220505424423109e+01 1.442220510185595650e+01
3.413209633175202384e+01 1.334166406412633421e+01 1.019803902718556898e+01 1.979898987322333070e+01 2.765863337187866122e+01 2.941088233970548416e+01 8.246211251235321171e+00 3.383784863137726262e+01 0.000000000000000000e+00 2.325940669922601600e+01 7.280109889280518054e+00 2.308679276123039159e+01 1.118033988749894903e+01 1.902629759044044633e+01 3.324154027718932269e+01 3.195309061734091571e+01 3.401470270338990076e+01 2.061552812808830382e+01 2.900000000000000000e+01 2.561249694973139412e+01 7.810249675906653977e+00 3.560898762952971452e+01 3.584689665786984136e+01 1.802775637731994607e+01 2.195449840010014952e+01 3.324154027718932269e+01
1.131370849898476116e+01 3.324154027718932269e+01 2.758622844826744469e+01 2.500000000000000000e+01 2.267156809750926882e+01 2.163330765278393741e+01 3.138470965295043058e+01 2.416609194718914466e+01 2.325940669922601600e+01 0.000000000000000000e+00 1.843908891458577415e+01 2.302172886644267535e+01 3.417601498127012150e+01 9.219544457292887074e+00 1.843908891458577415e+01 2.236067977499789805e+01 1.077032961426900748e+01 3.036445290137795183e+01 1.280624847486569706e+01 6.082762530298219339e+00 3.052867504494749440e+01 1.802775637731994607e+01 1.280624847486569706e+01 1.208304597359457233e+01 2.236067977499789805e+00 1.414213562373095101e+01
2.973213749463701205e+01 1.486606874731850603e+01 9.433981132056603158e+00 1.389244398944980396e+01 2.901723625709381693e+01 3.006659275674581622e+01 1.500000000000000000e+01 3.423448553724738019e+01 7.280109889280518054e+00 1.843908891458577415e+01 0.000000000000000000e+00 2.549509756796392423e+01 1.800000000000000000e+01 1.236931687685298087e+01 2.607680962081059661e+01 3.224903099319419653e+01 2.884441020371191300e+01 2.580697580112788003e+01 2.209072203437452231e+01 2.220360331117451835e+01 1.264911064067351809e+01 3.354101966249684352e+01 3.124099870362661591e+01 1.726267650163206824e+01 1.769180601295413169e+01 3.052867504494749440e+01
2.745906043549196340e+01 3.634556369077249371e+01 3.300000000000000000e+01 3.889730067755344578e+01 5.656854249492380582e+00 8.602325267042626677e+00 2.692582403567251959e+01 1.272792206135785520e+01 2.308679276123039159e+01 2.302172886644267535e+01 2.549509756796392423e+01 0.000000000000000000e+00 2.817800560721074277e+01 2.780287754891568852e+01 4.110960958218893069e+01 1.140175425099137918e+01 3.036445290137795183e+01 1.077032961426900748e+01 3.546829570193639825e+01 1.931320791582796659e+01 2.983286778035259701e+01 2.061552812808830382e+01 2.942787793912432193e+01 1.131370849898476116e+01 2.080865204668481283e+01 2.102379604162863913e+01
4.472135954999579610e+01 1.360147050873544394e+01 1.526433752247374720e+01 2.773084924772409465e+01 3.361547262794321966e+01 3.605551275463989214e+01 3.000000000000000000e+00 4.049691346263317371e+01 1.118033988749894903e+01 3.417601498127012150e+01 1.800000000000000000e+01 2.817800560721074277e+01 0.000000000000000000e+00 3.014962686336266984e+01 4.404543109109047805e+01 3.883297567789519888e+01 4.494441010848846219e+01 2.121320343559642652e+01 4.004996878900157498e+01 3.584689665786984136e+01 7.211102550927978250e+00 4.459820624195551630e+01 4.651881339845203200e+01 2.701851217221259205e+01 3.269556544854363267e+01 4.280186911806539030e+01
1.972308292331602075e+01 2.607680962081059661e+01 2.024845673131658685e+01 1.581138830084189628e+01 2.906888370749726747e+01 2.879236009777593708e+01 2.716615541441224835e+01 3.201562118716424266e+01 1.902629759044044633e+01 9.219544457292887074e+00 1.236931687685298087e+01 2.780287754891568852e+01 3.014962686336266984e+01 0.000000000000000000e+00 1.486606874731850603e+01 3.008321791298264714e+01 1.769180601295413169e+01 3.244996147917590434e+01 1.004987562112088995e+01 1.503329637837290811e+01 2.500000000000000000e+01 2.716615541441224835e+01 2.080865204668481283e+01 1.664331697709323876e+01 1.000000000000000000e+01 2.334523505985750447e+01
2.236067977499789805e+01 3.710795063055894616e+01 3.157530680769388809e+01 2.147091055358388800e+01 4.110960958218893069e+01 4.000000000000000000e+01 4.104875150354758517e+01 4.219004621945797595e+01 3.324154027718932269e+01 1.843908891458577415e+01 2.607680962081059661e+01 4.110960958218893069e+01 4.404543109109047805e+01 1.486606874731850603e+01 0.000000000000000000e+00 4.049691346263317371e+01 1.811077027627483460e+01 4.701063709417263681e+01 5.656854249492380582e+00 2.385372088375312671e+01 3.805259518088089266e+01 3.383784863137726262e+01 2.209072203437452231e+01 2.983286778035259701e+01 2.051828452868319275e+01 2.973213749463701205e+01
2.163330765278393741e+01 4.522167621838005402e+01 4.100000000000000000e+01 4.410215414239988974e+01 5.830951894845300743e+00 2.828427124746190291e+00 3.721558813185679071e+01 2.000000000000000000e+00 3.195309061734091571e+01 2.236067977499789805e+01 3.224903099319419653e+01 1.140175425099137918e+01 3.883297567789519888e+01 3.008321791298264714e+01 4.049691346263317371e+01 0.000000000000000000e+00 2.561249694973139412e+01 2.195449840010014952e+01 3.498571136907180090e+01 1.664331697709323876e+01 3.939543120718441571e+01 1.118033988749894903e+01 2.332380757938120297e+01 1.503329637837290811e+01 2.061552812808830382e+01 1.341640786499873883e+01
4.472135954999579610e+00 4.341658669218482203e+01 3.764306044943742080e+01 3.275667870831839679e+01 2.817800560721074277e+01 2.607680962081059661e+01 4.215447781671598193e+01 2.690724809414741969e+01 3.401470270338990076e+01 1.077032961426900748e+01 2.884441020371191300e+01 3.036445290137795183e+01 4.494441010848846219e+01 1.769180601295413169e+01 1.811077027627483460e+01 2.561249694973139412e+01 0.000000000000000000e+00 3.931920650267500150e+01 1.414213562373095101e+01 1.118033988749894903e+01 4.118252056394800320e+01 1.664331697709323876e+01 4.000000000000000000e+00 2.102379604162863913e+01 1.236931687685298087e+01 1.280624847486569706e+01
3.701351104664349378e+01 3.238826948140329165e+01 3.067572330035593353e+01 3.966106403010387993e+01 1.612451549659709826e+01 1.923538406167134340e+01 2.100000000000000000e+01 2.302172886644267535e+01 2.061552812808830382e+01 3.036445290137795183e+01 2.580697580112788003e+01 1.077032961426900748e+01 2.121320343559642652e+01 3.244996147917590434e+01 4.701063709417263681e+01 2.195449840010014952e+01 3.931920650267500150e+01 0.000000000000000000e+00 4.159326868617084472e+01 2.816025568065744622e+01 2.517935662402834396e+01 3.132091952673165025e+01 3.901281840626231912e+01 1.843908891458577415e+01 2.816025568065744622e+01 3.140063693621516450e+01
1.800000000000000000e+01 3.453983207834108526e+01 2.879236009777593708e+01 2.051828452868319275e+01 3.546829570193639825e+01 3.440930106817050671e+01 3.705401462729781059e+01 3.671511950137163893e+01 2.900000000000000000e+01 1.280624847486569706e+01 2.209072203437452231e+01 3.546829570193639825e+01 4.004996878900157498e+01 1.004987562112088995e+01 5.656854249492380582e+00 3.498571136907180090e+01 1.414213562373095101e+01 4.159326868617084472e+01 0.000000000000000000e+00 1.835755975068581947e+01 3.452535300326413648e+01 2.886173937932362321e+01 1.811077027627483460e+01 2.420743687382040932e+01 1.486606874731850603e+01 2.473863375370596174e+01
9.219544457292887074e+00 3.701351104664349378e+01 3.162277660168379256e+01 3.059411708155671050e+01 1.780449381476485726e+01 1.627882059609970611e+01 3.328663395418647752e+01 1.835755975068581947e+01 2.561249694973139412e+01 6.082762530298219339e+00 2.220360331117451835e+01 1.931320791582796659e+01 3.584689665786984136e+01 1.503329637837290811e+01 2.385372088375312671e+01 1.664331697709323876e+01 1.118033988749894903e+01 2.816025568065744622e+01 1.835755975068581947e+01 0.000000000000000000e+00 3.330165161069342616e+01 1.216552506059643868e+01 1.118033988749894903e+01 1.004987562112088995e+01 5.099019513592784492e+00 8.544003745317530374e+00
4.161730409336962566e+01 7.280109889280518054e+00 8.062257748298549132e+00 2.061552812808830382e+01 3.478505426185217431e+01 3.676955262170046979e+01 5.000000000000000000e+00 4.123105625617660763e+01 7.810249675906653977e+00 3.052867504494749440e+01 1.264911064067351809e+01 2.983286778035259701e+01 7.211102550927978250e+00 2.500000000000000000e+01 3.805259518088089266e+01 3.939543120718441571e+01 4.118252056394800320e+01 2.517935662402834396e+01 3.452535300326413648e+01 3.330165161069342616e+01 0.000000000000000000e+00 4.341658669218482203e+01 4.326661530556787483e+01 2.580697580112788003e+01 2.941088233970548416e+01 4.103656905736638549e+01
1.220655561573370207e+01 4.802082881417187821e+01 4.294182110716777601e+01 4.275511665286389729e+01 1.603121954188139853e+01 1.300000000000000000e+01 4.242640687119285303e+01 1.170469991071962568e+01 3.560898762952971452e+01 1.802775637731994607e+01 3.354101966249684352e+01 2.061552812808830382e+01 4.459820624195551630e+01 2.716615541441224835e+01 3.383784863137726262e+01 1.118033988749894903e+01 1.664331697709323876e+01 3.132091952673165025e+01 2.886173937932362321e+01 1.216552506059643868e+01 4.341658669218482203e+01 0.000000000000000000e+00 1.345362404707370985e+01 1.769180601295413169e+01 1.726267650163206824e+01 4.123105625617660586e+00
2.000000000000000000e+00 4.601086828130936368e+01 4.031128874149274566e+01 3.623534186398687496e+01 2.657066051117284644e+01 2.416609194718914466e+01 4.382921400162225467e+01 2.441311123146740414e+01 3.584689665786984136e+01 1.280624847486569706e+01 3.124099870362661591e+01 2.942787793912432193e+01 4.651881339845203200e+01 2.080865204668481283e+01 2.209072203437452231e+01 2.332380757938120297e+01 4.000000000000000000e+00 3.901281840626231912e+01 1.811077027627483460e+01 1.118033988749894903e+01 4.326661530556787483e+01 1.345362404707370985e+01 0.000000000000000000e+00 2.121320343559642652e+01 1.389244398944980396e+01 1.000000000000000000e+01
1.923538406167134340e+01 3.087069808086626210e+01 2.624880949681337583e+01 2.927456233660889495e+01 1.264911064067351809e+01 1.303840481040529831e+01 2.475883680627989492e+01 1.702938636592640265e+01 1.802775637731994607e+01 1.208304597359457233e+01 1.726267650163206824e+01 1.131370849898476116e+01 2.701851217221259205e+01 1.664331697709323876e+01 2.983286778035259701e+01 1.503329637837290811e+01 2.102379604162863913e+01 1.843908891458577415e+01 2.420743687382040932e+01 1.004987562112088995e+01 2.580697580112788003e+01 1.769180601295413169e+01 2.121320343559642652e+01 0.000000000000000000e+00 9.848857801796103928e+00 1.581138830084189628e+01
1.220655561573370207e+01 3.255764119219941222e+01 2.701851217221259205e+01 2.549509756796392423e+01 2.061552812808830382e+01 1.972308292331602075e+01 2.996664812754339380e+01 2.247220505424423109e+01 2.195449840010014952e+01 2.236067977499789805e+00 1.769180601295413169e+01 2.080865204668481283e+01 3.269556544854363267e+01 1.000000000000000000e+01 2.051828452868319275e+01 2.061552812808830382e+01 1.236931687685298087e+01 2.816025568065744622e+01 1.486606874731850603e+01 5.099019513592784492e+00 2.941088233970548416e+01 1.726267650163206824e+01 1.389244398944980396e+01 9.848857801796103928e+00 0.000000000000000000e+00 1.360147050873544394e+01
8.485281374238569541e+00 4.522167621838005402e+01 3.996248240537617136e+01 3.905124837953326988e+01 1.726267650163206824e+01 1.456021977856103611e+01 4.045985664828781836e+01 1.442220510185595650e+01 3.324154027718932269e+01 1.414213562373095101e+01 3.052867504494749440e+01 2.102379604162863913e+01 4.280186911806539030e+01 2.334523505985750447e+01 2.973213749463701205e+01 1.341640786499873883e+01 1.280624847486569706e+01 3.140063693621516450e+01 2.473863375370596174e+01 8.544003745317530374e+00 4.103656905736638549e+01 4.123105625617660586e+00 1.000000000000000000e+01 1.581138830084189628e+01 1.360147050873544394e+01 0.000000000000000000e+00
