0.000000000000000000e+00 3.244996147917590434e+01 3.860051813123756403e+01 1.280624847486569706e+01 5.830951894845300743e+00 7.810249675906653977e+00 2.751363298439520833e+01 2.817800560721074277e+01 1.118033988749894903e+01 2.319482700948640286e+01 3.124099870362661591e+01 9.848857801796103928e+00 2.594224354214569317e+01 2.507987240796890660e+01 2.000000000000000000e+00 8.062257748298549132e+00 7.211102550927978250e+00 3.894868418830089496e+01 3.201562118716424266e+01 2.022374841615668473e+01 2.147091055358388800e+01 1.456021977856103611e+01 2.118962010041709121e+01 3.008321791298264714e+01 1.118033988749894903e+01 2.657066051117284644e+01 3.220248437620923454e+01 1.118033988749894903e+01
3.244996147917590434e+01 0.000000000000000000e+00 6.403124237432848531e+00 3.590264614203248072e+01 2.729468812791236232e+01 3.114482300479487265e+01 9.055385138137417300e+00 1.565247584249852864e+01 4.294182110716777601e+01 2.137755832643194864e+01 9.219544457292887074e+00 2.842534080710379030e+01 1.581138830084189628e+01 3.733630940518894192e+01 3.138470965295043058e+01 3.676955262170046979e+01 3.966106403010387993e+01 7.071067811865475505e+00 1.077032961426900748e+01 1.655294535724684835e+01 1.131370849898476116e+01 3.125699921617556853e+01 3.405877273185280529e+01 1.019803902718556898e+01 2.262741699796952233e+01 1.931320791582796659e+01 1.414213562373095145e+00 4.123105625617660763e+01
3.860051813123756403e+01 6.403124237432848531e+00 0.000000000000000000e+00 4.110960958218893069e+01 3.328663395418647752e+01 3.753664875824691904e+01 1.486606874731850603e+01 1.811077027627483460e+01 4.887739763939974580e+01 2.720294101747088789e+01 1.104536101718726115e+01 3.482814953453599571e+01 1.900000000000000000e+01 4.100000000000000000e+01 3.744329045369811126e+01 4.248529157249600274e+01 4.580392996239514503e+01 5.000000000000000000e+00 1.500000000000000000e+01 2.282542442102665348e+01 1.769180601295413169e+01 3.613862199918530393e+01 3.811823710509183627e+01 1.513274595042155646e+01 2.900000000000000000e+01 2.209072203437452231e+01 6.403124237432848531e+00 4.695742752749558235e+01
1.280624847486569706e+01 3.590264614203248072e+01 4.110960958218893069e+01 0.000000000000000000e+00 1.208304597359457233e+01 2.051828452868319275e+01 3.401470270338990076e+01 2.580697580112788003e+01 1.236931687685298087e+01 3.361547262794321966e+01 3.130495168499705727e+01 2.202271554554523902e+01 2.385372088375312671e+01 1.315294643796590535e+01 1.131370849898476116e+01 6.082762530298219339e+00 1.414213562373095101e+01 4.295346318982905842e+01 3.905124837953326988e+01 2.886173937932362321e+01 2.700000000000000000e+01 5.656854249492380582e+00 1.004987562112088995e+01 3.705401462729781059e+01 2.061552812808830382e+01 2.267156809750926882e+01 3.517101079013794873e+01 8.544003745317530374e+00
5.830951894845300743e+00 2.729468812791236232e+01 3.328663395418647752e+01 1.208304597359457233e+01 0.000000000000000000e+00 1.044030650891055068e+01 2.334523505985750447e+01 2.236067977499789805e+01 1.565247584249852864e+01 2.154065922853801496e+01 2.549509756796392423e+01 1.081665382639196871e+01 2.012461179749810825e+01 2.220360331117451835e+01 4.242640687119284770e+00 1.004987562112088995e+01 1.272792206135785520e+01 3.401470270338990076e+01 2.816025568065744622e+01 1.711724276862369010e+01 1.676305461424021104e+01 1.140175425099137918e+01 1.802775637731994607e+01 2.617250465660480074e+01 8.544003745317530374e+00 2.088061301782110135e+01 2.692582403567251959e+01 1.431782106327635340e+01
7.810249675906653977e+00 3.114482300479487265e+01 3.753664875824691904e+01 2.051828452868319275e+01 1.044030650891055068e+01 0.000000000000000000e+00 2.441311123146740414e+01 3.080584360149872580e+01 1.726267650163206824e+01 1.711724276862369010e+01 3.220248437620923454e+01 3.162277660168379523e+00 2.863564212655270680e+01 3.224903099319419653e+01 9.219544457292887074e+00 1.581138830084189628e+01 1.204159457879229578e+01 3.687817782917154830e+01 2.817800560721074277e+01 1.612451549659709826e+01 1.984943324127920761e+01 2.147091055358388800e+01 2.817800560721074277e+01 2.641968962724581260e+01 8.602325267042626677e+00 3.014962686336266984e+01 3.124099870362661591e+01 1.838477631085023489e+01
2.751363298439520833e+01 9.055385138137417300e+00 1.486606874731850603e+01 3.401470270338990076e+01 2.334523505985750447e+01 2.441311123146740414e+01 0.000000000000000000e+00 2.061552812808830382e+01 3.860051813123756403e+01 1.236931687685298087e+01 1.615549442140351033e+01 2.140093455903269515e+01 1.979898987322333070e+01 3.862641583165593318e+01 2.692582403567251959e+01 3.337663853655727308e+01 3.453983207834108526e+01 1.280624847486569706e+01 5.099019513592784492e+00 8.485281374238569541e+00 7.071067811865475505e+00 3.041381265149109936e+01 3.478505426185217431e+01 3.162277660168379523e+00 1.655294535724684835e+01 2.334523505985750447e+01 1.000000000000000000e+01 3.765634076752546378e+01
2.817800560721074277e+01 1.565247584249852864e+01 1.811077027627483460e+01 2.580697580112788003e+01 2.236067977499789805e+01 3.080584360149872580e+01 2.061552812808830382e+01 0.000000000000000000e+00 3.612478373637688378e+01 2.973213749463701205e+01 7.071067811865475505e+00 2.927456233660889495e+01 2.236067977499789805e+00 2.308679276123039159e+01 2.641968962724581260e+01 2.900000000000000000e+01 3.466987164671942878e+01 2.184032966784155505e+01 2.475883680627989492e+01 2.308679276123039159e+01 1.615549442140351033e+01 2.024845673131658685e+01 2.061552812808830382e+01 2.334523505985750447e+01 2.308679276123039159e+01 4.000000000000000000e+00 1.431782106327635340e+01 3.324154027718932269e+01
1.118033988749894903e+01 4.294182110716777601e+01 4.887739763939974580e+01 1.236931687685298087e+01 1.565247584249852864e+01 1.726267650163206824e+01 3.860051813123756403e+01 3.612478373637688378e+01 0.000000000000000000e+00 3.401470270338990076e+01 4.045985664828781836e+01 2.009975124224177989e+01 3.397057550292606010e+01 2.501999200639360765e+01 1.170469991071962568e+01 7.211102550927978250e+00 5.385164807134503739e+00 4.965883607174054504e+01 4.317406628984580408e+01 3.140063693621516450e+01 3.231098884280702066e+01 1.746424919657297892e+01 2.236067977499789805e+01 4.123105625617660763e+01 2.236067977499789805e+01 3.360059523282288296e+01 4.254409477236529824e+01 4.000000000000000000e+00
2.319482700948640286e+01 2.137755832643194864e+01 2.720294101747088789e+01 3.361547262794321966e+01 2.154065922853801496e+01 1.711724276862369010e+01 1.236931687685298087e+01 2.973213749463701205e+01 3.401470270338990076e+01 0.000000000000000000e+00 2.716615541441224835e+01 1.403566884761819900e+01 2.823118842698620767e+01 4.201190307520000999e+01 2.353720459187963954e+01 3.080584360149872580e+01 2.901723625709381693e+01 2.459674775249768786e+01 1.360147050873544394e+01 6.708203932499369415e+00 1.360147050873544394e+01 3.190611226708763226e+01 3.780211634287159939e+01 1.252996408614166768e+01 1.300000000000000000e+01 3.130495168499705727e+01 2.220360331117451835e+01 3.436568055487916240e+01
3.124099870362661591e+01 9.219544457292887074e+00 1.104536101718726115e+01 3.130495168499705727e+01 2.549509756796392423e+01 3.220248437620923454e+01 1.615549442140351033e+01 7.071067811865475505e+00 4.045985664828781836e+01 2.716615541441224835e+01 0.000000000000000000e+00 3.008321791298264714e+01 8.062257748298549132e+00 3.001666203960726875e+01 2.973213749463701205e+01 3.360059523282288296e+01 3.820994634908559817e+01 1.486606874731850603e+01 1.941648783894759944e+01 2.100000000000000000e+01 1.403566884761819900e+01 2.600000000000000000e+01 2.729468812791236232e+01 1.835755975068581947e+01 2.376972864800942631e+01 1.104536101718726115e+01 7.810249675906653977e+00 3.801315561749642313e+01
9.848857801796103928e+00 2.842534080710379030e+01 3.482814953453599571e+01 2.202271554554523902e+01 1.081665382639196871e+01 3.162277660168379523e+00 2.140093455903269515e+01 2.927456233660889495e+01 2.009975124224177989e+01 1.403566884761819900e+01 3.008321791298264714e+01 0.000000000000000000e+00 2.716615541441224835e+01 3.301514803843835466e+01 1.081665382639196871e+01 1.788854381999831844e+01 1.500000000000000000e+01 3.397057550292606010e+01 2.505992817228333536e+01 1.303840481040529831e+01 1.720465053408525335e+01 2.220360331117451835e+01 2.884441020371191300e+01 2.332380757938120297e+01 6.324555320336759046e+00 2.900000000000000000e+01 2.860069929215018192e+01 2.088061301782110135e+01
2.594224354214569317e+01 1.581138830084189628e+01 1.900000000000000000e+01 2.385372088375312671e+01 2.012461179749810825e+01 2.863564212655270680e+01 1.979898987322333070e+01 2.236067977499789805e+00 3.397057550292606010e+01 2.823118842698620767e+01 8.062257748298549132e+00 2.716615541441224835e+01 0.000000000000000000e+00 2.200000000000000000e+01 2.418677324489564739e+01 2.687005768508880621e+01 3.244996147917590434e+01 2.236067977499789805e+01 2.420743687382040932e+01 2.154065922853801496e+01 1.476482306023340030e+01 1.835755975068581947e+01 1.923538406167134340e+01 2.267156809750926882e+01 2.102379604162863913e+01 3.605551275463989125e+00 1.456021977856103611e+01 3.114482300479487265e+01
2.507987240796890660e+01 3.733630940518894192e+01 4.100000000000000000e+01 1.315294643796590535e+01 2.220360331117451835e+01 3.224903099319419653e+01 3.862641583165593318e+01 2.308679276123039159e+01 2.501999200639360765e+01 4.201190307520000999e+01 3.001666203960726875e+01 3.301514803843835466e+01 2.200000000000000000e+01 0.000000000000000000e+00 2.325940669922601600e+01 1.923538406167134340e+01 2.729468812791236232e+01 4.418144406874904462e+01 4.365775990588614519e+01 3.605551275463989214e+01 3.178049716414140846e+01 1.081665382639196871e+01 4.242640687119284770e+00 4.178516483155235761e+01 2.969848480983499428e+01 1.910497317454279909e+01 3.622154055254966920e+01 2.102379604162863913e+01
2.000000000000000000e+00 3.138470965295043058e+01 3.744329045369811126e+01 1.131370849898476116e+01 4.242640687119284770e+00 9.219544457292887074e+00 2.692582403567251959e+01 2.641968962724581260e+01 1.170469991071962568e+01 2.353720459187963954e+01 2.973213749463701205e+01 1.081665382639196871e+01 2.418677324489564739e+01 2.325940669922601600e+01 0.000000000000000000e+00 7.280109889280518054e+00 8.485281374238569541e+00 3.801315561749642313e+01 3.157530680769388809e+01 2.002498439450078749e+01 2.061552812808830382e+01 1.264911064067351809e+01 1.931320791582796659e+01 2.961418578992169515e+01 1.100000000000000000e+01 2.469817807045693669e+01 3.106444913401813324e+01 1.100000000000000000e+01
8.062257748298549132e+00 3.676955262170046979e+01 4.248529157249600274e+01 6.082762530298219339e+00 1.004987562112088995e+01 1.581138830084189628e+01 3.337663853655727308e+01 2.900000000000000000e+01 7.211102550927978250e+00 3.080584360149872580e+01 3.360059523282288296e+01 1.788854381999831844e+01 2.687005768508880621e+01 1.923538406167134340e+01 7.280109889280518054e+00 0.000000000000000000e+00 8.062257748298549132e+00 4.365775990588614519e+01 3.820994634908559817e+01 2.701851217221259205e+01 2.668332812825266842e+01 1.044030650891055068e+01 1.600000000000000000e+01 3.622154055254966920e+01 1.811077027627483460e+01 2.640075756488817049e+01 3.624913792078371699e+01 4.472135954999579610e+00
7.211102550927978250e+00 3.966106403010387993e+01 4.580392996239514503e+01 1.414213562373095101e+01 1.272792206135785520e+01 1.204159457879229578e+01 3.453983207834108526e+01 3.466987164671942878e+01 5.385164807134503739e+00 2.901723625709381693e+01 3.820994634908559817e+01 1.500000000000000000e+01 3.244996147917590434e+01 2.729468812791236232e+01 8.485281374238569541e+00 8.062257748298549132e+00 0.000000000000000000e+00 4.614108798023730884e+01 3.889730067755344578e+01 2.692582403567251959e+01 2.865309756378880479e+01 1.811077027627483460e+01 2.402082429892862692e+01 3.700000000000000000e+01 1.802775637731994607e+01 3.264965543462901820e+01 3.940812099047606409e+01 7.810249675906653977e+00
3.894868418830089496e+01 7.071067811865475505e+00 5.000000000000000000e+00 4.295346318982905842e+01 3.401470270338990076e+01 3.687817782917154830e+01 1.280624847486569706e+01 2.184032966784155505e+01 4.965883607174054504e+01 2.459674775249768786e+01 1.486606874731850603e+01 3.397057550292606010e+01 2.236067977499789805e+01 4.418144406874904462e+01 3.801315561749642313e+01 4.365775990588614519e+01 4.614108798023730884e+01 0.000000000000000000e+00 1.140175425099137918e+01 2.126029162546929996e+01 1.749285568453590045e+01 3.832753579347360073e+01 4.101219330881975367e+01 1.208304597359457233e+01 2.860069929215018192e+01 2.570992026436488231e+01 8.000000000000000000e+00 4.810405388322277531e+01
3.201562118716424266e+01 1.077032961426900748e+01 1.500000000000000000e+01 3.905124837953326988e+01 2.816025568065744622e+01 2.817800560721074277e+01 5.099019513592784492e+00 2.475883680627989492e+01 4.317406628984580408e+01 1.360147050873544394e+01 1.941648783894759944e+01 2.505992817228333536e+01 2.420743687382040932e+01 4.365775990588614519e+01 3.157530680769388809e+01 3.820994634908559817e+01 3.889730067755344578e+01 1.140175425099137918e+01 0.000000000000000000e+00 1.208304597359457233e+01 1.216552506059643868e+01 3.551056180912940619e+01 3.984971769034255118e+01 2.000000000000000000e+00 2.088061301782110135e+01 2.780287754891568852e+01 1.208304597359457233e+01 4.242640687119285303e+01
2.022374841615668473e+01 1.655294535724684835e+01 2.282542442102665348e+01 2.886173937932362321e+01 1.711724276862369010e+01 1.612451549659709826e+01 8.485281374238569541e+00 2.308679276123039159e+01 3.140063693621516450e+01 6.708203932499369415e+00 2.100000000000000000e+01 1.303840481040529831e+01 2.154065922853801496e+01 3.605551275463989214e+01 2.002498439450078749e+01 2.701851217221259205e+01 2.692582403567251959e+01 2.126029162546929996e+01 1.208304597359457233e+01 0.000000000000000000e+00 7.071067811865475505e+00 2.640075756488817049e+01 3.190611226708763226e+01 1.029563014098700080e+01 9.055385138137417300e+00 2.459674775249768786e+01 1.708800749063506075e+01 3.101612483854164637e+01
2.147091055358388800e+01 1.131370849898476116e+01 1.769180601295413169e+01 2.700000000000000000e+01 1.676305461424021104e+01 1.984943324127920761e+01 7.071067811865475505e+00 1.615549442140351033e+01 3.231098884280702066e+01 1.360147050873544394e+01 1.403566884761819900e+01 1.720465053408525335e+01 1.476482306023340030e+01 3.178049716414140846e+01 2.061552812808830382e+01 2.668332812825266842e+01 2.865309756378880479e+01 1.749285568453590045e+01 1.216552506059643868e+01 7.071067811865475505e+00 0.000000000000000000e+00 2.334523505985750447e+01 2.785677655436823841e+01 1.019803902718556898e+01 1.131370849898476116e+01 1.802775637731994607e+01 1.140175425099137918e+01 3.104834939252004844e+01
1.456021977856103611e+01 3.125699921617556853e+01 3.613862199918530393e+01 5.656854249492380582e+00 1.140175425099137918e+01 2.147091055358388800e+01 3.041381265149109936e+01 2.024845673131658685e+01 1.746424919657297892e+01 3.190611226708763226e+01 2.600000000000000000e+01 2.220360331117451835e+01 1.835755975068581947e+01 1.081665382639196871e+01 1.264911064067351809e+01 1.044030650891055068e+01 1.811077027627483460e+01 3.832753579347360073e+01 3.551056180912940619e+01 2.640075756488817049e+01 2.334523505985750447e+01 0.000000000000000000e+00 6.708203932499369415e+00 3.354101966249684352e+01 1.920937271229854559e+01 1.702938636592640265e+01 3.041381265149109936e+01 1.389244398944980396e+01
2.118962010041709121e+01 3.405877273185280529e+01 3.811823710509183627e+01 1.004987562112088995e+01 1.802775637731994607e+01 2.817800560721074277e+01 3.478505426185217431e+01 2.061552812808830382e+01 2.236067977499789805e+01 3.780211634287159939e+01 2.729468812791236232e+01 2.884441020371191300e+01 1.923538406167134340e+01 4.242640687119284770e+00 1.931320791582796659e+01 1.600000000000000000e+01 2.402082429892862692e+01 4.101219330881975367e+01 3.984971769034255118e+01 3.190611226708763226e+01 2.785677655436823841e+01 6.708203932499369415e+00 0.000000000000000000e+00 3.794733192202055250e+01 2.545584412271571040e+01 1.676305461424021104e+01 3.301514803843835466e+01 1.843908891458577415e+01
3.008321791298264714e+01 1.019803902718556898e+01 1.513274595042155646e+01 3.705401462729781059e+01 2.617250465660480074e+01 2.641968962724581260e+01 3.162277660168379523e+00 2.334523505985750447e+01 4.123105625617660763e+01 1.252996408614166768e+01 1.835755975068581947e+01 2.332380757938120297e+01 2.267156809750926882e+01 4.178516483155235761e+01 2.961418578992169515e+01 3.622154055254966920e+01 3.700000000000000000e+01 1.208304597359457233e+01 2.000000000000000000e+00 1.029563014098700080e+01 1.019803902718556898e+01 3.354101966249684352e+01 3.794733192202055250e+01 0.000000000000000000e+00 1.897366596101027625e+01 2.624880949681337583e+01 1.140175425099137918e+01 4.044749683231336945e+01
1.118033988749894903e+01 2.262741699796952233e+01 2.900000000000000000e+01 2.061552812808830382e+01 8.544003745317530374e+00 8.602325267042626677e+00 1.655294535724684835e+01 2.308679276123039159e+01 2.236067977499789805e+01 1.300000000000000000e+01 2.376972864800942631e+01 6.324555320336759046e+00 2.102379604162863913e+01 2.969848480983499428e+01 1.100000000000000000e+01 1.811077027627483460e+01 1.802775637731994607e+01 2.860069929215018192e+01 2.088061301782110135e+01 9.055385138137417300e+00 1.131370849898476116e+01 1.920937271229854559e+01 2.545584412271571040e+01 1.897366596101027625e+01 0.000000000000000000e+00 2.308679276123039159e+01 2.267156809750926882e+01 2.200000000000000000e+01
2.657066051117284644e+01 1.931320791582796659e+01 2.209072203437452231e+01 2.267156809750926882e+01 2.088061301782110135e+01 3.014962686336266984e+01 2.334523505985750447e+01 4.000000000000000000e+00 3.360059523282288296e+01 3.130495168499705727e+01 1.104536101718726115e+01 2.900000000000000000e+01 3.605551275463989125e+00 1.910497317454279909e+01 2.469817807045693669e+01 2.640075756488817049e+01 3.264965543462901820e+01 2.570992026436488231e+01 2.780287754891568852e+01 2.459674775249768786e+01 1.802775637731994607e+01 1.702938636592640265e+01 1.676305461424021104e+01 2.624880949681337583e+01 2.308679276123039159e+01 0.000000000000000000e+00 1.802775637731994607e+01 3.047950130825634218e+01
3.220248437620923454e+01 1.414213562373095145e+00 6.403124237432848531e+00 3.517101079013794873e+01 2.692582403567251959e+01 3.124099870362661591e+01 1.000000000000000000e+01 1.431782106327635340e+01 4.254409477236529824e+01 2.220360331117451835e+01 7.810249675906653977e+00 2.860069929215018192e+01 1.456021977856103611e+01 3.622154055254966920e+01 3.106444913401813324e+01 3.624913792078371699e+01 3.940812099047606409e+01 8.000000000000000000e+00 1.208304597359457233e+01 1.708800749063506075e+01 1.140175425099137918e+01 3.041381265149109936e+01 3.301514803843835466e+01 1.140175425099137918e+01 2.267156809750926882e+01 1.802775637731994607e+01 0.000000000000000000e+00 4.071854614300466579e+01
1.118033988749894903e+01 4.123105625617660763e+01 4.695742752749558235e+01 8.544003745317530374e+00 1.431782106327635340e+01 1.838477631085023489e+01 3.765634076752546378e+01 3.324154027718932269e+01 4.000000000000000000e+00 3.436568055487916240e+01 3.801315561749642313e+01 2.088061301782110135e+01 3.114482300479487265e+01 2.102379604162863913e+01 1.100000000000000000e+01 4.472135954999579610e+00 7.810249675906653977e+00 4.810405388322277531e+01 4.242640687119285303e+01 3.101612483854164637e+01 3.104834939252004844e+01 1.389244398944980396e+01 1.843908891458577415e+01 4.044749683231336945e+01 2.200000000000000000e+01 3.047950130825634218e+01 4.071854614300466579e+01 0.000000000000000000e+00
