0.000000000000000000e+00 1.063014581273464998e+01 3.195309061734091571e+01 2.137755832643194864e+01 1.788854381999831844e+01 3.466987164671942878e+01 3.905124837953326988e+01 4.472135954999579610e+00 3.206243908376279705e+01 2.912043955712207222e+01 3.328663395418647752e+01 7.615773105863908654e+00 6.000000000000000000e+00 3.801315561749642313e+01 2.102379604162863913e+01 1.552417469626002422e+01 3.748332962798262713e+01 2.800000000000000000e+01 1.503329637837290811e+01 1.931320791582796659e+01 1.900000000000000000e+01 2.102379604162863913e+01 1.746424919657297892e+01 1.702938636592640265e+01
1.063014581273464998e+01 0.000000000000000000e+00 2.319482700948640286e+01 1.334166406412633421e+01 8.062257748298549132e+00 2.459674775249768786e+01 2.860069929215018192e+01 1.252996408614166768e+01 2.451530134426252516e+01 2.500000000000000000e+01 2.325940669922601600e+01 1.486606874731850603e+01 1.526433752247374720e+01 2.745906043549196340e+01 1.204159457879229578e+01 8.944271909999159220e+00 2.690724809414741969e+01 2.118962010041709121e+01 1.063014581273464998e+01 1.104536101718726115e+01 1.442220510185595650e+01 1.941648783894759944e+01 9.486832980505138124e+00 1.081665382639196871e+01
3.195309061734091571e+01 2.319482700948640286e+01 0.000000000000000000e+00 2.785677655436823841e+01 2.256102834535695578e+01 8.062257748298549132e+00 1.400000000000000000e+01 3.517101079013794873e+01 3.500000000000000000e+01 4.162931659299729859e+01 7.280109889280518054e+00 3.785498646149540036e+01 3.764306044943742080e+01 2.154065922853801496e+01 1.118033988749894903e+01 1.655294535724684835e+01 1.529705854077835525e+01 3.448187929913333249e+01 1.802775637731994607e+01 1.264911064067351809e+01 1.555634918610404505e+01 3.981205847478876336e+01 2.668332812825266842e+01 2.961418578992169515e+01
2.137755832643194864e+01 1.334166406412633421e+01 2.785677655436823841e+01 0.000000000000000000e+00 6.403124237432848531e+00 2.507987240796890660e+01 2.630589287593181069e+01 2.061552812808830382e+01 1.118033988749894903e+01 1.389244398944980396e+01 2.418677324489564739e+01 2.109502310972898798e+01 2.325940669922601600e+01 2.059126028197400160e+01 1.920937271229854559e+01 2.024845673131658685e+01 2.353720459187963954e+01 8.062257748298549132e+00 2.282542442102665348e+01 1.979898987322333070e+01 2.580697580112788003e+01 1.315294643796590535e+01 4.000000000000000000e+00 5.000000000000000000e+00
1.788854381999831844e+01 8.062257748298549132e+00 2.256102834535695578e+01 6.403124237432848531e+00 0.000000000000000000e+00 2.121320343559642652e+01 2.376972864800942631e+01 1.843908891458577415e+01 1.708800749063506075e+01 2.000000000000000000e+01 2.009975124224177989e+01 1.984943324127920761e+01 2.126029162546929996e+01 2.051828452868319275e+01 1.303840481040529831e+01 1.389244398944980396e+01 2.147091055358388800e+01 1.442220510185595650e+01 1.655294535724684835e+01 1.345362404707370985e+01 1.941648783894759944e+01 1.726267650163206824e+01 4.123105625617660586e+00 7.071067811865475505e+00
3.466987164671942878e+01 2.459674775249768786e+01 8.062257748298549132e+00 2.507987240796890660e+01 2.121320343559642652e+01 0.000000000000000000e+00 6.082762530298219339e+00 3.712142238654116966e+01 2.996664812754339380e+01 3.807886552931954327e+01 1.414213562373095145e+00 3.939543120718441571e+01 3.982461550347975532e+01 1.389244398944980396e+01 1.414213562373095101e+01 2.051828452868319275e+01 7.280109889280518054e+00 3.036445290137795183e+01 2.280350850198275836e+01 1.627882059609970611e+01 2.147091055358388800e+01 3.800000000000000000e+01 2.507987240796890660e+01 2.807133769523639799e+01
3.905124837953326988e+01 2.860069929215018192e+01 1.400000000000000000e+01 2.630589287593181069e+01 2.376972864800942631e+01 6.082762530298219339e+00 0.000000000000000000e+00 4.104875150354758517e+01 2.886173937932362321e+01 3.811823710509183627e+01 7.280109889280518054e+00 4.304648650006176780e+01 4.382921400162225467e+01 1.000000000000000000e+01 1.941648783894759944e+01 2.580697580112788003e+01 3.162277660168379523e+00 3.014962686336266984e+01 2.830194339616981125e+01 2.163330765278393741e+01 2.731300056749532601e+01 3.945883931389771959e+01 2.720294101747088789e+01 3.008321791298264714e+01
4.472135954999579610e+00 1.252996408614166768e+01 3.517101079013794873e+01 2.061552812808830382e+01 1.843908891458577415e+01 3.712142238654116966e+01 4.104875150354758517e+01 0.000000000000000000e+00 3.059411708155671050e+01 2.630589287593181069e+01 3.577708763999663688e+01 3.162277660168379523e+00 2.828427124746190291e+00 3.894868418830089496e+01 2.404163056034261459e+01 1.910497317454279909e+01 3.920459156782531807e+01 2.630589287593181069e+01 1.902629759044044633e+01 2.256102834535695578e+01 2.308679276123039159e+01 1.772004514666934938e+01 1.700000000000000000e+01 1.581138830084189628e+01
3.206243908376279705e+01 2.451530134426252516e+01 3.500000000000000000e+01 1.118033988749894903e+01 1.708800749063506075e+01 2.996664812754339380e+01 2.886173937932362321e+01 3.059411708155671050e+01 0.000000000000000000e+00 1.077032961426900748e+01 2.952964612046680060e+01 3.036445290137795183e+01 3.298484500494128469e+01 2.002498439450078749e+01 2.860069929215018192e+01 3.087069808086626210e+01 2.570992026436488231e+01 4.472135954999579610e+00 3.361547262794321966e+01 2.968164415931165934e+01 3.623534186398687496e+01 1.702938636592640265e+01 1.513274595042155646e+01 1.503329637837290811e+01
2.912043955712207222e+01 2.500000000000000000e+01 4.162931659299729859e+01 1.389244398944980396e+01 2.000000000000000000e+01 3.807886552931954327e+01 3.811823710509183627e+01 2.630589287593181069e+01 1.077032961426900748e+01 0.000000000000000000e+00 3.736308338453881106e+01 2.501999200639360765e+01 2.807133769523639799e+01 3.014962686336266984e+01 3.301514803843835466e+01 3.324154027718932269e+01 3.505709628591620941e+01 8.000000000000000000e+00 3.546829570193639825e+01 3.342154993413680586e+01 3.889730067755344578e+01 9.055385138137417300e+00 1.627882059609970611e+01 1.421267040355189515e+01
3.328663395418647752e+01 2.325940669922601600e+01 7.280109889280518054e+00 2.418677324489564739e+01 2.009975124224177989e+01 1.414213562373095145e+00 7.280109889280518054e+00 3.577708763999663688e+01 2.952964612046680060e+01 3.736308338453881106e+01 0.000000000000000000e+00 3.807886552931954327e+01 3.847076812334268681e+01 1.431782106327635340e+01 1.272792206135785520e+01 1.910497317454279909e+01 8.062257748298549132e+00 2.973213749463701205e+01 2.140093455903269515e+01 1.486606874731850603e+01 2.012461179749810825e+01 3.701351104664349378e+01 2.402082429892862692e+01 2.701851217221259205e+01
7.615773105863908654e+00 1.486606874731850603e+01 3.785498646149540036e+01 2.109502310972898798e+01 1.984943324127920761e+01 3.939543120718441571e+01 4.304648650006176780e+01 3.162277660168379523e+00 3.036445290137795183e+01 2.501999200639360765e+01 3.807886552931954327e+01 0.000000000000000000e+00 3.162277660168379523e+00 4.031128874149274566e+01 2.668332812825266842e+01 2.202271554554523902e+01 4.104875150354758517e+01 2.596150997149434048e+01 2.209072203437452231e+01 2.531797780234432693e+01 2.617250465660480074e+01 1.612451549659709826e+01 1.780449381476485726e+01 1.612451549659709826e+01
6.000000000000000000e+00 1.526433752247374720e+01 3.764306044943742080e+01 2.325940669922601600e+01 2.126029162546929996e+01 3.982461550347975532e+01 4.382921400162225467e+01 2.828427124746190291e+00 3.298484500494128469e+01 2.807133769523639799e+01 3.847076812334268681e+01 3.162277660168379523e+00 0.000000000000000000e+00 4.177319714841084419e+01 2.657066051117284644e+01 2.137755832643194864e+01 4.201190307520000999e+01 2.863564212655270680e+01 2.102379604162863913e+01 2.500000000000000000e+01 2.500000000000000000e+01 1.923538406167134340e+01 1.972308292331602075e+01 1.838477631085023489e+01
3.801315561749642313e+01 2.745906043549196340e+01 2.154065922853801496e+01 2.059126028197400160e+01 2.051828452868319275e+01 1.389244398944980396e+01 1.000000000000000000e+01 3.894868418830089496e+01 2.002498439450078749e+01 3.014962686336266984e+01 1.431782106327635340e+01 4.031128874149274566e+01 4.177319714841084419e+01 0.000000000000000000e+00 2.220360331117451835e+01 2.789265136196270589e+01 7.071067811865475505e+00 2.220360331117451835e+01 3.080584360149872580e+01 2.433105012119287736e+01 3.114482300479487265e+01 3.324154027718932269e+01 2.280350850198275836e+01 2.523885892824792521e+01
2.102379604162863913e+01 1.204159457879229578e+01 1.118033988749894903e+01 1.920937271229854559e+01 1.303840481040529831e+01 1.414213562373095101e+01 1.941648783894759944e+01 2.404163056034261459e+01 2.860069929215018192e+01 3.301514803843835466e+01 1.272792206135785520e+01 2.668332812825266842e+01 2.657066051117284644e+01 2.220360331117451835e+01 0.000000000000000000e+00 6.403124237432848531e+00 1.878829422805593552e+01 2.687005768508880621e+01 8.944271909999159220e+00 2.236067977499789805e+00 9.000000000000000000e+00 2.973213749463701205e+01 1.700000000000000000e+01 1.969771560359220786e+01
1.552417469626002422e+01 8.944271909999159220e+00 1.655294535724684835e+01 2.024845673131658685e+01 1.389244398944980396e+01 2.051828452868319275e+01 2.580697580112788003e+01 1.910497317454279909e+01 3.087069808086626210e+01 3.324154027718932269e+01 1.910497317454279909e+01 2.202271554554523902e+01 2.137755832643194864e+01 2.789265136196270589e+01 6.403124237432848531e+00 0.000000000000000000e+00 2.505992817228333536e+01 2.830194339616981125e+01 3.000000000000000000e+00 4.242640687119284770e+00 5.656854249492380582e+00 2.830194339616981125e+01 1.702938636592640265e+01 1.910497317454279909e+01
3.748332962798262713e+01 2.690724809414741969e+01 1.529705854077835525e+01 2.353720459187963954e+01 2.147091055358388800e+01 7.280109889280518054e+00 3.162277660168379523e+00 3.920459156782531807e+01 2.570992026436488231e+01 3.505709628591620941e+01 8.062257748298549132e+00 4.104875150354758517e+01 4.201190307520000999e+01 7.071067811865475505e+00 1.878829422805593552e+01 2.505992817228333536e+01 0.000000000000000000e+00 2.707397274136176790e+01 2.773084924772409465e+01 2.102379604162863913e+01 2.720294101747088789e+01 3.667424164178449786e+01 2.469817807045693669e+01 2.751363298439520833e+01
2.800000000000000000e+01 2.118962010041709121e+01 3.448187929913333249e+01 8.062257748298549132e+00 1.442220510185595650e+01 3.036445290137795183e+01 3.014962686336266984e+01 2.630589287593181069e+01 4.472135954999579610e+00 8.000000000000000000e+00 2.973213749463701205e+01 2.596150997149434048e+01 2.863564212655270680e+01 2.220360331117451835e+01 2.687005768508880621e+01 2.830194339616981125e+01 2.707397274136176790e+01 0.000000000000000000e+00 3.088689042296100240e+01 2.765863337187866122e+01 3.383784863137726262e+01 1.272792206135785520e+01 1.170469991071962568e+01 1.104536101718726115e+01
1.503329637837290811e+01 1.063014581273464998e+01 1.802775637731994607e+01 2.282542442102665348e+01 1.655294535724684835e+01 2.280350850198275836e+01 2.830194339616981125e+01 1.902629759044044633e+01 3.361547262794321966e+01 3.546829570193639825e+01 2.140093455903269515e+01 2.209072203437452231e+01 2.102379604162863913e+01 3.080584360149872580e+01 8.944271909999159220e+00 3.000000000000000000e+00 2.773084924772409465e+01 3.088689042296100240e+01 0.000000000000000000e+00 6.708203932499369415e+00 4.123105625617660586e+00 3.000000000000000000e+01 1.941648783894759944e+01 2.126029162546929996e+01
1.931320791582796659e+01 1.104536101718726115e+01 1.264911064067351809e+01 1.979898987322333070e+01 1.345362404707370985e+01 1.627882059609970611e+01 2.163330765278393741e+01 2.256102834535695578e+01 2.968164415931165934e+01 3.342154993413680586e+01 1.486606874731850603e+01 2.531797780234432693e+01 2.500000000000000000e+01 2.433105012119287736e+01 2.236067977499789805e+00 4.242640687119284770e+00 2.102379604162863913e+01 2.765863337187866122e+01 6.708203932499369415e+00 0.000000000000000000e+00 7.071067811865475505e+00 2.954657340538831534e+01 1.720465053408525335e+01 1.972308292331602075e+01
1.900000000000000000e+01 1.442220510185595650e+01 1.555634918610404505e+01 2.580697580112788003e+01 1.941648783894759944e+01 2.147091055358388800e+01 2.731300056749532601e+01 2.308679276123039159e+01 3.623534186398687496e+01 3.889730067755344578e+01 2.012461179749810825e+01 2.617250465660480074e+01 2.500000000000000000e+01 3.114482300479487265e+01 9.000000000000000000e+00 5.656854249492380582e+00 2.720294101747088789e+01 3.383784863137726262e+01 4.123105625617660586e+00 7.071067811865475505e+00 0.000000000000000000e+00 3.383784863137726262e+01 2.267156809750926882e+01 2.475883680627989492e+01
2.102379604162863913e+01 1.941648783894759944e+01 3.981205847478876336e+01 1.315294643796590535e+01 1.726267650163206824e+01 3.800000000000000000e+01 3.945883931389771959e+01 1.772004514666934938e+01 1.702938636592640265e+01 9.055385138137417300e+00 3.701351104664349378e+01 1.612451549659709826e+01 1.923538406167134340e+01 3.324154027718932269e+01 2.973213749463701205e+01 2.830194339616981125e+01 3.667424164178449786e+01 1.272792206135785520e+01 3.000000000000000000e+01 2.954657340538831534e+01 3.383784863137726262e+01 0.000000000000000000e+00 1.315294643796590535e+01 1.019803902718556898e+01
1.746424919657297892e+01 9.486832980505138124e+00 2.668332812825266842e+01 4.000000000000000000e+00 4.123105625617660586e+00 2.507987240796890660e+01 2.720294101747088789e+01 1.700000000000000000e+01 1.513274595042155646e+01 1.627882059609970611e+01 2.402082429892862692e+01 1.780449381476485726e+01 1.972308292331602075e+01 2.280350850198275836e+01 1.700000000000000000e+01 1.702938636592640265e+01 2.469817807045693669e+01 1.170469991071962568e+01 1.941648783894759944e+01 1.720465053408525335e+01 2.267156809750926882e+01 1.315294643796590535e+01 0.000000000000000000e+00 3.000000000000000000e+00
1.702938636592640265e+01 1.081665382639196871e+01 2.961418578992169515e+01 5.000000000000000000e+00 7.071067811865475505e+00 2.807133769523639799e+01 3.008321791298264714e+01 1.581138830084189628e+01 1.503329637837290811e+01 1.421267040355189515e+01 2.701851217221259205e+01 1.612451549659709826e+01 1.838477631085023489e+01 2.523885892824792521e+01 1.969771560359220786e+01 1.910497317454279909e+01 2.751363298439520833e+01 1.104536101718726115e+01 2.126029162546929996e+01 1.972308292331602075e+01 2.475883680627989492e+01 1.019803902718556898e+01 3.000000000000000000e+00 0.000000000000000000e+00
