0.000000000000000000e+00 3.000000000000000000e+01 3.101612483854164637e+01 3.088689042296100240e+01 2.202271554554523902e+01 1.414213562373095101e+01 3.535533905932737753e+01 1.529705854077835525e+01 1.220655561573370207e+01 2.195449840010014952e+01 1.964688270438849926e+01 1.627882059609970611e+01 8.246211251235321171e+00 2.817800560721074277e+01 3.067572330035593353e+01 9.219544457292887074e+00 1.900000000000000000e+01 6.082762530298219339e+00 1.749285568453590045e+01 1.204159457879229578e+01 1.726267650163206824e+01
3.000000000000000000e+01 0.000000000000000000e+00 1.414213562373095145e+00 1.529705854077835525e+01 8.062257748298549132e+00 2.236067977499789805e+01 2.549509756796392423e+01 3.624913792078371699e+01 2.507987240796890660e+01 2.687005768508880621e+01 3.140063693621516450e+01 3.667424164178449786e+01 2.912043955712207222e+01 1.392838827718411920e+01 1.004987562112088995e+01 3.667424164178449786e+01 1.100000000000000000e+01 3.157530680769388809e+01 2.580697580112788003e+01 2.247220505424423109e+01 3.190611226708763226e+01
3.101612483854164637e+01 1.414213562373095145e+00 0.000000000000000000e+00 1.649242250247064234e+01 9.000000000000000000e+00 2.370653918225939449e+01 2.473863375370596174e+01 3.676955262170046979e+01 2.563201123595259290e+01 2.690724809414741969e+01 3.162277660168379256e+01 3.801315561749642313e+01 2.983286778035259701e+01 1.523154621172781731e+01 9.219544457292887074e+00 3.748332962798262713e+01 1.204159457879229578e+01 3.275667870831839679e+01 2.720294101747088789e+01 2.308679276123039159e+01 3.328663395418647752e+01
3.088689042296100240e+01 1.529705854077835525e+01 1.649242250247064234e+01 0.000000000000000000e+00 1.676305461424021104e+01 1.772004514666934938e+01 4.004996878900157498e+01 4.242640687119285303e+01 3.201562118716424266e+01 3.757658845611187104e+01 4.049691346263317371e+01 3.001666203960726875e+01 3.397057550292606010e+01 2.828427124746190291e+00 2.507987240796890660e+01 3.966106403010387993e+01 1.700000000000000000e+01 2.941088233970548416e+01 1.800000000000000000e+01 2.920616373302046753e+01 2.408318915758459156e+01
2.202271554554523902e+01 8.062257748298549132e+00 9.000000000000000000e+00 1.676305461424021104e+01 0.000000000000000000e+00 1.627882059609970611e+01 2.418677324489564739e+01 2.865309756378880479e+01 1.749285568453590045e+01 2.109502310972898798e+01 2.475883680627989492e+01 3.023243291566194912e+01 2.118962010041709121e+01 1.431782106327635340e+01 1.140175425099137918e+01 2.863564212655270680e+01 3.162277660168379523e+00 2.404163056034261459e+01 2.061552812808830382e+01 1.476482306023340030e+01 2.617250465660480074e+01
1.414213562373095101e+01 2.236067977499789805e+01 2.370653918225939449e+01 1.772004514666934938e+01 1.627882059609970611e+01 0.000000000000000000e+00 3.807886552931954327e+01 2.817800560721074277e+01 2.022374841615668473e+01 2.901723625709381693e+01 2.942787793912432193e+01 1.431782106327635340e+01 1.969771560359220786e+01 1.529705854077835525e+01 2.758622844826744469e+01 2.334523505985750447e+01 1.345362404707370985e+01 1.170469991071962568e+01 5.099019513592784492e+00 1.802775637731994607e+01 9.899494936611665352e+00
3.535533905932737753e+01 2.549509756796392423e+01 2.473863375370596174e+01 4.004996878900157498e+01 2.418677324489564739e+01 3.807886552931954327e+01 0.000000000000000000e+00 2.973213749463701205e+01 2.343074902771996193e+01 1.523154621172781731e+01 2.088061301782110135e+01 4.964876634922563881e+01 2.860069929215018192e+01 3.800000000000000000e+01 1.552417469626002422e+01 3.584689665786984136e+01 2.570992026436488231e+01 4.045985664828781836e+01 4.308131845707602992e+01 2.334523505985750447e+01 4.741307836451878899e+01
1.529705854077835525e+01 3.624913792078371699e+01 3.676955262170046979e+01 4.242640687119285303e+01 2.865309756378880479e+01 2.817800560721074277e+01 2.973213749463701205e+01 0.000000000000000000e+00 1.118033988749894903e+01 1.456021977856103611e+01 8.944271909999159220e+00 3.100000000000000000e+01 8.602325267042626677e+00 3.959797974644666141e+01 3.238826948140329165e+01 8.544003745317530374e+00 2.662705391138869615e+01 2.109502310972898798e+01 3.231098884280702066e+01 1.389244398944980396e+01 3.255764119219941222e+01
1.220655561573370207e+01 2.507987240796890660e+01 2.563201123595259290e+01 3.201562118716424266e+01 1.749285568453590045e+01 2.022374841615668473e+01 2.343074902771996193e+01 1.118033988749894903e+01 0.000000000000000000e+00 9.848857801796103928e+00 9.219544457292887074e+00 2.785677655436823841e+01 5.385164807134503739e+00 2.920616373302046753e+01 2.200000000000000000e+01 1.334166406412633421e+01 1.562049935181330795e+01 1.788854381999831844e+01 2.507987240796890660e+01 2.828427124746190291e+00 2.729468812791236232e+01
2.195449840010014952e+01 2.687005768508880621e+01 2.690724809414741969e+01 3.757658845611187104e+01 2.109502310972898798e+01 2.901723625709381693e+01 1.523154621172781731e+01 1.456021977856103611e+01 9.848857801796103928e+00 0.000000000000000000e+00 6.000000000000000000e+00 3.769615364994152884e+01 1.421267040355189515e+01 3.492849839314595783e+01 2.012461179749810825e+01 2.080865204668481283e+01 2.061552812808830382e+01 2.773084924772409465e+01 3.405877273185280529e+01 1.118033988749894903e+01 3.687817782917154830e+01
1.964688270438849926e+01 3.140063693621516450e+01 3.162277660168379256e+01 4.049691346263317371e+01 2.475883680627989492e+01 2.942787793912432193e+01 2.088061301782110135e+01 8.944271909999159220e+00 9.219544457292887074e+00 6.000000000000000000e+00 0.000000000000000000e+00 3.590264614203248072e+01 1.140175425099137918e+01 3.773592452822641263e+01 2.563201123595259290e+01 1.627882059609970611e+01 2.360084744241189370e+01 2.570992026436488231e+01 3.423448553724738019e+01 1.170469991071962568e+01 3.605551275463989214e+01
1.627882059609970611e+01 3.667424164178449786e+01 3.801315561749642313e+01 3.001666203960726875e+01 3.023243291566194912e+01 1.431782106327635340e+01 4.964876634922563881e+01 3.100000000000000000e+01 2.785677655436823841e+01 3.769615364994152884e+01 3.590264614203248072e+01 0.000000000000000000e+00 2.451530134426252516e+01 2.816025568065744622e+01 4.123105625617660763e+01 2.319482700948640286e+01 2.720294101747088789e+01 1.019803902718556898e+01 1.204159457879229578e+01 2.683281572999747766e+01 6.082762530298219339e+00
8.246211251235321171e+00 2.912043955712207222e+01 2.983286778035259701e+01 3.397057550292606010e+01 2.118962010041709121e+01 1.969771560359220786e+01 2.860069929215018192e+01 8.602325267042626677e+00 5.385164807134503739e+00 1.421267040355189515e+01 1.140175425099137918e+01 2.451530134426252516e+01 0.000000000000000000e+00 3.114482300479487265e+01 2.707397274136176790e+01 8.062257748298549132e+00 1.878829422805593552e+01 1.431782106327635340e+01 2.404163056034261459e+01 7.000000000000000000e+00 2.501999200639360765e+01
2.817800560721074277e+01 1.392838827718411920e+01 1.523154621172781731e+01 2.828427124746190291e+00 1.431782106327635340e+01 1.529705854077835525e+01 3.800000000000000000e+01 3.959797974644666141e+01 2.920616373302046753e+01 3.492849839314595783e+01 3.773592452822641263e+01 2.816025568065744622e+01 3.114482300479487265e+01 0.000000000000000000e+00 2.334523505985750447e+01 3.689173349139343117e+01 1.431782106327635340e+01 2.692582403567251959e+01 1.612451549659709826e+01 2.640075756488817049e+01 2.236067977499789805e+01
3.067572330035593353e+01 1.004987562112088995e+01 9.219544457292887074e+00 2.507987240796890660e+01 1.140175425099137918e+01 2.758622844826744469e+01 1.552417469626002422e+01 3.238826948140329165e+01 2.200000000000000000e+01 2.012461179749810825e+01 2.563201123595259290e+01 4.123105625617660763e+01 2.707397274136176790e+01 2.334523505985750447e+01 0.000000000000000000e+00 3.512833614050059339e+01 1.414213562373095101e+01 3.400000000000000000e+01 3.201562118716424266e+01 2.009975124224177989e+01 3.748332962798262713e+01
9.219544457292887074e+00 3.667424164178449786e+01 3.748332962798262713e+01 3.966106403010387993e+01 2.863564212655270680e+01 2.334523505985750447e+01 3.584689665786984136e+01 8.544003745317530374e+00 1.334166406412633421e+01 2.080865204668481283e+01 1.627882059609970611e+01 2.319482700948640286e+01 8.062257748298549132e+00 3.689173349139343117e+01 3.512833614050059339e+01 0.000000000000000000e+00 2.596150997149434048e+01 1.392838827718411920e+01 2.662705391138869615e+01 1.503329637837290811e+01 2.563201123595259290e+01
1.900000000000000000e+01 1.100000000000000000e+01 1.204159457879229578e+01 1.700000000000000000e+01 3.162277660168379523e+00 1.345362404707370985e+01 2.570992026436488231e+01 2.662705391138869615e+01 1.562049935181330795e+01 2.061552812808830382e+01 2.360084744241189370e+01 2.720294101747088789e+01 1.878829422805593552e+01 1.431782106327635340e+01 1.414213562373095101e+01 2.596150997149434048e+01 0.000000000000000000e+00 2.088061301782110135e+01 1.802775637731994607e+01 1.280624847486569706e+01 2.334523505985750447e+01
6.082762530298219339e+00 3.157530680769388809e+01 3.275667870831839679e+01 2.941088233970548416e+01 2.404163056034261459e+01 1.170469991071962568e+01 4.045985664828781836e+01 2.109502310972898798e+01 1.788854381999831844e+01 2.773084924772409465e+01 2.570992026436488231e+01 1.019803902718556898e+01 1.431782106327635340e+01 2.692582403567251959e+01 3.400000000000000000e+01 1.392838827718411920e+01 2.088061301782110135e+01 0.000000000000000000e+00 1.345362404707370985e+01 1.720465053408525335e+01 1.170469991071962568e+01
1.749285568453590045e+01 2.580697580112788003e+01 2.720294101747088789e+01 1.800000000000000000e+01 2.061552812808830382e+01 5.099019513592784492e+00 4.308131845707602992e+01 3.231098884280702066e+01 2.507987240796890660e+01 3.405877273185280529e+01 3.423448553724738019e+01 1.204159457879229578e+01 2.404163056034261459e+01 1.612451549659709826e+01 3.201562118716424266e+01 2.662705391138869615e+01 1.802775637731994607e+01 1.345362404707370985e+01 0.000000000000000000e+00 2.300000000000000000e+01 6.324555320336759046e+00
1.204159457879229578e+01 2.247220505424423109e+01 2.308679276123039159e+01 2.920616373302046753e+01 1.476482306023340030e+01 1.802775637731994607e+01 2.334523505985750447e+01 1.389244398944980396e+01 2.828427124746190291e+00 1.118033988749894903e+01 1.170469991071962568e+01 2.683281572999747766e+01 7.000000000000000000e+00 2.640075756488817049e+01 2.009975124224177989e+01 1.503329637837290811e+01 1.280624847486569706e+01 1.720465053408525335e+01 2.300000000000000000e+01 0.000000000000000000e+00 2.570992026436488231e+01
1.726267650163206824e+01 3.190611226708763226e+01 3.328663395418647752e+01 2.408318915758459156e+01 2.617250465660480074e+01 9.899494936611665352e+00 4.741307836451878899e+01 3.255764119219941222e+01 2.729468812791236232e+01 3.687817782917154830e+01 3.605551275463989214e+01 6.082762530298219339e+00 2.501999200639360765e+01 2.236067977499789805e+01 3.748332962798262713e+01 2.563201123595259290e+01 2.334523505985750447e+01 1.170469991071962568e+01 6.324555320336759046e+00 2.570992026436488231e+01 0.000000000000000000e+00
