0.000000000000000000e+00 1.077032961426900748e+01 3.535533905932737753e+01 3.612478373637688378e+01 2.247220505424423109e+01 3.832753579347360073e+01 2.729468812791236232e+01 1.208304597359457233e+01 3.667424164178449786e+01 2.433105012119287736e+01 1.414213562373095101e+01 3.605551275463989214e+01 3.710795063055894616e+01 2.500000000000000000e+01 1.392838827718411920e+01 3.801315561749642313e+01 1.280624847486569706e+01 4.280186911806539030e+01 2.408318915758459156e+01 4.000000000000000000e+01 2.193171219946130890e+01 3.492849839314595783e+01 2.109502310972898798e+01 1.923538406167134340e+01 5.385164807134503739e+00 1.104536101718726115e+01 1.403566884761819900e+01 1.615549442140351033e+01 6.000000000000000000e+00
1.077032961426900748e+01 0.000000000000000000e+00 2.657066051117284644e+01 2.601922366251537611e+01 2.308679276123039159e+01 2.941088233970548416e+01 2.816025568065744622e+01 9.055385138137417300e+00 2.823118842698620767e+01 3.130495168499705727e+01 7.211102550927978250e+00 2.529822128134703618e+01 2.647640458974745314e+01 3.275667870831839679e+01 3.162277660168379523e+00 2.844292530665578411e+01 1.414213562373095101e+01 3.841874542459709119e+01 1.523154621172781731e+01 3.560898762952971452e+01 1.992485884517127559e+01 2.842534080710379030e+01 1.252996408614166768e+01 9.055385138137417300e+00 1.513274595042155646e+01 5.099019513592784492e+00 5.000000000000000000e+00 2.483948469674844262e+01 1.414213562373095101e+01
3.535533905932737753e+01 2.657066051117284644e+01 0.000000000000000000e+00 8.062257748298549132e+00 2.692582403567251959e+01 3.000000000000000000e+00 2.906888370749726747e+01 2.400000000000000000e+01 2.236067977499789805e+00 4.338202392696772591e+01 2.121320343559642652e+01 1.702938636592640265e+01 1.403566884761819900e+01 4.609772228646443892e+01 2.416609194718914466e+01 5.000000000000000000e+00 2.745906043549196340e+01 2.102379604162863913e+01 1.140175425099137918e+01 1.923538406167134340e+01 2.147091055358388800e+01 9.486832980505138124e+00 1.431782106327635340e+01 1.788854381999831844e+01 4.060788100849390503e+01 2.433105012119287736e+01 2.184032966784155505e+01 4.220189569201838253e+01 3.501428280002319582e+01
3.612478373637688378e+01 2.601922366251537611e+01 8.062257748298549132e+00 0.000000000000000000e+00 3.255764119219941222e+01 8.246211251235321171e+00 3.546829570193639825e+01 2.624880949681337583e+01 1.000000000000000000e+01 4.825971404805461873e+01 2.256102834535695578e+01 9.219544457292887074e+00 6.000000000000000000e+00 5.077400909914441485e+01 2.308679276123039159e+01 4.472135954999579610e+00 3.087069808086626210e+01 2.906888370749726747e+01 1.300000000000000000e+01 2.729468812791236232e+01 2.690724809414741969e+01 1.746424919657297892e+01 1.581138830084189628e+01 1.700000000000000000e+01 4.101219330881975367e+01 2.531797780234432693e+01 2.209072203437452231e+01 4.569463863518345192e+01 3.710795063055894616e+01
2.247220505424423109e+01 2.308679276123039159e+01 2.692582403567251959e+01 3.255764119219941222e+01 0.000000000000000000e+00 2.952964612046680060e+01 5.099019513592784492e+00 1.403566884761819900e+01 2.683281572999747766e+01 1.676305461424021104e+01 1.711724276862369010e+01 3.801315561749642313e+01 3.687817782917154830e+01 1.964688270438849926e+01 2.402082429892862692e+01 3.162277660168379256e+01 9.848857801796103928e+00 2.308679276123039159e+01 2.080865204668481283e+01 2.061552812808830382e+01 5.656854249492380582e+00 2.061552812808830382e+01 1.923538406167134340e+01 2.308679276123039159e+01 2.701851217221259205e+01 1.802775637731994607e+01 2.009975124224177989e+01 1.843908891458577415e+01 1.769180601295413169e+01
3.832753579347360073e+01 2.941088233970548416e+01 3.000000000000000000e+00 8.246211251235321171e+00 2.952964612046680060e+01 0.000000000000000000e+00 3.140063693621516450e+01 2.700000000000000000e+01 2.828427124746190291e+00 4.609772228646443892e+01 2.418677324489564739e+01 1.746424919657297892e+01 1.414213562373095101e+01 4.884669896727925220e+01 2.692582403567251959e+01 4.000000000000000000e+00 3.041381265149109936e+01 2.137755832643194864e+01 1.431782106327635340e+01 1.992485884517127559e+01 2.416609194718914466e+01 1.081665382639196871e+01 1.726267650163206824e+01 2.061552812808830382e+01 4.356604182158393002e+01 2.729468812791236232e+01 2.473863375370596174e+01 4.512205669071391156e+01 3.801315561749642313e+01
2.729468812791236232e+01 2.816025568065744622e+01 2.906888370749726747e+01 3.546829570193639825e+01 5.099019513592784492e+00 3.140063693621516450e+01 0.000000000000000000e+00 1.910497317454279909e+01 2.860069929215018192e+01 1.700000000000000000e+01 2.202271554554523902e+01 4.167733196834941367e+01 4.022437072223753063e+01 2.000000000000000000e+01 2.900000000000000000e+01 3.397057550292606010e+01 1.486606874731850603e+01 2.109502310972898798e+01 2.459674775249768786e+01 1.900000000000000000e+01 9.486832980505138124e+00 2.147091055358388800e+01 2.340939982143925135e+01 2.765863337187866122e+01 3.162277660168379256e+01 2.308679276123039159e+01 2.501999200639360765e+01 2.102379604162863913e+01 2.220360331117451835e+01
1.208304597359457233e+01 9.055385138137417300e+00 2.400000000000000000e+01 2.624880949681337583e+01 1.403566884761819900e+01 2.700000000000000000e+01 1.910497317454279909e+01 0.000000000000000000e+00 2.507987240796890660e+01 2.420743687382040932e+01 4.242640687119284770e+00 2.860069929215018192e+01 2.865309756378880479e+01 2.617250465660480074e+01 1.019803902718556898e+01 2.729468812791236232e+01 5.830951894845300743e+00 3.114482300479487265e+01 1.334166406412633421e+01 2.831960451701259274e+01 1.118033988749894903e+01 2.284731931759172596e+01 1.044030650891055068e+01 1.131370849898476116e+01 1.746424919657297892e+01 4.000000000000000000e+00 6.708203932499369415e+00 1.972308292331602075e+01 1.104536101718726115e+01
3.667424164178449786e+01 2.823118842698620767e+01 2.236067977499789805e+00 1.000000000000000000e+01 2.683281572999747766e+01 2.828427124746190291e+00 2.860069929215018192e+01 2.507987240796890660e+01 0.000000000000000000e+00 4.346262762420145975e+01 2.256102834535695578e+01 1.910497317454279909e+01 1.600000000000000000e+01 4.623851208678756564e+01 2.594224354214569317e+01 6.324555320336759046e+00 2.816025568065744622e+01 1.910497317454279909e+01 1.300000000000000000e+01 1.746424919657297892e+01 2.154065922853801496e+01 8.062257748298549132e+00 1.581138830084189628e+01 1.972308292331602075e+01 4.197618372363071160e+01 2.570992026436488231e+01 2.340939982143925135e+01 4.275511665286389729e+01 3.601388621073821383e+01
2.433105012119287736e+01 3.130495168499705727e+01 4.338202392696772591e+01 4.825971404805461873e+01 1.676305461424021104e+01 4.609772228646443892e+01 1.700000000000000000e+01 2.420743687382040932e+01 4.346262762420145975e+01 0.000000000000000000e+00 2.842534080710379030e+01 5.234500931320960149e+01 5.185556864985669279e+01 3.000000000000000000e+00 3.361547262794321966e+01 4.788527957525151635e+01 1.843908891458577415e+01 3.805259518088089266e+01 3.560898762952971452e+01 3.600000000000000000e+01 2.193171219946130890e+01 3.736308338453881106e+01 3.330165161069342616e+01 3.546829570193639825e+01 2.601922366251537611e+01 2.745906043549196340e+01 3.080584360149872580e+01 9.219544457292887074e+00 1.843908891458577415e+01
1.414213562373095101e+01 7.211102550927978250e+00 2.121320343559642652e+01 2.256102834535695578e+01 1.711724276862369010e+01 2.418677324489564739e+01 2.202271554554523902e+01 4.242640687119284770e+00 2.256102834535695578e+01 2.842534080710379030e+01 0.000000000000000000e+00 2.441311123146740414e+01 2.459674775249768786e+01 3.041381265149109936e+01 7.071067811865475505e+00 2.402082429892862692e+01 1.000000000000000000e+01 3.124099870362661591e+01 1.000000000000000000e+01 2.842534080710379030e+01 1.315294643796590535e+01 2.163330765278393741e+01 7.000000000000000000e+00 7.071067811865475505e+00 1.941648783894759944e+01 3.162277660168379523e+00 3.000000000000000000e+00 2.385372088375312671e+01 1.456021977856103611e+01
3.605551275463989214e+01 2.529822128134703618e+01 1.702938636592640265e+01 9.219544457292887074e+00 3.801315561749642313e+01 1.746424919657297892e+01 4.167733196834941367e+01 2.860069929215018192e+01 1.910497317454279909e+01 5.234500931320960149e+01 2.441311123146740414e+01 0.000000000000000000e+00 3.605551275463989125e+00 5.456189146281496249e+01 2.213594362117865444e+01 1.360147050873544394e+01 3.405877273185280529e+01 3.800000000000000000e+01 1.720465053408525335e+01 3.605551275463989214e+01 3.244996147917590434e+01 2.607680962081059661e+01 1.910497317454279909e+01 1.749285568453590045e+01 4.026164427839479032e+01 2.641968962724581260e+01 2.282542442102665348e+01 4.825971404805461873e+01 3.847076812334268681e+01
3.710795063055894616e+01 2.647640458974745314e+01 1.403566884761819900e+01 6.000000000000000000e+00 3.687817782917154830e+01 1.414213562373095101e+01 4.022437072223753063e+01 2.865309756378880479e+01 1.600000000000000000e+01 5.185556864985669279e+01 2.459674775249768786e+01 3.605551275463989125e+00 0.000000000000000000e+00 5.420332093147060704e+01 2.334523505985750447e+01 1.019803902718556898e+01 3.383784863137726262e+01 3.505709628591620941e+01 1.627882059609970611e+01 3.324154027718932269e+01 3.124099870362661591e+01 2.334523505985750447e+01 1.860107523773827509e+01 1.802775637731994607e+01 4.159326868617084472e+01 2.692582403567251959e+01 2.340939982143925135e+01 4.837354648979129479e+01 3.900000000000000000e+01
2.500000000000000000e+01 3.275667870831839679e+01 4.609772228646443892e+01 5.077400909914441485e+01 1.964688270438849926e+01 4.884669896727925220e+01 2.000000000000000000e+01 2.617250465660480074e+01 4.623851208678756564e+01 3.000000000000000000e+00 3.041381265149109936e+01 5.456189146281496249e+01 5.420332093147060704e+01 0.000000000000000000e+00 3.522782990761707111e+01 5.053711507397311209e+01 2.051828452868319275e+01 4.104875150354758517e+01 3.801315561749642313e+01 3.900000000000000000e+01 2.469817807045693669e+01 4.026164427839479032e+01 3.560898762952971452e+01 3.748332962798262713e+01 2.607680962081059661e+01 2.920616373302046753e+01 3.264965543462901820e+01 9.055385138137417300e+00 1.931320791582796659e+01
1.392838827718411920e+01 3.162277660168379523e+00 2.416609194718914466e+01 2.308679276123039159e+01 2.402082429892862692e+01 2.692582403567251959e+01 2.900000000000000000e+01 1.019803902718556898e+01 2.594224354214569317e+01 3.361547262794321966e+01 7.071067811865475505e+00 2.213594362117865444e+01 2.334523505985750447e+01 3.522782990761707111e+01 0.000000000000000000e+00 2.570992026436488231e+01 1.581138830084189628e+01 3.744329045369811126e+01 1.303840481040529831e+01 3.466987164671942878e+01 2.022374841615668473e+01 2.687005768508880621e+01 1.063014581273464998e+01 6.324555320336759046e+00 1.824828759089465890e+01 6.324555320336759046e+00 4.123105625617660586e+00 2.758622844826744469e+01 1.702938636592640265e+01
3.801315561749642313e+01 2.844292530665578411e+01 5.000000000000000000e+00 4.472135954999579610e+00 3.162277660168379256e+01 4.000000000000000000e+00 3.397057550292606010e+01 2.729468812791236232e+01 6.324555320336759046e+00 4.788527957525151635e+01 2.402082429892862692e+01 1.360147050873544394e+01 1.019803902718556898e+01 5.053711507397311209e+01 2.570992026436488231e+01 0.000000000000000000e+00 3.132091952673165025e+01 2.531797780234432693e+01 1.403566884761819900e+01 2.376972864800942631e+01 2.607680962081059661e+01 1.431782106327635340e+01 1.702938636592640265e+01 1.941648783894759944e+01 4.310452412450461424e+01 2.700000000000000000e+01 2.408318915758459156e+01 4.617358552246078318e+01 3.832753579347360073e+01
1.280624847486569706e+01 1.414213562373095101e+01 2.745906043549196340e+01 3.087069808086626210e+01 9.848857801796103928e+00 3.041381265149109936e+01 1.486606874731850603e+01 5.830951894845300743e+00 2.816025568065744622e+01 1.843908891458577415e+01 1.000000000000000000e+01 3.405877273185280529e+01 3.383784863137726262e+01 2.051828452868319275e+01 1.581138830084189628e+01 3.132091952673165025e+01 0.000000000000000000e+00 3.052867504494749440e+01 1.788854381999831844e+01 2.778488797889960793e+01 9.433981132056603158e+00 2.433105012119287736e+01 1.526433752247374720e+01 1.702938636592640265e+01 1.769180601295413169e+01 9.486832980505138124e+00 1.252996408614166768e+01 1.486606874731850603e+01 8.944271909999159220e+00
4.280186911806539030e+01 3.841874542459709119e+01 2.102379604162863913e+01 2.906888370749726747e+01 2.308679276123039159e+01 2.137755832643194864e+01 2.109502310972898798e+01 3.114482300479487265e+01 1.910497317454279909e+01 3.805259518088089266e+01 3.124099870362661591e+01 3.800000000000000000e+01 3.505709628591620941e+01 4.104875150354758517e+01 3.744329045369811126e+01 2.531797780234432693e+01 3.052867504494749440e+01 0.000000000000000000e+00 2.600000000000000000e+01 2.828427124746190291e+00 2.109502310972898798e+01 1.216552506059643868e+01 2.729468812791236232e+01 3.264965543462901820e+01 4.801041553663121420e+01 3.397057550292606010e+01 3.360059523282288296e+01 4.148493702538308270e+01 3.944616584663204151e+01
2.408318915758459156e+01 1.523154621172781731e+01 1.140175425099137918e+01 1.300000000000000000e+01 2.080865204668481283e+01 1.431782106327635340e+01 2.459674775249768786e+01 1.334166406412633421e+01 1.300000000000000000e+01 3.560898762952971452e+01 1.000000000000000000e+01 1.720465053408525335e+01 1.627882059609970611e+01 3.801315561749642313e+01 1.303840481040529831e+01 1.403566884761819900e+01 1.788854381999831844e+01 2.600000000000000000e+01 0.000000000000000000e+00 2.340939982143925135e+01 1.526433752247374720e+01 1.442220510185595650e+01 3.000000000000000000e+00 7.071067811865475505e+00 2.927456233660889495e+01 1.303840481040529831e+01 1.044030650891055068e+01 3.269556544854363267e+01 2.433105012119287736e+01
4.000000000000000000e+01 3.560898762952971452e+01 1.923538406167134340e+01 2.729468812791236232e+01 2.061552812808830382e+01 1.992485884517127559e+01 1.900000000000000000e+01 2.831960451701259274e+01 1.746424919657297892e+01 3.600000000000000000e+01 2.842534080710379030e+01 3.605551275463989214e+01 3.324154027718932269e+01 3.900000000000000000e+01 3.466987164671942878e+01 2.376972864800942631e+01 2.778488797889960793e+01 2.828427124746190291e+00 2.340939982143925135e+01 0.000000000000000000e+00 1.835755975068581947e+01 1.000000000000000000e+01 2.459674775249768786e+01 2.996664812754339380e+01 4.522167621838005402e+01 3.114482300479487265e+01 3.080584360149872580e+01 3.905124837953326988e+01 3.671511950137163893e+01
2.193171219946130890e+01 1.992485884517127559e+01 2.147091055358388800e+01 2.690724809414741969e+01 5.656854249492380582e+00 2.416609194718914466e+01 9.486832980505138124e+00 1.118033988749894903e+01 2.154065922853801496e+01 2.193171219946130890e+01 1.315294643796590535e+01 3.244996147917590434e+01 3.124099870362661591e+01 2.469817807045693669e+01 2.022374841615668473e+01 2.607680962081059661e+01 9.433981132056603158e+00 2.109502310972898798e+01 1.526433752247374720e+01 1.835755975068581947e+01 0.000000000000000000e+00 1.603121954188139853e+01 1.392838827718411920e+01 1.824828759089465890e+01 2.701851217221259205e+01 1.486606874731850603e+01 1.612451549659709826e+01 2.200000000000000000e+01 1.835755975068581947e+01
3.492849839314595783e+01 2.842534080710379030e+01 9.486832980505138124e+00 1.746424919657297892e+01 2.061552812808830382e+01 1.081665382639196871e+01 2.147091055358388800e+01 2.284731931759172596e+01 8.062257748298549132e+00 3.736308338453881106e+01 2.163330765278393741e+01 2.607680962081059661e+01 2.334523505985750447e+01 4.026164427839479032e+01 2.687005768508880621e+01 1.431782106327635340e+01 2.433105012119287736e+01 1.216552506059643868e+01 1.442220510185595650e+01 1.000000000000000000e+01 1.603121954188139853e+01 0.000000000000000000e+00 1.627882059609970611e+01 2.140093455903269515e+01 4.031128874149274566e+01 2.469817807045693669e+01 2.343074902771996193e+01 3.801315561749642313e+01 3.298484500494128469e+01
2.109502310972898798e+01 1.252996408614166768e+01 1.431782106327635340e+01 1.581138830084189628e+01 1.923538406167134340e+01 1.726267650163206824e+01 2.340939982143925135e+01 1.044030650891055068e+01 1.581138830084189628e+01 3.330165161069342616e+01 7.000000000000000000e+00 1.910497317454279909e+01 1.860107523773827509e+01 3.560898762952971452e+01 1.063014581273464998e+01 1.702938636592640265e+01 1.526433752247374720e+01 2.729468812791236232e+01 3.000000000000000000e+00 2.459674775249768786e+01 1.392838827718411920e+01 1.627882059609970611e+01 0.000000000000000000e+00 5.385164807134503739e+00 2.630589287593181069e+01 1.004987562112088995e+01 7.615773105863908654e+00 2.996664812754339380e+01 2.137755832643194864e+01
1.923538406167134340e+01 9.055385138137417300e+00 1.788854381999831844e+01 1.700000000000000000e+01 2.308679276123039159e+01 2.061552812808830382e+01 2.765863337187866122e+01 1.131370849898476116e+01 1.972308292331602075e+01 3.546829570193639825e+01 7.071067811865475505e+00 1.749285568453590045e+01 1.802775637731994607e+01 3.748332962798262713e+01 6.324555320336759046e+00 1.941648783894759944e+01 1.702938636592640265e+01 3.264965543462901820e+01 7.071067811865475505e+00 2.996664812754339380e+01 1.824828759089465890e+01 2.140093455903269515e+01 5.385164807134503739e+00 0.000000000000000000e+00 2.402082429892862692e+01 8.944271909999159220e+00 5.385164807134503739e+00 3.080584360149872580e+01 2.102379604162863913e+01
5.385164807134503739e+00 1.513274595042155646e+01 4.060788100849390503e+01 4.101219330881975367e+01 2.701851217221259205e+01 4.356604182158393002e+01 3.162277660168379256e+01 1.746424919657297892e+01 4.197618372363071160e+01 2.601922366251537611e+01 1.941648783894759944e+01 4.026164427839479032e+01 4.159326868617084472e+01 2.607680962081059661e+01 1.824828759089465890e+01 4.310452412450461424e+01 1.769180601295413169e+01 4.801041553663121420e+01 2.927456233660889495e+01 4.522167621838005402e+01 2.701851217221259205e+01 4.031128874149274566e+01 2.630589287593181069e+01 2.402082429892862692e+01 0.000000000000000000e+00 1.627882059609970611e+01 1.902629759044044633e+01 1.702938636592640265e+01 9.433981132056603158e+00
1.104536101718726115e+01 5.099019513592784492e+00 2.433105012119287736e+01 2.531797780234432693e+01 1.802775637731994607e+01 2.729468812791236232e+01 2.308679276123039159e+01 4.000000000000000000e+00 2.570992026436488231e+01 2.745906043549196340e+01 3.162277660168379523e+00 2.641968962724581260e+01 2.692582403567251959e+01 2.920616373302046753e+01 6.324555320336759046e+00 2.700000000000000000e+01 9.486832980505138124e+00 3.397057550292606010e+01 1.303840481040529831e+01 3.114482300479487265e+01 1.486606874731850603e+01 2.469817807045693669e+01 1.004987562112088995e+01 8.944271909999159220e+00 1.627882059609970611e+01 0.000000000000000000e+00 3.605551275463989125e+00 2.202271554554523902e+01 1.208304597359457233e+01
1.403566884761819900e+01 5.000000000000000000e+00 2.184032966784155505e+01 2.209072203437452231e+01 2.009975124224177989e+01 2.473863375370596174e+01 2.501999200639360765e+01 6.708203932499369415e+00 2.340939982143925135e+01 3.080584360149872580e+01 3.000000000000000000e+00 2.282542442102665348e+01 2.340939982143925135e+01 3.264965543462901820e+01 4.123105625617660586e+00 2.408318915758459156e+01 1.252996408614166768e+01 3.360059523282288296e+01 1.044030650891055068e+01 3.080584360149872580e+01 1.612451549659709826e+01 2.343074902771996193e+01 7.615773105863908654e+00 5.385164807134503739e+00 1.902629759044044633e+01 3.605551275463989125e+00 0.000000000000000000e+00 2.561249694973139412e+01 1.565247584249852864e+01
1.615549442140351033e+01 2.483948469674844262e+01 4.220189569201838253e+01 4.569463863518345192e+01 1.843908891458577415e+01 4.512205669071391156e+01 2.102379604162863913e+01 1.972308292331602075e+01 4.275511665286389729e+01 9.219544457292887074e+00 2.385372088375312671e+01 4.825971404805461873e+01 4.837354648979129479e+01 9.055385138137417300e+00 2.758622844826744469e+01 4.617358552246078318e+01 1.486606874731850603e+01 4.148493702538308270e+01 3.269556544854363267e+01 3.905124837953326988e+01 2.200000000000000000e+01 3.801315561749642313e+01 2.996664812754339380e+01 3.080584360149872580e+01 1.702938636592640265e+01 2.202271554554523902e+01 2.561249694973139412e+01 0.000000000000000000e+00 1.081665382639196871e+01
6.000000000000000000e+00 1.414213562373095101e+01 3.501428280002319582e+01 3.710795063055894616e+01 1.769180601295413169e+01 3.801315561749642313e+01 2.220360331117451835e+01 1.104536101718726115e+01 3.601388621073821383e+01 1.843908891458577415e+01 1.456021977856103611e+01 3.847076812334268681e+01 3.900000000000000000e+01 1.931320791582796659e+01 1.702938636592640265e+01 3.832753579347360073e+01 8.944271909999159220e+00 3.944616584663204151e+01 2.433105012119287736e+01 3.671511950137163893e+01 1.835755975068581947e+01 3.298484500494128469e+01 2.137755832643194864e+01 2.102379604162863913e+01 9.433981132056603158e+00 1.208304597359457233e+01 1.565247584249852864e+01 1.081665382639196871e+01 0.000000000000000000e+00
