0.000000000000000000e+00 2.600000000000000000e+01 1.118033988749894903e+01 2.879236009777593708e+01 3.041381265149109936e+01 2.900000000000000000e+01 3.006659275674581622e+01 1.780449381476485726e+01 1.800000000000000000e+01 1.442220510185595650e+01 1.708800749063506075e+01 3.716180835212409050e+01 3.820994634908559817e+01 2.213594362117865444e+01 2.404163056034261459e+01 2.433105012119287736e+01 1.664331697709323876e+01 2.692582403567251959e+01 1.400000000000000000e+01 1.360147050873544394e+01 2.247220505424423109e+01
2.600000000000000000e+01 0.000000000000000000e+00 2.202271554554523902e+01 2.202271554554523902e+01 2.758622844826744469e+01 3.061045573002793319e+01 2.973213749463701205e+01 1.004987562112088995e+01 2.529822128134703618e+01 1.216552506059643868e+01 8.944271909999159220e+00 2.563201123595259290e+01 1.811077027627483460e+01 4.242640687119284770e+00 9.899494936611665352e+00 2.441311123146740414e+01 1.004987562112088995e+01 3.488552708502481892e+01 2.433105012119287736e+01 1.603121954188139853e+01 3.383784863137726262e+01
1.118033988749894903e+01 2.202271554554523902e+01 0.000000000000000000e+00 1.788854381999831844e+01 1.923538406167134340e+01 1.811077027627483460e+01 1.900000000000000000e+01 1.200000000000000000e+01 7.280109889280518054e+00 1.044030650891055068e+01 1.486606874731850603e+01 2.641968962724581260e+01 2.941088233970548416e+01 1.941648783894759944e+01 1.615549442140351033e+01 1.315294643796590535e+01 1.216552506059643868e+01 1.749285568453590045e+01 3.605551275463989125e+00 6.000000000000000000e+00 1.414213562373095101e+01
2.879236009777593708e+01 2.202271554554523902e+01 1.788854381999831844e+01 0.000000000000000000e+00 5.830951894845300743e+00 1.019803902718556898e+01 8.544003745317530374e+00 1.649242250247064234e+01 1.345362404707370985e+01 1.910497317454279909e+01 2.184032966784155505e+01 8.602325267042626677e+00 1.603121954188139853e+01 2.282542442102665348e+01 1.220655561573370207e+01 6.708203932499369415e+00 1.843908891458577415e+01 1.702938636592640265e+01 1.640121946685672683e+01 1.612451549659709826e+01 1.897366596101027625e+01
3.041381265149109936e+01 2.758622844826744469e+01 1.923538406167134340e+01 5.830951894845300743e+00 0.000000000000000000e+00 5.099019513592784492e+00 3.000000000000000000e+00 2.102379604162863913e+01 1.300000000000000000e+01 2.308679276123039159e+01 2.640075756488817049e+01 1.077032961426900748e+01 2.109502310972898798e+01 2.801785145224380003e+01 1.769180601295413169e+01 6.082762530298219339e+00 2.284731931759172596e+01 1.264911064067351809e+01 1.676305461424021104e+01 1.923538406167134340e+01 1.581138830084189628e+01
2.900000000000000000e+01 3.061045573002793319e+01 1.811077027627483460e+01 1.019803902718556898e+01 5.099019513592784492e+00 0.000000000000000000e+00 2.236067977499789805e+00 2.280350850198275836e+01 1.100000000000000000e+01 2.418677324489564739e+01 2.801785145224380003e+01 1.581138830084189628e+01 2.601922366251537611e+01 3.041381265149109936e+01 2.080865204668481283e+01 6.403124237432848531e+00 2.441311123146740414e+01 7.615773105863908654e+00 1.500000000000000000e+01 1.969771560359220786e+01 1.131370849898476116e+01
3.006659275674581622e+01 2.973213749463701205e+01 1.900000000000000000e+01 8.544003745317530374e+00 3.000000000000000000e+00 2.236067977499789805e+00 0.000000000000000000e+00 2.247220505424423109e+01 1.216552506059643868e+01 2.416609194718914466e+01 2.778488797889960793e+01 1.360147050873544394e+01 2.408318915758459156e+01 2.983286778035259701e+01 1.984943324127920761e+01 6.324555320336759046e+00 2.418677324489564739e+01 9.848857801796103928e+00 1.612451549659709826e+01 1.992485884517127559e+01 1.345362404707370985e+01
1.780449381476485726e+01 1.004987562112088995e+01 1.200000000000000000e+01 1.649242250247064234e+01 2.102379604162863913e+01 2.280350850198275836e+01 2.247220505424423109e+01 0.000000000000000000e+00 1.565247584249852864e+01 3.605551275463989125e+00 5.385164807134503739e+00 2.302172886644267535e+01 2.080865204668481283e+01 8.062257748298549132e+00 6.708203932499369415e+00 1.640121946685672683e+01 2.000000000000000000e+00 2.580697580112788003e+01 1.431782106327635340e+01 6.000000000000000000e+00 2.416609194718914466e+01
1.800000000000000000e+01 2.529822128134703618e+01 7.280109889280518054e+00 1.345362404707370985e+01 1.300000000000000000e+01 1.100000000000000000e+01 1.216552506059643868e+01 1.565247584249852864e+01 0.000000000000000000e+00 1.562049935181330795e+01 2.000000000000000000e+01 2.193171219946130890e+01 2.785677655436823841e+01 2.370653918225939449e+01 1.702938636592640265e+01 7.211102550927978250e+00 1.664331697709323876e+01 1.063014581273464998e+01 4.000000000000000000e+00 1.063014581273464998e+01 8.544003745317530374e+00
1.442220510185595650e+01 1.216552506059643868e+01 1.044030650891055068e+01 1.910497317454279909e+01 2.308679276123039159e+01 2.418677324489564739e+01 2.416609194718914466e+01 3.605551275463989125e+00 1.562049935181330795e+01 0.000000000000000000e+00 4.472135954999579610e+00 2.617250465660480074e+01 2.441311123146740414e+01 9.055385138137417300e+00 1.029563014098700080e+01 1.788854381999831844e+01 2.236067977499789805e+00 2.617250465660480074e+01 1.341640786499873883e+01 5.000000000000000000e+00 2.385372088375312671e+01
1.708800749063506075e+01 8.944271909999159220e+00 1.486606874731850603e+01 2.184032966784155505e+01 2.640075756488817049e+01 2.801785145224380003e+01 2.778488797889960793e+01 5.385164807134503739e+00 2.000000000000000000e+01 4.472135954999579610e+00 0.000000000000000000e+00 2.801785145224380003e+01 2.416609194718914466e+01 5.099019513592784492e+00 1.104536101718726115e+01 2.163330765278393741e+01 3.605551275463989125e+00 3.047950130825634218e+01 1.788854381999831844e+01 9.433981132056603158e+00 2.830194339616981125e+01
3.716180835212409050e+01 2.563201123595259290e+01 2.641968962724581260e+01 8.602325267042626677e+00 1.077032961426900748e+01 1.581138830084189628e+01 1.360147050873544394e+01 2.302172886644267535e+01 2.193171219946130890e+01 2.617250465660480074e+01 2.801785145224380003e+01 0.000000000000000000e+00 1.252996408614166768e+01 2.765863337187866122e+01 1.711724276862369010e+01 1.486606874731850603e+01 2.501999200639360765e+01 2.340939982143925135e+01 2.500000000000000000e+01 2.404163056034261459e+01 2.641968962724581260e+01
3.820994634908559817e+01 1.811077027627483460e+01 2.941088233970548416e+01 1.603121954188139853e+01 2.109502310972898798e+01 2.601922366251537611e+01 2.408318915758459156e+01 2.080865204668481283e+01 2.785677655436823841e+01 2.441311123146740414e+01 2.416609194718914466e+01 1.252996408614166768e+01 0.000000000000000000e+00 2.158703314492290204e+01 1.421267040355189515e+01 2.236067977499789805e+01 2.247220505424423109e+01 3.306055050963308162e+01 2.952964612046680060e+01 2.475883680627989492e+01 3.471310991541956525e+01
2.213594362117865444e+01 4.242640687119284770e+00 1.941648783894759944e+01 2.282542442102665348e+01 2.801785145224380003e+01 3.041381265149109936e+01 2.983286778035259701e+01 8.062257748298549132e+00 2.370653918225939449e+01 9.055385138137417300e+00 5.099019513592784492e+00 2.765863337187866122e+01 2.158703314492290204e+01 0.000000000000000000e+00 1.077032961426900748e+01 2.404163056034261459e+01 7.280109889280518054e+00 3.383784863137726262e+01 2.213594362117865444e+01 1.360147050873544394e+01 3.220248437620923454e+01
2.404163056034261459e+01 9.899494936611665352e+00 1.615549442140351033e+01 1.220655561573370207e+01 1.769180601295413169e+01 2.080865204668481283e+01 1.984943324127920761e+01 6.708203932499369415e+00 1.702938636592640265e+01 1.029563014098700080e+01 1.104536101718726115e+01 1.711724276862369010e+01 1.421267040355189515e+01 1.077032961426900748e+01 0.000000000000000000e+00 1.476482306023340030e+01 8.544003745317530374e+00 2.563201123595259290e+01 1.726267650163206824e+01 1.081665382639196871e+01 2.531797780234432693e+01
2.433105012119287736e+01 2.441311123146740414e+01 1.315294643796590535e+01 6.708203932499369415e+00 6.082762530298219339e+00 6.403124237432848531e+00 6.324555320336759046e+00 1.640121946685672683e+01 7.211102550927978250e+00 1.788854381999831844e+01 2.163330765278393741e+01 1.486606874731850603e+01 2.236067977499789805e+01 2.404163056034261459e+01 1.476482306023340030e+01 0.000000000000000000e+00 1.802775637731994607e+01 1.118033988749894903e+01 1.077032961426900748e+01 1.360147050873544394e+01 1.236931687685298087e+01
1.664331697709323876e+01 1.004987562112088995e+01 1.216552506059643868e+01 1.843908891458577415e+01 2.284731931759172596e+01 2.441311123146740414e+01 2.418677324489564739e+01 2.000000000000000000e+00 1.664331697709323876e+01 2.236067977499789805e+00 3.605551275463989125e+00 2.501999200639360765e+01 2.247220505424423109e+01 7.280109889280518054e+00 8.544003745317530374e+00 1.802775637731994607e+01 0.000000000000000000e+00 2.701851217221259205e+01 1.486606874731850603e+01 6.324555320336759046e+00 2.505992817228333536e+01
2.692582403567251959e+01 3.488552708502481892e+01 1.749285568453590045e+01 1.702938636592640265e+01 1.264911064067351809e+01 7.615773105863908654e+00 9.848857801796103928e+00 2.580697580112788003e+01 1.063014581273464998e+01 2.617250465660480074e+01 3.047950130825634218e+01 2.340939982143925135e+01 3.306055050963308162e+01 3.383784863137726262e+01 2.563201123595259290e+01 1.118033988749894903e+01 2.701851217221259205e+01 0.000000000000000000e+00 1.389244398944980396e+01 2.121320343559642652e+01 5.099019513592784492e+00
1.400000000000000000e+01 2.433105012119287736e+01 3.605551275463989125e+00 1.640121946685672683e+01 1.676305461424021104e+01 1.500000000000000000e+01 1.612451549659709826e+01 1.431782106327635340e+01 4.000000000000000000e+00 1.341640786499873883e+01 1.788854381999831844e+01 2.500000000000000000e+01 2.952964612046680060e+01 2.213594362117865444e+01 1.726267650163206824e+01 1.077032961426900748e+01 1.486606874731850603e+01 1.389244398944980396e+01 0.000000000000000000e+00 8.544003745317530374e+00 1.063014581273464998e+01
1.360147050873544394e+01 1.603121954188139853e+01 6.000000000000000000e+00 1.612451549659709826e+01 1.923538406167134340e+01 1.969771560359220786e+01 1.992485884517127559e+01 6.000000000000000000e+00 1.063014581273464998e+01 5.000000000000000000e+00 9.433981132056603158e+00 2.404163056034261459e+01 2.475883680627989492e+01 1.360147050873544394e+01 1.081665382639196871e+01 1.360147050873544394e+01 6.324555320336759046e+00 2.121320343559642652e+01 8.544003745317530374e+00 0.000000000000000000e+00 1.886796226411320632e+01
2.247220505424423109e+01 3.383784863137726262e+01 1.414213562373095101e+01 1.897366596101027625e+01 1.581138830084189628e+01 1.131370849898476116e+01 1.345362404707370985e+01 2.416609194718914466e+01 8.544003745317530374e+00 2.385372088375312671e+01 2.830194339616981125e+01 2.641968962724581260e+01 3.471310991541956525e+01 3.220248437620923454e+01 2.531797780234432693e+01 1.236931687685298087e+01 2.505992817228333536e+01 5.099019513592784492e+00 1.063014581273464998e+01 1.886796226411320632e+01 0.000000000000000000e+00
