0.000000000000000000e+00 2.915475947422650194e+01 9.433981132056603158e+00 2.184032966784155505e+01 2.302172886644267535e+01 2.416609194718914466e+01 1.676305461424021104e+01 1.200000000000000000e+01 2.102379604162863913e+01 2.459674775249768786e+01 1.140175425099137918e+01 1.772004514666934938e+01 2.236067977499789805e+01 2.154065922853801496e+01 1.562049935181330795e+01 4.123105625617660586e+00 2.051828452868319275e+01 2.202271554554523902e+01 3.162277660168379256e+01 3.310589071449369669e+01 2.408318915758459156e+01 1.992485884517127559e+01
2.915475947422650194e+01 0.000000000000000000e+00 2.906888370749726747e+01 1.802775637731994607e+01 1.264911064067351809e+01 2.024845673131658685e+01 1.252996408614166768e+01 3.546829570193639825e+01 1.341640786499873883e+01 5.000000000000000000e+00 3.720215047547655018e+01 3.255764119219941222e+01 7.071067811865475505e+00 7.615773105863908654e+00 1.702938636592640265e+01 2.594224354214569317e+01 1.236931687685298087e+01 2.823118842698620767e+01 7.071067811865475505e+00 4.242640687119284770e+00 1.303840481040529831e+01 9.433981132056603158e+00
9.433981132056603158e+00 2.906888370749726747e+01 0.000000000000000000e+00 1.612451549659709826e+01 1.931320791582796659e+01 3.041381265149109936e+01 1.702938636592640265e+01 6.403124237432848531e+00 1.746424919657297892e+01 2.549509756796392423e+01 8.544003745317530374e+00 2.692582403567251959e+01 2.343074902771996193e+01 2.193171219946130890e+01 2.061552812808830382e+01 7.071067811865475505e+00 2.416609194718914466e+01 3.026549190084311292e+01 3.342154993413680586e+01 3.330165161069342616e+01 2.823118842698620767e+01 1.979898987322333070e+01
2.184032966784155505e+01 1.802775637731994607e+01 1.612451549659709826e+01 0.000000000000000000e+00 5.385164807134503739e+00 3.008321791298264714e+01 1.208304597359457233e+01 2.184032966784155505e+01 5.000000000000000000e+00 1.702938636592640265e+01 2.451530134426252516e+01 3.471310991541956525e+01 1.603121954188139853e+01 1.403566884761819900e+01 2.109502310972898798e+01 1.772004514666934938e+01 2.088061301782110135e+01 3.440930106817050671e+01 2.451530134426252516e+01 2.193171219946130890e+01 2.451530134426252516e+01 1.216552506059643868e+01
2.302172886644267535e+01 1.264911064067351809e+01 1.931320791582796659e+01 5.385164807134503739e+00 0.000000000000000000e+00 2.641968962724581260e+01 9.219544457292887074e+00 2.549509756796392423e+01 2.000000000000000000e+00 1.204159457879229578e+01 2.785677655436823841e+01 3.328663395418647752e+01 1.140175425099137918e+01 9.486832980505138124e+00 1.838477631085023489e+01 1.900000000000000000e+01 1.700000000000000000e+01 3.182766092567909766e+01 1.923538406167134340e+01 1.655294535724684835e+01 2.024845673131658685e+01 8.062257748298549132e+00
2.416609194718914466e+01 2.024845673131658685e+01 3.041381265149109936e+01 3.008321791298264714e+01 2.641968962724581260e+01 0.000000000000000000e+00 1.802775637731994607e+01 3.544009029333869876e+01 2.549509756796392423e+01 1.627882059609970611e+01 3.546829570193639825e+01 1.581138830084189628e+01 1.562049935181330795e+01 1.720465053408525335e+01 1.000000000000000000e+01 2.376972864800942631e+01 9.433981132056603158e+00 9.000000000000000000e+00 1.649242250247064234e+01 2.154065922853801496e+01 7.211102550927978250e+00 1.835755975068581947e+01
1.676305461424021104e+01 1.252996408614166768e+01 1.702938636592640265e+01 1.208304597359457233e+01 9.219544457292887074e+00 1.802775637731994607e+01 0.000000000000000000e+00 2.334523505985750447e+01 7.810249675906653977e+00 8.485281374238569541e+00 2.483948469674844262e+01 2.418677324489564739e+01 6.403124237432848531e+00 5.000000000000000000e+00 9.219544457292887074e+00 1.341640786499873883e+01 9.055385138137417300e+00 2.267156809750926882e+01 1.640121946685672683e+01 1.664331697709323876e+01 1.300000000000000000e+01 3.162277660168379523e+00
1.200000000000000000e+01 3.546829570193639825e+01 6.403124237432848531e+00 2.184032966784155505e+01 2.549509756796392423e+01 3.544009029333869876e+01 2.334523505985750447e+01 0.000000000000000000e+00 2.370653918225939449e+01 3.182766092567909766e+01 3.162277660168379523e+00 2.942787793912432193e+01 2.973213749463701205e+01 2.828427124746190202e+01 2.600000000000000000e+01 1.170469991071962568e+01 3.001666203960726875e+01 3.401470270338990076e+01 3.969886648255841521e+01 3.969886648255841521e+01 3.400000000000000000e+01 2.617250465660480074e+01
2.102379604162863913e+01 1.341640786499873883e+01 1.746424919657297892e+01 5.000000000000000000e+00 2.000000000000000000e+00 2.549509756796392423e+01 7.810249675906653977e+00 2.370653918225939449e+01 0.000000000000000000e+00 1.204159457879229578e+01 2.600000000000000000e+01 3.162277660168379256e+01 1.104536101718726115e+01 9.055385138137417300e+00 1.702938636592640265e+01 1.700000000000000000e+01 1.615549442140351033e+01 3.047950130825634218e+01 1.964688270438849926e+01 1.749285568453590045e+01 1.964688270438849926e+01 7.280109889280518054e+00
2.459674775249768786e+01 5.000000000000000000e+00 2.549509756796392423e+01 1.702938636592640265e+01 1.204159457879229578e+01 1.627882059609970611e+01 8.485281374238569541e+00 3.182766092567909766e+01 1.204159457879229578e+01 0.000000000000000000e+00 3.330165161069342616e+01 2.765863337187866122e+01 2.236067977499789805e+00 3.605551275463989125e+00 1.204159457879229578e+01 2.163330765278393741e+01 7.615773105863908654e+00 2.370653918225939449e+01 8.062257748298549132e+00 8.544003745317530374e+00 9.219544457292887074e+00 5.830951894845300743e+00
1.140175425099137918e+01 3.720215047547655018e+01 8.544003745317530374e+00 2.451530134426252516e+01 2.785677655436823841e+01 3.546829570193639825e+01 2.483948469674844262e+01 3.162277660168379523e+00 2.600000000000000000e+01 3.330165161069342616e+01 0.000000000000000000e+00 2.807133769523639799e+01 3.114482300479487265e+01 2.983286778035259701e+01 2.641968962724581260e+01 1.220655561573370207e+01 3.080584360149872580e+01 3.324154027718932269e+01 4.101219330881975367e+01 4.140048308896890461e+01 3.466987164671942878e+01 2.780287754891568852e+01
1.772004514666934938e+01 3.255764119219941222e+01 2.692582403567251959e+01 3.471310991541956525e+01 3.328663395418647752e+01 1.581138830084189628e+01 2.418677324489564739e+01 2.942787793912432193e+01 3.162277660168379256e+01 2.765863337187866122e+01 2.807133769523639799e+01 0.000000000000000000e+00 2.596150997149434048e+01 2.657066051117284644e+01 1.581138830084189628e+01 2.012461179749810825e+01 2.022374841615668473e+01 7.810249675906653977e+00 3.101612483854164637e+01 3.512833614050059339e+01 2.102379604162863913e+01 2.640075756488817049e+01
2.236067977499789805e+01 7.071067811865475505e+00 2.343074902771996193e+01 1.603121954188139853e+01 1.140175425099137918e+01 1.562049935181330795e+01 6.403124237432848531e+00 2.973213749463701205e+01 1.104536101718726115e+01 2.236067977499789805e+00 3.114482300479487265e+01 2.596150997149434048e+01 0.000000000000000000e+00 2.000000000000000000e+00 1.019803902718556898e+01 1.941648783894759944e+01 6.403124237432848531e+00 2.247220505424423109e+01 1.000000000000000000e+01 1.077032961426900748e+01 8.944271909999159220e+00 4.123105625617660586e+00
2.154065922853801496e+01 7.615773105863908654e+00 2.193171219946130890e+01 1.403566884761819900e+01 9.486832980505138124e+00 1.720465053408525335e+01 5.000000000000000000e+00 2.828427124746190202e+01 9.055385138137417300e+00 3.605551275463989125e+00 2.983286778035259701e+01 2.657066051117284644e+01 2.000000000000000000e+00 0.000000000000000000e+00 1.077032961426900748e+01 1.835755975068581947e+01 7.810249675906653977e+00 2.360084744241189370e+01 1.166190378969060149e+01 1.166190378969060149e+01 1.077032961426900748e+01 2.236067977499789805e+00
1.562049935181330795e+01 1.702938636592640265e+01 2.061552812808830382e+01 2.109502310972898798e+01 1.838477631085023489e+01 1.000000000000000000e+01 9.219544457292887074e+00 2.600000000000000000e+01 1.702938636592640265e+01 1.204159457879229578e+01 2.641968962724581260e+01 1.581138830084189628e+01 1.019803902718556898e+01 1.077032961426900748e+01 0.000000000000000000e+00 1.431782106327635340e+01 5.385164807134503739e+00 1.345362404707370985e+01 1.708800749063506075e+01 2.009975124224177989e+01 8.485281374238569541e+00 1.081665382639196871e+01
4.123105625617660586e+00 2.594224354214569317e+01 7.071067811865475505e+00 1.772004514666934938e+01 1.900000000000000000e+01 2.376972864800942631e+01 1.341640786499873883e+01 1.170469991071962568e+01 1.700000000000000000e+01 2.163330765278393741e+01 1.220655561573370207e+01 2.012461179749810825e+01 1.941648783894759944e+01 1.835755975068581947e+01 1.431782106327635340e+01 0.000000000000000000e+00 1.860107523773827509e+01 2.319482700948640286e+01 2.906888370749726747e+01 3.001666203960726875e+01 2.247220505424423109e+01 1.655294535724684835e+01
2.051828452868319275e+01 1.236931687685298087e+01 2.416609194718914466e+01 2.088061301782110135e+01 1.700000000000000000e+01 9.433981132056603158e+00 9.055385138137417300e+00 3.001666203960726875e+01 1.615549442140351033e+01 7.615773105863908654e+00 3.080584360149872580e+01 2.022374841615668473e+01 6.403124237432848531e+00 7.810249675906653977e+00 5.385164807134503739e+00 1.860107523773827509e+01 0.000000000000000000e+00 1.612451549659709826e+01 1.170469991071962568e+01 1.500000000000000000e+01 4.123105625617660586e+00 8.944271909999159220e+00
2.202271554554523902e+01 2.823118842698620767e+01 3.026549190084311292e+01 3.440930106817050671e+01 3.182766092567909766e+01 9.000000000000000000e+00 2.267156809750926882e+01 3.401470270338990076e+01 3.047950130825634218e+01 2.370653918225939449e+01 3.324154027718932269e+01 7.810249675906653977e+00 2.247220505424423109e+01 2.360084744241189370e+01 1.345362404707370985e+01 2.319482700948640286e+01 1.612451549659709826e+01 0.000000000000000000e+00 2.531797780234432693e+01 3.008321791298264714e+01 1.552417469626002422e+01 2.408318915758459156e+01
3.162277660168379256e+01 7.071067811865475505e+00 3.342154993413680586e+01 2.451530134426252516e+01 1.923538406167134340e+01 1.649242250247064234e+01 1.640121946685672683e+01 3.969886648255841521e+01 1.964688270438849926e+01 8.062257748298549132e+00 4.101219330881975367e+01 3.101612483854164637e+01 1.000000000000000000e+01 1.166190378969060149e+01 1.708800749063506075e+01 2.906888370749726747e+01 1.170469991071962568e+01 2.531797780234432693e+01 0.000000000000000000e+00 5.656854249492380582e+00 1.000000000000000000e+01 1.389244398944980396e+01
3.310589071449369669e+01 4.242640687119284770e+00 3.330165161069342616e+01 2.193171219946130890e+01 1.655294535724684835e+01 2.154065922853801496e+01 1.664331697709323876e+01 3.969886648255841521e+01 1.749285568453590045e+01 8.544003745317530374e+00 4.140048308896890461e+01 3.512833614050059339e+01 1.077032961426900748e+01 1.166190378969060149e+01 2.009975124224177989e+01 3.001666203960726875e+01 1.500000000000000000e+01 3.008321791298264714e+01 5.656854249492380582e+00 0.000000000000000000e+00 1.456021977856103611e+01 1.360147050873544394e+01
2.408318915758459156e+01 1.303840481040529831e+01 2.823118842698620767e+01 2.451530134426252516e+01 2.024845673131658685e+01 7.211102550927978250e+00 1.300000000000000000e+01 3.400000000000000000e+01 1.964688270438849926e+01 9.219544457292887074e+00 3.466987164671942878e+01 2.102379604162863913e+01 8.944271909999159220e+00 1.077032961426900748e+01 8.485281374238569541e+00 2.247220505424423109e+01 4.123105625617660586e+00 1.552417469626002422e+01 1.000000000000000000e+01 1.456021977856103611e+01 0.000000000000000000e+00 1.236931687685298087e+01
1.992485884517127559e+01 9.433981132056603158e+00 1.979898987322333070e+01 1.216552506059643868e+01 8.062257748298549132e+00 1.835755975068581947e+01 3.162277660168379523e+00 2.617250465660480074e+01 7.280109889280518054e+00 5.830951894845300743e+00 2.780287754891568852e+01 2.640075756488817049e+01 4.123105625617660586e+00 2.236067977499789805e+00 1.081665382639196871e+01 1.655294535724684835e+01 8.944271909999159220e+00 2.408318915758459156e+01 1.389244398944980396e+01 1.360147050873544394e+01 1.236931687685298087e+01 0.000000000000000000e+00
