0.000000000000000000e+00 4.060788100849390503e+01 2.319482700948640286e+01 3.201562118716424266e+01 5.053711507397311209e+01 3.668787265568828104e+01 4.229657196511320194e+01 1.431782106327635340e+01 1.627882059609970611e+01 3.935733730830885690e+01 3.900000000000000000e+01 2.630589287593181069e+01 2.370653918225939449e+01 8.944271909999159220e+00 4.669047011971500893e+01 3.452535300326413648e+01 2.720294101747088789e+01 2.247220505424423109e+01 3.008321791298264714e+01 3.612478373637688378e+01 1.964688270438849926e+01 2.009975124224177989e+01 4.509988913511872255e+01 3.944616584663204151e+01 4.904079934095691584e+01 5.341348144429456823e+01
4.060788100849390503e+01 0.000000000000000000e+00 2.376972864800942631e+01 8.602325267042626677e+00 2.193171219946130890e+01 1.431782106327635340e+01 4.071854614300466579e+01 2.842534080710379030e+01 4.492215489043240240e+01 7.615773105863908654e+00 2.024845673131658685e+01 2.801785145224380003e+01 4.318564576337836769e+01 4.517742799230607176e+01 3.189043743820394994e+01 2.751363298439520833e+01 4.001249804748510996e+01 4.440720662234903671e+01 1.726267650163206824e+01 5.099019513592784492e+00 2.765863337187866122e+01 2.594224354214569317e+01 4.031128874149274566e+01 1.500000000000000000e+01 2.580697580112788003e+01 1.702938636592640265e+01
2.319482700948640286e+01 2.376972864800942631e+01 0.000000000000000000e+00 1.711724276862369010e+01 4.200000000000000000e+01 1.442220510185595650e+01 4.801041553663121420e+01 9.000000000000000000e+00 3.517101079013794873e+01 1.920937271229854559e+01 3.395585369269929288e+01 2.983286778035259701e+01 3.847076812334268681e+01 3.101612483854164637e+01 4.554119014694280310e+01 3.535533905932737753e+01 3.860051813123756403e+01 3.848376280978771291e+01 7.810249675906653977e+00 2.137755832643194864e+01 2.408318915758459156e+01 3.162277660168379523e+00 4.939635614091387339e+01 3.114482300479487265e+01 4.341658669218482203e+01 4.026164427839479032e+01
3.201562118716424266e+01 8.602325267042626677e+00 1.711724276862369010e+01 0.000000000000000000e+00 2.507987240796890660e+01 1.345362404707370985e+01 3.720215047547655018e+01 2.024845673131658685e+01 3.687817782917154830e+01 1.019803902718556898e+01 1.886796226411320632e+01 2.184032966784155505e+01 3.601388621073821383e+01 3.667424164178449786e+01 3.106444913401813324e+01 2.360084744241189370e+01 3.354101966249684352e+01 3.701351104664349378e+01 1.264911064067351809e+01 4.472135954999579610e+00 2.002498439450078749e+01 1.868154169226940553e+01 3.753664875824691904e+01 1.486606874731850603e+01 2.720294101747088789e+01 2.340939982143925135e+01
5.053711507397311209e+01 2.193171219946130890e+01 4.200000000000000000e+01 2.507987240796890660e+01 0.000000000000000000e+00 3.605551275463989214e+01 2.816025568065744622e+01 4.295346318982905842e+01 4.738143096192853676e+01 2.954657340538831534e+01 1.204159457879229578e+01 2.687005768508880621e+01 4.161730409336962566e+01 5.140038910358558866e+01 1.503329637837290811e+01 2.024845673131658685e+01 3.635931792539568619e+01 4.360045871318327926e+01 3.748332962798262713e+01 2.137755832643194864e+01 3.162277660168379256e+01 4.310452412450461424e+01 2.600000000000000000e+01 1.140175425099137918e+01 6.082762530298219339e+00 1.044030650891055068e+01
3.668787265568828104e+01 1.431782106327635340e+01 1.442220510185595650e+01 1.345362404707370985e+01 3.605551275463989214e+01 0.000000000000000000e+00 5.060632371551997721e+01 2.247220505424423109e+01 4.601086828130936368e+01 7.000000000000000000e+00 3.201562118716424266e+01 3.443835071544512516e+01 4.707440918375927907e+01 4.356604182158393002e+01 4.420407221060068537e+01 3.701351104664349378e+01 4.554119014694280310e+01 4.767598976424086743e+01 6.708203932499369415e+00 1.526433752247374720e+01 3.104834939252004844e+01 1.749285568453590045e+01 5.099019513592784847e+01 2.745906043549196340e+01 3.935733730830885690e+01 3.106444913401813324e+01
4.229657196511320194e+01 4.071854614300466579e+01 4.801041553663121420e+01 3.720215047547655018e+01 2.816025568065744622e+01 5.060632371551997721e+01 0.000000000000000000e+00 4.338202392696772591e+01 3.059411708155671050e+01 4.664761515876240594e+01 2.088061301782110135e+01 1.835755975068581947e+01 2.184032966784155505e+01 3.811823710509183627e+01 1.360147050873544394e+01 1.360147050873544394e+01 1.627882059609970611e+01 2.404163056034261459e+01 4.808326112068522917e+01 3.671511950137163893e+01 2.507987240796890660e+01 4.716990566028302112e+01 3.605551275463989125e+00 2.624880949681337583e+01 2.236067977499789805e+01 3.800000000000000000e+01
1.431782106327635340e+01 2.842534080710379030e+01 9.000000000000000000e+00 2.024845673131658685e+01 4.295346318982905842e+01 2.247220505424423109e+01 4.338202392696772591e+01 0.000000000000000000e+00 2.657066051117284644e+01 2.580697580112788003e+01 3.301514803843835466e+01 2.507987240796890660e+01 3.080584360149872580e+01 2.202271554554523902e+01 4.341658669218482203e+01 3.201562118716424266e+01 3.182766092567909766e+01 3.052867504494749440e+01 1.581138830084189628e+01 2.469817807045693669e+01 1.835755975068581947e+01 6.082762530298219339e+00 4.531004303683676682e+01 3.157530680769388809e+01 4.310452412450461424e+01 4.338202392696772591e+01
1.627882059609970611e+01 4.492215489043240240e+01 3.517101079013794873e+01 3.687817782917154830e+01 4.738143096192853676e+01 4.601086828130936368e+01 3.059411708155671050e+01 2.657066051117284644e+01 0.000000000000000000e+00 4.638965401897280572e+01 3.538361202590826338e+01 2.051828452868319275e+01 9.000000000000000000e+00 8.544003745317530374e+00 3.894868418830089496e+01 2.780287754891568852e+01 1.431782106327635340e+01 7.071067811865475505e+00 4.019950248448355978e+01 3.984971769034255118e+01 1.746424919657297892e+01 3.257299494980465937e+01 3.395585369269929288e+01 3.801315561749642313e+01 4.404543109109047805e+01 5.325410782277739230e+01
3.935733730830885690e+01 7.615773105863908654e+00 1.920937271229854559e+01 1.019803902718556898e+01 2.954657340538831534e+01 7.000000000000000000e+00 4.664761515876240594e+01 2.580697580112788003e+01 4.638965401897280572e+01 0.000000000000000000e+00 2.690724809414741969e+01 3.201562118716424266e+01 4.609772228646443892e+01 4.522167621838005402e+01 3.889730067755344578e+01 3.312099032335839155e+01 4.373785545725807822e+01 4.701063709417263681e+01 1.166190378969060149e+01 1.000000000000000000e+01 3.001666203960726875e+01 2.193171219946130890e+01 4.661544808322666000e+01 2.193171219946130890e+01 3.328663395418647752e+01 2.408318915758459156e+01
3.900000000000000000e+01 2.024845673131658685e+01 3.395585369269929288e+01 1.886796226411320632e+01 1.204159457879229578e+01 3.201562118716424266e+01 2.088061301782110135e+01 3.301514803843835466e+01 3.538361202590826338e+01 2.690724809414741969e+01 0.000000000000000000e+00 1.486606874731850603e+01 3.001666203960726875e+01 3.940812099047606409e+01 1.220655561573370207e+01 9.219544457292887074e+00 2.507987240796890660e+01 3.190611226708763226e+01 3.130495168499705727e+01 1.697056274847713908e+01 1.972308292331602075e+01 3.436568055487916240e+01 2.012461179749810825e+01 5.385164807134503739e+00 1.019803902718556898e+01 1.897366596101027625e+01
2.630589287593181069e+01 2.801785145224380003e+01 2.983286778035259701e+01 2.184032966784155505e+01 2.687005768508880621e+01 3.443835071544512516e+01 1.835755975068581947e+01 2.507987240796890660e+01 2.051828452868319275e+01 3.201562118716424266e+01 1.486606874731850603e+01 0.000000000000000000e+00 1.581138830084189628e+01 2.505992817228333536e+01 2.039607805437113797e+01 8.246211251235321171e+00 1.200000000000000000e+01 1.746424919657297892e+01 3.080584360149872580e+01 2.308679276123039159e+01 7.071067811865475505e+00 2.884441020371191300e+01 2.024845673131658685e+01 1.788854381999831844e+01 2.385372088375312671e+01 3.312099032335839155e+01
2.370653918225939449e+01 4.318564576337836769e+01 3.847076812334268681e+01 3.601388621073821383e+01 4.161730409336962566e+01 4.707440918375927907e+01 2.184032966784155505e+01 3.080584360149872580e+01 9.000000000000000000e+00 4.609772228646443892e+01 3.001666203960726875e+01 1.581138830084189628e+01 0.000000000000000000e+00 1.726267650163206824e+01 3.140063693621516450e+01 2.140093455903269515e+01 5.830951894845300743e+00 2.236067977499789805e+00 4.205948168962618183e+01 3.811823710509183627e+01 1.612451549659709826e+01 3.635931792539568619e+01 2.529822128134703618e+01 3.361547262794321966e+01 3.753664875824691904e+01 4.875448697299562184e+01
8.944271909999159220e+00 4.517742799230607176e+01 3.101612483854164637e+01 3.667424164178449786e+01 5.140038910358558866e+01 4.356604182158393002e+01 3.811823710509183627e+01 2.202271554554523902e+01 8.544003745317530374e+00 4.522167621838005402e+01 3.940812099047606409e+01 2.505992817228333536e+01 1.726267650163206824e+01 0.000000000000000000e+00 4.494441010848846219e+01 3.310589071449369669e+01 2.200000000000000000e+01 1.552417469626002422e+01 3.721558813185679071e+01 4.031128874149274566e+01 1.984943324127920761e+01 2.807133769523639799e+01 4.130375285612676350e+01 4.103656905736638549e+01 4.887739763939974580e+01 5.590169943749474157e+01
4.669047011971500893e+01 3.189043743820394994e+01 4.554119014694280310e+01 3.106444913401813324e+01 1.503329637837290811e+01 4.420407221060068537e+01 1.360147050873544394e+01 4.341658669218482203e+01 3.894868418830089496e+01 3.889730067755344578e+01 1.220655561573370207e+01 2.039607805437113797e+01 3.140063693621516450e+01 4.494441010848846219e+01 0.000000000000000000e+00 1.216552506059643868e+01 2.561249694973139412e+01 3.360059523282288296e+01 4.341658669218482203e+01 2.906888370749726747e+01 2.716615541441224835e+01 4.560701700396551672e+01 1.104536101718726115e+01 1.697056274847713908e+01 9.000000000000000000e+00 2.531797780234432693e+01
3.452535300326413648e+01 2.751363298439520833e+01 3.535533905932737753e+01 2.360084744241189370e+01 2.024845673131658685e+01 3.701351104664349378e+01 1.360147050873544394e+01 3.201562118716424266e+01 2.780287754891568852e+01 3.312099032335839155e+01 9.219544457292887074e+00 8.246211251235321171e+00 2.140093455903269515e+01 3.310589071449369669e+01 1.216552506059643868e+01 0.000000000000000000e+00 1.612451549659709826e+01 2.343074902771996193e+01 3.471310991541956525e+01 2.325940669922601600e+01 1.503329637837290811e+01 3.492849839314595783e+01 1.421267040355189515e+01 1.400000000000000000e+01 1.627882059609970611e+01 2.816025568065744622e+01
2.720294101747088789e+01 4.001249804748510996e+01 3.860051813123756403e+01 3.354101966249684352e+01 3.635931792539568619e+01 4.554119014694280310e+01 1.627882059609970611e+01 3.182766092567909766e+01 1.431782106327635340e+01 4.373785545725807822e+01 2.507987240796890660e+01 1.200000000000000000e+01 5.830951894845300743e+00 2.200000000000000000e+01 2.561249694973139412e+01 1.612451549659709826e+01 0.000000000000000000e+00 8.062257748298549132e+00 4.114608122288196768e+01 3.505709628591620941e+01 1.476482306023340030e+01 3.687817782917154830e+01 1.964688270438849926e+01 2.912043955712207222e+01 3.201562118716424266e+01 4.401136216933077350e+01
2.247220505424423109e+01 4.440720662234903671e+01 3.848376280978771291e+01 3.701351104664349378e+01 4.360045871318327926e+01 4.767598976424086743e+01 2.404163056034261459e+01 3.052867504494749440e+01 7.071067811865475505e+00 4.701063709417263681e+01 3.190611226708763226e+01 1.746424919657297892e+01 2.236067977499789805e+00 1.552417469626002422e+01 3.360059523282288296e+01 2.343074902771996193e+01 8.062257748298549132e+00 0.000000000000000000e+00 4.244997055358224713e+01 3.931920650267500150e+01 1.700000000000000000e+01 3.623534186398687496e+01 2.751363298439520833e+01 3.534119409414458346e+01 3.962322551231790158e+01 5.053711507397311209e+01
3.008321791298264714e+01 1.726267650163206824e+01 7.810249675906653977e+00 1.264911064067351809e+01 3.748332962798262713e+01 6.708203932499369415e+00 4.808326112068522917e+01 1.581138830084189628e+01 4.019950248448355978e+01 1.166190378969060149e+01 3.130495168499705727e+01 3.080584360149872580e+01 4.205948168962618183e+01 3.721558813185679071e+01 4.341658669218482203e+01 3.471310991541956525e+01 4.114608122288196768e+01 4.244997055358224713e+01 0.000000000000000000e+00 1.612451549659709826e+01 2.640075756488817049e+01 1.081665382639196871e+01 4.891829923454003648e+01 2.751363298439520833e+01 3.984971769034255118e+01 3.423448553724738019e+01
3.612478373637688378e+01 5.099019513592784492e+00 2.137755832643194864e+01 4.472135954999579610e+00 2.137755832643194864e+01 1.526433752247374720e+01 3.671511950137163893e+01 2.469817807045693669e+01 3.984971769034255118e+01 1.000000000000000000e+01 1.697056274847713908e+01 2.308679276123039159e+01 3.811823710509183627e+01 4.031128874149274566e+01 2.906888370749726747e+01 2.325940669922601600e+01 3.505709628591620941e+01 3.931920650267500150e+01 1.612451549659709826e+01 0.000000000000000000e+00 2.256102834535695578e+01 2.308679276123039159e+01 3.661966684720110976e+01 1.220655561573370207e+01 2.416609194718914466e+01 1.897366596101027625e+01
1.964688270438849926e+01 2.765863337187866122e+01 2.408318915758459156e+01 2.002498439450078749e+01 3.162277660168379256e+01 3.104834939252004844e+01 2.507987240796890660e+01 1.835755975068581947e+01 1.746424919657297892e+01 3.001666203960726875e+01 1.972308292331602075e+01 7.071067811865475505e+00 1.612451549659709826e+01 1.984943324127920761e+01 2.716615541441224835e+01 1.503329637837290811e+01 1.476482306023340030e+01 1.700000000000000000e+01 2.640075756488817049e+01 2.256102834535695578e+01 0.000000000000000000e+00 2.267156809750926882e+01 2.720294101747088789e+01 2.121320343559642652e+01 2.954657340538831534e+01 3.623534186398687496e+01
2.009975124224177989e+01 2.594224354214569317e+01 3.162277660168379523e+00 1.868154169226940553e+01 4.310452412450461424e+01 1.749285568453590045e+01 4.716990566028302112e+01 6.082762530298219339e+00 3.257299494980465937e+01 2.193171219946130890e+01 3.436568055487916240e+01 2.884441020371191300e+01 3.635931792539568619e+01 2.807133769523639799e+01 4.560701700396551672e+01 3.492849839314595783e+01 3.687817782917154830e+01 3.623534186398687496e+01 1.081665382639196871e+01 2.308679276123039159e+01 2.267156809750926882e+01 0.000000000000000000e+00 4.876474136094643796e+01 3.200000000000000000e+01 4.410215414239988974e+01 4.205948168962618183e+01
4.509988913511872255e+01 4.031128874149274566e+01 4.939635614091387339e+01 3.753664875824691904e+01 2.600000000000000000e+01 5.099019513592784847e+01 3.605551275463989125e+00 4.531004303683676682e+01 3.395585369269929288e+01 4.661544808322666000e+01 2.012461179749810825e+01 2.024845673131658685e+01 2.529822128134703618e+01 4.130375285612676350e+01 1.104536101718726115e+01 1.421267040355189515e+01 1.964688270438849926e+01 2.751363298439520833e+01 4.891829923454003648e+01 3.661966684720110976e+01 2.720294101747088789e+01 4.876474136094643796e+01 0.000000000000000000e+00 2.549509756796392423e+01 2.002498439450078749e+01 3.612478373637688378e+01
3.944616584663204151e+01 1.500000000000000000e+01 3.114482300479487265e+01 1.486606874731850603e+01 1.140175425099137918e+01 2.745906043549196340e+01 2.624880949681337583e+01 3.157530680769388809e+01 3.801315561749642313e+01 2.193171219946130890e+01 5.385164807134503739e+00 1.788854381999831844e+01 3.361547262794321966e+01 4.103656905736638549e+01 1.697056274847713908e+01 1.400000000000000000e+01 2.912043955712207222e+01 3.534119409414458346e+01 2.751363298439520833e+01 1.220655561573370207e+01 2.121320343559642652e+01 3.200000000000000000e+01 2.549509756796392423e+01 0.000000000000000000e+00 1.236931687685298087e+01 1.526433752247374720e+01
4.904079934095691584e+01 2.580697580112788003e+01 4.341658669218482203e+01 2.720294101747088789e+01 6.082762530298219339e+00 3.935733730830885690e+01 2.236067977499789805e+01 4.310452412450461424e+01 4.404543109109047805e+01 3.328663395418647752e+01 1.019803902718556898e+01 2.385372088375312671e+01 3.753664875824691904e+01 4.887739763939974580e+01 9.000000000000000000e+00 1.627882059609970611e+01 3.201562118716424266e+01 3.962322551231790158e+01 3.984971769034255118e+01 2.416609194718914466e+01 2.954657340538831534e+01 4.410215414239988974e+01 2.002498439450078749e+01 1.236931687685298087e+01 0.000000000000000000e+00 1.649242250247064234e+01
5.341348144429456823e+01 1.702938636592640265e+01 4.026164427839479032e+01 2.340939982143925135e+01 1.044030650891055068e+01 3.106444913401813324e+01 3.800000000000000000e+01 4.338202392696772591e+01 5.325410782277739230e+01 2.408318915758459156e+01 1.897366596101027625e+01 3.312099032335839155e+01 4.875448697299562184e+01 5.590169943749474157e+01 2.531797780234432693e+01 2.816025568065744622e+01 4.401136216933077350e+01 5.053711507397311209e+01 3.423448553724738019e+01 1.897366596101027625e+01 3.623534186398687496e+01 4.205948168962618183e+01 3.612478373637688378e+01 1.526433752247374720e+01 1.649242250247064234e+01 0.000000000000000000e+00
