0.000000000000000000e+00 2.745906043549196340e+01 2.435159132377184221e+01 2.745906043549196340e+01 3.517101079013794873e+01 2.184032966784155505e+01 8.544003745317530374e+00 3.008321791298264714e+01 1.204159457879229578e+01 1.204159457879229578e+01 1.431782106327635340e+01 4.167733196834941367e+01 2.630589287593181069e+01 1.886796226411320632e+01 2.332380757938120297e+01 1.749285568453590045e+01 9.433981132056603158e+00 1.802775637731994607e+01 2.517935662402834396e+01 2.209072203437452231e+01 2.555386467836127551e+01 3.047950130825634218e+01 2.720294101747088789e+01 3.535533905932737753e+01 3.640054944640259293e+01 3.041381265149109936e+01
2.745906043549196340e+01 0.000000000000000000e+00 5.000000000000000000e+00 1.000000000000000000e+01 8.062257748298549132e+00 1.252996408614166768e+01 2.061552812808830382e+01 3.605551275463989125e+00 1.615549442140351033e+01 2.692582403567251959e+01 3.132091952673165025e+01 1.835755975068581947e+01 9.055385138137417300e+00 2.024845673131658685e+01 2.121320343559642652e+01 2.059126028197400160e+01 2.147091055358388800e+01 2.418677324489564739e+01 3.605551275463989214e+01 8.602325267042626677e+00 9.433981132056603158e+00 1.552417469626002422e+01 1.208304597359457233e+01 1.264911064067351809e+01 9.433981132056603158e+00 1.802775637731994607e+01
2.435159132377184221e+01 5.000000000000000000e+00 0.000000000000000000e+00 1.360147050873544394e+01 1.104536101718726115e+01 1.414213562373095101e+01 1.860107523773827509e+01 6.000000000000000000e+00 1.421267040355189515e+01 2.236067977499789805e+01 2.668332812825266842e+01 1.838477631085023489e+01 1.236931687685298087e+01 1.526433752247374720e+01 1.627882059609970611e+01 1.565247584249852864e+01 1.984943324127920761e+01 1.923538406167134340e+01 3.106444913401813324e+01 1.004987562112088995e+01 5.099019513592784492e+00 1.200000000000000000e+01 8.062257748298549132e+00 1.204159457879229578e+01 1.216552506059643868e+01 1.414213562373095101e+01
2.745906043549196340e+01 1.000000000000000000e+01 1.360147050873544394e+01 0.000000000000000000e+00 1.565247584249852864e+01 6.082762530298219339e+00 1.910497317454279909e+01 1.315294643796590535e+01 1.552417469626002422e+01 3.106444913401813324e+01 3.551056180912940619e+01 2.751363298439520833e+01 1.414213562373095145e+00 2.701851217221259205e+01 2.915475947422650194e+01 2.690724809414741969e+01 1.900000000000000000e+01 3.041381265149109936e+01 4.242640687119285303e+01 5.830951894845300743e+00 1.868154169226940553e+01 2.531797780234432693e+01 2.158703314492290204e+01 2.236067977499789805e+01 1.700000000000000000e+01 2.765863337187866122e+01
3.517101079013794873e+01 8.062257748298549132e+00 1.104536101718726115e+01 1.565247584249852864e+01 0.000000000000000000e+00 1.984943324127920761e+01 2.863564212655270680e+01 5.099019513592784492e+00 2.416609194718914466e+01 3.313608305156178346e+01 3.733630940518894192e+01 1.216552506059643868e+01 1.526433752247374720e+01 2.500000000000000000e+01 2.459674775249768786e+01 2.570992026436488231e+01 2.952964612046680060e+01 2.912043955712207222e+01 4.031128874149274566e+01 1.627882059609970611e+01 1.264911064067351809e+01 1.555634918610404505e+01 1.389244398944980396e+01 8.544003745317530374e+00 1.414213562373095145e+00 1.838477631085023489e+01
2.184032966784155505e+01 1.252996408614166768e+01 1.414213562373095101e+01 6.082762530298219339e+00 1.984943324127920761e+01 0.000000000000000000e+00 1.334166406412633421e+01 1.612451549659709826e+01 1.029563014098700080e+01 2.690724809414741969e+01 3.124099870362661591e+01 3.088689042296100240e+01 5.385164807134503739e+00 2.459674775249768786e+01 2.751363298439520833e+01 2.418677324489564739e+01 1.303840481040529831e+01 2.745906043549196340e+01 3.920459156782531807e+01 4.123105625617660586e+00 1.902629759044044633e+01 2.607680962081059661e+01 2.202271554554523902e+01 2.507987240796890660e+01 2.126029162546929996e+01 2.800000000000000000e+01
8.544003745317530374e+00 2.061552812808830382e+01 1.860107523773827509e+01 1.910497317454279909e+01 2.863564212655270680e+01 1.334166406412633421e+01 0.000000000000000000e+00 2.370653918225939449e+01 4.472135954999579610e+00 1.655294535724684835e+01 2.024845673131658685e+01 3.687817782917154830e+01 1.802775637731994607e+01 1.910497317454279909e+01 2.334523505985750447e+01 1.802775637731994607e+01 2.000000000000000000e+00 2.009975124224177989e+01 3.008321791298264714e+01 1.403566884761819900e+01 2.126029162546929996e+01 2.745906043549196340e+01 2.360084744241189370e+01 3.047950130825634218e+01 2.996664812754339380e+01 2.817800560721074277e+01
3.008321791298264714e+01 3.605551275463989125e+00 6.000000000000000000e+00 1.315294643796590535e+01 5.099019513592784492e+00 1.612451549659709826e+01 2.370653918225939449e+01 0.000000000000000000e+00 1.923538406167134340e+01 2.828427124746190202e+01 3.255764119219941222e+01 1.476482306023340030e+01 1.236931687685298087e+01 2.061552812808830382e+01 2.080865204668481283e+01 2.118962010041709121e+01 2.469817807045693669e+01 2.469817807045693669e+01 3.623534186398687496e+01 1.220655561573370207e+01 8.602325267042626677e+00 1.341640786499873883e+01 1.063014581273464998e+01 9.219544457292887074e+00 6.324555320336759046e+00 1.612451549659709826e+01
1.204159457879229578e+01 1.615549442140351033e+01 1.421267040355189515e+01 1.552417469626002422e+01 2.416609194718914466e+01 1.029563014098700080e+01 4.472135954999579610e+00 1.923538406167134340e+01 0.000000000000000000e+00 1.702938636592640265e+01 2.121320343559642652e+01 3.255764119219941222e+01 1.431782106327635340e+01 1.711724276862369010e+01 2.100000000000000000e+01 1.627882059609970611e+01 5.656854249492380582e+00 1.897366596101027625e+01 3.001666203960726875e+01 1.004987562112088995e+01 1.720465053408525335e+01 2.370653918225939449e+01 1.972308292331602075e+01 2.617250465660480074e+01 2.549509756796392423e+01 2.469817807045693669e+01
1.204159457879229578e+01 2.692582403567251959e+01 2.236067977499789805e+01 3.106444913401813324e+01 3.313608305156178346e+01 2.690724809414741969e+01 1.655294535724684835e+01 2.828427124746190202e+01 1.702938636592640265e+01 0.000000000000000000e+00 4.472135954999579610e+00 3.613862199918530393e+01 2.968164415931165934e+01 9.848857801796103928e+00 1.360147050873544394e+01 8.544003745317530374e+00 1.838477631085023489e+01 7.071067811865475505e+00 1.360147050873544394e+01 2.523885892824792521e+01 2.102379604162863913e+01 2.340939982143925135e+01 2.137755832643194864e+01 3.041381265149109936e+01 3.405877273185280529e+01 2.236067977499789805e+01
1.431782106327635340e+01 3.132091952673165025e+01 2.668332812825266842e+01 3.551056180912940619e+01 3.733630940518894192e+01 3.124099870362661591e+01 2.024845673131658685e+01 3.255764119219941222e+01 2.121320343559642652e+01 4.472135954999579610e+00 0.000000000000000000e+00 3.962322551231790158e+01 3.413209633175202384e+01 1.315294643796590535e+01 1.615549442140351033e+01 1.204159457879229578e+01 2.195449840010014952e+01 9.486832980505138124e+00 1.100000000000000000e+01 2.968164415931165934e+01 2.501999200639360765e+01 2.668332812825266842e+01 2.507987240796890660e+01 3.413209633175202384e+01 3.820994634908559817e+01 2.529822128134703618e+01
4.167733196834941367e+01 1.835755975068581947e+01 1.838477631085023489e+01 2.751363298439520833e+01 1.216552506059643868e+01 3.088689042296100240e+01 3.687817782917154830e+01 1.476482306023340030e+01 3.255764119219941222e+01 3.613862199918530393e+01 3.962322551231790158e+01 0.000000000000000000e+00 2.692582403567251959e+01 2.647640458974745314e+01 2.402082429892862692e+01 2.765863337187866122e+01 3.820994634908559817e+01 3.026549190084311292e+01 3.920459156782531807e+01 2.692582403567251959e+01 1.612451549659709826e+01 1.303840481040529831e+01 1.486606874731850603e+01 6.403124237432848531e+00 1.104536101718726115e+01 1.503329637837290811e+01
2.630589287593181069e+01 9.055385138137417300e+00 1.236931687685298087e+01 1.414213562373095145e+00 1.526433752247374720e+01 5.385164807134503739e+00 1.802775637731994607e+01 1.236931687685298087e+01 1.431782106327635340e+01 2.968164415931165934e+01 3.413209633175202384e+01 2.692582403567251959e+01 0.000000000000000000e+00 2.561249694973139412e+01 2.778488797889960793e+01 2.549509756796392423e+01 1.802775637731994607e+01 2.900000000000000000e+01 4.101219330881975367e+01 4.472135954999579610e+00 1.746424919657297892e+01 2.418677324489564739e+01 2.039607805437113797e+01 2.158703314492290204e+01 1.664331697709323876e+01 2.647640458974745314e+01
1.886796226411320632e+01 2.024845673131658685e+01 1.526433752247374720e+01 2.701851217221259205e+01 2.500000000000000000e+01 2.459674775249768786e+01 1.910497317454279909e+01 2.061552812808830382e+01 1.711724276862369010e+01 9.848857801796103928e+00 1.315294643796590535e+01 2.647640458974745314e+01 2.561249694973139412e+01 0.000000000000000000e+00 4.472135954999579610e+00 1.414213562373095145e+00 2.109502310972898798e+01 4.123105625617660586e+00 1.581138830084189628e+01 2.163330765278393741e+01 1.236931687685298087e+01 1.360147050873544394e+01 1.200000000000000000e+01 2.102379604162863913e+01 2.570992026436488231e+01 1.252996408614166768e+01
2.332380757938120297e+01 2.121320343559642652e+01 1.627882059609970611e+01 2.915475947422650194e+01 2.459674775249768786e+01 2.751363298439520833e+01 2.334523505985750447e+01 2.080865204668481283e+01 2.100000000000000000e+01 1.360147050873544394e+01 1.615549442140351033e+01 2.402082429892862692e+01 2.778488797889960793e+01 4.472135954999579610e+00 0.000000000000000000e+00 5.830951894845300743e+00 2.531797780234432693e+01 6.708203932499369415e+00 1.581138830084189628e+01 2.416609194718914466e+01 1.220655561573370207e+01 1.100000000000000000e+01 1.077032961426900748e+01 1.923538406167134340e+01 2.507987240796890660e+01 9.219544457292887074e+00
1.749285568453590045e+01 2.059126028197400160e+01 1.565247584249852864e+01 2.690724809414741969e+01 2.570992026436488231e+01 2.418677324489564739e+01 1.802775637731994607e+01 2.118962010041709121e+01 1.627882059609970611e+01 8.544003745317530374e+00 1.204159457879229578e+01 2.765863337187866122e+01 2.549509756796392423e+01 1.414213562373095145e+00 5.830951894845300743e+00 0.000000000000000000e+00 2.002498439450078749e+01 3.605551275463989125e+00 1.562049935181330795e+01 2.140093455903269515e+01 1.315294643796590535e+01 1.486606874731850603e+01 1.303840481040529831e+01 2.209072203437452231e+01 2.647640458974745314e+01 1.389244398944980396e+01
9.433981132056603158e+00 2.147091055358388800e+01 1.984943324127920761e+01 1.900000000000000000e+01 2.952964612046680060e+01 1.303840481040529831e+01 2.000000000000000000e+00 2.469817807045693669e+01 5.656854249492380582e+00 1.838477631085023489e+01 2.195449840010014952e+01 3.820994634908559817e+01 1.802775637731994607e+01 2.109502310972898798e+01 2.531797780234432693e+01 2.002498439450078749e+01 0.000000000000000000e+00 2.209072203437452231e+01 3.195309061734091571e+01 1.431782106327635340e+01 2.280350850198275836e+01 2.915475947422650194e+01 2.523885892824792521e+01 3.182766092567909766e+01 3.088689042296100240e+01 2.996664812754339380e+01
1.802775637731994607e+01 2.418677324489564739e+01 1.923538406167134340e+01 3.041381265149109936e+01 2.912043955712207222e+01 2.745906043549196340e+01 2.009975124224177989e+01 2.469817807045693669e+01 1.897366596101027625e+01 7.071067811865475505e+00 9.486832980505138124e+00 3.026549190084311292e+01 2.900000000000000000e+01 4.123105625617660586e+00 6.708203932499369415e+00 3.605551275463989125e+00 2.209072203437452231e+01 0.000000000000000000e+00 1.204159457879229578e+01 2.483948469674844262e+01 1.649242250247064234e+01 1.726267650163206824e+01 1.603121954188139853e+01 2.500000000000000000e+01 2.983286778035259701e+01 1.581138830084189628e+01
2.517935662402834396e+01 3.605551275463989214e+01 3.106444913401813324e+01 4.242640687119285303e+01 4.031128874149274566e+01 3.920459156782531807e+01 3.008321791298264714e+01 3.623534186398687496e+01 3.001666203960726875e+01 1.360147050873544394e+01 1.100000000000000000e+01 3.920459156782531807e+01 4.101219330881975367e+01 1.581138830084189628e+01 1.581138830084189628e+01 1.562049935181330795e+01 3.195309061734091571e+01 1.204159457879229578e+01 0.000000000000000000e+00 3.679673898594819548e+01 2.773084924772409465e+01 2.647640458974745314e+01 2.657066051117284644e+01 3.492849839314595783e+01 4.085339643163099055e+01 2.418677324489564739e+01
2.209072203437452231e+01 8.602325267042626677e+00 1.004987562112088995e+01 5.830951894845300743e+00 1.627882059609970611e+01 4.123105625617660586e+00 1.403566884761819900e+01 1.220655561573370207e+01 1.004987562112088995e+01 2.523885892824792521e+01 2.968164415931165934e+01 2.692582403567251959e+01 4.472135954999579610e+00 2.163330765278393741e+01 2.416609194718914466e+01 2.140093455903269515e+01 1.431782106327635340e+01 2.483948469674844262e+01 3.679673898594819548e+01 0.000000000000000000e+00 1.500000000000000000e+01 2.202271554554523902e+01 1.800000000000000000e+01 2.102379604162863913e+01 1.769180601295413169e+01 2.402082429892862692e+01
2.555386467836127551e+01 9.433981132056603158e+00 5.099019513592784492e+00 1.868154169226940553e+01 1.264911064067351809e+01 1.902629759044044633e+01 2.126029162546929996e+01 8.602325267042626677e+00 1.720465053408525335e+01 2.102379604162863913e+01 2.501999200639360765e+01 1.612451549659709826e+01 1.746424919657297892e+01 1.236931687685298087e+01 1.220655561573370207e+01 1.315294643796590535e+01 2.280350850198275836e+01 1.649242250247064234e+01 2.773084924772409465e+01 1.500000000000000000e+01 0.000000000000000000e+00 7.071067811865475505e+00 3.000000000000000000e+00 9.848857801796103928e+00 1.334166406412633421e+01 9.055385138137417300e+00
3.047950130825634218e+01 1.552417469626002422e+01 1.200000000000000000e+01 2.531797780234432693e+01 1.555634918610404505e+01 2.607680962081059661e+01 2.745906043549196340e+01 1.341640786499873883e+01 2.370653918225939449e+01 2.340939982143925135e+01 2.668332812825266842e+01 1.303840481040529831e+01 2.418677324489564739e+01 1.360147050873544394e+01 1.100000000000000000e+01 1.486606874731850603e+01 2.915475947422650194e+01 1.726267650163206824e+01 2.647640458974745314e+01 2.202271554554523902e+01 7.071067811865475505e+00 0.000000000000000000e+00 4.123105625617660586e+00 8.544003745317530374e+00 1.562049935181330795e+01 2.828427124746190291e+00
2.720294101747088789e+01 1.208304597359457233e+01 8.062257748298549132e+00 2.158703314492290204e+01 1.389244398944980396e+01 2.202271554554523902e+01 2.360084744241189370e+01 1.063014581273464998e+01 1.972308292331602075e+01 2.137755832643194864e+01 2.507987240796890660e+01 1.486606874731850603e+01 2.039607805437113797e+01 1.200000000000000000e+01 1.077032961426900748e+01 1.303840481040529831e+01 2.523885892824792521e+01 1.603121954188139853e+01 2.657066051117284644e+01 1.800000000000000000e+01 3.000000000000000000e+00 4.123105625617660586e+00 0.000000000000000000e+00 9.055385138137417300e+00 1.431782106327635340e+01 6.082762530298219339e+00
3.535533905932737753e+01 1.264911064067351809e+01 1.204159457879229578e+01 2.236067977499789805e+01 8.544003745317530374e+00 2.507987240796890660e+01 3.047950130825634218e+01 9.219544457292887074e+00 2.617250465660480074e+01 3.041381265149109936e+01 3.413209633175202384e+01 6.403124237432848531e+00 2.158703314492290204e+01 2.102379604162863913e+01 1.923538406167134340e+01 2.209072203437452231e+01 3.182766092567909766e+01 2.500000000000000000e+01 3.492849839314595783e+01 2.102379604162863913e+01 9.848857801796103928e+00 8.544003745317530374e+00 9.055385138137417300e+00 0.000000000000000000e+00 8.062257748298549132e+00 1.118033988749894903e+01
3.640054944640259293e+01 9.433981132056603158e+00 1.216552506059643868e+01 1.700000000000000000e+01 1.414213562373095145e+00 2.126029162546929996e+01 2.996664812754339380e+01 6.324555320336759046e+00 2.549509756796392423e+01 3.405877273185280529e+01 3.820994634908559817e+01 1.104536101718726115e+01 1.664331697709323876e+01 2.570992026436488231e+01 2.507987240796890660e+01 2.647640458974745314e+01 3.088689042296100240e+01 2.983286778035259701e+01 4.085339643163099055e+01 1.769180601295413169e+01 1.334166406412633421e+01 1.562049935181330795e+01 1.431782106327635340e+01 8.062257748298549132e+00 0.000000000000000000e+00 1.843908891458577415e+01
3.041381265149109936e+01 1.802775637731994607e+01 1.414213562373095101e+01 2.765863337187866122e+01 1.838477631085023489e+01 2.800000000000000000e+01 2.817800560721074277e+01 1.612451549659709826e+01 2.469817807045693669e+01 2.236067977499789805e+01 2.529822128134703618e+01 1.503329637837290811e+01 2.647640458974745314e+01 1.252996408614166768e+01 9.219544457292887074e+00 1.389244398944980396e+01 2.996664812754339380e+01 1.581138830084189628e+01 2.418677324489564739e+01 2.402082429892862692e+01 9.055385138137417300e+00 2.828427124746190291e+00 6.082762530298219339e+00 1.118033988749894903e+01 1.843908891458577415e+01 0.000000000000000000e+00
