0.000000000000000000e+00 9.219544457292887074e+00 1.131370849898476116e+01 1.334166406412633421e+01 1.843908891458577415e+01 2.385372088375312671e+01 1.389244398944980396e+01 4.472135954999579610e+00 9.219544457292887074e+00 9.055385138137417300e+00 1.345362404707370985e+01 9.848857801796103928e+00 2.051828452868319275e+01 3.342154993413680586e+01 1.649242250247064234e+01 2.202271554554523902e+01 2.325940669922601600e+01 1.044030650891055068e+01 9.219544457292887074e+00 2.193171219946130890e+01 1.581138830084189628e+01 2.707397274136176790e+01 2.601922366251537611e+01 1.300000000000000000e+01 2.308679276123039159e+01 7.071067811865475505e+00 9.848857801796103928e+00
9.219544457292887074e+00 0.000000000000000000e+00 1.513274595042155646e+01 1.081665382639196871e+01 9.433981132056603158e+00 2.441311123146740414e+01 1.523154621172781731e+01 9.219544457292887074e+00 1.838477631085023489e+01 5.385164807134503739e+00 4.242640687119284770e+00 1.140175425099137918e+01 2.340939982143925135e+01 2.420743687382040932e+01 9.219544457292887074e+00 1.581138830084189628e+01 1.456021977856103611e+01 5.656854249492380582e+00 1.649242250247064234e+01 1.280624847486569706e+01 1.360147050873544394e+01 2.039607805437113797e+01 2.024845673131658685e+01 2.195449840010014952e+01 1.503329637837290811e+01 1.565247584249852864e+01 4.242640687119284770e+00
1.131370849898476116e+01 1.513274595042155646e+01 0.000000000000000000e+00 2.370653918225939449e+01 2.088061301782110135e+01 1.300000000000000000e+01 4.123105625617660586e+00 7.211102550927978250e+00 1.513274595042155646e+01 1.838477631085023489e+01 1.802775637731994607e+01 4.123105625617660586e+00 9.219544457292887074e+00 3.640054944640259293e+01 2.433105012119287736e+01 3.080584360149872580e+01 2.906888370749726747e+01 1.118033988749894903e+01 6.082762530298219339e+00 2.435159132377184221e+01 2.641968962724581260e+01 3.551056180912940619e+01 3.517101079013794873e+01 1.360147050873544394e+01 3.001666203960726875e+01 9.055385138137417300e+00 1.204159457879229578e+01
1.334166406412633421e+01 1.081665382639196871e+01 2.370653918225939449e+01 0.000000000000000000e+00 1.702938636592640265e+01 3.471310991541956525e+01 2.500000000000000000e+01 1.655294535724684835e+01 1.941648783894759944e+01 5.656854249492380582e+00 1.236931687685298087e+01 2.080865204668481283e+01 3.275667870831839679e+01 2.729468812791236232e+01 7.615773105863908654e+00 9.848857801796103928e+00 1.526433752247374720e+01 1.640121946685672683e+01 2.256102834535695578e+01 1.910497317454279909e+01 2.828427124746190291e+00 1.486606874731850603e+01 1.315294643796590535e+01 2.507987240796890660e+01 1.345362404707370985e+01 2.009975124224177989e+01 1.500000000000000000e+01
1.843908891458577415e+01 9.433981132056603158e+00 2.088061301782110135e+01 1.702938636592640265e+01 0.000000000000000000e+00 2.570992026436488231e+01 1.910497317454279909e+01 1.720465053408525335e+01 2.765863337187866122e+01 1.334166406412633421e+01 5.385164807134503739e+00 1.676305461424021104e+01 2.700000000000000000e+01 1.565247584249852864e+01 1.077032961426900748e+01 1.640121946685672683e+01 9.848857801796103928e+00 9.848857801796103928e+00 2.418677324489564739e+01 3.605551275463989125e+00 1.923538406167134340e+01 1.920937271229854559e+01 2.051828452868319275e+01 3.061045573002793319e+01 1.220655561573370207e+01 2.420743687382040932e+01 9.433981132056603158e+00
2.385372088375312671e+01 2.441311123146740414e+01 1.300000000000000000e+01 3.471310991541956525e+01 2.570992026436488231e+01 0.000000000000000000e+00 1.000000000000000000e+01 1.941648783894759944e+01 2.789265136196270589e+01 2.906888370749726747e+01 2.549509756796392423e+01 1.421267040355189515e+01 6.324555320336759046e+00 3.901281840626231912e+01 3.312099032335839155e+01 3.982461550347975532e+01 3.544009029333869876e+01 1.886796226411320632e+01 1.843908891458577415e+01 2.828427124746190202e+01 3.753664875824691904e+01 4.386342439892261780e+01 4.429446918070020445e+01 2.501999200639360765e+01 3.733630940518894192e+01 2.184032966784155505e+01 2.024845673131658685e+01
1.389244398944980396e+01 1.523154621172781731e+01 4.123105625617660586e+00 2.500000000000000000e+01 1.910497317454279909e+01 1.000000000000000000e+01 0.000000000000000000e+00 9.433981132056603158e+00 1.902629759044044633e+01 1.941648783894759944e+01 1.726267650163206824e+01 4.242640687119284770e+00 8.246211251235321171e+00 3.420526275297414287e+01 2.435159132377184221e+01 3.101612483854164637e+01 2.807133769523639799e+01 1.019803902718556898e+01 1.019803902718556898e+01 2.236067977499789805e+01 2.780287754891568852e+01 3.544009029333869876e+01 3.546829570193639825e+01 1.772004514666934938e+01 2.942787793912432193e+01 1.300000000000000000e+01 1.140175425099137918e+01
4.472135954999579610e+00 9.219544457292887074e+00 7.211102550927978250e+00 1.655294535724684835e+01 1.720465053408525335e+01 1.941648783894759944e+01 9.433981132056603158e+00 0.000000000000000000e+00 1.170469991071962568e+01 1.140175425099137918e+01 1.300000000000000000e+01 5.385164807134503739e+00 1.640121946685672683e+01 3.275667870831839679e+01 1.800000000000000000e+01 2.418677324489564739e+01 2.376972864800942631e+01 7.810249675906653977e+00 7.280109889280518054e+00 2.080865204668481283e+01 1.923538406167134340e+01 2.906888370749726747e+01 2.844292530665578411e+01 1.345362404707370985e+01 2.418677324489564739e+01 7.071067811865475505e+00 7.810249675906653977e+00
9.219544457292887074e+00 1.838477631085023489e+01 1.513274595042155646e+01 1.941648783894759944e+01 2.765863337187866122e+01 2.789265136196270589e+01 1.902629759044044633e+01 1.170469991071962568e+01 0.000000000000000000e+00 1.700000000000000000e+01 2.262741699796952233e+01 1.612451549659709826e+01 2.284731931759172596e+01 4.252058325093859992e+01 2.459674775249768786e+01 2.912043955712207222e+01 3.190611226708763226e+01 1.923538406167134340e+01 9.486832980505138124e+00 3.114482300479487265e+01 2.109502310972898798e+01 3.420526275297414287e+01 3.255764119219941222e+01 6.324555320336759046e+00 3.130495168499705727e+01 6.082762530298219339e+00 1.886796226411320632e+01
9.055385138137417300e+00 5.385164807134503739e+00 1.838477631085023489e+01 5.656854249492380582e+00 1.334166406412633421e+01 2.906888370749726747e+01 1.941648783894759944e+01 1.140175425099137918e+01 1.700000000000000000e+01 0.000000000000000000e+00 8.062257748298549132e+00 1.526433752247374720e+01 2.729468812791236232e+01 2.624880949681337583e+01 7.615773105863908654e+00 1.300000000000000000e+01 1.500000000000000000e+01 1.081665382639196871e+01 1.802775637731994607e+01 1.615549442140351033e+01 8.485281374238569541e+00 1.802775637731994607e+01 1.711724276862369010e+01 2.184032966784155505e+01 1.431782106327635340e+01 1.612451549659709826e+01 9.433981132056603158e+00
1.345362404707370985e+01 4.242640687119284770e+00 1.802775637731994607e+01 1.236931687685298087e+01 5.385164807134503739e+00 2.549509756796392423e+01 1.726267650163206824e+01 1.300000000000000000e+01 2.262741699796952233e+01 8.062257748298549132e+00 0.000000000000000000e+00 1.400000000000000000e+01 2.549509756796392423e+01 2.000000000000000000e+01 7.810249675906653977e+00 1.442220510185595650e+01 1.104536101718726115e+01 7.071067811865475505e+00 2.024845673131658685e+01 8.602325267042626677e+00 1.486606874731850603e+01 1.838477631085023489e+01 1.886796226411320632e+01 2.607680962081059661e+01 1.216552506059643868e+01 1.972308292331602075e+01 6.000000000000000000e+00
9.848857801796103928e+00 1.140175425099137918e+01 4.123105625617660586e+00 2.080865204668481283e+01 1.676305461424021104e+01 1.421267040355189515e+01 4.242640687119284770e+00 5.385164807134503739e+00 1.612451549659709826e+01 1.526433752247374720e+01 1.400000000000000000e+01 0.000000000000000000e+00 1.208304597359457233e+01 3.231098884280702066e+01 2.061552812808830382e+01 2.720294101747088789e+01 2.501999200639360765e+01 7.071067811865475505e+00 8.602325267042626677e+00 2.024845673131658685e+01 2.360084744241189370e+01 3.178049716414140846e+01 3.162277660168379256e+01 1.612451549659709826e+01 2.607680962081059661e+01 1.044030650891055068e+01 8.000000000000000000e+00
2.051828452868319275e+01 2.340939982143925135e+01 9.219544457292887074e+00 3.275667870831839679e+01 2.700000000000000000e+01 6.324555320336759046e+00 8.246211251235321171e+00 1.640121946685672683e+01 2.284731931759172596e+01 2.729468812791236232e+01 2.549509756796392423e+01 1.208304597359457233e+01 0.000000000000000000e+00 4.159326868617084472e+01 3.257299494980465937e+01 3.921734310225515685e+01 3.622154055254966920e+01 1.843908891458577415e+01 1.341640786499873883e+01 3.006659275674581622e+01 3.551056180912940619e+01 4.368065933568311010e+01 4.365775990588614519e+01 1.923538406167134340e+01 3.765634076752546378e+01 1.700000000000000000e+01 1.964688270438849926e+01
3.342154993413680586e+01 2.420743687382040932e+01 3.640054944640259293e+01 2.729468812791236232e+01 1.565247584249852864e+01 3.901281840626231912e+01 3.420526275297414287e+01 3.275667870831839679e+01 4.252058325093859992e+01 2.624880949681337583e+01 2.000000000000000000e+01 3.231098884280702066e+01 4.159326868617084472e+01 0.000000000000000000e+00 1.972308292331602075e+01 2.039607805437113797e+01 1.208304597359457233e+01 2.549509756796392423e+01 3.982461550347975532e+01 1.208304597359457233e+01 2.823118842698620767e+01 1.902629759044044633e+01 2.200000000000000000e+01 4.604345773288535071e+01 1.456021977856103611e+01 3.966106403010387993e+01 2.505992817228333536e+01
1.649242250247064234e+01 9.219544457292887074e+00 2.433105012119287736e+01 7.615773105863908654e+00 1.077032961426900748e+01 3.312099032335839155e+01 2.435159132377184221e+01 1.800000000000000000e+01 2.459674775249768786e+01 7.615773105863908654e+00 7.810249675906653977e+00 2.061552812808830382e+01 3.257299494980465937e+01 1.972308292331602075e+01 0.000000000000000000e+00 6.708203932499369415e+00 7.810249675906653977e+00 1.431782106327635340e+01 2.507987240796890660e+01 1.204159457879229578e+01 9.055385138137417300e+00 1.118033988749894903e+01 1.118033988749894903e+01 2.941088233970548416e+01 6.708203932499369415e+00 2.353720459187963954e+01 1.300000000000000000e+01
2.202271554554523902e+01 1.581138830084189628e+01 3.080584360149872580e+01 9.848857801796103928e+00 1.640121946685672683e+01 3.982461550347975532e+01 3.101612483854164637e+01 2.418677324489564739e+01 2.912043955712207222e+01 1.300000000000000000e+01 1.442220510185595650e+01 2.720294101747088789e+01 3.921734310225515685e+01 2.039607805437113797e+01 6.708203932499369415e+00 0.000000000000000000e+00 9.055385138137417300e+00 2.102379604162863913e+01 3.101612483854164637e+01 1.655294535724684835e+01 9.219544457292887074e+00 5.099019513592784492e+00 4.472135954999579610e+00 3.452535300326413648e+01 6.000000000000000000e+00 2.906888370749726747e+01 1.969771560359220786e+01
2.325940669922601600e+01 1.456021977856103611e+01 2.906888370749726747e+01 1.526433752247374720e+01 9.848857801796103928e+00 3.544009029333869876e+01 2.807133769523639799e+01 2.376972864800942631e+01 3.190611226708763226e+01 1.500000000000000000e+01 1.104536101718726115e+01 2.501999200639360765e+01 3.622154055254966920e+01 1.208304597359457233e+01 7.810249675906653977e+00 9.055385138137417300e+00 0.000000000000000000e+00 1.800000000000000000e+01 3.104834939252004844e+01 8.485281374238569541e+00 1.615549442140351033e+01 1.000000000000000000e+01 1.208304597359457233e+01 3.624913792078371699e+01 3.162277660168379523e+00 3.008321791298264714e+01 1.702938636592640265e+01
1.044030650891055068e+01 5.656854249492380582e+00 1.118033988749894903e+01 1.640121946685672683e+01 9.848857801796103928e+00 1.886796226411320632e+01 1.019803902718556898e+01 7.810249675906653977e+00 1.923538406167134340e+01 1.081665382639196871e+01 7.071067811865475505e+00 7.071067811865475505e+00 1.843908891458577415e+01 2.549509756796392423e+01 1.431782106327635340e+01 2.102379604162863913e+01 1.800000000000000000e+01 0.000000000000000000e+00 1.442220510185595650e+01 1.341640786499873883e+01 1.920937271229854559e+01 2.529822128134703618e+01 2.549509756796392423e+01 2.121320343559642652e+01 1.923538406167134340e+01 1.486606874731850603e+01 1.414213562373095145e+00
9.219544457292887074e+00 1.649242250247064234e+01 6.082762530298219339e+00 2.256102834535695578e+01 2.418677324489564739e+01 1.843908891458577415e+01 1.019803902718556898e+01 7.280109889280518054e+00 9.486832980505138124e+00 1.802775637731994607e+01 2.024845673131658685e+01 8.602325267042626677e+00 1.341640786499873883e+01 3.982461550347975532e+01 2.507987240796890660e+01 3.101612483854164637e+01 3.104834939252004844e+01 1.442220510185595650e+01 0.000000000000000000e+00 2.778488797889960793e+01 2.500000000000000000e+01 3.600000000000000000e+01 3.512833614050059339e+01 7.615773105863908654e+00 3.140063693621516450e+01 3.605551275463989125e+00 1.476482306023340030e+01
2.193171219946130890e+01 1.280624847486569706e+01 2.435159132377184221e+01 1.910497317454279909e+01 3.605551275463989125e+00 2.828427124746190202e+01 2.236067977499789805e+01 2.080865204668481283e+01 3.114482300479487265e+01 1.615549442140351033e+01 8.602325267042626677e+00 2.024845673131658685e+01 3.006659275674581622e+01 1.208304597359457233e+01 1.204159457879229578e+01 1.655294535724684835e+01 8.485281374238569541e+00 1.341640786499873883e+01 2.778488797889960793e+01 0.000000000000000000e+00 2.100000000000000000e+01 1.843908891458577415e+01 2.024845673131658685e+01 3.420526275297414287e+01 1.140175425099137918e+01 2.780287754891568852e+01 1.303840481040529831e+01
1.581138830084189628e+01 1.360147050873544394e+01 2.641968962724581260e+01 2.828427124746190291e+00 1.923538406167134340e+01 3.753664875824691904e+01 2.780287754891568852e+01 1.923538406167134340e+01 2.109502310972898798e+01 8.485281374238569541e+00 1.486606874731850603e+01 2.360084744241189370e+01 3.551056180912940619e+01 2.823118842698620767e+01 9.055385138137417300e+00 9.219544457292887074e+00 1.615549442140351033e+01 1.920937271229854559e+01 2.500000000000000000e+01 2.100000000000000000e+01 0.000000000000000000e+00 1.389244398944980396e+01 1.170469991071962568e+01 2.700000000000000000e+01 1.389244398944980396e+01 2.236067977499789805e+01 1.780449381476485726e+01
2.707397274136176790e+01 2.039607805437113797e+01 3.551056180912940619e+01 1.486606874731850603e+01 1.920937271229854559e+01 4.386342439892261780e+01 3.544009029333869876e+01 2.906888370749726747e+01 3.420526275297414287e+01 1.802775637731994607e+01 1.838477631085023489e+01 3.178049716414140846e+01 4.368065933568311010e+01 1.902629759044044633e+01 1.118033988749894903e+01 5.099019513592784492e+00 1.000000000000000000e+01 2.529822128134703618e+01 3.600000000000000000e+01 1.843908891458577415e+01 1.389244398944980396e+01 0.000000000000000000e+00 3.162277660168379523e+00 3.962322551231790158e+01 7.071067811865475505e+00 3.413209633175202384e+01 2.404163056034261459e+01
2.601922366251537611e+01 2.024845673131658685e+01 3.517101079013794873e+01 1.315294643796590535e+01 2.051828452868319275e+01 4.429446918070020445e+01 3.546829570193639825e+01 2.844292530665578411e+01 3.255764119219941222e+01 1.711724276862369010e+01 1.886796226411320632e+01 3.162277660168379256e+01 4.365775990588614519e+01 2.200000000000000000e+01 1.118033988749894903e+01 4.472135954999579610e+00 1.208304597359457233e+01 2.549509756796392423e+01 3.512833614050059339e+01 2.024845673131658685e+01 1.170469991071962568e+01 3.162277660168379523e+00 0.000000000000000000e+00 3.820994634908559817e+01 8.944271909999159220e+00 3.300000000000000000e+01 2.416609194718914466e+01
1.300000000000000000e+01 2.195449840010014952e+01 1.360147050873544394e+01 2.507987240796890660e+01 3.061045573002793319e+01 2.501999200639360765e+01 1.772004514666934938e+01 1.345362404707370985e+01 6.324555320336759046e+00 2.184032966784155505e+01 2.607680962081059661e+01 1.612451549659709826e+01 1.923538406167134340e+01 4.604345773288535071e+01 2.941088233970548416e+01 3.452535300326413648e+01 3.624913792078371699e+01 2.121320343559642652e+01 7.615773105863908654e+00 3.420526275297414287e+01 2.700000000000000000e+01 3.962322551231790158e+01 3.820994634908559817e+01 0.000000000000000000e+00 3.605551275463989214e+01 6.403124237432848531e+00 2.126029162546929996e+01
2.308679276123039159e+01 1.503329637837290811e+01 3.001666203960726875e+01 1.345362404707370985e+01 1.220655561573370207e+01 3.733630940518894192e+01 2.942787793912432193e+01 2.418677324489564739e+01 3.130495168499705727e+01 1.431782106327635340e+01 1.216552506059643868e+01 2.607680962081059661e+01 3.765634076752546378e+01 1.456021977856103611e+01 6.708203932499369415e+00 6.000000000000000000e+00 3.162277660168379523e+00 1.923538406167134340e+01 3.140063693621516450e+01 1.140175425099137918e+01 1.389244398944980396e+01 7.071067811865475505e+00 8.944271909999159220e+00 3.605551275463989214e+01 0.000000000000000000e+00 3.008321791298264714e+01 1.811077027627483460e+01
7.071067811865475505e+00 1.565247584249852864e+01 9.055385138137417300e+00 2.009975124224177989e+01 2.420743687382040932e+01 2.184032966784155505e+01 1.300000000000000000e+01 7.071067811865475505e+00 6.082762530298219339e+00 1.612451549659709826e+01 1.972308292331602075e+01 1.044030650891055068e+01 1.700000000000000000e+01 3.966106403010387993e+01 2.353720459187963954e+01 2.906888370749726747e+01 3.008321791298264714e+01 1.486606874731850603e+01 3.605551275463989125e+00 2.780287754891568852e+01 2.236067977499789805e+01 3.413209633175202384e+01 3.300000000000000000e+01 6.403124237432848531e+00 3.008321791298264714e+01 0.000000000000000000e+00 1.486606874731850603e+01
9.848857801796103928e+00 4.242640687119284770e+00 1.204159457879229578e+01 1.500000000000000000e+01 9.433981132056603158e+00 2.024845673131658685e+01 1.140175425099137918e+01 7.810249675906653977e+00 1.886796226411320632e+01 9.433981132056603158e+00 6.000000000000000000e+00 8.000000000000000000e+00 1.964688270438849926e+01 2.505992817228333536e+01 1.300000000000000000e+01 1.969771560359220786e+01 1.702938636592640265e+01 1.414213562373095145e+00 1.476482306023340030e+01 1.303840481040529831e+01 1.780449381476485726e+01 2.404163056034261459e+01 2.416609194718914466e+01 2.126029162546929996e+01 1.811077027627483460e+01 1.486606874731850603e+01 0.000000000000000000e+00
