0.000000000000000000e+00 1.476482306023340030e+01 1.077032961426900748e+01 1.746424919657297892e+01 1.044030650891055068e+01 2.121320343559642652e+01 1.236931687685298087e+01 2.720294101747088789e+01 1.513274595042155646e+01 9.000000000000000000e+00 1.824828759089465890e+01 3.420526275297414287e+01 1.802775637731994607e+01 2.701851217221259205e+01 3.162277660168379523e+00 2.692582403567251959e+01 1.236931687685298087e+01 1.403566884761819900e+01 2.549509756796392423e+01 1.044030650891055068e+01 1.431782106327635340e+01 3.114482300479487265e+01 2.022374841615668473e+01 2.024845673131658685e+01 5.099019513592784492e+00 1.523154621172781731e+01 2.262741699796952233e+01 3.301514803843835466e+01 2.435159132377184221e+01
1.476482306023340030e+01 0.000000000000000000e+00 2.319482700948640286e+01 1.972308292331602075e+01 1.044030650891055068e+01 2.126029162546929996e+01 1.118033988749894903e+01 1.529705854077835525e+01 2.844292530665578411e+01 2.308679276123039159e+01 3.257299494980465937e+01 3.944616584663204151e+01 1.220655561573370207e+01 3.544009029333869876e+01 1.456021977856103611e+01 1.824828759089465890e+01 1.004987562112088995e+01 2.765863337187866122e+01 3.231098884280702066e+01 1.627882059609970611e+01 1.300000000000000000e+01 3.757658845611187104e+01 1.640121946685672683e+01 1.843908891458577415e+01 1.697056274847713908e+01 1.414213562373095145e+00 9.486832980505138124e+00 3.773592452822641263e+01 2.640075756488817049e+01
1.077032961426900748e+01 2.319482700948640286e+01 0.000000000000000000e+00 1.431782106327635340e+01 2.118962010041709121e+01 1.838477631085023489e+01 1.526433752247374720e+01 3.162277660168379256e+01 5.385164807134503739e+00 4.123105625617660586e+00 1.063014581273464998e+01 2.549509756796392423e+01 2.061552812808830382e+01 1.702938636592640265e+01 9.055385138137417300e+00 2.900000000000000000e+01 2.308679276123039159e+01 5.000000000000000000e+00 1.655294535724684835e+01 9.219544457292887074e+00 2.507987240796890660e+01 2.195449840010014952e+01 2.061552812808830382e+01 3.088689042296100240e+01 1.421267040355189515e+01 2.408318915758459156e+01 2.863564212655270680e+01 2.469817807045693669e+01 1.910497317454279909e+01
1.746424919657297892e+01 1.972308292331602075e+01 1.431782106327635340e+01 0.000000000000000000e+00 2.441311123146740414e+01 4.123105625617660586e+00 8.602325267042626677e+00 2.061552812808830382e+01 1.860107523773827509e+01 1.772004514666934938e+01 2.441311123146740414e+01 1.972308292331602075e+01 1.000000000000000000e+01 1.700000000000000000e+01 1.431782106327635340e+01 1.612451549659709826e+01 2.561249694973139412e+01 1.886796226411320632e+01 1.315294643796590535e+01 7.071067811865475505e+00 2.860069929215018192e+01 1.802775637731994607e+01 7.615773105863908654e+00 3.500000000000000000e+01 2.256102834535695578e+01 2.109502310972898798e+01 2.002498439450078749e+01 1.802775637731994607e+01 7.211102550927978250e+00
1.044030650891055068e+01 1.044030650891055068e+01 2.118962010041709121e+01 2.441311123146740414e+01 0.000000000000000000e+00 2.729468812791236232e+01 1.655294535724684835e+01 2.570992026436488231e+01 2.549509756796392423e+01 1.923538406167134340e+01 2.800000000000000000e+01 4.313930922024598402e+01 2.039607805437113797e+01 3.689173349139343117e+01 1.252996408614166768e+01 2.800000000000000000e+01 2.000000000000000000e+00 2.433105012119287736e+01 3.482814953453599571e+01 1.838477631085023489e+01 4.242640687119284770e+00 4.045985664828781836e+01 2.404163056034261459e+01 1.063014581273464998e+01 9.219544457292887074e+00 9.848857801796103928e+00 1.992485884517127559e+01 4.172529209005013229e+01 3.162277660168379256e+01
2.121320343559642652e+01 2.126029162546929996e+01 1.838477631085023489e+01 4.123105625617660586e+00 2.729468812791236232e+01 0.000000000000000000e+00 1.081665382639196871e+01 1.902629759044044633e+01 2.247220505424423109e+01 2.184032966784155505e+01 2.830194339616981125e+01 1.897366596101027625e+01 9.848857801796103928e+00 1.843908891458577415e+01 1.811077027627483460e+01 1.360147050873544394e+01 2.830194339616981125e+01 2.282542442102665348e+01 1.414213562373095101e+01 1.100000000000000000e+01 3.138470965295043058e+01 1.811077027627483460e+01 6.082762530298219339e+00 3.773592452822641263e+01 2.630589287593181069e+01 2.267156809750926882e+01 1.964688270438849926e+01 1.708800749063506075e+01 5.385164807134503739e+00
1.236931687685298087e+01 1.118033988749894903e+01 1.526433752247374720e+01 8.602325267042626677e+00 1.655294535724684835e+01 1.081665382639196871e+01 0.000000000000000000e+00 1.640121946685672683e+01 2.059126028197400160e+01 1.697056274847713908e+01 2.580697580112788003e+01 2.830194339616981125e+01 5.830951894845300743e+00 2.451530134426252516e+01 9.848857801796103928e+00 1.476482306023340030e+01 1.749285568453590045e+01 2.024845673131658685e+01 2.118962010041709121e+01 6.324555320336759046e+00 2.059126028197400160e+01 2.640075756488817049e+01 8.000000000000000000e+00 2.692582403567251959e+01 1.711724276862369010e+01 1.252996408614166768e+01 1.360147050873544394e+01 2.662705391138869615e+01 1.555634918610404505e+01
2.720294101747088789e+01 1.529705854077835525e+01 3.162277660168379256e+01 2.061552812808830382e+01 2.570992026436488231e+01 1.902629759044044633e+01 1.640121946685672683e+01 0.000000000000000000e+00 3.689173349139343117e+01 3.330165161069342616e+01 4.220189569201838253e+01 3.733630940518894192e+01 1.118033988749894903e+01 3.733630940518894192e+01 2.549509756796392423e+01 6.708203932499369415e+00 2.531797780234432693e+01 3.661966684720110976e+01 3.313608305156178346e+01 2.247220505424423109e+01 2.816025568065744622e+01 3.701351104664349378e+01 1.315294643796590535e+01 3.301514803843835466e+01 3.088689042296100240e+01 1.612451549659709826e+01 6.000000000000000000e+00 3.535533905932737753e+01 2.402082429892862692e+01
1.513274595042155646e+01 2.844292530665578411e+01 5.385164807134503739e+00 1.860107523773827509e+01 2.549509756796392423e+01 2.247220505424423109e+01 2.059126028197400160e+01 3.689173349139343117e+01 0.000000000000000000e+00 6.324555320336759046e+00 5.830951894845300743e+00 2.570992026436488231e+01 2.580697580112788003e+01 1.615549442140351033e+01 1.403566884761819900e+01 3.397057550292606010e+01 2.745906043549196340e+01 1.414213562373095145e+00 1.711724276862369010e+01 1.442220510185595650e+01 2.912043955712207222e+01 2.184032966784155505e+01 2.545584412271571040e+01 3.453983207834108526e+01 1.746424919657297892e+01 2.927456233660889495e+01 3.401470270338990076e+01 2.531797780234432693e+01 2.213594362117865444e+01
9.000000000000000000e+00 2.308679276123039159e+01 4.123105625617660586e+00 1.772004514666934938e+01 1.923538406167134340e+01 2.184032966784155505e+01 1.697056274847713908e+01 3.330165161069342616e+01 6.324555320336759046e+00 0.000000000000000000e+00 9.486832980505138124e+00 2.954657340538831534e+01 2.267156809750926882e+01 2.080865204668481283e+01 8.544003745317530374e+00 3.140063693621516450e+01 2.121320343559642652e+01 5.099019513592784492e+00 2.061552812808830382e+01 1.166190378969060149e+01 2.280350850198275836e+01 2.594224354214569317e+01 2.332380757938120297e+01 2.823118842698620767e+01 1.118033988749894903e+01 2.376972864800942631e+01 2.968164415931165934e+01 2.879236009777593708e+01 2.302172886644267535e+01
1.824828759089465890e+01 3.257299494980465937e+01 1.063014581273464998e+01 2.441311123146740414e+01 2.800000000000000000e+01 2.830194339616981125e+01 2.580697580112788003e+01 4.220189569201838253e+01 5.830951894845300743e+00 9.486832980505138124e+00 0.000000000000000000e+00 3.014962686336266984e+01 3.124099870362661591e+01 2.022374841615668473e+01 1.802775637731994607e+01 3.959797974644666141e+01 3.000000000000000000e+01 5.656854249492380582e+00 2.202271554554523902e+01 1.984943324127920761e+01 3.114482300479487265e+01 2.617250465660480074e+01 3.114482300479487265e+01 3.590264614203248072e+01 1.910497317454279909e+01 3.324154027718932269e+01 3.894868418830089496e+01 3.001666203960726875e+01 2.785677655436823841e+01
3.420526275297414287e+01 3.944616584663204151e+01 2.549509756796392423e+01 1.972308292331602075e+01 4.313930922024598402e+01 1.897366596101027625e+01 2.830194339616981125e+01 3.733630940518894192e+01 2.570992026436488231e+01 2.954657340538831534e+01 3.014962686336266984e+01 0.000000000000000000e+00 2.879236009777593708e+01 1.000000000000000000e+01 3.124099870362661591e+01 3.106444913401813324e+01 4.459820624195551630e+01 2.692582403567251959e+01 8.944271909999159220e+00 2.475883680627989492e+01 4.738143096192853676e+01 4.000000000000000000e+00 2.500000000000000000e+01 5.374011537017761242e+01 3.883297567789519888e+01 4.081666326391709987e+01 3.860051813123756403e+01 2.000000000000000000e+00 1.360147050873544394e+01
1.802775637731994607e+01 1.220655561573370207e+01 2.061552812808830382e+01 1.000000000000000000e+01 2.039607805437113797e+01 9.848857801796103928e+00 5.830951894845300743e+00 1.118033988749894903e+01 2.580697580112788003e+01 2.267156809750926882e+01 3.124099870362661591e+01 2.879236009777593708e+01 0.000000000000000000e+00 2.700000000000000000e+01 1.565247584249852864e+01 8.944271909999159220e+00 2.088061301782110135e+01 2.561249694973139412e+01 2.308679276123039159e+01 1.140175425099137918e+01 2.404163056034261459e+01 2.765863337187866122e+01 4.242640687119284770e+00 3.008321791298264714e+01 2.256102834535695578e+01 1.360147050873544394e+01 1.004987562112088995e+01 2.692582403567251959e+01 1.523154621172781731e+01
2.701851217221259205e+01 3.544009029333869876e+01 1.702938636592640265e+01 1.700000000000000000e+01 3.689173349139343117e+01 1.843908891458577415e+01 2.451530134426252516e+01 3.733630940518894192e+01 1.615549442140351033e+01 2.080865204668481283e+01 2.022374841615668473e+01 1.000000000000000000e+01 2.700000000000000000e+01 0.000000000000000000e+00 2.441311123146740414e+01 3.201562118716424266e+01 3.858756276314947797e+01 1.746424919657297892e+01 4.472135954999579610e+00 1.931320791582796659e+01 4.104875150354758517e+01 6.000000000000000000e+00 2.418677324489564739e+01 4.720169488482378739e+01 3.111269837220809009e+01 3.668787265568828104e+01 3.701351104664349378e+01 1.019803902718556898e+01 1.431782106327635340e+01
3.162277660168379523e+00 1.456021977856103611e+01 9.055385138137417300e+00 1.431782106327635340e+01 1.252996408614166768e+01 1.811077027627483460e+01 9.848857801796103928e+00 2.549509756796392423e+01 1.403566884761819900e+01 8.544003745317530374e+00 1.802775637731994607e+01 3.124099870362661591e+01 1.565247584249852864e+01 2.441311123146740414e+01 0.000000000000000000e+00 2.459674775249768786e+01 1.431782106327635340e+01 1.315294643796590535e+01 2.262741699796952233e+01 7.280109889280518054e+00 1.664331697709323876e+01 2.828427124746190202e+01 1.746424919657297892e+01 2.280350850198275836e+01 8.246211251235321171e+00 1.529705854077835525e+01 2.140093455903269515e+01 3.000000000000000000e+01 2.118962010041709121e+01
2.692582403567251959e+01 1.824828759089465890e+01 2.900000000000000000e+01 1.612451549659709826e+01 2.800000000000000000e+01 1.360147050873544394e+01 1.476482306023340030e+01 6.708203932499369415e+00 3.397057550292606010e+01 3.140063693621516450e+01 3.959797974644666141e+01 3.106444913401813324e+01 8.944271909999159220e+00 3.201562118716424266e+01 2.459674775249768786e+01 0.000000000000000000e+00 2.807133769523639799e+01 3.394112549695427816e+01 2.765863337187866122e+01 1.984943324127920761e+01 3.114482300479487265e+01 3.106444913401813324e+01 8.602325267042626677e+00 3.667424164178449786e+01 3.132091952673165025e+01 1.941648783894759944e+01 1.081665382639196871e+01 2.906888370749726747e+01 1.811077027627483460e+01
1.236931687685298087e+01 1.004987562112088995e+01 2.308679276123039159e+01 2.561249694973139412e+01 2.000000000000000000e+00 2.830194339616981125e+01 1.749285568453590045e+01 2.531797780234432693e+01 2.745906043549196340e+01 2.121320343559642652e+01 3.000000000000000000e+01 4.459820624195551630e+01 2.088061301782110135e+01 3.858756276314947797e+01 1.431782106327635340e+01 2.807133769523639799e+01 0.000000000000000000e+00 2.630589287593181069e+01 3.640054944640259293e+01 1.984943324127920761e+01 3.162277660168379523e+00 4.201190307520000999e+01 2.469817807045693669e+01 9.433981132056603158e+00 1.118033988749894903e+01 9.219544457292887074e+00 1.941648783894759944e+01 4.313930922024598402e+01 3.280243893371345365e+01
1.403566884761819900e+01 2.765863337187866122e+01 5.000000000000000000e+00 1.886796226411320632e+01 2.433105012119287736e+01 2.282542442102665348e+01 2.024845673131658685e+01 3.661966684720110976e+01 1.414213562373095145e+00 5.099019513592784492e+00 5.656854249492380582e+00 2.692582403567251959e+01 2.561249694973139412e+01 1.746424919657297892e+01 1.315294643796590535e+01 3.394112549695427816e+01 2.630589287593181069e+01 0.000000000000000000e+00 1.824828759089465890e+01 1.421267040355189515e+01 2.789265136196270589e+01 2.308679276123039159e+01 2.549509756796392423e+01 3.324154027718932269e+01 1.615549442140351033e+01 2.844292530665578411e+01 3.354101966249684352e+01 2.647640458974745314e+01 2.280350850198275836e+01
2.549509756796392423e+01 3.231098884280702066e+01 1.655294535724684835e+01 1.315294643796590535e+01 3.482814953453599571e+01 1.414213562373095101e+01 2.118962010041709121e+01 3.313608305156178346e+01 1.711724276862369010e+01 2.061552812808830382e+01 2.202271554554523902e+01 8.944271909999159220e+00 2.308679276123039159e+01 4.472135954999579610e+00 2.262741699796952233e+01 2.765863337187866122e+01 3.640054944640259293e+01 1.824828759089465890e+01 0.000000000000000000e+00 1.664331697709323876e+01 3.905124837953326988e+01 5.656854249492380582e+00 2.002498439450078749e+01 4.534313619501853765e+01 3.000000000000000000e+01 3.361547262794321966e+01 3.313608305156178346e+01 8.246211251235321171e+00 9.848857801796103928e+00
1.044030650891055068e+01 1.627882059609970611e+01 9.219544457292887074e+00 7.071067811865475505e+00 1.838477631085023489e+01 1.100000000000000000e+01 6.324555320336759046e+00 2.247220505424423109e+01 1.442220510185595650e+01 1.166190378969060149e+01 1.984943324127920761e+01 2.475883680627989492e+01 1.140175425099137918e+01 1.931320791582796659e+01 7.280109889280518054e+00 1.984943324127920761e+01 1.984943324127920761e+01 1.421267040355189515e+01 1.664331697709323876e+01 0.000000000000000000e+00 2.262741699796952233e+01 2.220360331117451835e+01 1.166190378969060149e+01 2.900000000000000000e+01 1.552417469626002422e+01 1.746424919657297892e+01 1.992485884517127559e+01 2.334523505985750447e+01 1.392838827718411920e+01
1.431782106327635340e+01 1.300000000000000000e+01 2.507987240796890660e+01 2.860069929215018192e+01 4.242640687119284770e+00 3.138470965295043058e+01 2.059126028197400160e+01 2.816025568065744622e+01 2.912043955712207222e+01 2.280350850198275836e+01 3.114482300479487265e+01 4.738143096192853676e+01 2.404163056034261459e+01 4.104875150354758517e+01 1.664331697709323876e+01 3.114482300479487265e+01 3.162277660168379523e+00 2.789265136196270589e+01 3.905124837953326988e+01 2.262741699796952233e+01 0.000000000000000000e+00 4.468780594300866227e+01 2.785677655436823841e+01 6.403124237432848531e+00 1.204159457879229578e+01 1.204159457879229578e+01 2.220360331117451835e+01 4.596737973824481571e+01 3.580502757993631491e+01
3.114482300479487265e+01 3.757658845611187104e+01 2.195449840010014952e+01 1.802775637731994607e+01 4.045985664828781836e+01 1.811077027627483460e+01 2.640075756488817049e+01 3.701351104664349378e+01 2.184032966784155505e+01 2.594224354214569317e+01 2.617250465660480074e+01 4.000000000000000000e+00 2.765863337187866122e+01 6.000000000000000000e+00 2.828427124746190202e+01 3.106444913401813324e+01 4.201190307520000999e+01 2.308679276123039159e+01 5.656854249492380582e+00 2.220360331117451835e+01 4.468780594300866227e+01 0.000000000000000000e+00 2.418677324489564739e+01 5.099019513592784847e+01 3.560898762952971452e+01 3.891015291668743714e+01 3.765634076752546378e+01 4.472135954999579610e+00 1.300000000000000000e+01
2.022374841615668473e+01 1.640121946685672683e+01 2.061552812808830382e+01 7.615773105863908654e+00 2.404163056034261459e+01 6.082762530298219339e+00 8.000000000000000000e+00 1.315294643796590535e+01 2.545584412271571040e+01 2.332380757938120297e+01 3.114482300479487265e+01 2.500000000000000000e+01 4.242640687119284770e+00 2.418677324489564739e+01 1.746424919657297892e+01 8.602325267042626677e+00 2.469817807045693669e+01 2.549509756796392423e+01 2.002498439450078749e+01 1.166190378969060149e+01 2.785677655436823841e+01 2.418677324489564739e+01 0.000000000000000000e+00 3.401470270338990076e+01 2.507987240796890660e+01 1.780449381476485726e+01 1.360147050873544394e+01 2.308679276123039159e+01 1.140175425099137918e+01
2.024845673131658685e+01 1.843908891458577415e+01 3.088689042296100240e+01 3.500000000000000000e+01 1.063014581273464998e+01 3.773592452822641263e+01 2.692582403567251959e+01 3.301514803843835466e+01 3.453983207834108526e+01 2.823118842698620767e+01 3.590264614203248072e+01 5.374011537017761242e+01 3.008321791298264714e+01 4.720169488482378739e+01 2.280350850198275836e+01 3.667424164178449786e+01 9.433981132056603158e+00 3.324154027718932269e+01 4.534313619501853765e+01 2.900000000000000000e+01 6.403124237432848531e+00 5.099019513592784847e+01 3.401470270338990076e+01 0.000000000000000000e+00 1.708800749063506075e+01 1.726267650163206824e+01 2.701851217221259205e+01 5.234500931320960149e+01 4.220189569201838253e+01
5.099019513592784492e+00 1.697056274847713908e+01 1.421267040355189515e+01 2.256102834535695578e+01 9.219544457292887074e+00 2.630589287593181069e+01 1.711724276862369010e+01 3.088689042296100240e+01 1.746424919657297892e+01 1.118033988749894903e+01 1.910497317454279909e+01 3.883297567789519888e+01 2.256102834535695578e+01 3.111269837220809009e+01 8.246211251235321171e+00 3.132091952673165025e+01 1.118033988749894903e+01 1.615549442140351033e+01 3.000000000000000000e+01 1.552417469626002422e+01 1.204159457879229578e+01 3.560898762952971452e+01 2.507987240796890660e+01 1.708800749063506075e+01 0.000000000000000000e+00 1.702938636592640265e+01 2.580697580112788003e+01 3.773592452822641263e+01 2.941088233970548416e+01
1.523154621172781731e+01 1.414213562373095145e+00 2.408318915758459156e+01 2.109502310972898798e+01 9.848857801796103928e+00 2.267156809750926882e+01 1.252996408614166768e+01 1.612451549659709826e+01 2.927456233660889495e+01 2.376972864800942631e+01 3.324154027718932269e+01 4.081666326391709987e+01 1.360147050873544394e+01 3.668787265568828104e+01 1.529705854077835525e+01 1.941648783894759944e+01 9.219544457292887074e+00 2.844292530665578411e+01 3.361547262794321966e+01 1.746424919657297892e+01 1.204159457879229578e+01 3.891015291668743714e+01 1.780449381476485726e+01 1.726267650163206824e+01 1.702938636592640265e+01 0.000000000000000000e+00 1.019803902718556898e+01 3.911521443121588959e+01 2.780287754891568852e+01
2.262741699796952233e+01 9.486832980505138124e+00 2.863564212655270680e+01 2.002498439450078749e+01 1.992485884517127559e+01 1.964688270438849926e+01 1.360147050873544394e+01 6.000000000000000000e+00 3.401470270338990076e+01 2.968164415931165934e+01 3.894868418830089496e+01 3.860051813123756403e+01 1.004987562112088995e+01 3.701351104664349378e+01 2.140093455903269515e+01 1.081665382639196871e+01 1.941648783894759944e+01 3.354101966249684352e+01 3.313608305156178346e+01 1.992485884517127559e+01 2.220360331117451835e+01 3.765634076752546378e+01 1.360147050873544394e+01 2.701851217221259205e+01 2.580697580112788003e+01 1.019803902718556898e+01 0.000000000000000000e+00 3.668787265568828104e+01 2.500000000000000000e+01
3.301514803843835466e+01 3.773592452822641263e+01 2.469817807045693669e+01 1.802775637731994607e+01 4.172529209005013229e+01 1.708800749063506075e+01 2.662705391138869615e+01 3.535533905932737753e+01 2.531797780234432693e+01 2.879236009777593708e+01 3.001666203960726875e+01 2.000000000000000000e+00 2.692582403567251959e+01 1.019803902718556898e+01 3.000000000000000000e+01 2.906888370749726747e+01 4.313930922024598402e+01 2.647640458974745314e+01 8.246211251235321171e+00 2.334523505985750447e+01 4.596737973824481571e+01 4.472135954999579610e+00 2.308679276123039159e+01 5.234500931320960149e+01 3.773592452822641263e+01 3.911521443121588959e+01 3.668787265568828104e+01 0.000000000000000000e+00 1.170469991071962568e+01
2.435159132377184221e+01 2.640075756488817049e+01 1.910497317454279909e+01 7.211102550927978250e+00 3.162277660168379256e+01 5.385164807134503739e+00 1.555634918610404505e+01 2.402082429892862692e+01 2.213594362117865444e+01 2.302172886644267535e+01 2.785677655436823841e+01 1.360147050873544394e+01 1.523154621172781731e+01 1.431782106327635340e+01 2.118962010041709121e+01 1.811077027627483460e+01 3.280243893371345365e+01 2.280350850198275836e+01 9.848857801796103928e+00 1.392838827718411920e+01 3.580502757993631491e+01 1.300000000000000000e+01 1.140175425099137918e+01 4.220189569201838253e+01 2.941088233970548416e+01 2.780287754891568852e+01 2.500000000000000000e+01 1.170469991071962568e+01 0.000000000000000000e+00
