0.000000000000000000e+00 4.404543109109047805e+01 2.617250465660480074e+01 4.341658669218482203e+01 8.944271909999159220e+00 3.328663395418647752e+01 3.061045573002793319e+01 4.123105625617660586e+00 3.423448553724738019e+01 3.996248240537617136e+01 4.770744176750625343e+01 3.026549190084311292e+01 3.201562118716424266e+01 4.459820624195551630e+01 5.385164807134503739e+00 2.209072203437452231e+01 2.236067977499789805e+00 3.764306044943742080e+01 5.385164807134503739e+00 1.702938636592640265e+01 1.341640786499873883e+01 4.201190307520000999e+01 2.343074902771996193e+01 2.594224354214569317e+01 2.863564212655270680e+01 3.000000000000000000e+01 4.219004621945797595e+01 4.022437072223753063e+01
4.404543109109047805e+01 0.000000000000000000e+00 1.802775637731994607e+01 4.272001872658765365e+01 3.605551275463989214e+01 1.600000000000000000e+01 1.552417469626002422e+01 4.172529209005013229e+01 3.847076812334268681e+01 7.000000000000000000e+00 1.442220510185595650e+01 2.433105012119287736e+01 1.431782106327635340e+01 2.236067977499789805e+00 4.920365840057017692e+01 2.863564212655270680e+01 4.609772228646443892e+01 2.435159132377184221e+01 3.940812099047606409e+01 3.190611226708763226e+01 4.308131845707602992e+01 3.584689665786984136e+01 2.147091055358388800e+01 2.256102834535695578e+01 2.280350850198275836e+01 3.405877273185280529e+01 3.310589071449369669e+01 5.099019513592784492e+00
2.617250465660480074e+01 1.802775637731994607e+01 0.000000000000000000e+00 3.535533905932737753e+01 1.802775637731994607e+01 1.004987562112088995e+01 6.000000000000000000e+00 2.420743687382040932e+01 2.801785145224380003e+01 1.529705854077835525e+01 2.308679276123039159e+01 1.780449381476485726e+01 7.071067811865475505e+00 1.843908891458577415e+01 3.124099870362661591e+01 1.627882059609970611e+01 2.828427124746190202e+01 1.969771560359220786e+01 2.140093455903269515e+01 1.711724276862369010e+01 2.570992026436488231e+01 3.000000000000000000e+01 4.000000000000000000e+00 8.602325267042626677e+00 1.500000000000000000e+01 2.247220505424423109e+01 2.830194339616981125e+01 1.486606874731850603e+01
4.341658669218482203e+01 4.272001872658765365e+01 3.535533905932737753e+01 0.000000000000000000e+00 3.640054944640259293e+01 2.830194339616981125e+01 3.140063693621516450e+01 4.512205669071391156e+01 9.219544457292887074e+00 4.565084884205330695e+01 3.214031735997639316e+01 5.307541803886239506e+01 3.162277660168379256e+01 4.110960958218893069e+01 4.501110973970759943e+01 4.964876634922563881e+01 4.527692569068708650e+01 1.838477631085023489e+01 3.883297567789519888e+01 4.788527957525151635e+01 3.100000000000000000e+01 7.071067811865475505e+00 3.264965543462901820e+01 2.690724809414741969e+01 5.024937810560444973e+01 1.431782106327635340e+01 1.004987562112088995e+01 4.382921400162225467e+01
8.944271909999159220e+00 3.605551275463989214e+01 1.802775637731994607e+01 3.640054944640259293e+01 0.000000000000000000e+00 2.441311123146740414e+01 2.193171219946130890e+01 9.000000000000000000e+00 2.720294101747088789e+01 3.269556544854363267e+01 3.883297567789519888e+01 2.630589287593181069e+01 2.334523505985750447e+01 3.640054944640259293e+01 1.345362404707370985e+01 1.897366596101027625e+01 1.118033988749894903e+01 2.886173937932362321e+01 3.605551275463989125e+00 1.476482306023340030e+01 1.077032961426900748e+01 3.413209633175202384e+01 1.486606874731850603e+01 1.700000000000000000e+01 2.408318915758459156e+01 2.236067977499789805e+01 3.400000000000000000e+01 3.264965543462901820e+01
3.328663395418647752e+01 1.600000000000000000e+01 1.004987562112088995e+01 2.830194339616981125e+01 2.441311123146740414e+01 0.000000000000000000e+00 4.123105625617660586e+00 3.220248437620923454e+01 2.280350850198275836e+01 1.746424919657297892e+01 1.442220510185595650e+01 2.683281572999747766e+01 3.605551275463989125e+00 1.513274595042155646e+01 3.780211634287159939e+01 2.630589287593181069e+01 3.551056180912940619e+01 1.063014581273464998e+01 2.801785145224380003e+01 2.701851217221259205e+01 2.884441020371191300e+01 2.202271554554523902e+01 1.044030650891055068e+01 7.810249675906653977e+00 2.416609194718914466e+01 1.811077027627483460e+01 1.979898987322333070e+01 1.581138830084189628e+01
3.061045573002793319e+01 1.552417469626002422e+01 6.000000000000000000e+00 3.140063693621516450e+01 2.193171219946130890e+01 4.123105625617660586e+00 0.000000000000000000e+00 2.915475947422650194e+01 2.507987240796890660e+01 1.529705854077835525e+01 1.746424919657297892e+01 2.282542442102665348e+01 1.414213562373095145e+00 1.523154621172781731e+01 3.538361202590826338e+01 2.220360331117451835e+01 3.280243893371345365e+01 1.442220510185595650e+01 2.549509756796392423e+01 2.308679276123039159e+01 2.773084924772409465e+01 2.545584412271571040e+01 7.211102550927978250e+00 7.071067811865475505e+00 2.012461179749810825e+01 1.992485884517127559e+01 2.343074902771996193e+01 1.403566884761819900e+01
4.123105625617660586e+00 4.172529209005013229e+01 2.420743687382040932e+01 4.512205669071391156e+01 9.000000000000000000e+00 3.220248437620923454e+01 2.915475947422650194e+01 0.000000000000000000e+00 3.590264614203248072e+01 3.720215047547655018e+01 4.652956049652736681e+01 2.647640458974745314e+01 3.052867504494749440e+01 4.244997055358224713e+01 9.055385138137417300e+00 1.824828759089465890e+01 5.099019513592784492e+00 3.765634076752546378e+01 6.324555320336759046e+00 1.315294643796590535e+01 1.640121946685672683e+01 4.310452412450461424e+01 2.195449840010014952e+01 2.529822128134703618e+01 2.500000000000000000e+01 3.125699921617556853e+01 4.300000000000000000e+01 3.764306044943742080e+01
3.423448553724738019e+01 3.847076812334268681e+01 2.801785145224380003e+01 9.219544457292887074e+00 2.720294101747088789e+01 2.280350850198275836e+01 2.507987240796890660e+01 3.590264614203248072e+01 0.000000000000000000e+00 4.016217125604640614e+01 3.059411708155671050e+01 4.534313619501853765e+01 2.563201123595259290e+01 3.721558813185679071e+01 3.601388621073821383e+01 4.123105625617660763e+01 3.612478373637688378e+01 1.513274595042155646e+01 2.961418578992169515e+01 3.911521443121588959e+01 2.209072203437452231e+01 9.433981132056603158e+00 2.483948469674844262e+01 1.941648783894759944e+01 4.252058325093859992e+01 5.656854249492380582e+00 1.131370849898476116e+01 3.860051813123756403e+01
3.996248240537617136e+01 7.000000000000000000e+00 1.529705854077835525e+01 4.565084884205330695e+01 3.269556544854363267e+01 1.746424919657297892e+01 1.529705854077835525e+01 3.720215047547655018e+01 4.016217125604640614e+01 0.000000000000000000e+00 2.061552812808830382e+01 1.746424919657297892e+01 1.456021977856103611e+01 9.055385138137417300e+00 4.527692569068708650e+01 2.247220505424423109e+01 4.188078318274384770e+01 2.745906043549196340e+01 3.577708763999663688e+01 2.624880949681337583e+01 4.100000000000000000e+01 3.911521443121588959e+01 1.923538406167134340e+01 2.209072203437452231e+01 1.615549442140351033e+01 3.517101079013794873e+01 3.661966684720110976e+01 2.236067977499789805e+00
4.770744176750625343e+01 1.442220510185595650e+01 2.308679276123039159e+01 3.214031735997639316e+01 3.883297567789519888e+01 1.442220510185595650e+01 1.746424919657297892e+01 4.652956049652736681e+01 3.059411708155671050e+01 2.061552812808830382e+01 0.000000000000000000e+00 3.622154055254966920e+01 1.615549442140351033e+01 1.220655561573370207e+01 5.220153254455274805e+01 3.820994634908559817e+01 4.992995093127971273e+01 1.552417469626002422e+01 4.243819034784588951e+01 4.002499219237900263e+01 4.252058325093859992e+01 2.507987240796890660e+01 2.459674775249768786e+01 2.202271554554523902e+01 3.405877273185280529e+01 2.785677655436823841e+01 2.209072203437452231e+01 1.838477631085023489e+01
3.026549190084311292e+01 2.433105012119287736e+01 1.780449381476485726e+01 5.307541803886239506e+01 2.630589287593181069e+01 2.683281572999747766e+01 2.282542442102665348e+01 2.647640458974745314e+01 4.534313619501853765e+01 1.746424919657297892e+01 3.622154055254966920e+01 0.000000000000000000e+00 2.325940669922601600e+01 2.617250465660480074e+01 3.551056180912940619e+01 8.246211251235321171e+00 3.157530680769388809e+01 3.721558813185679071e+01 2.801785145224380003e+01 1.334166406412633421e+01 3.687817782917154830e+01 4.780167361086847677e+01 2.051828452868319275e+01 2.617250465660480074e+01 2.828427124746190291e+00 3.969886648255841521e+01 4.604345773288535071e+01 1.923538406167134340e+01
3.201562118716424266e+01 1.431782106327635340e+01 7.071067811865475505e+00 3.162277660168379256e+01 2.334523505985750447e+01 3.605551275463989125e+00 1.414213562373095145e+00 3.052867504494749440e+01 2.563201123595259290e+01 1.456021977856103611e+01 1.615549442140351033e+01 2.325940669922601600e+01 0.000000000000000000e+00 1.392838827718411920e+01 3.679673898594819548e+01 2.308679276123039159e+01 3.420526275297414287e+01 1.421267040355189515e+01 2.690724809414741969e+01 2.418677324489564739e+01 2.906888370749726747e+01 2.549509756796392423e+01 8.602325267042626677e+00 8.246211251235321171e+00 2.061552812808830382e+01 2.061552812808830382e+01 2.334523505985750447e+01 1.315294643796590535e+01
4.459820624195551630e+01 2.236067977499789805e+00 1.843908891458577415e+01 4.110960958218893069e+01 3.640054944640259293e+01 1.513274595042155646e+01 1.523154621172781731e+01 4.244997055358224713e+01 3.721558813185679071e+01 9.055385138137417300e+00 1.220655561573370207e+01 2.617250465660480074e+01 1.392838827718411920e+01 0.000000000000000000e+00 4.967896939349688523e+01 3.008321791298264714e+01 4.669047011971500893e+01 2.280350850198275836e+01 3.982461550347975532e+01 3.312099032335839155e+01 4.295346318982905842e+01 3.417601498127012150e+01 2.163330765278393741e+01 2.213594362117865444e+01 2.451530134426252516e+01 3.300000000000000000e+01 3.138470965295043058e+01 7.000000000000000000e+00
5.385164807134503739e+00 4.920365840057017692e+01 3.124099870362661591e+01 4.501110973970759943e+01 1.345362404707370985e+01 3.780211634287159939e+01 3.538361202590826338e+01 9.055385138137417300e+00 3.601388621073821383e+01 4.527692569068708650e+01 5.220153254455274805e+01 3.551056180912940619e+01 3.679673898594819548e+01 4.967896939349688523e+01 0.000000000000000000e+00 2.729468812791236232e+01 4.000000000000000000e+00 4.123105625617660763e+01 9.899494936611665352e+00 2.220360331117451835e+01 1.403566884761819900e+01 4.440720662234903671e+01 2.828427124746190202e+01 3.023243291566194912e+01 3.395585369269929288e+01 3.238826948140329165e+01 4.491102314577123877e+01 4.548626166217663780e+01
2.209072203437452231e+01 2.863564212655270680e+01 1.627882059609970611e+01 4.964876634922563881e+01 1.897366596101027625e+01 2.630589287593181069e+01 2.220360331117451835e+01 1.824828759089465890e+01 4.123105625617660763e+01 2.247220505424423109e+01 3.820994634908559817e+01 8.246211251235321171e+00 2.308679276123039159e+01 3.008321791298264714e+01 2.729468812791236232e+01 0.000000000000000000e+00 2.334523505985750447e+01 3.573513677041127323e+01 2.022374841615668473e+01 5.099019513592784492e+00 2.973213749463701205e+01 4.517742799230607176e+01 1.746424919657297892e+01 2.325940669922601600e+01 7.211102550927978250e+00 3.560898762952971452e+01 4.386342439892261780e+01 2.370653918225939449e+01
2.236067977499789805e+00 4.609772228646443892e+01 2.828427124746190202e+01 4.527692569068708650e+01 1.118033988749894903e+01 3.551056180912940619e+01 3.280243893371345365e+01 5.099019513592784492e+00 3.612478373637688378e+01 4.188078318274384770e+01 4.992995093127971273e+01 3.157530680769388809e+01 3.420526275297414287e+01 4.669047011971500893e+01 4.000000000000000000e+00 2.334523505985750447e+01 0.000000000000000000e+00 3.984971769034255118e+01 7.615773105863908654e+00 1.824828759089465890e+01 1.486606874731850603e+01 4.404543109109047805e+01 2.561249694973139412e+01 2.817800560721074277e+01 3.008321791298264714e+01 3.201562118716424266e+01 4.428317965096906050e+01 4.220189569201838253e+01
3.764306044943742080e+01 2.435159132377184221e+01 1.969771560359220786e+01 1.838477631085023489e+01 2.886173937932362321e+01 1.063014581273464998e+01 1.442220510185595650e+01 3.765634076752546378e+01 1.513274595042155646e+01 2.745906043549196340e+01 1.552417469626002422e+01 3.721558813185679071e+01 1.421267040355189515e+01 2.280350850198275836e+01 4.123105625617660763e+01 3.573513677041127323e+01 3.984971769034255118e+01 0.000000000000000000e+00 3.228002478313794654e+01 3.551056180912940619e+01 2.941088233970548416e+01 1.166190378969060149e+01 1.843908891458577415e+01 1.303840481040529831e+01 3.448187929913333249e+01 1.252996408614166768e+01 9.219544457292887074e+00 2.555386467836127551e+01
5.385164807134503739e+00 3.940812099047606409e+01 2.140093455903269515e+01 3.883297567789519888e+01 3.605551275463989125e+00 2.801785145224380003e+01 2.549509756796392423e+01 6.324555320336759046e+00 2.961418578992169515e+01 3.577708763999663688e+01 4.243819034784588951e+01 2.801785145224380003e+01 2.690724809414741969e+01 3.982461550347975532e+01 9.899494936611665352e+00 2.022374841615668473e+01 7.615773105863908654e+00 3.228002478313794654e+01 0.000000000000000000e+00 1.552417469626002422e+01 1.063014581273464998e+01 3.701351104664349378e+01 1.838477631085023489e+01 2.059126028197400160e+01 2.601922366251537611e+01 2.507987240796890660e+01 3.705401462729781059e+01 3.584689665786984136e+01
1.702938636592640265e+01 3.190611226708763226e+01 1.711724276862369010e+01 4.788527957525151635e+01 1.476482306023340030e+01 2.701851217221259205e+01 2.308679276123039159e+01 1.315294643796590535e+01 3.911521443121588959e+01 2.624880949681337583e+01 4.002499219237900263e+01 1.334166406412633421e+01 2.418677324489564739e+01 3.312099032335839155e+01 2.220360331117451835e+01 5.099019513592784492e+00 1.824828759089465890e+01 3.551056180912940619e+01 1.552417469626002422e+01 0.000000000000000000e+00 2.549509756796392423e+01 4.401136216933077350e+01 1.711724276862369010e+01 2.256102834535695578e+01 1.208304597359457233e+01 3.361547262794321966e+01 4.301162633521313694e+01 2.720294101747088789e+01
1.341640786499873883e+01 4.308131845707602992e+01 2.570992026436488231e+01 3.100000000000000000e+01 1.077032961426900748e+01 2.884441020371191300e+01 2.773084924772409465e+01 1.640121946685672683e+01 2.209072203437452231e+01 4.100000000000000000e+01 4.252058325093859992e+01 3.687817782917154830e+01 2.906888370749726747e+01 4.295346318982905842e+01 1.403566884761819900e+01 2.973213749463701205e+01 1.486606874731850603e+01 2.941088233970548416e+01 1.063014581273464998e+01 2.549509756796392423e+01 0.000000000000000000e+00 3.080584360149872580e+01 2.184032966784155505e+01 2.109502310972898798e+01 3.452535300326413648e+01 1.897366596101027625e+01 3.162277660168379256e+01 4.052159917870962147e+01
4.201190307520000999e+01 3.584689665786984136e+01 3.000000000000000000e+01 7.071067811865475505e+00 3.413209633175202384e+01 2.202271554554523902e+01 2.545584412271571040e+01 4.310452412450461424e+01 9.433981132056603158e+00 3.911521443121588959e+01 2.507987240796890660e+01 4.780167361086847677e+01 2.549509756796392423e+01 3.417601498127012150e+01 4.440720662234903671e+01 4.517742799230607176e+01 4.404543109109047805e+01 1.166190378969060149e+01 3.701351104664349378e+01 4.401136216933077350e+01 3.080584360149872580e+01 0.000000000000000000e+00 2.778488797889960793e+01 2.195449840010014952e+01 4.500000000000000000e+01 1.204159457879229578e+01 3.000000000000000000e+00 3.721558813185679071e+01
2.343074902771996193e+01 2.147091055358388800e+01 4.000000000000000000e+00 3.264965543462901820e+01 1.486606874731850603e+01 1.044030650891055068e+01 7.211102550927978250e+00 2.195449840010014952e+01 2.483948469674844262e+01 1.923538406167134340e+01 2.459674775249768786e+01 2.051828452868319275e+01 8.602325267042626677e+00 2.163330765278393741e+01 2.828427124746190202e+01 1.746424919657297892e+01 2.561249694973139412e+01 1.843908891458577415e+01 1.838477631085023489e+01 1.711724276862369010e+01 2.184032966784155505e+01 2.778488797889960793e+01 0.000000000000000000e+00 5.830951894845300743e+00 1.769180601295413169e+01 1.920937271229854559e+01 2.640075756488817049e+01 1.868154169226940553e+01
2.594224354214569317e+01 2.256102834535695578e+01 8.602325267042626677e+00 2.690724809414741969e+01 1.700000000000000000e+01 7.810249675906653977e+00 7.071067811865475505e+00 2.529822128134703618e+01 1.941648783894759944e+01 2.209072203437452231e+01 2.202271554554523902e+01 2.617250465660480074e+01 8.246211251235321171e+00 2.213594362117865444e+01 3.023243291566194912e+01 2.325940669922601600e+01 2.817800560721074277e+01 1.303840481040529831e+01 2.059126028197400160e+01 2.256102834535695578e+01 2.109502310972898798e+01 2.195449840010014952e+01 5.830951894845300743e+00 0.000000000000000000e+00 2.334523505985750447e+01 1.389244398944980396e+01 2.061552812808830382e+01 2.100000000000000000e+01
2.863564212655270680e+01 2.280350850198275836e+01 1.500000000000000000e+01 5.024937810560444973e+01 2.408318915758459156e+01 2.416609194718914466e+01 2.012461179749810825e+01 2.500000000000000000e+01 4.252058325093859992e+01 1.615549442140351033e+01 3.405877273185280529e+01 2.828427124746190291e+00 2.061552812808830382e+01 2.451530134426252516e+01 3.395585369269929288e+01 7.211102550927978250e+00 3.008321791298264714e+01 3.448187929913333249e+01 2.601922366251537611e+01 1.208304597359457233e+01 3.452535300326413648e+01 4.500000000000000000e+01 1.769180601295413169e+01 2.334523505985750447e+01 0.000000000000000000e+00 3.687817782917154830e+01 4.326661530556787483e+01 1.772004514666934938e+01
3.000000000000000000e+01 3.405877273185280529e+01 2.247220505424423109e+01 1.431782106327635340e+01 2.236067977499789805e+01 1.811077027627483460e+01 1.992485884517127559e+01 3.125699921617556853e+01 5.656854249492380582e+00 3.517101079013794873e+01 2.785677655436823841e+01 3.969886648255841521e+01 2.061552812808830382e+01 3.300000000000000000e+01 3.238826948140329165e+01 3.560898762952971452e+01 3.201562118716424266e+01 1.252996408614166768e+01 2.507987240796890660e+01 3.361547262794321966e+01 1.897366596101027625e+01 1.204159457879229578e+01 1.920937271229854559e+01 1.389244398944980396e+01 3.687817782917154830e+01 0.000000000000000000e+00 1.264911064067351809e+01 3.373425558686599857e+01
4.219004621945797595e+01 3.310589071449369669e+01 2.830194339616981125e+01 1.004987562112088995e+01 3.400000000000000000e+01 1.979898987322333070e+01 2.343074902771996193e+01 4.300000000000000000e+01 1.131370849898476116e+01 3.661966684720110976e+01 2.209072203437452231e+01 4.604345773288535071e+01 2.334523505985750447e+01 3.138470965295043058e+01 4.491102314577123877e+01 4.386342439892261780e+01 4.428317965096906050e+01 9.219544457292887074e+00 3.705401462729781059e+01 4.301162633521313694e+01 3.162277660168379256e+01 3.000000000000000000e+00 2.640075756488817049e+01 2.061552812808830382e+01 4.326661530556787483e+01 1.264911064067351809e+01 0.000000000000000000e+00 3.466987164671942878e+01
4.022437072223753063e+01 5.099019513592784492e+00 1.486606874731850603e+01 4.382921400162225467e+01 3.264965543462901820e+01 1.581138830084189628e+01 1.403566884761819900e+01 3.764306044943742080e+01 3.860051813123756403e+01 2.236067977499789805e+00 1.838477631085023489e+01 1.923538406167134340e+01 1.315294643796590535e+01 7.000000000000000000e+00 4.548626166217663780e+01 2.370653918225939449e+01 4.220189569201838253e+01 2.555386467836127551e+01 3.584689665786984136e+01 2.720294101747088789e+01 4.052159917870962147e+01 3.721558813185679071e+01 1.868154169226940553e+01 2.100000000000000000e+01 1.772004514666934938e+01 3.373425558686599857e+01 3.466987164671942878e+01 0.000000000000000000e+00
