0.000000000000000000e+00 2.617250465660480074e+01 8.062257748298549132e+00 2.121320343559642652e+01 1.077032961426900748e+01 1.272792206135785520e+01 2.657066051117284644e+01 8.544003745317530374e+00 1.581138830084189628e+01 2.118962010041709121e+01 1.442220510185595650e+01 1.802775637731994607e+01 3.176476034853718033e+01 1.360147050873544394e+01 7.280109889280518054e+00 2.729468812791236232e+01 1.529705854077835525e+01 1.200000000000000000e+01 4.123105625617660586e+00 3.006659275674581622e+01 2.376972864800942631e+01 3.275667870831839679e+01 1.166190378969060149e+01 1.315294643796590535e+01 7.280109889280518054e+00 1.077032961426900748e+01 1.236931687685298087e+01 2.137755832643194864e+01
2.617250465660480074e+01 0.000000000000000000e+00 2.024845673131658685e+01 5.000000000000000000e+00 2.555386467836127551e+01 3.700000000000000000e+01 3.275667870831839679e+01 1.897366596101027625e+01 1.360147050873544394e+01 2.983286778035259701e+01 2.343074902771996193e+01 1.272792206135785520e+01 1.811077027627483460e+01 1.303840481040529831e+01 2.600000000000000000e+01 1.612451549659709826e+01 1.100000000000000000e+01 1.431782106327635340e+01 2.209072203437452231e+01 4.123105625617660586e+00 4.301162633521313694e+01 2.009975124224177989e+01 2.385372088375312671e+01 1.303840481040529831e+01 1.902629759044044633e+01 3.601388621073821383e+01 1.523154621172781731e+01 3.255764119219941222e+01
8.062257748298549132e+00 2.024845673131658685e+01 0.000000000000000000e+00 1.565247584249852864e+01 6.708203932499369415e+00 1.676305461424021104e+01 2.109502310972898798e+01 1.414213562373095145e+00 8.062257748298549132e+00 1.600000000000000000e+01 8.062257748298549132e+00 1.019803902718556898e+01 2.370653918225939449e+01 1.000000000000000000e+01 5.830951894845300743e+00 1.923538406167134340e+01 1.063014581273464998e+01 6.403124237432848531e+00 5.830951894845300743e+00 2.376972864800942631e+01 2.408318915758459156e+01 2.469817807045693669e+01 6.082762530298219339e+00 8.485281374238569541e+00 6.000000000000000000e+00 1.878829422805593552e+01 5.099019513592784492e+00 1.726267650163206824e+01
2.121320343559642652e+01 5.000000000000000000e+00 1.565247584249852864e+01 0.000000000000000000e+00 2.140093455903269515e+01 3.231098884280702066e+01 3.046309242345563462e+01 1.431782106327635340e+01 1.000000000000000000e+01 2.692582403567251959e+01 1.984943324127920761e+01 9.848857801796103928e+00 1.931320791582796659e+01 8.062257748298549132e+00 2.147091055358388800e+01 1.627882059609970611e+01 6.000000000000000000e+00 9.486832980505138124e+00 1.711724276862369010e+01 9.055385138137417300e+00 3.905124837953326988e+01 2.118962010041709121e+01 1.984943324127920761e+01 8.062257748298549132e+00 1.403566884761819900e+01 3.101612483854164637e+01 1.081665382639196871e+01 2.941088233970548416e+01
1.077032961426900748e+01 2.555386467836127551e+01 6.708203932499369415e+00 2.140093455903269515e+01 0.000000000000000000e+00 1.303840481040529831e+01 1.581138830084189628e+01 8.062257748298549132e+00 1.208304597359457233e+01 1.044030650891055068e+01 4.472135954999579610e+00 1.360147050873544394e+01 2.451530134426252516e+01 1.664331697709323876e+01 3.605551275463989125e+00 2.022374841615668473e+01 1.702938636592640265e+01 1.280624847486569706e+01 1.100000000000000000e+01 2.863564212655270680e+01 1.769180601295413169e+01 2.500000000000000000e+01 2.000000000000000000e+00 1.500000000000000000e+01 1.236931687685298087e+01 1.979898987322333070e+01 1.063014581273464998e+01 1.100000000000000000e+01
1.272792206135785520e+01 3.700000000000000000e+01 1.676305461424021104e+01 3.231098884280702066e+01 1.303840481040529831e+01 0.000000000000000000e+00 2.408318915758459156e+01 1.802775637731994607e+01 2.433105012119287736e+01 1.941648783894759944e+01 1.726267650163206824e+01 2.617250465660480074e+01 3.748332962798262713e+01 2.555386467836127551e+01 1.118033988749894903e+01 3.324154027718932269e+01 2.683281572999747766e+01 2.284731931759172596e+01 1.640121946685672683e+01 4.052159917870962147e+01 1.300000000000000000e+01 3.785498646149540036e+01 1.503329637837290811e+01 2.459674775249768786e+01 1.941648783894759944e+01 1.303840481040529831e+01 2.184032966784155505e+01 1.769180601295413169e+01
2.657066051117284644e+01 3.275667870831839679e+01 2.109502310972898798e+01 3.046309242345563462e+01 1.581138830084189628e+01 2.408318915758459156e+01 0.000000000000000000e+00 2.202271554554523902e+01 2.088061301782110135e+01 5.385164807134503739e+00 1.303840481040529831e+01 2.061552812808830382e+01 2.147091055358388800e+01 2.927456233660889495e+01 1.931320791582796659e+01 1.920937271229854559e+01 2.863564212655270680e+01 2.517935662402834396e+01 2.647640458974745314e+01 3.420526275297414287e+01 1.824828759089465890e+01 2.061552812808830382e+01 1.529705854077835525e+01 2.729468812791236232e+01 2.707397274136176790e+01 3.466987164671942878e+01 2.220360331117451835e+01 6.403124237432848531e+00
8.544003745317530374e+00 1.897366596101027625e+01 1.414213562373095145e+00 1.431782106327635340e+01 8.062257748298549132e+00 1.802775637731994607e+01 2.202271554554523902e+01 0.000000000000000000e+00 7.280109889280518054e+00 1.702938636592640265e+01 9.000000000000000000e+00 9.486832980505138124e+00 2.332380757938120297e+01 8.602325267042626677e+00 7.211102550927978250e+00 1.886796226411320632e+01 9.219544457292887074e+00 5.000000000000000000e+00 5.656854249492380582e+00 2.256102834535695578e+01 2.549509756796392423e+01 2.441311123146740414e+01 7.280109889280518054e+00 7.071067811865475505e+00 5.099019513592784492e+00 1.931320791582796659e+01 4.000000000000000000e+00 1.843908891458577415e+01
1.581138830084189628e+01 1.360147050873544394e+01 8.062257748298549132e+00 1.000000000000000000e+01 1.208304597359457233e+01 2.433105012119287736e+01 2.088061301782110135e+01 7.280109889280518054e+00 0.000000000000000000e+00 1.700000000000000000e+01 9.899494936611665352e+00 2.236067977499789805e+00 1.640121946685672683e+01 9.219544457292887074e+00 1.315294643796590535e+01 1.204159457879229578e+01 8.000000000000000000e+00 5.830951894845300743e+00 1.252996408614166768e+01 1.655294535724684835e+01 2.941088233970548416e+01 1.769180601295413169e+01 1.029563014098700080e+01 7.280109889280518054e+00 1.063014581273464998e+01 2.657066051117284644e+01 3.605551275463989125e+00 1.941648783894759944e+01
2.118962010041709121e+01 2.983286778035259701e+01 1.600000000000000000e+01 2.692582403567251959e+01 1.044030650891055068e+01 1.941648783894759944e+01 5.385164807134503739e+00 1.702938636592640265e+01 1.700000000000000000e+01 0.000000000000000000e+00 8.062257748298549132e+00 1.720465053408525335e+01 2.158703314492290204e+01 2.473863375370596174e+01 1.392838827718411920e+01 1.838477631085023489e+01 2.435159132377184221e+01 2.061552812808830382e+01 2.121320343559642652e+01 3.182766092567909766e+01 1.612451549659709826e+01 2.121320343559642652e+01 1.004987562112088995e+01 2.280350850198275836e+01 2.200000000000000000e+01 2.941088233970548416e+01 1.772004514666934938e+01 3.162277660168379523e+00
1.442220510185595650e+01 2.343074902771996193e+01 8.062257748298549132e+00 1.984943324127920761e+01 4.472135954999579610e+00 1.726267650163206824e+01 1.303840481040529831e+01 9.000000000000000000e+00 9.899494936611665352e+00 8.062257748298549132e+00 0.000000000000000000e+00 1.081665382639196871e+01 2.022374841615668473e+01 1.676305461424021104e+01 7.810249675906653977e+00 1.603121954188139853e+01 1.655294535724684835e+01 1.264911064067351809e+01 1.360147050873544394e+01 2.607680962081059661e+01 1.972308292331602075e+01 2.061552812808830382e+01 2.828427124746190291e+00 1.486606874731850603e+01 1.403566884761819900e+01 2.408318915758459156e+01 9.848857801796103928e+00 9.848857801796103928e+00
1.802775637731994607e+01 1.272792206135785520e+01 1.019803902718556898e+01 9.848857801796103928e+00 1.360147050873544394e+01 2.617250465660480074e+01 2.061552812808830382e+01 9.486832980505138124e+00 2.236067977499789805e+00 1.720465053408525335e+01 1.081665382639196871e+01 0.000000000000000000e+00 1.421267040355189515e+01 1.077032961426900748e+01 1.503329637837290811e+01 9.899494936611665352e+00 9.219544457292887074e+00 7.810249675906653977e+00 1.476482306023340030e+01 1.526433752247374720e+01 3.052867504494749440e+01 1.555634918610404505e+01 1.170469991071962568e+01 8.944271909999159220e+00 1.280624847486569706e+01 2.879236009777593708e+01 5.830951894845300743e+00 1.984943324127920761e+01
3.176476034853718033e+01 1.811077027627483460e+01 2.370653918225939449e+01 1.931320791582796659e+01 2.451530134426252516e+01 3.748332962798262713e+01 2.147091055358388800e+01 2.332380757938120297e+01 1.640121946685672683e+01 2.158703314492290204e+01 2.022374841615668473e+01 1.421267040355189515e+01 0.000000000000000000e+00 2.420743687382040932e+01 2.720294101747088789e+01 4.472135954999579610e+00 2.220360331117451835e+01 2.193171219946130890e+01 2.884441020371191300e+01 1.711724276862369010e+01 3.765634076752546378e+01 2.000000000000000000e+00 2.256102834535695578e+01 2.267156809750926882e+01 2.701851217221259205e+01 4.248529157249600274e+01 2.000000000000000000e+01 2.473863375370596174e+01
1.360147050873544394e+01 1.303840481040529831e+01 1.000000000000000000e+01 8.062257748298549132e+00 1.664331697709323876e+01 2.555386467836127551e+01 2.927456233660889495e+01 8.602325267042626677e+00 9.219544457292887074e+00 2.473863375370596174e+01 1.676305461424021104e+01 1.077032961426900748e+01 2.420743687382040932e+01 0.000000000000000000e+00 1.555634918610404505e+01 2.024845673131658685e+01 2.236067977499789805e+00 4.123105625617660586e+00 9.486832980505138124e+00 1.711724276862369010e+01 3.405877273185280529e+01 2.580697580112788003e+01 1.565247584249852864e+01 2.000000000000000000e+00 6.324555320336759046e+00 2.300000000000000000e+01 7.071067811865475505e+00 2.657066051117284644e+01
7.280109889280518054e+00 2.600000000000000000e+01 5.830951894845300743e+00 2.147091055358388800e+01 3.605551275463989125e+00 1.118033988749894903e+01 1.931320791582796659e+01 7.211102550927978250e+00 1.315294643796590535e+01 1.392838827718411920e+01 7.810249675906653977e+00 1.503329637837290811e+01 2.720294101747088789e+01 1.555634918610404505e+01 0.000000000000000000e+00 2.280350850198275836e+01 1.640121946685672683e+01 1.220655561573370207e+01 8.246211251235321171e+00 2.941088233970548416e+01 1.860107523773827509e+01 2.785677655436823841e+01 5.000000000000000000e+00 1.421267040355189515e+01 1.029563014098700080e+01 1.627882059609970611e+01 1.077032961426900748e+01 1.414213562373095101e+01
2.729468812791236232e+01 1.612451549659709826e+01 1.923538406167134340e+01 1.627882059609970611e+01 2.022374841615668473e+01 3.324154027718932269e+01 1.920937271229854559e+01 1.886796226411320632e+01 1.204159457879229578e+01 1.838477631085023489e+01 1.603121954188139853e+01 9.899494936611665352e+00 4.472135954999579610e+00 2.024845673131658685e+01 2.280350850198275836e+01 0.000000000000000000e+00 1.835755975068581947e+01 1.769180601295413169e+01 2.441311123146740414e+01 1.615549442140351033e+01 3.420526275297414287e+01 5.656854249492380582e+00 1.824828759089465890e+01 1.860107523773827509e+01 2.267156809750926882e+01 3.801315561749642313e+01 1.562049935181330795e+01 2.154065922853801496e+01
1.529705854077835525e+01 1.100000000000000000e+01 1.063014581273464998e+01 6.000000000000000000e+00 1.702938636592640265e+01 2.683281572999747766e+01 2.863564212655270680e+01 9.219544457292887074e+00 8.000000000000000000e+00 2.435159132377184221e+01 1.655294535724684835e+01 9.219544457292887074e+00 2.220360331117451835e+01 2.236067977499789805e+00 1.640121946685672683e+01 1.835755975068581947e+01 0.000000000000000000e+00 4.242640687119284770e+00 1.118033988749894903e+01 1.503329637837290811e+01 3.465544690232691494e+01 2.385372088375312671e+01 1.581138830084189628e+01 2.236067977499789805e+00 8.062257748298549132e+00 2.501999200639360765e+01 6.708203932499369415e+00 2.640075756488817049e+01
1.200000000000000000e+01 1.431782106327635340e+01 6.403124237432848531e+00 9.486832980505138124e+00 1.280624847486569706e+01 2.284731931759172596e+01 2.517935662402834396e+01 5.000000000000000000e+00 5.830951894845300743e+00 2.061552812808830382e+01 1.264911064067351809e+01 7.810249675906653977e+00 2.193171219946130890e+01 4.123105625617660586e+00 1.220655561573370207e+01 1.769180601295413169e+01 4.242640687119284770e+00 0.000000000000000000e+00 8.062257748298549132e+00 1.811077027627483460e+01 3.041381265149109936e+01 2.334523505985750447e+01 1.166190378969060149e+01 2.236067977499789805e+00 5.385164807134503739e+00 2.236067977499789805e+01 3.000000000000000000e+00 2.247220505424423109e+01
4.123105625617660586e+00 2.209072203437452231e+01 5.830951894845300743e+00 1.711724276862369010e+01 1.100000000000000000e+01 1.640121946685672683e+01 2.647640458974745314e+01 5.656854249492380582e+00 1.252996408614166768e+01 2.121320343559642652e+01 1.360147050873544394e+01 1.476482306023340030e+01 2.884441020371191300e+01 9.486832980505138124e+00 8.246211251235321171e+00 2.441311123146740414e+01 1.118033988749894903e+01 8.062257748298549132e+00 0.000000000000000000e+00 2.601922366251537611e+01 2.641968962724581260e+01 3.000000000000000000e+01 1.118033988749894903e+01 9.055385138137417300e+00 3.162277660168379523e+00 1.431782106327635340e+01 8.944271909999159220e+00 2.200000000000000000e+01
3.006659275674581622e+01 4.123105625617660586e+00 2.376972864800942631e+01 9.055385138137417300e+00 2.863564212655270680e+01 4.052159917870962147e+01 3.420526275297414287e+01 2.256102834535695578e+01 1.655294535724684835e+01 3.182766092567909766e+01 2.607680962081059661e+01 1.526433752247374720e+01 1.711724276862369010e+01 1.711724276862369010e+01 2.941088233970548416e+01 1.615549442140351033e+01 1.503329637837290811e+01 1.811077027627483460e+01 2.601922366251537611e+01 0.000000000000000000e+00 4.579301256742124338e+01 1.910497317454279909e+01 2.683281572999747766e+01 1.700000000000000000e+01 2.300000000000000000e+01 4.004996878900157498e+01 1.868154169226940553e+01 3.471310991541956525e+01
2.376972864800942631e+01 4.301162633521313694e+01 2.408318915758459156e+01 3.905124837953326988e+01 1.769180601295413169e+01 1.300000000000000000e+01 1.824828759089465890e+01 2.549509756796392423e+01 2.941088233970548416e+01 1.612451549659709826e+01 1.972308292331602075e+01 3.052867504494749440e+01 3.765634076752546378e+01 3.405877273185280529e+01 1.860107523773827509e+01 3.420526275297414287e+01 3.465544690232691494e+01 3.041381265149109936e+01 2.641968962724581260e+01 4.579301256742124338e+01 0.000000000000000000e+00 3.733630940518894192e+01 1.920937271229854559e+01 3.255764119219941222e+01 2.884441020371191300e+01 2.601922366251537611e+01 2.831960451701259274e+01 1.303840481040529831e+01
3.275667870831839679e+01 2.009975124224177989e+01 2.469817807045693669e+01 2.118962010041709121e+01 2.500000000000000000e+01 3.785498646149540036e+01 2.061552812808830382e+01 2.441311123146740414e+01 1.769180601295413169e+01 2.121320343559642652e+01 2.061552812808830382e+01 1.555634918610404505e+01 2.000000000000000000e+00 2.580697580112788003e+01 2.785677655436823841e+01 5.656854249492380582e+00 2.385372088375312671e+01 2.334523505985750447e+01 3.000000000000000000e+01 1.910497317454279909e+01 3.733630940518894192e+01 0.000000000000000000e+00 2.308679276123039159e+01 2.420743687382040932e+01 2.831960451701259274e+01 4.341658669218482203e+01 2.126029162546929996e+01 2.433105012119287736e+01
1.166190378969060149e+01 2.385372088375312671e+01 6.082762530298219339e+00 1.984943324127920761e+01 2.000000000000000000e+00 1.503329637837290811e+01 1.529705854077835525e+01 7.280109889280518054e+00 1.029563014098700080e+01 1.004987562112088995e+01 2.828427124746190291e+00 1.170469991071962568e+01 2.256102834535695578e+01 1.565247584249852864e+01 5.000000000000000000e+00 1.824828759089465890e+01 1.581138830084189628e+01 1.166190378969060149e+01 1.118033988749894903e+01 2.683281572999747766e+01 1.920937271229854559e+01 2.308679276123039159e+01 0.000000000000000000e+00 1.389244398944980396e+01 1.204159457879229578e+01 2.126029162546929996e+01 9.219544457292887074e+00 1.118033988749894903e+01
1.315294643796590535e+01 1.303840481040529831e+01 8.485281374238569541e+00 8.062257748298549132e+00 1.500000000000000000e+01 2.459674775249768786e+01 2.729468812791236232e+01 7.071067811865475505e+00 7.280109889280518054e+00 2.280350850198275836e+01 1.486606874731850603e+01 8.944271909999159220e+00 2.267156809750926882e+01 2.000000000000000000e+00 1.421267040355189515e+01 1.860107523773827509e+01 2.236067977499789805e+00 2.236067977499789805e+00 9.055385138137417300e+00 1.700000000000000000e+01 3.255764119219941222e+01 2.420743687382040932e+01 1.389244398944980396e+01 0.000000000000000000e+00 6.000000000000000000e+00 2.308679276123039159e+01 5.099019513592784492e+00 2.469817807045693669e+01
7.280109889280518054e+00 1.902629759044044633e+01 6.000000000000000000e+00 1.403566884761819900e+01 1.236931687685298087e+01 1.941648783894759944e+01 2.707397274136176790e+01 5.099019513592784492e+00 1.063014581273464998e+01 2.200000000000000000e+01 1.403566884761819900e+01 1.280624847486569706e+01 2.701851217221259205e+01 6.324555320336759046e+00 1.029563014098700080e+01 2.267156809750926882e+01 8.062257748298549132e+00 5.385164807134503739e+00 3.162277660168379523e+00 2.300000000000000000e+01 2.884441020371191300e+01 2.831960451701259274e+01 1.204159457879229578e+01 6.000000000000000000e+00 0.000000000000000000e+00 1.711724276862369010e+01 7.071067811865475505e+00 2.319482700948640286e+01
1.077032961426900748e+01 3.601388621073821383e+01 1.878829422805593552e+01 3.101612483854164637e+01 1.979898987322333070e+01 1.303840481040529831e+01 3.466987164671942878e+01 1.931320791582796659e+01 2.657066051117284644e+01 2.941088233970548416e+01 2.408318915758459156e+01 2.879236009777593708e+01 4.248529157249600274e+01 2.300000000000000000e+01 1.627882059609970611e+01 3.801315561749642313e+01 2.501999200639360765e+01 2.236067977499789805e+01 1.431782106327635340e+01 4.004996878900157498e+01 2.601922366251537611e+01 4.341658669218482203e+01 2.126029162546929996e+01 2.308679276123039159e+01 1.711724276862369010e+01 0.000000000000000000e+00 2.308679276123039159e+01 2.865309756378880479e+01
1.236931687685298087e+01 1.523154621172781731e+01 5.099019513592784492e+00 1.081665382639196871e+01 1.063014581273464998e+01 2.184032966784155505e+01 2.220360331117451835e+01 4.000000000000000000e+00 3.605551275463989125e+00 1.772004514666934938e+01 9.848857801796103928e+00 5.830951894845300743e+00 2.000000000000000000e+01 7.071067811865475505e+00 1.077032961426900748e+01 1.562049935181330795e+01 6.708203932499369415e+00 3.000000000000000000e+00 8.944271909999159220e+00 1.868154169226940553e+01 2.831960451701259274e+01 2.126029162546929996e+01 9.219544457292887074e+00 5.099019513592784492e+00 7.071067811865475505e+00 2.308679276123039159e+01 0.000000000000000000e+00 1.969771560359220786e+01
2.137755832643194864e+01 3.255764119219941222e+01 1.726267650163206824e+01 2.941088233970548416e+01 1.100000000000000000e+01 1.769180601295413169e+01 6.403124237432848531e+00 1.843908891458577415e+01 1.941648783894759944e+01 3.162277660168379523e+00 9.848857801796103928e+00 1.984943324127920761e+01 2.473863375370596174e+01 2.657066051117284644e+01 1.414213562373095101e+01 2.154065922853801496e+01 2.640075756488817049e+01 2.247220505424423109e+01 2.200000000000000000e+01 3.471310991541956525e+01 1.303840481040529831e+01 2.433105012119287736e+01 1.118033988749894903e+01 2.469817807045693669e+01 2.319482700948640286e+01 2.865309756378880479e+01 1.969771560359220786e+01 0.000000000000000000e+00
