0.000000000000000000e+00 1.392838827718411920e+01 3.114482300479487265e+01 8.544003745317530374e+00 2.469817807045693669e+01 2.193171219946130890e+01 2.647640458974745314e+01 1.170469991071962568e+01 1.431782106327635340e+01 1.969771560359220786e+01 2.785677655436823841e+01 1.627882059609970611e+01 2.640075756488817049e+01 3.052867504494749440e+01 2.561249694973139412e+01 7.280109889280518054e+00 1.612451549659709826e+01 8.944271909999159220e+00 1.500000000000000000e+01 2.607680962081059661e+01 2.441311123146740414e+01 1.746424919657297892e+01 6.708203932499369415e+00 2.340939982143925135e+01 3.162277660168379523e+00 2.720294101747088789e+01 2.061552812808830382e+01
1.392838827718411920e+01 0.000000000000000000e+00 3.847076812334268681e+01 5.385164807134503739e+00 1.600000000000000000e+01 2.662705391138869615e+01 2.247220505424423109e+01 2.402082429892862692e+01 1.835755975068581947e+01 2.469817807045693669e+01 2.121320343559642652e+01 1.941648783894759944e+01 3.061045573002793319e+01 3.580502757993631491e+01 3.264965543462901820e+01 6.708203932499369415e+00 4.242640687119284770e+00 9.486832980505138124e+00 4.123105625617660586e+00 2.370653918225939449e+01 1.503329637837290811e+01 3.605551275463989125e+00 7.280109889280518054e+00 3.512833614050059339e+01 1.414213562373095101e+01 2.158703314492290204e+01 2.823118842698620767e+01
3.114482300479487265e+01 3.847076812334268681e+01 0.000000000000000000e+00 3.522782990761707111e+01 3.405877273185280529e+01 1.236931687685298087e+01 2.617250465660480074e+01 2.147091055358388800e+01 2.012461179749810825e+01 1.392838827718411920e+01 3.114482300479487265e+01 1.931320791582796659e+01 1.004987562112088995e+01 5.830951894845300743e+00 5.830951894845300743e+00 3.500000000000000000e+01 4.254409477236529824e+01 2.915475947422650194e+01 3.584689665786984136e+01 2.319482700948640286e+01 3.512833614050059339e+01 4.031128874149274566e+01 3.360059523282288296e+01 1.503329637837290811e+01 2.828427124746190202e+01 2.915475947422650194e+01 1.063014581273464998e+01
8.544003745317530374e+00 5.385164807134503739e+00 3.522782990761707111e+01 0.000000000000000000e+00 1.868154169226940553e+01 2.404163056034261459e+01 2.319482700948640286e+01 1.902629759044044633e+01 1.555634918610404505e+01 2.193171219946130890e+01 2.308679276123039159e+01 1.702938636592640265e+01 2.831960451701259274e+01 3.324154027718932269e+01 2.941088233970548416e+01 1.414213562373095145e+00 8.062257748298549132e+00 6.403124237432848531e+00 7.211102550927978250e+00 2.376972864800942631e+01 1.802775637731994607e+01 8.944271909999159220e+00 2.000000000000000000e+00 3.041381265149109936e+01 9.000000000000000000e+00 2.300000000000000000e+01 2.469817807045693669e+01
2.469817807045693669e+01 1.600000000000000000e+01 3.405877273185280529e+01 1.868154169226940553e+01 0.000000000000000000e+00 2.202271554554523902e+01 9.433981132056603158e+00 2.941088233970548416e+01 1.746424919657297892e+01 2.121320343559642652e+01 5.830951894845300743e+00 1.676305461424021104e+01 2.418677324489564739e+01 2.942787793912432193e+01 2.901723625709381693e+01 1.992485884517127559e+01 1.923538406167134340e+01 1.581138830084189628e+01 1.204159457879229578e+01 1.208304597359457233e+01 1.414213562373095145e+00 1.431782106327635340e+01 1.931320791582796659e+01 3.733630940518894192e+01 2.280350850198275836e+01 7.071067811865475505e+00 2.647640458974745314e+01
2.193171219946130890e+01 2.662705391138869615e+01 1.236931687685298087e+01 2.404163056034261459e+01 2.202271554554523902e+01 0.000000000000000000e+00 1.523154621172781731e+01 1.612451549659709826e+01 8.485281374238569541e+00 2.236067977499789805e+00 1.992485884517127559e+01 7.211102550927978250e+00 4.472135954999579610e+00 9.219544457292887074e+00 7.000000000000000000e+00 2.408318915758459156e+01 3.080584360149872580e+01 1.769180601295413169e+01 2.370653918225939449e+01 1.252996408614166768e+01 2.300000000000000000e+01 2.817800560721074277e+01 2.267156809750926882e+01 1.769180601295413169e+01 1.878829422805593552e+01 1.802775637731994607e+01 5.656854249492380582e+00
2.647640458974745314e+01 2.247220505424423109e+01 2.617250465660480074e+01 2.319482700948640286e+01 9.433981132056603158e+00 1.523154621172781731e+01 0.000000000000000000e+00 2.720294101747088789e+01 1.442220510185595650e+01 1.526433752247374720e+01 5.000000000000000000e+00 1.280624847486569706e+01 1.612451549659709826e+01 2.100000000000000000e+01 2.184032966784155505e+01 2.408318915758459156e+01 2.640075756488817049e+01 1.802775637731994607e+01 1.838477631085023489e+01 3.000000000000000000e+00 1.081665382639196871e+01 2.195449840010014952e+01 2.302172886644267535e+01 3.244996147917590434e+01 2.376972864800942631e+01 3.000000000000000000e+00 2.059126028197400160e+01
1.170469991071962568e+01 2.402082429892862692e+01 2.147091055358388800e+01 1.902629759044044633e+01 2.941088233970548416e+01 1.612451549659709826e+01 2.720294101747088789e+01 0.000000000000000000e+00 1.280624847486569706e+01 1.431782106327635340e+01 3.041381265149109936e+01 1.442220510185595650e+01 2.000000000000000000e+01 2.256102834535695578e+01 1.676305461424021104e+01 1.811077027627483460e+01 2.707397274136176790e+01 1.552417469626002422e+01 2.353720459187963954e+01 2.555386467836127551e+01 2.968164415931165934e+01 2.716615541441224835e+01 1.702938636592640265e+01 1.170469991071962568e+01 1.004987562112088995e+01 2.906888370749726747e+01 1.216552506059643868e+01
1.431782106327635340e+01 1.835755975068581947e+01 2.012461179749810825e+01 1.555634918610404505e+01 1.746424919657297892e+01 8.485281374238569541e+00 1.442220510185595650e+01 1.280624847486569706e+01 0.000000000000000000e+00 6.403124237432848531e+00 1.769180601295413169e+01 2.000000000000000000e+00 1.280624847486569706e+01 1.769180601295413169e+01 1.431782106327635340e+01 1.562049935181330795e+01 2.247220505424423109e+01 9.219544457292887074e+00 1.581138830084189628e+01 1.300000000000000000e+01 1.802775637731994607e+01 2.024845673131658685e+01 1.421267040355189515e+01 1.992485884517127559e+01 1.118033988749894903e+01 1.627882059609970611e+01 1.019803902718556898e+01
1.969771560359220786e+01 2.469817807045693669e+01 1.392838827718411920e+01 2.193171219946130890e+01 2.121320343559642652e+01 2.236067977499789805e+00 1.526433752247374720e+01 1.431782106327635340e+01 6.403124237432848531e+00 0.000000000000000000e+00 1.969771560359220786e+01 5.385164807134503739e+00 6.708203932499369415e+00 1.131370849898476116e+01 8.246211251235321171e+00 2.193171219946130890e+01 2.884441020371191300e+01 1.562049935181330795e+01 2.193171219946130890e+01 1.280624847486569706e+01 2.209072203437452231e+01 2.640075756488817049e+01 2.051828452868319275e+01 1.720465053408525335e+01 1.655294535724684835e+01 1.788854381999831844e+01 5.385164807134503739e+00
2.785677655436823841e+01 2.121320343559642652e+01 3.114482300479487265e+01 2.308679276123039159e+01 5.830951894845300743e+00 1.992485884517127559e+01 5.000000000000000000e+00 3.041381265149109936e+01 1.769180601295413169e+01 1.969771560359220786e+01 0.000000000000000000e+00 1.640121946685672683e+01 2.109502310972898798e+01 2.600000000000000000e+01 2.668332812825266842e+01 2.418677324489564739e+01 2.473863375370596174e+01 1.897366596101027625e+01 1.711724276862369010e+01 8.000000000000000000e+00 7.211102550927978250e+00 1.992485884517127559e+01 2.334523505985750447e+01 3.671511950137163893e+01 2.549509756796392423e+01 2.000000000000000000e+00 2.507987240796890660e+01
1.627882059609970611e+01 1.941648783894759944e+01 1.931320791582796659e+01 1.702938636592640265e+01 1.676305461424021104e+01 7.211102550927978250e+00 1.280624847486569706e+01 1.442220510185595650e+01 2.000000000000000000e+00 5.385164807134503739e+00 1.640121946685672683e+01 0.000000000000000000e+00 1.131370849898476116e+01 1.640121946685672683e+01 1.360147050873544394e+01 1.720465053408525335e+01 2.360084744241189370e+01 1.063014581273464998e+01 1.655294535724684835e+01 1.118033988749894903e+01 1.746424919657297892e+01 2.102379604162863913e+01 1.581138830084189628e+01 2.061552812808830382e+01 1.315294643796590535e+01 1.486606874731850603e+01 1.000000000000000000e+01
2.640075756488817049e+01 3.061045573002793319e+01 1.004987562112088995e+01 2.831960451701259274e+01 2.418677324489564739e+01 4.472135954999579610e+00 1.612451549659709826e+01 2.000000000000000000e+01 1.280624847486569706e+01 6.708203932499369415e+00 2.109502310972898798e+01 1.131370849898476116e+01 0.000000000000000000e+00 5.385164807134503739e+00 6.403124237432848531e+00 2.842534080710379030e+01 3.482814953453599571e+01 2.193171219946130890e+01 2.745906043549196340e+01 1.315294643796590535e+01 2.531797780234432693e+01 3.190611226708763226e+01 2.701851217221259205e+01 1.941648783894759944e+01 2.325940669922601600e+01 1.910497317454279909e+01 8.246211251235321171e+00
3.052867504494749440e+01 3.580502757993631491e+01 5.830951894845300743e+00 3.324154027718932269e+01 2.942787793912432193e+01 9.219544457292887074e+00 2.100000000000000000e+01 2.256102834535695578e+01 1.769180601295413169e+01 1.131370849898476116e+01 2.600000000000000000e+01 1.640121946685672683e+01 5.385164807134503739e+00 0.000000000000000000e+00 6.000000000000000000e+00 3.324154027718932269e+01 4.000000000000000000e+01 2.690724809414741969e+01 3.275667870831839679e+01 1.800000000000000000e+01 3.059411708155671050e+01 3.721558813185679071e+01 3.182766092567909766e+01 1.897366596101027625e+01 2.745906043549196340e+01 2.400000000000000000e+01 1.044030650891055068e+01
2.561249694973139412e+01 3.264965543462901820e+01 5.830951894845300743e+00 2.941088233970548416e+01 2.901723625709381693e+01 7.000000000000000000e+00 2.184032966784155505e+01 1.676305461424021104e+01 1.431782106327635340e+01 8.246211251235321171e+00 2.668332812825266842e+01 1.360147050873544394e+01 6.403124237432848531e+00 6.000000000000000000e+00 0.000000000000000000e+00 2.920616373302046753e+01 3.671511950137163893e+01 2.332380757938120297e+01 3.008321791298264714e+01 1.897366596101027625e+01 3.000000000000000000e+01 3.453983207834108526e+01 2.780287754891568852e+01 1.341640786499873883e+01 2.267156809750926882e+01 2.473863375370596174e+01 5.000000000000000000e+00
7.280109889280518054e+00 6.708203932499369415e+00 3.500000000000000000e+01 1.414213562373095145e+00 1.992485884517127559e+01 2.408318915758459156e+01 2.408318915758459156e+01 1.811077027627483460e+01 1.562049935181330795e+01 2.193171219946130890e+01 2.418677324489564739e+01 1.720465053408525335e+01 2.842534080710379030e+01 3.324154027718932269e+01 2.920616373302046753e+01 0.000000000000000000e+00 9.000000000000000000e+00 6.708203932499369415e+00 8.602325267042626677e+00 2.451530134426252516e+01 1.931320791582796659e+01 1.029563014098700080e+01 1.414213562373095145e+00 2.961418578992169515e+01 8.062257748298549132e+00 2.402082429892862692e+01 2.441311123146740414e+01
1.612451549659709826e+01 4.242640687119284770e+00 4.254409477236529824e+01 8.062257748298549132e+00 1.923538406167134340e+01 3.080584360149872580e+01 2.640075756488817049e+01 2.707397274136176790e+01 2.247220505424423109e+01 2.884441020371191300e+01 2.473863375370596174e+01 2.360084744241189370e+01 3.482814953453599571e+01 4.000000000000000000e+01 3.671511950137163893e+01 9.000000000000000000e+00 0.000000000000000000e+00 1.341640786499873883e+01 8.062257748298549132e+00 2.778488797889960793e+01 1.811077027627483460e+01 5.000000000000000000e+00 1.004987562112088995e+01 3.847076812334268681e+01 1.702938636592640265e+01 2.529822128134703618e+01 3.220248437620923454e+01
8.944271909999159220e+00 9.486832980505138124e+00 2.915475947422650194e+01 6.403124237432848531e+00 1.581138830084189628e+01 1.769180601295413169e+01 1.802775637731994607e+01 1.552417469626002422e+01 9.219544457292887074e+00 1.562049935181330795e+01 1.897366596101027625e+01 1.063014581273464998e+01 2.193171219946130890e+01 2.690724809414741969e+01 2.332380757938120297e+01 6.708203932499369415e+00 1.341640786499873883e+01 0.000000000000000000e+00 8.062257748298549132e+00 1.811077027627483460e+01 1.562049935181330795e+01 1.204159457879229578e+01 5.385164807134503739e+00 2.600000000000000000e+01 7.071067811865475505e+00 1.843908891458577415e+01 1.878829422805593552e+01
1.500000000000000000e+01 4.123105625617660586e+00 3.584689665786984136e+01 7.211102550927978250e+00 1.204159457879229578e+01 2.370653918225939449e+01 1.838477631085023489e+01 2.353720459187963954e+01 1.581138830084189628e+01 2.193171219946130890e+01 1.711724276862369010e+01 1.655294535724684835e+01 2.745906043549196340e+01 3.275667870831839679e+01 3.008321791298264714e+01 8.602325267042626677e+00 8.062257748298549132e+00 8.062257748298549132e+00 0.000000000000000000e+00 1.972308292331602075e+01 1.118033988749894903e+01 4.472135954999579610e+00 8.485281374238569541e+00 3.401470270338990076e+01 1.431782106327635340e+01 1.746424919657297892e+01 2.596150997149434048e+01
2.607680962081059661e+01 2.370653918225939449e+01 2.319482700948640286e+01 2.376972864800942631e+01 1.208304597359457233e+01 1.252996408614166768e+01 3.000000000000000000e+00 2.555386467836127551e+01 1.300000000000000000e+01 1.280624847486569706e+01 8.000000000000000000e+00 1.118033988749894903e+01 1.315294643796590535e+01 1.800000000000000000e+01 1.897366596101027625e+01 2.451530134426252516e+01 2.778488797889960793e+01 1.811077027627483460e+01 1.972308292331602075e+01 0.000000000000000000e+00 1.341640786499873883e+01 2.360084744241189370e+01 2.334523505985750447e+01 3.000000000000000000e+01 2.319482700948640286e+01 6.000000000000000000e+00 1.802775637731994607e+01
2.441311123146740414e+01 1.503329637837290811e+01 3.512833614050059339e+01 1.802775637731994607e+01 1.414213562373095145e+00 2.300000000000000000e+01 1.081665382639196871e+01 2.968164415931165934e+01 1.802775637731994607e+01 2.209072203437452231e+01 7.211102550927978250e+00 1.746424919657297892e+01 2.531797780234432693e+01 3.059411708155671050e+01 3.000000000000000000e+01 1.931320791582796659e+01 1.811077027627483460e+01 1.562049935181330795e+01 1.118033988749894903e+01 1.341640786499873883e+01 0.000000000000000000e+00 1.315294643796590535e+01 1.878829422805593552e+01 3.794733192202055250e+01 2.267156809750926882e+01 8.485281374238569541e+00 2.729468812791236232e+01
1.746424919657297892e+01 3.605551275463989125e+00 4.031128874149274566e+01 8.944271909999159220e+00 1.431782106327635340e+01 2.817800560721074277e+01 2.195449840010014952e+01 2.716615541441224835e+01 2.024845673131658685e+01 2.640075756488817049e+01 1.992485884517127559e+01 2.102379604162863913e+01 3.190611226708763226e+01 3.721558813185679071e+01 3.453983207834108526e+01 1.029563014098700080e+01 5.000000000000000000e+00 1.204159457879229578e+01 4.472135954999579610e+00 2.360084744241189370e+01 1.315294643796590535e+01 0.000000000000000000e+00 1.077032961426900748e+01 3.801315561749642313e+01 1.746424919657297892e+01 2.061552812808830382e+01 3.036445290137795183e+01
6.708203932499369415e+00 7.280109889280518054e+00 3.360059523282288296e+01 2.000000000000000000e+00 1.931320791582796659e+01 2.267156809750926882e+01 2.302172886644267535e+01 1.702938636592640265e+01 1.421267040355189515e+01 2.051828452868319275e+01 2.334523505985750447e+01 1.581138830084189628e+01 2.701851217221259205e+01 3.182766092567909766e+01 2.780287754891568852e+01 1.414213562373095145e+00 1.004987562112088995e+01 5.385164807134503739e+00 8.485281374238569541e+00 2.334523505985750447e+01 1.878829422805593552e+01 1.077032961426900748e+01 0.000000000000000000e+00 2.844292530665578411e+01 7.000000000000000000e+00 2.308679276123039159e+01 2.302172886644267535e+01
2.340939982143925135e+01 3.512833614050059339e+01 1.503329637837290811e+01 3.041381265149109936e+01 3.733630940518894192e+01 1.769180601295413169e+01 3.244996147917590434e+01 1.170469991071962568e+01 1.992485884517127559e+01 1.720465053408525335e+01 3.671511950137163893e+01 2.061552812808830382e+01 1.941648783894759944e+01 1.897366596101027625e+01 1.341640786499873883e+01 2.961418578992169515e+01 3.847076812334268681e+01 2.600000000000000000e+01 3.401470270338990076e+01 3.000000000000000000e+01 3.794733192202055250e+01 3.801315561749642313e+01 2.844292530665578411e+01 0.000000000000000000e+00 2.158703314492290204e+01 3.498571136907180090e+01 1.204159457879229578e+01
3.162277660168379523e+00 1.414213562373095101e+01 2.828427124746190202e+01 9.000000000000000000e+00 2.280350850198275836e+01 1.878829422805593552e+01 2.376972864800942631e+01 1.004987562112088995e+01 1.118033988749894903e+01 1.655294535724684835e+01 2.549509756796392423e+01 1.315294643796590535e+01 2.325940669922601600e+01 2.745906043549196340e+01 2.267156809750926882e+01 8.062257748298549132e+00 1.702938636592640265e+01 7.071067811865475505e+00 1.431782106327635340e+01 2.319482700948640286e+01 2.267156809750926882e+01 1.746424919657297892e+01 7.000000000000000000e+00 2.158703314492290204e+01 0.000000000000000000e+00 2.469817807045693669e+01 1.769180601295413169e+01
2.720294101747088789e+01 2.158703314492290204e+01 2.915475947422650194e+01 2.300000000000000000e+01 7.071067811865475505e+00 1.802775637731994607e+01 3.000000000000000000e+00 2.906888370749726747e+01 1.627882059609970611e+01 1.788854381999831844e+01 2.000000000000000000e+00 1.486606874731850603e+01 1.910497317454279909e+01 2.400000000000000000e+01 2.473863375370596174e+01 2.402082429892862692e+01 2.529822128134703618e+01 1.843908891458577415e+01 1.746424919657297892e+01 6.000000000000000000e+00 8.485281374238569541e+00 2.061552812808830382e+01 2.308679276123039159e+01 3.498571136907180090e+01 2.469817807045693669e+01 0.000000000000000000e+00 2.325940669922601600e+01
2.061552812808830382e+01 2.823118842698620767e+01 1.063014581273464998e+01 2.469817807045693669e+01 2.647640458974745314e+01 5.656854249492380582e+00 2.059126028197400160e+01 1.216552506059643868e+01 1.019803902718556898e+01 5.385164807134503739e+00 2.507987240796890660e+01 1.000000000000000000e+01 8.246211251235321171e+00 1.044030650891055068e+01 5.000000000000000000e+00 2.441311123146740414e+01 3.220248437620923454e+01 1.878829422805593552e+01 2.596150997149434048e+01 1.802775637731994607e+01 2.729468812791236232e+01 3.036445290137795183e+01 2.302172886644267535e+01 1.204159457879229578e+01 1.769180601295413169e+01 2.325940669922601600e+01 0.000000000000000000e+00
