0.000000000000000000e+00 4.123105625617660763e+01 2.418677324489564739e+01 2.657066051117284644e+01 7.280109889280518054e+00 2.121320343559642652e+01 2.000000000000000000e+01 1.969771560359220786e+01 5.830951894845300743e+00 3.671511950137163893e+01 1.166190378969060149e+01 2.860069929215018192e+01 2.701851217221259205e+01 3.577708763999663688e+01 1.902629759044044633e+01 2.024845673131658685e+01 4.101219330881975367e+01 3.130495168499705727e+01 9.848857801796103928e+00 3.354101966249684352e+01 2.353720459187963954e+01 2.061552812808830382e+01 3.140063693621516450e+01 1.788854381999831844e+01 2.720294101747088789e+01 1.923538406167134340e+01 1.166190378969060149e+01
4.123105625617660763e+01 0.000000000000000000e+00 1.780449381476485726e+01 1.838477631085023489e+01 3.465544690232691494e+01 2.549509756796392423e+01 2.863564212655270680e+01 3.676955262170046979e+01 3.546829570193639825e+01 8.000000000000000000e+00 3.052867504494749440e+01 1.272792206135785520e+01 1.581138830084189628e+01 1.000000000000000000e+01 2.817800560721074277e+01 2.121320343559642652e+01 4.242640687119284770e+00 1.264911064067351809e+01 3.275667870831839679e+01 4.104875150354758517e+01 2.284731931759172596e+01 2.147091055358388800e+01 3.101612483854164637e+01 2.600000000000000000e+01 1.897366596101027625e+01 2.983286778035259701e+01 2.973213749463701205e+01
2.418677324489564739e+01 1.780449381476485726e+01 0.000000000000000000e+00 5.000000000000000000e+00 1.720465053408525335e+01 9.000000000000000000e+00 1.204159457879229578e+01 2.022374841615668473e+01 1.835755975068581947e+01 1.252996408614166768e+01 1.513274595042155646e+01 5.385164807134503739e+00 9.848857801796103928e+00 1.170469991071962568e+01 1.118033988749894903e+01 4.123105625617660586e+00 1.878829422805593552e+01 7.280109889280518054e+00 1.726267650163206824e+01 2.846049894151541437e+01 7.280109889280518054e+00 8.944271909999159220e+00 1.972308292331602075e+01 1.360147050873544394e+01 6.403124237432848531e+00 1.931320791582796659e+01 1.252996408614166768e+01
2.657066051117284644e+01 1.838477631085023489e+01 5.000000000000000000e+00 0.000000000000000000e+00 1.931320791582796659e+01 7.211102550927978250e+00 1.029563014098700080e+01 1.838477631085023489e+01 2.088061301782110135e+01 1.140175425099137918e+01 1.902629759044044633e+01 8.246211251235321171e+00 1.442220510185595650e+01 9.899494936611665352e+00 1.000000000000000000e+01 8.246211251235321171e+00 2.039607805437113797e+01 5.830951894845300743e+00 2.100000000000000000e+01 2.451530134426252516e+01 4.472135954999579610e+00 1.389244398944980396e+01 1.523154621172781731e+01 1.838477631085023489e+01 1.414213562373095145e+00 2.416609194718914466e+01 1.529705854077835525e+01
7.280109889280518054e+00 3.465544690232691494e+01 1.720465053408525335e+01 1.931320791582796659e+01 0.000000000000000000e+00 1.403566884761819900e+01 1.315294643796590535e+01 1.486606874731850603e+01 2.236067977499789805e+00 2.968164415931165934e+01 8.062257748298549132e+00 2.193171219946130890e+01 2.147091055358388800e+01 2.865309756378880479e+01 1.204159457879229578e+01 1.345362404707370985e+01 3.482814953453599571e+01 2.418677324489564739e+01 7.615773105863908654e+00 2.860069929215018192e+01 1.627882059609970611e+01 1.523154621172781731e+01 2.500000000000000000e+01 1.403566884761819900e+01 1.992485884517127559e+01 1.746424919657297892e+01 5.000000000000000000e+00
2.121320343559642652e+01 2.549509756796392423e+01 9.000000000000000000e+00 7.211102550927978250e+00 1.403566884761819900e+01 0.000000000000000000e+00 3.162277660168379523e+00 1.140175425099137918e+01 1.600000000000000000e+01 1.860107523773827509e+01 1.655294535724684835e+01 1.414213562373095101e+01 1.843908891458577415e+01 1.702938636592640265e+01 2.828427124746190291e+00 8.944271909999159220e+00 2.720294101747088789e+01 1.303840481040529831e+01 1.802775637731994607e+01 2.012461179749810825e+01 2.828427124746190291e+00 1.526433752247374720e+01 1.280624847486569706e+01 1.838477631085023489e+01 7.071067811865475505e+00 2.408318915758459156e+01 1.140175425099137918e+01
2.000000000000000000e+01 2.863564212655270680e+01 1.204159457879229578e+01 1.029563014098700080e+01 1.315294643796590535e+01 3.162277660168379523e+00 0.000000000000000000e+00 8.246211251235321171e+00 1.529705854077835525e+01 2.163330765278393741e+01 1.720465053408525335e+01 1.726267650163206824e+01 2.121320343559642652e+01 2.000000000000000000e+01 1.414213562373095145e+00 1.140175425099137918e+01 3.036445290137795183e+01 1.612451549659709826e+01 1.835755975068581947e+01 1.802775637731994607e+01 5.830951894845300743e+00 1.746424919657297892e+01 1.208304597359457233e+01 2.000000000000000000e+01 1.000000000000000000e+01 2.549509756796392423e+01 1.166190378969060149e+01
1.969771560359220786e+01 3.676955262170046979e+01 2.022374841615668473e+01 1.838477631085023489e+01 1.486606874731850603e+01 1.140175425099137918e+01 8.246211251235321171e+00 0.000000000000000000e+00 1.702938636592640265e+01 2.952964612046680060e+01 2.163330765278393741e+01 2.549509756796392423e+01 2.901723625709381693e+01 2.778488797889960793e+01 9.055385138137417300e+00 1.902629759044044633e+01 3.860051813123756403e+01 2.416609194718914466e+01 2.202271554554523902e+01 1.389244398944980396e+01 1.392838827718411920e+01 2.451530134426252516e+01 1.334166406412633421e+01 2.600000000000000000e+01 1.788854381999831844e+01 3.088689042296100240e+01 1.612451549659709826e+01
5.830951894845300743e+00 3.546829570193639825e+01 1.835755975068581947e+01 2.088061301782110135e+01 2.236067977499789805e+00 1.600000000000000000e+01 1.529705854077835525e+01 1.702938636592640265e+01 0.000000000000000000e+00 3.088689042296100240e+01 7.071067811865475505e+00 2.280350850198275836e+01 2.163330765278393741e+01 2.996664812754339380e+01 1.414213562373095101e+01 1.442220510185595650e+01 3.538361202590826338e+01 2.549509756796392423e+01 6.082762530298219339e+00 3.080584360149872580e+01 1.811077027627483460e+01 1.526433752247374720e+01 2.720294101747088789e+01 1.334166406412633421e+01 2.158703314492290204e+01 1.612451549659709826e+01 5.830951894845300743e+00
3.671511950137163893e+01 8.000000000000000000e+00 1.252996408614166768e+01 1.140175425099137918e+01 2.968164415931165934e+01 1.860107523773827509e+01 2.163330765278393741e+01 2.952964612046680060e+01 3.088689042296100240e+01 0.000000000000000000e+00 2.720294101747088789e+01 9.055385138137417300e+00 1.529705854077835525e+01 2.000000000000000000e+00 2.140093455903269515e+01 1.655294535724684835e+01 1.140175425099137918e+01 5.656854249492380582e+00 2.941088233970548416e+01 3.306055050963308162e+01 1.581138830084189628e+01 1.910497317454279909e+01 2.302172886644267535e+01 2.408318915758459156e+01 1.166190378969060149e+01 2.901723625709381693e+01 2.505992817228333536e+01
1.166190378969060149e+01 3.052867504494749440e+01 1.513274595042155646e+01 1.902629759044044633e+01 8.062257748298549132e+00 1.655294535724684835e+01 1.720465053408525335e+01 2.163330765278393741e+01 7.071067811865475505e+00 2.720294101747088789e+01 0.000000000000000000e+00 1.838477631085023489e+01 1.555634918610404505e+01 2.668332812825266842e+01 1.581138830084189628e+01 1.104536101718726115e+01 2.983286778035259701e+01 2.236067977499789805e+01 2.236067977499789805e+00 3.465544690232691494e+01 1.772004514666934938e+01 9.219544457292887074e+00 2.915475947422650194e+01 6.324555320336759046e+00 2.009975124224177989e+01 9.486832980505138124e+00 5.656854249492380582e+00
2.860069929215018192e+01 1.272792206135785520e+01 5.385164807134503739e+00 8.246211251235321171e+00 2.193171219946130890e+01 1.414213562373095101e+01 1.726267650163206824e+01 2.549509756796392423e+01 2.280350850198275836e+01 9.055385138137417300e+00 1.838477631085023489e+01 0.000000000000000000e+00 7.211102550927978250e+00 9.055385138137417300e+00 1.649242250247064234e+01 8.485281374238569541e+00 1.341640786499873883e+01 5.830951894845300743e+00 2.061552812808830382e+01 3.275667870831839679e+01 1.200000000000000000e+01 1.004987562112088995e+01 2.340939982143925135e+01 1.503329637837290811e+01 9.486832980505138124e+00 2.009975124224177989e+01 1.702938636592640265e+01
2.701851217221259205e+01 1.581138830084189628e+01 9.848857801796103928e+00 1.442220510185595650e+01 2.147091055358388800e+01 1.843908891458577415e+01 2.121320343559642652e+01 2.901723625709381693e+01 2.163330765278393741e+01 1.529705854077835525e+01 1.555634918610404505e+01 7.211102550927978250e+00 0.000000000000000000e+00 1.581138830084189628e+01 2.009975124224177989e+01 1.000000000000000000e+01 1.442220510185595650e+01 1.303840481040529831e+01 1.769180601295413169e+01 3.827531841800927737e+01 1.708800749063506075e+01 6.403124237432848531e+00 2.952964612046680060e+01 1.029563014098700080e+01 1.581138830084189628e+01 1.414213562373095101e+01 1.655294535724684835e+01
3.577708763999663688e+01 1.000000000000000000e+01 1.170469991071962568e+01 9.899494936611665352e+00 2.865309756378880479e+01 1.702938636592640265e+01 2.000000000000000000e+01 2.778488797889960793e+01 2.996664812754339380e+01 2.000000000000000000e+00 2.668332812825266842e+01 9.055385138137417300e+00 1.581138830084189628e+01 0.000000000000000000e+00 1.984943324127920761e+01 1.581138830084189628e+01 1.334166406412633421e+01 4.472135954999579610e+00 2.886173937932362321e+01 3.106444913401813324e+01 1.421267040355189515e+01 1.900000000000000000e+01 2.102379604162863913e+01 2.400000000000000000e+01 1.000000000000000000e+01 2.915475947422650194e+01 2.416609194718914466e+01
1.902629759044044633e+01 2.817800560721074277e+01 1.118033988749894903e+01 1.000000000000000000e+01 1.204159457879229578e+01 2.828427124746190291e+00 1.414213562373095145e+00 9.055385138137417300e+00 1.414213562373095101e+01 2.140093455903269515e+01 1.581138830084189628e+01 1.649242250247064234e+01 2.009975124224177989e+01 1.984943324127920761e+01 0.000000000000000000e+00 1.019803902718556898e+01 2.973213749463701205e+01 1.581138830084189628e+01 1.700000000000000000e+01 1.941648783894759944e+01 5.656854249492380582e+00 1.615549442140351033e+01 1.341640786499873883e+01 1.860107523773827509e+01 9.899494936611665352e+00 2.408318915758459156e+01 1.029563014098700080e+01
2.024845673131658685e+01 2.121320343559642652e+01 4.123105625617660586e+00 8.246211251235321171e+00 1.345362404707370985e+01 8.944271909999159220e+00 1.140175425099137918e+01 1.902629759044044633e+01 1.442220510185595650e+01 1.655294535724684835e+01 1.104536101718726115e+01 8.485281374238569541e+00 1.000000000000000000e+01 1.581138830084189628e+01 1.019803902718556898e+01 0.000000000000000000e+00 2.163330765278393741e+01 1.140175425099137918e+01 1.315294643796590535e+01 2.906888370749726747e+01 8.485281374238569541e+00 6.403124237432848531e+00 2.126029162546929996e+01 1.029563014098700080e+01 9.486832980505138124e+00 1.612451549659709826e+01 8.602325267042626677e+00
4.101219330881975367e+01 4.242640687119284770e+00 1.878829422805593552e+01 2.039607805437113797e+01 3.482814953453599571e+01 2.720294101747088789e+01 3.036445290137795183e+01 3.860051813123756403e+01 3.538361202590826338e+01 1.140175425099137918e+01 2.983286778035259701e+01 1.341640786499873883e+01 1.442220510185595650e+01 1.334166406412633421e+01 2.973213749463701205e+01 2.163330765278393741e+01 0.000000000000000000e+00 1.503329637837290811e+01 3.201562118716424266e+01 4.401136216933077350e+01 2.473863375370596174e+01 2.061552812808830382e+01 3.405877273185280529e+01 2.469817807045693669e+01 2.121320343559642652e+01 2.785677655436823841e+01 2.983286778035259701e+01
3.130495168499705727e+01 1.264911064067351809e+01 7.280109889280518054e+00 5.830951894845300743e+00 2.418677324489564739e+01 1.303840481040529831e+01 1.612451549659709826e+01 2.416609194718914466e+01 2.549509756796392423e+01 5.656854249492380582e+00 2.236067977499789805e+01 5.830951894845300743e+00 1.303840481040529831e+01 4.472135954999579610e+00 1.581138830084189628e+01 1.140175425099137918e+01 1.503329637837290811e+01 0.000000000000000000e+00 2.451530134426252516e+01 2.906888370749726747e+01 1.029563014098700080e+01 1.513274595042155646e+01 1.923538406167134340e+01 2.009975124224177989e+01 6.324555320336759046e+00 2.549509756796392423e+01 1.969771560359220786e+01
9.848857801796103928e+00 3.275667870831839679e+01 1.726267650163206824e+01 2.100000000000000000e+01 7.615773105863908654e+00 1.802775637731994607e+01 1.835755975068581947e+01 2.202271554554523902e+01 6.082762530298219339e+00 2.941088233970548416e+01 2.236067977499789805e+00 2.061552812808830382e+01 1.769180601295413169e+01 2.886173937932362321e+01 1.700000000000000000e+01 1.315294643796590535e+01 3.201562118716424266e+01 2.451530134426252516e+01 0.000000000000000000e+00 3.538361202590826338e+01 1.941648783894759944e+01 1.140175425099137918e+01 3.041381265149109936e+01 8.062257748298549132e+00 2.202271554554523902e+01 1.004987562112088995e+01 6.708203932499369415e+00
3.354101966249684352e+01 4.104875150354758517e+01 2.846049894151541437e+01 2.451530134426252516e+01 2.860069929215018192e+01 2.012461179749810825e+01 1.802775637731994607e+01 1.389244398944980396e+01 3.080584360149872580e+01 3.306055050963308162e+01 3.465544690232691494e+01 3.275667870831839679e+01 3.827531841800927737e+01 3.106444913401813324e+01 1.941648783894759944e+01 2.906888370749726747e+01 4.401136216933077350e+01 2.906888370749726747e+01 3.538361202590826338e+01 0.000000000000000000e+00 2.118962010041709121e+01 3.535533905932737753e+01 1.004987562112088995e+01 3.801315561749642313e+01 2.334523505985750447e+01 4.341658669218482203e+01 2.900000000000000000e+01
2.353720459187963954e+01 2.284731931759172596e+01 7.280109889280518054e+00 4.472135954999579610e+00 1.627882059609970611e+01 2.828427124746190291e+00 5.830951894845300743e+00 1.392838827718411920e+01 1.811077027627483460e+01 1.581138830084189628e+01 1.772004514666934938e+01 1.200000000000000000e+01 1.708800749063506075e+01 1.421267040355189515e+01 5.656854249492380582e+00 8.485281374238569541e+00 2.473863375370596174e+01 1.029563014098700080e+01 1.941648783894759944e+01 2.118962010041709121e+01 0.000000000000000000e+00 1.486606874731850603e+01 1.280624847486569706e+01 1.860107523773827509e+01 4.242640687119284770e+00 2.441311123146740414e+01 1.303840481040529831e+01
2.061552812808830382e+01 2.147091055358388800e+01 8.944271909999159220e+00 1.389244398944980396e+01 1.523154621172781731e+01 1.526433752247374720e+01 1.746424919657297892e+01 2.451530134426252516e+01 1.526433752247374720e+01 1.910497317454279909e+01 9.219544457292887074e+00 1.004987562112088995e+01 6.403124237432848531e+00 1.900000000000000000e+01 1.615549442140351033e+01 6.403124237432848531e+00 2.061552812808830382e+01 1.513274595042155646e+01 1.140175425099137918e+01 3.535533905932737753e+01 1.486606874731850603e+01 0.000000000000000000e+00 2.765863337187866122e+01 5.000000000000000000e+00 1.526433752247374720e+01 1.044030650891055068e+01 1.044030650891055068e+01
3.140063693621516450e+01 3.101612483854164637e+01 1.972308292331602075e+01 1.523154621172781731e+01 2.500000000000000000e+01 1.280624847486569706e+01 1.208304597359457233e+01 1.334166406412633421e+01 2.720294101747088789e+01 2.302172886644267535e+01 2.915475947422650194e+01 2.340939982143925135e+01 2.952964612046680060e+01 2.102379604162863913e+01 1.341640786499873883e+01 2.126029162546929996e+01 3.405877273185280529e+01 1.923538406167134340e+01 3.041381265149109936e+01 1.004987562112088995e+01 1.280624847486569706e+01 2.765863337187866122e+01 0.000000000000000000e+00 3.114482300479487265e+01 1.392838827718411920e+01 3.687817782917154830e+01 2.370653918225939449e+01
1.788854381999831844e+01 2.600000000000000000e+01 1.360147050873544394e+01 1.838477631085023489e+01 1.403566884761819900e+01 1.838477631085023489e+01 2.000000000000000000e+01 2.600000000000000000e+01 1.334166406412633421e+01 2.408318915758459156e+01 6.324555320336759046e+00 1.503329637837290811e+01 1.029563014098700080e+01 2.400000000000000000e+01 1.860107523773827509e+01 1.029563014098700080e+01 2.469817807045693669e+01 2.009975124224177989e+01 8.062257748298549132e+00 3.801315561749642313e+01 1.860107523773827509e+01 5.000000000000000000e+00 3.114482300479487265e+01 0.000000000000000000e+00 1.969771560359220786e+01 5.830951894845300743e+00 1.019803902718556898e+01
2.720294101747088789e+01 1.897366596101027625e+01 6.403124237432848531e+00 1.414213562373095145e+00 1.992485884517127559e+01 7.071067811865475505e+00 1.000000000000000000e+01 1.788854381999831844e+01 2.158703314492290204e+01 1.166190378969060149e+01 2.009975124224177989e+01 9.486832980505138124e+00 1.581138830084189628e+01 1.000000000000000000e+01 9.899494936611665352e+00 9.486832980505138124e+00 2.121320343559642652e+01 6.324555320336759046e+00 2.202271554554523902e+01 2.334523505985750447e+01 4.242640687119284770e+00 1.526433752247374720e+01 1.392838827718411920e+01 1.969771560359220786e+01 0.000000000000000000e+00 2.549509756796392423e+01 1.612451549659709826e+01
1.923538406167134340e+01 2.983286778035259701e+01 1.931320791582796659e+01 2.416609194718914466e+01 1.746424919657297892e+01 2.408318915758459156e+01 2.549509756796392423e+01 3.088689042296100240e+01 1.612451549659709826e+01 2.901723625709381693e+01 9.486832980505138124e+00 2.009975124224177989e+01 1.414213562373095101e+01 2.915475947422650194e+01 2.408318915758459156e+01 1.612451549659709826e+01 2.785677655436823841e+01 2.549509756796392423e+01 1.004987562112088995e+01 4.341658669218482203e+01 2.441311123146740414e+01 1.044030650891055068e+01 3.687817782917154830e+01 5.830951894845300743e+00 2.549509756796392423e+01 0.000000000000000000e+00 1.476482306023340030e+01
1.166190378969060149e+01 2.973213749463701205e+01 1.252996408614166768e+01 1.529705854077835525e+01 5.000000000000000000e+00 1.140175425099137918e+01 1.166190378969060149e+01 1.612451549659709826e+01 5.830951894845300743e+00 2.505992817228333536e+01 5.656854249492380582e+00 1.702938636592640265e+01 1.655294535724684835e+01 2.416609194718914466e+01 1.029563014098700080e+01 8.602325267042626677e+00 2.983286778035259701e+01 1.969771560359220786e+01 6.708203932499369415e+00 2.900000000000000000e+01 1.303840481040529831e+01 1.044030650891055068e+01 2.370653918225939449e+01 1.019803902718556898e+01 1.612451549659709826e+01 1.476482306023340030e+01 0.000000000000000000e+00
