0.000000000000000000e+00 2.607680962081059661e+01 1.303840481040529831e+01 1.780449381476485726e+01 1.476482306023340030e+01 1.523154621172781731e+01 4.242640687119284770e+00 5.830951894845300743e+00 3.047950130825634218e+01 2.701851217221259205e+01 5.099019513592784492e+00 2.012461179749810825e+01 1.104536101718726115e+01 7.211102550927978250e+00 6.082762530298219339e+00 8.544003745317530374e+00 1.044030650891055068e+01 9.433981132056603158e+00 1.612451549659709826e+01 6.082762530298219339e+00 2.282542442102665348e+01 1.992485884517127559e+01 1.664331697709323876e+01 2.039607805437113797e+01
2.607680962081059661e+01 0.000000000000000000e+00 2.915475947422650194e+01 3.300000000000000000e+01 1.503329637837290811e+01 1.600000000000000000e+01 2.731300056749532601e+01 2.657066051117284644e+01 6.082762530298219339e+00 3.162277660168379523e+00 2.996664812754339380e+01 1.360147050873544394e+01 3.546829570193639825e+01 2.690724809414741969e+01 2.247220505424423109e+01 3.195309061734091571e+01 3.623534186398687496e+01 2.765863337187866122e+01 1.708800749063506075e+01 3.047950130825634218e+01 1.252996408614166768e+01 2.844292530665578411e+01 1.300000000000000000e+01 2.668332812825266842e+01
1.303840481040529831e+01 2.915475947422650194e+01 0.000000000000000000e+00 5.000000000000000000e+00 1.414213562373095101e+01 1.334166406412633421e+01 8.944271909999159220e+00 7.211102550927978250e+00 3.132091952673165025e+01 2.863564212655270680e+01 1.019803902718556898e+01 1.746424919657297892e+01 1.077032961426900748e+01 2.024845673131658685e+01 9.433981132056603158e+00 8.062257748298549132e+00 1.431782106327635340e+01 3.605551275463989125e+00 2.641968962724581260e+01 1.802775637731994607e+01 2.012461179749810825e+01 8.062257748298549132e+00 1.627882059609970611e+01 9.486832980505138124e+00
1.780449381476485726e+01 3.300000000000000000e+01 5.000000000000000000e+00 0.000000000000000000e+00 1.802775637731994607e+01 1.700000000000000000e+01 1.360147050873544394e+01 1.204159457879229578e+01 3.452535300326413648e+01 3.214031735997639316e+01 1.431782106327635340e+01 2.039607805437113797e+01 1.300000000000000000e+01 2.500000000000000000e+01 1.442220510185595650e+01 1.140175425099137918e+01 1.702938636592640265e+01 8.485281374238569541e+00 3.138470965295043058e+01 2.236067977499789805e+01 2.280350850198275836e+01 7.071067811865475505e+00 2.000000000000000000e+01 9.219544457292887074e+00
1.476482306023340030e+01 1.503329637837290811e+01 1.414213562373095101e+01 1.802775637731994607e+01 0.000000000000000000e+00 1.414213562373095145e+00 1.414213562373095101e+01 1.280624847486569706e+01 1.746424919657297892e+01 1.456021977856103611e+01 1.697056274847713908e+01 5.385164807134503739e+00 2.163330765278393741e+01 1.923538406167134340e+01 9.219544457292887074e+00 1.802775637731994607e+01 2.334523505985750447e+01 1.300000000000000000e+01 1.749285568453590045e+01 2.061552812808830382e+01 8.062257748298549132e+00 1.431782106327635340e+01 2.236067977499789805e+00 1.303840481040529831e+01
1.523154621172781731e+01 1.600000000000000000e+01 1.334166406412633421e+01 1.700000000000000000e+01 1.414213562373095145e+00 0.000000000000000000e+00 1.421267040355189515e+01 1.272792206135785520e+01 1.802775637731994607e+01 1.529705854077835525e+01 1.702938636592640265e+01 5.000000000000000000e+00 2.140093455903269515e+01 2.009975124224177989e+01 9.433981132056603158e+00 1.780449381476485726e+01 2.334523505985750447e+01 1.252996408614166768e+01 1.886796226411320632e+01 2.118962010041709121e+01 7.810249675906653977e+00 1.300000000000000000e+01 3.000000000000000000e+00 1.166190378969060149e+01
4.242640687119284770e+00 2.731300056749532601e+01 8.944271909999159220e+00 1.360147050873544394e+01 1.414213562373095101e+01 1.421267040355189515e+01 0.000000000000000000e+00 2.000000000000000000e+00 3.106444913401813324e+01 2.778488797889960793e+01 2.828427124746190291e+00 1.920937271229854559e+01 8.246211251235321171e+00 1.140175425099137918e+01 5.000000000000000000e+00 5.000000000000000000e+00 9.219544457292887074e+00 5.385164807134503739e+00 1.964688270438849926e+01 9.219544457292887074e+00 2.202271554554523902e+01 1.627882059609970611e+01 1.627882059609970611e+01 1.702938636592640265e+01
5.830951894845300743e+00 2.657066051117284644e+01 7.211102550927978250e+00 1.204159457879229578e+01 1.280624847486569706e+01 1.272792206135785520e+01 2.000000000000000000e+00 0.000000000000000000e+00 3.001666203960726875e+01 2.683281572999747766e+01 4.472135954999579610e+00 1.769180601295413169e+01 8.944271909999159220e+00 1.303840481040529831e+01 4.123105625617660586e+00 5.385164807134503739e+00 1.063014581273464998e+01 3.605551275463989125e+00 2.024845673131658685e+01 1.118033988749894903e+01 2.051828452868319275e+01 1.431782106327635340e+01 1.500000000000000000e+01 1.503329637837290811e+01
3.047950130825634218e+01 6.082762530298219339e+00 3.132091952673165025e+01 3.452535300326413648e+01 1.746424919657297892e+01 1.802775637731994607e+01 3.106444913401813324e+01 3.001666203960726875e+01 0.000000000000000000e+00 3.605551275463989125e+00 3.383784863137726262e+01 1.414213562373095101e+01 3.894868418830089496e+01 3.220248437620923454e+01 2.607680962081059661e+01 3.535533905932737753e+01 4.022437072223753063e+01 3.046309242345563462e+01 2.308679276123039159e+01 3.538361202590826338e+01 1.200000000000000000e+01 2.901723625709381693e+01 1.523154621172781731e+01 2.700000000000000000e+01
2.701851217221259205e+01 3.162277660168379523e+00 2.863564212655270680e+01 3.214031735997639316e+01 1.456021977856103611e+01 1.529705854077835525e+01 2.778488797889960793e+01 2.683281572999747766e+01 3.605551275463989125e+00 0.000000000000000000e+00 3.052867504494749440e+01 1.204159457879229578e+01 3.577708763999663688e+01 2.860069929215018192e+01 2.282542442102665348e+01 3.220248437620923454e+01 3.689173349139343117e+01 2.751363298439520833e+01 1.964688270438849926e+01 3.182766092567909766e+01 1.044030650891055068e+01 2.707397274136176790e+01 1.236931687685298087e+01 2.517935662402834396e+01
5.099019513592784492e+00 2.996664812754339380e+01 1.019803902718556898e+01 1.431782106327635340e+01 1.697056274847713908e+01 1.702938636592640265e+01 2.828427124746190291e+00 4.472135954999579610e+00 3.383784863137726262e+01 3.052867504494749440e+01 0.000000000000000000e+00 2.202271554554523902e+01 6.000000000000000000e+00 1.140175425099137918e+01 7.810249675906653977e+00 3.605551275463989125e+00 6.403124237432848531e+00 7.000000000000000000e+00 2.121320343559642652e+01 8.062257748298549132e+00 2.483948469674844262e+01 1.802775637731994607e+01 1.910497317454279909e+01 1.902629759044044633e+01
2.012461179749810825e+01 1.360147050873544394e+01 1.746424919657297892e+01 2.039607805437113797e+01 5.385164807134503739e+00 5.000000000000000000e+00 1.920937271229854559e+01 1.769180601295413169e+01 1.414213562373095101e+01 1.204159457879229578e+01 2.202271554554523902e+01 0.000000000000000000e+00 2.624880949681337583e+01 2.451530134426252516e+01 1.442220510185595650e+01 2.267156809750926882e+01 2.831960451701259274e+01 1.720465053408525335e+01 2.118962010041709121e+01 2.600000000000000000e+01 2.828427124746190291e+00 1.503329637837290811e+01 4.000000000000000000e+00 1.315294643796590535e+01
1.104536101718726115e+01 3.546829570193639825e+01 1.077032961426900748e+01 1.300000000000000000e+01 2.163330765278393741e+01 2.140093455903269515e+01 8.246211251235321171e+00 8.944271909999159220e+00 3.894868418830089496e+01 3.577708763999663688e+01 6.000000000000000000e+00 2.624880949681337583e+01 0.000000000000000000e+00 1.655294535724684835e+01 1.300000000000000000e+01 3.605551275463989125e+00 4.123105625617660586e+00 9.219544457292887074e+00 2.716615541441224835e+01 1.220655561573370207e+01 2.906888370749726747e+01 1.868154169226940553e+01 2.385372088375312671e+01 2.024845673131658685e+01
7.211102550927978250e+00 2.690724809414741969e+01 2.024845673131658685e+01 2.500000000000000000e+01 1.923538406167134340e+01 2.009975124224177989e+01 1.140175425099137918e+01 1.303840481040529831e+01 3.220248437620923454e+01 2.860069929215018192e+01 1.140175425099137918e+01 2.451530134426252516e+01 1.655294535724684835e+01 0.000000000000000000e+00 1.236931687685298087e+01 1.500000000000000000e+01 1.431782106327635340e+01 1.664331697709323876e+01 1.264911064067351809e+01 5.000000000000000000e+00 2.692582403567251959e+01 2.692582403567251959e+01 2.061552812808830382e+01 2.720294101747088789e+01
6.082762530298219339e+00 2.247220505424423109e+01 9.433981132056603158e+00 1.442220510185595650e+01 9.219544457292887074e+00 9.433981132056603158e+00 5.000000000000000000e+00 4.123105625617660586e+00 2.607680962081059661e+01 2.282542442102665348e+01 7.810249675906653977e+00 1.442220510185595650e+01 1.300000000000000000e+01 1.236931687685298087e+01 0.000000000000000000e+00 9.486832980505138124e+00 1.421267040355189515e+01 6.324555320336759046e+00 1.700000000000000000e+01 1.216552506059643868e+01 1.720465053408525335e+01 1.476482306023340030e+01 1.131370849898476116e+01 1.486606874731850603e+01
8.544003745317530374e+00 3.195309061734091571e+01 8.062257748298549132e+00 1.140175425099137918e+01 1.802775637731994607e+01 1.780449381476485726e+01 5.000000000000000000e+00 5.385164807134503739e+00 3.535533905932737753e+01 3.220248437620923454e+01 3.605551275463989125e+00 2.267156809750926882e+01 3.605551275463989125e+00 1.500000000000000000e+01 9.486832980505138124e+00 0.000000000000000000e+00 6.324555320336759046e+00 5.830951894845300743e+00 2.451530134426252516e+01 1.140175425099137918e+01 2.549509756796392423e+01 1.612451549659709826e+01 2.024845673131658685e+01 1.746424919657297892e+01
1.044030650891055068e+01 3.623534186398687496e+01 1.431782106327635340e+01 1.702938636592640265e+01 2.334523505985750447e+01 2.334523505985750447e+01 9.219544457292887074e+00 1.063014581273464998e+01 4.022437072223753063e+01 3.689173349139343117e+01 6.403124237432848531e+00 2.831960451701259274e+01 4.123105625617660586e+00 1.431782106327635340e+01 1.421267040355189515e+01 6.324555320336759046e+00 0.000000000000000000e+00 1.208304597359457233e+01 2.601922366251537611e+01 9.486832980505138124e+00 3.114482300479487265e+01 2.236067977499789805e+01 2.549509756796392423e+01 2.376972864800942631e+01
9.433981132056603158e+00 2.765863337187866122e+01 3.605551275463989125e+00 8.485281374238569541e+00 1.300000000000000000e+01 1.252996408614166768e+01 5.385164807134503739e+00 3.605551275463989125e+00 3.046309242345563462e+01 2.751363298439520833e+01 7.000000000000000000e+00 1.720465053408525335e+01 9.219544457292887074e+00 1.664331697709323876e+01 6.324555320336759046e+00 5.830951894845300743e+00 1.208304597359457233e+01 0.000000000000000000e+00 2.325940669922601600e+01 1.456021977856103611e+01 2.000000000000000000e+01 1.104536101718726115e+01 1.523154621172781731e+01 1.204159457879229578e+01
1.612451549659709826e+01 1.708800749063506075e+01 2.641968962724581260e+01 3.138470965295043058e+01 1.749285568453590045e+01 1.886796226411320632e+01 1.964688270438849926e+01 2.024845673131658685e+01 2.308679276123039159e+01 1.964688270438849926e+01 2.121320343559642652e+01 2.118962010041709121e+01 2.716615541441224835e+01 1.264911064067351809e+01 1.700000000000000000e+01 2.451530134426252516e+01 2.601922366251537611e+01 2.325940669922601600e+01 0.000000000000000000e+00 1.746424919657297892e+01 2.256102834535695578e+01 3.041381265149109936e+01 1.746424919657297892e+01 2.973213749463701205e+01
6.082762530298219339e+00 3.047950130825634218e+01 1.802775637731994607e+01 2.236067977499789805e+01 2.061552812808830382e+01 2.118962010041709121e+01 9.219544457292887074e+00 1.118033988749894903e+01 3.538361202590826338e+01 3.182766092567909766e+01 8.062257748298549132e+00 2.600000000000000000e+01 1.220655561573370207e+01 5.000000000000000000e+00 1.216552506059643868e+01 1.140175425099137918e+01 9.486832980505138124e+00 1.456021977856103611e+01 1.746424919657297892e+01 0.000000000000000000e+00 2.863564212655270680e+01 2.549509756796392423e+01 2.236067977499789805e+01 2.617250465660480074e+01
2.282542442102665348e+01 1.252996408614166768e+01 2.012461179749810825e+01 2.280350850198275836e+01 8.062257748298549132e+00 7.810249675906653977e+00 2.202271554554523902e+01 2.051828452868319275e+01 1.200000000000000000e+01 1.044030650891055068e+01 2.483948469674844262e+01 2.828427124746190291e+00 2.906888370749726747e+01 2.692582403567251959e+01 1.720465053408525335e+01 2.549509756796392423e+01 3.114482300479487265e+01 2.000000000000000000e+01 2.256102834535695578e+01 2.863564212655270680e+01 0.000000000000000000e+00 1.702938636592640265e+01 6.324555320336759046e+00 1.500000000000000000e+01
1.992485884517127559e+01 2.844292530665578411e+01 8.062257748298549132e+00 7.071067811865475505e+00 1.431782106327635340e+01 1.300000000000000000e+01 1.627882059609970611e+01 1.431782106327635340e+01 2.901723625709381693e+01 2.707397274136176790e+01 1.802775637731994607e+01 1.503329637837290811e+01 1.868154169226940553e+01 2.692582403567251959e+01 1.476482306023340030e+01 1.612451549659709826e+01 2.236067977499789805e+01 1.104536101718726115e+01 3.041381265149109936e+01 2.549509756796392423e+01 1.702938636592640265e+01 0.000000000000000000e+00 1.581138830084189628e+01 2.236067977499789805e+00
1.664331697709323876e+01 1.300000000000000000e+01 1.627882059609970611e+01 2.000000000000000000e+01 2.236067977499789805e+00 3.000000000000000000e+00 1.627882059609970611e+01 1.500000000000000000e+01 1.523154621172781731e+01 1.236931687685298087e+01 1.910497317454279909e+01 4.000000000000000000e+00 2.385372088375312671e+01 2.061552812808830382e+01 1.131370849898476116e+01 2.024845673131658685e+01 2.549509756796392423e+01 1.523154621172781731e+01 1.746424919657297892e+01 2.236067977499789805e+01 6.324555320336759046e+00 1.581138830084189628e+01 0.000000000000000000e+00 1.431782106327635340e+01
2.039607805437113797e+01 2.668332812825266842e+01 9.486832980505138124e+00 9.219544457292887074e+00 1.303840481040529831e+01 1.166190378969060149e+01 1.702938636592640265e+01 1.503329637837290811e+01 2.700000000000000000e+01 2.517935662402834396e+01 1.902629759044044633e+01 1.315294643796590535e+01 2.024845673131658685e+01 2.720294101747088789e+01 1.486606874731850603e+01 1.746424919657297892e+01 2.376972864800942631e+01 1.204159457879229578e+01 2.973213749463701205e+01 2.617250465660480074e+01 1.500000000000000000e+01 2.236067977499789805e+00 1.431782106327635340e+01 0.000000000000000000e+00
