0.000000000000000000e+00 2.158703314492290204e+01 4.123105625617660586e+00 2.842534080710379030e+01 3.008321791298264714e+01 3.689173349139343117e+01 1.431782106327635340e+01 1.166190378969060149e+01 1.910497317454279909e+01 2.596150997149434048e+01 2.376972864800942631e+01 8.602325267042626677e+00 1.360147050873544394e+01 2.147091055358388800e+01 5.830951894845300743e+00 2.459674775249768786e+01 3.088689042296100240e+01 9.055385138137417300e+00 3.858756276314947797e+01 2.807133769523639799e+01 1.868154169226940553e+01 3.214031735997639316e+01 1.581138830084189628e+01 8.544003745317530374e+00 2.640075756488817049e+01 3.041381265149109936e+01 1.676305461424021104e+01
2.158703314492290204e+01 0.000000000000000000e+00 2.376972864800942631e+01 2.716615541441224835e+01 1.746424919657297892e+01 2.692582403567251959e+01 7.280109889280518054e+00 2.121320343559642652e+01 2.061552812808830382e+01 1.264911064067351809e+01 4.123105625617660586e+00 1.720465053408525335e+01 1.204159457879229578e+01 1.513274595042155646e+01 1.800000000000000000e+01 6.082762530298219339e+00 2.088061301782110135e+01 1.341640786499873883e+01 2.773084924772409465e+01 9.899494936611665352e+00 2.801785145224380003e+01 1.360147050873544394e+01 3.280243893371345365e+01 2.220360331117451835e+01 6.708203932499369415e+00 1.345362404707370985e+01 5.000000000000000000e+00
4.123105625617660586e+00 2.376972864800942631e+01 0.000000000000000000e+00 2.617250465660480074e+01 2.983286778035259701e+01 3.577708763999663688e+01 1.655294535724684835e+01 9.219544457292887074e+00 1.720465053408525335e+01 2.617250465660480074e+01 2.641968962724581260e+01 8.062257748298549132e+00 1.400000000000000000e+01 2.088061301782110135e+01 9.848857801796103928e+00 2.745906043549196340e+01 3.008321791298264714e+01 1.044030650891055068e+01 3.757658845611187104e+01 2.906888370749726747e+01 1.523154621172781731e+01 3.301514803843835466e+01 1.170469991071962568e+01 5.656854249492380582e+00 2.915475947422650194e+01 3.101612483854164637e+01 1.923538406167134340e+01
2.842534080710379030e+01 2.716615541441224835e+01 2.617250465660480074e+01 0.000000000000000000e+00 1.486606874731850603e+01 1.315294643796590535e+01 2.531797780234432693e+01 1.697056274847713908e+01 9.433981132056603158e+00 1.655294535724684835e+01 3.125699921617556853e+01 2.024845673131658685e+01 1.868154169226940553e+01 1.204159457879229578e+01 3.088689042296100240e+01 3.324154027718932269e+01 1.140175425099137918e+01 2.284731931759172596e+01 1.513274595042155646e+01 2.236067977499789805e+01 1.360147050873544394e+01 2.360084744241189370e+01 2.404163056034261459e+01 2.051828452868319275e+01 3.354101966249684352e+01 2.080865204668481283e+01 2.707397274136176790e+01
3.008321791298264714e+01 1.746424919657297892e+01 2.983286778035259701e+01 1.486606874731850603e+01 0.000000000000000000e+00 9.486832980505138124e+00 1.979898987322333070e+01 2.202271554554523902e+01 1.529705854077835525e+01 5.000000000000000000e+00 2.088061301782110135e+01 2.184032966784155505e+01 1.655294535724684835e+01 9.055385138137417300e+00 2.968164415931165934e+01 2.280350850198275836e+01 4.123105625617660586e+00 2.147091055358388800e+01 1.029563014098700080e+01 9.000000000000000000e+00 2.404163056034261459e+01 8.944271909999159220e+00 3.324154027718932269e+01 2.517935662402834396e+01 2.236067977499789805e+01 6.324555320336759046e+00 2.000000000000000000e+01
3.689173349139343117e+01 2.692582403567251959e+01 3.577708763999663688e+01 1.315294643796590535e+01 9.486832980505138124e+00 0.000000000000000000e+00 2.860069929215018192e+01 2.692582403567251959e+01 1.897366596101027625e+01 1.431782106327635340e+01 3.036445290137795183e+01 2.830194339616981125e+01 2.408318915758459156e+01 1.562049935181330795e+01 3.753664875824691904e+01 3.228002478313794654e+01 6.403124237432848531e+00 2.906888370749726747e+01 2.000000000000000000e+00 1.824828759089465890e+01 2.607680962081059661e+01 1.702938636592640265e+01 3.634556369077249371e+01 3.046309242345563462e+01 3.178049716414140846e+01 1.503329637837290811e+01 2.915475947422650194e+01
1.431782106327635340e+01 7.280109889280518054e+00 1.655294535724684835e+01 2.531797780234432693e+01 1.979898987322333070e+01 2.860069929215018192e+01 0.000000000000000000e+00 1.526433752247374720e+01 1.702938636592640265e+01 1.486606874731850603e+01 1.000000000000000000e+01 1.063014581273464998e+01 7.071067811865475505e+00 1.392838827718411920e+01 1.118033988749894903e+01 1.131370849898476116e+01 2.220360331117451835e+01 6.403124237432848531e+00 2.983286778035259701e+01 1.486606874731850603e+01 2.284731931759172596e+01 1.897366596101027625e+01 2.617250465660480074e+01 1.555634918610404505e+01 1.280624847486569706e+01 1.788854381999831844e+01 2.828427124746190291e+00
1.166190378969060149e+01 2.121320343559642652e+01 9.219544457292887074e+00 1.697056274847713908e+01 2.202271554554523902e+01 2.692582403567251959e+01 1.526433752247374720e+01 0.000000000000000000e+00 8.062257748298549132e+00 1.923538406167134340e+01 2.483948469674844262e+01 5.099019513592784492e+00 9.219544457292887074e+00 1.300000000000000000e+01 1.529705854077835525e+01 2.640075756488817049e+01 2.158703314492290204e+01 9.486832980505138124e+00 2.879236009777593708e+01 2.340939982143925135e+01 8.062257748298549132e+00 2.692582403567251959e+01 1.208304597359457233e+01 3.605551275463989125e+00 2.765863337187866122e+01 2.451530134426252516e+01 1.802775637731994607e+01
1.910497317454279909e+01 2.061552812808830382e+01 1.720465053408525335e+01 9.433981132056603158e+00 1.529705854077835525e+01 1.897366596101027625e+01 1.702938636592640265e+01 8.062257748298549132e+00 0.000000000000000000e+00 1.389244398944980396e+01 2.469817807045693669e+01 1.081665382639196871e+01 1.000000000000000000e+01 7.211102550927978250e+00 2.147091055358388800e+01 2.657066051117284644e+01 1.403566884761819900e+01 1.360147050873544394e+01 2.088061301782110135e+01 1.920937271229854559e+01 8.944271909999159220e+00 2.195449840010014952e+01 1.802775637731994607e+01 1.166190378969060149e+01 2.731300056749532601e+01 1.923538406167134340e+01 1.923538406167134340e+01
2.596150997149434048e+01 1.264911064067351809e+01 2.617250465660480074e+01 1.655294535724684835e+01 5.000000000000000000e+00 1.431782106327635340e+01 1.486606874731850603e+01 1.923538406167134340e+01 1.389244398944980396e+01 0.000000000000000000e+00 1.627882059609970611e+01 1.811077027627483460e+01 1.236931687685298087e+01 6.708203932499369415e+00 2.505992817228333536e+01 1.824828759089465890e+01 8.246211251235321171e+00 1.708800749063506075e+01 1.526433752247374720e+01 5.830951894845300743e+00 2.282542442102665348e+01 8.062257748298549132e+00 3.104834939252004844e+01 2.202271554554523902e+01 1.802775637731994607e+01 5.385164807134503739e+00 1.500000000000000000e+01
2.376972864800942631e+01 4.123105625617660586e+00 2.641968962724581260e+01 3.125699921617556853e+01 2.088061301782110135e+01 3.036445290137795183e+01 1.000000000000000000e+01 2.483948469674844262e+01 2.469817807045693669e+01 1.627882059609970611e+01 0.000000000000000000e+00 2.051828452868319275e+01 1.581138830084189628e+01 1.923538406167134340e+01 1.941648783894759944e+01 2.000000000000000000e+00 2.451530134426252516e+01 1.640121946685672683e+01 3.101612483854164637e+01 1.252996408614166768e+01 3.190611226708763226e+01 1.562049935181330795e+01 3.612478373637688378e+01 2.549509756796392423e+01 2.828427124746190291e+00 1.612451549659709826e+01 7.211102550927978250e+00
8.602325267042626677e+00 1.720465053408525335e+01 8.062257748298549132e+00 2.024845673131658685e+01 2.184032966784155505e+01 2.830194339616981125e+01 1.063014581273464998e+01 5.099019513592784492e+00 1.081665382639196871e+01 1.811077027627483460e+01 2.051828452868319275e+01 0.000000000000000000e+00 6.082762530298219339e+00 1.300000000000000000e+01 1.077032961426900748e+01 2.193171219946130890e+01 2.236067977499789805e+01 4.472135954999579610e+00 3.001666203960726875e+01 2.121320343559642652e+01 1.315294643796590535e+01 2.507987240796890660e+01 1.562049935181330795e+01 5.000000000000000000e+00 2.334523505985750447e+01 2.300000000000000000e+01 1.345362404707370985e+01
1.360147050873544394e+01 1.204159457879229578e+01 1.400000000000000000e+01 1.868154169226940553e+01 1.655294535724684835e+01 2.408318915758459156e+01 7.071067811865475505e+00 9.219544457292887074e+00 1.000000000000000000e+01 1.236931687685298087e+01 1.581138830084189628e+01 6.082762530298219339e+00 0.000000000000000000e+00 8.485281374238569541e+00 1.345362404707370985e+01 1.749285568453590045e+01 1.780449381476485726e+01 5.000000000000000000e+00 2.561249694973139412e+01 1.513274595042155646e+01 1.612451549659709826e+01 1.902629759044044633e+01 2.109502310972898798e+01 1.077032961426900748e+01 1.860107523773827509e+01 1.702938636592640265e+01 9.486832980505138124e+00
2.147091055358388800e+01 1.513274595042155646e+01 2.088061301782110135e+01 1.204159457879229578e+01 9.055385138137417300e+00 1.562049935181330795e+01 1.392838827718411920e+01 1.300000000000000000e+01 7.211102550927978250e+00 6.708203932499369415e+00 1.923538406167134340e+01 1.300000000000000000e+01 8.485281374238569541e+00 0.000000000000000000e+00 2.193171219946130890e+01 2.121320343559642652e+01 9.433981132056603158e+00 1.345362404707370985e+01 1.720465053408525335e+01 1.204159457879229578e+01 1.612451549659709826e+01 1.476482306023340030e+01 2.451530134426252516e+01 1.612451549659709826e+01 2.158703314492290204e+01 1.208304597359457233e+01 1.529705854077835525e+01
5.830951894845300743e+00 1.800000000000000000e+01 9.848857801796103928e+00 3.088689042296100240e+01 2.968164415931165934e+01 3.753664875824691904e+01 1.118033988749894903e+01 1.529705854077835525e+01 2.147091055358388800e+01 2.505992817228333536e+01 1.941648783894759944e+01 1.077032961426900748e+01 1.345362404707370985e+01 2.193171219946130890e+01 0.000000000000000000e+00 1.992485884517127559e+01 3.124099870362661591e+01 8.485281374238569541e+00 3.905124837953326988e+01 2.596150997149434048e+01 2.308679276123039159e+01 3.008321791298264714e+01 2.154065922853801496e+01 1.300000000000000000e+01 2.184032966784155505e+01 2.879236009777593708e+01 1.300000000000000000e+01
2.459674775249768786e+01 6.082762530298219339e+00 2.745906043549196340e+01 3.324154027718932269e+01 2.280350850198275836e+01 3.228002478313794654e+01 1.131370849898476116e+01 2.640075756488817049e+01 2.657066051117284644e+01 1.824828759089465890e+01 2.000000000000000000e+00 2.193171219946130890e+01 1.749285568453590045e+01 2.121320343559642652e+01 1.992485884517127559e+01 0.000000000000000000e+00 2.647640458974745314e+01 1.769180601295413169e+01 3.289376840679705083e+01 1.431782106327635340e+01 3.361547262794321966e+01 1.720465053408525335e+01 3.748332962798262713e+01 2.687005768508880621e+01 2.000000000000000000e+00 1.788854381999831844e+01 8.485281374238569541e+00
3.088689042296100240e+01 2.088061301782110135e+01 3.008321791298264714e+01 1.140175425099137918e+01 4.123105625617660586e+00 6.403124237432848531e+00 2.220360331117451835e+01 2.158703314492290204e+01 1.403566884761819900e+01 8.246211251235321171e+00 2.451530134426252516e+01 2.236067977499789805e+01 1.780449381476485726e+01 9.433981132056603158e+00 3.124099870362661591e+01 2.647640458974745314e+01 0.000000000000000000e+00 2.280350850198275836e+01 7.810249675906653977e+00 1.303840481040529831e+01 2.220360331117451835e+01 1.300000000000000000e+01 3.200000000000000000e+01 2.500000000000000000e+01 2.617250465660480074e+01 1.044030650891055068e+01 2.282542442102665348e+01
9.055385138137417300e+00 1.341640786499873883e+01 1.044030650891055068e+01 2.284731931759172596e+01 2.147091055358388800e+01 2.906888370749726747e+01 6.403124237432848531e+00 9.486832980505138124e+00 1.360147050873544394e+01 1.708800749063506075e+01 1.640121946685672683e+01 4.472135954999579610e+00 5.000000000000000000e+00 1.345362404707370985e+01 8.485281374238569541e+00 1.769180601295413169e+01 2.280350850198275836e+01 0.000000000000000000e+00 3.061045573002793319e+01 1.902629759044044633e+01 1.746424919657297892e+01 2.308679276123039159e+01 1.979898987322333070e+01 9.219544457292887074e+00 1.920937271229854559e+01 2.137755832643194864e+01 9.219544457292887074e+00
3.858756276314947797e+01 2.773084924772409465e+01 3.757658845611187104e+01 1.513274595042155646e+01 1.029563014098700080e+01 2.000000000000000000e+00 2.983286778035259701e+01 2.879236009777593708e+01 2.088061301782110135e+01 1.526433752247374720e+01 3.101612483854164637e+01 3.001666203960726875e+01 2.561249694973139412e+01 1.720465053408525335e+01 3.905124837953326988e+01 3.289376840679705083e+01 7.810249675906653977e+00 3.061045573002793319e+01 0.000000000000000000e+00 1.868154169226940553e+01 2.807133769523639799e+01 1.702938636592640265e+01 3.832753579347360073e+01 3.231098884280702066e+01 3.228002478313794654e+01 1.529705854077835525e+01 3.023243291566194912e+01
2.807133769523639799e+01 9.899494936611665352e+00 2.906888370749726747e+01 2.236067977499789805e+01 9.000000000000000000e+00 1.824828759089465890e+01 1.486606874731850603e+01 2.340939982143925135e+01 1.920937271229854559e+01 5.830951894845300743e+00 1.252996408614166768e+01 2.121320343559642652e+01 1.513274595042155646e+01 1.204159457879229578e+01 2.596150997149434048e+01 1.431782106327635340e+01 1.303840481040529831e+01 1.902629759044044633e+01 1.868154169226940553e+01 0.000000000000000000e+00 2.801785145224380003e+01 4.123105625617660586e+00 3.546829570193639825e+01 2.570992026436488231e+01 1.360147050873544394e+01 3.605551275463989125e+00 1.389244398944980396e+01
1.868154169226940553e+01 2.801785145224380003e+01 1.523154621172781731e+01 1.360147050873544394e+01 2.404163056034261459e+01 2.607680962081059661e+01 2.284731931759172596e+01 8.062257748298549132e+00 8.944271909999159220e+00 2.282542442102665348e+01 3.190611226708763226e+01 1.315294643796590535e+01 1.612451549659709826e+01 1.612451549659709826e+01 2.308679276123039159e+01 3.361547262794321966e+01 2.220360331117451835e+01 1.746424919657297892e+01 2.807133769523639799e+01 2.801785145224380003e+01 0.000000000000000000e+00 3.088689042296100240e+01 1.044030650891055068e+01 1.019803902718556898e+01 3.466987164671942878e+01 2.817800560721074277e+01 2.549509756796392423e+01
3.214031735997639316e+01 1.360147050873544394e+01 3.301514803843835466e+01 2.360084744241189370e+01 8.944271909999159220e+00 1.702938636592640265e+01 1.897366596101027625e+01 2.692582403567251959e+01 2.195449840010014952e+01 8.062257748298549132e+00 1.562049935181330795e+01 2.507987240796890660e+01 1.902629759044044633e+01 1.476482306023340030e+01 3.008321791298264714e+01 1.720465053408525335e+01 1.300000000000000000e+01 2.308679276123039159e+01 1.702938636592640265e+01 4.123105625617660586e+00 3.088689042296100240e+01 0.000000000000000000e+00 3.889730067755344578e+01 2.942787793912432193e+01 1.612451549659709826e+01 2.828427124746190291e+00 1.788854381999831844e+01
1.581138830084189628e+01 3.280243893371345365e+01 1.170469991071962568e+01 2.404163056034261459e+01 3.324154027718932269e+01 3.634556369077249371e+01 2.617250465660480074e+01 1.208304597359457233e+01 1.802775637731994607e+01 3.104834939252004844e+01 3.612478373637688378e+01 1.562049935181330795e+01 2.109502310972898798e+01 2.451530134426252516e+01 2.154065922853801496e+01 3.748332962798262713e+01 3.200000000000000000e+01 1.979898987322333070e+01 3.832753579347360073e+01 3.546829570193639825e+01 1.044030650891055068e+01 3.889730067755344578e+01 0.000000000000000000e+00 1.063014581273464998e+01 3.894868418830089496e+01 3.640054944640259293e+01 2.900000000000000000e+01
8.544003745317530374e+00 2.220360331117451835e+01 5.656854249492380582e+00 2.051828452868319275e+01 2.517935662402834396e+01 3.046309242345563462e+01 1.555634918610404505e+01 3.605551275463989125e+00 1.166190378969060149e+01 2.202271554554523902e+01 2.549509756796392423e+01 5.000000000000000000e+00 1.077032961426900748e+01 1.612451549659709826e+01 1.300000000000000000e+01 2.687005768508880621e+01 2.500000000000000000e+01 9.219544457292887074e+00 3.231098884280702066e+01 2.570992026436488231e+01 1.019803902718556898e+01 2.942787793912432193e+01 1.063014581273464998e+01 0.000000000000000000e+00 2.831960451701259274e+01 2.716615541441224835e+01 1.838477631085023489e+01
2.640075756488817049e+01 6.708203932499369415e+00 2.915475947422650194e+01 3.354101966249684352e+01 2.236067977499789805e+01 3.178049716414140846e+01 1.280624847486569706e+01 2.765863337187866122e+01 2.731300056749532601e+01 1.802775637731994607e+01 2.828427124746190291e+00 2.334523505985750447e+01 1.860107523773827509e+01 2.158703314492290204e+01 2.184032966784155505e+01 2.000000000000000000e+00 2.617250465660480074e+01 1.920937271229854559e+01 3.228002478313794654e+01 1.360147050873544394e+01 3.466987164671942878e+01 1.612451549659709826e+01 3.894868418830089496e+01 2.831960451701259274e+01 0.000000000000000000e+00 1.708800749063506075e+01 1.000000000000000000e+01
3.041381265149109936e+01 1.345362404707370985e+01 3.101612483854164637e+01 2.080865204668481283e+01 6.324555320336759046e+00 1.503329637837290811e+01 1.788854381999831844e+01 2.451530134426252516e+01 1.923538406167134340e+01 5.385164807134503739e+00 1.612451549659709826e+01 2.300000000000000000e+01 1.702938636592640265e+01 1.208304597359457233e+01 2.879236009777593708e+01 1.788854381999831844e+01 1.044030650891055068e+01 2.137755832643194864e+01 1.529705854077835525e+01 3.605551275463989125e+00 2.817800560721074277e+01 2.828427124746190291e+00 3.640054944640259293e+01 2.716615541441224835e+01 1.708800749063506075e+01 0.000000000000000000e+00 1.720465053408525335e+01
1.676305461424021104e+01 5.000000000000000000e+00 1.923538406167134340e+01 2.707397274136176790e+01 2.000000000000000000e+01 2.915475947422650194e+01 2.828427124746190291e+00 1.802775637731994607e+01 1.923538406167134340e+01 1.500000000000000000e+01 7.211102550927978250e+00 1.345362404707370985e+01 9.486832980505138124e+00 1.529705854077835525e+01 1.300000000000000000e+01 8.485281374238569541e+00 2.282542442102665348e+01 9.219544457292887074e+00 3.023243291566194912e+01 1.389244398944980396e+01 2.549509756796392423e+01 1.788854381999831844e+01 2.900000000000000000e+01 1.838477631085023489e+01 1.000000000000000000e+01 1.720465053408525335e+01 0.000000000000000000e+00
