0.000000000000000000e+00 1.004987562112088995e+01 3.138470965295043058e+01 2.088061301782110135e+01 1.711724276862369010e+01 1.664331697709323876e+01 8.062257748298549132e+00 3.140063693621516450e+01 9.000000000000000000e+00 1.552417469626002422e+01 1.612451549659709826e+01 3.001666203960726875e+01 8.246211251235321171e+00 1.303840481040529831e+01 7.280109889280518054e+00 1.272792206135785520e+01 2.102379604162863913e+01 2.280350850198275836e+01 1.118033988749894903e+01 2.701851217221259205e+01 8.544003745317530374e+00 1.303840481040529831e+01 2.459674775249768786e+01 2.282542442102665348e+01 2.024845673131658685e+01
1.004987562112088995e+01 0.000000000000000000e+00 2.668332812825266842e+01 1.941648783894759944e+01 2.000000000000000000e+01 2.302172886644267535e+01 8.485281374238569541e+00 2.563201123595259290e+01 1.414213562373095101e+01 5.830951894845300743e+00 6.708203932499369415e+00 3.036445290137795183e+01 1.500000000000000000e+01 1.236931687685298087e+01 1.726267650163206824e+01 1.004987562112088995e+01 1.204159457879229578e+01 1.746424919657297892e+01 4.000000000000000000e+00 1.941648783894759944e+01 1.140175425099137918e+01 1.500000000000000000e+01 2.102379604162863913e+01 1.902629759044044633e+01 1.389244398944980396e+01
3.138470965295043058e+01 2.668332812825266842e+01 0.000000000000000000e+00 1.220655561573370207e+01 2.059126028197400160e+01 2.817800560721074277e+01 2.332380757938120297e+01 3.605551275463989125e+00 3.939543120718441571e+01 2.302172886644267535e+01 2.900000000000000000e+01 1.529705854077835525e+01 3.935733730830885690e+01 3.905124837953326988e+01 3.701351104664349378e+01 3.667424164178449786e+01 1.824828759089465890e+01 9.219544457292887074e+00 2.280350850198275836e+01 1.118033988749894903e+01 3.733630940518894192e+01 2.051828452868319275e+01 7.071067811865475505e+00 8.602325267042626677e+00 3.801315561749642313e+01
2.088061301782110135e+01 1.941648783894759944e+01 1.220655561573370207e+01 0.000000000000000000e+00 8.544003745317530374e+00 1.615549442140351033e+01 1.315294643796590535e+01 1.392838827718411920e+01 2.961418578992169515e+01 1.835755975068581947e+01 2.416609194718914466e+01 1.118033988749894903e+01 2.912043955712207222e+01 3.101612483854164637e+01 2.555386467836127551e+01 2.915475947422650194e+01 1.702938636592640265e+01 8.246211251235321171e+00 1.552417469626002422e+01 1.529705854077835525e+01 2.816025568065744622e+01 8.602325267042626677e+00 5.385164807134503739e+00 5.000000000000000000e+00 3.289376840679705083e+01
1.711724276862369010e+01 2.000000000000000000e+01 2.059126028197400160e+01 8.544003745317530374e+00 0.000000000000000000e+00 7.615773105863908654e+00 1.166190378969060149e+01 2.247220505424423109e+01 2.607680962081059661e+01 2.140093455903269515e+01 2.617250465660480074e+01 1.334166406412633421e+01 2.500000000000000000e+01 2.941088233970548416e+01 1.964688270438849926e+01 2.823118842698620767e+01 2.247220505424423109e+01 1.603121954188139853e+01 1.697056274847713908e+01 2.300000000000000000e+01 2.549509756796392423e+01 5.000000000000000000e+00 1.392838827718411920e+01 1.334166406412633421e+01 3.383784863137726262e+01
1.664331697709323876e+01 2.302172886644267535e+01 2.817800560721074277e+01 1.615549442140351033e+01 7.615773105863908654e+00 0.000000000000000000e+00 1.476482306023340030e+01 3.008321791298264714e+01 2.469817807045693669e+01 2.600000000000000000e+01 2.968164415931165934e+01 1.886796226411320632e+01 2.308679276123039159e+01 2.968164415931165934e+01 1.612451549659709826e+01 2.920616373302046753e+01 2.844292530665578411e+01 2.334523505985750447e+01 2.102379604162863913e+01 3.014962686336266984e+01 2.505992817228333536e+01 1.004987562112088995e+01 2.154065922853801496e+01 2.088061301782110135e+01 3.606937759374286401e+01
8.062257748298549132e+00 8.485281374238569541e+00 2.332380757938120297e+01 1.315294643796590535e+01 1.166190378969060149e+01 1.476482306023340030e+01 0.000000000000000000e+00 2.343074902771996193e+01 1.649242250247064234e+01 1.140175425099137918e+01 1.500000000000000000e+01 2.319482700948640286e+01 1.615549442140351033e+01 1.824828759089465890e+01 1.421267040355189515e+01 1.676305461424021104e+01 1.513274595042155646e+01 1.486606874731850603e+01 6.324555320336759046e+00 1.972308292331602075e+01 1.503329637837290811e+01 6.708203932499369415e+00 1.655294535724684835e+01 1.476482306023340030e+01 2.220360331117451835e+01
3.140063693621516450e+01 2.563201123595259290e+01 3.605551275463989125e+00 1.392838827718411920e+01 2.247220505424423109e+01 3.008321791298264714e+01 2.343074902771996193e+01 0.000000000000000000e+00 3.894868418830089496e+01 2.137755832643194864e+01 2.716615541441224835e+01 1.868154169226940553e+01 3.911521443121588959e+01 3.794733192202055250e+01 3.748332962798262713e+01 3.544009029333869876e+01 1.600000000000000000e+01 8.602325267042626677e+00 2.193171219946130890e+01 8.246211251235321171e+00 3.667424164178449786e+01 2.163330765278393741e+01 8.544003745317530374e+00 9.433981132056603158e+00 3.605551275463989214e+01
9.000000000000000000e+00 1.414213562373095101e+01 3.939543120718441571e+01 2.961418578992169515e+01 2.607680962081059661e+01 2.469817807045693669e+01 1.649242250247064234e+01 3.894868418830089496e+01 0.000000000000000000e+00 1.984943324127920761e+01 1.746424919657297892e+01 3.901281840626231912e+01 2.236067977499789805e+00 7.280109889280518054e+00 9.899494936611665352e+00 9.000000000000000000e+00 2.617250465660480074e+01 3.041381265149109936e+01 1.720465053408525335e+01 3.342154993413680586e+01 3.162277660168379523e+00 2.202271554554523902e+01 3.289376840679705083e+01 3.101612483854164637e+01 1.711724276862369010e+01
1.552417469626002422e+01 5.830951894845300743e+00 2.302172886644267535e+01 1.835755975068581947e+01 2.140093455903269515e+01 2.600000000000000000e+01 1.140175425099137918e+01 2.137755832643194864e+01 1.984943324127920761e+01 0.000000000000000000e+00 6.082762530298219339e+00 2.952964612046680060e+01 2.080865204668481283e+01 1.700000000000000000e+01 2.280350850198275836e+01 1.431782106327635340e+01 6.403124237432848531e+00 1.403566884761819900e+01 5.099019513592784492e+00 1.431782106327635340e+01 1.697056274847713908e+01 1.664331697709323876e+01 1.843908891458577415e+01 1.649242250247064234e+01 1.513274595042155646e+01
1.612451549659709826e+01 6.708203932499369415e+00 2.900000000000000000e+01 2.416609194718914466e+01 2.617250465660480074e+01 2.968164415931165934e+01 1.500000000000000000e+01 2.716615541441224835e+01 1.746424919657297892e+01 6.082762530298219339e+00 0.000000000000000000e+00 3.534119409414458346e+01 1.897366596101027625e+01 1.272792206135785520e+01 2.300000000000000000e+01 9.899494936611665352e+00 1.140175425099137918e+01 2.009975124224177989e+01 9.219544457292887074e+00 1.964688270438849926e+01 1.431782106327635340e+01 2.121320343559642652e+01 2.451530134426252516e+01 2.256102834535695578e+01 9.055385138137417300e+00
3.001666203960726875e+01 3.036445290137795183e+01 1.529705854077835525e+01 1.118033988749894903e+01 1.334166406412633421e+01 1.886796226411320632e+01 2.319482700948640286e+01 1.868154169226940553e+01 3.901281840626231912e+01 2.952964612046680060e+01 3.534119409414458346e+01 0.000000000000000000e+00 3.811823710509183627e+01 4.143669871020131978e+01 3.298484500494128469e+01 3.981205847478876336e+01 2.765863337187866122e+01 1.769180601295413169e+01 2.657066051117284644e+01 2.385372088375312671e+01 3.805259518088089266e+01 1.700000000000000000e+01 1.280624847486569706e+01 1.414213562373095101e+01 4.401136216933077350e+01
8.246211251235321171e+00 1.500000000000000000e+01 3.935733730830885690e+01 2.912043955712207222e+01 2.500000000000000000e+01 2.308679276123039159e+01 1.615549442140351033e+01 3.911521443121588959e+01 2.236067977499789805e+00 2.080865204668481283e+01 1.897366596101027625e+01 3.811823710509183627e+01 0.000000000000000000e+00 9.486832980505138124e+00 7.810249675906653977e+00 1.104536101718726115e+01 2.701851217221259205e+01 3.052867504494749440e+01 1.769180601295413169e+01 3.397057550292606010e+01 5.000000000000000000e+00 2.121320343559642652e+01 3.269556544854363267e+01 3.087069808086626210e+01 1.923538406167134340e+01
1.303840481040529831e+01 1.236931687685298087e+01 3.905124837953326988e+01 3.101612483854164637e+01 2.941088233970548416e+01 2.968164415931165934e+01 1.824828759089465890e+01 3.794733192202055250e+01 7.280109889280518054e+00 1.700000000000000000e+01 1.272792206135785520e+01 4.143669871020131978e+01 9.486832980505138124e+00 0.000000000000000000e+00 1.664331697709323876e+01 2.828427124746190291e+00 2.332380757938120297e+01 2.983286778035259701e+01 1.627882059609970611e+01 3.130495168499705727e+01 5.000000000000000000e+00 2.473863375370596174e+01 3.324154027718932269e+01 3.125699921617556853e+01 1.000000000000000000e+01
7.280109889280518054e+00 1.726267650163206824e+01 3.701351104664349378e+01 2.555386467836127551e+01 1.964688270438849926e+01 1.612451549659709826e+01 1.421267040355189515e+01 3.748332962798262713e+01 9.899494936611665352e+00 2.280350850198275836e+01 2.300000000000000000e+01 3.298484500494128469e+01 7.810249675906653977e+00 1.664331697709323876e+01 0.000000000000000000e+00 1.746424919657297892e+01 2.823118842698620767e+01 2.900000000000000000e+01 1.838477631085023489e+01 3.383784863137726262e+01 1.166190378969060149e+01 1.700000000000000000e+01 3.000000000000000000e+01 2.842534080710379030e+01 2.563201123595259290e+01
1.272792206135785520e+01 1.004987562112088995e+01 3.667424164178449786e+01 2.915475947422650194e+01 2.823118842698620767e+01 2.920616373302046753e+01 1.676305461424021104e+01 3.544009029333869876e+01 9.000000000000000000e+00 1.431782106327635340e+01 9.899494936611665352e+00 3.981205847478876336e+01 1.104536101718726115e+01 2.828427124746190291e+00 1.746424919657297892e+01 0.000000000000000000e+00 2.059126028197400160e+01 2.745906043549196340e+01 1.403566884761819900e+01 2.863564212655270680e+01 6.082762530298219339e+00 2.340939982143925135e+01 3.106444913401813324e+01 2.906888370749726747e+01 8.246211251235321171e+00
2.102379604162863913e+01 1.204159457879229578e+01 1.824828759089465890e+01 1.702938636592640265e+01 2.247220505424423109e+01 2.844292530665578411e+01 1.513274595042155646e+01 1.600000000000000000e+01 2.617250465660480074e+01 6.403124237432848531e+00 1.140175425099137918e+01 2.765863337187866122e+01 2.701851217221259205e+01 2.332380757938120297e+01 2.823118842698620767e+01 2.059126028197400160e+01 0.000000000000000000e+00 1.029563014098700080e+01 9.848857801796103928e+00 8.246211251235321171e+00 2.334523505985750447e+01 1.843908891458577415e+01 1.526433752247374720e+01 1.360147050873544394e+01 2.009975124224177989e+01
2.280350850198275836e+01 1.746424919657297892e+01 9.219544457292887074e+00 8.246211251235321171e+00 1.603121954188139853e+01 2.334523505985750447e+01 1.486606874731850603e+01 8.602325267042626677e+00 3.041381265149109936e+01 1.403566884761819900e+01 2.009975124224177989e+01 1.769180601295413169e+01 3.052867504494749440e+01 2.983286778035259701e+01 2.900000000000000000e+01 2.745906043549196340e+01 1.029563014098700080e+01 0.000000000000000000e+00 1.360147050873544394e+01 7.071067811865475505e+00 2.823118842698620767e+01 1.392838827718411920e+01 5.000000000000000000e+00 3.605551275463989125e+00 2.915475947422650194e+01
1.118033988749894903e+01 4.000000000000000000e+00 2.280350850198275836e+01 1.552417469626002422e+01 1.697056274847713908e+01 2.102379604162863913e+01 6.324555320336759046e+00 2.193171219946130890e+01 1.720465053408525335e+01 5.099019513592784492e+00 9.219544457292887074e+00 2.657066051117284644e+01 1.769180601295413169e+01 1.627882059609970611e+01 1.838477631085023489e+01 1.403566884761819900e+01 9.848857801796103928e+00 1.360147050873544394e+01 0.000000000000000000e+00 1.627882059609970611e+01 1.476482306023340030e+01 1.204159457879229578e+01 1.702938636592640265e+01 1.503329637837290811e+01 1.746424919657297892e+01
2.701851217221259205e+01 1.941648783894759944e+01 1.118033988749894903e+01 1.529705854077835525e+01 2.300000000000000000e+01 3.014962686336266984e+01 1.972308292331602075e+01 8.246211251235321171e+00 3.342154993413680586e+01 1.431782106327635340e+01 1.964688270438849926e+01 2.385372088375312671e+01 3.397057550292606010e+01 3.130495168499705727e+01 3.383784863137726262e+01 2.863564212655270680e+01 8.246211251235321171e+00 7.071067811865475505e+00 1.627882059609970611e+01 0.000000000000000000e+00 3.080584360149872580e+01 2.039607805437113797e+01 1.118033988749894903e+01 1.044030650891055068e+01 2.828427124746190202e+01
8.544003745317530374e+00 1.140175425099137918e+01 3.733630940518894192e+01 2.816025568065744622e+01 2.549509756796392423e+01 2.505992817228333536e+01 1.503329637837290811e+01 3.667424164178449786e+01 3.162277660168379523e+00 1.697056274847713908e+01 1.431782106327635340e+01 3.805259518088089266e+01 5.000000000000000000e+00 5.000000000000000000e+00 1.166190378969060149e+01 6.082762530298219339e+00 2.334523505985750447e+01 2.823118842698620767e+01 1.476482306023340030e+01 3.080584360149872580e+01 0.000000000000000000e+00 2.109502310972898798e+01 3.104834939252004844e+01 2.912043955712207222e+01 1.431782106327635340e+01
1.303840481040529831e+01 1.500000000000000000e+01 2.051828452868319275e+01 8.602325267042626677e+00 5.000000000000000000e+00 1.004987562112088995e+01 6.708203932499369415e+00 2.163330765278393741e+01 2.202271554554523902e+01 1.664331697709323876e+01 2.121320343559642652e+01 1.700000000000000000e+01 2.121320343559642652e+01 2.473863375370596174e+01 1.700000000000000000e+01 2.340939982143925135e+01 1.843908891458577415e+01 1.392838827718411920e+01 1.204159457879229578e+01 2.039607805437113797e+01 2.109502310972898798e+01 0.000000000000000000e+00 1.345362404707370985e+01 1.220655561573370207e+01 2.884441020371191300e+01
2.459674775249768786e+01 2.102379604162863913e+01 7.071067811865475505e+00 5.385164807134503739e+00 1.392838827718411920e+01 2.154065922853801496e+01 1.655294535724684835e+01 8.544003745317530374e+00 3.289376840679705083e+01 1.843908891458577415e+01 2.451530134426252516e+01 1.280624847486569706e+01 3.269556544854363267e+01 3.324154027718932269e+01 3.000000000000000000e+01 3.106444913401813324e+01 1.526433752247374720e+01 5.000000000000000000e+00 1.702938636592640265e+01 1.118033988749894903e+01 3.104834939252004844e+01 1.345362404707370985e+01 0.000000000000000000e+00 2.000000000000000000e+00 3.354101966249684352e+01
2.282542442102665348e+01 1.902629759044044633e+01 8.602325267042626677e+00 5.000000000000000000e+00 1.334166406412633421e+01 2.088061301782110135e+01 1.476482306023340030e+01 9.433981132056603158e+00 3.101612483854164637e+01 1.649242250247064234e+01 2.256102834535695578e+01 1.414213562373095101e+01 3.087069808086626210e+01 3.125699921617556853e+01 2.842534080710379030e+01 2.906888370749726747e+01 1.360147050873544394e+01 3.605551275463989125e+00 1.503329637837290811e+01 1.044030650891055068e+01 2.912043955712207222e+01 1.220655561573370207e+01 2.000000000000000000e+00 0.000000000000000000e+00 3.157530680769388809e+01
2.024845673131658685e+01 1.389244398944980396e+01 3.801315561749642313e+01 3.289376840679705083e+01 3.383784863137726262e+01 3.606937759374286401e+01 2.220360331117451835e+01 3.605551275463989214e+01 1.711724276862369010e+01 1.513274595042155646e+01 9.055385138137417300e+00 4.401136216933077350e+01 1.923538406167134340e+01 1.000000000000000000e+01 2.563201123595259290e+01 8.246211251235321171e+00 2.009975124224177989e+01 2.915475947422650194e+01 1.746424919657297892e+01 2.828427124746190202e+01 1.431782106327635340e+01 2.884441020371191300e+01 3.354101966249684352e+01 3.157530680769388809e+01 0.000000000000000000e+00
